Dynamical matrix file
                                                                           
  1    1  3  7.2900000  0.0000000  0.0000000  0.0000000  0.0000000  0.0000000
           1  'Na  '    20954.103126620943     
    1    1      0.0000000000      0.0000000000      0.0000000000

     Dynamical  Matrix in cartesian axes

     q = (   -0.166666667   0.666666667  -0.500000000 ) 

    1    1
  0.02347669  0.00000000   -0.00072929  0.00000000   -0.00714025  0.00000000
 -0.00072929  0.00000000    0.02954413  0.00000000   -0.02144545  0.00000000
 -0.00714025  0.00000000   -0.02144545  0.00000000    0.03177982  0.00000000

     Dynamical  Matrix in cartesian axes

     q = (    0.666666667  -0.166666667  -0.500000000 ) 

    1    1
  0.02954413  0.00000000   -0.00072929  0.00000000   -0.02144545  0.00000000
 -0.00072929  0.00000000    0.02347669  0.00000000   -0.00714025  0.00000000
 -0.02144545  0.00000000   -0.00714025  0.00000000    0.03177982  0.00000000

     Dynamical  Matrix in cartesian axes

     q = (   -0.166666667   0.500000000  -0.666666667 ) 

    1    1
  0.02347669  0.00000000    0.00714025  0.00000000    0.00072929  0.00000000
  0.00714025  0.00000000    0.03177982  0.00000000   -0.02144545  0.00000000
  0.00072929  0.00000000   -0.02144545  0.00000000    0.02954413  0.00000000

     Dynamical  Matrix in cartesian axes

     q = (    0.166666667   0.500000000  -0.666666667 ) 

    1    1
  0.02347669  0.00000000   -0.00714025  0.00000000   -0.00072929  0.00000000
 -0.00714025  0.00000000    0.03177982  0.00000000   -0.02144545  0.00000000
 -0.00072929  0.00000000   -0.02144545  0.00000000    0.02954413  0.00000000

     Dynamical  Matrix in cartesian axes

     q = (   -0.166666667  -0.500000000   0.666666667 ) 

    1    1
  0.02347669  0.00000000   -0.00714025  0.00000000   -0.00072929  0.00000000
 -0.00714025  0.00000000    0.03177982  0.00000000   -0.02144545  0.00000000
 -0.00072929  0.00000000   -0.02144545  0.00000000    0.02954413  0.00000000

     Dynamical  Matrix in cartesian axes

     q = (    0.166666667  -0.500000000   0.666666667 ) 

    1    1
  0.02347669  0.00000000    0.00714025  0.00000000    0.00072929  0.00000000
  0.00714025  0.00000000    0.03177982  0.00000000   -0.02144545  0.00000000
  0.00072929  0.00000000   -0.02144545  0.00000000    0.02954413  0.00000000

     Dynamical  Matrix in cartesian axes

     q = (    0.166666667  -0.666666667   0.500000000 ) 

    1    1
  0.02347669  0.00000000   -0.00072929  0.00000000   -0.00714025  0.00000000
 -0.00072929  0.00000000    0.02954413  0.00000000   -0.02144545  0.00000000
 -0.00714025  0.00000000   -0.02144545  0.00000000    0.03177982  0.00000000

     Dynamical  Matrix in cartesian axes

     q = (   -0.166666667  -0.666666667   0.500000000 ) 

    1    1
  0.02347669  0.00000000    0.00072929  0.00000000    0.00714025  0.00000000
  0.00072929  0.00000000    0.02954413  0.00000000   -0.02144545  0.00000000
  0.00714025  0.00000000   -0.02144545  0.00000000    0.03177982  0.00000000

     Dynamical  Matrix in cartesian axes

     q = (   -0.500000000  -0.666666667  -0.166666667 ) 

    1    1
  0.03177982  0.00000000    0.02144545  0.00000000   -0.00714025  0.00000000
  0.02144545  0.00000000    0.02954413  0.00000000    0.00072929  0.00000000
 -0.00714025  0.00000000    0.00072929  0.00000000    0.02347669  0.00000000

     Dynamical  Matrix in cartesian axes

     q = (    0.500000000  -0.666666667   0.166666667 ) 

    1    1
  0.03177982  0.00000000   -0.02144545  0.00000000   -0.00714025  0.00000000
 -0.02144545  0.00000000    0.02954413  0.00000000   -0.00072929  0.00000000
 -0.00714025  0.00000000   -0.00072929  0.00000000    0.02347669  0.00000000

     Dynamical  Matrix in cartesian axes

     q = (   -0.500000000   0.666666667   0.166666667 ) 

    1    1
  0.03177982  0.00000000   -0.02144545  0.00000000    0.00714025  0.00000000
 -0.02144545  0.00000000    0.02954413  0.00000000    0.00072929  0.00000000
  0.00714025  0.00000000    0.00072929  0.00000000    0.02347669  0.00000000

     Dynamical  Matrix in cartesian axes

     q = (    0.500000000   0.666666667  -0.166666667 ) 

    1    1
  0.03177982  0.00000000    0.02144545  0.00000000    0.00714025  0.00000000
  0.02144545  0.00000000    0.02954413  0.00000000   -0.00072929  0.00000000
  0.00714025  0.00000000   -0.00072929  0.00000000    0.02347669  0.00000000

     Dynamical  Matrix in cartesian axes

     q = (    0.666666667  -0.166666667   0.500000000 ) 

    1    1
  0.02954413  0.00000000   -0.00072929  0.00000000    0.02144545  0.00000000
 -0.00072929  0.00000000    0.02347669  0.00000000    0.00714025  0.00000000
  0.02144545  0.00000000    0.00714025  0.00000000    0.03177982  0.00000000

     Dynamical  Matrix in cartesian axes

     q = (    0.666666667  -0.500000000  -0.166666667 ) 

    1    1
  0.02954413  0.00000000   -0.02144545  0.00000000   -0.00072929  0.00000000
 -0.02144545  0.00000000    0.03177982  0.00000000   -0.00714025  0.00000000
 -0.00072929  0.00000000   -0.00714025  0.00000000    0.02347669  0.00000000

     Dynamical  Matrix in cartesian axes

     q = (   -0.166666667  -0.500000000  -0.666666667 ) 

    1    1
  0.02347669  0.00000000   -0.00714025  0.00000000    0.00072929  0.00000000
 -0.00714025  0.00000000    0.03177982  0.00000000    0.02144545  0.00000000
  0.00072929  0.00000000    0.02144545  0.00000000    0.02954413  0.00000000

     Dynamical  Matrix in cartesian axes

     q = (   -0.166666667   0.500000000   0.666666667 ) 

    1    1
  0.02347669  0.00000000    0.00714025  0.00000000   -0.00072929  0.00000000
  0.00714025  0.00000000    0.03177982  0.00000000    0.02144545  0.00000000
 -0.00072929  0.00000000    0.02144545  0.00000000    0.02954413  0.00000000

     Dynamical  Matrix in cartesian axes

     q = (    0.666666667   0.166666667  -0.500000000 ) 

    1    1
  0.02954413  0.00000000    0.00072929  0.00000000   -0.02144545  0.00000000
  0.00072929  0.00000000    0.02347669  0.00000000    0.00714025  0.00000000
 -0.02144545  0.00000000    0.00714025  0.00000000    0.03177982  0.00000000

     Dynamical  Matrix in cartesian axes

     q = (    0.166666667   0.666666667  -0.500000000 ) 

    1    1
  0.02347669  0.00000000    0.00072929  0.00000000    0.00714025  0.00000000
  0.00072929  0.00000000    0.02954413  0.00000000   -0.02144545  0.00000000
  0.00714025  0.00000000   -0.02144545  0.00000000    0.03177982  0.00000000

     Dynamical  Matrix in cartesian axes

     q = (    0.666666667   0.500000000   0.166666667 ) 

    1    1
  0.02954413  0.00000000    0.02144545  0.00000000    0.00072929  0.00000000
  0.02144545  0.00000000    0.03177982  0.00000000   -0.00714025  0.00000000
  0.00072929  0.00000000   -0.00714025  0.00000000    0.02347669  0.00000000

     Dynamical  Matrix in cartesian axes

     q = (   -0.666666667   0.500000000  -0.166666667 ) 

    1    1
  0.02954413  0.00000000   -0.02144545  0.00000000    0.00072929  0.00000000
 -0.02144545  0.00000000    0.03177982  0.00000000    0.00714025  0.00000000
  0.00072929  0.00000000    0.00714025  0.00000000    0.02347669  0.00000000

     Dynamical  Matrix in cartesian axes

     q = (    0.500000000   0.166666667   0.666666667 ) 

    1    1
  0.03177982  0.00000000   -0.00714025  0.00000000    0.02144545  0.00000000
 -0.00714025  0.00000000    0.02347669  0.00000000    0.00072929  0.00000000
  0.02144545  0.00000000    0.00072929  0.00000000    0.02954413  0.00000000

     Dynamical  Matrix in cartesian axes

     q = (   -0.500000000   0.166666667  -0.666666667 ) 

    1    1
  0.03177982  0.00000000    0.00714025  0.00000000    0.02144545  0.00000000
  0.00714025  0.00000000    0.02347669  0.00000000   -0.00072929  0.00000000
  0.02144545  0.00000000   -0.00072929  0.00000000    0.02954413  0.00000000

     Dynamical  Matrix in cartesian axes

     q = (    0.500000000   0.666666667   0.166666667 ) 

    1    1
  0.03177982  0.00000000    0.02144545  0.00000000   -0.00714025  0.00000000
  0.02144545  0.00000000    0.02954413  0.00000000    0.00072929  0.00000000
 -0.00714025  0.00000000    0.00072929  0.00000000    0.02347669  0.00000000

     Dynamical  Matrix in cartesian axes

     q = (    0.500000000  -0.166666667  -0.666666667 ) 

    1    1
  0.03177982  0.00000000    0.00714025  0.00000000   -0.02144545  0.00000000
  0.00714025  0.00000000    0.02347669  0.00000000    0.00072929  0.00000000
 -0.02144545  0.00000000    0.00072929  0.00000000    0.02954413  0.00000000

     Dynamical  Matrix in cartesian axes

     q = (   -0.666666667   0.166666667   0.500000000 ) 

    1    1
  0.02954413  0.00000000   -0.00072929  0.00000000   -0.02144545  0.00000000
 -0.00072929  0.00000000    0.02347669  0.00000000   -0.00714025  0.00000000
 -0.02144545  0.00000000   -0.00714025  0.00000000    0.03177982  0.00000000

     Dynamical  Matrix in cartesian axes

     q = (   -0.166666667   0.666666667   0.500000000 ) 

    1    1
  0.02347669  0.00000000   -0.00072929  0.00000000    0.00714025  0.00000000
 -0.00072929  0.00000000    0.02954413  0.00000000    0.02144545  0.00000000
  0.00714025  0.00000000    0.02144545  0.00000000    0.03177982  0.00000000

     Dynamical  Matrix in cartesian axes

     q = (   -0.500000000  -0.166666667   0.666666667 ) 

    1    1
  0.03177982  0.00000000   -0.00714025  0.00000000   -0.02144545  0.00000000
 -0.00714025  0.00000000    0.02347669  0.00000000   -0.00072929  0.00000000
 -0.02144545  0.00000000   -0.00072929  0.00000000    0.02954413  0.00000000

     Dynamical  Matrix in cartesian axes

     q = (    0.166666667   0.666666667   0.500000000 ) 

    1    1
  0.02347669  0.00000000    0.00072929  0.00000000   -0.00714025  0.00000000
  0.00072929  0.00000000    0.02954413  0.00000000    0.02144545  0.00000000
 -0.00714025  0.00000000    0.02144545  0.00000000    0.03177982  0.00000000

     Dynamical  Matrix in cartesian axes

     q = (   -0.500000000   0.666666667  -0.166666667 ) 

    1    1
  0.03177982  0.00000000   -0.02144545  0.00000000   -0.00714025  0.00000000
 -0.02144545  0.00000000    0.02954413  0.00000000   -0.00072929  0.00000000
 -0.00714025  0.00000000   -0.00072929  0.00000000    0.02347669  0.00000000

     Dynamical  Matrix in cartesian axes

     q = (   -0.666666667  -0.166666667  -0.500000000 ) 

    1    1
  0.02954413  0.00000000    0.00072929  0.00000000    0.02144545  0.00000000
  0.00072929  0.00000000    0.02347669  0.00000000   -0.00714025  0.00000000
  0.02144545  0.00000000   -0.00714025  0.00000000    0.03177982  0.00000000

     Dynamical  Matrix in cartesian axes

     q = (   -0.666666667  -0.166666667   0.500000000 ) 

    1    1
  0.02954413  0.00000000    0.00072929  0.00000000   -0.02144545  0.00000000
  0.00072929  0.00000000    0.02347669  0.00000000    0.00714025  0.00000000
 -0.02144545  0.00000000    0.00714025  0.00000000    0.03177982  0.00000000

     Dynamical  Matrix in cartesian axes

     q = (    0.666666667   0.166666667   0.500000000 ) 

    1    1
  0.02954413  0.00000000    0.00072929  0.00000000    0.02144545  0.00000000
  0.00072929  0.00000000    0.02347669  0.00000000   -0.00714025  0.00000000
  0.02144545  0.00000000   -0.00714025  0.00000000    0.03177982  0.00000000

     Dynamical  Matrix in cartesian axes

     q = (    0.166666667  -0.666666667  -0.500000000 ) 

    1    1
  0.02347669  0.00000000   -0.00072929  0.00000000    0.00714025  0.00000000
 -0.00072929  0.00000000    0.02954413  0.00000000    0.02144545  0.00000000
  0.00714025  0.00000000    0.02144545  0.00000000    0.03177982  0.00000000

     Dynamical  Matrix in cartesian axes

     q = (   -0.666666667   0.166666667  -0.500000000 ) 

    1    1
  0.02954413  0.00000000   -0.00072929  0.00000000    0.02144545  0.00000000
 -0.00072929  0.00000000    0.02347669  0.00000000    0.00714025  0.00000000
  0.02144545  0.00000000    0.00714025  0.00000000    0.03177982  0.00000000

     Dynamical  Matrix in cartesian axes

     q = (    0.500000000  -0.666666667  -0.166666667 ) 

    1    1
  0.03177982  0.00000000   -0.02144545  0.00000000    0.00714025  0.00000000
 -0.02144545  0.00000000    0.02954413  0.00000000    0.00072929  0.00000000
  0.00714025  0.00000000    0.00072929  0.00000000    0.02347669  0.00000000

     Dynamical  Matrix in cartesian axes

     q = (   -0.500000000  -0.666666667   0.166666667 ) 

    1    1
  0.03177982  0.00000000    0.02144545  0.00000000    0.00714025  0.00000000
  0.02144545  0.00000000    0.02954413  0.00000000   -0.00072929  0.00000000
  0.00714025  0.00000000   -0.00072929  0.00000000    0.02347669  0.00000000

     Dynamical  Matrix in cartesian axes

     q = (   -0.166666667  -0.666666667  -0.500000000 ) 

    1    1
  0.02347669  0.00000000    0.00072929  0.00000000   -0.00714025  0.00000000
  0.00072929  0.00000000    0.02954413  0.00000000    0.02144545  0.00000000
 -0.00714025  0.00000000    0.02144545  0.00000000    0.03177982  0.00000000

     Dynamical  Matrix in cartesian axes

     q = (   -0.666666667  -0.500000000   0.166666667 ) 

    1    1
  0.02954413  0.00000000    0.02144545  0.00000000   -0.00072929  0.00000000
  0.02144545  0.00000000    0.03177982  0.00000000    0.00714025  0.00000000
 -0.00072929  0.00000000    0.00714025  0.00000000    0.02347669  0.00000000

     Dynamical  Matrix in cartesian axes

     q = (    0.166666667   0.500000000   0.666666667 ) 

    1    1
  0.02347669  0.00000000   -0.00714025  0.00000000    0.00072929  0.00000000
 -0.00714025  0.00000000    0.03177982  0.00000000    0.02144545  0.00000000
  0.00072929  0.00000000    0.02144545  0.00000000    0.02954413  0.00000000

     Dynamical  Matrix in cartesian axes

     q = (    0.166666667  -0.500000000  -0.666666667 ) 

    1    1
  0.02347669  0.00000000    0.00714025  0.00000000   -0.00072929  0.00000000
  0.00714025  0.00000000    0.03177982  0.00000000    0.02144545  0.00000000
 -0.00072929  0.00000000    0.02144545  0.00000000    0.02954413  0.00000000

     Dynamical  Matrix in cartesian axes

     q = (   -0.666666667   0.500000000   0.166666667 ) 

    1    1
  0.02954413  0.00000000   -0.02144545  0.00000000   -0.00072929  0.00000000
 -0.02144545  0.00000000    0.03177982  0.00000000   -0.00714025  0.00000000
 -0.00072929  0.00000000   -0.00714025  0.00000000    0.02347669  0.00000000

     Dynamical  Matrix in cartesian axes

     q = (    0.666666667   0.500000000  -0.166666667 ) 

    1    1
  0.02954413  0.00000000    0.02144545  0.00000000   -0.00072929  0.00000000
  0.02144545  0.00000000    0.03177982  0.00000000    0.00714025  0.00000000
 -0.00072929  0.00000000    0.00714025  0.00000000    0.02347669  0.00000000

     Dynamical  Matrix in cartesian axes

     q = (   -0.666666667  -0.500000000  -0.166666667 ) 

    1    1
  0.02954413  0.00000000    0.02144545  0.00000000    0.00072929  0.00000000
  0.02144545  0.00000000    0.03177982  0.00000000   -0.00714025  0.00000000
  0.00072929  0.00000000   -0.00714025  0.00000000    0.02347669  0.00000000

     Dynamical  Matrix in cartesian axes

     q = (    0.666666667  -0.500000000   0.166666667 ) 

    1    1
  0.02954413  0.00000000   -0.02144545  0.00000000    0.00072929  0.00000000
 -0.02144545  0.00000000    0.03177982  0.00000000    0.00714025  0.00000000
  0.00072929  0.00000000    0.00714025  0.00000000    0.02347669  0.00000000

     Dynamical  Matrix in cartesian axes

     q = (    0.500000000   0.166666667  -0.666666667 ) 

    1    1
  0.03177982  0.00000000   -0.00714025  0.00000000   -0.02144545  0.00000000
 -0.00714025  0.00000000    0.02347669  0.00000000   -0.00072929  0.00000000
 -0.02144545  0.00000000   -0.00072929  0.00000000    0.02954413  0.00000000

     Dynamical  Matrix in cartesian axes

     q = (    0.500000000  -0.166666667   0.666666667 ) 

    1    1
  0.03177982  0.00000000    0.00714025  0.00000000    0.02144545  0.00000000
  0.00714025  0.00000000    0.02347669  0.00000000   -0.00072929  0.00000000
  0.02144545  0.00000000   -0.00072929  0.00000000    0.02954413  0.00000000

     Dynamical  Matrix in cartesian axes

     q = (   -0.500000000  -0.166666667  -0.666666667 ) 

    1    1
  0.03177982  0.00000000   -0.00714025  0.00000000    0.02144545  0.00000000
 -0.00714025  0.00000000    0.02347669  0.00000000    0.00072929  0.00000000
  0.02144545  0.00000000    0.00072929  0.00000000    0.02954413  0.00000000

     Dynamical  Matrix in cartesian axes

     q = (   -0.500000000   0.166666667   0.666666667 ) 

    1    1
  0.03177982  0.00000000    0.00714025  0.00000000   -0.02144545  0.00000000
  0.00714025  0.00000000    0.02347669  0.00000000    0.00072929  0.00000000
 -0.02144545  0.00000000    0.00072929  0.00000000    0.02954413  0.00000000

     Diagonalizing the dynamical matrix

     q = (   -0.166666667   0.666666667  -0.500000000 ) 

 **************************************************************************
     freq (    1) =       1.941537 [THz] =      64.762706 [cm-1]
 (  0.327632 -0.000000  0.661272 -0.000000  0.674816  0.000000 ) 
     freq (    2) =       3.564946 [THz] =     118.913793 [cm-1]
 (  0.931062  0.000000 -0.347354  0.000000 -0.111661  0.000000 ) 
     freq (    3) =       5.227064 [THz] =     174.356094 [cm-1]
 ( -0.160562  0.000000 -0.664879  0.000000  0.729490  0.000000 ) 
 **************************************************************************
