Dynamical matrix file
                                                                           
  1    1  3  6.9545607  0.0000000  0.0000000  0.0000000  0.0000000  0.0000000
           1  'Na  '    20954.103126620943     
    1    1      0.0000000000      0.0000000000      0.0000000000

     Dynamical  Matrix in cartesian axes

     q = (   -0.125000000   0.750000000  -0.375000000 ) 

    1    1
  0.04027382  0.00000000   -0.00352291  0.00000000   -0.01316587  0.00000000
 -0.00352291  0.00000000    0.04675058  0.00000000   -0.02533455  0.00000000
 -0.01316587  0.00000000   -0.02533455  0.00000000    0.05359733  0.00000000

     Dynamical  Matrix in cartesian axes

     q = (    0.750000000  -0.125000000  -0.375000000 ) 

    1    1
  0.04675058  0.00000000   -0.00352291  0.00000000   -0.02533455  0.00000000
 -0.00352291  0.00000000    0.04027382  0.00000000   -0.01316587  0.00000000
 -0.02533455  0.00000000   -0.01316587  0.00000000    0.05359733  0.00000000

     Dynamical  Matrix in cartesian axes

     q = (   -0.125000000  -0.375000000   0.750000000 ) 

    1    1
  0.04027382  0.00000000   -0.01316587  0.00000000   -0.00352291  0.00000000
 -0.01316587  0.00000000    0.05359733  0.00000000   -0.02533455  0.00000000
 -0.00352291  0.00000000   -0.02533455  0.00000000    0.04675058  0.00000000

     Dynamical  Matrix in cartesian axes

     q = (    0.125000000  -0.375000000   0.750000000 ) 

    1    1
  0.04027382  0.00000000    0.01316587  0.00000000    0.00352291  0.00000000
  0.01316587  0.00000000    0.05359733  0.00000000   -0.02533455  0.00000000
  0.00352291  0.00000000   -0.02533455  0.00000000    0.04675058  0.00000000

     Dynamical  Matrix in cartesian axes

     q = (    0.750000000   0.125000000  -0.375000000 ) 

    1    1
  0.04675058  0.00000000    0.00352291  0.00000000   -0.02533455  0.00000000
  0.00352291  0.00000000    0.04027382  0.00000000    0.01316587  0.00000000
 -0.02533455  0.00000000    0.01316587  0.00000000    0.05359733  0.00000000

     Dynamical  Matrix in cartesian axes

     q = (   -0.125000000  -0.750000000  -0.375000000 ) 

    1    1
  0.04027382  0.00000000    0.00352291  0.00000000   -0.01316587  0.00000000
  0.00352291  0.00000000    0.04675058  0.00000000    0.02533455  0.00000000
 -0.01316587  0.00000000    0.02533455  0.00000000    0.05359733  0.00000000

     Dynamical  Matrix in cartesian axes

     q = (    0.125000000   0.750000000  -0.375000000 ) 

    1    1
  0.04027382  0.00000000    0.00352291  0.00000000    0.01316587  0.00000000
  0.00352291  0.00000000    0.04675058  0.00000000   -0.02533455  0.00000000
  0.01316587  0.00000000   -0.02533455  0.00000000    0.05359733  0.00000000

     Dynamical  Matrix in cartesian axes

     q = (    0.125000000  -0.750000000  -0.375000000 ) 

    1    1
  0.04027382  0.00000000   -0.00352291  0.00000000    0.01316587  0.00000000
 -0.00352291  0.00000000    0.04675058  0.00000000    0.02533455  0.00000000
  0.01316587  0.00000000    0.02533455  0.00000000    0.05359733  0.00000000

     Dynamical  Matrix in cartesian axes

     q = (   -0.750000000   0.375000000  -0.125000000 ) 

    1    1
  0.04675058  0.00000000   -0.02533455  0.00000000    0.00352291  0.00000000
 -0.02533455  0.00000000    0.05359733  0.00000000    0.01316587  0.00000000
  0.00352291  0.00000000    0.01316587  0.00000000    0.04027382  0.00000000

     Dynamical  Matrix in cartesian axes

     q = (    0.375000000   0.125000000   0.750000000 ) 

    1    1
  0.05359733  0.00000000   -0.01316587  0.00000000    0.02533455  0.00000000
 -0.01316587  0.00000000    0.04027382  0.00000000    0.00352291  0.00000000
  0.02533455  0.00000000    0.00352291  0.00000000    0.04675058  0.00000000

     Dynamical  Matrix in cartesian axes

     q = (   -0.375000000   0.125000000  -0.750000000 ) 

    1    1
  0.05359733  0.00000000    0.01316587  0.00000000    0.02533455  0.00000000
  0.01316587  0.00000000    0.04027382  0.00000000   -0.00352291  0.00000000
  0.02533455  0.00000000   -0.00352291  0.00000000    0.04675058  0.00000000

     Dynamical  Matrix in cartesian axes

     q = (   -0.125000000   0.375000000  -0.750000000 ) 

    1    1
  0.04027382  0.00000000    0.01316587  0.00000000    0.00352291  0.00000000
  0.01316587  0.00000000    0.05359733  0.00000000   -0.02533455  0.00000000
  0.00352291  0.00000000   -0.02533455  0.00000000    0.04675058  0.00000000

     Dynamical  Matrix in cartesian axes

     q = (    0.375000000  -0.125000000  -0.750000000 ) 

    1    1
  0.05359733  0.00000000    0.01316587  0.00000000   -0.02533455  0.00000000
  0.01316587  0.00000000    0.04027382  0.00000000    0.00352291  0.00000000
 -0.02533455  0.00000000    0.00352291  0.00000000    0.04675058  0.00000000

     Dynamical  Matrix in cartesian axes

     q = (   -0.375000000  -0.125000000   0.750000000 ) 

    1    1
  0.05359733  0.00000000   -0.01316587  0.00000000   -0.02533455  0.00000000
 -0.01316587  0.00000000    0.04027382  0.00000000   -0.00352291  0.00000000
 -0.02533455  0.00000000   -0.00352291  0.00000000    0.04675058  0.00000000

     Dynamical  Matrix in cartesian axes

     q = (    0.125000000   0.750000000   0.375000000 ) 

    1    1
  0.04027382  0.00000000    0.00352291  0.00000000   -0.01316587  0.00000000
  0.00352291  0.00000000    0.04675058  0.00000000    0.02533455  0.00000000
 -0.01316587  0.00000000    0.02533455  0.00000000    0.05359733  0.00000000

     Dynamical  Matrix in cartesian axes

     q = (   -0.750000000  -0.125000000   0.375000000 ) 

    1    1
  0.04675058  0.00000000    0.00352291  0.00000000   -0.02533455  0.00000000
  0.00352291  0.00000000    0.04027382  0.00000000    0.01316587  0.00000000
 -0.02533455  0.00000000    0.01316587  0.00000000    0.05359733  0.00000000

     Dynamical  Matrix in cartesian axes

     q = (    0.750000000   0.125000000   0.375000000 ) 

    1    1
  0.04675058  0.00000000    0.00352291  0.00000000    0.02533455  0.00000000
  0.00352291  0.00000000    0.04027382  0.00000000   -0.01316587  0.00000000
  0.02533455  0.00000000   -0.01316587  0.00000000    0.05359733  0.00000000

     Dynamical  Matrix in cartesian axes

     q = (    0.375000000   0.750000000   0.125000000 ) 

    1    1
  0.05359733  0.00000000    0.02533455  0.00000000   -0.01316587  0.00000000
  0.02533455  0.00000000    0.04675058  0.00000000    0.00352291  0.00000000
 -0.01316587  0.00000000    0.00352291  0.00000000    0.04027382  0.00000000

     Dynamical  Matrix in cartesian axes

     q = (    0.375000000  -0.750000000  -0.125000000 ) 

    1    1
  0.05359733  0.00000000   -0.02533455  0.00000000    0.01316587  0.00000000
 -0.02533455  0.00000000    0.04675058  0.00000000    0.00352291  0.00000000
  0.01316587  0.00000000    0.00352291  0.00000000    0.04027382  0.00000000

     Dynamical  Matrix in cartesian axes

     q = (   -0.375000000  -0.750000000   0.125000000 ) 

    1    1
  0.05359733  0.00000000    0.02533455  0.00000000    0.01316587  0.00000000
  0.02533455  0.00000000    0.04675058  0.00000000   -0.00352291  0.00000000
  0.01316587  0.00000000   -0.00352291  0.00000000    0.04027382  0.00000000

     Dynamical  Matrix in cartesian axes

     q = (    0.125000000   0.375000000  -0.750000000 ) 

    1    1
  0.04027382  0.00000000   -0.01316587  0.00000000   -0.00352291  0.00000000
 -0.01316587  0.00000000    0.05359733  0.00000000   -0.02533455  0.00000000
 -0.00352291  0.00000000   -0.02533455  0.00000000    0.04675058  0.00000000

     Dynamical  Matrix in cartesian axes

     q = (    0.750000000  -0.375000000  -0.125000000 ) 

    1    1
  0.04675058  0.00000000   -0.02533455  0.00000000   -0.00352291  0.00000000
 -0.02533455  0.00000000    0.05359733  0.00000000   -0.01316587  0.00000000
 -0.00352291  0.00000000   -0.01316587  0.00000000    0.04027382  0.00000000

     Dynamical  Matrix in cartesian axes

     q = (    0.125000000   0.375000000   0.750000000 ) 

    1    1
  0.04027382  0.00000000   -0.01316587  0.00000000    0.00352291  0.00000000
 -0.01316587  0.00000000    0.05359733  0.00000000    0.02533455  0.00000000
  0.00352291  0.00000000    0.02533455  0.00000000    0.04675058  0.00000000

     Dynamical  Matrix in cartesian axes

     q = (    0.125000000  -0.375000000  -0.750000000 ) 

    1    1
  0.04027382  0.00000000    0.01316587  0.00000000   -0.00352291  0.00000000
  0.01316587  0.00000000    0.05359733  0.00000000    0.02533455  0.00000000
 -0.00352291  0.00000000    0.02533455  0.00000000    0.04675058  0.00000000

     Dynamical  Matrix in cartesian axes

     q = (   -0.750000000   0.125000000   0.375000000 ) 

    1    1
  0.04675058  0.00000000   -0.00352291  0.00000000   -0.02533455  0.00000000
 -0.00352291  0.00000000    0.04027382  0.00000000   -0.01316587  0.00000000
 -0.02533455  0.00000000   -0.01316587  0.00000000    0.05359733  0.00000000

     Dynamical  Matrix in cartesian axes

     q = (   -0.125000000   0.750000000   0.375000000 ) 

    1    1
  0.04027382  0.00000000   -0.00352291  0.00000000    0.01316587  0.00000000
 -0.00352291  0.00000000    0.04675058  0.00000000    0.02533455  0.00000000
  0.01316587  0.00000000    0.02533455  0.00000000    0.05359733  0.00000000

     Dynamical  Matrix in cartesian axes

     q = (   -0.125000000  -0.750000000   0.375000000 ) 

    1    1
  0.04027382  0.00000000    0.00352291  0.00000000    0.01316587  0.00000000
  0.00352291  0.00000000    0.04675058  0.00000000   -0.02533455  0.00000000
  0.01316587  0.00000000   -0.02533455  0.00000000    0.05359733  0.00000000

     Dynamical  Matrix in cartesian axes

     q = (   -0.125000000  -0.375000000  -0.750000000 ) 

    1    1
  0.04027382  0.00000000   -0.01316587  0.00000000    0.00352291  0.00000000
 -0.01316587  0.00000000    0.05359733  0.00000000    0.02533455  0.00000000
  0.00352291  0.00000000    0.02533455  0.00000000    0.04675058  0.00000000

     Dynamical  Matrix in cartesian axes

     q = (   -0.750000000   0.125000000  -0.375000000 ) 

    1    1
  0.04675058  0.00000000   -0.00352291  0.00000000    0.02533455  0.00000000
 -0.00352291  0.00000000    0.04027382  0.00000000    0.01316587  0.00000000
  0.02533455  0.00000000    0.01316587  0.00000000    0.05359733  0.00000000

     Dynamical  Matrix in cartesian axes

     q = (    0.125000000  -0.750000000   0.375000000 ) 

    1    1
  0.04027382  0.00000000   -0.00352291  0.00000000   -0.01316587  0.00000000
 -0.00352291  0.00000000    0.04675058  0.00000000   -0.02533455  0.00000000
 -0.01316587  0.00000000   -0.02533455  0.00000000    0.05359733  0.00000000

     Dynamical  Matrix in cartesian axes

     q = (   -0.125000000   0.375000000   0.750000000 ) 

    1    1
  0.04027382  0.00000000    0.01316587  0.00000000   -0.00352291  0.00000000
  0.01316587  0.00000000    0.05359733  0.00000000    0.02533455  0.00000000
 -0.00352291  0.00000000    0.02533455  0.00000000    0.04675058  0.00000000

     Dynamical  Matrix in cartesian axes

     q = (   -0.750000000  -0.125000000  -0.375000000 ) 

    1    1
  0.04675058  0.00000000    0.00352291  0.00000000    0.02533455  0.00000000
  0.00352291  0.00000000    0.04027382  0.00000000   -0.01316587  0.00000000
  0.02533455  0.00000000   -0.01316587  0.00000000    0.05359733  0.00000000

     Dynamical  Matrix in cartesian axes

     q = (   -0.375000000   0.750000000  -0.125000000 ) 

    1    1
  0.05359733  0.00000000   -0.02533455  0.00000000   -0.01316587  0.00000000
 -0.02533455  0.00000000    0.04675058  0.00000000   -0.00352291  0.00000000
 -0.01316587  0.00000000   -0.00352291  0.00000000    0.04027382  0.00000000

     Dynamical  Matrix in cartesian axes

     q = (   -0.750000000  -0.375000000   0.125000000 ) 

    1    1
  0.04675058  0.00000000    0.02533455  0.00000000   -0.00352291  0.00000000
  0.02533455  0.00000000    0.05359733  0.00000000    0.01316587  0.00000000
 -0.00352291  0.00000000    0.01316587  0.00000000    0.04027382  0.00000000

     Dynamical  Matrix in cartesian axes

     q = (    0.750000000   0.375000000   0.125000000 ) 

    1    1
  0.04675058  0.00000000    0.02533455  0.00000000    0.00352291  0.00000000
  0.02533455  0.00000000    0.05359733  0.00000000   -0.01316587  0.00000000
  0.00352291  0.00000000   -0.01316587  0.00000000    0.04027382  0.00000000

     Dynamical  Matrix in cartesian axes

     q = (   -0.375000000  -0.750000000  -0.125000000 ) 

    1    1
  0.05359733  0.00000000    0.02533455  0.00000000   -0.01316587  0.00000000
  0.02533455  0.00000000    0.04675058  0.00000000    0.00352291  0.00000000
 -0.01316587  0.00000000    0.00352291  0.00000000    0.04027382  0.00000000

     Dynamical  Matrix in cartesian axes

     q = (    0.375000000  -0.750000000   0.125000000 ) 

    1    1
  0.05359733  0.00000000   -0.02533455  0.00000000   -0.01316587  0.00000000
 -0.02533455  0.00000000    0.04675058  0.00000000   -0.00352291  0.00000000
 -0.01316587  0.00000000   -0.00352291  0.00000000    0.04027382  0.00000000

     Dynamical  Matrix in cartesian axes

     q = (   -0.375000000   0.750000000   0.125000000 ) 

    1    1
  0.05359733  0.00000000   -0.02533455  0.00000000    0.01316587  0.00000000
 -0.02533455  0.00000000    0.04675058  0.00000000    0.00352291  0.00000000
  0.01316587  0.00000000    0.00352291  0.00000000    0.04027382  0.00000000

     Dynamical  Matrix in cartesian axes

     q = (    0.375000000   0.750000000  -0.125000000 ) 

    1    1
  0.05359733  0.00000000    0.02533455  0.00000000    0.01316587  0.00000000
  0.02533455  0.00000000    0.04675058  0.00000000   -0.00352291  0.00000000
  0.01316587  0.00000000   -0.00352291  0.00000000    0.04027382  0.00000000

     Dynamical  Matrix in cartesian axes

     q = (    0.750000000  -0.125000000   0.375000000 ) 

    1    1
  0.04675058  0.00000000   -0.00352291  0.00000000    0.02533455  0.00000000
 -0.00352291  0.00000000    0.04027382  0.00000000    0.01316587  0.00000000
  0.02533455  0.00000000    0.01316587  0.00000000    0.05359733  0.00000000

     Dynamical  Matrix in cartesian axes

     q = (   -0.750000000   0.375000000   0.125000000 ) 

    1    1
  0.04675058  0.00000000   -0.02533455  0.00000000   -0.00352291  0.00000000
 -0.02533455  0.00000000    0.05359733  0.00000000   -0.01316587  0.00000000
 -0.00352291  0.00000000   -0.01316587  0.00000000    0.04027382  0.00000000

     Dynamical  Matrix in cartesian axes

     q = (    0.750000000   0.375000000  -0.125000000 ) 

    1    1
  0.04675058  0.00000000    0.02533455  0.00000000   -0.00352291  0.00000000
  0.02533455  0.00000000    0.05359733  0.00000000    0.01316587  0.00000000
 -0.00352291  0.00000000    0.01316587  0.00000000    0.04027382  0.00000000

     Dynamical  Matrix in cartesian axes

     q = (   -0.750000000  -0.375000000  -0.125000000 ) 

    1    1
  0.04675058  0.00000000    0.02533455  0.00000000    0.00352291  0.00000000
  0.02533455  0.00000000    0.05359733  0.00000000   -0.01316587  0.00000000
  0.00352291  0.00000000   -0.01316587  0.00000000    0.04027382  0.00000000

     Dynamical  Matrix in cartesian axes

     q = (    0.750000000  -0.375000000   0.125000000 ) 

    1    1
  0.04675058  0.00000000   -0.02533455  0.00000000    0.00352291  0.00000000
 -0.02533455  0.00000000    0.05359733  0.00000000    0.01316587  0.00000000
  0.00352291  0.00000000    0.01316587  0.00000000    0.04027382  0.00000000

     Dynamical  Matrix in cartesian axes

     q = (    0.375000000   0.125000000  -0.750000000 ) 

    1    1
  0.05359733  0.00000000   -0.01316587  0.00000000   -0.02533455  0.00000000
 -0.01316587  0.00000000    0.04027382  0.00000000   -0.00352291  0.00000000
 -0.02533455  0.00000000   -0.00352291  0.00000000    0.04675058  0.00000000

     Dynamical  Matrix in cartesian axes

     q = (    0.375000000  -0.125000000   0.750000000 ) 

    1    1
  0.05359733  0.00000000    0.01316587  0.00000000    0.02533455  0.00000000
  0.01316587  0.00000000    0.04027382  0.00000000   -0.00352291  0.00000000
  0.02533455  0.00000000   -0.00352291  0.00000000    0.04675058  0.00000000

     Dynamical  Matrix in cartesian axes

     q = (   -0.375000000  -0.125000000  -0.750000000 ) 

    1    1
  0.05359733  0.00000000   -0.01316587  0.00000000    0.02533455  0.00000000
 -0.01316587  0.00000000    0.04027382  0.00000000    0.00352291  0.00000000
  0.02533455  0.00000000    0.00352291  0.00000000    0.04675058  0.00000000

     Dynamical  Matrix in cartesian axes

     q = (   -0.375000000   0.125000000   0.750000000 ) 

    1    1
  0.05359733  0.00000000    0.01316587  0.00000000   -0.02533455  0.00000000
  0.01316587  0.00000000    0.04027382  0.00000000    0.00352291  0.00000000
 -0.02533455  0.00000000    0.00352291  0.00000000    0.04675058  0.00000000

     Diagonalizing the dynamical matrix

     q = (   -0.125000000   0.750000000  -0.375000000 ) 

 **************************************************************************
     freq (    1) =       3.087476 [THz] =     102.987126 [cm-1]
 (  0.476757  0.000000  0.618570  0.000000  0.624559  0.000000 ) 
     freq (    2) =       4.808507 [THz] =     160.394536 [cm-1]
 (  0.852692  0.000000 -0.498073  0.000000 -0.157606  0.000000 ) 
     freq (    3) =       6.322867 [THz] =     210.908154 [cm-1]
 ( -0.213585  0.000000 -0.607696  0.000000  0.764910  0.000000 ) 
 **************************************************************************
