Dynamical matrix file
                                                                           
  1    1  3  8.2356328  0.0000000  0.0000000  0.0000000  0.0000000  0.0000000
           1  'Na  '    20954.103126620943     
    1    1      0.0000000000      0.0000000000      0.0000000000

     Dynamical  Matrix in cartesian axes

     q = (   -0.125000000   0.750000000  -0.375000000 ) 

    1    1
  0.01727102  0.00000000   -0.00191234  0.00000000   -0.00197276  0.00000000
 -0.00191234  0.00000000    0.01899014  0.00000000   -0.00880857  0.00000000
 -0.00197276  0.00000000   -0.00880857  0.00000000    0.01759677  0.00000000

     Dynamical  Matrix in cartesian axes

     q = (    0.750000000  -0.125000000  -0.375000000 ) 

    1    1
  0.01899014  0.00000000   -0.00191234  0.00000000   -0.00880857  0.00000000
 -0.00191234  0.00000000    0.01727102  0.00000000   -0.00197276  0.00000000
 -0.00880857  0.00000000   -0.00197276  0.00000000    0.01759677  0.00000000

     Dynamical  Matrix in cartesian axes

     q = (   -0.125000000  -0.375000000   0.750000000 ) 

    1    1
  0.01727102  0.00000000   -0.00197276  0.00000000   -0.00191234  0.00000000
 -0.00197276  0.00000000    0.01759677  0.00000000   -0.00880857  0.00000000
 -0.00191234  0.00000000   -0.00880857  0.00000000    0.01899014  0.00000000

     Dynamical  Matrix in cartesian axes

     q = (    0.125000000  -0.375000000   0.750000000 ) 

    1    1
  0.01727102  0.00000000    0.00197276  0.00000000    0.00191234  0.00000000
  0.00197276  0.00000000    0.01759677  0.00000000   -0.00880857  0.00000000
  0.00191234  0.00000000   -0.00880857  0.00000000    0.01899014  0.00000000

     Dynamical  Matrix in cartesian axes

     q = (    0.750000000   0.125000000  -0.375000000 ) 

    1    1
  0.01899014  0.00000000    0.00191234  0.00000000   -0.00880857  0.00000000
  0.00191234  0.00000000    0.01727102  0.00000000    0.00197276  0.00000000
 -0.00880857  0.00000000    0.00197276  0.00000000    0.01759677  0.00000000

     Dynamical  Matrix in cartesian axes

     q = (   -0.125000000  -0.750000000  -0.375000000 ) 

    1    1
  0.01727102  0.00000000    0.00191234  0.00000000   -0.00197276  0.00000000
  0.00191234  0.00000000    0.01899014  0.00000000    0.00880857  0.00000000
 -0.00197276  0.00000000    0.00880857  0.00000000    0.01759677  0.00000000

     Dynamical  Matrix in cartesian axes

     q = (    0.125000000   0.750000000  -0.375000000 ) 

    1    1
  0.01727102  0.00000000    0.00191234  0.00000000    0.00197276  0.00000000
  0.00191234  0.00000000    0.01899014  0.00000000   -0.00880857  0.00000000
  0.00197276  0.00000000   -0.00880857  0.00000000    0.01759677  0.00000000

     Dynamical  Matrix in cartesian axes

     q = (    0.125000000  -0.750000000  -0.375000000 ) 

    1    1
  0.01727102  0.00000000   -0.00191234  0.00000000    0.00197276  0.00000000
 -0.00191234  0.00000000    0.01899014  0.00000000    0.00880857  0.00000000
  0.00197276  0.00000000    0.00880857  0.00000000    0.01759677  0.00000000

     Dynamical  Matrix in cartesian axes

     q = (   -0.750000000   0.375000000  -0.125000000 ) 

    1    1
  0.01899014  0.00000000   -0.00880857  0.00000000    0.00191234  0.00000000
 -0.00880857  0.00000000    0.01759677  0.00000000    0.00197276  0.00000000
  0.00191234  0.00000000    0.00197276  0.00000000    0.01727102  0.00000000

     Dynamical  Matrix in cartesian axes

     q = (    0.375000000   0.125000000   0.750000000 ) 

    1    1
  0.01759677  0.00000000   -0.00197276  0.00000000    0.00880857  0.00000000
 -0.00197276  0.00000000    0.01727102  0.00000000    0.00191234  0.00000000
  0.00880857  0.00000000    0.00191234  0.00000000    0.01899014  0.00000000

     Dynamical  Matrix in cartesian axes

     q = (   -0.375000000   0.125000000  -0.750000000 ) 

    1    1
  0.01759677  0.00000000    0.00197276  0.00000000    0.00880857  0.00000000
  0.00197276  0.00000000    0.01727102  0.00000000   -0.00191234  0.00000000
  0.00880857  0.00000000   -0.00191234  0.00000000    0.01899014  0.00000000

     Dynamical  Matrix in cartesian axes

     q = (   -0.125000000   0.375000000  -0.750000000 ) 

    1    1
  0.01727102  0.00000000    0.00197276  0.00000000    0.00191234  0.00000000
  0.00197276  0.00000000    0.01759677  0.00000000   -0.00880857  0.00000000
  0.00191234  0.00000000   -0.00880857  0.00000000    0.01899014  0.00000000

     Dynamical  Matrix in cartesian axes

     q = (    0.375000000  -0.125000000  -0.750000000 ) 

    1    1
  0.01759677  0.00000000    0.00197276  0.00000000   -0.00880857  0.00000000
  0.00197276  0.00000000    0.01727102  0.00000000    0.00191234  0.00000000
 -0.00880857  0.00000000    0.00191234  0.00000000    0.01899014  0.00000000

     Dynamical  Matrix in cartesian axes

     q = (   -0.375000000  -0.125000000   0.750000000 ) 

    1    1
  0.01759677  0.00000000   -0.00197276  0.00000000   -0.00880857  0.00000000
 -0.00197276  0.00000000    0.01727102  0.00000000   -0.00191234  0.00000000
 -0.00880857  0.00000000   -0.00191234  0.00000000    0.01899014  0.00000000

     Dynamical  Matrix in cartesian axes

     q = (    0.125000000   0.750000000   0.375000000 ) 

    1    1
  0.01727102  0.00000000    0.00191234  0.00000000   -0.00197276  0.00000000
  0.00191234  0.00000000    0.01899014  0.00000000    0.00880857  0.00000000
 -0.00197276  0.00000000    0.00880857  0.00000000    0.01759677  0.00000000

     Dynamical  Matrix in cartesian axes

     q = (   -0.750000000  -0.125000000   0.375000000 ) 

    1    1
  0.01899014  0.00000000    0.00191234  0.00000000   -0.00880857  0.00000000
  0.00191234  0.00000000    0.01727102  0.00000000    0.00197276  0.00000000
 -0.00880857  0.00000000    0.00197276  0.00000000    0.01759677  0.00000000

     Dynamical  Matrix in cartesian axes

     q = (    0.750000000   0.125000000   0.375000000 ) 

    1    1
  0.01899014  0.00000000    0.00191234  0.00000000    0.00880857  0.00000000
  0.00191234  0.00000000    0.01727102  0.00000000   -0.00197276  0.00000000
  0.00880857  0.00000000   -0.00197276  0.00000000    0.01759677  0.00000000

     Dynamical  Matrix in cartesian axes

     q = (    0.375000000   0.750000000   0.125000000 ) 

    1    1
  0.01759677  0.00000000    0.00880857  0.00000000   -0.00197276  0.00000000
  0.00880857  0.00000000    0.01899014  0.00000000    0.00191234  0.00000000
 -0.00197276  0.00000000    0.00191234  0.00000000    0.01727102  0.00000000

     Dynamical  Matrix in cartesian axes

     q = (    0.375000000  -0.750000000  -0.125000000 ) 

    1    1
  0.01759677  0.00000000   -0.00880857  0.00000000    0.00197276  0.00000000
 -0.00880857  0.00000000    0.01899014  0.00000000    0.00191234  0.00000000
  0.00197276  0.00000000    0.00191234  0.00000000    0.01727102  0.00000000

     Dynamical  Matrix in cartesian axes

     q = (   -0.375000000  -0.750000000   0.125000000 ) 

    1    1
  0.01759677  0.00000000    0.00880857  0.00000000    0.00197276  0.00000000
  0.00880857  0.00000000    0.01899014  0.00000000   -0.00191234  0.00000000
  0.00197276  0.00000000   -0.00191234  0.00000000    0.01727102  0.00000000

     Dynamical  Matrix in cartesian axes

     q = (    0.125000000   0.375000000  -0.750000000 ) 

    1    1
  0.01727102  0.00000000   -0.00197276  0.00000000   -0.00191234  0.00000000
 -0.00197276  0.00000000    0.01759677  0.00000000   -0.00880857  0.00000000
 -0.00191234  0.00000000   -0.00880857  0.00000000    0.01899014  0.00000000

     Dynamical  Matrix in cartesian axes

     q = (    0.750000000  -0.375000000  -0.125000000 ) 

    1    1
  0.01899014  0.00000000   -0.00880857  0.00000000   -0.00191234  0.00000000
 -0.00880857  0.00000000    0.01759677  0.00000000   -0.00197276  0.00000000
 -0.00191234  0.00000000   -0.00197276  0.00000000    0.01727102  0.00000000

     Dynamical  Matrix in cartesian axes

     q = (    0.125000000   0.375000000   0.750000000 ) 

    1    1
  0.01727102  0.00000000   -0.00197276  0.00000000    0.00191234  0.00000000
 -0.00197276  0.00000000    0.01759677  0.00000000    0.00880857  0.00000000
  0.00191234  0.00000000    0.00880857  0.00000000    0.01899014  0.00000000

     Dynamical  Matrix in cartesian axes

     q = (    0.125000000  -0.375000000  -0.750000000 ) 

    1    1
  0.01727102  0.00000000    0.00197276  0.00000000   -0.00191234  0.00000000
  0.00197276  0.00000000    0.01759677  0.00000000    0.00880857  0.00000000
 -0.00191234  0.00000000    0.00880857  0.00000000    0.01899014  0.00000000

     Dynamical  Matrix in cartesian axes

     q = (   -0.750000000   0.125000000   0.375000000 ) 

    1    1
  0.01899014  0.00000000   -0.00191234  0.00000000   -0.00880857  0.00000000
 -0.00191234  0.00000000    0.01727102  0.00000000   -0.00197276  0.00000000
 -0.00880857  0.00000000   -0.00197276  0.00000000    0.01759677  0.00000000

     Dynamical  Matrix in cartesian axes

     q = (   -0.125000000   0.750000000   0.375000000 ) 

    1    1
  0.01727102  0.00000000   -0.00191234  0.00000000    0.00197276  0.00000000
 -0.00191234  0.00000000    0.01899014  0.00000000    0.00880857  0.00000000
  0.00197276  0.00000000    0.00880857  0.00000000    0.01759677  0.00000000

     Dynamical  Matrix in cartesian axes

     q = (   -0.125000000  -0.750000000   0.375000000 ) 

    1    1
  0.01727102  0.00000000    0.00191234  0.00000000    0.00197276  0.00000000
  0.00191234  0.00000000    0.01899014  0.00000000   -0.00880857  0.00000000
  0.00197276  0.00000000   -0.00880857  0.00000000    0.01759677  0.00000000

     Dynamical  Matrix in cartesian axes

     q = (   -0.125000000  -0.375000000  -0.750000000 ) 

    1    1
  0.01727102  0.00000000   -0.00197276  0.00000000    0.00191234  0.00000000
 -0.00197276  0.00000000    0.01759677  0.00000000    0.00880857  0.00000000
  0.00191234  0.00000000    0.00880857  0.00000000    0.01899014  0.00000000

     Dynamical  Matrix in cartesian axes

     q = (   -0.750000000   0.125000000  -0.375000000 ) 

    1    1
  0.01899014  0.00000000   -0.00191234  0.00000000    0.00880857  0.00000000
 -0.00191234  0.00000000    0.01727102  0.00000000    0.00197276  0.00000000
  0.00880857  0.00000000    0.00197276  0.00000000    0.01759677  0.00000000

     Dynamical  Matrix in cartesian axes

     q = (    0.125000000  -0.750000000   0.375000000 ) 

    1    1
  0.01727102  0.00000000   -0.00191234  0.00000000   -0.00197276  0.00000000
 -0.00191234  0.00000000    0.01899014  0.00000000   -0.00880857  0.00000000
 -0.00197276  0.00000000   -0.00880857  0.00000000    0.01759677  0.00000000

     Dynamical  Matrix in cartesian axes

     q = (   -0.125000000   0.375000000   0.750000000 ) 

    1    1
  0.01727102  0.00000000    0.00197276  0.00000000   -0.00191234  0.00000000
  0.00197276  0.00000000    0.01759677  0.00000000    0.00880857  0.00000000
 -0.00191234  0.00000000    0.00880857  0.00000000    0.01899014  0.00000000

     Dynamical  Matrix in cartesian axes

     q = (   -0.750000000  -0.125000000  -0.375000000 ) 

    1    1
  0.01899014  0.00000000    0.00191234  0.00000000    0.00880857  0.00000000
  0.00191234  0.00000000    0.01727102  0.00000000   -0.00197276  0.00000000
  0.00880857  0.00000000   -0.00197276  0.00000000    0.01759677  0.00000000

     Dynamical  Matrix in cartesian axes

     q = (   -0.375000000   0.750000000  -0.125000000 ) 

    1    1
  0.01759677  0.00000000   -0.00880857  0.00000000   -0.00197276  0.00000000
 -0.00880857  0.00000000    0.01899014  0.00000000   -0.00191234  0.00000000
 -0.00197276  0.00000000   -0.00191234  0.00000000    0.01727102  0.00000000

     Dynamical  Matrix in cartesian axes

     q = (   -0.750000000  -0.375000000   0.125000000 ) 

    1    1
  0.01899014  0.00000000    0.00880857  0.00000000   -0.00191234  0.00000000
  0.00880857  0.00000000    0.01759677  0.00000000    0.00197276  0.00000000
 -0.00191234  0.00000000    0.00197276  0.00000000    0.01727102  0.00000000

     Dynamical  Matrix in cartesian axes

     q = (    0.750000000   0.375000000   0.125000000 ) 

    1    1
  0.01899014  0.00000000    0.00880857  0.00000000    0.00191234  0.00000000
  0.00880857  0.00000000    0.01759677  0.00000000   -0.00197276  0.00000000
  0.00191234  0.00000000   -0.00197276  0.00000000    0.01727102  0.00000000

     Dynamical  Matrix in cartesian axes

     q = (   -0.375000000  -0.750000000  -0.125000000 ) 

    1    1
  0.01759677  0.00000000    0.00880857  0.00000000   -0.00197276  0.00000000
  0.00880857  0.00000000    0.01899014  0.00000000    0.00191234  0.00000000
 -0.00197276  0.00000000    0.00191234  0.00000000    0.01727102  0.00000000

     Dynamical  Matrix in cartesian axes

     q = (    0.375000000  -0.750000000   0.125000000 ) 

    1    1
  0.01759677  0.00000000   -0.00880857  0.00000000   -0.00197276  0.00000000
 -0.00880857  0.00000000    0.01899014  0.00000000   -0.00191234  0.00000000
 -0.00197276  0.00000000   -0.00191234  0.00000000    0.01727102  0.00000000

     Dynamical  Matrix in cartesian axes

     q = (   -0.375000000   0.750000000   0.125000000 ) 

    1    1
  0.01759677  0.00000000   -0.00880857  0.00000000    0.00197276  0.00000000
 -0.00880857  0.00000000    0.01899014  0.00000000    0.00191234  0.00000000
  0.00197276  0.00000000    0.00191234  0.00000000    0.01727102  0.00000000

     Dynamical  Matrix in cartesian axes

     q = (    0.375000000   0.750000000  -0.125000000 ) 

    1    1
  0.01759677  0.00000000    0.00880857  0.00000000    0.00197276  0.00000000
  0.00880857  0.00000000    0.01899014  0.00000000   -0.00191234  0.00000000
  0.00197276  0.00000000   -0.00191234  0.00000000    0.01727102  0.00000000

     Dynamical  Matrix in cartesian axes

     q = (    0.750000000  -0.125000000   0.375000000 ) 

    1    1
  0.01899014  0.00000000   -0.00191234  0.00000000    0.00880857  0.00000000
 -0.00191234  0.00000000    0.01727102  0.00000000    0.00197276  0.00000000
  0.00880857  0.00000000    0.00197276  0.00000000    0.01759677  0.00000000

     Dynamical  Matrix in cartesian axes

     q = (   -0.750000000   0.375000000   0.125000000 ) 

    1    1
  0.01899014  0.00000000   -0.00880857  0.00000000   -0.00191234  0.00000000
 -0.00880857  0.00000000    0.01759677  0.00000000   -0.00197276  0.00000000
 -0.00191234  0.00000000   -0.00197276  0.00000000    0.01727102  0.00000000

     Dynamical  Matrix in cartesian axes

     q = (    0.750000000   0.375000000  -0.125000000 ) 

    1    1
  0.01899014  0.00000000    0.00880857  0.00000000   -0.00191234  0.00000000
  0.00880857  0.00000000    0.01759677  0.00000000    0.00197276  0.00000000
 -0.00191234  0.00000000    0.00197276  0.00000000    0.01727102  0.00000000

     Dynamical  Matrix in cartesian axes

     q = (   -0.750000000  -0.375000000  -0.125000000 ) 

    1    1
  0.01899014  0.00000000    0.00880857  0.00000000    0.00191234  0.00000000
  0.00880857  0.00000000    0.01759677  0.00000000   -0.00197276  0.00000000
  0.00191234  0.00000000   -0.00197276  0.00000000    0.01727102  0.00000000

     Dynamical  Matrix in cartesian axes

     q = (    0.750000000  -0.375000000   0.125000000 ) 

    1    1
  0.01899014  0.00000000   -0.00880857  0.00000000    0.00191234  0.00000000
 -0.00880857  0.00000000    0.01759677  0.00000000    0.00197276  0.00000000
  0.00191234  0.00000000    0.00197276  0.00000000    0.01727102  0.00000000

     Dynamical  Matrix in cartesian axes

     q = (    0.375000000   0.125000000  -0.750000000 ) 

    1    1
  0.01759677  0.00000000   -0.00197276  0.00000000   -0.00880857  0.00000000
 -0.00197276  0.00000000    0.01727102  0.00000000   -0.00191234  0.00000000
 -0.00880857  0.00000000   -0.00191234  0.00000000    0.01899014  0.00000000

     Dynamical  Matrix in cartesian axes

     q = (    0.375000000  -0.125000000   0.750000000 ) 

    1    1
  0.01759677  0.00000000    0.00197276  0.00000000    0.00880857  0.00000000
  0.00197276  0.00000000    0.01727102  0.00000000   -0.00191234  0.00000000
  0.00880857  0.00000000   -0.00191234  0.00000000    0.01899014  0.00000000

     Dynamical  Matrix in cartesian axes

     q = (   -0.375000000  -0.125000000  -0.750000000 ) 

    1    1
  0.01759677  0.00000000   -0.00197276  0.00000000    0.00880857  0.00000000
 -0.00197276  0.00000000    0.01727102  0.00000000    0.00191234  0.00000000
  0.00880857  0.00000000    0.00191234  0.00000000    0.01899014  0.00000000

     Dynamical  Matrix in cartesian axes

     q = (   -0.375000000   0.125000000   0.750000000 ) 

    1    1
  0.01759677  0.00000000    0.00197276  0.00000000   -0.00880857  0.00000000
  0.00197276  0.00000000    0.01727102  0.00000000    0.00191234  0.00000000
 -0.00880857  0.00000000    0.00191234  0.00000000    0.01899014  0.00000000

     Diagonalizing the dynamical matrix

     q = (   -0.125000000   0.750000000  -0.375000000 ) 

 **************************************************************************
     freq (    1) =       2.106190 [THz] =      70.254935 [cm-1]
 (  0.301623  0.000000  0.647836  0.000000  0.699523  0.000000 ) 
     freq (    2) =       3.060929 [THz] =     102.101612 [cm-1]
 (  0.953402 -0.000000 -0.199582  0.000000 -0.226257  0.000000 ) 
     freq (    3) =       3.743392 [THz] =     124.866109 [cm-1]
 ( -0.006965  0.000000  0.735171 -0.000000 -0.677846  0.000000 ) 
 **************************************************************************
