Dynamical matrix file
                                                                           
  1    1  3  7.0455973  0.0000000  0.0000000  0.0000000  0.0000000  0.0000000
           1  'Na  '    20954.103126620943     
    1    1      0.0000000000      0.0000000000      0.0000000000

     Dynamical  Matrix in cartesian axes

     q = (   -0.125000000   0.625000000  -0.500000000 ) 

    1    1
  0.02960141  0.00000000    0.00093518  0.00000000   -0.00725708  0.00000000
  0.00093518  0.00000000    0.04329475  0.00000000   -0.03114556  0.00000000
 -0.00725708  0.00000000   -0.03114556  0.00000000    0.04523084  0.00000000

     Dynamical  Matrix in cartesian axes

     q = (    0.625000000  -0.125000000  -0.500000000 ) 

    1    1
  0.04329475  0.00000000    0.00093518  0.00000000   -0.03114556  0.00000000
  0.00093518  0.00000000    0.02960141  0.00000000   -0.00725708  0.00000000
 -0.03114556  0.00000000   -0.00725708  0.00000000    0.04523084  0.00000000

     Dynamical  Matrix in cartesian axes

     q = (   -0.125000000   0.500000000  -0.625000000 ) 

    1    1
  0.02960141  0.00000000    0.00725708  0.00000000   -0.00093518  0.00000000
  0.00725708  0.00000000    0.04523084  0.00000000   -0.03114556  0.00000000
 -0.00093518  0.00000000   -0.03114556  0.00000000    0.04329475  0.00000000

     Dynamical  Matrix in cartesian axes

     q = (    0.125000000   0.500000000  -0.625000000 ) 

    1    1
  0.02960141  0.00000000   -0.00725708  0.00000000    0.00093518  0.00000000
 -0.00725708  0.00000000    0.04523084  0.00000000   -0.03114556  0.00000000
  0.00093518  0.00000000   -0.03114556  0.00000000    0.04329475  0.00000000

     Dynamical  Matrix in cartesian axes

     q = (   -0.125000000  -0.625000000   0.500000000 ) 

    1    1
  0.02960141  0.00000000   -0.00093518  0.00000000    0.00725708  0.00000000
 -0.00093518  0.00000000    0.04329475  0.00000000   -0.03114556  0.00000000
  0.00725708  0.00000000   -0.03114556  0.00000000    0.04523084  0.00000000

     Dynamical  Matrix in cartesian axes

     q = (   -0.125000000  -0.500000000   0.625000000 ) 

    1    1
  0.02960141  0.00000000   -0.00725708  0.00000000    0.00093518  0.00000000
 -0.00725708  0.00000000    0.04523084  0.00000000   -0.03114556  0.00000000
  0.00093518  0.00000000   -0.03114556  0.00000000    0.04329475  0.00000000

     Dynamical  Matrix in cartesian axes

     q = (    0.125000000  -0.625000000   0.500000000 ) 

    1    1
  0.02960141  0.00000000    0.00093518  0.00000000   -0.00725708  0.00000000
  0.00093518  0.00000000    0.04329475  0.00000000   -0.03114556  0.00000000
 -0.00725708  0.00000000   -0.03114556  0.00000000    0.04523084  0.00000000

     Dynamical  Matrix in cartesian axes

     q = (    0.125000000  -0.500000000   0.625000000 ) 

    1    1
  0.02960141  0.00000000    0.00725708  0.00000000   -0.00093518  0.00000000
  0.00725708  0.00000000    0.04523084  0.00000000   -0.03114556  0.00000000
 -0.00093518  0.00000000   -0.03114556  0.00000000    0.04329475  0.00000000

     Dynamical  Matrix in cartesian axes

     q = (   -0.625000000   0.500000000  -0.125000000 ) 

    1    1
  0.04329475  0.00000000   -0.03114556  0.00000000   -0.00093518  0.00000000
 -0.03114556  0.00000000    0.04523084  0.00000000    0.00725708  0.00000000
 -0.00093518  0.00000000    0.00725708  0.00000000    0.02960141  0.00000000

     Dynamical  Matrix in cartesian axes

     q = (    0.500000000   0.125000000   0.625000000 ) 

    1    1
  0.04523084  0.00000000   -0.00725708  0.00000000    0.03114556  0.00000000
 -0.00725708  0.00000000    0.02960141  0.00000000   -0.00093518  0.00000000
  0.03114556  0.00000000   -0.00093518  0.00000000    0.04329475  0.00000000

     Dynamical  Matrix in cartesian axes

     q = (   -0.500000000   0.125000000  -0.625000000 ) 

    1    1
  0.04523084  0.00000000    0.00725708  0.00000000    0.03114556  0.00000000
  0.00725708  0.00000000    0.02960141  0.00000000    0.00093518  0.00000000
  0.03114556  0.00000000    0.00093518  0.00000000    0.04329475  0.00000000

     Dynamical  Matrix in cartesian axes

     q = (   -0.625000000   0.125000000  -0.500000000 ) 

    1    1
  0.04329475  0.00000000    0.00093518  0.00000000    0.03114556  0.00000000
  0.00093518  0.00000000    0.02960141  0.00000000    0.00725708  0.00000000
  0.03114556  0.00000000    0.00725708  0.00000000    0.04523084  0.00000000

     Dynamical  Matrix in cartesian axes

     q = (    0.500000000  -0.125000000  -0.625000000 ) 

    1    1
  0.04523084  0.00000000    0.00725708  0.00000000   -0.03114556  0.00000000
  0.00725708  0.00000000    0.02960141  0.00000000   -0.00093518  0.00000000
 -0.03114556  0.00000000   -0.00093518  0.00000000    0.04329475  0.00000000

     Dynamical  Matrix in cartesian axes

     q = (   -0.500000000  -0.125000000   0.625000000 ) 

    1    1
  0.04523084  0.00000000   -0.00725708  0.00000000   -0.03114556  0.00000000
 -0.00725708  0.00000000    0.02960141  0.00000000    0.00093518  0.00000000
 -0.03114556  0.00000000    0.00093518  0.00000000    0.04329475  0.00000000

     Dynamical  Matrix in cartesian axes

     q = (    0.125000000   0.625000000   0.500000000 ) 

    1    1
  0.02960141  0.00000000   -0.00093518  0.00000000   -0.00725708  0.00000000
 -0.00093518  0.00000000    0.04329475  0.00000000    0.03114556  0.00000000
 -0.00725708  0.00000000    0.03114556  0.00000000    0.04523084  0.00000000

     Dynamical  Matrix in cartesian axes

     q = (   -0.625000000  -0.125000000   0.500000000 ) 

    1    1
  0.04329475  0.00000000   -0.00093518  0.00000000   -0.03114556  0.00000000
 -0.00093518  0.00000000    0.02960141  0.00000000    0.00725708  0.00000000
 -0.03114556  0.00000000    0.00725708  0.00000000    0.04523084  0.00000000

     Dynamical  Matrix in cartesian axes

     q = (    0.625000000   0.125000000   0.500000000 ) 

    1    1
  0.04329475  0.00000000   -0.00093518  0.00000000    0.03114556  0.00000000
 -0.00093518  0.00000000    0.02960141  0.00000000   -0.00725708  0.00000000
  0.03114556  0.00000000   -0.00725708  0.00000000    0.04523084  0.00000000

     Dynamical  Matrix in cartesian axes

     q = (    0.500000000   0.625000000   0.125000000 ) 

    1    1
  0.04523084  0.00000000    0.03114556  0.00000000   -0.00725708  0.00000000
  0.03114556  0.00000000    0.04329475  0.00000000   -0.00093518  0.00000000
 -0.00725708  0.00000000   -0.00093518  0.00000000    0.02960141  0.00000000

     Dynamical  Matrix in cartesian axes

     q = (    0.500000000  -0.625000000  -0.125000000 ) 

    1    1
  0.04523084  0.00000000   -0.03114556  0.00000000    0.00725708  0.00000000
 -0.03114556  0.00000000    0.04329475  0.00000000   -0.00093518  0.00000000
  0.00725708  0.00000000   -0.00093518  0.00000000    0.02960141  0.00000000

     Dynamical  Matrix in cartesian axes

     q = (   -0.500000000  -0.625000000   0.125000000 ) 

    1    1
  0.04523084  0.00000000    0.03114556  0.00000000    0.00725708  0.00000000
  0.03114556  0.00000000    0.04329475  0.00000000    0.00093518  0.00000000
  0.00725708  0.00000000    0.00093518  0.00000000    0.02960141  0.00000000

     Dynamical  Matrix in cartesian axes

     q = (   -0.625000000  -0.125000000  -0.500000000 ) 

    1    1
  0.04329475  0.00000000   -0.00093518  0.00000000    0.03114556  0.00000000
 -0.00093518  0.00000000    0.02960141  0.00000000   -0.00725708  0.00000000
  0.03114556  0.00000000   -0.00725708  0.00000000    0.04523084  0.00000000

     Dynamical  Matrix in cartesian axes

     q = (    0.625000000  -0.500000000  -0.125000000 ) 

    1    1
  0.04329475  0.00000000   -0.03114556  0.00000000    0.00093518  0.00000000
 -0.03114556  0.00000000    0.04523084  0.00000000   -0.00725708  0.00000000
  0.00093518  0.00000000   -0.00725708  0.00000000    0.02960141  0.00000000

     Dynamical  Matrix in cartesian axes

     q = (    0.125000000   0.500000000   0.625000000 ) 

    1    1
  0.02960141  0.00000000   -0.00725708  0.00000000   -0.00093518  0.00000000
 -0.00725708  0.00000000    0.04523084  0.00000000    0.03114556  0.00000000
 -0.00093518  0.00000000    0.03114556  0.00000000    0.04329475  0.00000000

     Dynamical  Matrix in cartesian axes

     q = (    0.125000000  -0.500000000  -0.625000000 ) 

    1    1
  0.02960141  0.00000000    0.00725708  0.00000000    0.00093518  0.00000000
  0.00725708  0.00000000    0.04523084  0.00000000    0.03114556  0.00000000
  0.00093518  0.00000000    0.03114556  0.00000000    0.04329475  0.00000000

     Dynamical  Matrix in cartesian axes

     q = (   -0.625000000   0.125000000   0.500000000 ) 

    1    1
  0.04329475  0.00000000    0.00093518  0.00000000   -0.03114556  0.00000000
  0.00093518  0.00000000    0.02960141  0.00000000   -0.00725708  0.00000000
 -0.03114556  0.00000000   -0.00725708  0.00000000    0.04523084  0.00000000

     Dynamical  Matrix in cartesian axes

     q = (   -0.125000000   0.625000000   0.500000000 ) 

    1    1
  0.02960141  0.00000000    0.00093518  0.00000000    0.00725708  0.00000000
  0.00093518  0.00000000    0.04329475  0.00000000    0.03114556  0.00000000
  0.00725708  0.00000000    0.03114556  0.00000000    0.04523084  0.00000000

     Dynamical  Matrix in cartesian axes

     q = (    0.625000000   0.125000000  -0.500000000 ) 

    1    1
  0.04329475  0.00000000   -0.00093518  0.00000000   -0.03114556  0.00000000
 -0.00093518  0.00000000    0.02960141  0.00000000    0.00725708  0.00000000
 -0.03114556  0.00000000    0.00725708  0.00000000    0.04523084  0.00000000

     Dynamical  Matrix in cartesian axes

     q = (   -0.125000000  -0.500000000  -0.625000000 ) 

    1    1
  0.02960141  0.00000000   -0.00725708  0.00000000   -0.00093518  0.00000000
 -0.00725708  0.00000000    0.04523084  0.00000000    0.03114556  0.00000000
 -0.00093518  0.00000000    0.03114556  0.00000000    0.04329475  0.00000000

     Dynamical  Matrix in cartesian axes

     q = (   -0.125000000  -0.625000000  -0.500000000 ) 

    1    1
  0.02960141  0.00000000   -0.00093518  0.00000000   -0.00725708  0.00000000
 -0.00093518  0.00000000    0.04329475  0.00000000    0.03114556  0.00000000
 -0.00725708  0.00000000    0.03114556  0.00000000    0.04523084  0.00000000

     Dynamical  Matrix in cartesian axes

     q = (    0.125000000   0.625000000  -0.500000000 ) 

    1    1
  0.02960141  0.00000000   -0.00093518  0.00000000    0.00725708  0.00000000
 -0.00093518  0.00000000    0.04329475  0.00000000   -0.03114556  0.00000000
  0.00725708  0.00000000   -0.03114556  0.00000000    0.04523084  0.00000000

     Dynamical  Matrix in cartesian axes

     q = (   -0.125000000   0.500000000   0.625000000 ) 

    1    1
  0.02960141  0.00000000    0.00725708  0.00000000    0.00093518  0.00000000
  0.00725708  0.00000000    0.04523084  0.00000000    0.03114556  0.00000000
  0.00093518  0.00000000    0.03114556  0.00000000    0.04329475  0.00000000

     Dynamical  Matrix in cartesian axes

     q = (    0.125000000  -0.625000000  -0.500000000 ) 

    1    1
  0.02960141  0.00000000    0.00093518  0.00000000    0.00725708  0.00000000
  0.00093518  0.00000000    0.04329475  0.00000000    0.03114556  0.00000000
  0.00725708  0.00000000    0.03114556  0.00000000    0.04523084  0.00000000

     Dynamical  Matrix in cartesian axes

     q = (   -0.500000000   0.625000000  -0.125000000 ) 

    1    1
  0.04523084  0.00000000   -0.03114556  0.00000000   -0.00725708  0.00000000
 -0.03114556  0.00000000    0.04329475  0.00000000    0.00093518  0.00000000
 -0.00725708  0.00000000    0.00093518  0.00000000    0.02960141  0.00000000

     Dynamical  Matrix in cartesian axes

     q = (   -0.625000000  -0.500000000   0.125000000 ) 

    1    1
  0.04329475  0.00000000    0.03114556  0.00000000    0.00093518  0.00000000
  0.03114556  0.00000000    0.04523084  0.00000000    0.00725708  0.00000000
  0.00093518  0.00000000    0.00725708  0.00000000    0.02960141  0.00000000

     Dynamical  Matrix in cartesian axes

     q = (    0.625000000   0.500000000   0.125000000 ) 

    1    1
  0.04329475  0.00000000    0.03114556  0.00000000   -0.00093518  0.00000000
  0.03114556  0.00000000    0.04523084  0.00000000   -0.00725708  0.00000000
 -0.00093518  0.00000000   -0.00725708  0.00000000    0.02960141  0.00000000

     Dynamical  Matrix in cartesian axes

     q = (   -0.500000000  -0.625000000  -0.125000000 ) 

    1    1
  0.04523084  0.00000000    0.03114556  0.00000000   -0.00725708  0.00000000
  0.03114556  0.00000000    0.04329475  0.00000000   -0.00093518  0.00000000
 -0.00725708  0.00000000   -0.00093518  0.00000000    0.02960141  0.00000000

     Dynamical  Matrix in cartesian axes

     q = (    0.500000000  -0.625000000   0.125000000 ) 

    1    1
  0.04523084  0.00000000   -0.03114556  0.00000000   -0.00725708  0.00000000
 -0.03114556  0.00000000    0.04329475  0.00000000    0.00093518  0.00000000
 -0.00725708  0.00000000    0.00093518  0.00000000    0.02960141  0.00000000

     Dynamical  Matrix in cartesian axes

     q = (   -0.500000000   0.625000000   0.125000000 ) 

    1    1
  0.04523084  0.00000000   -0.03114556  0.00000000    0.00725708  0.00000000
 -0.03114556  0.00000000    0.04329475  0.00000000   -0.00093518  0.00000000
  0.00725708  0.00000000   -0.00093518  0.00000000    0.02960141  0.00000000

     Dynamical  Matrix in cartesian axes

     q = (    0.500000000   0.625000000  -0.125000000 ) 

    1    1
  0.04523084  0.00000000    0.03114556  0.00000000    0.00725708  0.00000000
  0.03114556  0.00000000    0.04329475  0.00000000    0.00093518  0.00000000
  0.00725708  0.00000000    0.00093518  0.00000000    0.02960141  0.00000000

     Dynamical  Matrix in cartesian axes

     q = (    0.625000000  -0.125000000   0.500000000 ) 

    1    1
  0.04329475  0.00000000    0.00093518  0.00000000    0.03114556  0.00000000
  0.00093518  0.00000000    0.02960141  0.00000000    0.00725708  0.00000000
  0.03114556  0.00000000    0.00725708  0.00000000    0.04523084  0.00000000

     Dynamical  Matrix in cartesian axes

     q = (   -0.625000000   0.500000000   0.125000000 ) 

    1    1
  0.04329475  0.00000000   -0.03114556  0.00000000    0.00093518  0.00000000
 -0.03114556  0.00000000    0.04523084  0.00000000   -0.00725708  0.00000000
  0.00093518  0.00000000   -0.00725708  0.00000000    0.02960141  0.00000000

     Dynamical  Matrix in cartesian axes

     q = (    0.625000000   0.500000000  -0.125000000 ) 

    1    1
  0.04329475  0.00000000    0.03114556  0.00000000    0.00093518  0.00000000
  0.03114556  0.00000000    0.04523084  0.00000000    0.00725708  0.00000000
  0.00093518  0.00000000    0.00725708  0.00000000    0.02960141  0.00000000

     Dynamical  Matrix in cartesian axes

     q = (   -0.625000000  -0.500000000  -0.125000000 ) 

    1    1
  0.04329475  0.00000000    0.03114556  0.00000000   -0.00093518  0.00000000
  0.03114556  0.00000000    0.04523084  0.00000000   -0.00725708  0.00000000
 -0.00093518  0.00000000   -0.00725708  0.00000000    0.02960141  0.00000000

     Dynamical  Matrix in cartesian axes

     q = (    0.625000000  -0.500000000   0.125000000 ) 

    1    1
  0.04329475  0.00000000   -0.03114556  0.00000000   -0.00093518  0.00000000
 -0.03114556  0.00000000    0.04523084  0.00000000    0.00725708  0.00000000
 -0.00093518  0.00000000    0.00725708  0.00000000    0.02960141  0.00000000

     Dynamical  Matrix in cartesian axes

     q = (    0.500000000   0.125000000  -0.625000000 ) 

    1    1
  0.04523084  0.00000000   -0.00725708  0.00000000   -0.03114556  0.00000000
 -0.00725708  0.00000000    0.02960141  0.00000000    0.00093518  0.00000000
 -0.03114556  0.00000000    0.00093518  0.00000000    0.04329475  0.00000000

     Dynamical  Matrix in cartesian axes

     q = (    0.500000000  -0.125000000   0.625000000 ) 

    1    1
  0.04523084  0.00000000    0.00725708  0.00000000    0.03114556  0.00000000
  0.00725708  0.00000000    0.02960141  0.00000000    0.00093518  0.00000000
  0.03114556  0.00000000    0.00093518  0.00000000    0.04329475  0.00000000

     Dynamical  Matrix in cartesian axes

     q = (   -0.500000000  -0.125000000  -0.625000000 ) 

    1    1
  0.04523084  0.00000000   -0.00725708  0.00000000    0.03114556  0.00000000
 -0.00725708  0.00000000    0.02960141  0.00000000   -0.00093518  0.00000000
  0.03114556  0.00000000   -0.00093518  0.00000000    0.04329475  0.00000000

     Dynamical  Matrix in cartesian axes

     q = (   -0.500000000   0.125000000   0.625000000 ) 

    1    1
  0.04523084  0.00000000    0.00725708  0.00000000   -0.03114556  0.00000000
  0.00725708  0.00000000    0.02960141  0.00000000   -0.00093518  0.00000000
 -0.03114556  0.00000000   -0.00093518  0.00000000    0.04329475  0.00000000

     Diagonalizing the dynamical matrix

     q = (   -0.125000000   0.625000000  -0.500000000 ) 

 **************************************************************************
     freq (    1) =       2.487447 [THz] =      82.972315 [cm-1]
 (  0.248313 -0.000000  0.679355 -0.000000  0.690519  0.000000 ) 
     freq (    2) =       3.935218 [THz] =     131.264753 [cm-1]
 (  0.960490  0.000000 -0.265175  0.000000 -0.084508  0.000000 ) 
     freq (    3) =       6.272221 [THz] =     209.218766 [cm-1]
 ( -0.125697  0.000000 -0.684221  0.000000  0.718360  0.000000 ) 
 **************************************************************************
