Dynamical matrix file
                                                                           
  1    1  3  7.7300000  0.0000000  0.0000000  0.0000000  0.0000000  0.0000000
           1  'Na  '    20954.103126620943     
    1    1      0.0000000000      0.0000000000      0.0000000000

     Dynamical  Matrix in cartesian axes

     q = (   -0.166666667   0.666666667  -0.500000000 ) 

    1    1
  0.01699296  0.00000000   -0.00039738  0.00000000   -0.00444969  0.00000000
 -0.00039738  0.00000000    0.01938713  0.00000000   -0.01345231  0.00000000
 -0.00444969  0.00000000   -0.01345231  0.00000000    0.02009156  0.00000000

     Dynamical  Matrix in cartesian axes

     q = (    0.666666667  -0.166666667  -0.500000000 ) 

    1    1
  0.01938713  0.00000000   -0.00039738  0.00000000   -0.01345231  0.00000000
 -0.00039738  0.00000000    0.01699296  0.00000000   -0.00444969  0.00000000
 -0.01345231  0.00000000   -0.00444969  0.00000000    0.02009156  0.00000000

     Dynamical  Matrix in cartesian axes

     q = (   -0.166666667   0.500000000  -0.666666667 ) 

    1    1
  0.01699296  0.00000000    0.00444969  0.00000000    0.00039738  0.00000000
  0.00444969  0.00000000    0.02009156  0.00000000   -0.01345231  0.00000000
  0.00039738  0.00000000   -0.01345231  0.00000000    0.01938713  0.00000000

     Dynamical  Matrix in cartesian axes

     q = (    0.166666667   0.500000000  -0.666666667 ) 

    1    1
  0.01699296  0.00000000   -0.00444969  0.00000000   -0.00039738  0.00000000
 -0.00444969  0.00000000    0.02009156  0.00000000   -0.01345231  0.00000000
 -0.00039738  0.00000000   -0.01345231  0.00000000    0.01938713  0.00000000

     Dynamical  Matrix in cartesian axes

     q = (   -0.166666667  -0.500000000   0.666666667 ) 

    1    1
  0.01699296  0.00000000   -0.00444969  0.00000000   -0.00039738  0.00000000
 -0.00444969  0.00000000    0.02009156  0.00000000   -0.01345231  0.00000000
 -0.00039738  0.00000000   -0.01345231  0.00000000    0.01938713  0.00000000

     Dynamical  Matrix in cartesian axes

     q = (    0.166666667  -0.500000000   0.666666667 ) 

    1    1
  0.01699296  0.00000000    0.00444969  0.00000000    0.00039738  0.00000000
  0.00444969  0.00000000    0.02009156  0.00000000   -0.01345231  0.00000000
  0.00039738  0.00000000   -0.01345231  0.00000000    0.01938713  0.00000000

     Dynamical  Matrix in cartesian axes

     q = (    0.166666667  -0.666666667   0.500000000 ) 

    1    1
  0.01699296  0.00000000   -0.00039738  0.00000000   -0.00444969  0.00000000
 -0.00039738  0.00000000    0.01938713  0.00000000   -0.01345231  0.00000000
 -0.00444969  0.00000000   -0.01345231  0.00000000    0.02009156  0.00000000

     Dynamical  Matrix in cartesian axes

     q = (   -0.166666667  -0.666666667   0.500000000 ) 

    1    1
  0.01699296  0.00000000    0.00039738  0.00000000    0.00444969  0.00000000
  0.00039738  0.00000000    0.01938713  0.00000000   -0.01345231  0.00000000
  0.00444969  0.00000000   -0.01345231  0.00000000    0.02009156  0.00000000

     Dynamical  Matrix in cartesian axes

     q = (   -0.500000000  -0.666666667  -0.166666667 ) 

    1    1
  0.02009156  0.00000000    0.01345231  0.00000000   -0.00444969  0.00000000
  0.01345231  0.00000000    0.01938713  0.00000000    0.00039738  0.00000000
 -0.00444969  0.00000000    0.00039738  0.00000000    0.01699296  0.00000000

     Dynamical  Matrix in cartesian axes

     q = (    0.500000000  -0.666666667   0.166666667 ) 

    1    1
  0.02009156  0.00000000   -0.01345231  0.00000000   -0.00444969  0.00000000
 -0.01345231  0.00000000    0.01938713  0.00000000   -0.00039738  0.00000000
 -0.00444969  0.00000000   -0.00039738  0.00000000    0.01699296  0.00000000

     Dynamical  Matrix in cartesian axes

     q = (   -0.500000000   0.666666667   0.166666667 ) 

    1    1
  0.02009156  0.00000000   -0.01345231  0.00000000    0.00444969  0.00000000
 -0.01345231  0.00000000    0.01938713  0.00000000    0.00039738  0.00000000
  0.00444969  0.00000000    0.00039738  0.00000000    0.01699296  0.00000000

     Dynamical  Matrix in cartesian axes

     q = (    0.500000000   0.666666667  -0.166666667 ) 

    1    1
  0.02009156  0.00000000    0.01345231  0.00000000    0.00444969  0.00000000
  0.01345231  0.00000000    0.01938713  0.00000000   -0.00039738  0.00000000
  0.00444969  0.00000000   -0.00039738  0.00000000    0.01699296  0.00000000

     Dynamical  Matrix in cartesian axes

     q = (    0.666666667  -0.166666667   0.500000000 ) 

    1    1
  0.01938713  0.00000000   -0.00039738  0.00000000    0.01345231  0.00000000
 -0.00039738  0.00000000    0.01699296  0.00000000    0.00444969  0.00000000
  0.01345231  0.00000000    0.00444969  0.00000000    0.02009156  0.00000000

     Dynamical  Matrix in cartesian axes

     q = (    0.666666667  -0.500000000  -0.166666667 ) 

    1    1
  0.01938713  0.00000000   -0.01345231  0.00000000   -0.00039738  0.00000000
 -0.01345231  0.00000000    0.02009156  0.00000000   -0.00444969  0.00000000
 -0.00039738  0.00000000   -0.00444969  0.00000000    0.01699296  0.00000000

     Dynamical  Matrix in cartesian axes

     q = (   -0.166666667  -0.500000000  -0.666666667 ) 

    1    1
  0.01699296  0.00000000   -0.00444969  0.00000000    0.00039738  0.00000000
 -0.00444969  0.00000000    0.02009156  0.00000000    0.01345231  0.00000000
  0.00039738  0.00000000    0.01345231  0.00000000    0.01938713  0.00000000

     Dynamical  Matrix in cartesian axes

     q = (   -0.166666667   0.500000000   0.666666667 ) 

    1    1
  0.01699296  0.00000000    0.00444969  0.00000000   -0.00039738  0.00000000
  0.00444969  0.00000000    0.02009156  0.00000000    0.01345231  0.00000000
 -0.00039738  0.00000000    0.01345231  0.00000000    0.01938713  0.00000000

     Dynamical  Matrix in cartesian axes

     q = (    0.666666667   0.166666667  -0.500000000 ) 

    1    1
  0.01938713  0.00000000    0.00039738  0.00000000   -0.01345231  0.00000000
  0.00039738  0.00000000    0.01699296  0.00000000    0.00444969  0.00000000
 -0.01345231  0.00000000    0.00444969  0.00000000    0.02009156  0.00000000

     Dynamical  Matrix in cartesian axes

     q = (    0.166666667   0.666666667  -0.500000000 ) 

    1    1
  0.01699296  0.00000000    0.00039738  0.00000000    0.00444969  0.00000000
  0.00039738  0.00000000    0.01938713  0.00000000   -0.01345231  0.00000000
  0.00444969  0.00000000   -0.01345231  0.00000000    0.02009156  0.00000000

     Dynamical  Matrix in cartesian axes

     q = (    0.666666667   0.500000000   0.166666667 ) 

    1    1
  0.01938713  0.00000000    0.01345231  0.00000000    0.00039738  0.00000000
  0.01345231  0.00000000    0.02009156  0.00000000   -0.00444969  0.00000000
  0.00039738  0.00000000   -0.00444969  0.00000000    0.01699296  0.00000000

     Dynamical  Matrix in cartesian axes

     q = (   -0.666666667   0.500000000  -0.166666667 ) 

    1    1
  0.01938713  0.00000000   -0.01345231  0.00000000    0.00039738  0.00000000
 -0.01345231  0.00000000    0.02009156  0.00000000    0.00444969  0.00000000
  0.00039738  0.00000000    0.00444969  0.00000000    0.01699296  0.00000000

     Dynamical  Matrix in cartesian axes

     q = (    0.500000000   0.166666667   0.666666667 ) 

    1    1
  0.02009156  0.00000000   -0.00444969  0.00000000    0.01345231  0.00000000
 -0.00444969  0.00000000    0.01699296  0.00000000    0.00039738  0.00000000
  0.01345231  0.00000000    0.00039738  0.00000000    0.01938713  0.00000000

     Dynamical  Matrix in cartesian axes

     q = (   -0.500000000   0.166666667  -0.666666667 ) 

    1    1
  0.02009156  0.00000000    0.00444969  0.00000000    0.01345231  0.00000000
  0.00444969  0.00000000    0.01699296  0.00000000   -0.00039738  0.00000000
  0.01345231  0.00000000   -0.00039738  0.00000000    0.01938713  0.00000000

     Dynamical  Matrix in cartesian axes

     q = (    0.500000000   0.666666667   0.166666667 ) 

    1    1
  0.02009156  0.00000000    0.01345231  0.00000000   -0.00444969  0.00000000
  0.01345231  0.00000000    0.01938713  0.00000000    0.00039738  0.00000000
 -0.00444969  0.00000000    0.00039738  0.00000000    0.01699296  0.00000000

     Dynamical  Matrix in cartesian axes

     q = (    0.500000000  -0.166666667  -0.666666667 ) 

    1    1
  0.02009156  0.00000000    0.00444969  0.00000000   -0.01345231  0.00000000
  0.00444969  0.00000000    0.01699296  0.00000000    0.00039738  0.00000000
 -0.01345231  0.00000000    0.00039738  0.00000000    0.01938713  0.00000000

     Dynamical  Matrix in cartesian axes

     q = (   -0.666666667   0.166666667   0.500000000 ) 

    1    1
  0.01938713  0.00000000   -0.00039738  0.00000000   -0.01345231  0.00000000
 -0.00039738  0.00000000    0.01699296  0.00000000   -0.00444969  0.00000000
 -0.01345231  0.00000000   -0.00444969  0.00000000    0.02009156  0.00000000

     Dynamical  Matrix in cartesian axes

     q = (   -0.166666667   0.666666667   0.500000000 ) 

    1    1
  0.01699296  0.00000000   -0.00039738  0.00000000    0.00444969  0.00000000
 -0.00039738  0.00000000    0.01938713  0.00000000    0.01345231  0.00000000
  0.00444969  0.00000000    0.01345231  0.00000000    0.02009156  0.00000000

     Dynamical  Matrix in cartesian axes

     q = (   -0.500000000  -0.166666667   0.666666667 ) 

    1    1
  0.02009156  0.00000000   -0.00444969  0.00000000   -0.01345231  0.00000000
 -0.00444969  0.00000000    0.01699296  0.00000000   -0.00039738  0.00000000
 -0.01345231  0.00000000   -0.00039738  0.00000000    0.01938713  0.00000000

     Dynamical  Matrix in cartesian axes

     q = (    0.166666667   0.666666667   0.500000000 ) 

    1    1
  0.01699296  0.00000000    0.00039738  0.00000000   -0.00444969  0.00000000
  0.00039738  0.00000000    0.01938713  0.00000000    0.01345231  0.00000000
 -0.00444969  0.00000000    0.01345231  0.00000000    0.02009156  0.00000000

     Dynamical  Matrix in cartesian axes

     q = (   -0.500000000   0.666666667  -0.166666667 ) 

    1    1
  0.02009156  0.00000000   -0.01345231  0.00000000   -0.00444969  0.00000000
 -0.01345231  0.00000000    0.01938713  0.00000000   -0.00039738  0.00000000
 -0.00444969  0.00000000   -0.00039738  0.00000000    0.01699296  0.00000000

     Dynamical  Matrix in cartesian axes

     q = (   -0.666666667  -0.166666667  -0.500000000 ) 

    1    1
  0.01938713  0.00000000    0.00039738  0.00000000    0.01345231  0.00000000
  0.00039738  0.00000000    0.01699296  0.00000000   -0.00444969  0.00000000
  0.01345231  0.00000000   -0.00444969  0.00000000    0.02009156  0.00000000

     Dynamical  Matrix in cartesian axes

     q = (   -0.666666667  -0.166666667   0.500000000 ) 

    1    1
  0.01938713  0.00000000    0.00039738  0.00000000   -0.01345231  0.00000000
  0.00039738  0.00000000    0.01699296  0.00000000    0.00444969  0.00000000
 -0.01345231  0.00000000    0.00444969  0.00000000    0.02009156  0.00000000

     Dynamical  Matrix in cartesian axes

     q = (    0.666666667   0.166666667   0.500000000 ) 

    1    1
  0.01938713  0.00000000    0.00039738  0.00000000    0.01345231  0.00000000
  0.00039738  0.00000000    0.01699296  0.00000000   -0.00444969  0.00000000
  0.01345231  0.00000000   -0.00444969  0.00000000    0.02009156  0.00000000

     Dynamical  Matrix in cartesian axes

     q = (    0.166666667  -0.666666667  -0.500000000 ) 

    1    1
  0.01699296  0.00000000   -0.00039738  0.00000000    0.00444969  0.00000000
 -0.00039738  0.00000000    0.01938713  0.00000000    0.01345231  0.00000000
  0.00444969  0.00000000    0.01345231  0.00000000    0.02009156  0.00000000

     Dynamical  Matrix in cartesian axes

     q = (   -0.666666667   0.166666667  -0.500000000 ) 

    1    1
  0.01938713  0.00000000   -0.00039738  0.00000000    0.01345231  0.00000000
 -0.00039738  0.00000000    0.01699296  0.00000000    0.00444969  0.00000000
  0.01345231  0.00000000    0.00444969  0.00000000    0.02009156  0.00000000

     Dynamical  Matrix in cartesian axes

     q = (    0.500000000  -0.666666667  -0.166666667 ) 

    1    1
  0.02009156  0.00000000   -0.01345231  0.00000000    0.00444969  0.00000000
 -0.01345231  0.00000000    0.01938713  0.00000000    0.00039738  0.00000000
  0.00444969  0.00000000    0.00039738  0.00000000    0.01699296  0.00000000

     Dynamical  Matrix in cartesian axes

     q = (   -0.500000000  -0.666666667   0.166666667 ) 

    1    1
  0.02009156  0.00000000    0.01345231  0.00000000    0.00444969  0.00000000
  0.01345231  0.00000000    0.01938713  0.00000000   -0.00039738  0.00000000
  0.00444969  0.00000000   -0.00039738  0.00000000    0.01699296  0.00000000

     Dynamical  Matrix in cartesian axes

     q = (   -0.166666667  -0.666666667  -0.500000000 ) 

    1    1
  0.01699296  0.00000000    0.00039738  0.00000000   -0.00444969  0.00000000
  0.00039738  0.00000000    0.01938713  0.00000000    0.01345231  0.00000000
 -0.00444969  0.00000000    0.01345231  0.00000000    0.02009156  0.00000000

     Dynamical  Matrix in cartesian axes

     q = (   -0.666666667  -0.500000000   0.166666667 ) 

    1    1
  0.01938713  0.00000000    0.01345231  0.00000000   -0.00039738  0.00000000
  0.01345231  0.00000000    0.02009156  0.00000000    0.00444969  0.00000000
 -0.00039738  0.00000000    0.00444969  0.00000000    0.01699296  0.00000000

     Dynamical  Matrix in cartesian axes

     q = (    0.166666667   0.500000000   0.666666667 ) 

    1    1
  0.01699296  0.00000000   -0.00444969  0.00000000    0.00039738  0.00000000
 -0.00444969  0.00000000    0.02009156  0.00000000    0.01345231  0.00000000
  0.00039738  0.00000000    0.01345231  0.00000000    0.01938713  0.00000000

     Dynamical  Matrix in cartesian axes

     q = (    0.166666667  -0.500000000  -0.666666667 ) 

    1    1
  0.01699296  0.00000000    0.00444969  0.00000000   -0.00039738  0.00000000
  0.00444969  0.00000000    0.02009156  0.00000000    0.01345231  0.00000000
 -0.00039738  0.00000000    0.01345231  0.00000000    0.01938713  0.00000000

     Dynamical  Matrix in cartesian axes

     q = (   -0.666666667   0.500000000   0.166666667 ) 

    1    1
  0.01938713  0.00000000   -0.01345231  0.00000000   -0.00039738  0.00000000
 -0.01345231  0.00000000    0.02009156  0.00000000   -0.00444969  0.00000000
 -0.00039738  0.00000000   -0.00444969  0.00000000    0.01699296  0.00000000

     Dynamical  Matrix in cartesian axes

     q = (    0.666666667   0.500000000  -0.166666667 ) 

    1    1
  0.01938713  0.00000000    0.01345231  0.00000000   -0.00039738  0.00000000
  0.01345231  0.00000000    0.02009156  0.00000000    0.00444969  0.00000000
 -0.00039738  0.00000000    0.00444969  0.00000000    0.01699296  0.00000000

     Dynamical  Matrix in cartesian axes

     q = (   -0.666666667  -0.500000000  -0.166666667 ) 

    1    1
  0.01938713  0.00000000    0.01345231  0.00000000    0.00039738  0.00000000
  0.01345231  0.00000000    0.02009156  0.00000000   -0.00444969  0.00000000
  0.00039738  0.00000000   -0.00444969  0.00000000    0.01699296  0.00000000

     Dynamical  Matrix in cartesian axes

     q = (    0.666666667  -0.500000000   0.166666667 ) 

    1    1
  0.01938713  0.00000000   -0.01345231  0.00000000    0.00039738  0.00000000
 -0.01345231  0.00000000    0.02009156  0.00000000    0.00444969  0.00000000
  0.00039738  0.00000000    0.00444969  0.00000000    0.01699296  0.00000000

     Dynamical  Matrix in cartesian axes

     q = (    0.500000000   0.166666667  -0.666666667 ) 

    1    1
  0.02009156  0.00000000   -0.00444969  0.00000000   -0.01345231  0.00000000
 -0.00444969  0.00000000    0.01699296  0.00000000   -0.00039738  0.00000000
 -0.01345231  0.00000000   -0.00039738  0.00000000    0.01938713  0.00000000

     Dynamical  Matrix in cartesian axes

     q = (    0.500000000  -0.166666667   0.666666667 ) 

    1    1
  0.02009156  0.00000000    0.00444969  0.00000000    0.01345231  0.00000000
  0.00444969  0.00000000    0.01699296  0.00000000   -0.00039738  0.00000000
  0.01345231  0.00000000   -0.00039738  0.00000000    0.01938713  0.00000000

     Dynamical  Matrix in cartesian axes

     q = (   -0.500000000  -0.166666667  -0.666666667 ) 

    1    1
  0.02009156  0.00000000   -0.00444969  0.00000000    0.01345231  0.00000000
 -0.00444969  0.00000000    0.01699296  0.00000000    0.00039738  0.00000000
  0.01345231  0.00000000    0.00039738  0.00000000    0.01938713  0.00000000

     Dynamical  Matrix in cartesian axes

     q = (   -0.500000000   0.166666667   0.666666667 ) 

    1    1
  0.02009156  0.00000000    0.00444969  0.00000000   -0.01345231  0.00000000
  0.00444969  0.00000000    0.01699296  0.00000000    0.00039738  0.00000000
 -0.01345231  0.00000000    0.00039738  0.00000000    0.01938713  0.00000000

     Diagonalizing the dynamical matrix

     q = (   -0.166666667   0.666666667  -0.500000000 ) 

 **************************************************************************
     freq (    1) =       1.650763 [THz] =      55.063543 [cm-1]
 (  0.284559 -0.000000  0.665664 -0.000000  0.689868  0.000000 ) 
     freq (    2) =       3.004785 [THz] =     100.228835 [cm-1]
 (  0.942426  0.000000 -0.326109  0.000000 -0.074068  0.000000 ) 
     freq (    3) =       4.173077 [THz] =     139.198860 [cm-1]
 ( -0.175668  0.000000 -0.671226  0.000000  0.720136  0.000000 ) 
 **************************************************************************
