Dynamical matrix file
                                                                           
  1    1  2  8.8682620  0.0000000  0.0000000  0.0000000  0.0000000  0.0000000
           1  'Na  '    20954.103126620943     
    1    1      0.0000000000      0.0000000000      0.0000000000

     Dynamical  Matrix in cartesian axes

     q = (    0.625000000  -0.125000000   0.875000000 ) 

    1    1
  0.03225756  0.00000000   -0.00976260  0.00000000    0.00844994  0.00000000
 -0.00976260  0.00000000    0.06471968  0.00000000   -0.00300724  0.00000000
  0.00844994  0.00000000   -0.00300724  0.00000000    0.04517500  0.00000000

     Dynamical  Matrix in cartesian axes

     q = (    0.625000000  -0.125000000  -0.875000000 ) 

    1    1
  0.03225756  0.00000000   -0.00976260  0.00000000   -0.00844994  0.00000000
 -0.00976260  0.00000000    0.06471968  0.00000000    0.00300724  0.00000000
 -0.00844994  0.00000000    0.00300724  0.00000000    0.04517500  0.00000000

     Dynamical  Matrix in cartesian axes

     q = (    0.875000000   0.125000000   0.625000000 ) 

    1    1
  0.04517500  0.00000000    0.00300724  0.00000000    0.00844994  0.00000000
  0.00300724  0.00000000    0.06471968  0.00000000    0.00976260  0.00000000
  0.00844994  0.00000000    0.00976260  0.00000000    0.03225756  0.00000000

     Dynamical  Matrix in cartesian axes

     q = (    0.625000000   0.125000000   0.875000000 ) 

    1    1
  0.03225756  0.00000000    0.00976260  0.00000000    0.00844994  0.00000000
  0.00976260  0.00000000    0.06471968  0.00000000    0.00300724  0.00000000
  0.00844994  0.00000000    0.00300724  0.00000000    0.04517500  0.00000000

     Dynamical  Matrix in cartesian axes

     q = (    0.875000000  -0.125000000  -0.625000000 ) 

    1    1
  0.04517500  0.00000000   -0.00300724  0.00000000   -0.00844994  0.00000000
 -0.00300724  0.00000000    0.06471968  0.00000000    0.00976260  0.00000000
 -0.00844994  0.00000000    0.00976260  0.00000000    0.03225756  0.00000000

     Dynamical  Matrix in cartesian axes

     q = (    0.875000000  -0.125000000   0.625000000 ) 

    1    1
  0.04517500  0.00000000   -0.00300724  0.00000000    0.00844994  0.00000000
 -0.00300724  0.00000000    0.06471968  0.00000000   -0.00976260  0.00000000
  0.00844994  0.00000000   -0.00976260  0.00000000    0.03225756  0.00000000

     Dynamical  Matrix in cartesian axes

     q = (   -0.875000000  -0.125000000   0.625000000 ) 

    1    1
  0.04517500  0.00000000    0.00300724  0.00000000   -0.00844994  0.00000000
  0.00300724  0.00000000    0.06471968  0.00000000   -0.00976260  0.00000000
 -0.00844994  0.00000000   -0.00976260  0.00000000    0.03225756  0.00000000

     Dynamical  Matrix in cartesian axes

     q = (   -0.625000000  -0.125000000  -0.875000000 ) 

    1    1
  0.03225756  0.00000000    0.00976260  0.00000000    0.00844994  0.00000000
  0.00976260  0.00000000    0.06471968  0.00000000    0.00300724  0.00000000
  0.00844994  0.00000000    0.00300724  0.00000000    0.04517500  0.00000000

     Dynamical  Matrix in cartesian axes

     q = (   -0.875000000   0.125000000  -0.625000000 ) 

    1    1
  0.04517500  0.00000000   -0.00300724  0.00000000    0.00844994  0.00000000
 -0.00300724  0.00000000    0.06471968  0.00000000   -0.00976260  0.00000000
  0.00844994  0.00000000   -0.00976260  0.00000000    0.03225756  0.00000000

     Dynamical  Matrix in cartesian axes

     q = (   -0.625000000  -0.125000000   0.875000000 ) 

    1    1
  0.03225756  0.00000000    0.00976260  0.00000000   -0.00844994  0.00000000
  0.00976260  0.00000000    0.06471968  0.00000000   -0.00300724  0.00000000
 -0.00844994  0.00000000   -0.00300724  0.00000000    0.04517500  0.00000000

     Dynamical  Matrix in cartesian axes

     q = (   -0.875000000   0.125000000   0.625000000 ) 

    1    1
  0.04517500  0.00000000   -0.00300724  0.00000000   -0.00844994  0.00000000
 -0.00300724  0.00000000    0.06471968  0.00000000    0.00976260  0.00000000
 -0.00844994  0.00000000    0.00976260  0.00000000    0.03225756  0.00000000

     Dynamical  Matrix in cartesian axes

     q = (    0.875000000   0.125000000  -0.625000000 ) 

    1    1
  0.04517500  0.00000000    0.00300724  0.00000000   -0.00844994  0.00000000
  0.00300724  0.00000000    0.06471968  0.00000000   -0.00976260  0.00000000
 -0.00844994  0.00000000   -0.00976260  0.00000000    0.03225756  0.00000000

     Dynamical  Matrix in cartesian axes

     q = (   -0.625000000   0.125000000   0.875000000 ) 

    1    1
  0.03225756  0.00000000   -0.00976260  0.00000000   -0.00844994  0.00000000
 -0.00976260  0.00000000    0.06471968  0.00000000    0.00300724  0.00000000
 -0.00844994  0.00000000    0.00300724  0.00000000    0.04517500  0.00000000

     Dynamical  Matrix in cartesian axes

     q = (   -0.875000000  -0.125000000  -0.625000000 ) 

    1    1
  0.04517500  0.00000000    0.00300724  0.00000000    0.00844994  0.00000000
  0.00300724  0.00000000    0.06471968  0.00000000    0.00976260  0.00000000
  0.00844994  0.00000000    0.00976260  0.00000000    0.03225756  0.00000000

     Dynamical  Matrix in cartesian axes

     q = (    0.625000000   0.125000000  -0.875000000 ) 

    1    1
  0.03225756  0.00000000    0.00976260  0.00000000   -0.00844994  0.00000000
  0.00976260  0.00000000    0.06471968  0.00000000   -0.00300724  0.00000000
 -0.00844994  0.00000000   -0.00300724  0.00000000    0.04517500  0.00000000

     Dynamical  Matrix in cartesian axes

     q = (   -0.625000000   0.125000000  -0.875000000 ) 

    1    1
  0.03225756  0.00000000   -0.00976260  0.00000000    0.00844994  0.00000000
 -0.00976260  0.00000000    0.06471968  0.00000000   -0.00300724  0.00000000
  0.00844994  0.00000000   -0.00300724  0.00000000    0.04517500  0.00000000

     Dynamical  Matrix in cartesian axes

     q = (   -0.125000000   0.875000000   0.625000000 ) 

    1    1
  0.06471968  0.00000000   -0.00300724  0.00000000   -0.00976260  0.00000000
 -0.00300724  0.00000000    0.04517500  0.00000000    0.00844994  0.00000000
 -0.00976260  0.00000000    0.00844994  0.00000000    0.03225756  0.00000000

     Dynamical  Matrix in cartesian axes

     q = (    0.125000000   0.875000000  -0.625000000 ) 

    1    1
  0.06471968  0.00000000    0.00300724  0.00000000   -0.00976260  0.00000000
  0.00300724  0.00000000    0.04517500  0.00000000   -0.00844994  0.00000000
 -0.00976260  0.00000000   -0.00844994  0.00000000    0.03225756  0.00000000

     Dynamical  Matrix in cartesian axes

     q = (   -0.125000000  -0.875000000  -0.625000000 ) 

    1    1
  0.06471968  0.00000000    0.00300724  0.00000000    0.00976260  0.00000000
  0.00300724  0.00000000    0.04517500  0.00000000    0.00844994  0.00000000
  0.00976260  0.00000000    0.00844994  0.00000000    0.03225756  0.00000000

     Dynamical  Matrix in cartesian axes

     q = (   -0.125000000   0.625000000  -0.875000000 ) 

    1    1
  0.06471968  0.00000000   -0.00976260  0.00000000    0.00300724  0.00000000
 -0.00976260  0.00000000    0.03225756  0.00000000   -0.00844994  0.00000000
  0.00300724  0.00000000   -0.00844994  0.00000000    0.04517500  0.00000000

     Dynamical  Matrix in cartesian axes

     q = (    0.875000000   0.625000000  -0.125000000 ) 

    1    1
  0.04517500  0.00000000    0.00844994  0.00000000   -0.00300724  0.00000000
  0.00844994  0.00000000    0.03225756  0.00000000   -0.00976260  0.00000000
 -0.00300724  0.00000000   -0.00976260  0.00000000    0.06471968  0.00000000

     Dynamical  Matrix in cartesian axes

     q = (   -0.125000000   0.875000000  -0.625000000 ) 

    1    1
  0.06471968  0.00000000   -0.00300724  0.00000000    0.00976260  0.00000000
 -0.00300724  0.00000000    0.04517500  0.00000000   -0.00844994  0.00000000
  0.00976260  0.00000000   -0.00844994  0.00000000    0.03225756  0.00000000

     Dynamical  Matrix in cartesian axes

     q = (   -0.875000000  -0.625000000  -0.125000000 ) 

    1    1
  0.04517500  0.00000000    0.00844994  0.00000000    0.00300724  0.00000000
  0.00844994  0.00000000    0.03225756  0.00000000    0.00976260  0.00000000
  0.00300724  0.00000000    0.00976260  0.00000000    0.06471968  0.00000000

     Dynamical  Matrix in cartesian axes

     q = (   -0.875000000   0.625000000   0.125000000 ) 

    1    1
  0.04517500  0.00000000   -0.00844994  0.00000000   -0.00300724  0.00000000
 -0.00844994  0.00000000    0.03225756  0.00000000    0.00976260  0.00000000
 -0.00300724  0.00000000    0.00976260  0.00000000    0.06471968  0.00000000

     Dynamical  Matrix in cartesian axes

     q = (    0.125000000  -0.625000000   0.875000000 ) 

    1    1
  0.06471968  0.00000000   -0.00976260  0.00000000    0.00300724  0.00000000
 -0.00976260  0.00000000    0.03225756  0.00000000   -0.00844994  0.00000000
  0.00300724  0.00000000   -0.00844994  0.00000000    0.04517500  0.00000000

     Dynamical  Matrix in cartesian axes

     q = (    0.125000000  -0.875000000   0.625000000 ) 

    1    1
  0.06471968  0.00000000   -0.00300724  0.00000000    0.00976260  0.00000000
 -0.00300724  0.00000000    0.04517500  0.00000000   -0.00844994  0.00000000
  0.00976260  0.00000000   -0.00844994  0.00000000    0.03225756  0.00000000

     Dynamical  Matrix in cartesian axes

     q = (    0.625000000  -0.875000000   0.125000000 ) 

    1    1
  0.03225756  0.00000000   -0.00844994  0.00000000    0.00976260  0.00000000
 -0.00844994  0.00000000    0.04517500  0.00000000   -0.00300724  0.00000000
  0.00976260  0.00000000   -0.00300724  0.00000000    0.06471968  0.00000000

     Dynamical  Matrix in cartesian axes

     q = (   -0.875000000   0.625000000  -0.125000000 ) 

    1    1
  0.04517500  0.00000000   -0.00844994  0.00000000    0.00300724  0.00000000
 -0.00844994  0.00000000    0.03225756  0.00000000   -0.00976260  0.00000000
  0.00300724  0.00000000   -0.00976260  0.00000000    0.06471968  0.00000000

     Dynamical  Matrix in cartesian axes

     q = (    0.125000000   0.625000000   0.875000000 ) 

    1    1
  0.06471968  0.00000000    0.00976260  0.00000000    0.00300724  0.00000000
  0.00976260  0.00000000    0.03225756  0.00000000    0.00844994  0.00000000
  0.00300724  0.00000000    0.00844994  0.00000000    0.04517500  0.00000000

     Dynamical  Matrix in cartesian axes

     q = (   -0.125000000   0.625000000   0.875000000 ) 

    1    1
  0.06471968  0.00000000   -0.00976260  0.00000000   -0.00300724  0.00000000
 -0.00976260  0.00000000    0.03225756  0.00000000    0.00844994  0.00000000
 -0.00300724  0.00000000    0.00844994  0.00000000    0.04517500  0.00000000

     Dynamical  Matrix in cartesian axes

     q = (    0.125000000   0.625000000  -0.875000000 ) 

    1    1
  0.06471968  0.00000000    0.00976260  0.00000000   -0.00300724  0.00000000
  0.00976260  0.00000000    0.03225756  0.00000000   -0.00844994  0.00000000
 -0.00300724  0.00000000   -0.00844994  0.00000000    0.04517500  0.00000000

     Dynamical  Matrix in cartesian axes

     q = (   -0.125000000  -0.625000000  -0.875000000 ) 

    1    1
  0.06471968  0.00000000    0.00976260  0.00000000    0.00300724  0.00000000
  0.00976260  0.00000000    0.03225756  0.00000000    0.00844994  0.00000000
  0.00300724  0.00000000    0.00844994  0.00000000    0.04517500  0.00000000

     Dynamical  Matrix in cartesian axes

     q = (   -0.625000000  -0.875000000   0.125000000 ) 

    1    1
  0.03225756  0.00000000    0.00844994  0.00000000   -0.00976260  0.00000000
  0.00844994  0.00000000    0.04517500  0.00000000   -0.00300724  0.00000000
 -0.00976260  0.00000000   -0.00300724  0.00000000    0.06471968  0.00000000

     Dynamical  Matrix in cartesian axes

     q = (   -0.125000000  -0.625000000   0.875000000 ) 

    1    1
  0.06471968  0.00000000    0.00976260  0.00000000   -0.00300724  0.00000000
  0.00976260  0.00000000    0.03225756  0.00000000   -0.00844994  0.00000000
 -0.00300724  0.00000000   -0.00844994  0.00000000    0.04517500  0.00000000

     Dynamical  Matrix in cartesian axes

     q = (    0.875000000  -0.625000000   0.125000000 ) 

    1    1
  0.04517500  0.00000000   -0.00844994  0.00000000    0.00300724  0.00000000
 -0.00844994  0.00000000    0.03225756  0.00000000   -0.00976260  0.00000000
  0.00300724  0.00000000   -0.00976260  0.00000000    0.06471968  0.00000000

     Dynamical  Matrix in cartesian axes

     q = (    0.625000000   0.875000000   0.125000000 ) 

    1    1
  0.03225756  0.00000000    0.00844994  0.00000000    0.00976260  0.00000000
  0.00844994  0.00000000    0.04517500  0.00000000    0.00300724  0.00000000
  0.00976260  0.00000000    0.00300724  0.00000000    0.06471968  0.00000000

     Dynamical  Matrix in cartesian axes

     q = (    0.125000000  -0.625000000  -0.875000000 ) 

    1    1
  0.06471968  0.00000000   -0.00976260  0.00000000   -0.00300724  0.00000000
 -0.00976260  0.00000000    0.03225756  0.00000000    0.00844994  0.00000000
 -0.00300724  0.00000000    0.00844994  0.00000000    0.04517500  0.00000000

     Dynamical  Matrix in cartesian axes

     q = (    0.625000000   0.875000000  -0.125000000 ) 

    1    1
  0.03225756  0.00000000    0.00844994  0.00000000   -0.00976260  0.00000000
  0.00844994  0.00000000    0.04517500  0.00000000   -0.00300724  0.00000000
 -0.00976260  0.00000000   -0.00300724  0.00000000    0.06471968  0.00000000

     Dynamical  Matrix in cartesian axes

     q = (   -0.625000000  -0.875000000  -0.125000000 ) 

    1    1
  0.03225756  0.00000000    0.00844994  0.00000000    0.00976260  0.00000000
  0.00844994  0.00000000    0.04517500  0.00000000    0.00300724  0.00000000
  0.00976260  0.00000000    0.00300724  0.00000000    0.06471968  0.00000000

     Dynamical  Matrix in cartesian axes

     q = (   -0.625000000   0.875000000  -0.125000000 ) 

    1    1
  0.03225756  0.00000000   -0.00844994  0.00000000    0.00976260  0.00000000
 -0.00844994  0.00000000    0.04517500  0.00000000   -0.00300724  0.00000000
  0.00976260  0.00000000   -0.00300724  0.00000000    0.06471968  0.00000000

     Dynamical  Matrix in cartesian axes

     q = (    0.125000000  -0.875000000  -0.625000000 ) 

    1    1
  0.06471968  0.00000000   -0.00300724  0.00000000   -0.00976260  0.00000000
 -0.00300724  0.00000000    0.04517500  0.00000000    0.00844994  0.00000000
 -0.00976260  0.00000000    0.00844994  0.00000000    0.03225756  0.00000000

     Dynamical  Matrix in cartesian axes

     q = (   -0.125000000  -0.875000000   0.625000000 ) 

    1    1
  0.06471968  0.00000000    0.00300724  0.00000000   -0.00976260  0.00000000
  0.00300724  0.00000000    0.04517500  0.00000000   -0.00844994  0.00000000
 -0.00976260  0.00000000   -0.00844994  0.00000000    0.03225756  0.00000000

     Dynamical  Matrix in cartesian axes

     q = (    0.125000000   0.875000000   0.625000000 ) 

    1    1
  0.06471968  0.00000000    0.00300724  0.00000000    0.00976260  0.00000000
  0.00300724  0.00000000    0.04517500  0.00000000    0.00844994  0.00000000
  0.00976260  0.00000000    0.00844994  0.00000000    0.03225756  0.00000000

     Dynamical  Matrix in cartesian axes

     q = (    0.625000000  -0.875000000  -0.125000000 ) 

    1    1
  0.03225756  0.00000000   -0.00844994  0.00000000   -0.00976260  0.00000000
 -0.00844994  0.00000000    0.04517500  0.00000000    0.00300724  0.00000000
 -0.00976260  0.00000000    0.00300724  0.00000000    0.06471968  0.00000000

     Dynamical  Matrix in cartesian axes

     q = (   -0.875000000  -0.625000000   0.125000000 ) 

    1    1
  0.04517500  0.00000000    0.00844994  0.00000000   -0.00300724  0.00000000
  0.00844994  0.00000000    0.03225756  0.00000000   -0.00976260  0.00000000
 -0.00300724  0.00000000   -0.00976260  0.00000000    0.06471968  0.00000000

     Dynamical  Matrix in cartesian axes

     q = (   -0.625000000   0.875000000   0.125000000 ) 

    1    1
  0.03225756  0.00000000   -0.00844994  0.00000000   -0.00976260  0.00000000
 -0.00844994  0.00000000    0.04517500  0.00000000    0.00300724  0.00000000
 -0.00976260  0.00000000    0.00300724  0.00000000    0.06471968  0.00000000

     Dynamical  Matrix in cartesian axes

     q = (    0.875000000   0.625000000   0.125000000 ) 

    1    1
  0.04517500  0.00000000    0.00844994  0.00000000    0.00300724  0.00000000
  0.00844994  0.00000000    0.03225756  0.00000000    0.00976260  0.00000000
  0.00300724  0.00000000    0.00976260  0.00000000    0.06471968  0.00000000

     Dynamical  Matrix in cartesian axes

     q = (    0.875000000  -0.625000000  -0.125000000 ) 

    1    1
  0.04517500  0.00000000   -0.00844994  0.00000000   -0.00300724  0.00000000
 -0.00844994  0.00000000    0.03225756  0.00000000    0.00976260  0.00000000
 -0.00300724  0.00000000    0.00976260  0.00000000    0.06471968  0.00000000

     Diagonalizing the dynamical matrix

     q = (    0.625000000  -0.125000000   0.875000000 ) 

 **************************************************************************
     freq (    1) =       3.703293 [THz] =     123.528566 [cm-1]
 ( -0.903810  0.000000 -0.201429  0.000000  0.377563 -0.000000 ) 
     freq (    2) =       4.925306 [THz] =     164.290521 [cm-1]
 (  0.303868  0.000000  0.319151  0.000000  0.897667  0.000000 ) 
     freq (    3) =       5.954025 [THz] =     198.604900 [cm-1]
 (  0.301316  0.000000 -0.926050  0.000000  0.227244  0.000000 ) 
 **************************************************************************
