Dynamical matrix file
                                                                           
  1    1  3  7.5900000  0.0000000  0.0000000  0.0000000  0.0000000  0.0000000
           1  'Na  '    20954.103126620943     
    1    1      0.0000000000      0.0000000000      0.0000000000

     Dynamical  Matrix in cartesian axes

     q = (   -0.166666667   0.666666667  -0.500000000 ) 

    1    1
  0.01887633  0.00000000   -0.00049305  0.00000000   -0.00519209  0.00000000
 -0.00049305  0.00000000    0.02223580  0.00000000   -0.01567272  0.00000000
 -0.00519209  0.00000000   -0.01567272  0.00000000    0.02333925  0.00000000

     Dynamical  Matrix in cartesian axes

     q = (    0.666666667  -0.166666667  -0.500000000 ) 

    1    1
  0.02223580  0.00000000   -0.00049305  0.00000000   -0.01567272  0.00000000
 -0.00049305  0.00000000    0.01887633  0.00000000   -0.00519209  0.00000000
 -0.01567272  0.00000000   -0.00519209  0.00000000    0.02333925  0.00000000

     Dynamical  Matrix in cartesian axes

     q = (   -0.166666667   0.500000000  -0.666666667 ) 

    1    1
  0.01887633  0.00000000    0.00519209  0.00000000    0.00049305  0.00000000
  0.00519209  0.00000000    0.02333925  0.00000000   -0.01567272  0.00000000
  0.00049305  0.00000000   -0.01567272  0.00000000    0.02223580  0.00000000

     Dynamical  Matrix in cartesian axes

     q = (    0.166666667   0.500000000  -0.666666667 ) 

    1    1
  0.01887633  0.00000000   -0.00519209  0.00000000   -0.00049305  0.00000000
 -0.00519209  0.00000000    0.02333925  0.00000000   -0.01567272  0.00000000
 -0.00049305  0.00000000   -0.01567272  0.00000000    0.02223580  0.00000000

     Dynamical  Matrix in cartesian axes

     q = (   -0.166666667  -0.500000000   0.666666667 ) 

    1    1
  0.01887633  0.00000000   -0.00519209  0.00000000   -0.00049305  0.00000000
 -0.00519209  0.00000000    0.02333925  0.00000000   -0.01567272  0.00000000
 -0.00049305  0.00000000   -0.01567272  0.00000000    0.02223580  0.00000000

     Dynamical  Matrix in cartesian axes

     q = (    0.166666667  -0.500000000   0.666666667 ) 

    1    1
  0.01887633  0.00000000    0.00519209  0.00000000    0.00049305  0.00000000
  0.00519209  0.00000000    0.02333925  0.00000000   -0.01567272  0.00000000
  0.00049305  0.00000000   -0.01567272  0.00000000    0.02223580  0.00000000

     Dynamical  Matrix in cartesian axes

     q = (    0.166666667  -0.666666667   0.500000000 ) 

    1    1
  0.01887633  0.00000000   -0.00049305  0.00000000   -0.00519209  0.00000000
 -0.00049305  0.00000000    0.02223580  0.00000000   -0.01567272  0.00000000
 -0.00519209  0.00000000   -0.01567272  0.00000000    0.02333925  0.00000000

     Dynamical  Matrix in cartesian axes

     q = (   -0.166666667  -0.666666667   0.500000000 ) 

    1    1
  0.01887633  0.00000000    0.00049305  0.00000000    0.00519209  0.00000000
  0.00049305  0.00000000    0.02223580  0.00000000   -0.01567272  0.00000000
  0.00519209  0.00000000   -0.01567272  0.00000000    0.02333925  0.00000000

     Dynamical  Matrix in cartesian axes

     q = (   -0.500000000  -0.666666667  -0.166666667 ) 

    1    1
  0.02333925  0.00000000    0.01567272  0.00000000   -0.00519209  0.00000000
  0.01567272  0.00000000    0.02223580  0.00000000    0.00049305  0.00000000
 -0.00519209  0.00000000    0.00049305  0.00000000    0.01887633  0.00000000

     Dynamical  Matrix in cartesian axes

     q = (    0.500000000  -0.666666667   0.166666667 ) 

    1    1
  0.02333925  0.00000000   -0.01567272  0.00000000   -0.00519209  0.00000000
 -0.01567272  0.00000000    0.02223580  0.00000000   -0.00049305  0.00000000
 -0.00519209  0.00000000   -0.00049305  0.00000000    0.01887633  0.00000000

     Dynamical  Matrix in cartesian axes

     q = (   -0.500000000   0.666666667   0.166666667 ) 

    1    1
  0.02333925  0.00000000   -0.01567272  0.00000000    0.00519209  0.00000000
 -0.01567272  0.00000000    0.02223580  0.00000000    0.00049305  0.00000000
  0.00519209  0.00000000    0.00049305  0.00000000    0.01887633  0.00000000

     Dynamical  Matrix in cartesian axes

     q = (    0.500000000   0.666666667  -0.166666667 ) 

    1    1
  0.02333925  0.00000000    0.01567272  0.00000000    0.00519209  0.00000000
  0.01567272  0.00000000    0.02223580  0.00000000   -0.00049305  0.00000000
  0.00519209  0.00000000   -0.00049305  0.00000000    0.01887633  0.00000000

     Dynamical  Matrix in cartesian axes

     q = (    0.666666667  -0.166666667   0.500000000 ) 

    1    1
  0.02223580  0.00000000   -0.00049305  0.00000000    0.01567272  0.00000000
 -0.00049305  0.00000000    0.01887633  0.00000000    0.00519209  0.00000000
  0.01567272  0.00000000    0.00519209  0.00000000    0.02333925  0.00000000

     Dynamical  Matrix in cartesian axes

     q = (    0.666666667  -0.500000000  -0.166666667 ) 

    1    1
  0.02223580  0.00000000   -0.01567272  0.00000000   -0.00049305  0.00000000
 -0.01567272  0.00000000    0.02333925  0.00000000   -0.00519209  0.00000000
 -0.00049305  0.00000000   -0.00519209  0.00000000    0.01887633  0.00000000

     Dynamical  Matrix in cartesian axes

     q = (   -0.166666667  -0.500000000  -0.666666667 ) 

    1    1
  0.01887633  0.00000000   -0.00519209  0.00000000    0.00049305  0.00000000
 -0.00519209  0.00000000    0.02333925  0.00000000    0.01567272  0.00000000
  0.00049305  0.00000000    0.01567272  0.00000000    0.02223580  0.00000000

     Dynamical  Matrix in cartesian axes

     q = (   -0.166666667   0.500000000   0.666666667 ) 

    1    1
  0.01887633  0.00000000    0.00519209  0.00000000   -0.00049305  0.00000000
  0.00519209  0.00000000    0.02333925  0.00000000    0.01567272  0.00000000
 -0.00049305  0.00000000    0.01567272  0.00000000    0.02223580  0.00000000

     Dynamical  Matrix in cartesian axes

     q = (    0.666666667   0.166666667  -0.500000000 ) 

    1    1
  0.02223580  0.00000000    0.00049305  0.00000000   -0.01567272  0.00000000
  0.00049305  0.00000000    0.01887633  0.00000000    0.00519209  0.00000000
 -0.01567272  0.00000000    0.00519209  0.00000000    0.02333925  0.00000000

     Dynamical  Matrix in cartesian axes

     q = (    0.166666667   0.666666667  -0.500000000 ) 

    1    1
  0.01887633  0.00000000    0.00049305  0.00000000    0.00519209  0.00000000
  0.00049305  0.00000000    0.02223580  0.00000000   -0.01567272  0.00000000
  0.00519209  0.00000000   -0.01567272  0.00000000    0.02333925  0.00000000

     Dynamical  Matrix in cartesian axes

     q = (    0.666666667   0.500000000   0.166666667 ) 

    1    1
  0.02223580  0.00000000    0.01567272  0.00000000    0.00049305  0.00000000
  0.01567272  0.00000000    0.02333925  0.00000000   -0.00519209  0.00000000
  0.00049305  0.00000000   -0.00519209  0.00000000    0.01887633  0.00000000

     Dynamical  Matrix in cartesian axes

     q = (   -0.666666667   0.500000000  -0.166666667 ) 

    1    1
  0.02223580  0.00000000   -0.01567272  0.00000000    0.00049305  0.00000000
 -0.01567272  0.00000000    0.02333925  0.00000000    0.00519209  0.00000000
  0.00049305  0.00000000    0.00519209  0.00000000    0.01887633  0.00000000

     Dynamical  Matrix in cartesian axes

     q = (    0.500000000   0.166666667   0.666666667 ) 

    1    1
  0.02333925  0.00000000   -0.00519209  0.00000000    0.01567272  0.00000000
 -0.00519209  0.00000000    0.01887633  0.00000000    0.00049305  0.00000000
  0.01567272  0.00000000    0.00049305  0.00000000    0.02223580  0.00000000

     Dynamical  Matrix in cartesian axes

     q = (   -0.500000000   0.166666667  -0.666666667 ) 

    1    1
  0.02333925  0.00000000    0.00519209  0.00000000    0.01567272  0.00000000
  0.00519209  0.00000000    0.01887633  0.00000000   -0.00049305  0.00000000
  0.01567272  0.00000000   -0.00049305  0.00000000    0.02223580  0.00000000

     Dynamical  Matrix in cartesian axes

     q = (    0.500000000   0.666666667   0.166666667 ) 

    1    1
  0.02333925  0.00000000    0.01567272  0.00000000   -0.00519209  0.00000000
  0.01567272  0.00000000    0.02223580  0.00000000    0.00049305  0.00000000
 -0.00519209  0.00000000    0.00049305  0.00000000    0.01887633  0.00000000

     Dynamical  Matrix in cartesian axes

     q = (    0.500000000  -0.166666667  -0.666666667 ) 

    1    1
  0.02333925  0.00000000    0.00519209  0.00000000   -0.01567272  0.00000000
  0.00519209  0.00000000    0.01887633  0.00000000    0.00049305  0.00000000
 -0.01567272  0.00000000    0.00049305  0.00000000    0.02223580  0.00000000

     Dynamical  Matrix in cartesian axes

     q = (   -0.666666667   0.166666667   0.500000000 ) 

    1    1
  0.02223580  0.00000000   -0.00049305  0.00000000   -0.01567272  0.00000000
 -0.00049305  0.00000000    0.01887633  0.00000000   -0.00519209  0.00000000
 -0.01567272  0.00000000   -0.00519209  0.00000000    0.02333925  0.00000000

     Dynamical  Matrix in cartesian axes

     q = (   -0.166666667   0.666666667   0.500000000 ) 

    1    1
  0.01887633  0.00000000   -0.00049305  0.00000000    0.00519209  0.00000000
 -0.00049305  0.00000000    0.02223580  0.00000000    0.01567272  0.00000000
  0.00519209  0.00000000    0.01567272  0.00000000    0.02333925  0.00000000

     Dynamical  Matrix in cartesian axes

     q = (   -0.500000000  -0.166666667   0.666666667 ) 

    1    1
  0.02333925  0.00000000   -0.00519209  0.00000000   -0.01567272  0.00000000
 -0.00519209  0.00000000    0.01887633  0.00000000   -0.00049305  0.00000000
 -0.01567272  0.00000000   -0.00049305  0.00000000    0.02223580  0.00000000

     Dynamical  Matrix in cartesian axes

     q = (    0.166666667   0.666666667   0.500000000 ) 

    1    1
  0.01887633  0.00000000    0.00049305  0.00000000   -0.00519209  0.00000000
  0.00049305  0.00000000    0.02223580  0.00000000    0.01567272  0.00000000
 -0.00519209  0.00000000    0.01567272  0.00000000    0.02333925  0.00000000

     Dynamical  Matrix in cartesian axes

     q = (   -0.500000000   0.666666667  -0.166666667 ) 

    1    1
  0.02333925  0.00000000   -0.01567272  0.00000000   -0.00519209  0.00000000
 -0.01567272  0.00000000    0.02223580  0.00000000   -0.00049305  0.00000000
 -0.00519209  0.00000000   -0.00049305  0.00000000    0.01887633  0.00000000

     Dynamical  Matrix in cartesian axes

     q = (   -0.666666667  -0.166666667  -0.500000000 ) 

    1    1
  0.02223580  0.00000000    0.00049305  0.00000000    0.01567272  0.00000000
  0.00049305  0.00000000    0.01887633  0.00000000   -0.00519209  0.00000000
  0.01567272  0.00000000   -0.00519209  0.00000000    0.02333925  0.00000000

     Dynamical  Matrix in cartesian axes

     q = (   -0.666666667  -0.166666667   0.500000000 ) 

    1    1
  0.02223580  0.00000000    0.00049305  0.00000000   -0.01567272  0.00000000
  0.00049305  0.00000000    0.01887633  0.00000000    0.00519209  0.00000000
 -0.01567272  0.00000000    0.00519209  0.00000000    0.02333925  0.00000000

     Dynamical  Matrix in cartesian axes

     q = (    0.666666667   0.166666667   0.500000000 ) 

    1    1
  0.02223580  0.00000000    0.00049305  0.00000000    0.01567272  0.00000000
  0.00049305  0.00000000    0.01887633  0.00000000   -0.00519209  0.00000000
  0.01567272  0.00000000   -0.00519209  0.00000000    0.02333925  0.00000000

     Dynamical  Matrix in cartesian axes

     q = (    0.166666667  -0.666666667  -0.500000000 ) 

    1    1
  0.01887633  0.00000000   -0.00049305  0.00000000    0.00519209  0.00000000
 -0.00049305  0.00000000    0.02223580  0.00000000    0.01567272  0.00000000
  0.00519209  0.00000000    0.01567272  0.00000000    0.02333925  0.00000000

     Dynamical  Matrix in cartesian axes

     q = (   -0.666666667   0.166666667  -0.500000000 ) 

    1    1
  0.02223580  0.00000000   -0.00049305  0.00000000    0.01567272  0.00000000
 -0.00049305  0.00000000    0.01887633  0.00000000    0.00519209  0.00000000
  0.01567272  0.00000000    0.00519209  0.00000000    0.02333925  0.00000000

     Dynamical  Matrix in cartesian axes

     q = (    0.500000000  -0.666666667  -0.166666667 ) 

    1    1
  0.02333925  0.00000000   -0.01567272  0.00000000    0.00519209  0.00000000
 -0.01567272  0.00000000    0.02223580  0.00000000    0.00049305  0.00000000
  0.00519209  0.00000000    0.00049305  0.00000000    0.01887633  0.00000000

     Dynamical  Matrix in cartesian axes

     q = (   -0.500000000  -0.666666667   0.166666667 ) 

    1    1
  0.02333925  0.00000000    0.01567272  0.00000000    0.00519209  0.00000000
  0.01567272  0.00000000    0.02223580  0.00000000   -0.00049305  0.00000000
  0.00519209  0.00000000   -0.00049305  0.00000000    0.01887633  0.00000000

     Dynamical  Matrix in cartesian axes

     q = (   -0.166666667  -0.666666667  -0.500000000 ) 

    1    1
  0.01887633  0.00000000    0.00049305  0.00000000   -0.00519209  0.00000000
  0.00049305  0.00000000    0.02223580  0.00000000    0.01567272  0.00000000
 -0.00519209  0.00000000    0.01567272  0.00000000    0.02333925  0.00000000

     Dynamical  Matrix in cartesian axes

     q = (   -0.666666667  -0.500000000   0.166666667 ) 

    1    1
  0.02223580  0.00000000    0.01567272  0.00000000   -0.00049305  0.00000000
  0.01567272  0.00000000    0.02333925  0.00000000    0.00519209  0.00000000
 -0.00049305  0.00000000    0.00519209  0.00000000    0.01887633  0.00000000

     Dynamical  Matrix in cartesian axes

     q = (    0.166666667   0.500000000   0.666666667 ) 

    1    1
  0.01887633  0.00000000   -0.00519209  0.00000000    0.00049305  0.00000000
 -0.00519209  0.00000000    0.02333925  0.00000000    0.01567272  0.00000000
  0.00049305  0.00000000    0.01567272  0.00000000    0.02223580  0.00000000

     Dynamical  Matrix in cartesian axes

     q = (    0.166666667  -0.500000000  -0.666666667 ) 

    1    1
  0.01887633  0.00000000    0.00519209  0.00000000   -0.00049305  0.00000000
  0.00519209  0.00000000    0.02333925  0.00000000    0.01567272  0.00000000
 -0.00049305  0.00000000    0.01567272  0.00000000    0.02223580  0.00000000

     Dynamical  Matrix in cartesian axes

     q = (   -0.666666667   0.500000000   0.166666667 ) 

    1    1
  0.02223580  0.00000000   -0.01567272  0.00000000   -0.00049305  0.00000000
 -0.01567272  0.00000000    0.02333925  0.00000000   -0.00519209  0.00000000
 -0.00049305  0.00000000   -0.00519209  0.00000000    0.01887633  0.00000000

     Dynamical  Matrix in cartesian axes

     q = (    0.666666667   0.500000000  -0.166666667 ) 

    1    1
  0.02223580  0.00000000    0.01567272  0.00000000   -0.00049305  0.00000000
  0.01567272  0.00000000    0.02333925  0.00000000    0.00519209  0.00000000
 -0.00049305  0.00000000    0.00519209  0.00000000    0.01887633  0.00000000

     Dynamical  Matrix in cartesian axes

     q = (   -0.666666667  -0.500000000  -0.166666667 ) 

    1    1
  0.02223580  0.00000000    0.01567272  0.00000000    0.00049305  0.00000000
  0.01567272  0.00000000    0.02333925  0.00000000   -0.00519209  0.00000000
  0.00049305  0.00000000   -0.00519209  0.00000000    0.01887633  0.00000000

     Dynamical  Matrix in cartesian axes

     q = (    0.666666667  -0.500000000   0.166666667 ) 

    1    1
  0.02223580  0.00000000   -0.01567272  0.00000000    0.00049305  0.00000000
 -0.01567272  0.00000000    0.02333925  0.00000000    0.00519209  0.00000000
  0.00049305  0.00000000    0.00519209  0.00000000    0.01887633  0.00000000

     Dynamical  Matrix in cartesian axes

     q = (    0.500000000   0.166666667  -0.666666667 ) 

    1    1
  0.02333925  0.00000000   -0.00519209  0.00000000   -0.01567272  0.00000000
 -0.00519209  0.00000000    0.01887633  0.00000000   -0.00049305  0.00000000
 -0.01567272  0.00000000   -0.00049305  0.00000000    0.02223580  0.00000000

     Dynamical  Matrix in cartesian axes

     q = (    0.500000000  -0.166666667   0.666666667 ) 

    1    1
  0.02333925  0.00000000    0.00519209  0.00000000    0.01567272  0.00000000
  0.00519209  0.00000000    0.01887633  0.00000000   -0.00049305  0.00000000
  0.01567272  0.00000000   -0.00049305  0.00000000    0.02223580  0.00000000

     Dynamical  Matrix in cartesian axes

     q = (   -0.500000000  -0.166666667  -0.666666667 ) 

    1    1
  0.02333925  0.00000000   -0.00519209  0.00000000    0.01567272  0.00000000
 -0.00519209  0.00000000    0.01887633  0.00000000    0.00049305  0.00000000
  0.01567272  0.00000000    0.00049305  0.00000000    0.02223580  0.00000000

     Dynamical  Matrix in cartesian axes

     q = (   -0.500000000   0.166666667   0.666666667 ) 

    1    1
  0.02333925  0.00000000    0.00519209  0.00000000   -0.01567272  0.00000000
  0.00519209  0.00000000    0.01887633  0.00000000    0.00049305  0.00000000
 -0.01567272  0.00000000    0.00049305  0.00000000    0.02223580  0.00000000

     Diagonalizing the dynamical matrix

     q = (   -0.166666667   0.666666667  -0.500000000 ) 

 **************************************************************************
     freq (    1) =       1.740593 [THz] =      58.059937 [cm-1]
 (  0.298503 -0.000000  0.664699 -0.000000  0.684888  0.000000 ) 
     freq (    2) =       3.176168 [THz] =     105.945577 [cm-1]
 (  0.939183  0.000000 -0.332245  0.000000 -0.086883  0.000000 ) 
     freq (    3) =       4.491352 [THz] =     149.815384 [cm-1]
 ( -0.169800  0.000000 -0.669170  0.000000  0.723450  0.000000 ) 
 **************************************************************************
