Dynamical matrix file
                                                                           
  1    1  2  9.0089596  0.0000000  0.0000000  0.0000000  0.0000000  0.0000000
           1  'Na  '    20954.103126620943     
    1    1      0.0000000000      0.0000000000      0.0000000000

     Dynamical  Matrix in cartesian axes

     q = (    0.625000000  -0.375000000   0.875000000 ) 

    1    1
  0.03033982  0.00000000   -0.01855850  0.00000000    0.00841516  0.00000000
 -0.01855850  0.00000000    0.04477674  0.00000000   -0.00766459  0.00000000
  0.00841516  0.00000000   -0.00766459  0.00000000    0.03808623  0.00000000

     Dynamical  Matrix in cartesian axes

     q = (    0.625000000  -0.375000000  -0.875000000 ) 

    1    1
  0.03033982  0.00000000   -0.01855850  0.00000000   -0.00841516  0.00000000
 -0.01855850  0.00000000    0.04477674  0.00000000    0.00766459  0.00000000
 -0.00841516  0.00000000    0.00766459  0.00000000    0.03808623  0.00000000

     Dynamical  Matrix in cartesian axes

     q = (    0.875000000   0.375000000   0.625000000 ) 

    1    1
  0.03808623  0.00000000    0.00766459  0.00000000    0.00841516  0.00000000
  0.00766459  0.00000000    0.04477674  0.00000000    0.01855850  0.00000000
  0.00841516  0.00000000    0.01855850  0.00000000    0.03033982  0.00000000

     Dynamical  Matrix in cartesian axes

     q = (    0.625000000   0.375000000   0.875000000 ) 

    1    1
  0.03033982  0.00000000    0.01855850  0.00000000    0.00841516  0.00000000
  0.01855850  0.00000000    0.04477674  0.00000000    0.00766459  0.00000000
  0.00841516  0.00000000    0.00766459  0.00000000    0.03808623  0.00000000

     Dynamical  Matrix in cartesian axes

     q = (    0.875000000  -0.375000000  -0.625000000 ) 

    1    1
  0.03808623  0.00000000   -0.00766459  0.00000000   -0.00841516  0.00000000
 -0.00766459  0.00000000    0.04477674  0.00000000    0.01855850  0.00000000
 -0.00841516  0.00000000    0.01855850  0.00000000    0.03033982  0.00000000

     Dynamical  Matrix in cartesian axes

     q = (    0.875000000  -0.375000000   0.625000000 ) 

    1    1
  0.03808623  0.00000000   -0.00766459  0.00000000    0.00841516  0.00000000
 -0.00766459  0.00000000    0.04477674  0.00000000   -0.01855850  0.00000000
  0.00841516  0.00000000   -0.01855850  0.00000000    0.03033982  0.00000000

     Dynamical  Matrix in cartesian axes

     q = (   -0.875000000  -0.375000000   0.625000000 ) 

    1    1
  0.03808623  0.00000000    0.00766459  0.00000000   -0.00841516  0.00000000
  0.00766459  0.00000000    0.04477674  0.00000000   -0.01855850  0.00000000
 -0.00841516  0.00000000   -0.01855850  0.00000000    0.03033982  0.00000000

     Dynamical  Matrix in cartesian axes

     q = (   -0.625000000  -0.375000000  -0.875000000 ) 

    1    1
  0.03033982  0.00000000    0.01855850  0.00000000    0.00841516  0.00000000
  0.01855850  0.00000000    0.04477674  0.00000000    0.00766459  0.00000000
  0.00841516  0.00000000    0.00766459  0.00000000    0.03808623  0.00000000

     Dynamical  Matrix in cartesian axes

     q = (   -0.875000000   0.375000000  -0.625000000 ) 

    1    1
  0.03808623  0.00000000   -0.00766459  0.00000000    0.00841516  0.00000000
 -0.00766459  0.00000000    0.04477674  0.00000000   -0.01855850  0.00000000
  0.00841516  0.00000000   -0.01855850  0.00000000    0.03033982  0.00000000

     Dynamical  Matrix in cartesian axes

     q = (   -0.625000000  -0.375000000   0.875000000 ) 

    1    1
  0.03033982  0.00000000    0.01855850  0.00000000   -0.00841516  0.00000000
  0.01855850  0.00000000    0.04477674  0.00000000   -0.00766459  0.00000000
 -0.00841516  0.00000000   -0.00766459  0.00000000    0.03808623  0.00000000

     Dynamical  Matrix in cartesian axes

     q = (   -0.875000000   0.375000000   0.625000000 ) 

    1    1
  0.03808623  0.00000000   -0.00766459  0.00000000   -0.00841516  0.00000000
 -0.00766459  0.00000000    0.04477674  0.00000000    0.01855850  0.00000000
 -0.00841516  0.00000000    0.01855850  0.00000000    0.03033982  0.00000000

     Dynamical  Matrix in cartesian axes

     q = (    0.875000000   0.375000000  -0.625000000 ) 

    1    1
  0.03808623  0.00000000    0.00766459  0.00000000   -0.00841516  0.00000000
  0.00766459  0.00000000    0.04477674  0.00000000   -0.01855850  0.00000000
 -0.00841516  0.00000000   -0.01855850  0.00000000    0.03033982  0.00000000

     Dynamical  Matrix in cartesian axes

     q = (   -0.625000000   0.375000000   0.875000000 ) 

    1    1
  0.03033982  0.00000000   -0.01855850  0.00000000   -0.00841516  0.00000000
 -0.01855850  0.00000000    0.04477674  0.00000000    0.00766459  0.00000000
 -0.00841516  0.00000000    0.00766459  0.00000000    0.03808623  0.00000000

     Dynamical  Matrix in cartesian axes

     q = (   -0.875000000  -0.375000000  -0.625000000 ) 

    1    1
  0.03808623  0.00000000    0.00766459  0.00000000    0.00841516  0.00000000
  0.00766459  0.00000000    0.04477674  0.00000000    0.01855850  0.00000000
  0.00841516  0.00000000    0.01855850  0.00000000    0.03033982  0.00000000

     Dynamical  Matrix in cartesian axes

     q = (    0.625000000   0.375000000  -0.875000000 ) 

    1    1
  0.03033982  0.00000000    0.01855850  0.00000000   -0.00841516  0.00000000
  0.01855850  0.00000000    0.04477674  0.00000000   -0.00766459  0.00000000
 -0.00841516  0.00000000   -0.00766459  0.00000000    0.03808623  0.00000000

     Dynamical  Matrix in cartesian axes

     q = (   -0.625000000   0.375000000  -0.875000000 ) 

    1    1
  0.03033982  0.00000000   -0.01855850  0.00000000    0.00841516  0.00000000
 -0.01855850  0.00000000    0.04477674  0.00000000   -0.00766459  0.00000000
  0.00841516  0.00000000   -0.00766459  0.00000000    0.03808623  0.00000000

     Dynamical  Matrix in cartesian axes

     q = (   -0.375000000   0.875000000   0.625000000 ) 

    1    1
  0.04477674  0.00000000   -0.00766459  0.00000000   -0.01855850  0.00000000
 -0.00766459  0.00000000    0.03808623  0.00000000    0.00841516  0.00000000
 -0.01855850  0.00000000    0.00841516  0.00000000    0.03033982  0.00000000

     Dynamical  Matrix in cartesian axes

     q = (    0.375000000   0.875000000  -0.625000000 ) 

    1    1
  0.04477674  0.00000000    0.00766459  0.00000000   -0.01855850  0.00000000
  0.00766459  0.00000000    0.03808623  0.00000000   -0.00841516  0.00000000
 -0.01855850  0.00000000   -0.00841516  0.00000000    0.03033982  0.00000000

     Dynamical  Matrix in cartesian axes

     q = (   -0.375000000  -0.875000000  -0.625000000 ) 

    1    1
  0.04477674  0.00000000    0.00766459  0.00000000    0.01855850  0.00000000
  0.00766459  0.00000000    0.03808623  0.00000000    0.00841516  0.00000000
  0.01855850  0.00000000    0.00841516  0.00000000    0.03033982  0.00000000

     Dynamical  Matrix in cartesian axes

     q = (   -0.375000000   0.625000000  -0.875000000 ) 

    1    1
  0.04477674  0.00000000   -0.01855850  0.00000000    0.00766459  0.00000000
 -0.01855850  0.00000000    0.03033982  0.00000000   -0.00841516  0.00000000
  0.00766459  0.00000000   -0.00841516  0.00000000    0.03808623  0.00000000

     Dynamical  Matrix in cartesian axes

     q = (    0.875000000   0.625000000  -0.375000000 ) 

    1    1
  0.03808623  0.00000000    0.00841516  0.00000000   -0.00766459  0.00000000
  0.00841516  0.00000000    0.03033982  0.00000000   -0.01855850  0.00000000
 -0.00766459  0.00000000   -0.01855850  0.00000000    0.04477674  0.00000000

     Dynamical  Matrix in cartesian axes

     q = (   -0.375000000   0.875000000  -0.625000000 ) 

    1    1
  0.04477674  0.00000000   -0.00766459  0.00000000    0.01855850  0.00000000
 -0.00766459  0.00000000    0.03808623  0.00000000   -0.00841516  0.00000000
  0.01855850  0.00000000   -0.00841516  0.00000000    0.03033982  0.00000000

     Dynamical  Matrix in cartesian axes

     q = (   -0.875000000  -0.625000000  -0.375000000 ) 

    1    1
  0.03808623  0.00000000    0.00841516  0.00000000    0.00766459  0.00000000
  0.00841516  0.00000000    0.03033982  0.00000000    0.01855850  0.00000000
  0.00766459  0.00000000    0.01855850  0.00000000    0.04477674  0.00000000

     Dynamical  Matrix in cartesian axes

     q = (   -0.875000000   0.625000000   0.375000000 ) 

    1    1
  0.03808623  0.00000000   -0.00841516  0.00000000   -0.00766459  0.00000000
 -0.00841516  0.00000000    0.03033982  0.00000000    0.01855850  0.00000000
 -0.00766459  0.00000000    0.01855850  0.00000000    0.04477674  0.00000000

     Dynamical  Matrix in cartesian axes

     q = (    0.375000000  -0.625000000   0.875000000 ) 

    1    1
  0.04477674  0.00000000   -0.01855850  0.00000000    0.00766459  0.00000000
 -0.01855850  0.00000000    0.03033982  0.00000000   -0.00841516  0.00000000
  0.00766459  0.00000000   -0.00841516  0.00000000    0.03808623  0.00000000

     Dynamical  Matrix in cartesian axes

     q = (    0.375000000  -0.875000000   0.625000000 ) 

    1    1
  0.04477674  0.00000000   -0.00766459  0.00000000    0.01855850  0.00000000
 -0.00766459  0.00000000    0.03808623  0.00000000   -0.00841516  0.00000000
  0.01855850  0.00000000   -0.00841516  0.00000000    0.03033982  0.00000000

     Dynamical  Matrix in cartesian axes

     q = (    0.625000000  -0.875000000   0.375000000 ) 

    1    1
  0.03033982  0.00000000   -0.00841516  0.00000000    0.01855850  0.00000000
 -0.00841516  0.00000000    0.03808623  0.00000000   -0.00766459  0.00000000
  0.01855850  0.00000000   -0.00766459  0.00000000    0.04477674  0.00000000

     Dynamical  Matrix in cartesian axes

     q = (   -0.875000000   0.625000000  -0.375000000 ) 

    1    1
  0.03808623  0.00000000   -0.00841516  0.00000000    0.00766459  0.00000000
 -0.00841516  0.00000000    0.03033982  0.00000000   -0.01855850  0.00000000
  0.00766459  0.00000000   -0.01855850  0.00000000    0.04477674  0.00000000

     Dynamical  Matrix in cartesian axes

     q = (    0.375000000   0.625000000   0.875000000 ) 

    1    1
  0.04477674  0.00000000    0.01855850  0.00000000    0.00766459  0.00000000
  0.01855850  0.00000000    0.03033982  0.00000000    0.00841516  0.00000000
  0.00766459  0.00000000    0.00841516  0.00000000    0.03808623  0.00000000

     Dynamical  Matrix in cartesian axes

     q = (   -0.375000000   0.625000000   0.875000000 ) 

    1    1
  0.04477674  0.00000000   -0.01855850  0.00000000   -0.00766459  0.00000000
 -0.01855850  0.00000000    0.03033982  0.00000000    0.00841516  0.00000000
 -0.00766459  0.00000000    0.00841516  0.00000000    0.03808623  0.00000000

     Dynamical  Matrix in cartesian axes

     q = (    0.375000000   0.625000000  -0.875000000 ) 

    1    1
  0.04477674  0.00000000    0.01855850  0.00000000   -0.00766459  0.00000000
  0.01855850  0.00000000    0.03033982  0.00000000   -0.00841516  0.00000000
 -0.00766459  0.00000000   -0.00841516  0.00000000    0.03808623  0.00000000

     Dynamical  Matrix in cartesian axes

     q = (   -0.375000000  -0.625000000  -0.875000000 ) 

    1    1
  0.04477674  0.00000000    0.01855850  0.00000000    0.00766459  0.00000000
  0.01855850  0.00000000    0.03033982  0.00000000    0.00841516  0.00000000
  0.00766459  0.00000000    0.00841516  0.00000000    0.03808623  0.00000000

     Dynamical  Matrix in cartesian axes

     q = (   -0.625000000  -0.875000000   0.375000000 ) 

    1    1
  0.03033982  0.00000000    0.00841516  0.00000000   -0.01855850  0.00000000
  0.00841516  0.00000000    0.03808623  0.00000000   -0.00766459  0.00000000
 -0.01855850  0.00000000   -0.00766459  0.00000000    0.04477674  0.00000000

     Dynamical  Matrix in cartesian axes

     q = (   -0.375000000  -0.625000000   0.875000000 ) 

    1    1
  0.04477674  0.00000000    0.01855850  0.00000000   -0.00766459  0.00000000
  0.01855850  0.00000000    0.03033982  0.00000000   -0.00841516  0.00000000
 -0.00766459  0.00000000   -0.00841516  0.00000000    0.03808623  0.00000000

     Dynamical  Matrix in cartesian axes

     q = (    0.875000000  -0.625000000   0.375000000 ) 

    1    1
  0.03808623  0.00000000   -0.00841516  0.00000000    0.00766459  0.00000000
 -0.00841516  0.00000000    0.03033982  0.00000000   -0.01855850  0.00000000
  0.00766459  0.00000000   -0.01855850  0.00000000    0.04477674  0.00000000

     Dynamical  Matrix in cartesian axes

     q = (    0.625000000   0.875000000   0.375000000 ) 

    1    1
  0.03033982  0.00000000    0.00841516  0.00000000    0.01855850  0.00000000
  0.00841516  0.00000000    0.03808623  0.00000000    0.00766459  0.00000000
  0.01855850  0.00000000    0.00766459  0.00000000    0.04477674  0.00000000

     Dynamical  Matrix in cartesian axes

     q = (    0.375000000  -0.625000000  -0.875000000 ) 

    1    1
  0.04477674  0.00000000   -0.01855850  0.00000000   -0.00766459  0.00000000
 -0.01855850  0.00000000    0.03033982  0.00000000    0.00841516  0.00000000
 -0.00766459  0.00000000    0.00841516  0.00000000    0.03808623  0.00000000

     Dynamical  Matrix in cartesian axes

     q = (    0.625000000   0.875000000  -0.375000000 ) 

    1    1
  0.03033982  0.00000000    0.00841516  0.00000000   -0.01855850  0.00000000
  0.00841516  0.00000000    0.03808623  0.00000000   -0.00766459  0.00000000
 -0.01855850  0.00000000   -0.00766459  0.00000000    0.04477674  0.00000000

     Dynamical  Matrix in cartesian axes

     q = (   -0.625000000  -0.875000000  -0.375000000 ) 

    1    1
  0.03033982  0.00000000    0.00841516  0.00000000    0.01855850  0.00000000
  0.00841516  0.00000000    0.03808623  0.00000000    0.00766459  0.00000000
  0.01855850  0.00000000    0.00766459  0.00000000    0.04477674  0.00000000

     Dynamical  Matrix in cartesian axes

     q = (   -0.625000000   0.875000000  -0.375000000 ) 

    1    1
  0.03033982  0.00000000   -0.00841516  0.00000000    0.01855850  0.00000000
 -0.00841516  0.00000000    0.03808623  0.00000000   -0.00766459  0.00000000
  0.01855850  0.00000000   -0.00766459  0.00000000    0.04477674  0.00000000

     Dynamical  Matrix in cartesian axes

     q = (    0.375000000  -0.875000000  -0.625000000 ) 

    1    1
  0.04477674  0.00000000   -0.00766459  0.00000000   -0.01855850  0.00000000
 -0.00766459  0.00000000    0.03808623  0.00000000    0.00841516  0.00000000
 -0.01855850  0.00000000    0.00841516  0.00000000    0.03033982  0.00000000

     Dynamical  Matrix in cartesian axes

     q = (   -0.375000000  -0.875000000   0.625000000 ) 

    1    1
  0.04477674  0.00000000    0.00766459  0.00000000   -0.01855850  0.00000000
  0.00766459  0.00000000    0.03808623  0.00000000   -0.00841516  0.00000000
 -0.01855850  0.00000000   -0.00841516  0.00000000    0.03033982  0.00000000

     Dynamical  Matrix in cartesian axes

     q = (    0.375000000   0.875000000   0.625000000 ) 

    1    1
  0.04477674  0.00000000    0.00766459  0.00000000    0.01855850  0.00000000
  0.00766459  0.00000000    0.03808623  0.00000000    0.00841516  0.00000000
  0.01855850  0.00000000    0.00841516  0.00000000    0.03033982  0.00000000

     Dynamical  Matrix in cartesian axes

     q = (    0.625000000  -0.875000000  -0.375000000 ) 

    1    1
  0.03033982  0.00000000   -0.00841516  0.00000000   -0.01855850  0.00000000
 -0.00841516  0.00000000    0.03808623  0.00000000    0.00766459  0.00000000
 -0.01855850  0.00000000    0.00766459  0.00000000    0.04477674  0.00000000

     Dynamical  Matrix in cartesian axes

     q = (   -0.875000000  -0.625000000   0.375000000 ) 

    1    1
  0.03808623  0.00000000    0.00841516  0.00000000   -0.00766459  0.00000000
  0.00841516  0.00000000    0.03033982  0.00000000   -0.01855850  0.00000000
 -0.00766459  0.00000000   -0.01855850  0.00000000    0.04477674  0.00000000

     Dynamical  Matrix in cartesian axes

     q = (   -0.625000000   0.875000000   0.375000000 ) 

    1    1
  0.03033982  0.00000000   -0.00841516  0.00000000   -0.01855850  0.00000000
 -0.00841516  0.00000000    0.03808623  0.00000000    0.00766459  0.00000000
 -0.01855850  0.00000000    0.00766459  0.00000000    0.04477674  0.00000000

     Dynamical  Matrix in cartesian axes

     q = (    0.875000000   0.625000000   0.375000000 ) 

    1    1
  0.03808623  0.00000000    0.00841516  0.00000000    0.00766459  0.00000000
  0.00841516  0.00000000    0.03033982  0.00000000    0.01855850  0.00000000
  0.00766459  0.00000000    0.01855850  0.00000000    0.04477674  0.00000000

     Dynamical  Matrix in cartesian axes

     q = (    0.875000000  -0.625000000  -0.375000000 ) 

    1    1
  0.03808623  0.00000000   -0.00841516  0.00000000   -0.00766459  0.00000000
 -0.00841516  0.00000000    0.03033982  0.00000000    0.01855850  0.00000000
 -0.00766459  0.00000000    0.01855850  0.00000000    0.04477674  0.00000000

     Diagonalizing the dynamical matrix

     q = (    0.625000000  -0.375000000   0.875000000 ) 

 **************************************************************************
     freq (    1) =       2.985771 [THz] =      99.594588 [cm-1]
 (  0.838557  0.000000  0.524992  0.000000 -0.145619  0.000000 ) 
     freq (    2) =       4.154691 [THz] =     138.585590 [cm-1]
 ( -0.110479  0.000000  0.425588  0.000000  0.898148  0.000000 ) 
     freq (    3) =       5.682816 [THz] =     189.558324 [cm-1]
 (  0.533494  0.000000 -0.737061  0.000000  0.414880  0.000000 ) 
 **************************************************************************
