Dynamical matrix file
                                                                           
  1    1  2  9.8824574  0.0000000  0.0000000  0.0000000  0.0000000  0.0000000
           1  'Na  '    20954.103126620943     
    1    1      0.0000000000      0.0000000000      0.0000000000

     Dynamical  Matrix in cartesian axes

     q = (    0.625000000  -0.125000000   0.875000000 ) 

    1    1
  0.01493959  0.00000000   -0.00312998  0.00000000    0.00333061  0.00000000
 -0.00312998  0.00000000    0.02697001  0.00000000   -0.00131202  0.00000000
  0.00333061  0.00000000   -0.00131202  0.00000000    0.02129322  0.00000000

     Dynamical  Matrix in cartesian axes

     q = (    0.625000000   0.125000000   0.875000000 ) 

    1    1
  0.01493959  0.00000000    0.00312998  0.00000000    0.00333061  0.00000000
  0.00312998  0.00000000    0.02697001  0.00000000    0.00131202  0.00000000
  0.00333061  0.00000000    0.00131202  0.00000000    0.02129322  0.00000000

     Dynamical  Matrix in cartesian axes

     q = (    0.625000000  -0.125000000  -0.875000000 ) 

    1    1
  0.01493959  0.00000000   -0.00312998  0.00000000   -0.00333061  0.00000000
 -0.00312998  0.00000000    0.02697001  0.00000000    0.00131202  0.00000000
 -0.00333061  0.00000000    0.00131202  0.00000000    0.02129322  0.00000000

     Dynamical  Matrix in cartesian axes

     q = (    0.625000000   0.125000000  -0.875000000 ) 

    1    1
  0.01493959  0.00000000    0.00312998  0.00000000   -0.00333061  0.00000000
  0.00312998  0.00000000    0.02697001  0.00000000   -0.00131202  0.00000000
 -0.00333061  0.00000000   -0.00131202  0.00000000    0.02129322  0.00000000

     Dynamical  Matrix in cartesian axes

     q = (   -0.625000000  -0.875000000   0.125000000 ) 

    1    1
  0.01493959  0.00000000    0.00333061  0.00000000   -0.00312998  0.00000000
  0.00333061  0.00000000    0.02129322  0.00000000   -0.00131202  0.00000000
 -0.00312998  0.00000000   -0.00131202  0.00000000    0.02697001  0.00000000

     Dynamical  Matrix in cartesian axes

     q = (   -0.625000000  -0.875000000  -0.125000000 ) 

    1    1
  0.01493959  0.00000000    0.00333061  0.00000000    0.00312998  0.00000000
  0.00333061  0.00000000    0.02129322  0.00000000    0.00131202  0.00000000
  0.00312998  0.00000000    0.00131202  0.00000000    0.02697001  0.00000000

     Dynamical  Matrix in cartesian axes

     q = (   -0.625000000   0.875000000   0.125000000 ) 

    1    1
  0.01493959  0.00000000   -0.00333061  0.00000000   -0.00312998  0.00000000
 -0.00333061  0.00000000    0.02129322  0.00000000    0.00131202  0.00000000
 -0.00312998  0.00000000    0.00131202  0.00000000    0.02697001  0.00000000

     Dynamical  Matrix in cartesian axes

     q = (   -0.625000000   0.875000000  -0.125000000 ) 

    1    1
  0.01493959  0.00000000   -0.00333061  0.00000000    0.00312998  0.00000000
 -0.00333061  0.00000000    0.02129322  0.00000000   -0.00131202  0.00000000
  0.00312998  0.00000000   -0.00131202  0.00000000    0.02697001  0.00000000

     Dynamical  Matrix in cartesian axes

     q = (   -0.625000000   0.125000000  -0.875000000 ) 

    1    1
  0.01493959  0.00000000   -0.00312998  0.00000000    0.00333061  0.00000000
 -0.00312998  0.00000000    0.02697001  0.00000000   -0.00131202  0.00000000
  0.00333061  0.00000000   -0.00131202  0.00000000    0.02129322  0.00000000

     Dynamical  Matrix in cartesian axes

     q = (   -0.625000000   0.125000000   0.875000000 ) 

    1    1
  0.01493959  0.00000000   -0.00312998  0.00000000   -0.00333061  0.00000000
 -0.00312998  0.00000000    0.02697001  0.00000000    0.00131202  0.00000000
 -0.00333061  0.00000000    0.00131202  0.00000000    0.02129322  0.00000000

     Dynamical  Matrix in cartesian axes

     q = (    0.875000000  -0.125000000  -0.625000000 ) 

    1    1
  0.02129322  0.00000000   -0.00131202  0.00000000   -0.00333061  0.00000000
 -0.00131202  0.00000000    0.02697001  0.00000000    0.00312998  0.00000000
 -0.00333061  0.00000000    0.00312998  0.00000000    0.01493959  0.00000000

     Dynamical  Matrix in cartesian axes

     q = (   -0.875000000  -0.125000000   0.625000000 ) 

    1    1
  0.02129322  0.00000000    0.00131202  0.00000000   -0.00333061  0.00000000
  0.00131202  0.00000000    0.02697001  0.00000000   -0.00312998  0.00000000
 -0.00333061  0.00000000   -0.00312998  0.00000000    0.01493959  0.00000000

     Dynamical  Matrix in cartesian axes

     q = (    0.875000000   0.125000000   0.625000000 ) 

    1    1
  0.02129322  0.00000000    0.00131202  0.00000000    0.00333061  0.00000000
  0.00131202  0.00000000    0.02697001  0.00000000    0.00312998  0.00000000
  0.00333061  0.00000000    0.00312998  0.00000000    0.01493959  0.00000000

     Dynamical  Matrix in cartesian axes

     q = (   -0.875000000   0.125000000   0.625000000 ) 

    1    1
  0.02129322  0.00000000   -0.00131202  0.00000000   -0.00333061  0.00000000
 -0.00131202  0.00000000    0.02697001  0.00000000    0.00312998  0.00000000
 -0.00333061  0.00000000    0.00312998  0.00000000    0.01493959  0.00000000

     Dynamical  Matrix in cartesian axes

     q = (    0.875000000   0.125000000  -0.625000000 ) 

    1    1
  0.02129322  0.00000000    0.00131202  0.00000000   -0.00333061  0.00000000
  0.00131202  0.00000000    0.02697001  0.00000000   -0.00312998  0.00000000
 -0.00333061  0.00000000   -0.00312998  0.00000000    0.01493959  0.00000000

     Dynamical  Matrix in cartesian axes

     q = (   -0.875000000   0.125000000  -0.625000000 ) 

    1    1
  0.02129322  0.00000000   -0.00131202  0.00000000    0.00333061  0.00000000
 -0.00131202  0.00000000    0.02697001  0.00000000   -0.00312998  0.00000000
  0.00333061  0.00000000   -0.00312998  0.00000000    0.01493959  0.00000000

     Dynamical  Matrix in cartesian axes

     q = (   -0.125000000   0.875000000   0.625000000 ) 

    1    1
  0.02697001  0.00000000   -0.00131202  0.00000000   -0.00312998  0.00000000
 -0.00131202  0.00000000    0.02129322  0.00000000    0.00333061  0.00000000
 -0.00312998  0.00000000    0.00333061  0.00000000    0.01493959  0.00000000

     Dynamical  Matrix in cartesian axes

     q = (    0.125000000   0.875000000  -0.625000000 ) 

    1    1
  0.02697001  0.00000000    0.00131202  0.00000000   -0.00312998  0.00000000
  0.00131202  0.00000000    0.02129322  0.00000000   -0.00333061  0.00000000
 -0.00312998  0.00000000   -0.00333061  0.00000000    0.01493959  0.00000000

     Dynamical  Matrix in cartesian axes

     q = (   -0.125000000  -0.875000000  -0.625000000 ) 

    1    1
  0.02697001  0.00000000    0.00131202  0.00000000    0.00312998  0.00000000
  0.00131202  0.00000000    0.02129322  0.00000000    0.00333061  0.00000000
  0.00312998  0.00000000    0.00333061  0.00000000    0.01493959  0.00000000

     Dynamical  Matrix in cartesian axes

     q = (   -0.125000000   0.625000000  -0.875000000 ) 

    1    1
  0.02697001  0.00000000   -0.00312998  0.00000000    0.00131202  0.00000000
 -0.00312998  0.00000000    0.01493959  0.00000000   -0.00333061  0.00000000
  0.00131202  0.00000000   -0.00333061  0.00000000    0.02129322  0.00000000

     Dynamical  Matrix in cartesian axes

     q = (    0.875000000   0.625000000  -0.125000000 ) 

    1    1
  0.02129322  0.00000000    0.00333061  0.00000000   -0.00131202  0.00000000
  0.00333061  0.00000000    0.01493959  0.00000000   -0.00312998  0.00000000
 -0.00131202  0.00000000   -0.00312998  0.00000000    0.02697001  0.00000000

     Dynamical  Matrix in cartesian axes

     q = (    0.875000000  -0.625000000   0.125000000 ) 

    1    1
  0.02129322  0.00000000   -0.00333061  0.00000000    0.00131202  0.00000000
 -0.00333061  0.00000000    0.01493959  0.00000000   -0.00312998  0.00000000
  0.00131202  0.00000000   -0.00312998  0.00000000    0.02697001  0.00000000

     Dynamical  Matrix in cartesian axes

     q = (   -0.875000000  -0.625000000  -0.125000000 ) 

    1    1
  0.02129322  0.00000000    0.00333061  0.00000000    0.00131202  0.00000000
  0.00333061  0.00000000    0.01493959  0.00000000    0.00312998  0.00000000
  0.00131202  0.00000000    0.00312998  0.00000000    0.02697001  0.00000000

     Dynamical  Matrix in cartesian axes

     q = (   -0.875000000   0.625000000   0.125000000 ) 

    1    1
  0.02129322  0.00000000   -0.00333061  0.00000000   -0.00131202  0.00000000
 -0.00333061  0.00000000    0.01493959  0.00000000    0.00312998  0.00000000
 -0.00131202  0.00000000    0.00312998  0.00000000    0.02697001  0.00000000

     Dynamical  Matrix in cartesian axes

     q = (   -0.125000000   0.875000000  -0.625000000 ) 

    1    1
  0.02697001  0.00000000   -0.00131202  0.00000000    0.00312998  0.00000000
 -0.00131202  0.00000000    0.02129322  0.00000000   -0.00333061  0.00000000
  0.00312998  0.00000000   -0.00333061  0.00000000    0.01493959  0.00000000

     Dynamical  Matrix in cartesian axes

     q = (    0.125000000  -0.625000000   0.875000000 ) 

    1    1
  0.02697001  0.00000000   -0.00312998  0.00000000    0.00131202  0.00000000
 -0.00312998  0.00000000    0.01493959  0.00000000   -0.00333061  0.00000000
  0.00131202  0.00000000   -0.00333061  0.00000000    0.02129322  0.00000000

     Dynamical  Matrix in cartesian axes

     q = (   -0.875000000   0.625000000  -0.125000000 ) 

    1    1
  0.02129322  0.00000000   -0.00333061  0.00000000    0.00131202  0.00000000
 -0.00333061  0.00000000    0.01493959  0.00000000   -0.00312998  0.00000000
  0.00131202  0.00000000   -0.00312998  0.00000000    0.02697001  0.00000000

     Dynamical  Matrix in cartesian axes

     q = (    0.125000000  -0.875000000   0.625000000 ) 

    1    1
  0.02697001  0.00000000   -0.00131202  0.00000000    0.00312998  0.00000000
 -0.00131202  0.00000000    0.02129322  0.00000000   -0.00333061  0.00000000
  0.00312998  0.00000000   -0.00333061  0.00000000    0.01493959  0.00000000

     Dynamical  Matrix in cartesian axes

     q = (    0.125000000   0.625000000   0.875000000 ) 

    1    1
  0.02697001  0.00000000    0.00312998  0.00000000    0.00131202  0.00000000
  0.00312998  0.00000000    0.01493959  0.00000000    0.00333061  0.00000000
  0.00131202  0.00000000    0.00333061  0.00000000    0.02129322  0.00000000

     Dynamical  Matrix in cartesian axes

     q = (   -0.125000000   0.625000000   0.875000000 ) 

    1    1
  0.02697001  0.00000000   -0.00312998  0.00000000   -0.00131202  0.00000000
 -0.00312998  0.00000000    0.01493959  0.00000000    0.00333061  0.00000000
 -0.00131202  0.00000000    0.00333061  0.00000000    0.02129322  0.00000000

     Dynamical  Matrix in cartesian axes

     q = (    0.125000000   0.625000000  -0.875000000 ) 

    1    1
  0.02697001  0.00000000    0.00312998  0.00000000   -0.00131202  0.00000000
  0.00312998  0.00000000    0.01493959  0.00000000   -0.00333061  0.00000000
 -0.00131202  0.00000000   -0.00333061  0.00000000    0.02129322  0.00000000

     Dynamical  Matrix in cartesian axes

     q = (   -0.125000000  -0.625000000  -0.875000000 ) 

    1    1
  0.02697001  0.00000000    0.00312998  0.00000000    0.00131202  0.00000000
  0.00312998  0.00000000    0.01493959  0.00000000    0.00333061  0.00000000
  0.00131202  0.00000000    0.00333061  0.00000000    0.02129322  0.00000000

     Dynamical  Matrix in cartesian axes

     q = (    0.625000000  -0.875000000   0.125000000 ) 

    1    1
  0.01493959  0.00000000   -0.00333061  0.00000000    0.00312998  0.00000000
 -0.00333061  0.00000000    0.02129322  0.00000000   -0.00131202  0.00000000
  0.00312998  0.00000000   -0.00131202  0.00000000    0.02697001  0.00000000

     Dynamical  Matrix in cartesian axes

     q = (   -0.125000000  -0.625000000   0.875000000 ) 

    1    1
  0.02697001  0.00000000    0.00312998  0.00000000   -0.00131202  0.00000000
  0.00312998  0.00000000    0.01493959  0.00000000   -0.00333061  0.00000000
 -0.00131202  0.00000000   -0.00333061  0.00000000    0.02129322  0.00000000

     Dynamical  Matrix in cartesian axes

     q = (   -0.625000000  -0.125000000  -0.875000000 ) 

    1    1
  0.01493959  0.00000000    0.00312998  0.00000000    0.00333061  0.00000000
  0.00312998  0.00000000    0.02697001  0.00000000    0.00131202  0.00000000
  0.00333061  0.00000000    0.00131202  0.00000000    0.02129322  0.00000000

     Dynamical  Matrix in cartesian axes

     q = (    0.625000000   0.875000000   0.125000000 ) 

    1    1
  0.01493959  0.00000000    0.00333061  0.00000000    0.00312998  0.00000000
  0.00333061  0.00000000    0.02129322  0.00000000    0.00131202  0.00000000
  0.00312998  0.00000000    0.00131202  0.00000000    0.02697001  0.00000000

     Dynamical  Matrix in cartesian axes

     q = (    0.125000000  -0.625000000  -0.875000000 ) 

    1    1
  0.02697001  0.00000000   -0.00312998  0.00000000   -0.00131202  0.00000000
 -0.00312998  0.00000000    0.01493959  0.00000000    0.00333061  0.00000000
 -0.00131202  0.00000000    0.00333061  0.00000000    0.02129322  0.00000000

     Dynamical  Matrix in cartesian axes

     q = (    0.625000000   0.875000000  -0.125000000 ) 

    1    1
  0.01493959  0.00000000    0.00333061  0.00000000   -0.00312998  0.00000000
  0.00333061  0.00000000    0.02129322  0.00000000   -0.00131202  0.00000000
 -0.00312998  0.00000000   -0.00131202  0.00000000    0.02697001  0.00000000

     Dynamical  Matrix in cartesian axes

     q = (    0.875000000  -0.125000000   0.625000000 ) 

    1    1
  0.02129322  0.00000000   -0.00131202  0.00000000    0.00333061  0.00000000
 -0.00131202  0.00000000    0.02697001  0.00000000   -0.00312998  0.00000000
  0.00333061  0.00000000   -0.00312998  0.00000000    0.01493959  0.00000000

     Dynamical  Matrix in cartesian axes

     q = (   -0.625000000  -0.125000000   0.875000000 ) 

    1    1
  0.01493959  0.00000000    0.00312998  0.00000000   -0.00333061  0.00000000
  0.00312998  0.00000000    0.02697001  0.00000000   -0.00131202  0.00000000
 -0.00333061  0.00000000   -0.00131202  0.00000000    0.02129322  0.00000000

     Dynamical  Matrix in cartesian axes

     q = (    0.125000000  -0.875000000  -0.625000000 ) 

    1    1
  0.02697001  0.00000000   -0.00131202  0.00000000   -0.00312998  0.00000000
 -0.00131202  0.00000000    0.02129322  0.00000000    0.00333061  0.00000000
 -0.00312998  0.00000000    0.00333061  0.00000000    0.01493959  0.00000000

     Dynamical  Matrix in cartesian axes

     q = (   -0.125000000  -0.875000000   0.625000000 ) 

    1    1
  0.02697001  0.00000000    0.00131202  0.00000000   -0.00312998  0.00000000
  0.00131202  0.00000000    0.02129322  0.00000000   -0.00333061  0.00000000
 -0.00312998  0.00000000   -0.00333061  0.00000000    0.01493959  0.00000000

     Dynamical  Matrix in cartesian axes

     q = (    0.125000000   0.875000000   0.625000000 ) 

    1    1
  0.02697001  0.00000000    0.00131202  0.00000000    0.00312998  0.00000000
  0.00131202  0.00000000    0.02129322  0.00000000    0.00333061  0.00000000
  0.00312998  0.00000000    0.00333061  0.00000000    0.01493959  0.00000000

     Dynamical  Matrix in cartesian axes

     q = (    0.625000000  -0.875000000  -0.125000000 ) 

    1    1
  0.01493959  0.00000000   -0.00333061  0.00000000   -0.00312998  0.00000000
 -0.00333061  0.00000000    0.02129322  0.00000000    0.00131202  0.00000000
 -0.00312998  0.00000000    0.00131202  0.00000000    0.02697001  0.00000000

     Dynamical  Matrix in cartesian axes

     q = (   -0.875000000  -0.625000000   0.125000000 ) 

    1    1
  0.02129322  0.00000000    0.00333061  0.00000000   -0.00131202  0.00000000
  0.00333061  0.00000000    0.01493959  0.00000000   -0.00312998  0.00000000
 -0.00131202  0.00000000   -0.00312998  0.00000000    0.02697001  0.00000000

     Dynamical  Matrix in cartesian axes

     q = (   -0.875000000  -0.125000000  -0.625000000 ) 

    1    1
  0.02129322  0.00000000    0.00131202  0.00000000    0.00333061  0.00000000
  0.00131202  0.00000000    0.02697001  0.00000000    0.00312998  0.00000000
  0.00333061  0.00000000    0.00312998  0.00000000    0.01493959  0.00000000

     Dynamical  Matrix in cartesian axes

     q = (    0.875000000   0.625000000   0.125000000 ) 

    1    1
  0.02129322  0.00000000    0.00333061  0.00000000    0.00131202  0.00000000
  0.00333061  0.00000000    0.01493959  0.00000000    0.00312998  0.00000000
  0.00131202  0.00000000    0.00312998  0.00000000    0.02697001  0.00000000

     Dynamical  Matrix in cartesian axes

     q = (    0.875000000  -0.625000000  -0.125000000 ) 

    1    1
  0.02129322  0.00000000   -0.00333061  0.00000000   -0.00131202  0.00000000
 -0.00333061  0.00000000    0.01493959  0.00000000    0.00312998  0.00000000
 -0.00131202  0.00000000    0.00312998  0.00000000    0.02697001  0.00000000

     Diagonalizing the dynamical matrix

     q = (    0.625000000  -0.125000000   0.875000000 ) 

 **************************************************************************
     freq (    1) =       2.600546 [THz] =      86.744871 [cm-1]
 (  0.921625 -0.000000  0.175134  0.000000 -0.346318  0.000000 ) 
     freq (    2) =       3.349209 [THz] =     111.717586 [cm-1]
 (  0.261895  0.000000  0.377867  0.000000  0.888047  0.000000 ) 
     freq (    3) =       3.829493 [THz] =     127.738133 [cm-1]
 ( -0.286389  0.000000  0.909145  0.000000 -0.302384  0.000000 ) 
 **************************************************************************
