Dynamical matrix file
                                                                           
  1    1  2 10.3742603  0.0000000  0.0000000  0.0000000  0.0000000  0.0000000
           1  'Na  '    20954.103126620943     
    1    1      0.0000000000      0.0000000000      0.0000000000

     Dynamical  Matrix in cartesian axes

     q = (    0.625000000  -0.375000000   0.875000000 ) 

    1    1
  0.01634809  0.00000000   -0.00618754  0.00000000    0.00288544  0.00000000
 -0.00618754  0.00000000    0.02009595  0.00000000   -0.00271300  0.00000000
  0.00288544  0.00000000   -0.00271300  0.00000000    0.01974111  0.00000000

     Dynamical  Matrix in cartesian axes

     q = (    0.625000000  -0.375000000  -0.875000000 ) 

    1    1
  0.01634809  0.00000000   -0.00618754  0.00000000   -0.00288544  0.00000000
 -0.00618754  0.00000000    0.02009595  0.00000000    0.00271300  0.00000000
 -0.00288544  0.00000000    0.00271300  0.00000000    0.01974111  0.00000000

     Dynamical  Matrix in cartesian axes

     q = (    0.875000000   0.375000000   0.625000000 ) 

    1    1
  0.01974111  0.00000000    0.00271300  0.00000000    0.00288544  0.00000000
  0.00271300  0.00000000    0.02009595  0.00000000    0.00618754  0.00000000
  0.00288544  0.00000000    0.00618754  0.00000000    0.01634809  0.00000000

     Dynamical  Matrix in cartesian axes

     q = (    0.625000000   0.375000000   0.875000000 ) 

    1    1
  0.01634809  0.00000000    0.00618754  0.00000000    0.00288544  0.00000000
  0.00618754  0.00000000    0.02009595  0.00000000    0.00271300  0.00000000
  0.00288544  0.00000000    0.00271300  0.00000000    0.01974111  0.00000000

     Dynamical  Matrix in cartesian axes

     q = (    0.875000000  -0.375000000  -0.625000000 ) 

    1    1
  0.01974111  0.00000000   -0.00271300  0.00000000   -0.00288544  0.00000000
 -0.00271300  0.00000000    0.02009595  0.00000000    0.00618754  0.00000000
 -0.00288544  0.00000000    0.00618754  0.00000000    0.01634809  0.00000000

     Dynamical  Matrix in cartesian axes

     q = (    0.875000000  -0.375000000   0.625000000 ) 

    1    1
  0.01974111  0.00000000   -0.00271300  0.00000000    0.00288544  0.00000000
 -0.00271300  0.00000000    0.02009595  0.00000000   -0.00618754  0.00000000
  0.00288544  0.00000000   -0.00618754  0.00000000    0.01634809  0.00000000

     Dynamical  Matrix in cartesian axes

     q = (   -0.875000000  -0.375000000   0.625000000 ) 

    1    1
  0.01974111  0.00000000    0.00271300  0.00000000   -0.00288544  0.00000000
  0.00271300  0.00000000    0.02009595  0.00000000   -0.00618754  0.00000000
 -0.00288544  0.00000000   -0.00618754  0.00000000    0.01634809  0.00000000

     Dynamical  Matrix in cartesian axes

     q = (   -0.625000000  -0.375000000  -0.875000000 ) 

    1    1
  0.01634809  0.00000000    0.00618754  0.00000000    0.00288544  0.00000000
  0.00618754  0.00000000    0.02009595  0.00000000    0.00271300  0.00000000
  0.00288544  0.00000000    0.00271300  0.00000000    0.01974111  0.00000000

     Dynamical  Matrix in cartesian axes

     q = (   -0.875000000   0.375000000  -0.625000000 ) 

    1    1
  0.01974111  0.00000000   -0.00271300  0.00000000    0.00288544  0.00000000
 -0.00271300  0.00000000    0.02009595  0.00000000   -0.00618754  0.00000000
  0.00288544  0.00000000   -0.00618754  0.00000000    0.01634809  0.00000000

     Dynamical  Matrix in cartesian axes

     q = (   -0.625000000  -0.375000000   0.875000000 ) 

    1    1
  0.01634809  0.00000000    0.00618754  0.00000000   -0.00288544  0.00000000
  0.00618754  0.00000000    0.02009595  0.00000000   -0.00271300  0.00000000
 -0.00288544  0.00000000   -0.00271300  0.00000000    0.01974111  0.00000000

     Dynamical  Matrix in cartesian axes

     q = (   -0.875000000   0.375000000   0.625000000 ) 

    1    1
  0.01974111  0.00000000   -0.00271300  0.00000000   -0.00288544  0.00000000
 -0.00271300  0.00000000    0.02009595  0.00000000    0.00618754  0.00000000
 -0.00288544  0.00000000    0.00618754  0.00000000    0.01634809  0.00000000

     Dynamical  Matrix in cartesian axes

     q = (    0.875000000   0.375000000  -0.625000000 ) 

    1    1
  0.01974111  0.00000000    0.00271300  0.00000000   -0.00288544  0.00000000
  0.00271300  0.00000000    0.02009595  0.00000000   -0.00618754  0.00000000
 -0.00288544  0.00000000   -0.00618754  0.00000000    0.01634809  0.00000000

     Dynamical  Matrix in cartesian axes

     q = (   -0.625000000   0.375000000   0.875000000 ) 

    1    1
  0.01634809  0.00000000   -0.00618754  0.00000000   -0.00288544  0.00000000
 -0.00618754  0.00000000    0.02009595  0.00000000    0.00271300  0.00000000
 -0.00288544  0.00000000    0.00271300  0.00000000    0.01974111  0.00000000

     Dynamical  Matrix in cartesian axes

     q = (   -0.875000000  -0.375000000  -0.625000000 ) 

    1    1
  0.01974111  0.00000000    0.00271300  0.00000000    0.00288544  0.00000000
  0.00271300  0.00000000    0.02009595  0.00000000    0.00618754  0.00000000
  0.00288544  0.00000000    0.00618754  0.00000000    0.01634809  0.00000000

     Dynamical  Matrix in cartesian axes

     q = (    0.625000000   0.375000000  -0.875000000 ) 

    1    1
  0.01634809  0.00000000    0.00618754  0.00000000   -0.00288544  0.00000000
  0.00618754  0.00000000    0.02009595  0.00000000   -0.00271300  0.00000000
 -0.00288544  0.00000000   -0.00271300  0.00000000    0.01974111  0.00000000

     Dynamical  Matrix in cartesian axes

     q = (   -0.625000000   0.375000000  -0.875000000 ) 

    1    1
  0.01634809  0.00000000   -0.00618754  0.00000000    0.00288544  0.00000000
 -0.00618754  0.00000000    0.02009595  0.00000000   -0.00271300  0.00000000
  0.00288544  0.00000000   -0.00271300  0.00000000    0.01974111  0.00000000

     Dynamical  Matrix in cartesian axes

     q = (   -0.375000000   0.875000000   0.625000000 ) 

    1    1
  0.02009595  0.00000000   -0.00271300  0.00000000   -0.00618754  0.00000000
 -0.00271300  0.00000000    0.01974111  0.00000000    0.00288544  0.00000000
 -0.00618754  0.00000000    0.00288544  0.00000000    0.01634809  0.00000000

     Dynamical  Matrix in cartesian axes

     q = (    0.375000000   0.875000000  -0.625000000 ) 

    1    1
  0.02009595  0.00000000    0.00271300  0.00000000   -0.00618754  0.00000000
  0.00271300  0.00000000    0.01974111  0.00000000   -0.00288544  0.00000000
 -0.00618754  0.00000000   -0.00288544  0.00000000    0.01634809  0.00000000

     Dynamical  Matrix in cartesian axes

     q = (   -0.375000000  -0.875000000  -0.625000000 ) 

    1    1
  0.02009595  0.00000000    0.00271300  0.00000000    0.00618754  0.00000000
  0.00271300  0.00000000    0.01974111  0.00000000    0.00288544  0.00000000
  0.00618754  0.00000000    0.00288544  0.00000000    0.01634809  0.00000000

     Dynamical  Matrix in cartesian axes

     q = (   -0.375000000   0.625000000  -0.875000000 ) 

    1    1
  0.02009595  0.00000000   -0.00618754  0.00000000    0.00271300  0.00000000
 -0.00618754  0.00000000    0.01634809  0.00000000   -0.00288544  0.00000000
  0.00271300  0.00000000   -0.00288544  0.00000000    0.01974111  0.00000000

     Dynamical  Matrix in cartesian axes

     q = (    0.875000000   0.625000000  -0.375000000 ) 

    1    1
  0.01974111  0.00000000    0.00288544  0.00000000   -0.00271300  0.00000000
  0.00288544  0.00000000    0.01634809  0.00000000   -0.00618754  0.00000000
 -0.00271300  0.00000000   -0.00618754  0.00000000    0.02009595  0.00000000

     Dynamical  Matrix in cartesian axes

     q = (   -0.375000000   0.875000000  -0.625000000 ) 

    1    1
  0.02009595  0.00000000   -0.00271300  0.00000000    0.00618754  0.00000000
 -0.00271300  0.00000000    0.01974111  0.00000000   -0.00288544  0.00000000
  0.00618754  0.00000000   -0.00288544  0.00000000    0.01634809  0.00000000

     Dynamical  Matrix in cartesian axes

     q = (   -0.875000000  -0.625000000  -0.375000000 ) 

    1    1
  0.01974111  0.00000000    0.00288544  0.00000000    0.00271300  0.00000000
  0.00288544  0.00000000    0.01634809  0.00000000    0.00618754  0.00000000
  0.00271300  0.00000000    0.00618754  0.00000000    0.02009595  0.00000000

     Dynamical  Matrix in cartesian axes

     q = (   -0.875000000   0.625000000   0.375000000 ) 

    1    1
  0.01974111  0.00000000   -0.00288544  0.00000000   -0.00271300  0.00000000
 -0.00288544  0.00000000    0.01634809  0.00000000    0.00618754  0.00000000
 -0.00271300  0.00000000    0.00618754  0.00000000    0.02009595  0.00000000

     Dynamical  Matrix in cartesian axes

     q = (    0.375000000  -0.625000000   0.875000000 ) 

    1    1
  0.02009595  0.00000000   -0.00618754  0.00000000    0.00271300  0.00000000
 -0.00618754  0.00000000    0.01634809  0.00000000   -0.00288544  0.00000000
  0.00271300  0.00000000   -0.00288544  0.00000000    0.01974111  0.00000000

     Dynamical  Matrix in cartesian axes

     q = (    0.375000000  -0.875000000   0.625000000 ) 

    1    1
  0.02009595  0.00000000   -0.00271300  0.00000000    0.00618754  0.00000000
 -0.00271300  0.00000000    0.01974111  0.00000000   -0.00288544  0.00000000
  0.00618754  0.00000000   -0.00288544  0.00000000    0.01634809  0.00000000

     Dynamical  Matrix in cartesian axes

     q = (    0.625000000  -0.875000000   0.375000000 ) 

    1    1
  0.01634809  0.00000000   -0.00288544  0.00000000    0.00618754  0.00000000
 -0.00288544  0.00000000    0.01974111  0.00000000   -0.00271300  0.00000000
  0.00618754  0.00000000   -0.00271300  0.00000000    0.02009595  0.00000000

     Dynamical  Matrix in cartesian axes

     q = (   -0.875000000   0.625000000  -0.375000000 ) 

    1    1
  0.01974111  0.00000000   -0.00288544  0.00000000    0.00271300  0.00000000
 -0.00288544  0.00000000    0.01634809  0.00000000   -0.00618754  0.00000000
  0.00271300  0.00000000   -0.00618754  0.00000000    0.02009595  0.00000000

     Dynamical  Matrix in cartesian axes

     q = (    0.375000000   0.625000000   0.875000000 ) 

    1    1
  0.02009595  0.00000000    0.00618754  0.00000000    0.00271300  0.00000000
  0.00618754  0.00000000    0.01634809  0.00000000    0.00288544  0.00000000
  0.00271300  0.00000000    0.00288544  0.00000000    0.01974111  0.00000000

     Dynamical  Matrix in cartesian axes

     q = (   -0.375000000   0.625000000   0.875000000 ) 

    1    1
  0.02009595  0.00000000   -0.00618754  0.00000000   -0.00271300  0.00000000
 -0.00618754  0.00000000    0.01634809  0.00000000    0.00288544  0.00000000
 -0.00271300  0.00000000    0.00288544  0.00000000    0.01974111  0.00000000

     Dynamical  Matrix in cartesian axes

     q = (    0.375000000   0.625000000  -0.875000000 ) 

    1    1
  0.02009595  0.00000000    0.00618754  0.00000000   -0.00271300  0.00000000
  0.00618754  0.00000000    0.01634809  0.00000000   -0.00288544  0.00000000
 -0.00271300  0.00000000   -0.00288544  0.00000000    0.01974111  0.00000000

     Dynamical  Matrix in cartesian axes

     q = (   -0.375000000  -0.625000000  -0.875000000 ) 

    1    1
  0.02009595  0.00000000    0.00618754  0.00000000    0.00271300  0.00000000
  0.00618754  0.00000000    0.01634809  0.00000000    0.00288544  0.00000000
  0.00271300  0.00000000    0.00288544  0.00000000    0.01974111  0.00000000

     Dynamical  Matrix in cartesian axes

     q = (   -0.625000000  -0.875000000   0.375000000 ) 

    1    1
  0.01634809  0.00000000    0.00288544  0.00000000   -0.00618754  0.00000000
  0.00288544  0.00000000    0.01974111  0.00000000   -0.00271300  0.00000000
 -0.00618754  0.00000000   -0.00271300  0.00000000    0.02009595  0.00000000

     Dynamical  Matrix in cartesian axes

     q = (   -0.375000000  -0.625000000   0.875000000 ) 

    1    1
  0.02009595  0.00000000    0.00618754  0.00000000   -0.00271300  0.00000000
  0.00618754  0.00000000    0.01634809  0.00000000   -0.00288544  0.00000000
 -0.00271300  0.00000000   -0.00288544  0.00000000    0.01974111  0.00000000

     Dynamical  Matrix in cartesian axes

     q = (    0.875000000  -0.625000000   0.375000000 ) 

    1    1
  0.01974111  0.00000000   -0.00288544  0.00000000    0.00271300  0.00000000
 -0.00288544  0.00000000    0.01634809  0.00000000   -0.00618754  0.00000000
  0.00271300  0.00000000   -0.00618754  0.00000000    0.02009595  0.00000000

     Dynamical  Matrix in cartesian axes

     q = (    0.625000000   0.875000000   0.375000000 ) 

    1    1
  0.01634809  0.00000000    0.00288544  0.00000000    0.00618754  0.00000000
  0.00288544  0.00000000    0.01974111  0.00000000    0.00271300  0.00000000
  0.00618754  0.00000000    0.00271300  0.00000000    0.02009595  0.00000000

     Dynamical  Matrix in cartesian axes

     q = (    0.375000000  -0.625000000  -0.875000000 ) 

    1    1
  0.02009595  0.00000000   -0.00618754  0.00000000   -0.00271300  0.00000000
 -0.00618754  0.00000000    0.01634809  0.00000000    0.00288544  0.00000000
 -0.00271300  0.00000000    0.00288544  0.00000000    0.01974111  0.00000000

     Dynamical  Matrix in cartesian axes

     q = (    0.625000000   0.875000000  -0.375000000 ) 

    1    1
  0.01634809  0.00000000    0.00288544  0.00000000   -0.00618754  0.00000000
  0.00288544  0.00000000    0.01974111  0.00000000   -0.00271300  0.00000000
 -0.00618754  0.00000000   -0.00271300  0.00000000    0.02009595  0.00000000

     Dynamical  Matrix in cartesian axes

     q = (   -0.625000000  -0.875000000  -0.375000000 ) 

    1    1
  0.01634809  0.00000000    0.00288544  0.00000000    0.00618754  0.00000000
  0.00288544  0.00000000    0.01974111  0.00000000    0.00271300  0.00000000
  0.00618754  0.00000000    0.00271300  0.00000000    0.02009595  0.00000000

     Dynamical  Matrix in cartesian axes

     q = (   -0.625000000   0.875000000  -0.375000000 ) 

    1    1
  0.01634809  0.00000000   -0.00288544  0.00000000    0.00618754  0.00000000
 -0.00288544  0.00000000    0.01974111  0.00000000   -0.00271300  0.00000000
  0.00618754  0.00000000   -0.00271300  0.00000000    0.02009595  0.00000000

     Dynamical  Matrix in cartesian axes

     q = (    0.375000000  -0.875000000  -0.625000000 ) 

    1    1
  0.02009595  0.00000000   -0.00271300  0.00000000   -0.00618754  0.00000000
 -0.00271300  0.00000000    0.01974111  0.00000000    0.00288544  0.00000000
 -0.00618754  0.00000000    0.00288544  0.00000000    0.01634809  0.00000000

     Dynamical  Matrix in cartesian axes

     q = (   -0.375000000  -0.875000000   0.625000000 ) 

    1    1
  0.02009595  0.00000000    0.00271300  0.00000000   -0.00618754  0.00000000
  0.00271300  0.00000000    0.01974111  0.00000000   -0.00288544  0.00000000
 -0.00618754  0.00000000   -0.00288544  0.00000000    0.01634809  0.00000000

     Dynamical  Matrix in cartesian axes

     q = (    0.375000000   0.875000000   0.625000000 ) 

    1    1
  0.02009595  0.00000000    0.00271300  0.00000000    0.00618754  0.00000000
  0.00271300  0.00000000    0.01974111  0.00000000    0.00288544  0.00000000
  0.00618754  0.00000000    0.00288544  0.00000000    0.01634809  0.00000000

     Dynamical  Matrix in cartesian axes

     q = (    0.625000000  -0.875000000  -0.375000000 ) 

    1    1
  0.01634809  0.00000000   -0.00288544  0.00000000   -0.00618754  0.00000000
 -0.00288544  0.00000000    0.01974111  0.00000000    0.00271300  0.00000000
 -0.00618754  0.00000000    0.00271300  0.00000000    0.02009595  0.00000000

     Dynamical  Matrix in cartesian axes

     q = (   -0.875000000  -0.625000000   0.375000000 ) 

    1    1
  0.01974111  0.00000000    0.00288544  0.00000000   -0.00271300  0.00000000
  0.00288544  0.00000000    0.01634809  0.00000000   -0.00618754  0.00000000
 -0.00271300  0.00000000   -0.00618754  0.00000000    0.02009595  0.00000000

     Dynamical  Matrix in cartesian axes

     q = (   -0.625000000   0.875000000   0.375000000 ) 

    1    1
  0.01634809  0.00000000   -0.00288544  0.00000000   -0.00618754  0.00000000
 -0.00288544  0.00000000    0.01974111  0.00000000    0.00271300  0.00000000
 -0.00618754  0.00000000    0.00271300  0.00000000    0.02009595  0.00000000

     Dynamical  Matrix in cartesian axes

     q = (    0.875000000   0.625000000   0.375000000 ) 

    1    1
  0.01974111  0.00000000    0.00288544  0.00000000    0.00271300  0.00000000
  0.00288544  0.00000000    0.01634809  0.00000000    0.00618754  0.00000000
  0.00271300  0.00000000    0.00618754  0.00000000    0.02009595  0.00000000

     Dynamical  Matrix in cartesian axes

     q = (    0.875000000  -0.625000000  -0.375000000 ) 

    1    1
  0.01974111  0.00000000   -0.00288544  0.00000000   -0.00271300  0.00000000
 -0.00288544  0.00000000    0.01634809  0.00000000    0.00618754  0.00000000
 -0.00271300  0.00000000    0.00618754  0.00000000    0.02009595  0.00000000

     Diagonalizing the dynamical matrix

     q = (    0.625000000  -0.375000000   0.875000000 ) 

 **************************************************************************
     freq (    1) =       2.456786 [THz] =      81.949546 [cm-1]
 (  0.816656  0.000000  0.568190  0.000000 -0.101163  0.000000 ) 
     freq (    2) =       3.020323 [THz] =     100.747115 [cm-1]
 ( -0.204678  0.000000  0.449037  0.000000  0.869755  0.000000 ) 
     freq (    3) =       3.723198 [THz] =     124.192522 [cm-1]
 (  0.539611  0.000000 -0.689584  0.000000  0.483004  0.000000 ) 
 **************************************************************************
