Dynamical matrix file
                                                                           
  1    1  3  7.8580971  0.0000000  0.0000000  0.0000000  0.0000000  0.0000000
           1  'Na  '    20954.103126620943     
    1    1      0.0000000000      0.0000000000      0.0000000000

     Dynamical  Matrix in cartesian axes

     q = (   -0.125000000   0.625000000  -0.500000000 ) 

    1    1
  0.01896825  0.00000000    0.00126078  0.00000000   -0.00413485  0.00000000
  0.00126078  0.00000000    0.02165557  0.00000000   -0.01269444  0.00000000
 -0.00413485  0.00000000   -0.01269444  0.00000000    0.02164534  0.00000000

     Dynamical  Matrix in cartesian axes

     q = (    0.625000000  -0.125000000  -0.500000000 ) 

    1    1
  0.02165557  0.00000000    0.00126078  0.00000000   -0.01269444  0.00000000
  0.00126078  0.00000000    0.01896825  0.00000000   -0.00413485  0.00000000
 -0.01269444  0.00000000   -0.00413485  0.00000000    0.02164534  0.00000000

     Dynamical  Matrix in cartesian axes

     q = (   -0.125000000   0.500000000  -0.625000000 ) 

    1    1
  0.01896825  0.00000000    0.00413485  0.00000000   -0.00126078  0.00000000
  0.00413485  0.00000000    0.02164534  0.00000000   -0.01269444  0.00000000
 -0.00126078  0.00000000   -0.01269444  0.00000000    0.02165557  0.00000000

     Dynamical  Matrix in cartesian axes

     q = (    0.125000000   0.500000000  -0.625000000 ) 

    1    1
  0.01896825  0.00000000   -0.00413485  0.00000000    0.00126078  0.00000000
 -0.00413485  0.00000000    0.02164534  0.00000000   -0.01269444  0.00000000
  0.00126078  0.00000000   -0.01269444  0.00000000    0.02165557  0.00000000

     Dynamical  Matrix in cartesian axes

     q = (   -0.125000000  -0.625000000   0.500000000 ) 

    1    1
  0.01896825  0.00000000   -0.00126078  0.00000000    0.00413485  0.00000000
 -0.00126078  0.00000000    0.02165557  0.00000000   -0.01269444  0.00000000
  0.00413485  0.00000000   -0.01269444  0.00000000    0.02164534  0.00000000

     Dynamical  Matrix in cartesian axes

     q = (   -0.125000000  -0.500000000   0.625000000 ) 

    1    1
  0.01896825  0.00000000   -0.00413485  0.00000000    0.00126078  0.00000000
 -0.00413485  0.00000000    0.02164534  0.00000000   -0.01269444  0.00000000
  0.00126078  0.00000000   -0.01269444  0.00000000    0.02165557  0.00000000

     Dynamical  Matrix in cartesian axes

     q = (    0.125000000  -0.625000000   0.500000000 ) 

    1    1
  0.01896825  0.00000000    0.00126078  0.00000000   -0.00413485  0.00000000
  0.00126078  0.00000000    0.02165557  0.00000000   -0.01269444  0.00000000
 -0.00413485  0.00000000   -0.01269444  0.00000000    0.02164534  0.00000000

     Dynamical  Matrix in cartesian axes

     q = (    0.125000000  -0.500000000   0.625000000 ) 

    1    1
  0.01896825  0.00000000    0.00413485  0.00000000   -0.00126078  0.00000000
  0.00413485  0.00000000    0.02164534  0.00000000   -0.01269444  0.00000000
 -0.00126078  0.00000000   -0.01269444  0.00000000    0.02165557  0.00000000

     Dynamical  Matrix in cartesian axes

     q = (   -0.625000000   0.500000000  -0.125000000 ) 

    1    1
  0.02165557  0.00000000   -0.01269444  0.00000000   -0.00126078  0.00000000
 -0.01269444  0.00000000    0.02164534  0.00000000    0.00413485  0.00000000
 -0.00126078  0.00000000    0.00413485  0.00000000    0.01896825  0.00000000

     Dynamical  Matrix in cartesian axes

     q = (    0.500000000   0.125000000   0.625000000 ) 

    1    1
  0.02164534  0.00000000   -0.00413485  0.00000000    0.01269444  0.00000000
 -0.00413485  0.00000000    0.01896825  0.00000000   -0.00126078  0.00000000
  0.01269444  0.00000000   -0.00126078  0.00000000    0.02165557  0.00000000

     Dynamical  Matrix in cartesian axes

     q = (   -0.500000000   0.125000000  -0.625000000 ) 

    1    1
  0.02164534  0.00000000    0.00413485  0.00000000    0.01269444  0.00000000
  0.00413485  0.00000000    0.01896825  0.00000000    0.00126078  0.00000000
  0.01269444  0.00000000    0.00126078  0.00000000    0.02165557  0.00000000

     Dynamical  Matrix in cartesian axes

     q = (   -0.625000000   0.125000000  -0.500000000 ) 

    1    1
  0.02165557  0.00000000    0.00126078  0.00000000    0.01269444  0.00000000
  0.00126078  0.00000000    0.01896825  0.00000000    0.00413485  0.00000000
  0.01269444  0.00000000    0.00413485  0.00000000    0.02164534  0.00000000

     Dynamical  Matrix in cartesian axes

     q = (    0.500000000  -0.125000000  -0.625000000 ) 

    1    1
  0.02164534  0.00000000    0.00413485  0.00000000   -0.01269444  0.00000000
  0.00413485  0.00000000    0.01896825  0.00000000   -0.00126078  0.00000000
 -0.01269444  0.00000000   -0.00126078  0.00000000    0.02165557  0.00000000

     Dynamical  Matrix in cartesian axes

     q = (   -0.500000000  -0.125000000   0.625000000 ) 

    1    1
  0.02164534  0.00000000   -0.00413485  0.00000000   -0.01269444  0.00000000
 -0.00413485  0.00000000    0.01896825  0.00000000    0.00126078  0.00000000
 -0.01269444  0.00000000    0.00126078  0.00000000    0.02165557  0.00000000

     Dynamical  Matrix in cartesian axes

     q = (    0.125000000   0.625000000   0.500000000 ) 

    1    1
  0.01896825  0.00000000   -0.00126078  0.00000000   -0.00413485  0.00000000
 -0.00126078  0.00000000    0.02165557  0.00000000    0.01269444  0.00000000
 -0.00413485  0.00000000    0.01269444  0.00000000    0.02164534  0.00000000

     Dynamical  Matrix in cartesian axes

     q = (   -0.625000000  -0.125000000   0.500000000 ) 

    1    1
  0.02165557  0.00000000   -0.00126078  0.00000000   -0.01269444  0.00000000
 -0.00126078  0.00000000    0.01896825  0.00000000    0.00413485  0.00000000
 -0.01269444  0.00000000    0.00413485  0.00000000    0.02164534  0.00000000

     Dynamical  Matrix in cartesian axes

     q = (    0.625000000   0.125000000   0.500000000 ) 

    1    1
  0.02165557  0.00000000   -0.00126078  0.00000000    0.01269444  0.00000000
 -0.00126078  0.00000000    0.01896825  0.00000000   -0.00413485  0.00000000
  0.01269444  0.00000000   -0.00413485  0.00000000    0.02164534  0.00000000

     Dynamical  Matrix in cartesian axes

     q = (    0.500000000   0.625000000   0.125000000 ) 

    1    1
  0.02164534  0.00000000    0.01269444  0.00000000   -0.00413485  0.00000000
  0.01269444  0.00000000    0.02165557  0.00000000   -0.00126078  0.00000000
 -0.00413485  0.00000000   -0.00126078  0.00000000    0.01896825  0.00000000

     Dynamical  Matrix in cartesian axes

     q = (    0.500000000  -0.625000000  -0.125000000 ) 

    1    1
  0.02164534  0.00000000   -0.01269444  0.00000000    0.00413485  0.00000000
 -0.01269444  0.00000000    0.02165557  0.00000000   -0.00126078  0.00000000
  0.00413485  0.00000000   -0.00126078  0.00000000    0.01896825  0.00000000

     Dynamical  Matrix in cartesian axes

     q = (   -0.500000000  -0.625000000   0.125000000 ) 

    1    1
  0.02164534  0.00000000    0.01269444  0.00000000    0.00413485  0.00000000
  0.01269444  0.00000000    0.02165557  0.00000000    0.00126078  0.00000000
  0.00413485  0.00000000    0.00126078  0.00000000    0.01896825  0.00000000

     Dynamical  Matrix in cartesian axes

     q = (   -0.625000000  -0.125000000  -0.500000000 ) 

    1    1
  0.02165557  0.00000000   -0.00126078  0.00000000    0.01269444  0.00000000
 -0.00126078  0.00000000    0.01896825  0.00000000   -0.00413485  0.00000000
  0.01269444  0.00000000   -0.00413485  0.00000000    0.02164534  0.00000000

     Dynamical  Matrix in cartesian axes

     q = (    0.625000000  -0.500000000  -0.125000000 ) 

    1    1
  0.02165557  0.00000000   -0.01269444  0.00000000    0.00126078  0.00000000
 -0.01269444  0.00000000    0.02164534  0.00000000   -0.00413485  0.00000000
  0.00126078  0.00000000   -0.00413485  0.00000000    0.01896825  0.00000000

     Dynamical  Matrix in cartesian axes

     q = (    0.125000000   0.500000000   0.625000000 ) 

    1    1
  0.01896825  0.00000000   -0.00413485  0.00000000   -0.00126078  0.00000000
 -0.00413485  0.00000000    0.02164534  0.00000000    0.01269444  0.00000000
 -0.00126078  0.00000000    0.01269444  0.00000000    0.02165557  0.00000000

     Dynamical  Matrix in cartesian axes

     q = (    0.125000000  -0.500000000  -0.625000000 ) 

    1    1
  0.01896825  0.00000000    0.00413485  0.00000000    0.00126078  0.00000000
  0.00413485  0.00000000    0.02164534  0.00000000    0.01269444  0.00000000
  0.00126078  0.00000000    0.01269444  0.00000000    0.02165557  0.00000000

     Dynamical  Matrix in cartesian axes

     q = (   -0.625000000   0.125000000   0.500000000 ) 

    1    1
  0.02165557  0.00000000    0.00126078  0.00000000   -0.01269444  0.00000000
  0.00126078  0.00000000    0.01896825  0.00000000   -0.00413485  0.00000000
 -0.01269444  0.00000000   -0.00413485  0.00000000    0.02164534  0.00000000

     Dynamical  Matrix in cartesian axes

     q = (   -0.125000000   0.625000000   0.500000000 ) 

    1    1
  0.01896825  0.00000000    0.00126078  0.00000000    0.00413485  0.00000000
  0.00126078  0.00000000    0.02165557  0.00000000    0.01269444  0.00000000
  0.00413485  0.00000000    0.01269444  0.00000000    0.02164534  0.00000000

     Dynamical  Matrix in cartesian axes

     q = (    0.625000000   0.125000000  -0.500000000 ) 

    1    1
  0.02165557  0.00000000   -0.00126078  0.00000000   -0.01269444  0.00000000
 -0.00126078  0.00000000    0.01896825  0.00000000    0.00413485  0.00000000
 -0.01269444  0.00000000    0.00413485  0.00000000    0.02164534  0.00000000

     Dynamical  Matrix in cartesian axes

     q = (   -0.125000000  -0.500000000  -0.625000000 ) 

    1    1
  0.01896825  0.00000000   -0.00413485  0.00000000   -0.00126078  0.00000000
 -0.00413485  0.00000000    0.02164534  0.00000000    0.01269444  0.00000000
 -0.00126078  0.00000000    0.01269444  0.00000000    0.02165557  0.00000000

     Dynamical  Matrix in cartesian axes

     q = (   -0.125000000  -0.625000000  -0.500000000 ) 

    1    1
  0.01896825  0.00000000   -0.00126078  0.00000000   -0.00413485  0.00000000
 -0.00126078  0.00000000    0.02165557  0.00000000    0.01269444  0.00000000
 -0.00413485  0.00000000    0.01269444  0.00000000    0.02164534  0.00000000

     Dynamical  Matrix in cartesian axes

     q = (    0.125000000   0.625000000  -0.500000000 ) 

    1    1
  0.01896825  0.00000000   -0.00126078  0.00000000    0.00413485  0.00000000
 -0.00126078  0.00000000    0.02165557  0.00000000   -0.01269444  0.00000000
  0.00413485  0.00000000   -0.01269444  0.00000000    0.02164534  0.00000000

     Dynamical  Matrix in cartesian axes

     q = (   -0.125000000   0.500000000   0.625000000 ) 

    1    1
  0.01896825  0.00000000    0.00413485  0.00000000    0.00126078  0.00000000
  0.00413485  0.00000000    0.02164534  0.00000000    0.01269444  0.00000000
  0.00126078  0.00000000    0.01269444  0.00000000    0.02165557  0.00000000

     Dynamical  Matrix in cartesian axes

     q = (    0.125000000  -0.625000000  -0.500000000 ) 

    1    1
  0.01896825  0.00000000    0.00126078  0.00000000    0.00413485  0.00000000
  0.00126078  0.00000000    0.02165557  0.00000000    0.01269444  0.00000000
  0.00413485  0.00000000    0.01269444  0.00000000    0.02164534  0.00000000

     Dynamical  Matrix in cartesian axes

     q = (   -0.500000000   0.625000000  -0.125000000 ) 

    1    1
  0.02164534  0.00000000   -0.01269444  0.00000000   -0.00413485  0.00000000
 -0.01269444  0.00000000    0.02165557  0.00000000    0.00126078  0.00000000
 -0.00413485  0.00000000    0.00126078  0.00000000    0.01896825  0.00000000

     Dynamical  Matrix in cartesian axes

     q = (   -0.625000000  -0.500000000   0.125000000 ) 

    1    1
  0.02165557  0.00000000    0.01269444  0.00000000    0.00126078  0.00000000
  0.01269444  0.00000000    0.02164534  0.00000000    0.00413485  0.00000000
  0.00126078  0.00000000    0.00413485  0.00000000    0.01896825  0.00000000

     Dynamical  Matrix in cartesian axes

     q = (    0.625000000   0.500000000   0.125000000 ) 

    1    1
  0.02165557  0.00000000    0.01269444  0.00000000   -0.00126078  0.00000000
  0.01269444  0.00000000    0.02164534  0.00000000   -0.00413485  0.00000000
 -0.00126078  0.00000000   -0.00413485  0.00000000    0.01896825  0.00000000

     Dynamical  Matrix in cartesian axes

     q = (   -0.500000000  -0.625000000  -0.125000000 ) 

    1    1
  0.02164534  0.00000000    0.01269444  0.00000000   -0.00413485  0.00000000
  0.01269444  0.00000000    0.02165557  0.00000000   -0.00126078  0.00000000
 -0.00413485  0.00000000   -0.00126078  0.00000000    0.01896825  0.00000000

     Dynamical  Matrix in cartesian axes

     q = (    0.500000000  -0.625000000   0.125000000 ) 

    1    1
  0.02164534  0.00000000   -0.01269444  0.00000000   -0.00413485  0.00000000
 -0.01269444  0.00000000    0.02165557  0.00000000    0.00126078  0.00000000
 -0.00413485  0.00000000    0.00126078  0.00000000    0.01896825  0.00000000

     Dynamical  Matrix in cartesian axes

     q = (   -0.500000000   0.625000000   0.125000000 ) 

    1    1
  0.02164534  0.00000000   -0.01269444  0.00000000    0.00413485  0.00000000
 -0.01269444  0.00000000    0.02165557  0.00000000   -0.00126078  0.00000000
  0.00413485  0.00000000   -0.00126078  0.00000000    0.01896825  0.00000000

     Dynamical  Matrix in cartesian axes

     q = (    0.500000000   0.625000000  -0.125000000 ) 

    1    1
  0.02164534  0.00000000    0.01269444  0.00000000    0.00413485  0.00000000
  0.01269444  0.00000000    0.02165557  0.00000000    0.00126078  0.00000000
  0.00413485  0.00000000    0.00126078  0.00000000    0.01896825  0.00000000

     Dynamical  Matrix in cartesian axes

     q = (    0.625000000  -0.125000000   0.500000000 ) 

    1    1
  0.02165557  0.00000000    0.00126078  0.00000000    0.01269444  0.00000000
  0.00126078  0.00000000    0.01896825  0.00000000    0.00413485  0.00000000
  0.01269444  0.00000000    0.00413485  0.00000000    0.02164534  0.00000000

     Dynamical  Matrix in cartesian axes

     q = (   -0.625000000   0.500000000   0.125000000 ) 

    1    1
  0.02165557  0.00000000   -0.01269444  0.00000000    0.00126078  0.00000000
 -0.01269444  0.00000000    0.02164534  0.00000000   -0.00413485  0.00000000
  0.00126078  0.00000000   -0.00413485  0.00000000    0.01896825  0.00000000

     Dynamical  Matrix in cartesian axes

     q = (    0.625000000   0.500000000  -0.125000000 ) 

    1    1
  0.02165557  0.00000000    0.01269444  0.00000000    0.00126078  0.00000000
  0.01269444  0.00000000    0.02164534  0.00000000    0.00413485  0.00000000
  0.00126078  0.00000000    0.00413485  0.00000000    0.01896825  0.00000000

     Dynamical  Matrix in cartesian axes

     q = (   -0.625000000  -0.500000000  -0.125000000 ) 

    1    1
  0.02165557  0.00000000    0.01269444  0.00000000   -0.00126078  0.00000000
  0.01269444  0.00000000    0.02164534  0.00000000   -0.00413485  0.00000000
 -0.00126078  0.00000000   -0.00413485  0.00000000    0.01896825  0.00000000

     Dynamical  Matrix in cartesian axes

     q = (    0.625000000  -0.500000000   0.125000000 ) 

    1    1
  0.02165557  0.00000000   -0.01269444  0.00000000   -0.00126078  0.00000000
 -0.01269444  0.00000000    0.02164534  0.00000000    0.00413485  0.00000000
 -0.00126078  0.00000000    0.00413485  0.00000000    0.01896825  0.00000000

     Dynamical  Matrix in cartesian axes

     q = (    0.500000000   0.125000000  -0.625000000 ) 

    1    1
  0.02164534  0.00000000   -0.00413485  0.00000000   -0.01269444  0.00000000
 -0.00413485  0.00000000    0.01896825  0.00000000    0.00126078  0.00000000
 -0.01269444  0.00000000    0.00126078  0.00000000    0.02165557  0.00000000

     Dynamical  Matrix in cartesian axes

     q = (    0.500000000  -0.125000000   0.625000000 ) 

    1    1
  0.02164534  0.00000000    0.00413485  0.00000000    0.01269444  0.00000000
  0.00413485  0.00000000    0.01896825  0.00000000    0.00126078  0.00000000
  0.01269444  0.00000000    0.00126078  0.00000000    0.02165557  0.00000000

     Dynamical  Matrix in cartesian axes

     q = (   -0.500000000  -0.125000000  -0.625000000 ) 

    1    1
  0.02164534  0.00000000   -0.00413485  0.00000000    0.01269444  0.00000000
 -0.00413485  0.00000000    0.01896825  0.00000000   -0.00126078  0.00000000
  0.01269444  0.00000000   -0.00126078  0.00000000    0.02165557  0.00000000

     Dynamical  Matrix in cartesian axes

     q = (   -0.500000000   0.125000000   0.625000000 ) 

    1    1
  0.02164534  0.00000000    0.00413485  0.00000000   -0.01269444  0.00000000
  0.00413485  0.00000000    0.01896825  0.00000000   -0.00126078  0.00000000
 -0.01269444  0.00000000   -0.00126078  0.00000000    0.02165557  0.00000000

     Diagonalizing the dynamical matrix

     q = (   -0.125000000   0.625000000  -0.500000000 ) 

 **************************************************************************
     freq (    1) =       2.099889 [THz] =      70.044752 [cm-1]
 (  0.201712 -0.000000  0.671024 -0.000000  0.713470  0.000000 ) 
     freq (    2) =       3.089895 [THz] =     103.067819 [cm-1]
 (  0.952002  0.000000 -0.305550  0.000000  0.018223  0.000000 ) 
     freq (    3) =       4.266828 [THz] =     142.326074 [cm-1]
 ( -0.230228  0.000000 -0.675549  0.000000  0.700449  0.000000 ) 
 **************************************************************************
