Dynamical matrix file
                                                                           
  1    1  3  7.0705011  0.0000000  0.0000000  0.0000000  0.0000000  0.0000000
           1  'Na  '    20954.103126620943     
    1    1      0.0000000000      0.0000000000      0.0000000000

     Dynamical  Matrix in cartesian axes

     q = (   -0.166666667   0.666666667  -0.500000000 ) 

    1    1
  0.02742435  0.00000000   -0.00093473  0.00000000   -0.00893246  0.00000000
 -0.00093473  0.00000000    0.03618410  0.00000000   -0.02683408  0.00000000
 -0.00893246  0.00000000   -0.02683408  0.00000000    0.03957814  0.00000000

     Dynamical  Matrix in cartesian axes

     q = (    0.666666667  -0.166666667  -0.500000000 ) 

    1    1
  0.03618410  0.00000000   -0.00093473  0.00000000   -0.02683408  0.00000000
 -0.00093473  0.00000000    0.02742435  0.00000000   -0.00893246  0.00000000
 -0.02683408  0.00000000   -0.00893246  0.00000000    0.03957814  0.00000000

     Dynamical  Matrix in cartesian axes

     q = (   -0.166666667   0.500000000  -0.666666667 ) 

    1    1
  0.02742435  0.00000000    0.00893246  0.00000000    0.00093473  0.00000000
  0.00893246  0.00000000    0.03957814  0.00000000   -0.02683408  0.00000000
  0.00093473  0.00000000   -0.02683408  0.00000000    0.03618410  0.00000000

     Dynamical  Matrix in cartesian axes

     q = (    0.166666667   0.500000000  -0.666666667 ) 

    1    1
  0.02742435  0.00000000   -0.00893246  0.00000000   -0.00093473  0.00000000
 -0.00893246  0.00000000    0.03957814  0.00000000   -0.02683408  0.00000000
 -0.00093473  0.00000000   -0.02683408  0.00000000    0.03618410  0.00000000

     Dynamical  Matrix in cartesian axes

     q = (   -0.166666667  -0.500000000   0.666666667 ) 

    1    1
  0.02742435  0.00000000   -0.00893246  0.00000000   -0.00093473  0.00000000
 -0.00893246  0.00000000    0.03957814  0.00000000   -0.02683408  0.00000000
 -0.00093473  0.00000000   -0.02683408  0.00000000    0.03618410  0.00000000

     Dynamical  Matrix in cartesian axes

     q = (    0.166666667  -0.500000000   0.666666667 ) 

    1    1
  0.02742435  0.00000000    0.00893246  0.00000000    0.00093473  0.00000000
  0.00893246  0.00000000    0.03957814  0.00000000   -0.02683408  0.00000000
  0.00093473  0.00000000   -0.02683408  0.00000000    0.03618410  0.00000000

     Dynamical  Matrix in cartesian axes

     q = (    0.166666667  -0.666666667   0.500000000 ) 

    1    1
  0.02742435  0.00000000   -0.00093473  0.00000000   -0.00893246  0.00000000
 -0.00093473  0.00000000    0.03618410  0.00000000   -0.02683408  0.00000000
 -0.00893246  0.00000000   -0.02683408  0.00000000    0.03957814  0.00000000

     Dynamical  Matrix in cartesian axes

     q = (   -0.166666667  -0.666666667   0.500000000 ) 

    1    1
  0.02742435  0.00000000    0.00093473  0.00000000    0.00893246  0.00000000
  0.00093473  0.00000000    0.03618410  0.00000000   -0.02683408  0.00000000
  0.00893246  0.00000000   -0.02683408  0.00000000    0.03957814  0.00000000

     Dynamical  Matrix in cartesian axes

     q = (   -0.500000000  -0.666666667  -0.166666667 ) 

    1    1
  0.03957814  0.00000000    0.02683408  0.00000000   -0.00893246  0.00000000
  0.02683408  0.00000000    0.03618410  0.00000000    0.00093473  0.00000000
 -0.00893246  0.00000000    0.00093473  0.00000000    0.02742435  0.00000000

     Dynamical  Matrix in cartesian axes

     q = (    0.500000000  -0.666666667   0.166666667 ) 

    1    1
  0.03957814  0.00000000   -0.02683408  0.00000000   -0.00893246  0.00000000
 -0.02683408  0.00000000    0.03618410  0.00000000   -0.00093473  0.00000000
 -0.00893246  0.00000000   -0.00093473  0.00000000    0.02742435  0.00000000

     Dynamical  Matrix in cartesian axes

     q = (   -0.500000000   0.666666667   0.166666667 ) 

    1    1
  0.03957814  0.00000000   -0.02683408  0.00000000    0.00893246  0.00000000
 -0.02683408  0.00000000    0.03618410  0.00000000    0.00093473  0.00000000
  0.00893246  0.00000000    0.00093473  0.00000000    0.02742435  0.00000000

     Dynamical  Matrix in cartesian axes

     q = (    0.500000000   0.666666667  -0.166666667 ) 

    1    1
  0.03957814  0.00000000    0.02683408  0.00000000    0.00893246  0.00000000
  0.02683408  0.00000000    0.03618410  0.00000000   -0.00093473  0.00000000
  0.00893246  0.00000000   -0.00093473  0.00000000    0.02742435  0.00000000

     Dynamical  Matrix in cartesian axes

     q = (    0.666666667  -0.166666667   0.500000000 ) 

    1    1
  0.03618410  0.00000000   -0.00093473  0.00000000    0.02683408  0.00000000
 -0.00093473  0.00000000    0.02742435  0.00000000    0.00893246  0.00000000
  0.02683408  0.00000000    0.00893246  0.00000000    0.03957814  0.00000000

     Dynamical  Matrix in cartesian axes

     q = (    0.666666667  -0.500000000  -0.166666667 ) 

    1    1
  0.03618410  0.00000000   -0.02683408  0.00000000   -0.00093473  0.00000000
 -0.02683408  0.00000000    0.03957814  0.00000000   -0.00893246  0.00000000
 -0.00093473  0.00000000   -0.00893246  0.00000000    0.02742435  0.00000000

     Dynamical  Matrix in cartesian axes

     q = (   -0.166666667  -0.500000000  -0.666666667 ) 

    1    1
  0.02742435  0.00000000   -0.00893246  0.00000000    0.00093473  0.00000000
 -0.00893246  0.00000000    0.03957814  0.00000000    0.02683408  0.00000000
  0.00093473  0.00000000    0.02683408  0.00000000    0.03618410  0.00000000

     Dynamical  Matrix in cartesian axes

     q = (   -0.166666667   0.500000000   0.666666667 ) 

    1    1
  0.02742435  0.00000000    0.00893246  0.00000000   -0.00093473  0.00000000
  0.00893246  0.00000000    0.03957814  0.00000000    0.02683408  0.00000000
 -0.00093473  0.00000000    0.02683408  0.00000000    0.03618410  0.00000000

     Dynamical  Matrix in cartesian axes

     q = (    0.666666667   0.166666667  -0.500000000 ) 

    1    1
  0.03618410  0.00000000    0.00093473  0.00000000   -0.02683408  0.00000000
  0.00093473  0.00000000    0.02742435  0.00000000    0.00893246  0.00000000
 -0.02683408  0.00000000    0.00893246  0.00000000    0.03957814  0.00000000

     Dynamical  Matrix in cartesian axes

     q = (    0.166666667   0.666666667  -0.500000000 ) 

    1    1
  0.02742435  0.00000000    0.00093473  0.00000000    0.00893246  0.00000000
  0.00093473  0.00000000    0.03618410  0.00000000   -0.02683408  0.00000000
  0.00893246  0.00000000   -0.02683408  0.00000000    0.03957814  0.00000000

     Dynamical  Matrix in cartesian axes

     q = (    0.666666667   0.500000000   0.166666667 ) 

    1    1
  0.03618410  0.00000000    0.02683408  0.00000000    0.00093473  0.00000000
  0.02683408  0.00000000    0.03957814  0.00000000   -0.00893246  0.00000000
  0.00093473  0.00000000   -0.00893246  0.00000000    0.02742435  0.00000000

     Dynamical  Matrix in cartesian axes

     q = (   -0.666666667   0.500000000  -0.166666667 ) 

    1    1
  0.03618410  0.00000000   -0.02683408  0.00000000    0.00093473  0.00000000
 -0.02683408  0.00000000    0.03957814  0.00000000    0.00893246  0.00000000
  0.00093473  0.00000000    0.00893246  0.00000000    0.02742435  0.00000000

     Dynamical  Matrix in cartesian axes

     q = (    0.500000000   0.166666667   0.666666667 ) 

    1    1
  0.03957814  0.00000000   -0.00893246  0.00000000    0.02683408  0.00000000
 -0.00893246  0.00000000    0.02742435  0.00000000    0.00093473  0.00000000
  0.02683408  0.00000000    0.00093473  0.00000000    0.03618410  0.00000000

     Dynamical  Matrix in cartesian axes

     q = (   -0.500000000   0.166666667  -0.666666667 ) 

    1    1
  0.03957814  0.00000000    0.00893246  0.00000000    0.02683408  0.00000000
  0.00893246  0.00000000    0.02742435  0.00000000   -0.00093473  0.00000000
  0.02683408  0.00000000   -0.00093473  0.00000000    0.03618410  0.00000000

     Dynamical  Matrix in cartesian axes

     q = (    0.500000000   0.666666667   0.166666667 ) 

    1    1
  0.03957814  0.00000000    0.02683408  0.00000000   -0.00893246  0.00000000
  0.02683408  0.00000000    0.03618410  0.00000000    0.00093473  0.00000000
 -0.00893246  0.00000000    0.00093473  0.00000000    0.02742435  0.00000000

     Dynamical  Matrix in cartesian axes

     q = (    0.500000000  -0.166666667  -0.666666667 ) 

    1    1
  0.03957814  0.00000000    0.00893246  0.00000000   -0.02683408  0.00000000
  0.00893246  0.00000000    0.02742435  0.00000000    0.00093473  0.00000000
 -0.02683408  0.00000000    0.00093473  0.00000000    0.03618410  0.00000000

     Dynamical  Matrix in cartesian axes

     q = (   -0.666666667   0.166666667   0.500000000 ) 

    1    1
  0.03618410  0.00000000   -0.00093473  0.00000000   -0.02683408  0.00000000
 -0.00093473  0.00000000    0.02742435  0.00000000   -0.00893246  0.00000000
 -0.02683408  0.00000000   -0.00893246  0.00000000    0.03957814  0.00000000

     Dynamical  Matrix in cartesian axes

     q = (   -0.166666667   0.666666667   0.500000000 ) 

    1    1
  0.02742435  0.00000000   -0.00093473  0.00000000    0.00893246  0.00000000
 -0.00093473  0.00000000    0.03618410  0.00000000    0.02683408  0.00000000
  0.00893246  0.00000000    0.02683408  0.00000000    0.03957814  0.00000000

     Dynamical  Matrix in cartesian axes

     q = (   -0.500000000  -0.166666667   0.666666667 ) 

    1    1
  0.03957814  0.00000000   -0.00893246  0.00000000   -0.02683408  0.00000000
 -0.00893246  0.00000000    0.02742435  0.00000000   -0.00093473  0.00000000
 -0.02683408  0.00000000   -0.00093473  0.00000000    0.03618410  0.00000000

     Dynamical  Matrix in cartesian axes

     q = (    0.166666667   0.666666667   0.500000000 ) 

    1    1
  0.02742435  0.00000000    0.00093473  0.00000000   -0.00893246  0.00000000
  0.00093473  0.00000000    0.03618410  0.00000000    0.02683408  0.00000000
 -0.00893246  0.00000000    0.02683408  0.00000000    0.03957814  0.00000000

     Dynamical  Matrix in cartesian axes

     q = (   -0.500000000   0.666666667  -0.166666667 ) 

    1    1
  0.03957814  0.00000000   -0.02683408  0.00000000   -0.00893246  0.00000000
 -0.02683408  0.00000000    0.03618410  0.00000000   -0.00093473  0.00000000
 -0.00893246  0.00000000   -0.00093473  0.00000000    0.02742435  0.00000000

     Dynamical  Matrix in cartesian axes

     q = (   -0.666666667  -0.166666667  -0.500000000 ) 

    1    1
  0.03618410  0.00000000    0.00093473  0.00000000    0.02683408  0.00000000
  0.00093473  0.00000000    0.02742435  0.00000000   -0.00893246  0.00000000
  0.02683408  0.00000000   -0.00893246  0.00000000    0.03957814  0.00000000

     Dynamical  Matrix in cartesian axes

     q = (   -0.666666667  -0.166666667   0.500000000 ) 

    1    1
  0.03618410  0.00000000    0.00093473  0.00000000   -0.02683408  0.00000000
  0.00093473  0.00000000    0.02742435  0.00000000    0.00893246  0.00000000
 -0.02683408  0.00000000    0.00893246  0.00000000    0.03957814  0.00000000

     Dynamical  Matrix in cartesian axes

     q = (    0.666666667   0.166666667   0.500000000 ) 

    1    1
  0.03618410  0.00000000    0.00093473  0.00000000    0.02683408  0.00000000
  0.00093473  0.00000000    0.02742435  0.00000000   -0.00893246  0.00000000
  0.02683408  0.00000000   -0.00893246  0.00000000    0.03957814  0.00000000

     Dynamical  Matrix in cartesian axes

     q = (    0.166666667  -0.666666667  -0.500000000 ) 

    1    1
  0.02742435  0.00000000   -0.00093473  0.00000000    0.00893246  0.00000000
 -0.00093473  0.00000000    0.03618410  0.00000000    0.02683408  0.00000000
  0.00893246  0.00000000    0.02683408  0.00000000    0.03957814  0.00000000

     Dynamical  Matrix in cartesian axes

     q = (   -0.666666667   0.166666667  -0.500000000 ) 

    1    1
  0.03618410  0.00000000   -0.00093473  0.00000000    0.02683408  0.00000000
 -0.00093473  0.00000000    0.02742435  0.00000000    0.00893246  0.00000000
  0.02683408  0.00000000    0.00893246  0.00000000    0.03957814  0.00000000

     Dynamical  Matrix in cartesian axes

     q = (    0.500000000  -0.666666667  -0.166666667 ) 

    1    1
  0.03957814  0.00000000   -0.02683408  0.00000000    0.00893246  0.00000000
 -0.02683408  0.00000000    0.03618410  0.00000000    0.00093473  0.00000000
  0.00893246  0.00000000    0.00093473  0.00000000    0.02742435  0.00000000

     Dynamical  Matrix in cartesian axes

     q = (   -0.500000000  -0.666666667   0.166666667 ) 

    1    1
  0.03957814  0.00000000    0.02683408  0.00000000    0.00893246  0.00000000
  0.02683408  0.00000000    0.03618410  0.00000000   -0.00093473  0.00000000
  0.00893246  0.00000000   -0.00093473  0.00000000    0.02742435  0.00000000

     Dynamical  Matrix in cartesian axes

     q = (   -0.166666667  -0.666666667  -0.500000000 ) 

    1    1
  0.02742435  0.00000000    0.00093473  0.00000000   -0.00893246  0.00000000
  0.00093473  0.00000000    0.03618410  0.00000000    0.02683408  0.00000000
 -0.00893246  0.00000000    0.02683408  0.00000000    0.03957814  0.00000000

     Dynamical  Matrix in cartesian axes

     q = (   -0.666666667  -0.500000000   0.166666667 ) 

    1    1
  0.03618410  0.00000000    0.02683408  0.00000000   -0.00093473  0.00000000
  0.02683408  0.00000000    0.03957814  0.00000000    0.00893246  0.00000000
 -0.00093473  0.00000000    0.00893246  0.00000000    0.02742435  0.00000000

     Dynamical  Matrix in cartesian axes

     q = (    0.166666667   0.500000000   0.666666667 ) 

    1    1
  0.02742435  0.00000000   -0.00893246  0.00000000    0.00093473  0.00000000
 -0.00893246  0.00000000    0.03957814  0.00000000    0.02683408  0.00000000
  0.00093473  0.00000000    0.02683408  0.00000000    0.03618410  0.00000000

     Dynamical  Matrix in cartesian axes

     q = (    0.166666667  -0.500000000  -0.666666667 ) 

    1    1
  0.02742435  0.00000000    0.00893246  0.00000000   -0.00093473  0.00000000
  0.00893246  0.00000000    0.03957814  0.00000000    0.02683408  0.00000000
 -0.00093473  0.00000000    0.02683408  0.00000000    0.03618410  0.00000000

     Dynamical  Matrix in cartesian axes

     q = (   -0.666666667   0.500000000   0.166666667 ) 

    1    1
  0.03618410  0.00000000   -0.02683408  0.00000000   -0.00093473  0.00000000
 -0.02683408  0.00000000    0.03957814  0.00000000   -0.00893246  0.00000000
 -0.00093473  0.00000000   -0.00893246  0.00000000    0.02742435  0.00000000

     Dynamical  Matrix in cartesian axes

     q = (    0.666666667   0.500000000  -0.166666667 ) 

    1    1
  0.03618410  0.00000000    0.02683408  0.00000000   -0.00093473  0.00000000
  0.02683408  0.00000000    0.03957814  0.00000000    0.00893246  0.00000000
 -0.00093473  0.00000000    0.00893246  0.00000000    0.02742435  0.00000000

     Dynamical  Matrix in cartesian axes

     q = (   -0.666666667  -0.500000000  -0.166666667 ) 

    1    1
  0.03618410  0.00000000    0.02683408  0.00000000    0.00093473  0.00000000
  0.02683408  0.00000000    0.03957814  0.00000000   -0.00893246  0.00000000
  0.00093473  0.00000000   -0.00893246  0.00000000    0.02742435  0.00000000

     Dynamical  Matrix in cartesian axes

     q = (    0.666666667  -0.500000000   0.166666667 ) 

    1    1
  0.03618410  0.00000000   -0.02683408  0.00000000    0.00093473  0.00000000
 -0.02683408  0.00000000    0.03957814  0.00000000    0.00893246  0.00000000
  0.00093473  0.00000000    0.00893246  0.00000000    0.02742435  0.00000000

     Dynamical  Matrix in cartesian axes

     q = (    0.500000000   0.166666667  -0.666666667 ) 

    1    1
  0.03957814  0.00000000   -0.00893246  0.00000000   -0.02683408  0.00000000
 -0.00893246  0.00000000    0.02742435  0.00000000   -0.00093473  0.00000000
 -0.02683408  0.00000000   -0.00093473  0.00000000    0.03618410  0.00000000

     Dynamical  Matrix in cartesian axes

     q = (    0.500000000  -0.166666667   0.666666667 ) 

    1    1
  0.03957814  0.00000000    0.00893246  0.00000000    0.02683408  0.00000000
  0.00893246  0.00000000    0.02742435  0.00000000   -0.00093473  0.00000000
  0.02683408  0.00000000   -0.00093473  0.00000000    0.03618410  0.00000000

     Dynamical  Matrix in cartesian axes

     q = (   -0.500000000  -0.166666667  -0.666666667 ) 

    1    1
  0.03957814  0.00000000   -0.00893246  0.00000000    0.02683408  0.00000000
 -0.00893246  0.00000000    0.02742435  0.00000000    0.00093473  0.00000000
  0.02683408  0.00000000    0.00093473  0.00000000    0.03618410  0.00000000

     Dynamical  Matrix in cartesian axes

     q = (   -0.500000000   0.166666667   0.666666667 ) 

    1    1
  0.03957814  0.00000000    0.00893246  0.00000000   -0.02683408  0.00000000
  0.00893246  0.00000000    0.02742435  0.00000000    0.00093473  0.00000000
 -0.02683408  0.00000000    0.00093473  0.00000000    0.03618410  0.00000000

     Diagonalizing the dynamical matrix

     q = (   -0.166666667   0.666666667  -0.500000000 ) 

 **************************************************************************
     freq (    1) =       2.092270 [THz] =      69.790630 [cm-1]
 (  0.347260 -0.000000  0.658403 -0.000000  0.667769  0.000000 ) 
     freq (    2) =       3.871647 [THz] =     129.144237 [cm-1]
 (  0.924869  0.000000 -0.358158  0.000000 -0.127825  0.000000 ) 
     freq (    3) =       5.824941 [THz] =     194.299125 [cm-1]
 ( -0.155007  0.000000 -0.661988  0.000000  0.733311  0.000000 ) 
 **************************************************************************
