Dynamical matrix file
                                                                           
  1    1  3  8.2004102  0.0000000  0.0000000  0.0000000  0.0000000  0.0000000
           1  'Na  '    20954.103126620943     
    1    1      0.0000000000      0.0000000000      0.0000000000

     Dynamical  Matrix in cartesian axes

     q = (   -0.166666667   0.666666667  -0.500000000 ) 

    1    1
  0.01165839  0.00000000   -0.00016084  0.00000000   -0.00251046  0.00000000
 -0.00016084  0.00000000    0.01188568  0.00000000   -0.00781505  0.00000000
 -0.00251046  0.00000000   -0.00781505  0.00000000    0.01168110  0.00000000

     Dynamical  Matrix in cartesian axes

     q = (    0.666666667  -0.166666667  -0.500000000 ) 

    1    1
  0.01188568  0.00000000   -0.00016084  0.00000000   -0.00781505  0.00000000
 -0.00016084  0.00000000    0.01165839  0.00000000   -0.00251046  0.00000000
 -0.00781505  0.00000000   -0.00251046  0.00000000    0.01168110  0.00000000

     Dynamical  Matrix in cartesian axes

     q = (   -0.166666667   0.500000000  -0.666666667 ) 

    1    1
  0.01165839  0.00000000    0.00251046  0.00000000    0.00016084  0.00000000
  0.00251046  0.00000000    0.01168110  0.00000000   -0.00781505  0.00000000
  0.00016084  0.00000000   -0.00781505  0.00000000    0.01188568  0.00000000

     Dynamical  Matrix in cartesian axes

     q = (    0.166666667   0.500000000  -0.666666667 ) 

    1    1
  0.01165839  0.00000000   -0.00251046  0.00000000   -0.00016084  0.00000000
 -0.00251046  0.00000000    0.01168110  0.00000000   -0.00781505  0.00000000
 -0.00016084  0.00000000   -0.00781505  0.00000000    0.01188568  0.00000000

     Dynamical  Matrix in cartesian axes

     q = (   -0.166666667  -0.500000000   0.666666667 ) 

    1    1
  0.01165839  0.00000000   -0.00251046  0.00000000   -0.00016084  0.00000000
 -0.00251046  0.00000000    0.01168110  0.00000000   -0.00781505  0.00000000
 -0.00016084  0.00000000   -0.00781505  0.00000000    0.01188568  0.00000000

     Dynamical  Matrix in cartesian axes

     q = (    0.166666667  -0.500000000   0.666666667 ) 

    1    1
  0.01165839  0.00000000    0.00251046  0.00000000    0.00016084  0.00000000
  0.00251046  0.00000000    0.01168110  0.00000000   -0.00781505  0.00000000
  0.00016084  0.00000000   -0.00781505  0.00000000    0.01188568  0.00000000

     Dynamical  Matrix in cartesian axes

     q = (    0.166666667  -0.666666667   0.500000000 ) 

    1    1
  0.01165839  0.00000000   -0.00016084  0.00000000   -0.00251046  0.00000000
 -0.00016084  0.00000000    0.01188568  0.00000000   -0.00781505  0.00000000
 -0.00251046  0.00000000   -0.00781505  0.00000000    0.01168110  0.00000000

     Dynamical  Matrix in cartesian axes

     q = (   -0.166666667  -0.666666667   0.500000000 ) 

    1    1
  0.01165839  0.00000000    0.00016084  0.00000000    0.00251046  0.00000000
  0.00016084  0.00000000    0.01188568  0.00000000   -0.00781505  0.00000000
  0.00251046  0.00000000   -0.00781505  0.00000000    0.01168110  0.00000000

     Dynamical  Matrix in cartesian axes

     q = (   -0.500000000  -0.666666667  -0.166666667 ) 

    1    1
  0.01168110  0.00000000    0.00781505  0.00000000   -0.00251046  0.00000000
  0.00781505  0.00000000    0.01188568  0.00000000    0.00016084  0.00000000
 -0.00251046  0.00000000    0.00016084  0.00000000    0.01165839  0.00000000

     Dynamical  Matrix in cartesian axes

     q = (    0.500000000  -0.666666667   0.166666667 ) 

    1    1
  0.01168110  0.00000000   -0.00781505  0.00000000   -0.00251046  0.00000000
 -0.00781505  0.00000000    0.01188568  0.00000000   -0.00016084  0.00000000
 -0.00251046  0.00000000   -0.00016084  0.00000000    0.01165839  0.00000000

     Dynamical  Matrix in cartesian axes

     q = (   -0.500000000   0.666666667   0.166666667 ) 

    1    1
  0.01168110  0.00000000   -0.00781505  0.00000000    0.00251046  0.00000000
 -0.00781505  0.00000000    0.01188568  0.00000000    0.00016084  0.00000000
  0.00251046  0.00000000    0.00016084  0.00000000    0.01165839  0.00000000

     Dynamical  Matrix in cartesian axes

     q = (    0.500000000   0.666666667  -0.166666667 ) 

    1    1
  0.01168110  0.00000000    0.00781505  0.00000000    0.00251046  0.00000000
  0.00781505  0.00000000    0.01188568  0.00000000   -0.00016084  0.00000000
  0.00251046  0.00000000   -0.00016084  0.00000000    0.01165839  0.00000000

     Dynamical  Matrix in cartesian axes

     q = (    0.666666667  -0.166666667   0.500000000 ) 

    1    1
  0.01188568  0.00000000   -0.00016084  0.00000000    0.00781505  0.00000000
 -0.00016084  0.00000000    0.01165839  0.00000000    0.00251046  0.00000000
  0.00781505  0.00000000    0.00251046  0.00000000    0.01168110  0.00000000

     Dynamical  Matrix in cartesian axes

     q = (    0.666666667  -0.500000000  -0.166666667 ) 

    1    1
  0.01188568  0.00000000   -0.00781505  0.00000000   -0.00016084  0.00000000
 -0.00781505  0.00000000    0.01168110  0.00000000   -0.00251046  0.00000000
 -0.00016084  0.00000000   -0.00251046  0.00000000    0.01165839  0.00000000

     Dynamical  Matrix in cartesian axes

     q = (   -0.166666667  -0.500000000  -0.666666667 ) 

    1    1
  0.01165839  0.00000000   -0.00251046  0.00000000    0.00016084  0.00000000
 -0.00251046  0.00000000    0.01168110  0.00000000    0.00781505  0.00000000
  0.00016084  0.00000000    0.00781505  0.00000000    0.01188568  0.00000000

     Dynamical  Matrix in cartesian axes

     q = (   -0.166666667   0.500000000   0.666666667 ) 

    1    1
  0.01165839  0.00000000    0.00251046  0.00000000   -0.00016084  0.00000000
  0.00251046  0.00000000    0.01168110  0.00000000    0.00781505  0.00000000
 -0.00016084  0.00000000    0.00781505  0.00000000    0.01188568  0.00000000

     Dynamical  Matrix in cartesian axes

     q = (    0.666666667   0.166666667  -0.500000000 ) 

    1    1
  0.01188568  0.00000000    0.00016084  0.00000000   -0.00781505  0.00000000
  0.00016084  0.00000000    0.01165839  0.00000000    0.00251046  0.00000000
 -0.00781505  0.00000000    0.00251046  0.00000000    0.01168110  0.00000000

     Dynamical  Matrix in cartesian axes

     q = (    0.166666667   0.666666667  -0.500000000 ) 

    1    1
  0.01165839  0.00000000    0.00016084  0.00000000    0.00251046  0.00000000
  0.00016084  0.00000000    0.01188568  0.00000000   -0.00781505  0.00000000
  0.00251046  0.00000000   -0.00781505  0.00000000    0.01168110  0.00000000

     Dynamical  Matrix in cartesian axes

     q = (    0.666666667   0.500000000   0.166666667 ) 

    1    1
  0.01188568  0.00000000    0.00781505  0.00000000    0.00016084  0.00000000
  0.00781505  0.00000000    0.01168110  0.00000000   -0.00251046  0.00000000
  0.00016084  0.00000000   -0.00251046  0.00000000    0.01165839  0.00000000

     Dynamical  Matrix in cartesian axes

     q = (   -0.666666667   0.500000000  -0.166666667 ) 

    1    1
  0.01188568  0.00000000   -0.00781505  0.00000000    0.00016084  0.00000000
 -0.00781505  0.00000000    0.01168110  0.00000000    0.00251046  0.00000000
  0.00016084  0.00000000    0.00251046  0.00000000    0.01165839  0.00000000

     Dynamical  Matrix in cartesian axes

     q = (    0.500000000   0.166666667   0.666666667 ) 

    1    1
  0.01168110  0.00000000   -0.00251046  0.00000000    0.00781505  0.00000000
 -0.00251046  0.00000000    0.01165839  0.00000000    0.00016084  0.00000000
  0.00781505  0.00000000    0.00016084  0.00000000    0.01188568  0.00000000

     Dynamical  Matrix in cartesian axes

     q = (   -0.500000000   0.166666667  -0.666666667 ) 

    1    1
  0.01168110  0.00000000    0.00251046  0.00000000    0.00781505  0.00000000
  0.00251046  0.00000000    0.01165839  0.00000000   -0.00016084  0.00000000
  0.00781505  0.00000000   -0.00016084  0.00000000    0.01188568  0.00000000

     Dynamical  Matrix in cartesian axes

     q = (    0.500000000   0.666666667   0.166666667 ) 

    1    1
  0.01168110  0.00000000    0.00781505  0.00000000   -0.00251046  0.00000000
  0.00781505  0.00000000    0.01188568  0.00000000    0.00016084  0.00000000
 -0.00251046  0.00000000    0.00016084  0.00000000    0.01165839  0.00000000

     Dynamical  Matrix in cartesian axes

     q = (    0.500000000  -0.166666667  -0.666666667 ) 

    1    1
  0.01168110  0.00000000    0.00251046  0.00000000   -0.00781505  0.00000000
  0.00251046  0.00000000    0.01165839  0.00000000    0.00016084  0.00000000
 -0.00781505  0.00000000    0.00016084  0.00000000    0.01188568  0.00000000

     Dynamical  Matrix in cartesian axes

     q = (   -0.666666667   0.166666667   0.500000000 ) 

    1    1
  0.01188568  0.00000000   -0.00016084  0.00000000   -0.00781505  0.00000000
 -0.00016084  0.00000000    0.01165839  0.00000000   -0.00251046  0.00000000
 -0.00781505  0.00000000   -0.00251046  0.00000000    0.01168110  0.00000000

     Dynamical  Matrix in cartesian axes

     q = (   -0.166666667   0.666666667   0.500000000 ) 

    1    1
  0.01165839  0.00000000   -0.00016084  0.00000000    0.00251046  0.00000000
 -0.00016084  0.00000000    0.01188568  0.00000000    0.00781505  0.00000000
  0.00251046  0.00000000    0.00781505  0.00000000    0.01168110  0.00000000

     Dynamical  Matrix in cartesian axes

     q = (   -0.500000000  -0.166666667   0.666666667 ) 

    1    1
  0.01168110  0.00000000   -0.00251046  0.00000000   -0.00781505  0.00000000
 -0.00251046  0.00000000    0.01165839  0.00000000   -0.00016084  0.00000000
 -0.00781505  0.00000000   -0.00016084  0.00000000    0.01188568  0.00000000

     Dynamical  Matrix in cartesian axes

     q = (    0.166666667   0.666666667   0.500000000 ) 

    1    1
  0.01165839  0.00000000    0.00016084  0.00000000   -0.00251046  0.00000000
  0.00016084  0.00000000    0.01188568  0.00000000    0.00781505  0.00000000
 -0.00251046  0.00000000    0.00781505  0.00000000    0.01168110  0.00000000

     Dynamical  Matrix in cartesian axes

     q = (   -0.500000000   0.666666667  -0.166666667 ) 

    1    1
  0.01168110  0.00000000   -0.00781505  0.00000000   -0.00251046  0.00000000
 -0.00781505  0.00000000    0.01188568  0.00000000   -0.00016084  0.00000000
 -0.00251046  0.00000000   -0.00016084  0.00000000    0.01165839  0.00000000

     Dynamical  Matrix in cartesian axes

     q = (   -0.666666667  -0.166666667  -0.500000000 ) 

    1    1
  0.01188568  0.00000000    0.00016084  0.00000000    0.00781505  0.00000000
  0.00016084  0.00000000    0.01165839  0.00000000   -0.00251046  0.00000000
  0.00781505  0.00000000   -0.00251046  0.00000000    0.01168110  0.00000000

     Dynamical  Matrix in cartesian axes

     q = (   -0.666666667  -0.166666667   0.500000000 ) 

    1    1
  0.01188568  0.00000000    0.00016084  0.00000000   -0.00781505  0.00000000
  0.00016084  0.00000000    0.01165839  0.00000000    0.00251046  0.00000000
 -0.00781505  0.00000000    0.00251046  0.00000000    0.01168110  0.00000000

     Dynamical  Matrix in cartesian axes

     q = (    0.666666667   0.166666667   0.500000000 ) 

    1    1
  0.01188568  0.00000000    0.00016084  0.00000000    0.00781505  0.00000000
  0.00016084  0.00000000    0.01165839  0.00000000   -0.00251046  0.00000000
  0.00781505  0.00000000   -0.00251046  0.00000000    0.01168110  0.00000000

     Dynamical  Matrix in cartesian axes

     q = (    0.166666667  -0.666666667  -0.500000000 ) 

    1    1
  0.01165839  0.00000000   -0.00016084  0.00000000    0.00251046  0.00000000
 -0.00016084  0.00000000    0.01188568  0.00000000    0.00781505  0.00000000
  0.00251046  0.00000000    0.00781505  0.00000000    0.01168110  0.00000000

     Dynamical  Matrix in cartesian axes

     q = (   -0.666666667   0.166666667  -0.500000000 ) 

    1    1
  0.01188568  0.00000000   -0.00016084  0.00000000    0.00781505  0.00000000
 -0.00016084  0.00000000    0.01165839  0.00000000    0.00251046  0.00000000
  0.00781505  0.00000000    0.00251046  0.00000000    0.01168110  0.00000000

     Dynamical  Matrix in cartesian axes

     q = (    0.500000000  -0.666666667  -0.166666667 ) 

    1    1
  0.01168110  0.00000000   -0.00781505  0.00000000    0.00251046  0.00000000
 -0.00781505  0.00000000    0.01188568  0.00000000    0.00016084  0.00000000
  0.00251046  0.00000000    0.00016084  0.00000000    0.01165839  0.00000000

     Dynamical  Matrix in cartesian axes

     q = (   -0.500000000  -0.666666667   0.166666667 ) 

    1    1
  0.01168110  0.00000000    0.00781505  0.00000000    0.00251046  0.00000000
  0.00781505  0.00000000    0.01188568  0.00000000   -0.00016084  0.00000000
  0.00251046  0.00000000   -0.00016084  0.00000000    0.01165839  0.00000000

     Dynamical  Matrix in cartesian axes

     q = (   -0.166666667  -0.666666667  -0.500000000 ) 

    1    1
  0.01165839  0.00000000    0.00016084  0.00000000   -0.00251046  0.00000000
  0.00016084  0.00000000    0.01188568  0.00000000    0.00781505  0.00000000
 -0.00251046  0.00000000    0.00781505  0.00000000    0.01168110  0.00000000

     Dynamical  Matrix in cartesian axes

     q = (   -0.666666667  -0.500000000   0.166666667 ) 

    1    1
  0.01188568  0.00000000    0.00781505  0.00000000   -0.00016084  0.00000000
  0.00781505  0.00000000    0.01168110  0.00000000    0.00251046  0.00000000
 -0.00016084  0.00000000    0.00251046  0.00000000    0.01165839  0.00000000

     Dynamical  Matrix in cartesian axes

     q = (    0.166666667   0.500000000   0.666666667 ) 

    1    1
  0.01165839  0.00000000   -0.00251046  0.00000000    0.00016084  0.00000000
 -0.00251046  0.00000000    0.01168110  0.00000000    0.00781505  0.00000000
  0.00016084  0.00000000    0.00781505  0.00000000    0.01188568  0.00000000

     Dynamical  Matrix in cartesian axes

     q = (    0.166666667  -0.500000000  -0.666666667 ) 

    1    1
  0.01165839  0.00000000    0.00251046  0.00000000   -0.00016084  0.00000000
  0.00251046  0.00000000    0.01168110  0.00000000    0.00781505  0.00000000
 -0.00016084  0.00000000    0.00781505  0.00000000    0.01188568  0.00000000

     Dynamical  Matrix in cartesian axes

     q = (   -0.666666667   0.500000000   0.166666667 ) 

    1    1
  0.01188568  0.00000000   -0.00781505  0.00000000   -0.00016084  0.00000000
 -0.00781505  0.00000000    0.01168110  0.00000000   -0.00251046  0.00000000
 -0.00016084  0.00000000   -0.00251046  0.00000000    0.01165839  0.00000000

     Dynamical  Matrix in cartesian axes

     q = (    0.666666667   0.500000000  -0.166666667 ) 

    1    1
  0.01188568  0.00000000    0.00781505  0.00000000   -0.00016084  0.00000000
  0.00781505  0.00000000    0.01168110  0.00000000    0.00251046  0.00000000
 -0.00016084  0.00000000    0.00251046  0.00000000    0.01165839  0.00000000

     Dynamical  Matrix in cartesian axes

     q = (   -0.666666667  -0.500000000  -0.166666667 ) 

    1    1
  0.01188568  0.00000000    0.00781505  0.00000000    0.00016084  0.00000000
  0.00781505  0.00000000    0.01168110  0.00000000   -0.00251046  0.00000000
  0.00016084  0.00000000   -0.00251046  0.00000000    0.01165839  0.00000000

     Dynamical  Matrix in cartesian axes

     q = (    0.666666667  -0.500000000   0.166666667 ) 

    1    1
  0.01188568  0.00000000   -0.00781505  0.00000000    0.00016084  0.00000000
 -0.00781505  0.00000000    0.01168110  0.00000000    0.00251046  0.00000000
  0.00016084  0.00000000    0.00251046  0.00000000    0.01165839  0.00000000

     Dynamical  Matrix in cartesian axes

     q = (    0.500000000   0.166666667  -0.666666667 ) 

    1    1
  0.01168110  0.00000000   -0.00251046  0.00000000   -0.00781505  0.00000000
 -0.00251046  0.00000000    0.01165839  0.00000000   -0.00016084  0.00000000
 -0.00781505  0.00000000   -0.00016084  0.00000000    0.01188568  0.00000000

     Dynamical  Matrix in cartesian axes

     q = (    0.500000000  -0.166666667   0.666666667 ) 

    1    1
  0.01168110  0.00000000    0.00251046  0.00000000    0.00781505  0.00000000
  0.00251046  0.00000000    0.01165839  0.00000000   -0.00016084  0.00000000
  0.00781505  0.00000000   -0.00016084  0.00000000    0.01188568  0.00000000

     Dynamical  Matrix in cartesian axes

     q = (   -0.500000000  -0.166666667  -0.666666667 ) 

    1    1
  0.01168110  0.00000000   -0.00251046  0.00000000    0.00781505  0.00000000
 -0.00251046  0.00000000    0.01165839  0.00000000    0.00016084  0.00000000
  0.00781505  0.00000000    0.00016084  0.00000000    0.01188568  0.00000000

     Dynamical  Matrix in cartesian axes

     q = (   -0.500000000   0.166666667   0.666666667 ) 

    1    1
  0.01168110  0.00000000    0.00251046  0.00000000   -0.00781505  0.00000000
  0.00251046  0.00000000    0.01165839  0.00000000    0.00016084  0.00000000
 -0.00781505  0.00000000    0.00016084  0.00000000    0.01188568  0.00000000

     Diagonalizing the dynamical matrix

     q = (   -0.166666667   0.666666667  -0.500000000 ) 

 **************************************************************************
     freq (    1) =       1.347439 [THz] =      44.945729 [cm-1]
 (  0.231682  0.000000  0.666242  0.000000  0.708834  0.000000 ) 
     freq (    2) =       2.465977 [THz] =      82.256124 [cm-1]
 ( -0.951891  0.000000  0.305497  0.000000  0.023985  0.000000 ) 
     freq (    3) =       3.208989 [THz] =     107.040366 [cm-1]
 ( -0.200566  0.000000 -0.680290  0.000000  0.704968  0.000000 ) 
 **************************************************************************
