Dynamical matrix file
                                                                           
  1    1  2  8.6604022  0.0000000  0.0000000  0.0000000  0.0000000  0.0000000
           1  'Na  '    20954.103126620943     
    1    1      0.0000000000      0.0000000000      0.0000000000

     Dynamical  Matrix in cartesian axes

     q = (    0.625000000  -0.375000000   0.875000000 ) 

    1    1
  0.03526437  0.00000000   -0.02227995  0.00000000    0.01183190  0.00000000
 -0.02227995  0.00000000    0.05130334  0.00000000   -0.01141985  0.00000000
  0.01183190  0.00000000   -0.01141985  0.00000000    0.04482033  0.00000000

     Dynamical  Matrix in cartesian axes

     q = (    0.625000000  -0.375000000  -0.875000000 ) 

    1    1
  0.03526437  0.00000000   -0.02227995  0.00000000   -0.01183190  0.00000000
 -0.02227995  0.00000000    0.05130334  0.00000000    0.01141985  0.00000000
 -0.01183190  0.00000000    0.01141985  0.00000000    0.04482033  0.00000000

     Dynamical  Matrix in cartesian axes

     q = (    0.875000000   0.375000000   0.625000000 ) 

    1    1
  0.04482033  0.00000000    0.01141985  0.00000000    0.01183190  0.00000000
  0.01141985  0.00000000    0.05130334  0.00000000    0.02227995  0.00000000
  0.01183190  0.00000000    0.02227995  0.00000000    0.03526437  0.00000000

     Dynamical  Matrix in cartesian axes

     q = (    0.625000000   0.375000000   0.875000000 ) 

    1    1
  0.03526437  0.00000000    0.02227995  0.00000000    0.01183190  0.00000000
  0.02227995  0.00000000    0.05130334  0.00000000    0.01141985  0.00000000
  0.01183190  0.00000000    0.01141985  0.00000000    0.04482033  0.00000000

     Dynamical  Matrix in cartesian axes

     q = (    0.875000000  -0.375000000  -0.625000000 ) 

    1    1
  0.04482033  0.00000000   -0.01141985  0.00000000   -0.01183190  0.00000000
 -0.01141985  0.00000000    0.05130334  0.00000000    0.02227995  0.00000000
 -0.01183190  0.00000000    0.02227995  0.00000000    0.03526437  0.00000000

     Dynamical  Matrix in cartesian axes

     q = (    0.875000000  -0.375000000   0.625000000 ) 

    1    1
  0.04482033  0.00000000   -0.01141985  0.00000000    0.01183190  0.00000000
 -0.01141985  0.00000000    0.05130334  0.00000000   -0.02227995  0.00000000
  0.01183190  0.00000000   -0.02227995  0.00000000    0.03526437  0.00000000

     Dynamical  Matrix in cartesian axes

     q = (   -0.875000000  -0.375000000   0.625000000 ) 

    1    1
  0.04482033  0.00000000    0.01141985  0.00000000   -0.01183190  0.00000000
  0.01141985  0.00000000    0.05130334  0.00000000   -0.02227995  0.00000000
 -0.01183190  0.00000000   -0.02227995  0.00000000    0.03526437  0.00000000

     Dynamical  Matrix in cartesian axes

     q = (   -0.625000000  -0.375000000  -0.875000000 ) 

    1    1
  0.03526437  0.00000000    0.02227995  0.00000000    0.01183190  0.00000000
  0.02227995  0.00000000    0.05130334  0.00000000    0.01141985  0.00000000
  0.01183190  0.00000000    0.01141985  0.00000000    0.04482033  0.00000000

     Dynamical  Matrix in cartesian axes

     q = (   -0.875000000   0.375000000  -0.625000000 ) 

    1    1
  0.04482033  0.00000000   -0.01141985  0.00000000    0.01183190  0.00000000
 -0.01141985  0.00000000    0.05130334  0.00000000   -0.02227995  0.00000000
  0.01183190  0.00000000   -0.02227995  0.00000000    0.03526437  0.00000000

     Dynamical  Matrix in cartesian axes

     q = (   -0.625000000  -0.375000000   0.875000000 ) 

    1    1
  0.03526437  0.00000000    0.02227995  0.00000000   -0.01183190  0.00000000
  0.02227995  0.00000000    0.05130334  0.00000000   -0.01141985  0.00000000
 -0.01183190  0.00000000   -0.01141985  0.00000000    0.04482033  0.00000000

     Dynamical  Matrix in cartesian axes

     q = (   -0.875000000   0.375000000   0.625000000 ) 

    1    1
  0.04482033  0.00000000   -0.01141985  0.00000000   -0.01183190  0.00000000
 -0.01141985  0.00000000    0.05130334  0.00000000    0.02227995  0.00000000
 -0.01183190  0.00000000    0.02227995  0.00000000    0.03526437  0.00000000

     Dynamical  Matrix in cartesian axes

     q = (    0.875000000   0.375000000  -0.625000000 ) 

    1    1
  0.04482033  0.00000000    0.01141985  0.00000000   -0.01183190  0.00000000
  0.01141985  0.00000000    0.05130334  0.00000000   -0.02227995  0.00000000
 -0.01183190  0.00000000   -0.02227995  0.00000000    0.03526437  0.00000000

     Dynamical  Matrix in cartesian axes

     q = (   -0.625000000   0.375000000   0.875000000 ) 

    1    1
  0.03526437  0.00000000   -0.02227995  0.00000000   -0.01183190  0.00000000
 -0.02227995  0.00000000    0.05130334  0.00000000    0.01141985  0.00000000
 -0.01183190  0.00000000    0.01141985  0.00000000    0.04482033  0.00000000

     Dynamical  Matrix in cartesian axes

     q = (   -0.875000000  -0.375000000  -0.625000000 ) 

    1    1
  0.04482033  0.00000000    0.01141985  0.00000000    0.01183190  0.00000000
  0.01141985  0.00000000    0.05130334  0.00000000    0.02227995  0.00000000
  0.01183190  0.00000000    0.02227995  0.00000000    0.03526437  0.00000000

     Dynamical  Matrix in cartesian axes

     q = (    0.625000000   0.375000000  -0.875000000 ) 

    1    1
  0.03526437  0.00000000    0.02227995  0.00000000   -0.01183190  0.00000000
  0.02227995  0.00000000    0.05130334  0.00000000   -0.01141985  0.00000000
 -0.01183190  0.00000000   -0.01141985  0.00000000    0.04482033  0.00000000

     Dynamical  Matrix in cartesian axes

     q = (   -0.625000000   0.375000000  -0.875000000 ) 

    1    1
  0.03526437  0.00000000   -0.02227995  0.00000000    0.01183190  0.00000000
 -0.02227995  0.00000000    0.05130334  0.00000000   -0.01141985  0.00000000
  0.01183190  0.00000000   -0.01141985  0.00000000    0.04482033  0.00000000

     Dynamical  Matrix in cartesian axes

     q = (   -0.375000000   0.875000000   0.625000000 ) 

    1    1
  0.05130334  0.00000000   -0.01141985  0.00000000   -0.02227995  0.00000000
 -0.01141985  0.00000000    0.04482033  0.00000000    0.01183190  0.00000000
 -0.02227995  0.00000000    0.01183190  0.00000000    0.03526437  0.00000000

     Dynamical  Matrix in cartesian axes

     q = (    0.375000000   0.875000000  -0.625000000 ) 

    1    1
  0.05130334  0.00000000    0.01141985  0.00000000   -0.02227995  0.00000000
  0.01141985  0.00000000    0.04482033  0.00000000   -0.01183190  0.00000000
 -0.02227995  0.00000000   -0.01183190  0.00000000    0.03526437  0.00000000

     Dynamical  Matrix in cartesian axes

     q = (   -0.375000000  -0.875000000  -0.625000000 ) 

    1    1
  0.05130334  0.00000000    0.01141985  0.00000000    0.02227995  0.00000000
  0.01141985  0.00000000    0.04482033  0.00000000    0.01183190  0.00000000
  0.02227995  0.00000000    0.01183190  0.00000000    0.03526437  0.00000000

     Dynamical  Matrix in cartesian axes

     q = (   -0.375000000   0.625000000  -0.875000000 ) 

    1    1
  0.05130334  0.00000000   -0.02227995  0.00000000    0.01141985  0.00000000
 -0.02227995  0.00000000    0.03526437  0.00000000   -0.01183190  0.00000000
  0.01141985  0.00000000   -0.01183190  0.00000000    0.04482033  0.00000000

     Dynamical  Matrix in cartesian axes

     q = (    0.875000000   0.625000000  -0.375000000 ) 

    1    1
  0.04482033  0.00000000    0.01183190  0.00000000   -0.01141985  0.00000000
  0.01183190  0.00000000    0.03526437  0.00000000   -0.02227995  0.00000000
 -0.01141985  0.00000000   -0.02227995  0.00000000    0.05130334  0.00000000

     Dynamical  Matrix in cartesian axes

     q = (   -0.375000000   0.875000000  -0.625000000 ) 

    1    1
  0.05130334  0.00000000   -0.01141985  0.00000000    0.02227995  0.00000000
 -0.01141985  0.00000000    0.04482033  0.00000000   -0.01183190  0.00000000
  0.02227995  0.00000000   -0.01183190  0.00000000    0.03526437  0.00000000

     Dynamical  Matrix in cartesian axes

     q = (   -0.875000000  -0.625000000  -0.375000000 ) 

    1    1
  0.04482033  0.00000000    0.01183190  0.00000000    0.01141985  0.00000000
  0.01183190  0.00000000    0.03526437  0.00000000    0.02227995  0.00000000
  0.01141985  0.00000000    0.02227995  0.00000000    0.05130334  0.00000000

     Dynamical  Matrix in cartesian axes

     q = (   -0.875000000   0.625000000   0.375000000 ) 

    1    1
  0.04482033  0.00000000   -0.01183190  0.00000000   -0.01141985  0.00000000
 -0.01183190  0.00000000    0.03526437  0.00000000    0.02227995  0.00000000
 -0.01141985  0.00000000    0.02227995  0.00000000    0.05130334  0.00000000

     Dynamical  Matrix in cartesian axes

     q = (    0.375000000  -0.625000000   0.875000000 ) 

    1    1
  0.05130334  0.00000000   -0.02227995  0.00000000    0.01141985  0.00000000
 -0.02227995  0.00000000    0.03526437  0.00000000   -0.01183190  0.00000000
  0.01141985  0.00000000   -0.01183190  0.00000000    0.04482033  0.00000000

     Dynamical  Matrix in cartesian axes

     q = (    0.375000000  -0.875000000   0.625000000 ) 

    1    1
  0.05130334  0.00000000   -0.01141985  0.00000000    0.02227995  0.00000000
 -0.01141985  0.00000000    0.04482033  0.00000000   -0.01183190  0.00000000
  0.02227995  0.00000000   -0.01183190  0.00000000    0.03526437  0.00000000

     Dynamical  Matrix in cartesian axes

     q = (    0.625000000  -0.875000000   0.375000000 ) 

    1    1
  0.03526437  0.00000000   -0.01183190  0.00000000    0.02227995  0.00000000
 -0.01183190  0.00000000    0.04482033  0.00000000   -0.01141985  0.00000000
  0.02227995  0.00000000   -0.01141985  0.00000000    0.05130334  0.00000000

     Dynamical  Matrix in cartesian axes

     q = (   -0.875000000   0.625000000  -0.375000000 ) 

    1    1
  0.04482033  0.00000000   -0.01183190  0.00000000    0.01141985  0.00000000
 -0.01183190  0.00000000    0.03526437  0.00000000   -0.02227995  0.00000000
  0.01141985  0.00000000   -0.02227995  0.00000000    0.05130334  0.00000000

     Dynamical  Matrix in cartesian axes

     q = (    0.375000000   0.625000000   0.875000000 ) 

    1    1
  0.05130334  0.00000000    0.02227995  0.00000000    0.01141985  0.00000000
  0.02227995  0.00000000    0.03526437  0.00000000    0.01183190  0.00000000
  0.01141985  0.00000000    0.01183190  0.00000000    0.04482033  0.00000000

     Dynamical  Matrix in cartesian axes

     q = (   -0.375000000   0.625000000   0.875000000 ) 

    1    1
  0.05130334  0.00000000   -0.02227995  0.00000000   -0.01141985  0.00000000
 -0.02227995  0.00000000    0.03526437  0.00000000    0.01183190  0.00000000
 -0.01141985  0.00000000    0.01183190  0.00000000    0.04482033  0.00000000

     Dynamical  Matrix in cartesian axes

     q = (    0.375000000   0.625000000  -0.875000000 ) 

    1    1
  0.05130334  0.00000000    0.02227995  0.00000000   -0.01141985  0.00000000
  0.02227995  0.00000000    0.03526437  0.00000000   -0.01183190  0.00000000
 -0.01141985  0.00000000   -0.01183190  0.00000000    0.04482033  0.00000000

     Dynamical  Matrix in cartesian axes

     q = (   -0.375000000  -0.625000000  -0.875000000 ) 

    1    1
  0.05130334  0.00000000    0.02227995  0.00000000    0.01141985  0.00000000
  0.02227995  0.00000000    0.03526437  0.00000000    0.01183190  0.00000000
  0.01141985  0.00000000    0.01183190  0.00000000    0.04482033  0.00000000

     Dynamical  Matrix in cartesian axes

     q = (   -0.625000000  -0.875000000   0.375000000 ) 

    1    1
  0.03526437  0.00000000    0.01183190  0.00000000   -0.02227995  0.00000000
  0.01183190  0.00000000    0.04482033  0.00000000   -0.01141985  0.00000000
 -0.02227995  0.00000000   -0.01141985  0.00000000    0.05130334  0.00000000

     Dynamical  Matrix in cartesian axes

     q = (   -0.375000000  -0.625000000   0.875000000 ) 

    1    1
  0.05130334  0.00000000    0.02227995  0.00000000   -0.01141985  0.00000000
  0.02227995  0.00000000    0.03526437  0.00000000   -0.01183190  0.00000000
 -0.01141985  0.00000000   -0.01183190  0.00000000    0.04482033  0.00000000

     Dynamical  Matrix in cartesian axes

     q = (    0.875000000  -0.625000000   0.375000000 ) 

    1    1
  0.04482033  0.00000000   -0.01183190  0.00000000    0.01141985  0.00000000
 -0.01183190  0.00000000    0.03526437  0.00000000   -0.02227995  0.00000000
  0.01141985  0.00000000   -0.02227995  0.00000000    0.05130334  0.00000000

     Dynamical  Matrix in cartesian axes

     q = (    0.625000000   0.875000000   0.375000000 ) 

    1    1
  0.03526437  0.00000000    0.01183190  0.00000000    0.02227995  0.00000000
  0.01183190  0.00000000    0.04482033  0.00000000    0.01141985  0.00000000
  0.02227995  0.00000000    0.01141985  0.00000000    0.05130334  0.00000000

     Dynamical  Matrix in cartesian axes

     q = (    0.375000000  -0.625000000  -0.875000000 ) 

    1    1
  0.05130334  0.00000000   -0.02227995  0.00000000   -0.01141985  0.00000000
 -0.02227995  0.00000000    0.03526437  0.00000000    0.01183190  0.00000000
 -0.01141985  0.00000000    0.01183190  0.00000000    0.04482033  0.00000000

     Dynamical  Matrix in cartesian axes

     q = (    0.625000000   0.875000000  -0.375000000 ) 

    1    1
  0.03526437  0.00000000    0.01183190  0.00000000   -0.02227995  0.00000000
  0.01183190  0.00000000    0.04482033  0.00000000   -0.01141985  0.00000000
 -0.02227995  0.00000000   -0.01141985  0.00000000    0.05130334  0.00000000

     Dynamical  Matrix in cartesian axes

     q = (   -0.625000000  -0.875000000  -0.375000000 ) 

    1    1
  0.03526437  0.00000000    0.01183190  0.00000000    0.02227995  0.00000000
  0.01183190  0.00000000    0.04482033  0.00000000    0.01141985  0.00000000
  0.02227995  0.00000000    0.01141985  0.00000000    0.05130334  0.00000000

     Dynamical  Matrix in cartesian axes

     q = (   -0.625000000   0.875000000  -0.375000000 ) 

    1    1
  0.03526437  0.00000000   -0.01183190  0.00000000    0.02227995  0.00000000
 -0.01183190  0.00000000    0.04482033  0.00000000   -0.01141985  0.00000000
  0.02227995  0.00000000   -0.01141985  0.00000000    0.05130334  0.00000000

     Dynamical  Matrix in cartesian axes

     q = (    0.375000000  -0.875000000  -0.625000000 ) 

    1    1
  0.05130334  0.00000000   -0.01141985  0.00000000   -0.02227995  0.00000000
 -0.01141985  0.00000000    0.04482033  0.00000000    0.01183190  0.00000000
 -0.02227995  0.00000000    0.01183190  0.00000000    0.03526437  0.00000000

     Dynamical  Matrix in cartesian axes

     q = (   -0.375000000  -0.875000000   0.625000000 ) 

    1    1
  0.05130334  0.00000000    0.01141985  0.00000000   -0.02227995  0.00000000
  0.01141985  0.00000000    0.04482033  0.00000000   -0.01183190  0.00000000
 -0.02227995  0.00000000   -0.01183190  0.00000000    0.03526437  0.00000000

     Dynamical  Matrix in cartesian axes

     q = (    0.375000000   0.875000000   0.625000000 ) 

    1    1
  0.05130334  0.00000000    0.01141985  0.00000000    0.02227995  0.00000000
  0.01141985  0.00000000    0.04482033  0.00000000    0.01183190  0.00000000
  0.02227995  0.00000000    0.01183190  0.00000000    0.03526437  0.00000000

     Dynamical  Matrix in cartesian axes

     q = (    0.625000000  -0.875000000  -0.375000000 ) 

    1    1
  0.03526437  0.00000000   -0.01183190  0.00000000   -0.02227995  0.00000000
 -0.01183190  0.00000000    0.04482033  0.00000000    0.01141985  0.00000000
 -0.02227995  0.00000000    0.01141985  0.00000000    0.05130334  0.00000000

     Dynamical  Matrix in cartesian axes

     q = (   -0.875000000  -0.625000000   0.375000000 ) 

    1    1
  0.04482033  0.00000000    0.01183190  0.00000000   -0.01141985  0.00000000
  0.01183190  0.00000000    0.03526437  0.00000000   -0.02227995  0.00000000
 -0.01141985  0.00000000   -0.02227995  0.00000000    0.05130334  0.00000000

     Dynamical  Matrix in cartesian axes

     q = (   -0.625000000   0.875000000   0.375000000 ) 

    1    1
  0.03526437  0.00000000   -0.01183190  0.00000000   -0.02227995  0.00000000
 -0.01183190  0.00000000    0.04482033  0.00000000    0.01141985  0.00000000
 -0.02227995  0.00000000    0.01141985  0.00000000    0.05130334  0.00000000

     Dynamical  Matrix in cartesian axes

     q = (    0.875000000   0.625000000   0.375000000 ) 

    1    1
  0.04482033  0.00000000    0.01183190  0.00000000    0.01141985  0.00000000
  0.01183190  0.00000000    0.03526437  0.00000000    0.02227995  0.00000000
  0.01141985  0.00000000    0.02227995  0.00000000    0.05130334  0.00000000

     Dynamical  Matrix in cartesian axes

     q = (    0.875000000  -0.625000000  -0.375000000 ) 

    1    1
  0.04482033  0.00000000   -0.01183190  0.00000000   -0.01141985  0.00000000
 -0.01183190  0.00000000    0.03526437  0.00000000    0.02227995  0.00000000
 -0.01141985  0.00000000    0.02227995  0.00000000    0.05130334  0.00000000

     Diagonalizing the dynamical matrix

     q = (    0.625000000  -0.375000000   0.875000000 ) 

 **************************************************************************
     freq (    1) =       3.143045 [THz] =     104.840693 [cm-1]
 (  0.837024  0.000000  0.525689  0.000000 -0.151795  0.000000 ) 
     freq (    2) =       4.357105 [THz] =     145.337365 [cm-1]
 ( -0.138333  0.000000  0.471715  0.000000  0.870832  0.000000 ) 
     freq (    3) =       6.245038 [THz] =     208.312048 [cm-1]
 (  0.529391  0.000000 -0.707909  0.000000  0.467557  0.000000 ) 
 **************************************************************************
