Dynamical matrix file
                                                                           
  1    1  3  7.3804229  0.0000000  0.0000000  0.0000000  0.0000000  0.0000000
           1  'Na  '    20954.103126620943     
    1    1      0.0000000000      0.0000000000      0.0000000000

     Dynamical  Matrix in cartesian axes

     q = (   -0.166666667   0.666666667  -0.500000000 ) 

    1    1
  0.02199253  0.00000000   -0.00064771  0.00000000   -0.00649993  0.00000000
 -0.00064771  0.00000000    0.02709820  0.00000000   -0.01951955  0.00000000
 -0.00649993  0.00000000   -0.01951955  0.00000000    0.02895773  0.00000000

     Dynamical  Matrix in cartesian axes

     q = (    0.666666667  -0.166666667  -0.500000000 ) 

    1    1
  0.02709820  0.00000000   -0.00064771  0.00000000   -0.01951955  0.00000000
 -0.00064771  0.00000000    0.02199253  0.00000000   -0.00649993  0.00000000
 -0.01951955  0.00000000   -0.00649993  0.00000000    0.02895773  0.00000000

     Dynamical  Matrix in cartesian axes

     q = (   -0.166666667   0.500000000  -0.666666667 ) 

    1    1
  0.02199253  0.00000000    0.00649993  0.00000000    0.00064771  0.00000000
  0.00649993  0.00000000    0.02895773  0.00000000   -0.01951955  0.00000000
  0.00064771  0.00000000   -0.01951955  0.00000000    0.02709820  0.00000000

     Dynamical  Matrix in cartesian axes

     q = (    0.166666667   0.500000000  -0.666666667 ) 

    1    1
  0.02199253  0.00000000   -0.00649993  0.00000000   -0.00064771  0.00000000
 -0.00649993  0.00000000    0.02895773  0.00000000   -0.01951955  0.00000000
 -0.00064771  0.00000000   -0.01951955  0.00000000    0.02709820  0.00000000

     Dynamical  Matrix in cartesian axes

     q = (   -0.166666667  -0.500000000   0.666666667 ) 

    1    1
  0.02199253  0.00000000   -0.00649993  0.00000000   -0.00064771  0.00000000
 -0.00649993  0.00000000    0.02895773  0.00000000   -0.01951955  0.00000000
 -0.00064771  0.00000000   -0.01951955  0.00000000    0.02709820  0.00000000

     Dynamical  Matrix in cartesian axes

     q = (    0.166666667  -0.500000000   0.666666667 ) 

    1    1
  0.02199253  0.00000000    0.00649993  0.00000000    0.00064771  0.00000000
  0.00649993  0.00000000    0.02895773  0.00000000   -0.01951955  0.00000000
  0.00064771  0.00000000   -0.01951955  0.00000000    0.02709820  0.00000000

     Dynamical  Matrix in cartesian axes

     q = (    0.166666667  -0.666666667   0.500000000 ) 

    1    1
  0.02199253  0.00000000   -0.00064771  0.00000000   -0.00649993  0.00000000
 -0.00064771  0.00000000    0.02709820  0.00000000   -0.01951955  0.00000000
 -0.00649993  0.00000000   -0.01951955  0.00000000    0.02895773  0.00000000

     Dynamical  Matrix in cartesian axes

     q = (   -0.166666667  -0.666666667   0.500000000 ) 

    1    1
  0.02199253  0.00000000    0.00064771  0.00000000    0.00649993  0.00000000
  0.00064771  0.00000000    0.02709820  0.00000000   -0.01951955  0.00000000
  0.00649993  0.00000000   -0.01951955  0.00000000    0.02895773  0.00000000

     Dynamical  Matrix in cartesian axes

     q = (   -0.500000000  -0.666666667  -0.166666667 ) 

    1    1
  0.02895773  0.00000000    0.01951955  0.00000000   -0.00649993  0.00000000
  0.01951955  0.00000000    0.02709820  0.00000000    0.00064771  0.00000000
 -0.00649993  0.00000000    0.00064771  0.00000000    0.02199253  0.00000000

     Dynamical  Matrix in cartesian axes

     q = (    0.500000000  -0.666666667   0.166666667 ) 

    1    1
  0.02895773  0.00000000   -0.01951955  0.00000000   -0.00649993  0.00000000
 -0.01951955  0.00000000    0.02709820  0.00000000   -0.00064771  0.00000000
 -0.00649993  0.00000000   -0.00064771  0.00000000    0.02199253  0.00000000

     Dynamical  Matrix in cartesian axes

     q = (   -0.500000000   0.666666667   0.166666667 ) 

    1    1
  0.02895773  0.00000000   -0.01951955  0.00000000    0.00649993  0.00000000
 -0.01951955  0.00000000    0.02709820  0.00000000    0.00064771  0.00000000
  0.00649993  0.00000000    0.00064771  0.00000000    0.02199253  0.00000000

     Dynamical  Matrix in cartesian axes

     q = (    0.500000000   0.666666667  -0.166666667 ) 

    1    1
  0.02895773  0.00000000    0.01951955  0.00000000    0.00649993  0.00000000
  0.01951955  0.00000000    0.02709820  0.00000000   -0.00064771  0.00000000
  0.00649993  0.00000000   -0.00064771  0.00000000    0.02199253  0.00000000

     Dynamical  Matrix in cartesian axes

     q = (    0.666666667  -0.166666667   0.500000000 ) 

    1    1
  0.02709820  0.00000000   -0.00064771  0.00000000    0.01951955  0.00000000
 -0.00064771  0.00000000    0.02199253  0.00000000    0.00649993  0.00000000
  0.01951955  0.00000000    0.00649993  0.00000000    0.02895773  0.00000000

     Dynamical  Matrix in cartesian axes

     q = (    0.666666667  -0.500000000  -0.166666667 ) 

    1    1
  0.02709820  0.00000000   -0.01951955  0.00000000   -0.00064771  0.00000000
 -0.01951955  0.00000000    0.02895773  0.00000000   -0.00649993  0.00000000
 -0.00064771  0.00000000   -0.00649993  0.00000000    0.02199253  0.00000000

     Dynamical  Matrix in cartesian axes

     q = (   -0.166666667  -0.500000000  -0.666666667 ) 

    1    1
  0.02199253  0.00000000   -0.00649993  0.00000000    0.00064771  0.00000000
 -0.00649993  0.00000000    0.02895773  0.00000000    0.01951955  0.00000000
  0.00064771  0.00000000    0.01951955  0.00000000    0.02709820  0.00000000

     Dynamical  Matrix in cartesian axes

     q = (   -0.166666667   0.500000000   0.666666667 ) 

    1    1
  0.02199253  0.00000000    0.00649993  0.00000000   -0.00064771  0.00000000
  0.00649993  0.00000000    0.02895773  0.00000000    0.01951955  0.00000000
 -0.00064771  0.00000000    0.01951955  0.00000000    0.02709820  0.00000000

     Dynamical  Matrix in cartesian axes

     q = (    0.666666667   0.166666667  -0.500000000 ) 

    1    1
  0.02709820  0.00000000    0.00064771  0.00000000   -0.01951955  0.00000000
  0.00064771  0.00000000    0.02199253  0.00000000    0.00649993  0.00000000
 -0.01951955  0.00000000    0.00649993  0.00000000    0.02895773  0.00000000

     Dynamical  Matrix in cartesian axes

     q = (    0.166666667   0.666666667  -0.500000000 ) 

    1    1
  0.02199253  0.00000000    0.00064771  0.00000000    0.00649993  0.00000000
  0.00064771  0.00000000    0.02709820  0.00000000   -0.01951955  0.00000000
  0.00649993  0.00000000   -0.01951955  0.00000000    0.02895773  0.00000000

     Dynamical  Matrix in cartesian axes

     q = (    0.666666667   0.500000000   0.166666667 ) 

    1    1
  0.02709820  0.00000000    0.01951955  0.00000000    0.00064771  0.00000000
  0.01951955  0.00000000    0.02895773  0.00000000   -0.00649993  0.00000000
  0.00064771  0.00000000   -0.00649993  0.00000000    0.02199253  0.00000000

     Dynamical  Matrix in cartesian axes

     q = (   -0.666666667   0.500000000  -0.166666667 ) 

    1    1
  0.02709820  0.00000000   -0.01951955  0.00000000    0.00064771  0.00000000
 -0.01951955  0.00000000    0.02895773  0.00000000    0.00649993  0.00000000
  0.00064771  0.00000000    0.00649993  0.00000000    0.02199253  0.00000000

     Dynamical  Matrix in cartesian axes

     q = (    0.500000000   0.166666667   0.666666667 ) 

    1    1
  0.02895773  0.00000000   -0.00649993  0.00000000    0.01951955  0.00000000
 -0.00649993  0.00000000    0.02199253  0.00000000    0.00064771  0.00000000
  0.01951955  0.00000000    0.00064771  0.00000000    0.02709820  0.00000000

     Dynamical  Matrix in cartesian axes

     q = (   -0.500000000   0.166666667  -0.666666667 ) 

    1    1
  0.02895773  0.00000000    0.00649993  0.00000000    0.01951955  0.00000000
  0.00649993  0.00000000    0.02199253  0.00000000   -0.00064771  0.00000000
  0.01951955  0.00000000   -0.00064771  0.00000000    0.02709820  0.00000000

     Dynamical  Matrix in cartesian axes

     q = (    0.500000000   0.666666667   0.166666667 ) 

    1    1
  0.02895773  0.00000000    0.01951955  0.00000000   -0.00649993  0.00000000
  0.01951955  0.00000000    0.02709820  0.00000000    0.00064771  0.00000000
 -0.00649993  0.00000000    0.00064771  0.00000000    0.02199253  0.00000000

     Dynamical  Matrix in cartesian axes

     q = (    0.500000000  -0.166666667  -0.666666667 ) 

    1    1
  0.02895773  0.00000000    0.00649993  0.00000000   -0.01951955  0.00000000
  0.00649993  0.00000000    0.02199253  0.00000000    0.00064771  0.00000000
 -0.01951955  0.00000000    0.00064771  0.00000000    0.02709820  0.00000000

     Dynamical  Matrix in cartesian axes

     q = (   -0.666666667   0.166666667   0.500000000 ) 

    1    1
  0.02709820  0.00000000   -0.00064771  0.00000000   -0.01951955  0.00000000
 -0.00064771  0.00000000    0.02199253  0.00000000   -0.00649993  0.00000000
 -0.01951955  0.00000000   -0.00649993  0.00000000    0.02895773  0.00000000

     Dynamical  Matrix in cartesian axes

     q = (   -0.166666667   0.666666667   0.500000000 ) 

    1    1
  0.02199253  0.00000000   -0.00064771  0.00000000    0.00649993  0.00000000
 -0.00064771  0.00000000    0.02709820  0.00000000    0.01951955  0.00000000
  0.00649993  0.00000000    0.01951955  0.00000000    0.02895773  0.00000000

     Dynamical  Matrix in cartesian axes

     q = (   -0.500000000  -0.166666667   0.666666667 ) 

    1    1
  0.02895773  0.00000000   -0.00649993  0.00000000   -0.01951955  0.00000000
 -0.00649993  0.00000000    0.02199253  0.00000000   -0.00064771  0.00000000
 -0.01951955  0.00000000   -0.00064771  0.00000000    0.02709820  0.00000000

     Dynamical  Matrix in cartesian axes

     q = (    0.166666667   0.666666667   0.500000000 ) 

    1    1
  0.02199253  0.00000000    0.00064771  0.00000000   -0.00649993  0.00000000
  0.00064771  0.00000000    0.02709820  0.00000000    0.01951955  0.00000000
 -0.00649993  0.00000000    0.01951955  0.00000000    0.02895773  0.00000000

     Dynamical  Matrix in cartesian axes

     q = (   -0.500000000   0.666666667  -0.166666667 ) 

    1    1
  0.02895773  0.00000000   -0.01951955  0.00000000   -0.00649993  0.00000000
 -0.01951955  0.00000000    0.02709820  0.00000000   -0.00064771  0.00000000
 -0.00649993  0.00000000   -0.00064771  0.00000000    0.02199253  0.00000000

     Dynamical  Matrix in cartesian axes

     q = (   -0.666666667  -0.166666667  -0.500000000 ) 

    1    1
  0.02709820  0.00000000    0.00064771  0.00000000    0.01951955  0.00000000
  0.00064771  0.00000000    0.02199253  0.00000000   -0.00649993  0.00000000
  0.01951955  0.00000000   -0.00649993  0.00000000    0.02895773  0.00000000

     Dynamical  Matrix in cartesian axes

     q = (   -0.666666667  -0.166666667   0.500000000 ) 

    1    1
  0.02709820  0.00000000    0.00064771  0.00000000   -0.01951955  0.00000000
  0.00064771  0.00000000    0.02199253  0.00000000    0.00649993  0.00000000
 -0.01951955  0.00000000    0.00649993  0.00000000    0.02895773  0.00000000

     Dynamical  Matrix in cartesian axes

     q = (    0.666666667   0.166666667   0.500000000 ) 

    1    1
  0.02709820  0.00000000    0.00064771  0.00000000    0.01951955  0.00000000
  0.00064771  0.00000000    0.02199253  0.00000000   -0.00649993  0.00000000
  0.01951955  0.00000000   -0.00649993  0.00000000    0.02895773  0.00000000

     Dynamical  Matrix in cartesian axes

     q = (    0.166666667  -0.666666667  -0.500000000 ) 

    1    1
  0.02199253  0.00000000   -0.00064771  0.00000000    0.00649993  0.00000000
 -0.00064771  0.00000000    0.02709820  0.00000000    0.01951955  0.00000000
  0.00649993  0.00000000    0.01951955  0.00000000    0.02895773  0.00000000

     Dynamical  Matrix in cartesian axes

     q = (   -0.666666667   0.166666667  -0.500000000 ) 

    1    1
  0.02709820  0.00000000   -0.00064771  0.00000000    0.01951955  0.00000000
 -0.00064771  0.00000000    0.02199253  0.00000000    0.00649993  0.00000000
  0.01951955  0.00000000    0.00649993  0.00000000    0.02895773  0.00000000

     Dynamical  Matrix in cartesian axes

     q = (    0.500000000  -0.666666667  -0.166666667 ) 

    1    1
  0.02895773  0.00000000   -0.01951955  0.00000000    0.00649993  0.00000000
 -0.01951955  0.00000000    0.02709820  0.00000000    0.00064771  0.00000000
  0.00649993  0.00000000    0.00064771  0.00000000    0.02199253  0.00000000

     Dynamical  Matrix in cartesian axes

     q = (   -0.500000000  -0.666666667   0.166666667 ) 

    1    1
  0.02895773  0.00000000    0.01951955  0.00000000    0.00649993  0.00000000
  0.01951955  0.00000000    0.02709820  0.00000000   -0.00064771  0.00000000
  0.00649993  0.00000000   -0.00064771  0.00000000    0.02199253  0.00000000

     Dynamical  Matrix in cartesian axes

     q = (   -0.166666667  -0.666666667  -0.500000000 ) 

    1    1
  0.02199253  0.00000000    0.00064771  0.00000000   -0.00649993  0.00000000
  0.00064771  0.00000000    0.02709820  0.00000000    0.01951955  0.00000000
 -0.00649993  0.00000000    0.01951955  0.00000000    0.02895773  0.00000000

     Dynamical  Matrix in cartesian axes

     q = (   -0.666666667  -0.500000000   0.166666667 ) 

    1    1
  0.02709820  0.00000000    0.01951955  0.00000000   -0.00064771  0.00000000
  0.01951955  0.00000000    0.02895773  0.00000000    0.00649993  0.00000000
 -0.00064771  0.00000000    0.00649993  0.00000000    0.02199253  0.00000000

     Dynamical  Matrix in cartesian axes

     q = (    0.166666667   0.500000000   0.666666667 ) 

    1    1
  0.02199253  0.00000000   -0.00649993  0.00000000    0.00064771  0.00000000
 -0.00649993  0.00000000    0.02895773  0.00000000    0.01951955  0.00000000
  0.00064771  0.00000000    0.01951955  0.00000000    0.02709820  0.00000000

     Dynamical  Matrix in cartesian axes

     q = (    0.166666667  -0.500000000  -0.666666667 ) 

    1    1
  0.02199253  0.00000000    0.00649993  0.00000000   -0.00064771  0.00000000
  0.00649993  0.00000000    0.02895773  0.00000000    0.01951955  0.00000000
 -0.00064771  0.00000000    0.01951955  0.00000000    0.02709820  0.00000000

     Dynamical  Matrix in cartesian axes

     q = (   -0.666666667   0.500000000   0.166666667 ) 

    1    1
  0.02709820  0.00000000   -0.01951955  0.00000000   -0.00064771  0.00000000
 -0.01951955  0.00000000    0.02895773  0.00000000   -0.00649993  0.00000000
 -0.00064771  0.00000000   -0.00649993  0.00000000    0.02199253  0.00000000

     Dynamical  Matrix in cartesian axes

     q = (    0.666666667   0.500000000  -0.166666667 ) 

    1    1
  0.02709820  0.00000000    0.01951955  0.00000000   -0.00064771  0.00000000
  0.01951955  0.00000000    0.02895773  0.00000000    0.00649993  0.00000000
 -0.00064771  0.00000000    0.00649993  0.00000000    0.02199253  0.00000000

     Dynamical  Matrix in cartesian axes

     q = (   -0.666666667  -0.500000000  -0.166666667 ) 

    1    1
  0.02709820  0.00000000    0.01951955  0.00000000    0.00064771  0.00000000
  0.01951955  0.00000000    0.02895773  0.00000000   -0.00649993  0.00000000
  0.00064771  0.00000000   -0.00649993  0.00000000    0.02199253  0.00000000

     Dynamical  Matrix in cartesian axes

     q = (    0.666666667  -0.500000000   0.166666667 ) 

    1    1
  0.02709820  0.00000000   -0.01951955  0.00000000    0.00064771  0.00000000
 -0.01951955  0.00000000    0.02895773  0.00000000    0.00649993  0.00000000
  0.00064771  0.00000000    0.00649993  0.00000000    0.02199253  0.00000000

     Dynamical  Matrix in cartesian axes

     q = (    0.500000000   0.166666667  -0.666666667 ) 

    1    1
  0.02895773  0.00000000   -0.00649993  0.00000000   -0.01951955  0.00000000
 -0.00649993  0.00000000    0.02199253  0.00000000   -0.00064771  0.00000000
 -0.01951955  0.00000000   -0.00064771  0.00000000    0.02709820  0.00000000

     Dynamical  Matrix in cartesian axes

     q = (    0.500000000  -0.166666667   0.666666667 ) 

    1    1
  0.02895773  0.00000000    0.00649993  0.00000000    0.01951955  0.00000000
  0.00649993  0.00000000    0.02199253  0.00000000   -0.00064771  0.00000000
  0.01951955  0.00000000   -0.00064771  0.00000000    0.02709820  0.00000000

     Dynamical  Matrix in cartesian axes

     q = (   -0.500000000  -0.166666667  -0.666666667 ) 

    1    1
  0.02895773  0.00000000   -0.00649993  0.00000000    0.01951955  0.00000000
 -0.00649993  0.00000000    0.02199253  0.00000000    0.00064771  0.00000000
  0.01951955  0.00000000    0.00064771  0.00000000    0.02709820  0.00000000

     Dynamical  Matrix in cartesian axes

     q = (   -0.500000000   0.166666667   0.666666667 ) 

    1    1
  0.02895773  0.00000000    0.00649993  0.00000000   -0.01951955  0.00000000
  0.00649993  0.00000000    0.02199253  0.00000000    0.00064771  0.00000000
 -0.01951955  0.00000000    0.00064771  0.00000000    0.02709820  0.00000000

     Diagonalizing the dynamical matrix

     q = (   -0.166666667   0.666666667  -0.500000000 ) 

 **************************************************************************
     freq (    1) =       1.876832 [THz] =      62.604361 [cm-1]
 (  0.318651 -0.000000  0.662610 -0.000000  0.677798  0.000000 ) 
     freq (    2) =       3.443177 [THz] =     114.852015 [cm-1]
 (  0.933647  0.000000 -0.342828  0.000000 -0.103786  0.000000 ) 
     freq (    3) =       4.993501 [THz] =     166.565270 [cm-1]
 ( -0.163599  0.000000 -0.665895  0.000000  0.727887  0.000000 ) 
 **************************************************************************
