Dynamical matrix file
                                                                           
  1    1  3  6.6813956  0.0000000  0.0000000  0.0000000  0.0000000  0.0000000
           1  'Na  '    20954.103126620943     
    1    1      0.0000000000      0.0000000000      0.0000000000

     Dynamical  Matrix in cartesian axes

     q = (   -0.125000000  -0.250000000   0.375000000 ) 

    1    1
  0.02700420  0.00000000    0.00523732  0.00000000   -0.01205036  0.00000000
  0.00523732  0.00000000    0.03996663  0.00000000   -0.02952030  0.00000000
 -0.01205036  0.00000000   -0.02952030  0.00000000    0.04692250  0.00000000

     Dynamical  Matrix in cartesian axes

     q = (   -0.250000000  -0.125000000   0.375000000 ) 

    1    1
  0.03996663  0.00000000    0.00523732  0.00000000   -0.02952030  0.00000000
  0.00523732  0.00000000    0.02700420  0.00000000   -0.01205036  0.00000000
 -0.02952030  0.00000000   -0.01205036  0.00000000    0.04692250  0.00000000

     Dynamical  Matrix in cartesian axes

     q = (   -0.125000000  -0.375000000   0.250000000 ) 

    1    1
  0.02700420  0.00000000    0.01205036  0.00000000   -0.00523732  0.00000000
  0.01205036  0.00000000    0.04692250  0.00000000   -0.02952030  0.00000000
 -0.00523732  0.00000000   -0.02952030  0.00000000    0.03996663  0.00000000

     Dynamical  Matrix in cartesian axes

     q = (    0.125000000  -0.375000000   0.250000000 ) 

    1    1
  0.02700420  0.00000000   -0.01205036  0.00000000    0.00523732  0.00000000
 -0.01205036  0.00000000    0.04692250  0.00000000   -0.02952030  0.00000000
  0.00523732  0.00000000   -0.02952030  0.00000000    0.03996663  0.00000000

     Dynamical  Matrix in cartesian axes

     q = (   -0.125000000   0.250000000  -0.375000000 ) 

    1    1
  0.02700420  0.00000000   -0.00523732  0.00000000    0.01205036  0.00000000
 -0.00523732  0.00000000    0.03996663  0.00000000   -0.02952030  0.00000000
  0.01205036  0.00000000   -0.02952030  0.00000000    0.04692250  0.00000000

     Dynamical  Matrix in cartesian axes

     q = (   -0.125000000   0.375000000  -0.250000000 ) 

    1    1
  0.02700420  0.00000000   -0.01205036  0.00000000    0.00523732  0.00000000
 -0.01205036  0.00000000    0.04692250  0.00000000   -0.02952030  0.00000000
  0.00523732  0.00000000   -0.02952030  0.00000000    0.03996663  0.00000000

     Dynamical  Matrix in cartesian axes

     q = (    0.125000000   0.250000000  -0.375000000 ) 

    1    1
  0.02700420  0.00000000    0.00523732  0.00000000   -0.01205036  0.00000000
  0.00523732  0.00000000    0.03996663  0.00000000   -0.02952030  0.00000000
 -0.01205036  0.00000000   -0.02952030  0.00000000    0.04692250  0.00000000

     Dynamical  Matrix in cartesian axes

     q = (    0.125000000   0.375000000  -0.250000000 ) 

    1    1
  0.02700420  0.00000000    0.01205036  0.00000000   -0.00523732  0.00000000
  0.01205036  0.00000000    0.04692250  0.00000000   -0.02952030  0.00000000
 -0.00523732  0.00000000   -0.02952030  0.00000000    0.03996663  0.00000000

     Dynamical  Matrix in cartesian axes

     q = (    0.250000000  -0.375000000  -0.125000000 ) 

    1    1
  0.03996663  0.00000000   -0.02952030  0.00000000   -0.00523732  0.00000000
 -0.02952030  0.00000000    0.04692250  0.00000000    0.01205036  0.00000000
 -0.00523732  0.00000000    0.01205036  0.00000000    0.02700420  0.00000000

     Dynamical  Matrix in cartesian axes

     q = (   -0.375000000   0.125000000  -0.250000000 ) 

    1    1
  0.04692250  0.00000000   -0.01205036  0.00000000    0.02952030  0.00000000
 -0.01205036  0.00000000    0.02700420  0.00000000   -0.00523732  0.00000000
  0.02952030  0.00000000   -0.00523732  0.00000000    0.03996663  0.00000000

     Dynamical  Matrix in cartesian axes

     q = (    0.375000000   0.125000000   0.250000000 ) 

    1    1
  0.04692250  0.00000000    0.01205036  0.00000000    0.02952030  0.00000000
  0.01205036  0.00000000    0.02700420  0.00000000    0.00523732  0.00000000
  0.02952030  0.00000000    0.00523732  0.00000000    0.03996663  0.00000000

     Dynamical  Matrix in cartesian axes

     q = (    0.250000000   0.125000000   0.375000000 ) 

    1    1
  0.03996663  0.00000000    0.00523732  0.00000000    0.02952030  0.00000000
  0.00523732  0.00000000    0.02700420  0.00000000    0.01205036  0.00000000
  0.02952030  0.00000000    0.01205036  0.00000000    0.04692250  0.00000000

     Dynamical  Matrix in cartesian axes

     q = (   -0.375000000  -0.125000000   0.250000000 ) 

    1    1
  0.04692250  0.00000000    0.01205036  0.00000000   -0.02952030  0.00000000
  0.01205036  0.00000000    0.02700420  0.00000000   -0.00523732  0.00000000
 -0.02952030  0.00000000   -0.00523732  0.00000000    0.03996663  0.00000000

     Dynamical  Matrix in cartesian axes

     q = (    0.375000000  -0.125000000  -0.250000000 ) 

    1    1
  0.04692250  0.00000000   -0.01205036  0.00000000   -0.02952030  0.00000000
 -0.01205036  0.00000000    0.02700420  0.00000000    0.00523732  0.00000000
 -0.02952030  0.00000000    0.00523732  0.00000000    0.03996663  0.00000000

     Dynamical  Matrix in cartesian axes

     q = (    0.125000000  -0.250000000  -0.375000000 ) 

    1    1
  0.02700420  0.00000000   -0.00523732  0.00000000   -0.01205036  0.00000000
 -0.00523732  0.00000000    0.03996663  0.00000000    0.02952030  0.00000000
 -0.01205036  0.00000000    0.02952030  0.00000000    0.04692250  0.00000000

     Dynamical  Matrix in cartesian axes

     q = (    0.250000000  -0.125000000  -0.375000000 ) 

    1    1
  0.03996663  0.00000000   -0.00523732  0.00000000   -0.02952030  0.00000000
 -0.00523732  0.00000000    0.02700420  0.00000000    0.01205036  0.00000000
 -0.02952030  0.00000000    0.01205036  0.00000000    0.04692250  0.00000000

     Dynamical  Matrix in cartesian axes

     q = (   -0.250000000   0.125000000  -0.375000000 ) 

    1    1
  0.03996663  0.00000000   -0.00523732  0.00000000    0.02952030  0.00000000
 -0.00523732  0.00000000    0.02700420  0.00000000   -0.01205036  0.00000000
  0.02952030  0.00000000   -0.01205036  0.00000000    0.04692250  0.00000000

     Dynamical  Matrix in cartesian axes

     q = (   -0.375000000  -0.250000000   0.125000000 ) 

    1    1
  0.04692250  0.00000000    0.02952030  0.00000000   -0.01205036  0.00000000
  0.02952030  0.00000000    0.03996663  0.00000000   -0.00523732  0.00000000
 -0.01205036  0.00000000   -0.00523732  0.00000000    0.02700420  0.00000000

     Dynamical  Matrix in cartesian axes

     q = (   -0.375000000   0.250000000  -0.125000000 ) 

    1    1
  0.04692250  0.00000000   -0.02952030  0.00000000    0.01205036  0.00000000
 -0.02952030  0.00000000    0.03996663  0.00000000   -0.00523732  0.00000000
  0.01205036  0.00000000   -0.00523732  0.00000000    0.02700420  0.00000000

     Dynamical  Matrix in cartesian axes

     q = (    0.375000000   0.250000000   0.125000000 ) 

    1    1
  0.04692250  0.00000000    0.02952030  0.00000000    0.01205036  0.00000000
  0.02952030  0.00000000    0.03996663  0.00000000    0.00523732  0.00000000
  0.01205036  0.00000000    0.00523732  0.00000000    0.02700420  0.00000000

     Dynamical  Matrix in cartesian axes

     q = (    0.250000000  -0.125000000   0.375000000 ) 

    1    1
  0.03996663  0.00000000   -0.00523732  0.00000000    0.02952030  0.00000000
 -0.00523732  0.00000000    0.02700420  0.00000000   -0.01205036  0.00000000
  0.02952030  0.00000000   -0.01205036  0.00000000    0.04692250  0.00000000

     Dynamical  Matrix in cartesian axes

     q = (   -0.250000000   0.375000000  -0.125000000 ) 

    1    1
  0.03996663  0.00000000   -0.02952030  0.00000000    0.00523732  0.00000000
 -0.02952030  0.00000000    0.04692250  0.00000000   -0.01205036  0.00000000
  0.00523732  0.00000000   -0.01205036  0.00000000    0.02700420  0.00000000

     Dynamical  Matrix in cartesian axes

     q = (    0.125000000  -0.375000000  -0.250000000 ) 

    1    1
  0.02700420  0.00000000   -0.01205036  0.00000000   -0.00523732  0.00000000
 -0.01205036  0.00000000    0.04692250  0.00000000    0.02952030  0.00000000
 -0.00523732  0.00000000    0.02952030  0.00000000    0.03996663  0.00000000

     Dynamical  Matrix in cartesian axes

     q = (    0.125000000   0.375000000   0.250000000 ) 

    1    1
  0.02700420  0.00000000    0.01205036  0.00000000    0.00523732  0.00000000
  0.01205036  0.00000000    0.04692250  0.00000000    0.02952030  0.00000000
  0.00523732  0.00000000    0.02952030  0.00000000    0.03996663  0.00000000

     Dynamical  Matrix in cartesian axes

     q = (    0.250000000   0.125000000  -0.375000000 ) 

    1    1
  0.03996663  0.00000000    0.00523732  0.00000000   -0.02952030  0.00000000
  0.00523732  0.00000000    0.02700420  0.00000000   -0.01205036  0.00000000
 -0.02952030  0.00000000   -0.01205036  0.00000000    0.04692250  0.00000000

     Dynamical  Matrix in cartesian axes

     q = (   -0.125000000  -0.250000000  -0.375000000 ) 

    1    1
  0.02700420  0.00000000    0.00523732  0.00000000    0.01205036  0.00000000
  0.00523732  0.00000000    0.03996663  0.00000000    0.02952030  0.00000000
  0.01205036  0.00000000    0.02952030  0.00000000    0.04692250  0.00000000

     Dynamical  Matrix in cartesian axes

     q = (   -0.250000000   0.125000000   0.375000000 ) 

    1    1
  0.03996663  0.00000000   -0.00523732  0.00000000   -0.02952030  0.00000000
 -0.00523732  0.00000000    0.02700420  0.00000000    0.01205036  0.00000000
 -0.02952030  0.00000000    0.01205036  0.00000000    0.04692250  0.00000000

     Dynamical  Matrix in cartesian axes

     q = (   -0.125000000   0.375000000   0.250000000 ) 

    1    1
  0.02700420  0.00000000   -0.01205036  0.00000000   -0.00523732  0.00000000
 -0.01205036  0.00000000    0.04692250  0.00000000    0.02952030  0.00000000
 -0.00523732  0.00000000    0.02952030  0.00000000    0.03996663  0.00000000

     Dynamical  Matrix in cartesian axes

     q = (   -0.125000000   0.250000000   0.375000000 ) 

    1    1
  0.02700420  0.00000000   -0.00523732  0.00000000   -0.01205036  0.00000000
 -0.00523732  0.00000000    0.03996663  0.00000000    0.02952030  0.00000000
 -0.01205036  0.00000000    0.02952030  0.00000000    0.04692250  0.00000000

     Dynamical  Matrix in cartesian axes

     q = (    0.125000000  -0.250000000   0.375000000 ) 

    1    1
  0.02700420  0.00000000   -0.00523732  0.00000000    0.01205036  0.00000000
 -0.00523732  0.00000000    0.03996663  0.00000000   -0.02952030  0.00000000
  0.01205036  0.00000000   -0.02952030  0.00000000    0.04692250  0.00000000

     Dynamical  Matrix in cartesian axes

     q = (   -0.125000000  -0.375000000  -0.250000000 ) 

    1    1
  0.02700420  0.00000000    0.01205036  0.00000000    0.00523732  0.00000000
  0.01205036  0.00000000    0.04692250  0.00000000    0.02952030  0.00000000
  0.00523732  0.00000000    0.02952030  0.00000000    0.03996663  0.00000000

     Dynamical  Matrix in cartesian axes

     q = (    0.125000000   0.250000000   0.375000000 ) 

    1    1
  0.02700420  0.00000000    0.00523732  0.00000000    0.01205036  0.00000000
  0.00523732  0.00000000    0.03996663  0.00000000    0.02952030  0.00000000
  0.01205036  0.00000000    0.02952030  0.00000000    0.04692250  0.00000000

     Dynamical  Matrix in cartesian axes

     q = (    0.375000000  -0.250000000  -0.125000000 ) 

    1    1
  0.04692250  0.00000000   -0.02952030  0.00000000   -0.01205036  0.00000000
 -0.02952030  0.00000000    0.03996663  0.00000000    0.00523732  0.00000000
 -0.01205036  0.00000000    0.00523732  0.00000000    0.02700420  0.00000000

     Dynamical  Matrix in cartesian axes

     q = (    0.250000000   0.375000000   0.125000000 ) 

    1    1
  0.03996663  0.00000000    0.02952030  0.00000000    0.00523732  0.00000000
  0.02952030  0.00000000    0.04692250  0.00000000    0.01205036  0.00000000
  0.00523732  0.00000000    0.01205036  0.00000000    0.02700420  0.00000000

     Dynamical  Matrix in cartesian axes

     q = (   -0.250000000  -0.375000000   0.125000000 ) 

    1    1
  0.03996663  0.00000000    0.02952030  0.00000000   -0.00523732  0.00000000
  0.02952030  0.00000000    0.04692250  0.00000000   -0.01205036  0.00000000
 -0.00523732  0.00000000   -0.01205036  0.00000000    0.02700420  0.00000000

     Dynamical  Matrix in cartesian axes

     q = (    0.375000000   0.250000000  -0.125000000 ) 

    1    1
  0.04692250  0.00000000    0.02952030  0.00000000   -0.01205036  0.00000000
  0.02952030  0.00000000    0.03996663  0.00000000   -0.00523732  0.00000000
 -0.01205036  0.00000000   -0.00523732  0.00000000    0.02700420  0.00000000

     Dynamical  Matrix in cartesian axes

     q = (   -0.375000000   0.250000000   0.125000000 ) 

    1    1
  0.04692250  0.00000000   -0.02952030  0.00000000   -0.01205036  0.00000000
 -0.02952030  0.00000000    0.03996663  0.00000000    0.00523732  0.00000000
 -0.01205036  0.00000000    0.00523732  0.00000000    0.02700420  0.00000000

     Dynamical  Matrix in cartesian axes

     q = (    0.375000000  -0.250000000   0.125000000 ) 

    1    1
  0.04692250  0.00000000   -0.02952030  0.00000000    0.01205036  0.00000000
 -0.02952030  0.00000000    0.03996663  0.00000000   -0.00523732  0.00000000
  0.01205036  0.00000000   -0.00523732  0.00000000    0.02700420  0.00000000

     Dynamical  Matrix in cartesian axes

     q = (   -0.375000000  -0.250000000  -0.125000000 ) 

    1    1
  0.04692250  0.00000000    0.02952030  0.00000000    0.01205036  0.00000000
  0.02952030  0.00000000    0.03996663  0.00000000    0.00523732  0.00000000
  0.01205036  0.00000000    0.00523732  0.00000000    0.02700420  0.00000000

     Dynamical  Matrix in cartesian axes

     q = (   -0.250000000  -0.125000000  -0.375000000 ) 

    1    1
  0.03996663  0.00000000    0.00523732  0.00000000    0.02952030  0.00000000
  0.00523732  0.00000000    0.02700420  0.00000000    0.01205036  0.00000000
  0.02952030  0.00000000    0.01205036  0.00000000    0.04692250  0.00000000

     Dynamical  Matrix in cartesian axes

     q = (    0.250000000  -0.375000000   0.125000000 ) 

    1    1
  0.03996663  0.00000000   -0.02952030  0.00000000    0.00523732  0.00000000
 -0.02952030  0.00000000    0.04692250  0.00000000   -0.01205036  0.00000000
  0.00523732  0.00000000   -0.01205036  0.00000000    0.02700420  0.00000000

     Dynamical  Matrix in cartesian axes

     q = (   -0.250000000  -0.375000000  -0.125000000 ) 

    1    1
  0.03996663  0.00000000    0.02952030  0.00000000    0.00523732  0.00000000
  0.02952030  0.00000000    0.04692250  0.00000000    0.01205036  0.00000000
  0.00523732  0.00000000    0.01205036  0.00000000    0.02700420  0.00000000

     Dynamical  Matrix in cartesian axes

     q = (    0.250000000   0.375000000  -0.125000000 ) 

    1    1
  0.03996663  0.00000000    0.02952030  0.00000000   -0.00523732  0.00000000
  0.02952030  0.00000000    0.04692250  0.00000000   -0.01205036  0.00000000
 -0.00523732  0.00000000   -0.01205036  0.00000000    0.02700420  0.00000000

     Dynamical  Matrix in cartesian axes

     q = (   -0.250000000   0.375000000   0.125000000 ) 

    1    1
  0.03996663  0.00000000   -0.02952030  0.00000000   -0.00523732  0.00000000
 -0.02952030  0.00000000    0.04692250  0.00000000    0.01205036  0.00000000
 -0.00523732  0.00000000    0.01205036  0.00000000    0.02700420  0.00000000

     Dynamical  Matrix in cartesian axes

     q = (   -0.375000000   0.125000000   0.250000000 ) 

    1    1
  0.04692250  0.00000000   -0.01205036  0.00000000   -0.02952030  0.00000000
 -0.01205036  0.00000000    0.02700420  0.00000000    0.00523732  0.00000000
 -0.02952030  0.00000000    0.00523732  0.00000000    0.03996663  0.00000000

     Dynamical  Matrix in cartesian axes

     q = (   -0.375000000  -0.125000000  -0.250000000 ) 

    1    1
  0.04692250  0.00000000    0.01205036  0.00000000    0.02952030  0.00000000
  0.01205036  0.00000000    0.02700420  0.00000000    0.00523732  0.00000000
  0.02952030  0.00000000    0.00523732  0.00000000    0.03996663  0.00000000

     Dynamical  Matrix in cartesian axes

     q = (    0.375000000  -0.125000000   0.250000000 ) 

    1    1
  0.04692250  0.00000000   -0.01205036  0.00000000    0.02952030  0.00000000
 -0.01205036  0.00000000    0.02700420  0.00000000   -0.00523732  0.00000000
  0.02952030  0.00000000   -0.00523732  0.00000000    0.03996663  0.00000000

     Dynamical  Matrix in cartesian axes

     q = (    0.375000000   0.125000000  -0.250000000 ) 

    1    1
  0.04692250  0.00000000    0.01205036  0.00000000   -0.02952030  0.00000000
  0.01205036  0.00000000    0.02700420  0.00000000   -0.00523732  0.00000000
 -0.02952030  0.00000000   -0.00523732  0.00000000    0.03996663  0.00000000

     Diagonalizing the dynamical matrix

     q = (   -0.125000000  -0.250000000   0.375000000 ) 

 **************************************************************************
     freq (    1) =       2.524250 [THz] =      84.199923 [cm-1]
 (  0.319604 -0.000000  0.662849 -0.000000  0.677115  0.000000 ) 
     freq (    2) =       3.608603 [THz] =     120.370045 [cm-1]
 (  0.914917  0.000000 -0.401800  0.000000 -0.038514  0.000000 ) 
     freq (    3) =       6.279610 [THz] =     209.465237 [cm-1]
 ( -0.246536  0.000000 -0.631813  0.000000  0.734869  0.000000 ) 
 **************************************************************************
