Dynamical matrix file
                                                                           
  1    1  3  6.6813956  0.0000000  0.0000000  0.0000000  0.0000000  0.0000000
           1  'Na  '    20954.103126620943     
    1    1      0.0000000000      0.0000000000      0.0000000000

     Dynamical  Matrix in cartesian axes

     q = (   -0.125000000   0.750000000  -0.375000000 ) 

    1    1
  0.04770871  0.00000000   -0.00486676  0.00000000   -0.01646091  0.00000000
 -0.00486676  0.00000000    0.05813320  0.00000000   -0.03291098  0.00000000
 -0.01646091  0.00000000   -0.03291098  0.00000000    0.06851502  0.00000000

     Dynamical  Matrix in cartesian axes

     q = (    0.750000000  -0.125000000  -0.375000000 ) 

    1    1
  0.05813320  0.00000000   -0.00486676  0.00000000   -0.03291098  0.00000000
 -0.00486676  0.00000000    0.04770871  0.00000000   -0.01646091  0.00000000
 -0.03291098  0.00000000   -0.01646091  0.00000000    0.06851502  0.00000000

     Dynamical  Matrix in cartesian axes

     q = (   -0.125000000  -0.375000000   0.750000000 ) 

    1    1
  0.04770871  0.00000000   -0.01646091  0.00000000   -0.00486676  0.00000000
 -0.01646091  0.00000000    0.06851502  0.00000000   -0.03291098  0.00000000
 -0.00486676  0.00000000   -0.03291098  0.00000000    0.05813320  0.00000000

     Dynamical  Matrix in cartesian axes

     q = (    0.125000000  -0.375000000   0.750000000 ) 

    1    1
  0.04770871  0.00000000    0.01646091  0.00000000    0.00486676  0.00000000
  0.01646091  0.00000000    0.06851502  0.00000000   -0.03291098  0.00000000
  0.00486676  0.00000000   -0.03291098  0.00000000    0.05813320  0.00000000

     Dynamical  Matrix in cartesian axes

     q = (    0.750000000   0.125000000  -0.375000000 ) 

    1    1
  0.05813320  0.00000000    0.00486676  0.00000000   -0.03291098  0.00000000
  0.00486676  0.00000000    0.04770871  0.00000000    0.01646091  0.00000000
 -0.03291098  0.00000000    0.01646091  0.00000000    0.06851502  0.00000000

     Dynamical  Matrix in cartesian axes

     q = (   -0.125000000  -0.750000000  -0.375000000 ) 

    1    1
  0.04770871  0.00000000    0.00486676  0.00000000   -0.01646091  0.00000000
  0.00486676  0.00000000    0.05813320  0.00000000    0.03291098  0.00000000
 -0.01646091  0.00000000    0.03291098  0.00000000    0.06851502  0.00000000

     Dynamical  Matrix in cartesian axes

     q = (    0.125000000   0.750000000  -0.375000000 ) 

    1    1
  0.04770871  0.00000000    0.00486676  0.00000000    0.01646091  0.00000000
  0.00486676  0.00000000    0.05813320  0.00000000   -0.03291098  0.00000000
  0.01646091  0.00000000   -0.03291098  0.00000000    0.06851502  0.00000000

     Dynamical  Matrix in cartesian axes

     q = (    0.125000000  -0.750000000  -0.375000000 ) 

    1    1
  0.04770871  0.00000000   -0.00486676  0.00000000    0.01646091  0.00000000
 -0.00486676  0.00000000    0.05813320  0.00000000    0.03291098  0.00000000
  0.01646091  0.00000000    0.03291098  0.00000000    0.06851502  0.00000000

     Dynamical  Matrix in cartesian axes

     q = (   -0.750000000   0.375000000  -0.125000000 ) 

    1    1
  0.05813320  0.00000000   -0.03291098  0.00000000    0.00486676  0.00000000
 -0.03291098  0.00000000    0.06851502  0.00000000    0.01646091  0.00000000
  0.00486676  0.00000000    0.01646091  0.00000000    0.04770871  0.00000000

     Dynamical  Matrix in cartesian axes

     q = (    0.375000000   0.125000000   0.750000000 ) 

    1    1
  0.06851502  0.00000000   -0.01646091  0.00000000    0.03291098  0.00000000
 -0.01646091  0.00000000    0.04770871  0.00000000    0.00486676  0.00000000
  0.03291098  0.00000000    0.00486676  0.00000000    0.05813320  0.00000000

     Dynamical  Matrix in cartesian axes

     q = (   -0.375000000   0.125000000  -0.750000000 ) 

    1    1
  0.06851502  0.00000000    0.01646091  0.00000000    0.03291098  0.00000000
  0.01646091  0.00000000    0.04770871  0.00000000   -0.00486676  0.00000000
  0.03291098  0.00000000   -0.00486676  0.00000000    0.05813320  0.00000000

     Dynamical  Matrix in cartesian axes

     q = (   -0.125000000   0.375000000  -0.750000000 ) 

    1    1
  0.04770871  0.00000000    0.01646091  0.00000000    0.00486676  0.00000000
  0.01646091  0.00000000    0.06851502  0.00000000   -0.03291098  0.00000000
  0.00486676  0.00000000   -0.03291098  0.00000000    0.05813320  0.00000000

     Dynamical  Matrix in cartesian axes

     q = (    0.375000000  -0.125000000  -0.750000000 ) 

    1    1
  0.06851502  0.00000000    0.01646091  0.00000000   -0.03291098  0.00000000
  0.01646091  0.00000000    0.04770871  0.00000000    0.00486676  0.00000000
 -0.03291098  0.00000000    0.00486676  0.00000000    0.05813320  0.00000000

     Dynamical  Matrix in cartesian axes

     q = (   -0.375000000  -0.125000000   0.750000000 ) 

    1    1
  0.06851502  0.00000000   -0.01646091  0.00000000   -0.03291098  0.00000000
 -0.01646091  0.00000000    0.04770871  0.00000000   -0.00486676  0.00000000
 -0.03291098  0.00000000   -0.00486676  0.00000000    0.05813320  0.00000000

     Dynamical  Matrix in cartesian axes

     q = (    0.125000000   0.750000000   0.375000000 ) 

    1    1
  0.04770871  0.00000000    0.00486676  0.00000000   -0.01646091  0.00000000
  0.00486676  0.00000000    0.05813320  0.00000000    0.03291098  0.00000000
 -0.01646091  0.00000000    0.03291098  0.00000000    0.06851502  0.00000000

     Dynamical  Matrix in cartesian axes

     q = (   -0.750000000  -0.125000000   0.375000000 ) 

    1    1
  0.05813320  0.00000000    0.00486676  0.00000000   -0.03291098  0.00000000
  0.00486676  0.00000000    0.04770871  0.00000000    0.01646091  0.00000000
 -0.03291098  0.00000000    0.01646091  0.00000000    0.06851502  0.00000000

     Dynamical  Matrix in cartesian axes

     q = (    0.750000000   0.125000000   0.375000000 ) 

    1    1
  0.05813320  0.00000000    0.00486676  0.00000000    0.03291098  0.00000000
  0.00486676  0.00000000    0.04770871  0.00000000   -0.01646091  0.00000000
  0.03291098  0.00000000   -0.01646091  0.00000000    0.06851502  0.00000000

     Dynamical  Matrix in cartesian axes

     q = (    0.375000000   0.750000000   0.125000000 ) 

    1    1
  0.06851502  0.00000000    0.03291098  0.00000000   -0.01646091  0.00000000
  0.03291098  0.00000000    0.05813320  0.00000000    0.00486676  0.00000000
 -0.01646091  0.00000000    0.00486676  0.00000000    0.04770871  0.00000000

     Dynamical  Matrix in cartesian axes

     q = (    0.375000000  -0.750000000  -0.125000000 ) 

    1    1
  0.06851502  0.00000000   -0.03291098  0.00000000    0.01646091  0.00000000
 -0.03291098  0.00000000    0.05813320  0.00000000    0.00486676  0.00000000
  0.01646091  0.00000000    0.00486676  0.00000000    0.04770871  0.00000000

     Dynamical  Matrix in cartesian axes

     q = (   -0.375000000  -0.750000000   0.125000000 ) 

    1    1
  0.06851502  0.00000000    0.03291098  0.00000000    0.01646091  0.00000000
  0.03291098  0.00000000    0.05813320  0.00000000   -0.00486676  0.00000000
  0.01646091  0.00000000   -0.00486676  0.00000000    0.04770871  0.00000000

     Dynamical  Matrix in cartesian axes

     q = (    0.125000000   0.375000000  -0.750000000 ) 

    1    1
  0.04770871  0.00000000   -0.01646091  0.00000000   -0.00486676  0.00000000
 -0.01646091  0.00000000    0.06851502  0.00000000   -0.03291098  0.00000000
 -0.00486676  0.00000000   -0.03291098  0.00000000    0.05813320  0.00000000

     Dynamical  Matrix in cartesian axes

     q = (    0.750000000  -0.375000000  -0.125000000 ) 

    1    1
  0.05813320  0.00000000   -0.03291098  0.00000000   -0.00486676  0.00000000
 -0.03291098  0.00000000    0.06851502  0.00000000   -0.01646091  0.00000000
 -0.00486676  0.00000000   -0.01646091  0.00000000    0.04770871  0.00000000

     Dynamical  Matrix in cartesian axes

     q = (    0.125000000   0.375000000   0.750000000 ) 

    1    1
  0.04770871  0.00000000   -0.01646091  0.00000000    0.00486676  0.00000000
 -0.01646091  0.00000000    0.06851502  0.00000000    0.03291098  0.00000000
  0.00486676  0.00000000    0.03291098  0.00000000    0.05813320  0.00000000

     Dynamical  Matrix in cartesian axes

     q = (    0.125000000  -0.375000000  -0.750000000 ) 

    1    1
  0.04770871  0.00000000    0.01646091  0.00000000   -0.00486676  0.00000000
  0.01646091  0.00000000    0.06851502  0.00000000    0.03291098  0.00000000
 -0.00486676  0.00000000    0.03291098  0.00000000    0.05813320  0.00000000

     Dynamical  Matrix in cartesian axes

     q = (   -0.750000000   0.125000000   0.375000000 ) 

    1    1
  0.05813320  0.00000000   -0.00486676  0.00000000   -0.03291098  0.00000000
 -0.00486676  0.00000000    0.04770871  0.00000000   -0.01646091  0.00000000
 -0.03291098  0.00000000   -0.01646091  0.00000000    0.06851502  0.00000000

     Dynamical  Matrix in cartesian axes

     q = (   -0.125000000   0.750000000   0.375000000 ) 

    1    1
  0.04770871  0.00000000   -0.00486676  0.00000000    0.01646091  0.00000000
 -0.00486676  0.00000000    0.05813320  0.00000000    0.03291098  0.00000000
  0.01646091  0.00000000    0.03291098  0.00000000    0.06851502  0.00000000

     Dynamical  Matrix in cartesian axes

     q = (   -0.125000000  -0.750000000   0.375000000 ) 

    1    1
  0.04770871  0.00000000    0.00486676  0.00000000    0.01646091  0.00000000
  0.00486676  0.00000000    0.05813320  0.00000000   -0.03291098  0.00000000
  0.01646091  0.00000000   -0.03291098  0.00000000    0.06851502  0.00000000

     Dynamical  Matrix in cartesian axes

     q = (   -0.125000000  -0.375000000  -0.750000000 ) 

    1    1
  0.04770871  0.00000000   -0.01646091  0.00000000    0.00486676  0.00000000
 -0.01646091  0.00000000    0.06851502  0.00000000    0.03291098  0.00000000
  0.00486676  0.00000000    0.03291098  0.00000000    0.05813320  0.00000000

     Dynamical  Matrix in cartesian axes

     q = (   -0.750000000   0.125000000  -0.375000000 ) 

    1    1
  0.05813320  0.00000000   -0.00486676  0.00000000    0.03291098  0.00000000
 -0.00486676  0.00000000    0.04770871  0.00000000    0.01646091  0.00000000
  0.03291098  0.00000000    0.01646091  0.00000000    0.06851502  0.00000000

     Dynamical  Matrix in cartesian axes

     q = (    0.125000000  -0.750000000   0.375000000 ) 

    1    1
  0.04770871  0.00000000   -0.00486676  0.00000000   -0.01646091  0.00000000
 -0.00486676  0.00000000    0.05813320  0.00000000   -0.03291098  0.00000000
 -0.01646091  0.00000000   -0.03291098  0.00000000    0.06851502  0.00000000

     Dynamical  Matrix in cartesian axes

     q = (   -0.125000000   0.375000000   0.750000000 ) 

    1    1
  0.04770871  0.00000000    0.01646091  0.00000000   -0.00486676  0.00000000
  0.01646091  0.00000000    0.06851502  0.00000000    0.03291098  0.00000000
 -0.00486676  0.00000000    0.03291098  0.00000000    0.05813320  0.00000000

     Dynamical  Matrix in cartesian axes

     q = (   -0.750000000  -0.125000000  -0.375000000 ) 

    1    1
  0.05813320  0.00000000    0.00486676  0.00000000    0.03291098  0.00000000
  0.00486676  0.00000000    0.04770871  0.00000000   -0.01646091  0.00000000
  0.03291098  0.00000000   -0.01646091  0.00000000    0.06851502  0.00000000

     Dynamical  Matrix in cartesian axes

     q = (   -0.375000000   0.750000000  -0.125000000 ) 

    1    1
  0.06851502  0.00000000   -0.03291098  0.00000000   -0.01646091  0.00000000
 -0.03291098  0.00000000    0.05813320  0.00000000   -0.00486676  0.00000000
 -0.01646091  0.00000000   -0.00486676  0.00000000    0.04770871  0.00000000

     Dynamical  Matrix in cartesian axes

     q = (   -0.750000000  -0.375000000   0.125000000 ) 

    1    1
  0.05813320  0.00000000    0.03291098  0.00000000   -0.00486676  0.00000000
  0.03291098  0.00000000    0.06851502  0.00000000    0.01646091  0.00000000
 -0.00486676  0.00000000    0.01646091  0.00000000    0.04770871  0.00000000

     Dynamical  Matrix in cartesian axes

     q = (    0.750000000   0.375000000   0.125000000 ) 

    1    1
  0.05813320  0.00000000    0.03291098  0.00000000    0.00486676  0.00000000
  0.03291098  0.00000000    0.06851502  0.00000000   -0.01646091  0.00000000
  0.00486676  0.00000000   -0.01646091  0.00000000    0.04770871  0.00000000

     Dynamical  Matrix in cartesian axes

     q = (   -0.375000000  -0.750000000  -0.125000000 ) 

    1    1
  0.06851502  0.00000000    0.03291098  0.00000000   -0.01646091  0.00000000
  0.03291098  0.00000000    0.05813320  0.00000000    0.00486676  0.00000000
 -0.01646091  0.00000000    0.00486676  0.00000000    0.04770871  0.00000000

     Dynamical  Matrix in cartesian axes

     q = (    0.375000000  -0.750000000   0.125000000 ) 

    1    1
  0.06851502  0.00000000   -0.03291098  0.00000000   -0.01646091  0.00000000
 -0.03291098  0.00000000    0.05813320  0.00000000   -0.00486676  0.00000000
 -0.01646091  0.00000000   -0.00486676  0.00000000    0.04770871  0.00000000

     Dynamical  Matrix in cartesian axes

     q = (   -0.375000000   0.750000000   0.125000000 ) 

    1    1
  0.06851502  0.00000000   -0.03291098  0.00000000    0.01646091  0.00000000
 -0.03291098  0.00000000    0.05813320  0.00000000    0.00486676  0.00000000
  0.01646091  0.00000000    0.00486676  0.00000000    0.04770871  0.00000000

     Dynamical  Matrix in cartesian axes

     q = (    0.375000000   0.750000000  -0.125000000 ) 

    1    1
  0.06851502  0.00000000    0.03291098  0.00000000    0.01646091  0.00000000
  0.03291098  0.00000000    0.05813320  0.00000000   -0.00486676  0.00000000
  0.01646091  0.00000000   -0.00486676  0.00000000    0.04770871  0.00000000

     Dynamical  Matrix in cartesian axes

     q = (    0.750000000  -0.125000000   0.375000000 ) 

    1    1
  0.05813320  0.00000000   -0.00486676  0.00000000    0.03291098  0.00000000
 -0.00486676  0.00000000    0.04770871  0.00000000    0.01646091  0.00000000
  0.03291098  0.00000000    0.01646091  0.00000000    0.06851502  0.00000000

     Dynamical  Matrix in cartesian axes

     q = (   -0.750000000   0.375000000   0.125000000 ) 

    1    1
  0.05813320  0.00000000   -0.03291098  0.00000000   -0.00486676  0.00000000
 -0.03291098  0.00000000    0.06851502  0.00000000   -0.01646091  0.00000000
 -0.00486676  0.00000000   -0.01646091  0.00000000    0.04770871  0.00000000

     Dynamical  Matrix in cartesian axes

     q = (    0.750000000   0.375000000  -0.125000000 ) 

    1    1
  0.05813320  0.00000000    0.03291098  0.00000000   -0.00486676  0.00000000
  0.03291098  0.00000000    0.06851502  0.00000000    0.01646091  0.00000000
 -0.00486676  0.00000000    0.01646091  0.00000000    0.04770871  0.00000000

     Dynamical  Matrix in cartesian axes

     q = (   -0.750000000  -0.375000000  -0.125000000 ) 

    1    1
  0.05813320  0.00000000    0.03291098  0.00000000    0.00486676  0.00000000
  0.03291098  0.00000000    0.06851502  0.00000000   -0.01646091  0.00000000
  0.00486676  0.00000000   -0.01646091  0.00000000    0.04770871  0.00000000

     Dynamical  Matrix in cartesian axes

     q = (    0.750000000  -0.375000000   0.125000000 ) 

    1    1
  0.05813320  0.00000000   -0.03291098  0.00000000    0.00486676  0.00000000
 -0.03291098  0.00000000    0.06851502  0.00000000    0.01646091  0.00000000
  0.00486676  0.00000000    0.01646091  0.00000000    0.04770871  0.00000000

     Dynamical  Matrix in cartesian axes

     q = (    0.375000000   0.125000000  -0.750000000 ) 

    1    1
  0.06851502  0.00000000   -0.01646091  0.00000000   -0.03291098  0.00000000
 -0.01646091  0.00000000    0.04770871  0.00000000   -0.00486676  0.00000000
 -0.03291098  0.00000000   -0.00486676  0.00000000    0.05813320  0.00000000

     Dynamical  Matrix in cartesian axes

     q = (    0.375000000  -0.125000000   0.750000000 ) 

    1    1
  0.06851502  0.00000000    0.01646091  0.00000000    0.03291098  0.00000000
  0.01646091  0.00000000    0.04770871  0.00000000   -0.00486676  0.00000000
  0.03291098  0.00000000   -0.00486676  0.00000000    0.05813320  0.00000000

     Dynamical  Matrix in cartesian axes

     q = (   -0.375000000  -0.125000000  -0.750000000 ) 

    1    1
  0.06851502  0.00000000   -0.01646091  0.00000000    0.03291098  0.00000000
 -0.01646091  0.00000000    0.04770871  0.00000000    0.00486676  0.00000000
  0.03291098  0.00000000    0.00486676  0.00000000    0.05813320  0.00000000

     Dynamical  Matrix in cartesian axes

     q = (   -0.375000000   0.125000000   0.750000000 ) 

    1    1
  0.06851502  0.00000000    0.01646091  0.00000000   -0.03291098  0.00000000
  0.01646091  0.00000000    0.04770871  0.00000000    0.00486676  0.00000000
 -0.03291098  0.00000000    0.00486676  0.00000000    0.05813320  0.00000000

     Diagonalizing the dynamical matrix

     q = (   -0.125000000   0.750000000  -0.375000000 ) 

 **************************************************************************
     freq (    1) =       3.345912 [THz] =     111.607595 [cm-1]
 (  0.499986  0.000000  0.616126  0.000000  0.608607  0.000000 ) 
     freq (    2) =       5.291451 [THz] =     176.503802 [cm-1]
 (  0.844464  0.000000 -0.502714  0.000000 -0.184824  0.000000 ) 
     freq (    3) =       7.131829 [THz] =     237.892218 [cm-1]
 ( -0.192081  0.000000 -0.606356  0.000000  0.771646  0.000000 ) 
 **************************************************************************
