Dynamical matrix file
                                                                           
  1    1  3  6.6813956  0.0000000  0.0000000  0.0000000  0.0000000  0.0000000
           1  'Na  '    20954.103126620943     
    1    1      0.0000000000      0.0000000000      0.0000000000

     Dynamical  Matrix in cartesian axes

     q = (   -0.125000000   0.625000000  -0.500000000 ) 

    1    1
  0.03599179  0.00000000    0.00080945  0.00000000   -0.00958759  0.00000000
  0.00080945  0.00000000    0.05913950  0.00000000   -0.04497799  0.00000000
 -0.00958759  0.00000000   -0.04497799  0.00000000    0.06283272  0.00000000

     Dynamical  Matrix in cartesian axes

     q = (    0.625000000  -0.125000000  -0.500000000 ) 

    1    1
  0.05913950  0.00000000    0.00080945  0.00000000   -0.04497799  0.00000000
  0.00080945  0.00000000    0.03599179  0.00000000   -0.00958759  0.00000000
 -0.04497799  0.00000000   -0.00958759  0.00000000    0.06283272  0.00000000

     Dynamical  Matrix in cartesian axes

     q = (   -0.125000000   0.500000000  -0.625000000 ) 

    1    1
  0.03599179  0.00000000    0.00958759  0.00000000   -0.00080945  0.00000000
  0.00958759  0.00000000    0.06283272  0.00000000   -0.04497799  0.00000000
 -0.00080945  0.00000000   -0.04497799  0.00000000    0.05913950  0.00000000

     Dynamical  Matrix in cartesian axes

     q = (    0.125000000   0.500000000  -0.625000000 ) 

    1    1
  0.03599179  0.00000000   -0.00958759  0.00000000    0.00080945  0.00000000
 -0.00958759  0.00000000    0.06283272  0.00000000   -0.04497799  0.00000000
  0.00080945  0.00000000   -0.04497799  0.00000000    0.05913950  0.00000000

     Dynamical  Matrix in cartesian axes

     q = (   -0.125000000  -0.625000000   0.500000000 ) 

    1    1
  0.03599179  0.00000000   -0.00080945  0.00000000    0.00958759  0.00000000
 -0.00080945  0.00000000    0.05913950  0.00000000   -0.04497799  0.00000000
  0.00958759  0.00000000   -0.04497799  0.00000000    0.06283272  0.00000000

     Dynamical  Matrix in cartesian axes

     q = (   -0.125000000  -0.500000000   0.625000000 ) 

    1    1
  0.03599179  0.00000000   -0.00958759  0.00000000    0.00080945  0.00000000
 -0.00958759  0.00000000    0.06283272  0.00000000   -0.04497799  0.00000000
  0.00080945  0.00000000   -0.04497799  0.00000000    0.05913950  0.00000000

     Dynamical  Matrix in cartesian axes

     q = (    0.125000000  -0.625000000   0.500000000 ) 

    1    1
  0.03599179  0.00000000    0.00080945  0.00000000   -0.00958759  0.00000000
  0.00080945  0.00000000    0.05913950  0.00000000   -0.04497799  0.00000000
 -0.00958759  0.00000000   -0.04497799  0.00000000    0.06283272  0.00000000

     Dynamical  Matrix in cartesian axes

     q = (    0.125000000  -0.500000000   0.625000000 ) 

    1    1
  0.03599179  0.00000000    0.00958759  0.00000000   -0.00080945  0.00000000
  0.00958759  0.00000000    0.06283272  0.00000000   -0.04497799  0.00000000
 -0.00080945  0.00000000   -0.04497799  0.00000000    0.05913950  0.00000000

     Dynamical  Matrix in cartesian axes

     q = (   -0.625000000   0.500000000  -0.125000000 ) 

    1    1
  0.05913950  0.00000000   -0.04497799  0.00000000   -0.00080945  0.00000000
 -0.04497799  0.00000000    0.06283272  0.00000000    0.00958759  0.00000000
 -0.00080945  0.00000000    0.00958759  0.00000000    0.03599179  0.00000000

     Dynamical  Matrix in cartesian axes

     q = (    0.500000000   0.125000000   0.625000000 ) 

    1    1
  0.06283272  0.00000000   -0.00958759  0.00000000    0.04497799  0.00000000
 -0.00958759  0.00000000    0.03599179  0.00000000   -0.00080945  0.00000000
  0.04497799  0.00000000   -0.00080945  0.00000000    0.05913950  0.00000000

     Dynamical  Matrix in cartesian axes

     q = (   -0.500000000   0.125000000  -0.625000000 ) 

    1    1
  0.06283272  0.00000000    0.00958759  0.00000000    0.04497799  0.00000000
  0.00958759  0.00000000    0.03599179  0.00000000    0.00080945  0.00000000
  0.04497799  0.00000000    0.00080945  0.00000000    0.05913950  0.00000000

     Dynamical  Matrix in cartesian axes

     q = (   -0.625000000   0.125000000  -0.500000000 ) 

    1    1
  0.05913950  0.00000000    0.00080945  0.00000000    0.04497799  0.00000000
  0.00080945  0.00000000    0.03599179  0.00000000    0.00958759  0.00000000
  0.04497799  0.00000000    0.00958759  0.00000000    0.06283272  0.00000000

     Dynamical  Matrix in cartesian axes

     q = (    0.500000000  -0.125000000  -0.625000000 ) 

    1    1
  0.06283272  0.00000000    0.00958759  0.00000000   -0.04497799  0.00000000
  0.00958759  0.00000000    0.03599179  0.00000000   -0.00080945  0.00000000
 -0.04497799  0.00000000   -0.00080945  0.00000000    0.05913950  0.00000000

     Dynamical  Matrix in cartesian axes

     q = (   -0.500000000  -0.125000000   0.625000000 ) 

    1    1
  0.06283272  0.00000000   -0.00958759  0.00000000   -0.04497799  0.00000000
 -0.00958759  0.00000000    0.03599179  0.00000000    0.00080945  0.00000000
 -0.04497799  0.00000000    0.00080945  0.00000000    0.05913950  0.00000000

     Dynamical  Matrix in cartesian axes

     q = (    0.125000000   0.625000000   0.500000000 ) 

    1    1
  0.03599179  0.00000000   -0.00080945  0.00000000   -0.00958759  0.00000000
 -0.00080945  0.00000000    0.05913950  0.00000000    0.04497799  0.00000000
 -0.00958759  0.00000000    0.04497799  0.00000000    0.06283272  0.00000000

     Dynamical  Matrix in cartesian axes

     q = (   -0.625000000  -0.125000000   0.500000000 ) 

    1    1
  0.05913950  0.00000000   -0.00080945  0.00000000   -0.04497799  0.00000000
 -0.00080945  0.00000000    0.03599179  0.00000000    0.00958759  0.00000000
 -0.04497799  0.00000000    0.00958759  0.00000000    0.06283272  0.00000000

     Dynamical  Matrix in cartesian axes

     q = (    0.625000000   0.125000000   0.500000000 ) 

    1    1
  0.05913950  0.00000000   -0.00080945  0.00000000    0.04497799  0.00000000
 -0.00080945  0.00000000    0.03599179  0.00000000   -0.00958759  0.00000000
  0.04497799  0.00000000   -0.00958759  0.00000000    0.06283272  0.00000000

     Dynamical  Matrix in cartesian axes

     q = (    0.500000000   0.625000000   0.125000000 ) 

    1    1
  0.06283272  0.00000000    0.04497799  0.00000000   -0.00958759  0.00000000
  0.04497799  0.00000000    0.05913950  0.00000000   -0.00080945  0.00000000
 -0.00958759  0.00000000   -0.00080945  0.00000000    0.03599179  0.00000000

     Dynamical  Matrix in cartesian axes

     q = (    0.500000000  -0.625000000  -0.125000000 ) 

    1    1
  0.06283272  0.00000000   -0.04497799  0.00000000    0.00958759  0.00000000
 -0.04497799  0.00000000    0.05913950  0.00000000   -0.00080945  0.00000000
  0.00958759  0.00000000   -0.00080945  0.00000000    0.03599179  0.00000000

     Dynamical  Matrix in cartesian axes

     q = (   -0.500000000  -0.625000000   0.125000000 ) 

    1    1
  0.06283272  0.00000000    0.04497799  0.00000000    0.00958759  0.00000000
  0.04497799  0.00000000    0.05913950  0.00000000    0.00080945  0.00000000
  0.00958759  0.00000000    0.00080945  0.00000000    0.03599179  0.00000000

     Dynamical  Matrix in cartesian axes

     q = (   -0.625000000  -0.125000000  -0.500000000 ) 

    1    1
  0.05913950  0.00000000   -0.00080945  0.00000000    0.04497799  0.00000000
 -0.00080945  0.00000000    0.03599179  0.00000000   -0.00958759  0.00000000
  0.04497799  0.00000000   -0.00958759  0.00000000    0.06283272  0.00000000

     Dynamical  Matrix in cartesian axes

     q = (    0.625000000  -0.500000000  -0.125000000 ) 

    1    1
  0.05913950  0.00000000   -0.04497799  0.00000000    0.00080945  0.00000000
 -0.04497799  0.00000000    0.06283272  0.00000000   -0.00958759  0.00000000
  0.00080945  0.00000000   -0.00958759  0.00000000    0.03599179  0.00000000

     Dynamical  Matrix in cartesian axes

     q = (    0.125000000   0.500000000   0.625000000 ) 

    1    1
  0.03599179  0.00000000   -0.00958759  0.00000000   -0.00080945  0.00000000
 -0.00958759  0.00000000    0.06283272  0.00000000    0.04497799  0.00000000
 -0.00080945  0.00000000    0.04497799  0.00000000    0.05913950  0.00000000

     Dynamical  Matrix in cartesian axes

     q = (    0.125000000  -0.500000000  -0.625000000 ) 

    1    1
  0.03599179  0.00000000    0.00958759  0.00000000    0.00080945  0.00000000
  0.00958759  0.00000000    0.06283272  0.00000000    0.04497799  0.00000000
  0.00080945  0.00000000    0.04497799  0.00000000    0.05913950  0.00000000

     Dynamical  Matrix in cartesian axes

     q = (   -0.625000000   0.125000000   0.500000000 ) 

    1    1
  0.05913950  0.00000000    0.00080945  0.00000000   -0.04497799  0.00000000
  0.00080945  0.00000000    0.03599179  0.00000000   -0.00958759  0.00000000
 -0.04497799  0.00000000   -0.00958759  0.00000000    0.06283272  0.00000000

     Dynamical  Matrix in cartesian axes

     q = (   -0.125000000   0.625000000   0.500000000 ) 

    1    1
  0.03599179  0.00000000    0.00080945  0.00000000    0.00958759  0.00000000
  0.00080945  0.00000000    0.05913950  0.00000000    0.04497799  0.00000000
  0.00958759  0.00000000    0.04497799  0.00000000    0.06283272  0.00000000

     Dynamical  Matrix in cartesian axes

     q = (    0.625000000   0.125000000  -0.500000000 ) 

    1    1
  0.05913950  0.00000000   -0.00080945  0.00000000   -0.04497799  0.00000000
 -0.00080945  0.00000000    0.03599179  0.00000000    0.00958759  0.00000000
 -0.04497799  0.00000000    0.00958759  0.00000000    0.06283272  0.00000000

     Dynamical  Matrix in cartesian axes

     q = (   -0.125000000  -0.500000000  -0.625000000 ) 

    1    1
  0.03599179  0.00000000   -0.00958759  0.00000000   -0.00080945  0.00000000
 -0.00958759  0.00000000    0.06283272  0.00000000    0.04497799  0.00000000
 -0.00080945  0.00000000    0.04497799  0.00000000    0.05913950  0.00000000

     Dynamical  Matrix in cartesian axes

     q = (   -0.125000000  -0.625000000  -0.500000000 ) 

    1    1
  0.03599179  0.00000000   -0.00080945  0.00000000   -0.00958759  0.00000000
 -0.00080945  0.00000000    0.05913950  0.00000000    0.04497799  0.00000000
 -0.00958759  0.00000000    0.04497799  0.00000000    0.06283272  0.00000000

     Dynamical  Matrix in cartesian axes

     q = (    0.125000000   0.625000000  -0.500000000 ) 

    1    1
  0.03599179  0.00000000   -0.00080945  0.00000000    0.00958759  0.00000000
 -0.00080945  0.00000000    0.05913950  0.00000000   -0.04497799  0.00000000
  0.00958759  0.00000000   -0.04497799  0.00000000    0.06283272  0.00000000

     Dynamical  Matrix in cartesian axes

     q = (   -0.125000000   0.500000000   0.625000000 ) 

    1    1
  0.03599179  0.00000000    0.00958759  0.00000000    0.00080945  0.00000000
  0.00958759  0.00000000    0.06283272  0.00000000    0.04497799  0.00000000
  0.00080945  0.00000000    0.04497799  0.00000000    0.05913950  0.00000000

     Dynamical  Matrix in cartesian axes

     q = (    0.125000000  -0.625000000  -0.500000000 ) 

    1    1
  0.03599179  0.00000000    0.00080945  0.00000000    0.00958759  0.00000000
  0.00080945  0.00000000    0.05913950  0.00000000    0.04497799  0.00000000
  0.00958759  0.00000000    0.04497799  0.00000000    0.06283272  0.00000000

     Dynamical  Matrix in cartesian axes

     q = (   -0.500000000   0.625000000  -0.125000000 ) 

    1    1
  0.06283272  0.00000000   -0.04497799  0.00000000   -0.00958759  0.00000000
 -0.04497799  0.00000000    0.05913950  0.00000000    0.00080945  0.00000000
 -0.00958759  0.00000000    0.00080945  0.00000000    0.03599179  0.00000000

     Dynamical  Matrix in cartesian axes

     q = (   -0.625000000  -0.500000000   0.125000000 ) 

    1    1
  0.05913950  0.00000000    0.04497799  0.00000000    0.00080945  0.00000000
  0.04497799  0.00000000    0.06283272  0.00000000    0.00958759  0.00000000
  0.00080945  0.00000000    0.00958759  0.00000000    0.03599179  0.00000000

     Dynamical  Matrix in cartesian axes

     q = (    0.625000000   0.500000000   0.125000000 ) 

    1    1
  0.05913950  0.00000000    0.04497799  0.00000000   -0.00080945  0.00000000
  0.04497799  0.00000000    0.06283272  0.00000000   -0.00958759  0.00000000
 -0.00080945  0.00000000   -0.00958759  0.00000000    0.03599179  0.00000000

     Dynamical  Matrix in cartesian axes

     q = (   -0.500000000  -0.625000000  -0.125000000 ) 

    1    1
  0.06283272  0.00000000    0.04497799  0.00000000   -0.00958759  0.00000000
  0.04497799  0.00000000    0.05913950  0.00000000   -0.00080945  0.00000000
 -0.00958759  0.00000000   -0.00080945  0.00000000    0.03599179  0.00000000

     Dynamical  Matrix in cartesian axes

     q = (    0.500000000  -0.625000000   0.125000000 ) 

    1    1
  0.06283272  0.00000000   -0.04497799  0.00000000   -0.00958759  0.00000000
 -0.04497799  0.00000000    0.05913950  0.00000000    0.00080945  0.00000000
 -0.00958759  0.00000000    0.00080945  0.00000000    0.03599179  0.00000000

     Dynamical  Matrix in cartesian axes

     q = (   -0.500000000   0.625000000   0.125000000 ) 

    1    1
  0.06283272  0.00000000   -0.04497799  0.00000000    0.00958759  0.00000000
 -0.04497799  0.00000000    0.05913950  0.00000000   -0.00080945  0.00000000
  0.00958759  0.00000000   -0.00080945  0.00000000    0.03599179  0.00000000

     Dynamical  Matrix in cartesian axes

     q = (    0.500000000   0.625000000  -0.125000000 ) 

    1    1
  0.06283272  0.00000000    0.04497799  0.00000000    0.00958759  0.00000000
  0.04497799  0.00000000    0.05913950  0.00000000    0.00080945  0.00000000
  0.00958759  0.00000000    0.00080945  0.00000000    0.03599179  0.00000000

     Dynamical  Matrix in cartesian axes

     q = (    0.625000000  -0.125000000   0.500000000 ) 

    1    1
  0.05913950  0.00000000    0.00080945  0.00000000    0.04497799  0.00000000
  0.00080945  0.00000000    0.03599179  0.00000000    0.00958759  0.00000000
  0.04497799  0.00000000    0.00958759  0.00000000    0.06283272  0.00000000

     Dynamical  Matrix in cartesian axes

     q = (   -0.625000000   0.500000000   0.125000000 ) 

    1    1
  0.05913950  0.00000000   -0.04497799  0.00000000    0.00080945  0.00000000
 -0.04497799  0.00000000    0.06283272  0.00000000   -0.00958759  0.00000000
  0.00080945  0.00000000   -0.00958759  0.00000000    0.03599179  0.00000000

     Dynamical  Matrix in cartesian axes

     q = (    0.625000000   0.500000000  -0.125000000 ) 

    1    1
  0.05913950  0.00000000    0.04497799  0.00000000    0.00080945  0.00000000
  0.04497799  0.00000000    0.06283272  0.00000000    0.00958759  0.00000000
  0.00080945  0.00000000    0.00958759  0.00000000    0.03599179  0.00000000

     Dynamical  Matrix in cartesian axes

     q = (   -0.625000000  -0.500000000  -0.125000000 ) 

    1    1
  0.05913950  0.00000000    0.04497799  0.00000000   -0.00080945  0.00000000
  0.04497799  0.00000000    0.06283272  0.00000000   -0.00958759  0.00000000
 -0.00080945  0.00000000   -0.00958759  0.00000000    0.03599179  0.00000000

     Dynamical  Matrix in cartesian axes

     q = (    0.625000000  -0.500000000   0.125000000 ) 

    1    1
  0.05913950  0.00000000   -0.04497799  0.00000000   -0.00080945  0.00000000
 -0.04497799  0.00000000    0.06283272  0.00000000    0.00958759  0.00000000
 -0.00080945  0.00000000    0.00958759  0.00000000    0.03599179  0.00000000

     Dynamical  Matrix in cartesian axes

     q = (    0.500000000   0.125000000  -0.625000000 ) 

    1    1
  0.06283272  0.00000000   -0.00958759  0.00000000   -0.04497799  0.00000000
 -0.00958759  0.00000000    0.03599179  0.00000000    0.00080945  0.00000000
 -0.04497799  0.00000000    0.00080945  0.00000000    0.05913950  0.00000000

     Dynamical  Matrix in cartesian axes

     q = (    0.500000000  -0.125000000   0.625000000 ) 

    1    1
  0.06283272  0.00000000    0.00958759  0.00000000    0.04497799  0.00000000
  0.00958759  0.00000000    0.03599179  0.00000000    0.00080945  0.00000000
  0.04497799  0.00000000    0.00080945  0.00000000    0.05913950  0.00000000

     Dynamical  Matrix in cartesian axes

     q = (   -0.500000000  -0.125000000  -0.625000000 ) 

    1    1
  0.06283272  0.00000000   -0.00958759  0.00000000    0.04497799  0.00000000
 -0.00958759  0.00000000    0.03599179  0.00000000   -0.00080945  0.00000000
  0.04497799  0.00000000   -0.00080945  0.00000000    0.05913950  0.00000000

     Dynamical  Matrix in cartesian axes

     q = (   -0.500000000   0.125000000   0.625000000 ) 

    1    1
  0.06283272  0.00000000    0.00958759  0.00000000   -0.04497799  0.00000000
  0.00958759  0.00000000    0.03599179  0.00000000   -0.00080945  0.00000000
 -0.04497799  0.00000000   -0.00080945  0.00000000    0.05913950  0.00000000

     Diagonalizing the dynamical matrix

     q = (   -0.125000000   0.625000000  -0.500000000 ) 

 **************************************************************************
     freq (    1) =       2.711699 [THz] =      90.452529 [cm-1]
 (  0.275208 -0.000000  0.677887 -0.000000  0.681711  0.000000 ) 
     freq (    2) =       4.367551 [THz] =     145.685821 [cm-1]
 (  0.955565  0.000000 -0.270780  0.000000 -0.116503  0.000000 ) 
     freq (    3) =       7.427086 [THz] =     247.740923 [cm-1]
 ( -0.105618  0.000000 -0.683482  0.000000  0.722287  0.000000 ) 
 **************************************************************************
