Dynamical matrix file
                                                                           
  1    1  3  7.4108965  0.0000000  0.0000000  0.0000000  0.0000000  0.0000000
           1  'Na  '    20954.103126620943     
    1    1      0.0000000000      0.0000000000      0.0000000000

     Dynamical  Matrix in cartesian axes

     q = (   -0.125000000  -0.250000000   0.375000000 ) 

    1    1
  0.01737364  0.00000000    0.00158773  0.00000000   -0.00544554  0.00000000
  0.00158773  0.00000000    0.02308736  0.00000000   -0.01656228  0.00000000
 -0.00544554  0.00000000   -0.01656228  0.00000000    0.02474951  0.00000000

     Dynamical  Matrix in cartesian axes

     q = (   -0.250000000  -0.125000000   0.375000000 ) 

    1    1
  0.02308736  0.00000000    0.00158773  0.00000000   -0.01656228  0.00000000
  0.00158773  0.00000000    0.01737364  0.00000000   -0.00544554  0.00000000
 -0.01656228  0.00000000   -0.00544554  0.00000000    0.02474951  0.00000000

     Dynamical  Matrix in cartesian axes

     q = (   -0.125000000  -0.375000000   0.250000000 ) 

    1    1
  0.01737364  0.00000000    0.00544554  0.00000000   -0.00158773  0.00000000
  0.00544554  0.00000000    0.02474951  0.00000000   -0.01656228  0.00000000
 -0.00158773  0.00000000   -0.01656228  0.00000000    0.02308736  0.00000000

     Dynamical  Matrix in cartesian axes

     q = (    0.125000000  -0.375000000   0.250000000 ) 

    1    1
  0.01737364  0.00000000   -0.00544554  0.00000000    0.00158773  0.00000000
 -0.00544554  0.00000000    0.02474951  0.00000000   -0.01656228  0.00000000
  0.00158773  0.00000000   -0.01656228  0.00000000    0.02308736  0.00000000

     Dynamical  Matrix in cartesian axes

     q = (   -0.125000000   0.250000000  -0.375000000 ) 

    1    1
  0.01737364  0.00000000   -0.00158773  0.00000000    0.00544554  0.00000000
 -0.00158773  0.00000000    0.02308736  0.00000000   -0.01656228  0.00000000
  0.00544554  0.00000000   -0.01656228  0.00000000    0.02474951  0.00000000

     Dynamical  Matrix in cartesian axes

     q = (   -0.125000000   0.375000000  -0.250000000 ) 

    1    1
  0.01737364  0.00000000   -0.00544554  0.00000000    0.00158773  0.00000000
 -0.00544554  0.00000000    0.02474951  0.00000000   -0.01656228  0.00000000
  0.00158773  0.00000000   -0.01656228  0.00000000    0.02308736  0.00000000

     Dynamical  Matrix in cartesian axes

     q = (    0.125000000   0.250000000  -0.375000000 ) 

    1    1
  0.01737364  0.00000000    0.00158773  0.00000000   -0.00544554  0.00000000
  0.00158773  0.00000000    0.02308736  0.00000000   -0.01656228  0.00000000
 -0.00544554  0.00000000   -0.01656228  0.00000000    0.02474951  0.00000000

     Dynamical  Matrix in cartesian axes

     q = (    0.125000000   0.375000000  -0.250000000 ) 

    1    1
  0.01737364  0.00000000    0.00544554  0.00000000   -0.00158773  0.00000000
  0.00544554  0.00000000    0.02474951  0.00000000   -0.01656228  0.00000000
 -0.00158773  0.00000000   -0.01656228  0.00000000    0.02308736  0.00000000

     Dynamical  Matrix in cartesian axes

     q = (    0.250000000  -0.375000000  -0.125000000 ) 

    1    1
  0.02308736  0.00000000   -0.01656228  0.00000000   -0.00158773  0.00000000
 -0.01656228  0.00000000    0.02474951  0.00000000    0.00544554  0.00000000
 -0.00158773  0.00000000    0.00544554  0.00000000    0.01737364  0.00000000

     Dynamical  Matrix in cartesian axes

     q = (   -0.375000000   0.125000000  -0.250000000 ) 

    1    1
  0.02474951  0.00000000   -0.00544554  0.00000000    0.01656228  0.00000000
 -0.00544554  0.00000000    0.01737364  0.00000000   -0.00158773  0.00000000
  0.01656228  0.00000000   -0.00158773  0.00000000    0.02308736  0.00000000

     Dynamical  Matrix in cartesian axes

     q = (    0.375000000   0.125000000   0.250000000 ) 

    1    1
  0.02474951  0.00000000    0.00544554  0.00000000    0.01656228  0.00000000
  0.00544554  0.00000000    0.01737364  0.00000000    0.00158773  0.00000000
  0.01656228  0.00000000    0.00158773  0.00000000    0.02308736  0.00000000

     Dynamical  Matrix in cartesian axes

     q = (    0.250000000   0.125000000   0.375000000 ) 

    1    1
  0.02308736  0.00000000    0.00158773  0.00000000    0.01656228  0.00000000
  0.00158773  0.00000000    0.01737364  0.00000000    0.00544554  0.00000000
  0.01656228  0.00000000    0.00544554  0.00000000    0.02474951  0.00000000

     Dynamical  Matrix in cartesian axes

     q = (   -0.375000000  -0.125000000   0.250000000 ) 

    1    1
  0.02474951  0.00000000    0.00544554  0.00000000   -0.01656228  0.00000000
  0.00544554  0.00000000    0.01737364  0.00000000   -0.00158773  0.00000000
 -0.01656228  0.00000000   -0.00158773  0.00000000    0.02308736  0.00000000

     Dynamical  Matrix in cartesian axes

     q = (    0.375000000  -0.125000000  -0.250000000 ) 

    1    1
  0.02474951  0.00000000   -0.00544554  0.00000000   -0.01656228  0.00000000
 -0.00544554  0.00000000    0.01737364  0.00000000    0.00158773  0.00000000
 -0.01656228  0.00000000    0.00158773  0.00000000    0.02308736  0.00000000

     Dynamical  Matrix in cartesian axes

     q = (    0.125000000  -0.250000000  -0.375000000 ) 

    1    1
  0.01737364  0.00000000   -0.00158773  0.00000000   -0.00544554  0.00000000
 -0.00158773  0.00000000    0.02308736  0.00000000    0.01656228  0.00000000
 -0.00544554  0.00000000    0.01656228  0.00000000    0.02474951  0.00000000

     Dynamical  Matrix in cartesian axes

     q = (    0.250000000  -0.125000000  -0.375000000 ) 

    1    1
  0.02308736  0.00000000   -0.00158773  0.00000000   -0.01656228  0.00000000
 -0.00158773  0.00000000    0.01737364  0.00000000    0.00544554  0.00000000
 -0.01656228  0.00000000    0.00544554  0.00000000    0.02474951  0.00000000

     Dynamical  Matrix in cartesian axes

     q = (   -0.250000000   0.125000000  -0.375000000 ) 

    1    1
  0.02308736  0.00000000   -0.00158773  0.00000000    0.01656228  0.00000000
 -0.00158773  0.00000000    0.01737364  0.00000000   -0.00544554  0.00000000
  0.01656228  0.00000000   -0.00544554  0.00000000    0.02474951  0.00000000

     Dynamical  Matrix in cartesian axes

     q = (   -0.375000000  -0.250000000   0.125000000 ) 

    1    1
  0.02474951  0.00000000    0.01656228  0.00000000   -0.00544554  0.00000000
  0.01656228  0.00000000    0.02308736  0.00000000   -0.00158773  0.00000000
 -0.00544554  0.00000000   -0.00158773  0.00000000    0.01737364  0.00000000

     Dynamical  Matrix in cartesian axes

     q = (   -0.375000000   0.250000000  -0.125000000 ) 

    1    1
  0.02474951  0.00000000   -0.01656228  0.00000000    0.00544554  0.00000000
 -0.01656228  0.00000000    0.02308736  0.00000000   -0.00158773  0.00000000
  0.00544554  0.00000000   -0.00158773  0.00000000    0.01737364  0.00000000

     Dynamical  Matrix in cartesian axes

     q = (    0.375000000   0.250000000   0.125000000 ) 

    1    1
  0.02474951  0.00000000    0.01656228  0.00000000    0.00544554  0.00000000
  0.01656228  0.00000000    0.02308736  0.00000000    0.00158773  0.00000000
  0.00544554  0.00000000    0.00158773  0.00000000    0.01737364  0.00000000

     Dynamical  Matrix in cartesian axes

     q = (    0.250000000  -0.125000000   0.375000000 ) 

    1    1
  0.02308736  0.00000000   -0.00158773  0.00000000    0.01656228  0.00000000
 -0.00158773  0.00000000    0.01737364  0.00000000   -0.00544554  0.00000000
  0.01656228  0.00000000   -0.00544554  0.00000000    0.02474951  0.00000000

     Dynamical  Matrix in cartesian axes

     q = (   -0.250000000   0.375000000  -0.125000000 ) 

    1    1
  0.02308736  0.00000000   -0.01656228  0.00000000    0.00158773  0.00000000
 -0.01656228  0.00000000    0.02474951  0.00000000   -0.00544554  0.00000000
  0.00158773  0.00000000   -0.00544554  0.00000000    0.01737364  0.00000000

     Dynamical  Matrix in cartesian axes

     q = (    0.125000000  -0.375000000  -0.250000000 ) 

    1    1
  0.01737364  0.00000000   -0.00544554  0.00000000   -0.00158773  0.00000000
 -0.00544554  0.00000000    0.02474951  0.00000000    0.01656228  0.00000000
 -0.00158773  0.00000000    0.01656228  0.00000000    0.02308736  0.00000000

     Dynamical  Matrix in cartesian axes

     q = (    0.125000000   0.375000000   0.250000000 ) 

    1    1
  0.01737364  0.00000000    0.00544554  0.00000000    0.00158773  0.00000000
  0.00544554  0.00000000    0.02474951  0.00000000    0.01656228  0.00000000
  0.00158773  0.00000000    0.01656228  0.00000000    0.02308736  0.00000000

     Dynamical  Matrix in cartesian axes

     q = (    0.250000000   0.125000000  -0.375000000 ) 

    1    1
  0.02308736  0.00000000    0.00158773  0.00000000   -0.01656228  0.00000000
  0.00158773  0.00000000    0.01737364  0.00000000   -0.00544554  0.00000000
 -0.01656228  0.00000000   -0.00544554  0.00000000    0.02474951  0.00000000

     Dynamical  Matrix in cartesian axes

     q = (   -0.125000000  -0.250000000  -0.375000000 ) 

    1    1
  0.01737364  0.00000000    0.00158773  0.00000000    0.00544554  0.00000000
  0.00158773  0.00000000    0.02308736  0.00000000    0.01656228  0.00000000
  0.00544554  0.00000000    0.01656228  0.00000000    0.02474951  0.00000000

     Dynamical  Matrix in cartesian axes

     q = (   -0.250000000   0.125000000   0.375000000 ) 

    1    1
  0.02308736  0.00000000   -0.00158773  0.00000000   -0.01656228  0.00000000
 -0.00158773  0.00000000    0.01737364  0.00000000    0.00544554  0.00000000
 -0.01656228  0.00000000    0.00544554  0.00000000    0.02474951  0.00000000

     Dynamical  Matrix in cartesian axes

     q = (   -0.125000000   0.375000000   0.250000000 ) 

    1    1
  0.01737364  0.00000000   -0.00544554  0.00000000   -0.00158773  0.00000000
 -0.00544554  0.00000000    0.02474951  0.00000000    0.01656228  0.00000000
 -0.00158773  0.00000000    0.01656228  0.00000000    0.02308736  0.00000000

     Dynamical  Matrix in cartesian axes

     q = (   -0.125000000   0.250000000   0.375000000 ) 

    1    1
  0.01737364  0.00000000   -0.00158773  0.00000000   -0.00544554  0.00000000
 -0.00158773  0.00000000    0.02308736  0.00000000    0.01656228  0.00000000
 -0.00544554  0.00000000    0.01656228  0.00000000    0.02474951  0.00000000

     Dynamical  Matrix in cartesian axes

     q = (    0.125000000  -0.250000000   0.375000000 ) 

    1    1
  0.01737364  0.00000000   -0.00158773  0.00000000    0.00544554  0.00000000
 -0.00158773  0.00000000    0.02308736  0.00000000   -0.01656228  0.00000000
  0.00544554  0.00000000   -0.01656228  0.00000000    0.02474951  0.00000000

     Dynamical  Matrix in cartesian axes

     q = (   -0.125000000  -0.375000000  -0.250000000 ) 

    1    1
  0.01737364  0.00000000    0.00544554  0.00000000    0.00158773  0.00000000
  0.00544554  0.00000000    0.02474951  0.00000000    0.01656228  0.00000000
  0.00158773  0.00000000    0.01656228  0.00000000    0.02308736  0.00000000

     Dynamical  Matrix in cartesian axes

     q = (    0.125000000   0.250000000   0.375000000 ) 

    1    1
  0.01737364  0.00000000    0.00158773  0.00000000    0.00544554  0.00000000
  0.00158773  0.00000000    0.02308736  0.00000000    0.01656228  0.00000000
  0.00544554  0.00000000    0.01656228  0.00000000    0.02474951  0.00000000

     Dynamical  Matrix in cartesian axes

     q = (    0.375000000  -0.250000000  -0.125000000 ) 

    1    1
  0.02474951  0.00000000   -0.01656228  0.00000000   -0.00544554  0.00000000
 -0.01656228  0.00000000    0.02308736  0.00000000    0.00158773  0.00000000
 -0.00544554  0.00000000    0.00158773  0.00000000    0.01737364  0.00000000

     Dynamical  Matrix in cartesian axes

     q = (    0.250000000   0.375000000   0.125000000 ) 

    1    1
  0.02308736  0.00000000    0.01656228  0.00000000    0.00158773  0.00000000
  0.01656228  0.00000000    0.02474951  0.00000000    0.00544554  0.00000000
  0.00158773  0.00000000    0.00544554  0.00000000    0.01737364  0.00000000

     Dynamical  Matrix in cartesian axes

     q = (   -0.250000000  -0.375000000   0.125000000 ) 

    1    1
  0.02308736  0.00000000    0.01656228  0.00000000   -0.00158773  0.00000000
  0.01656228  0.00000000    0.02474951  0.00000000   -0.00544554  0.00000000
 -0.00158773  0.00000000   -0.00544554  0.00000000    0.01737364  0.00000000

     Dynamical  Matrix in cartesian axes

     q = (    0.375000000   0.250000000  -0.125000000 ) 

    1    1
  0.02474951  0.00000000    0.01656228  0.00000000   -0.00544554  0.00000000
  0.01656228  0.00000000    0.02308736  0.00000000   -0.00158773  0.00000000
 -0.00544554  0.00000000   -0.00158773  0.00000000    0.01737364  0.00000000

     Dynamical  Matrix in cartesian axes

     q = (   -0.375000000   0.250000000   0.125000000 ) 

    1    1
  0.02474951  0.00000000   -0.01656228  0.00000000   -0.00544554  0.00000000
 -0.01656228  0.00000000    0.02308736  0.00000000    0.00158773  0.00000000
 -0.00544554  0.00000000    0.00158773  0.00000000    0.01737364  0.00000000

     Dynamical  Matrix in cartesian axes

     q = (    0.375000000  -0.250000000   0.125000000 ) 

    1    1
  0.02474951  0.00000000   -0.01656228  0.00000000    0.00544554  0.00000000
 -0.01656228  0.00000000    0.02308736  0.00000000   -0.00158773  0.00000000
  0.00544554  0.00000000   -0.00158773  0.00000000    0.01737364  0.00000000

     Dynamical  Matrix in cartesian axes

     q = (   -0.375000000  -0.250000000  -0.125000000 ) 

    1    1
  0.02474951  0.00000000    0.01656228  0.00000000    0.00544554  0.00000000
  0.01656228  0.00000000    0.02308736  0.00000000    0.00158773  0.00000000
  0.00544554  0.00000000    0.00158773  0.00000000    0.01737364  0.00000000

     Dynamical  Matrix in cartesian axes

     q = (   -0.250000000  -0.125000000  -0.375000000 ) 

    1    1
  0.02308736  0.00000000    0.00158773  0.00000000    0.01656228  0.00000000
  0.00158773  0.00000000    0.01737364  0.00000000    0.00544554  0.00000000
  0.01656228  0.00000000    0.00544554  0.00000000    0.02474951  0.00000000

     Dynamical  Matrix in cartesian axes

     q = (    0.250000000  -0.375000000   0.125000000 ) 

    1    1
  0.02308736  0.00000000   -0.01656228  0.00000000    0.00158773  0.00000000
 -0.01656228  0.00000000    0.02474951  0.00000000   -0.00544554  0.00000000
  0.00158773  0.00000000   -0.00544554  0.00000000    0.01737364  0.00000000

     Dynamical  Matrix in cartesian axes

     q = (   -0.250000000  -0.375000000  -0.125000000 ) 

    1    1
  0.02308736  0.00000000    0.01656228  0.00000000    0.00158773  0.00000000
  0.01656228  0.00000000    0.02474951  0.00000000    0.00544554  0.00000000
  0.00158773  0.00000000    0.00544554  0.00000000    0.01737364  0.00000000

     Dynamical  Matrix in cartesian axes

     q = (    0.250000000   0.375000000  -0.125000000 ) 

    1    1
  0.02308736  0.00000000    0.01656228  0.00000000   -0.00158773  0.00000000
  0.01656228  0.00000000    0.02474951  0.00000000   -0.00544554  0.00000000
 -0.00158773  0.00000000   -0.00544554  0.00000000    0.01737364  0.00000000

     Dynamical  Matrix in cartesian axes

     q = (   -0.250000000   0.375000000   0.125000000 ) 

    1    1
  0.02308736  0.00000000   -0.01656228  0.00000000   -0.00158773  0.00000000
 -0.01656228  0.00000000    0.02474951  0.00000000    0.00544554  0.00000000
 -0.00158773  0.00000000    0.00544554  0.00000000    0.01737364  0.00000000

     Dynamical  Matrix in cartesian axes

     q = (   -0.375000000   0.125000000   0.250000000 ) 

    1    1
  0.02474951  0.00000000   -0.00544554  0.00000000   -0.01656228  0.00000000
 -0.00544554  0.00000000    0.01737364  0.00000000    0.00158773  0.00000000
 -0.01656228  0.00000000    0.00158773  0.00000000    0.02308736  0.00000000

     Dynamical  Matrix in cartesian axes

     q = (   -0.375000000  -0.125000000  -0.250000000 ) 

    1    1
  0.02474951  0.00000000    0.00544554  0.00000000    0.01656228  0.00000000
  0.00544554  0.00000000    0.01737364  0.00000000    0.00158773  0.00000000
  0.01656228  0.00000000    0.00158773  0.00000000    0.02308736  0.00000000

     Dynamical  Matrix in cartesian axes

     q = (    0.375000000  -0.125000000   0.250000000 ) 

    1    1
  0.02474951  0.00000000   -0.00544554  0.00000000    0.01656228  0.00000000
 -0.00544554  0.00000000    0.01737364  0.00000000   -0.00158773  0.00000000
  0.01656228  0.00000000   -0.00158773  0.00000000    0.02308736  0.00000000

     Dynamical  Matrix in cartesian axes

     q = (    0.375000000   0.125000000  -0.250000000 ) 

    1    1
  0.02474951  0.00000000    0.00544554  0.00000000   -0.01656228  0.00000000
  0.00544554  0.00000000    0.01737364  0.00000000   -0.00158773  0.00000000
 -0.01656228  0.00000000   -0.00158773  0.00000000    0.02308736  0.00000000

     Diagonalizing the dynamical matrix

     q = (   -0.125000000  -0.250000000   0.375000000 ) 

 **************************************************************************
     freq (    1) =       1.854140 [THz] =      61.847455 [cm-1]
 (  0.252445 -0.000000  0.674703 -0.000000  0.693576  0.000000 ) 
     freq (    2) =       2.962719 [THz] =      98.825667 [cm-1]
 (  0.945519  0.000000 -0.324303  0.000000 -0.028668  0.000000 ) 
     freq (    3) =       4.633197 [THz] =     154.546826 [cm-1]
 ( -0.205586  0.000000 -0.663026  0.000000  0.719813  0.000000 ) 
 **************************************************************************
