Dynamical matrix file
                                                                           
  1    1  3  6.8760748  0.0000000  0.0000000  0.0000000  0.0000000  0.0000000
           1  'Na  '    20954.103126620943     
    1    1      0.0000000000      0.0000000000      0.0000000000

     Dynamical  Matrix in cartesian axes

     q = (   -0.125000000  -0.250000000   0.375000000 ) 

    1    1
  0.02403153  0.00000000    0.00455135  0.00000000   -0.01008353  0.00000000
  0.00455135  0.00000000    0.03379542  0.00000000   -0.02363804  0.00000000
 -0.01008353  0.00000000   -0.02363804  0.00000000    0.03854002  0.00000000

     Dynamical  Matrix in cartesian axes

     q = (   -0.250000000  -0.125000000   0.375000000 ) 

    1    1
  0.03379542  0.00000000    0.00455135  0.00000000   -0.02363804  0.00000000
  0.00455135  0.00000000    0.02403153  0.00000000   -0.01008353  0.00000000
 -0.02363804  0.00000000   -0.01008353  0.00000000    0.03854002  0.00000000

     Dynamical  Matrix in cartesian axes

     q = (   -0.125000000  -0.375000000   0.250000000 ) 

    1    1
  0.02403153  0.00000000    0.01008353  0.00000000   -0.00455135  0.00000000
  0.01008353  0.00000000    0.03854002  0.00000000   -0.02363804  0.00000000
 -0.00455135  0.00000000   -0.02363804  0.00000000    0.03379542  0.00000000

     Dynamical  Matrix in cartesian axes

     q = (    0.125000000  -0.375000000   0.250000000 ) 

    1    1
  0.02403153  0.00000000   -0.01008353  0.00000000    0.00455135  0.00000000
 -0.01008353  0.00000000    0.03854002  0.00000000   -0.02363804  0.00000000
  0.00455135  0.00000000   -0.02363804  0.00000000    0.03379542  0.00000000

     Dynamical  Matrix in cartesian axes

     q = (   -0.125000000   0.250000000  -0.375000000 ) 

    1    1
  0.02403153  0.00000000   -0.00455135  0.00000000    0.01008353  0.00000000
 -0.00455135  0.00000000    0.03379542  0.00000000   -0.02363804  0.00000000
  0.01008353  0.00000000   -0.02363804  0.00000000    0.03854002  0.00000000

     Dynamical  Matrix in cartesian axes

     q = (   -0.125000000   0.375000000  -0.250000000 ) 

    1    1
  0.02403153  0.00000000   -0.01008353  0.00000000    0.00455135  0.00000000
 -0.01008353  0.00000000    0.03854002  0.00000000   -0.02363804  0.00000000
  0.00455135  0.00000000   -0.02363804  0.00000000    0.03379542  0.00000000

     Dynamical  Matrix in cartesian axes

     q = (    0.125000000   0.250000000  -0.375000000 ) 

    1    1
  0.02403153  0.00000000    0.00455135  0.00000000   -0.01008353  0.00000000
  0.00455135  0.00000000    0.03379542  0.00000000   -0.02363804  0.00000000
 -0.01008353  0.00000000   -0.02363804  0.00000000    0.03854002  0.00000000

     Dynamical  Matrix in cartesian axes

     q = (    0.125000000   0.375000000  -0.250000000 ) 

    1    1
  0.02403153  0.00000000    0.01008353  0.00000000   -0.00455135  0.00000000
  0.01008353  0.00000000    0.03854002  0.00000000   -0.02363804  0.00000000
 -0.00455135  0.00000000   -0.02363804  0.00000000    0.03379542  0.00000000

     Dynamical  Matrix in cartesian axes

     q = (    0.250000000  -0.375000000  -0.125000000 ) 

    1    1
  0.03379542  0.00000000   -0.02363804  0.00000000   -0.00455135  0.00000000
 -0.02363804  0.00000000    0.03854002  0.00000000    0.01008353  0.00000000
 -0.00455135  0.00000000    0.01008353  0.00000000    0.02403153  0.00000000

     Dynamical  Matrix in cartesian axes

     q = (   -0.375000000   0.125000000  -0.250000000 ) 

    1    1
  0.03854002  0.00000000   -0.01008353  0.00000000    0.02363804  0.00000000
 -0.01008353  0.00000000    0.02403153  0.00000000   -0.00455135  0.00000000
  0.02363804  0.00000000   -0.00455135  0.00000000    0.03379542  0.00000000

     Dynamical  Matrix in cartesian axes

     q = (    0.375000000   0.125000000   0.250000000 ) 

    1    1
  0.03854002  0.00000000    0.01008353  0.00000000    0.02363804  0.00000000
  0.01008353  0.00000000    0.02403153  0.00000000    0.00455135  0.00000000
  0.02363804  0.00000000    0.00455135  0.00000000    0.03379542  0.00000000

     Dynamical  Matrix in cartesian axes

     q = (    0.250000000   0.125000000   0.375000000 ) 

    1    1
  0.03379542  0.00000000    0.00455135  0.00000000    0.02363804  0.00000000
  0.00455135  0.00000000    0.02403153  0.00000000    0.01008353  0.00000000
  0.02363804  0.00000000    0.01008353  0.00000000    0.03854002  0.00000000

     Dynamical  Matrix in cartesian axes

     q = (   -0.375000000  -0.125000000   0.250000000 ) 

    1    1
  0.03854002  0.00000000    0.01008353  0.00000000   -0.02363804  0.00000000
  0.01008353  0.00000000    0.02403153  0.00000000   -0.00455135  0.00000000
 -0.02363804  0.00000000   -0.00455135  0.00000000    0.03379542  0.00000000

     Dynamical  Matrix in cartesian axes

     q = (    0.375000000  -0.125000000  -0.250000000 ) 

    1    1
  0.03854002  0.00000000   -0.01008353  0.00000000   -0.02363804  0.00000000
 -0.01008353  0.00000000    0.02403153  0.00000000    0.00455135  0.00000000
 -0.02363804  0.00000000    0.00455135  0.00000000    0.03379542  0.00000000

     Dynamical  Matrix in cartesian axes

     q = (    0.125000000  -0.250000000  -0.375000000 ) 

    1    1
  0.02403153  0.00000000   -0.00455135  0.00000000   -0.01008353  0.00000000
 -0.00455135  0.00000000    0.03379542  0.00000000    0.02363804  0.00000000
 -0.01008353  0.00000000    0.02363804  0.00000000    0.03854002  0.00000000

     Dynamical  Matrix in cartesian axes

     q = (    0.250000000  -0.125000000  -0.375000000 ) 

    1    1
  0.03379542  0.00000000   -0.00455135  0.00000000   -0.02363804  0.00000000
 -0.00455135  0.00000000    0.02403153  0.00000000    0.01008353  0.00000000
 -0.02363804  0.00000000    0.01008353  0.00000000    0.03854002  0.00000000

     Dynamical  Matrix in cartesian axes

     q = (   -0.250000000   0.125000000  -0.375000000 ) 

    1    1
  0.03379542  0.00000000   -0.00455135  0.00000000    0.02363804  0.00000000
 -0.00455135  0.00000000    0.02403153  0.00000000   -0.01008353  0.00000000
  0.02363804  0.00000000   -0.01008353  0.00000000    0.03854002  0.00000000

     Dynamical  Matrix in cartesian axes

     q = (   -0.375000000  -0.250000000   0.125000000 ) 

    1    1
  0.03854002  0.00000000    0.02363804  0.00000000   -0.01008353  0.00000000
  0.02363804  0.00000000    0.03379542  0.00000000   -0.00455135  0.00000000
 -0.01008353  0.00000000   -0.00455135  0.00000000    0.02403153  0.00000000

     Dynamical  Matrix in cartesian axes

     q = (   -0.375000000   0.250000000  -0.125000000 ) 

    1    1
  0.03854002  0.00000000   -0.02363804  0.00000000    0.01008353  0.00000000
 -0.02363804  0.00000000    0.03379542  0.00000000   -0.00455135  0.00000000
  0.01008353  0.00000000   -0.00455135  0.00000000    0.02403153  0.00000000

     Dynamical  Matrix in cartesian axes

     q = (    0.375000000   0.250000000   0.125000000 ) 

    1    1
  0.03854002  0.00000000    0.02363804  0.00000000    0.01008353  0.00000000
  0.02363804  0.00000000    0.03379542  0.00000000    0.00455135  0.00000000
  0.01008353  0.00000000    0.00455135  0.00000000    0.02403153  0.00000000

     Dynamical  Matrix in cartesian axes

     q = (    0.250000000  -0.125000000   0.375000000 ) 

    1    1
  0.03379542  0.00000000   -0.00455135  0.00000000    0.02363804  0.00000000
 -0.00455135  0.00000000    0.02403153  0.00000000   -0.01008353  0.00000000
  0.02363804  0.00000000   -0.01008353  0.00000000    0.03854002  0.00000000

     Dynamical  Matrix in cartesian axes

     q = (   -0.250000000   0.375000000  -0.125000000 ) 

    1    1
  0.03379542  0.00000000   -0.02363804  0.00000000    0.00455135  0.00000000
 -0.02363804  0.00000000    0.03854002  0.00000000   -0.01008353  0.00000000
  0.00455135  0.00000000   -0.01008353  0.00000000    0.02403153  0.00000000

     Dynamical  Matrix in cartesian axes

     q = (    0.125000000  -0.375000000  -0.250000000 ) 

    1    1
  0.02403153  0.00000000   -0.01008353  0.00000000   -0.00455135  0.00000000
 -0.01008353  0.00000000    0.03854002  0.00000000    0.02363804  0.00000000
 -0.00455135  0.00000000    0.02363804  0.00000000    0.03379542  0.00000000

     Dynamical  Matrix in cartesian axes

     q = (    0.125000000   0.375000000   0.250000000 ) 

    1    1
  0.02403153  0.00000000    0.01008353  0.00000000    0.00455135  0.00000000
  0.01008353  0.00000000    0.03854002  0.00000000    0.02363804  0.00000000
  0.00455135  0.00000000    0.02363804  0.00000000    0.03379542  0.00000000

     Dynamical  Matrix in cartesian axes

     q = (    0.250000000   0.125000000  -0.375000000 ) 

    1    1
  0.03379542  0.00000000    0.00455135  0.00000000   -0.02363804  0.00000000
  0.00455135  0.00000000    0.02403153  0.00000000   -0.01008353  0.00000000
 -0.02363804  0.00000000   -0.01008353  0.00000000    0.03854002  0.00000000

     Dynamical  Matrix in cartesian axes

     q = (   -0.125000000  -0.250000000  -0.375000000 ) 

    1    1
  0.02403153  0.00000000    0.00455135  0.00000000    0.01008353  0.00000000
  0.00455135  0.00000000    0.03379542  0.00000000    0.02363804  0.00000000
  0.01008353  0.00000000    0.02363804  0.00000000    0.03854002  0.00000000

     Dynamical  Matrix in cartesian axes

     q = (   -0.250000000   0.125000000   0.375000000 ) 

    1    1
  0.03379542  0.00000000   -0.00455135  0.00000000   -0.02363804  0.00000000
 -0.00455135  0.00000000    0.02403153  0.00000000    0.01008353  0.00000000
 -0.02363804  0.00000000    0.01008353  0.00000000    0.03854002  0.00000000

     Dynamical  Matrix in cartesian axes

     q = (   -0.125000000   0.375000000   0.250000000 ) 

    1    1
  0.02403153  0.00000000   -0.01008353  0.00000000   -0.00455135  0.00000000
 -0.01008353  0.00000000    0.03854002  0.00000000    0.02363804  0.00000000
 -0.00455135  0.00000000    0.02363804  0.00000000    0.03379542  0.00000000

     Dynamical  Matrix in cartesian axes

     q = (   -0.125000000   0.250000000   0.375000000 ) 

    1    1
  0.02403153  0.00000000   -0.00455135  0.00000000   -0.01008353  0.00000000
 -0.00455135  0.00000000    0.03379542  0.00000000    0.02363804  0.00000000
 -0.01008353  0.00000000    0.02363804  0.00000000    0.03854002  0.00000000

     Dynamical  Matrix in cartesian axes

     q = (    0.125000000  -0.250000000   0.375000000 ) 

    1    1
  0.02403153  0.00000000   -0.00455135  0.00000000    0.01008353  0.00000000
 -0.00455135  0.00000000    0.03379542  0.00000000   -0.02363804  0.00000000
  0.01008353  0.00000000   -0.02363804  0.00000000    0.03854002  0.00000000

     Dynamical  Matrix in cartesian axes

     q = (   -0.125000000  -0.375000000  -0.250000000 ) 

    1    1
  0.02403153  0.00000000    0.01008353  0.00000000    0.00455135  0.00000000
  0.01008353  0.00000000    0.03854002  0.00000000    0.02363804  0.00000000
  0.00455135  0.00000000    0.02363804  0.00000000    0.03379542  0.00000000

     Dynamical  Matrix in cartesian axes

     q = (    0.125000000   0.250000000   0.375000000 ) 

    1    1
  0.02403153  0.00000000    0.00455135  0.00000000    0.01008353  0.00000000
  0.00455135  0.00000000    0.03379542  0.00000000    0.02363804  0.00000000
  0.01008353  0.00000000    0.02363804  0.00000000    0.03854002  0.00000000

     Dynamical  Matrix in cartesian axes

     q = (    0.375000000  -0.250000000  -0.125000000 ) 

    1    1
  0.03854002  0.00000000   -0.02363804  0.00000000   -0.01008353  0.00000000
 -0.02363804  0.00000000    0.03379542  0.00000000    0.00455135  0.00000000
 -0.01008353  0.00000000    0.00455135  0.00000000    0.02403153  0.00000000

     Dynamical  Matrix in cartesian axes

     q = (    0.250000000   0.375000000   0.125000000 ) 

    1    1
  0.03379542  0.00000000    0.02363804  0.00000000    0.00455135  0.00000000
  0.02363804  0.00000000    0.03854002  0.00000000    0.01008353  0.00000000
  0.00455135  0.00000000    0.01008353  0.00000000    0.02403153  0.00000000

     Dynamical  Matrix in cartesian axes

     q = (   -0.250000000  -0.375000000   0.125000000 ) 

    1    1
  0.03379542  0.00000000    0.02363804  0.00000000   -0.00455135  0.00000000
  0.02363804  0.00000000    0.03854002  0.00000000   -0.01008353  0.00000000
 -0.00455135  0.00000000   -0.01008353  0.00000000    0.02403153  0.00000000

     Dynamical  Matrix in cartesian axes

     q = (    0.375000000   0.250000000  -0.125000000 ) 

    1    1
  0.03854002  0.00000000    0.02363804  0.00000000   -0.01008353  0.00000000
  0.02363804  0.00000000    0.03379542  0.00000000   -0.00455135  0.00000000
 -0.01008353  0.00000000   -0.00455135  0.00000000    0.02403153  0.00000000

     Dynamical  Matrix in cartesian axes

     q = (   -0.375000000   0.250000000   0.125000000 ) 

    1    1
  0.03854002  0.00000000   -0.02363804  0.00000000   -0.01008353  0.00000000
 -0.02363804  0.00000000    0.03379542  0.00000000    0.00455135  0.00000000
 -0.01008353  0.00000000    0.00455135  0.00000000    0.02403153  0.00000000

     Dynamical  Matrix in cartesian axes

     q = (    0.375000000  -0.250000000   0.125000000 ) 

    1    1
  0.03854002  0.00000000   -0.02363804  0.00000000    0.01008353  0.00000000
 -0.02363804  0.00000000    0.03379542  0.00000000   -0.00455135  0.00000000
  0.01008353  0.00000000   -0.00455135  0.00000000    0.02403153  0.00000000

     Dynamical  Matrix in cartesian axes

     q = (   -0.375000000  -0.250000000  -0.125000000 ) 

    1    1
  0.03854002  0.00000000    0.02363804  0.00000000    0.01008353  0.00000000
  0.02363804  0.00000000    0.03379542  0.00000000    0.00455135  0.00000000
  0.01008353  0.00000000    0.00455135  0.00000000    0.02403153  0.00000000

     Dynamical  Matrix in cartesian axes

     q = (   -0.250000000  -0.125000000  -0.375000000 ) 

    1    1
  0.03379542  0.00000000    0.00455135  0.00000000    0.02363804  0.00000000
  0.00455135  0.00000000    0.02403153  0.00000000    0.01008353  0.00000000
  0.02363804  0.00000000    0.01008353  0.00000000    0.03854002  0.00000000

     Dynamical  Matrix in cartesian axes

     q = (    0.250000000  -0.375000000   0.125000000 ) 

    1    1
  0.03379542  0.00000000   -0.02363804  0.00000000    0.00455135  0.00000000
 -0.02363804  0.00000000    0.03854002  0.00000000   -0.01008353  0.00000000
  0.00455135  0.00000000   -0.01008353  0.00000000    0.02403153  0.00000000

     Dynamical  Matrix in cartesian axes

     q = (   -0.250000000  -0.375000000  -0.125000000 ) 

    1    1
  0.03379542  0.00000000    0.02363804  0.00000000    0.00455135  0.00000000
  0.02363804  0.00000000    0.03854002  0.00000000    0.01008353  0.00000000
  0.00455135  0.00000000    0.01008353  0.00000000    0.02403153  0.00000000

     Dynamical  Matrix in cartesian axes

     q = (    0.250000000   0.375000000  -0.125000000 ) 

    1    1
  0.03379542  0.00000000    0.02363804  0.00000000   -0.00455135  0.00000000
  0.02363804  0.00000000    0.03854002  0.00000000   -0.01008353  0.00000000
 -0.00455135  0.00000000   -0.01008353  0.00000000    0.02403153  0.00000000

     Dynamical  Matrix in cartesian axes

     q = (   -0.250000000   0.375000000   0.125000000 ) 

    1    1
  0.03379542  0.00000000   -0.02363804  0.00000000   -0.00455135  0.00000000
 -0.02363804  0.00000000    0.03854002  0.00000000    0.01008353  0.00000000
 -0.00455135  0.00000000    0.01008353  0.00000000    0.02403153  0.00000000

     Dynamical  Matrix in cartesian axes

     q = (   -0.375000000   0.125000000   0.250000000 ) 

    1    1
  0.03854002  0.00000000   -0.01008353  0.00000000   -0.02363804  0.00000000
 -0.01008353  0.00000000    0.02403153  0.00000000    0.00455135  0.00000000
 -0.02363804  0.00000000    0.00455135  0.00000000    0.03379542  0.00000000

     Dynamical  Matrix in cartesian axes

     q = (   -0.375000000  -0.125000000  -0.250000000 ) 

    1    1
  0.03854002  0.00000000    0.01008353  0.00000000    0.02363804  0.00000000
  0.01008353  0.00000000    0.02403153  0.00000000    0.00455135  0.00000000
  0.02363804  0.00000000    0.00455135  0.00000000    0.03379542  0.00000000

     Dynamical  Matrix in cartesian axes

     q = (    0.375000000  -0.125000000   0.250000000 ) 

    1    1
  0.03854002  0.00000000   -0.01008353  0.00000000    0.02363804  0.00000000
 -0.01008353  0.00000000    0.02403153  0.00000000   -0.00455135  0.00000000
  0.02363804  0.00000000   -0.00455135  0.00000000    0.03379542  0.00000000

     Dynamical  Matrix in cartesian axes

     q = (    0.375000000   0.125000000  -0.250000000 ) 

    1    1
  0.03854002  0.00000000    0.01008353  0.00000000   -0.02363804  0.00000000
  0.01008353  0.00000000    0.02403153  0.00000000   -0.00455135  0.00000000
 -0.02363804  0.00000000   -0.00455135  0.00000000    0.03379542  0.00000000

     Diagonalizing the dynamical matrix

     q = (   -0.125000000  -0.250000000   0.375000000 ) 

 **************************************************************************
     freq (    1) =       2.417015 [THz] =      80.622940 [cm-1]
 (  0.308123 -0.000000  0.658974 -0.000000  0.686158  0.000000 ) 
     freq (    2) =       3.390399 [THz] =     113.091541 [cm-1]
 (  0.914118  0.000000 -0.404868  0.000000 -0.021661  0.000000 ) 
     freq (    3) =       5.695436 [THz] =     189.979306 [cm-1]
 ( -0.263530  0.000000 -0.633904  0.000000  0.727130  0.000000 ) 
 **************************************************************************
