Dynamical matrix file
                                                                           
  1    1  3  6.8760748  0.0000000  0.0000000  0.0000000  0.0000000  0.0000000
           1  'Na  '    20954.103126620943     
    1    1      0.0000000000      0.0000000000      0.0000000000

     Dynamical  Matrix in cartesian axes

     q = (   -0.125000000   0.625000000  -0.500000000 ) 

    1    1
  0.03252253  0.00000000    0.00086726  0.00000000   -0.00824181  0.00000000
  0.00086726  0.00000000    0.05017926  0.00000000   -0.03701757  0.00000000
 -0.00824181  0.00000000   -0.03701757  0.00000000    0.05282988  0.00000000

     Dynamical  Matrix in cartesian axes

     q = (    0.625000000  -0.125000000  -0.500000000 ) 

    1    1
  0.05017926  0.00000000    0.00086726  0.00000000   -0.03701757  0.00000000
  0.00086726  0.00000000    0.03252253  0.00000000   -0.00824181  0.00000000
 -0.03701757  0.00000000   -0.00824181  0.00000000    0.05282988  0.00000000

     Dynamical  Matrix in cartesian axes

     q = (   -0.125000000   0.500000000  -0.625000000 ) 

    1    1
  0.03252253  0.00000000    0.00824181  0.00000000   -0.00086726  0.00000000
  0.00824181  0.00000000    0.05282988  0.00000000   -0.03701757  0.00000000
 -0.00086726  0.00000000   -0.03701757  0.00000000    0.05017926  0.00000000

     Dynamical  Matrix in cartesian axes

     q = (    0.125000000   0.500000000  -0.625000000 ) 

    1    1
  0.03252253  0.00000000   -0.00824181  0.00000000    0.00086726  0.00000000
 -0.00824181  0.00000000    0.05282988  0.00000000   -0.03701757  0.00000000
  0.00086726  0.00000000   -0.03701757  0.00000000    0.05017926  0.00000000

     Dynamical  Matrix in cartesian axes

     q = (   -0.125000000  -0.625000000   0.500000000 ) 

    1    1
  0.03252253  0.00000000   -0.00086726  0.00000000    0.00824181  0.00000000
 -0.00086726  0.00000000    0.05017926  0.00000000   -0.03701757  0.00000000
  0.00824181  0.00000000   -0.03701757  0.00000000    0.05282988  0.00000000

     Dynamical  Matrix in cartesian axes

     q = (   -0.125000000  -0.500000000   0.625000000 ) 

    1    1
  0.03252253  0.00000000   -0.00824181  0.00000000    0.00086726  0.00000000
 -0.00824181  0.00000000    0.05282988  0.00000000   -0.03701757  0.00000000
  0.00086726  0.00000000   -0.03701757  0.00000000    0.05017926  0.00000000

     Dynamical  Matrix in cartesian axes

     q = (    0.125000000  -0.625000000   0.500000000 ) 

    1    1
  0.03252253  0.00000000    0.00086726  0.00000000   -0.00824181  0.00000000
  0.00086726  0.00000000    0.05017926  0.00000000   -0.03701757  0.00000000
 -0.00824181  0.00000000   -0.03701757  0.00000000    0.05282988  0.00000000

     Dynamical  Matrix in cartesian axes

     q = (    0.125000000  -0.500000000   0.625000000 ) 

    1    1
  0.03252253  0.00000000    0.00824181  0.00000000   -0.00086726  0.00000000
  0.00824181  0.00000000    0.05282988  0.00000000   -0.03701757  0.00000000
 -0.00086726  0.00000000   -0.03701757  0.00000000    0.05017926  0.00000000

     Dynamical  Matrix in cartesian axes

     q = (   -0.625000000   0.500000000  -0.125000000 ) 

    1    1
  0.05017926  0.00000000   -0.03701757  0.00000000   -0.00086726  0.00000000
 -0.03701757  0.00000000    0.05282988  0.00000000    0.00824181  0.00000000
 -0.00086726  0.00000000    0.00824181  0.00000000    0.03252253  0.00000000

     Dynamical  Matrix in cartesian axes

     q = (    0.500000000   0.125000000   0.625000000 ) 

    1    1
  0.05282988  0.00000000   -0.00824181  0.00000000    0.03701757  0.00000000
 -0.00824181  0.00000000    0.03252253  0.00000000   -0.00086726  0.00000000
  0.03701757  0.00000000   -0.00086726  0.00000000    0.05017926  0.00000000

     Dynamical  Matrix in cartesian axes

     q = (   -0.500000000   0.125000000  -0.625000000 ) 

    1    1
  0.05282988  0.00000000    0.00824181  0.00000000    0.03701757  0.00000000
  0.00824181  0.00000000    0.03252253  0.00000000    0.00086726  0.00000000
  0.03701757  0.00000000    0.00086726  0.00000000    0.05017926  0.00000000

     Dynamical  Matrix in cartesian axes

     q = (   -0.625000000   0.125000000  -0.500000000 ) 

    1    1
  0.05017926  0.00000000    0.00086726  0.00000000    0.03701757  0.00000000
  0.00086726  0.00000000    0.03252253  0.00000000    0.00824181  0.00000000
  0.03701757  0.00000000    0.00824181  0.00000000    0.05282988  0.00000000

     Dynamical  Matrix in cartesian axes

     q = (    0.500000000  -0.125000000  -0.625000000 ) 

    1    1
  0.05282988  0.00000000    0.00824181  0.00000000   -0.03701757  0.00000000
  0.00824181  0.00000000    0.03252253  0.00000000   -0.00086726  0.00000000
 -0.03701757  0.00000000   -0.00086726  0.00000000    0.05017926  0.00000000

     Dynamical  Matrix in cartesian axes

     q = (   -0.500000000  -0.125000000   0.625000000 ) 

    1    1
  0.05282988  0.00000000   -0.00824181  0.00000000   -0.03701757  0.00000000
 -0.00824181  0.00000000    0.03252253  0.00000000    0.00086726  0.00000000
 -0.03701757  0.00000000    0.00086726  0.00000000    0.05017926  0.00000000

     Dynamical  Matrix in cartesian axes

     q = (    0.125000000   0.625000000   0.500000000 ) 

    1    1
  0.03252253  0.00000000   -0.00086726  0.00000000   -0.00824181  0.00000000
 -0.00086726  0.00000000    0.05017926  0.00000000    0.03701757  0.00000000
 -0.00824181  0.00000000    0.03701757  0.00000000    0.05282988  0.00000000

     Dynamical  Matrix in cartesian axes

     q = (   -0.625000000  -0.125000000   0.500000000 ) 

    1    1
  0.05017926  0.00000000   -0.00086726  0.00000000   -0.03701757  0.00000000
 -0.00086726  0.00000000    0.03252253  0.00000000    0.00824181  0.00000000
 -0.03701757  0.00000000    0.00824181  0.00000000    0.05282988  0.00000000

     Dynamical  Matrix in cartesian axes

     q = (    0.625000000   0.125000000   0.500000000 ) 

    1    1
  0.05017926  0.00000000   -0.00086726  0.00000000    0.03701757  0.00000000
 -0.00086726  0.00000000    0.03252253  0.00000000   -0.00824181  0.00000000
  0.03701757  0.00000000   -0.00824181  0.00000000    0.05282988  0.00000000

     Dynamical  Matrix in cartesian axes

     q = (    0.500000000   0.625000000   0.125000000 ) 

    1    1
  0.05282988  0.00000000    0.03701757  0.00000000   -0.00824181  0.00000000
  0.03701757  0.00000000    0.05017926  0.00000000   -0.00086726  0.00000000
 -0.00824181  0.00000000   -0.00086726  0.00000000    0.03252253  0.00000000

     Dynamical  Matrix in cartesian axes

     q = (    0.500000000  -0.625000000  -0.125000000 ) 

    1    1
  0.05282988  0.00000000   -0.03701757  0.00000000    0.00824181  0.00000000
 -0.03701757  0.00000000    0.05017926  0.00000000   -0.00086726  0.00000000
  0.00824181  0.00000000   -0.00086726  0.00000000    0.03252253  0.00000000

     Dynamical  Matrix in cartesian axes

     q = (   -0.500000000  -0.625000000   0.125000000 ) 

    1    1
  0.05282988  0.00000000    0.03701757  0.00000000    0.00824181  0.00000000
  0.03701757  0.00000000    0.05017926  0.00000000    0.00086726  0.00000000
  0.00824181  0.00000000    0.00086726  0.00000000    0.03252253  0.00000000

     Dynamical  Matrix in cartesian axes

     q = (   -0.625000000  -0.125000000  -0.500000000 ) 

    1    1
  0.05017926  0.00000000   -0.00086726  0.00000000    0.03701757  0.00000000
 -0.00086726  0.00000000    0.03252253  0.00000000   -0.00824181  0.00000000
  0.03701757  0.00000000   -0.00824181  0.00000000    0.05282988  0.00000000

     Dynamical  Matrix in cartesian axes

     q = (    0.625000000  -0.500000000  -0.125000000 ) 

    1    1
  0.05017926  0.00000000   -0.03701757  0.00000000    0.00086726  0.00000000
 -0.03701757  0.00000000    0.05282988  0.00000000   -0.00824181  0.00000000
  0.00086726  0.00000000   -0.00824181  0.00000000    0.03252253  0.00000000

     Dynamical  Matrix in cartesian axes

     q = (    0.125000000   0.500000000   0.625000000 ) 

    1    1
  0.03252253  0.00000000   -0.00824181  0.00000000   -0.00086726  0.00000000
 -0.00824181  0.00000000    0.05282988  0.00000000    0.03701757  0.00000000
 -0.00086726  0.00000000    0.03701757  0.00000000    0.05017926  0.00000000

     Dynamical  Matrix in cartesian axes

     q = (    0.125000000  -0.500000000  -0.625000000 ) 

    1    1
  0.03252253  0.00000000    0.00824181  0.00000000    0.00086726  0.00000000
  0.00824181  0.00000000    0.05282988  0.00000000    0.03701757  0.00000000
  0.00086726  0.00000000    0.03701757  0.00000000    0.05017926  0.00000000

     Dynamical  Matrix in cartesian axes

     q = (   -0.625000000   0.125000000   0.500000000 ) 

    1    1
  0.05017926  0.00000000    0.00086726  0.00000000   -0.03701757  0.00000000
  0.00086726  0.00000000    0.03252253  0.00000000   -0.00824181  0.00000000
 -0.03701757  0.00000000   -0.00824181  0.00000000    0.05282988  0.00000000

     Dynamical  Matrix in cartesian axes

     q = (   -0.125000000   0.625000000   0.500000000 ) 

    1    1
  0.03252253  0.00000000    0.00086726  0.00000000    0.00824181  0.00000000
  0.00086726  0.00000000    0.05017926  0.00000000    0.03701757  0.00000000
  0.00824181  0.00000000    0.03701757  0.00000000    0.05282988  0.00000000

     Dynamical  Matrix in cartesian axes

     q = (    0.625000000   0.125000000  -0.500000000 ) 

    1    1
  0.05017926  0.00000000   -0.00086726  0.00000000   -0.03701757  0.00000000
 -0.00086726  0.00000000    0.03252253  0.00000000    0.00824181  0.00000000
 -0.03701757  0.00000000    0.00824181  0.00000000    0.05282988  0.00000000

     Dynamical  Matrix in cartesian axes

     q = (   -0.125000000  -0.500000000  -0.625000000 ) 

    1    1
  0.03252253  0.00000000   -0.00824181  0.00000000   -0.00086726  0.00000000
 -0.00824181  0.00000000    0.05282988  0.00000000    0.03701757  0.00000000
 -0.00086726  0.00000000    0.03701757  0.00000000    0.05017926  0.00000000

     Dynamical  Matrix in cartesian axes

     q = (   -0.125000000  -0.625000000  -0.500000000 ) 

    1    1
  0.03252253  0.00000000   -0.00086726  0.00000000   -0.00824181  0.00000000
 -0.00086726  0.00000000    0.05017926  0.00000000    0.03701757  0.00000000
 -0.00824181  0.00000000    0.03701757  0.00000000    0.05282988  0.00000000

     Dynamical  Matrix in cartesian axes

     q = (    0.125000000   0.625000000  -0.500000000 ) 

    1    1
  0.03252253  0.00000000   -0.00086726  0.00000000    0.00824181  0.00000000
 -0.00086726  0.00000000    0.05017926  0.00000000   -0.03701757  0.00000000
  0.00824181  0.00000000   -0.03701757  0.00000000    0.05282988  0.00000000

     Dynamical  Matrix in cartesian axes

     q = (   -0.125000000   0.500000000   0.625000000 ) 

    1    1
  0.03252253  0.00000000    0.00824181  0.00000000    0.00086726  0.00000000
  0.00824181  0.00000000    0.05282988  0.00000000    0.03701757  0.00000000
  0.00086726  0.00000000    0.03701757  0.00000000    0.05017926  0.00000000

     Dynamical  Matrix in cartesian axes

     q = (    0.125000000  -0.625000000  -0.500000000 ) 

    1    1
  0.03252253  0.00000000    0.00086726  0.00000000    0.00824181  0.00000000
  0.00086726  0.00000000    0.05017926  0.00000000    0.03701757  0.00000000
  0.00824181  0.00000000    0.03701757  0.00000000    0.05282988  0.00000000

     Dynamical  Matrix in cartesian axes

     q = (   -0.500000000   0.625000000  -0.125000000 ) 

    1    1
  0.05282988  0.00000000   -0.03701757  0.00000000   -0.00824181  0.00000000
 -0.03701757  0.00000000    0.05017926  0.00000000    0.00086726  0.00000000
 -0.00824181  0.00000000    0.00086726  0.00000000    0.03252253  0.00000000

     Dynamical  Matrix in cartesian axes

     q = (   -0.625000000  -0.500000000   0.125000000 ) 

    1    1
  0.05017926  0.00000000    0.03701757  0.00000000    0.00086726  0.00000000
  0.03701757  0.00000000    0.05282988  0.00000000    0.00824181  0.00000000
  0.00086726  0.00000000    0.00824181  0.00000000    0.03252253  0.00000000

     Dynamical  Matrix in cartesian axes

     q = (    0.625000000   0.500000000   0.125000000 ) 

    1    1
  0.05017926  0.00000000    0.03701757  0.00000000   -0.00086726  0.00000000
  0.03701757  0.00000000    0.05282988  0.00000000   -0.00824181  0.00000000
 -0.00086726  0.00000000   -0.00824181  0.00000000    0.03252253  0.00000000

     Dynamical  Matrix in cartesian axes

     q = (   -0.500000000  -0.625000000  -0.125000000 ) 

    1    1
  0.05282988  0.00000000    0.03701757  0.00000000   -0.00824181  0.00000000
  0.03701757  0.00000000    0.05017926  0.00000000   -0.00086726  0.00000000
 -0.00824181  0.00000000   -0.00086726  0.00000000    0.03252253  0.00000000

     Dynamical  Matrix in cartesian axes

     q = (    0.500000000  -0.625000000   0.125000000 ) 

    1    1
  0.05282988  0.00000000   -0.03701757  0.00000000   -0.00824181  0.00000000
 -0.03701757  0.00000000    0.05017926  0.00000000    0.00086726  0.00000000
 -0.00824181  0.00000000    0.00086726  0.00000000    0.03252253  0.00000000

     Dynamical  Matrix in cartesian axes

     q = (   -0.500000000   0.625000000   0.125000000 ) 

    1    1
  0.05282988  0.00000000   -0.03701757  0.00000000    0.00824181  0.00000000
 -0.03701757  0.00000000    0.05017926  0.00000000   -0.00086726  0.00000000
  0.00824181  0.00000000   -0.00086726  0.00000000    0.03252253  0.00000000

     Dynamical  Matrix in cartesian axes

     q = (    0.500000000   0.625000000  -0.125000000 ) 

    1    1
  0.05282988  0.00000000    0.03701757  0.00000000    0.00824181  0.00000000
  0.03701757  0.00000000    0.05017926  0.00000000    0.00086726  0.00000000
  0.00824181  0.00000000    0.00086726  0.00000000    0.03252253  0.00000000

     Dynamical  Matrix in cartesian axes

     q = (    0.625000000  -0.125000000   0.500000000 ) 

    1    1
  0.05017926  0.00000000    0.00086726  0.00000000    0.03701757  0.00000000
  0.00086726  0.00000000    0.03252253  0.00000000    0.00824181  0.00000000
  0.03701757  0.00000000    0.00824181  0.00000000    0.05282988  0.00000000

     Dynamical  Matrix in cartesian axes

     q = (   -0.625000000   0.500000000   0.125000000 ) 

    1    1
  0.05017926  0.00000000   -0.03701757  0.00000000    0.00086726  0.00000000
 -0.03701757  0.00000000    0.05282988  0.00000000   -0.00824181  0.00000000
  0.00086726  0.00000000   -0.00824181  0.00000000    0.03252253  0.00000000

     Dynamical  Matrix in cartesian axes

     q = (    0.625000000   0.500000000  -0.125000000 ) 

    1    1
  0.05017926  0.00000000    0.03701757  0.00000000    0.00086726  0.00000000
  0.03701757  0.00000000    0.05282988  0.00000000    0.00824181  0.00000000
  0.00086726  0.00000000    0.00824181  0.00000000    0.03252253  0.00000000

     Dynamical  Matrix in cartesian axes

     q = (   -0.625000000  -0.500000000  -0.125000000 ) 

    1    1
  0.05017926  0.00000000    0.03701757  0.00000000   -0.00086726  0.00000000
  0.03701757  0.00000000    0.05282988  0.00000000   -0.00824181  0.00000000
 -0.00086726  0.00000000   -0.00824181  0.00000000    0.03252253  0.00000000

     Dynamical  Matrix in cartesian axes

     q = (    0.625000000  -0.500000000   0.125000000 ) 

    1    1
  0.05017926  0.00000000   -0.03701757  0.00000000   -0.00086726  0.00000000
 -0.03701757  0.00000000    0.05282988  0.00000000    0.00824181  0.00000000
 -0.00086726  0.00000000    0.00824181  0.00000000    0.03252253  0.00000000

     Dynamical  Matrix in cartesian axes

     q = (    0.500000000   0.125000000  -0.625000000 ) 

    1    1
  0.05282988  0.00000000   -0.00824181  0.00000000   -0.03701757  0.00000000
 -0.00824181  0.00000000    0.03252253  0.00000000    0.00086726  0.00000000
 -0.03701757  0.00000000    0.00086726  0.00000000    0.05017926  0.00000000

     Dynamical  Matrix in cartesian axes

     q = (    0.500000000  -0.125000000   0.625000000 ) 

    1    1
  0.05282988  0.00000000    0.00824181  0.00000000    0.03701757  0.00000000
  0.00824181  0.00000000    0.03252253  0.00000000    0.00086726  0.00000000
  0.03701757  0.00000000    0.00086726  0.00000000    0.05017926  0.00000000

     Dynamical  Matrix in cartesian axes

     q = (   -0.500000000  -0.125000000  -0.625000000 ) 

    1    1
  0.05282988  0.00000000   -0.00824181  0.00000000    0.03701757  0.00000000
 -0.00824181  0.00000000    0.03252253  0.00000000   -0.00086726  0.00000000
  0.03701757  0.00000000   -0.00086726  0.00000000    0.05017926  0.00000000

     Dynamical  Matrix in cartesian axes

     q = (   -0.500000000   0.125000000   0.625000000 ) 

    1    1
  0.05282988  0.00000000    0.00824181  0.00000000   -0.03701757  0.00000000
  0.00824181  0.00000000    0.03252253  0.00000000   -0.00086726  0.00000000
 -0.03701757  0.00000000   -0.00086726  0.00000000    0.05017926  0.00000000

     Diagonalizing the dynamical matrix

     q = (   -0.125000000   0.625000000  -0.500000000 ) 

 **************************************************************************
     freq (    1) =       2.599803 [THz] =      86.720095 [cm-1]
 (  0.260757 -0.000000  0.678883 -0.000000  0.686384  0.000000 ) 
     freq (    2) =       4.137524 [THz] =     138.012961 [cm-1]
 (  0.958530  0.000000 -0.266756  0.000000 -0.100305  0.000000 ) 
     freq (    3) =       6.791593 [THz] =     226.543171 [cm-1]
 ( -0.115001  0.000000 -0.684075  0.000000  0.720289  0.000000 ) 
 **************************************************************************
