Dynamical matrix file
                                                                           
  1    1  3  6.8760748  0.0000000  0.0000000  0.0000000  0.0000000  0.0000000
           1  'Na  '    20954.103126620943     
    1    1      0.0000000000      0.0000000000      0.0000000000

     Dynamical  Matrix in cartesian axes

     q = (   -0.125000000   0.750000000  -0.375000000 ) 

    1    1
  0.04237238  0.00000000   -0.00388686  0.00000000   -0.01404136  0.00000000
 -0.00388686  0.00000000    0.04986176  0.00000000   -0.02734341  0.00000000
 -0.01404136  0.00000000   -0.02734341  0.00000000    0.05759776  0.00000000

     Dynamical  Matrix in cartesian axes

     q = (    0.750000000  -0.125000000  -0.375000000 ) 

    1    1
  0.04986176  0.00000000   -0.00388686  0.00000000   -0.02734341  0.00000000
 -0.00388686  0.00000000    0.04237238  0.00000000   -0.01404136  0.00000000
 -0.02734341  0.00000000   -0.01404136  0.00000000    0.05759776  0.00000000

     Dynamical  Matrix in cartesian axes

     q = (   -0.125000000  -0.375000000   0.750000000 ) 

    1    1
  0.04237238  0.00000000   -0.01404136  0.00000000   -0.00388686  0.00000000
 -0.01404136  0.00000000    0.05759776  0.00000000   -0.02734341  0.00000000
 -0.00388686  0.00000000   -0.02734341  0.00000000    0.04986176  0.00000000

     Dynamical  Matrix in cartesian axes

     q = (    0.125000000  -0.375000000   0.750000000 ) 

    1    1
  0.04237238  0.00000000    0.01404136  0.00000000    0.00388686  0.00000000
  0.01404136  0.00000000    0.05759776  0.00000000   -0.02734341  0.00000000
  0.00388686  0.00000000   -0.02734341  0.00000000    0.04986176  0.00000000

     Dynamical  Matrix in cartesian axes

     q = (    0.750000000   0.125000000  -0.375000000 ) 

    1    1
  0.04986176  0.00000000    0.00388686  0.00000000   -0.02734341  0.00000000
  0.00388686  0.00000000    0.04237238  0.00000000    0.01404136  0.00000000
 -0.02734341  0.00000000    0.01404136  0.00000000    0.05759776  0.00000000

     Dynamical  Matrix in cartesian axes

     q = (   -0.125000000  -0.750000000  -0.375000000 ) 

    1    1
  0.04237238  0.00000000    0.00388686  0.00000000   -0.01404136  0.00000000
  0.00388686  0.00000000    0.04986176  0.00000000    0.02734341  0.00000000
 -0.01404136  0.00000000    0.02734341  0.00000000    0.05759776  0.00000000

     Dynamical  Matrix in cartesian axes

     q = (    0.125000000   0.750000000  -0.375000000 ) 

    1    1
  0.04237238  0.00000000    0.00388686  0.00000000    0.01404136  0.00000000
  0.00388686  0.00000000    0.04986176  0.00000000   -0.02734341  0.00000000
  0.01404136  0.00000000   -0.02734341  0.00000000    0.05759776  0.00000000

     Dynamical  Matrix in cartesian axes

     q = (    0.125000000  -0.750000000  -0.375000000 ) 

    1    1
  0.04237238  0.00000000   -0.00388686  0.00000000    0.01404136  0.00000000
 -0.00388686  0.00000000    0.04986176  0.00000000    0.02734341  0.00000000
  0.01404136  0.00000000    0.02734341  0.00000000    0.05759776  0.00000000

     Dynamical  Matrix in cartesian axes

     q = (   -0.750000000   0.375000000  -0.125000000 ) 

    1    1
  0.04986176  0.00000000   -0.02734341  0.00000000    0.00388686  0.00000000
 -0.02734341  0.00000000    0.05759776  0.00000000    0.01404136  0.00000000
  0.00388686  0.00000000    0.01404136  0.00000000    0.04237238  0.00000000

     Dynamical  Matrix in cartesian axes

     q = (    0.375000000   0.125000000   0.750000000 ) 

    1    1
  0.05759776  0.00000000   -0.01404136  0.00000000    0.02734341  0.00000000
 -0.01404136  0.00000000    0.04237238  0.00000000    0.00388686  0.00000000
  0.02734341  0.00000000    0.00388686  0.00000000    0.04986176  0.00000000

     Dynamical  Matrix in cartesian axes

     q = (   -0.375000000   0.125000000  -0.750000000 ) 

    1    1
  0.05759776  0.00000000    0.01404136  0.00000000    0.02734341  0.00000000
  0.01404136  0.00000000    0.04237238  0.00000000   -0.00388686  0.00000000
  0.02734341  0.00000000   -0.00388686  0.00000000    0.04986176  0.00000000

     Dynamical  Matrix in cartesian axes

     q = (   -0.125000000   0.375000000  -0.750000000 ) 

    1    1
  0.04237238  0.00000000    0.01404136  0.00000000    0.00388686  0.00000000
  0.01404136  0.00000000    0.05759776  0.00000000   -0.02734341  0.00000000
  0.00388686  0.00000000   -0.02734341  0.00000000    0.04986176  0.00000000

     Dynamical  Matrix in cartesian axes

     q = (    0.375000000  -0.125000000  -0.750000000 ) 

    1    1
  0.05759776  0.00000000    0.01404136  0.00000000   -0.02734341  0.00000000
  0.01404136  0.00000000    0.04237238  0.00000000    0.00388686  0.00000000
 -0.02734341  0.00000000    0.00388686  0.00000000    0.04986176  0.00000000

     Dynamical  Matrix in cartesian axes

     q = (   -0.375000000  -0.125000000   0.750000000 ) 

    1    1
  0.05759776  0.00000000   -0.01404136  0.00000000   -0.02734341  0.00000000
 -0.01404136  0.00000000    0.04237238  0.00000000   -0.00388686  0.00000000
 -0.02734341  0.00000000   -0.00388686  0.00000000    0.04986176  0.00000000

     Dynamical  Matrix in cartesian axes

     q = (    0.125000000   0.750000000   0.375000000 ) 

    1    1
  0.04237238  0.00000000    0.00388686  0.00000000   -0.01404136  0.00000000
  0.00388686  0.00000000    0.04986176  0.00000000    0.02734341  0.00000000
 -0.01404136  0.00000000    0.02734341  0.00000000    0.05759776  0.00000000

     Dynamical  Matrix in cartesian axes

     q = (   -0.750000000  -0.125000000   0.375000000 ) 

    1    1
  0.04986176  0.00000000    0.00388686  0.00000000   -0.02734341  0.00000000
  0.00388686  0.00000000    0.04237238  0.00000000    0.01404136  0.00000000
 -0.02734341  0.00000000    0.01404136  0.00000000    0.05759776  0.00000000

     Dynamical  Matrix in cartesian axes

     q = (    0.750000000   0.125000000   0.375000000 ) 

    1    1
  0.04986176  0.00000000    0.00388686  0.00000000    0.02734341  0.00000000
  0.00388686  0.00000000    0.04237238  0.00000000   -0.01404136  0.00000000
  0.02734341  0.00000000   -0.01404136  0.00000000    0.05759776  0.00000000

     Dynamical  Matrix in cartesian axes

     q = (    0.375000000   0.750000000   0.125000000 ) 

    1    1
  0.05759776  0.00000000    0.02734341  0.00000000   -0.01404136  0.00000000
  0.02734341  0.00000000    0.04986176  0.00000000    0.00388686  0.00000000
 -0.01404136  0.00000000    0.00388686  0.00000000    0.04237238  0.00000000

     Dynamical  Matrix in cartesian axes

     q = (    0.375000000  -0.750000000  -0.125000000 ) 

    1    1
  0.05759776  0.00000000   -0.02734341  0.00000000    0.01404136  0.00000000
 -0.02734341  0.00000000    0.04986176  0.00000000    0.00388686  0.00000000
  0.01404136  0.00000000    0.00388686  0.00000000    0.04237238  0.00000000

     Dynamical  Matrix in cartesian axes

     q = (   -0.375000000  -0.750000000   0.125000000 ) 

    1    1
  0.05759776  0.00000000    0.02734341  0.00000000    0.01404136  0.00000000
  0.02734341  0.00000000    0.04986176  0.00000000   -0.00388686  0.00000000
  0.01404136  0.00000000   -0.00388686  0.00000000    0.04237238  0.00000000

     Dynamical  Matrix in cartesian axes

     q = (    0.125000000   0.375000000  -0.750000000 ) 

    1    1
  0.04237238  0.00000000   -0.01404136  0.00000000   -0.00388686  0.00000000
 -0.01404136  0.00000000    0.05759776  0.00000000   -0.02734341  0.00000000
 -0.00388686  0.00000000   -0.02734341  0.00000000    0.04986176  0.00000000

     Dynamical  Matrix in cartesian axes

     q = (    0.750000000  -0.375000000  -0.125000000 ) 

    1    1
  0.04986176  0.00000000   -0.02734341  0.00000000   -0.00388686  0.00000000
 -0.02734341  0.00000000    0.05759776  0.00000000   -0.01404136  0.00000000
 -0.00388686  0.00000000   -0.01404136  0.00000000    0.04237238  0.00000000

     Dynamical  Matrix in cartesian axes

     q = (    0.125000000   0.375000000   0.750000000 ) 

    1    1
  0.04237238  0.00000000   -0.01404136  0.00000000    0.00388686  0.00000000
 -0.01404136  0.00000000    0.05759776  0.00000000    0.02734341  0.00000000
  0.00388686  0.00000000    0.02734341  0.00000000    0.04986176  0.00000000

     Dynamical  Matrix in cartesian axes

     q = (    0.125000000  -0.375000000  -0.750000000 ) 

    1    1
  0.04237238  0.00000000    0.01404136  0.00000000   -0.00388686  0.00000000
  0.01404136  0.00000000    0.05759776  0.00000000    0.02734341  0.00000000
 -0.00388686  0.00000000    0.02734341  0.00000000    0.04986176  0.00000000

     Dynamical  Matrix in cartesian axes

     q = (   -0.750000000   0.125000000   0.375000000 ) 

    1    1
  0.04986176  0.00000000   -0.00388686  0.00000000   -0.02734341  0.00000000
 -0.00388686  0.00000000    0.04237238  0.00000000   -0.01404136  0.00000000
 -0.02734341  0.00000000   -0.01404136  0.00000000    0.05759776  0.00000000

     Dynamical  Matrix in cartesian axes

     q = (   -0.125000000   0.750000000   0.375000000 ) 

    1    1
  0.04237238  0.00000000   -0.00388686  0.00000000    0.01404136  0.00000000
 -0.00388686  0.00000000    0.04986176  0.00000000    0.02734341  0.00000000
  0.01404136  0.00000000    0.02734341  0.00000000    0.05759776  0.00000000

     Dynamical  Matrix in cartesian axes

     q = (   -0.125000000  -0.750000000   0.375000000 ) 

    1    1
  0.04237238  0.00000000    0.00388686  0.00000000    0.01404136  0.00000000
  0.00388686  0.00000000    0.04986176  0.00000000   -0.02734341  0.00000000
  0.01404136  0.00000000   -0.02734341  0.00000000    0.05759776  0.00000000

     Dynamical  Matrix in cartesian axes

     q = (   -0.125000000  -0.375000000  -0.750000000 ) 

    1    1
  0.04237238  0.00000000   -0.01404136  0.00000000    0.00388686  0.00000000
 -0.01404136  0.00000000    0.05759776  0.00000000    0.02734341  0.00000000
  0.00388686  0.00000000    0.02734341  0.00000000    0.04986176  0.00000000

     Dynamical  Matrix in cartesian axes

     q = (   -0.750000000   0.125000000  -0.375000000 ) 

    1    1
  0.04986176  0.00000000   -0.00388686  0.00000000    0.02734341  0.00000000
 -0.00388686  0.00000000    0.04237238  0.00000000    0.01404136  0.00000000
  0.02734341  0.00000000    0.01404136  0.00000000    0.05759776  0.00000000

     Dynamical  Matrix in cartesian axes

     q = (    0.125000000  -0.750000000   0.375000000 ) 

    1    1
  0.04237238  0.00000000   -0.00388686  0.00000000   -0.01404136  0.00000000
 -0.00388686  0.00000000    0.04986176  0.00000000   -0.02734341  0.00000000
 -0.01404136  0.00000000   -0.02734341  0.00000000    0.05759776  0.00000000

     Dynamical  Matrix in cartesian axes

     q = (   -0.125000000   0.375000000   0.750000000 ) 

    1    1
  0.04237238  0.00000000    0.01404136  0.00000000   -0.00388686  0.00000000
  0.01404136  0.00000000    0.05759776  0.00000000    0.02734341  0.00000000
 -0.00388686  0.00000000    0.02734341  0.00000000    0.04986176  0.00000000

     Dynamical  Matrix in cartesian axes

     q = (   -0.750000000  -0.125000000  -0.375000000 ) 

    1    1
  0.04986176  0.00000000    0.00388686  0.00000000    0.02734341  0.00000000
  0.00388686  0.00000000    0.04237238  0.00000000   -0.01404136  0.00000000
  0.02734341  0.00000000   -0.01404136  0.00000000    0.05759776  0.00000000

     Dynamical  Matrix in cartesian axes

     q = (   -0.375000000   0.750000000  -0.125000000 ) 

    1    1
  0.05759776  0.00000000   -0.02734341  0.00000000   -0.01404136  0.00000000
 -0.02734341  0.00000000    0.04986176  0.00000000   -0.00388686  0.00000000
 -0.01404136  0.00000000   -0.00388686  0.00000000    0.04237238  0.00000000

     Dynamical  Matrix in cartesian axes

     q = (   -0.750000000  -0.375000000   0.125000000 ) 

    1    1
  0.04986176  0.00000000    0.02734341  0.00000000   -0.00388686  0.00000000
  0.02734341  0.00000000    0.05759776  0.00000000    0.01404136  0.00000000
 -0.00388686  0.00000000    0.01404136  0.00000000    0.04237238  0.00000000

     Dynamical  Matrix in cartesian axes

     q = (    0.750000000   0.375000000   0.125000000 ) 

    1    1
  0.04986176  0.00000000    0.02734341  0.00000000    0.00388686  0.00000000
  0.02734341  0.00000000    0.05759776  0.00000000   -0.01404136  0.00000000
  0.00388686  0.00000000   -0.01404136  0.00000000    0.04237238  0.00000000

     Dynamical  Matrix in cartesian axes

     q = (   -0.375000000  -0.750000000  -0.125000000 ) 

    1    1
  0.05759776  0.00000000    0.02734341  0.00000000   -0.01404136  0.00000000
  0.02734341  0.00000000    0.04986176  0.00000000    0.00388686  0.00000000
 -0.01404136  0.00000000    0.00388686  0.00000000    0.04237238  0.00000000

     Dynamical  Matrix in cartesian axes

     q = (    0.375000000  -0.750000000   0.125000000 ) 

    1    1
  0.05759776  0.00000000   -0.02734341  0.00000000   -0.01404136  0.00000000
 -0.02734341  0.00000000    0.04986176  0.00000000   -0.00388686  0.00000000
 -0.01404136  0.00000000   -0.00388686  0.00000000    0.04237238  0.00000000

     Dynamical  Matrix in cartesian axes

     q = (   -0.375000000   0.750000000   0.125000000 ) 

    1    1
  0.05759776  0.00000000   -0.02734341  0.00000000    0.01404136  0.00000000
 -0.02734341  0.00000000    0.04986176  0.00000000    0.00388686  0.00000000
  0.01404136  0.00000000    0.00388686  0.00000000    0.04237238  0.00000000

     Dynamical  Matrix in cartesian axes

     q = (    0.375000000   0.750000000  -0.125000000 ) 

    1    1
  0.05759776  0.00000000    0.02734341  0.00000000    0.01404136  0.00000000
  0.02734341  0.00000000    0.04986176  0.00000000   -0.00388686  0.00000000
  0.01404136  0.00000000   -0.00388686  0.00000000    0.04237238  0.00000000

     Dynamical  Matrix in cartesian axes

     q = (    0.750000000  -0.125000000   0.375000000 ) 

    1    1
  0.04986176  0.00000000   -0.00388686  0.00000000    0.02734341  0.00000000
 -0.00388686  0.00000000    0.04237238  0.00000000    0.01404136  0.00000000
  0.02734341  0.00000000    0.01404136  0.00000000    0.05759776  0.00000000

     Dynamical  Matrix in cartesian axes

     q = (   -0.750000000   0.375000000   0.125000000 ) 

    1    1
  0.04986176  0.00000000   -0.02734341  0.00000000   -0.00388686  0.00000000
 -0.02734341  0.00000000    0.05759776  0.00000000   -0.01404136  0.00000000
 -0.00388686  0.00000000   -0.01404136  0.00000000    0.04237238  0.00000000

     Dynamical  Matrix in cartesian axes

     q = (    0.750000000   0.375000000  -0.125000000 ) 

    1    1
  0.04986176  0.00000000    0.02734341  0.00000000   -0.00388686  0.00000000
  0.02734341  0.00000000    0.05759776  0.00000000    0.01404136  0.00000000
 -0.00388686  0.00000000    0.01404136  0.00000000    0.04237238  0.00000000

     Dynamical  Matrix in cartesian axes

     q = (   -0.750000000  -0.375000000  -0.125000000 ) 

    1    1
  0.04986176  0.00000000    0.02734341  0.00000000    0.00388686  0.00000000
  0.02734341  0.00000000    0.05759776  0.00000000   -0.01404136  0.00000000
  0.00388686  0.00000000   -0.01404136  0.00000000    0.04237238  0.00000000

     Dynamical  Matrix in cartesian axes

     q = (    0.750000000  -0.375000000   0.125000000 ) 

    1    1
  0.04986176  0.00000000   -0.02734341  0.00000000    0.00388686  0.00000000
 -0.02734341  0.00000000    0.05759776  0.00000000    0.01404136  0.00000000
  0.00388686  0.00000000    0.01404136  0.00000000    0.04237238  0.00000000

     Dynamical  Matrix in cartesian axes

     q = (    0.375000000   0.125000000  -0.750000000 ) 

    1    1
  0.05759776  0.00000000   -0.01404136  0.00000000   -0.02734341  0.00000000
 -0.01404136  0.00000000    0.04237238  0.00000000   -0.00388686  0.00000000
 -0.02734341  0.00000000   -0.00388686  0.00000000    0.04986176  0.00000000

     Dynamical  Matrix in cartesian axes

     q = (    0.375000000  -0.125000000   0.750000000 ) 

    1    1
  0.05759776  0.00000000    0.01404136  0.00000000    0.02734341  0.00000000
  0.01404136  0.00000000    0.04237238  0.00000000   -0.00388686  0.00000000
  0.02734341  0.00000000   -0.00388686  0.00000000    0.04986176  0.00000000

     Dynamical  Matrix in cartesian axes

     q = (   -0.375000000  -0.125000000  -0.750000000 ) 

    1    1
  0.05759776  0.00000000   -0.01404136  0.00000000    0.02734341  0.00000000
 -0.01404136  0.00000000    0.04237238  0.00000000    0.00388686  0.00000000
  0.02734341  0.00000000    0.00388686  0.00000000    0.04986176  0.00000000

     Dynamical  Matrix in cartesian axes

     q = (   -0.375000000   0.125000000   0.750000000 ) 

    1    1
  0.05759776  0.00000000    0.01404136  0.00000000   -0.02734341  0.00000000
  0.01404136  0.00000000    0.04237238  0.00000000    0.00388686  0.00000000
 -0.02734341  0.00000000    0.00388686  0.00000000    0.04986176  0.00000000

     Diagonalizing the dynamical matrix

     q = (   -0.125000000   0.750000000  -0.375000000 ) 

 **************************************************************************
     freq (    1) =       3.164892 [THz] =     105.569431 [cm-1]
 (  0.483367  0.000000  0.618043  0.000000  0.619983  0.000000 ) 
     freq (    2) =       4.947546 [THz] =     165.032356 [cm-1]
 (  0.850676  0.000000 -0.498797  0.000000 -0.165989  0.000000 ) 
     freq (    3) =       6.549452 [THz] =     218.466219 [cm-1]
 ( -0.206657  0.000000 -0.607638  0.000000  0.766856  0.000000 ) 
 **************************************************************************
