Dynamical matrix file
                                                                           
  1    1  3  7.8580971  0.0000000  0.0000000  0.0000000  0.0000000  0.0000000
           1  'Na  '    20954.103126620943     
    1    1      0.0000000000      0.0000000000      0.0000000000

     Dynamical  Matrix in cartesian axes

     q = (   -0.125000000  -0.250000000   0.375000000 ) 

    1    1
  0.01295357  0.00000000    0.00263984  0.00000000   -0.00392137  0.00000000
  0.00263984  0.00000000    0.01535787  0.00000000   -0.00749850  0.00000000
 -0.00392137  0.00000000   -0.00749850  0.00000000    0.01419623  0.00000000

     Dynamical  Matrix in cartesian axes

     q = (   -0.250000000  -0.125000000   0.375000000 ) 

    1    1
  0.01535787  0.00000000    0.00263984  0.00000000   -0.00749850  0.00000000
  0.00263984  0.00000000    0.01295357  0.00000000   -0.00392137  0.00000000
 -0.00749850  0.00000000   -0.00392137  0.00000000    0.01419623  0.00000000

     Dynamical  Matrix in cartesian axes

     q = (   -0.125000000  -0.375000000   0.250000000 ) 

    1    1
  0.01295357  0.00000000    0.00392137  0.00000000   -0.00263984  0.00000000
  0.00392137  0.00000000    0.01419623  0.00000000   -0.00749850  0.00000000
 -0.00263984  0.00000000   -0.00749850  0.00000000    0.01535787  0.00000000

     Dynamical  Matrix in cartesian axes

     q = (    0.125000000  -0.375000000   0.250000000 ) 

    1    1
  0.01295357  0.00000000   -0.00392137  0.00000000    0.00263984  0.00000000
 -0.00392137  0.00000000    0.01419623  0.00000000   -0.00749850  0.00000000
  0.00263984  0.00000000   -0.00749850  0.00000000    0.01535787  0.00000000

     Dynamical  Matrix in cartesian axes

     q = (   -0.125000000   0.250000000  -0.375000000 ) 

    1    1
  0.01295357  0.00000000   -0.00263984  0.00000000    0.00392137  0.00000000
 -0.00263984  0.00000000    0.01535787  0.00000000   -0.00749850  0.00000000
  0.00392137  0.00000000   -0.00749850  0.00000000    0.01419623  0.00000000

     Dynamical  Matrix in cartesian axes

     q = (   -0.125000000   0.375000000  -0.250000000 ) 

    1    1
  0.01295357  0.00000000   -0.00392137  0.00000000    0.00263984  0.00000000
 -0.00392137  0.00000000    0.01419623  0.00000000   -0.00749850  0.00000000
  0.00263984  0.00000000   -0.00749850  0.00000000    0.01535787  0.00000000

     Dynamical  Matrix in cartesian axes

     q = (    0.125000000   0.250000000  -0.375000000 ) 

    1    1
  0.01295357  0.00000000    0.00263984  0.00000000   -0.00392137  0.00000000
  0.00263984  0.00000000    0.01535787  0.00000000   -0.00749850  0.00000000
 -0.00392137  0.00000000   -0.00749850  0.00000000    0.01419623  0.00000000

     Dynamical  Matrix in cartesian axes

     q = (    0.125000000   0.375000000  -0.250000000 ) 

    1    1
  0.01295357  0.00000000    0.00392137  0.00000000   -0.00263984  0.00000000
  0.00392137  0.00000000    0.01419623  0.00000000   -0.00749850  0.00000000
 -0.00263984  0.00000000   -0.00749850  0.00000000    0.01535787  0.00000000

     Dynamical  Matrix in cartesian axes

     q = (    0.250000000  -0.375000000  -0.125000000 ) 

    1    1
  0.01535787  0.00000000   -0.00749850  0.00000000   -0.00263984  0.00000000
 -0.00749850  0.00000000    0.01419623  0.00000000    0.00392137  0.00000000
 -0.00263984  0.00000000    0.00392137  0.00000000    0.01295357  0.00000000

     Dynamical  Matrix in cartesian axes

     q = (   -0.375000000   0.125000000  -0.250000000 ) 

    1    1
  0.01419623  0.00000000   -0.00392137  0.00000000    0.00749850  0.00000000
 -0.00392137  0.00000000    0.01295357  0.00000000   -0.00263984  0.00000000
  0.00749850  0.00000000   -0.00263984  0.00000000    0.01535787  0.00000000

     Dynamical  Matrix in cartesian axes

     q = (    0.375000000   0.125000000   0.250000000 ) 

    1    1
  0.01419623  0.00000000    0.00392137  0.00000000    0.00749850  0.00000000
  0.00392137  0.00000000    0.01295357  0.00000000    0.00263984  0.00000000
  0.00749850  0.00000000    0.00263984  0.00000000    0.01535787  0.00000000

     Dynamical  Matrix in cartesian axes

     q = (    0.250000000   0.125000000   0.375000000 ) 

    1    1
  0.01535787  0.00000000    0.00263984  0.00000000    0.00749850  0.00000000
  0.00263984  0.00000000    0.01295357  0.00000000    0.00392137  0.00000000
  0.00749850  0.00000000    0.00392137  0.00000000    0.01419623  0.00000000

     Dynamical  Matrix in cartesian axes

     q = (   -0.375000000  -0.125000000   0.250000000 ) 

    1    1
  0.01419623  0.00000000    0.00392137  0.00000000   -0.00749850  0.00000000
  0.00392137  0.00000000    0.01295357  0.00000000   -0.00263984  0.00000000
 -0.00749850  0.00000000   -0.00263984  0.00000000    0.01535787  0.00000000

     Dynamical  Matrix in cartesian axes

     q = (    0.375000000  -0.125000000  -0.250000000 ) 

    1    1
  0.01419623  0.00000000   -0.00392137  0.00000000   -0.00749850  0.00000000
 -0.00392137  0.00000000    0.01295357  0.00000000    0.00263984  0.00000000
 -0.00749850  0.00000000    0.00263984  0.00000000    0.01535787  0.00000000

     Dynamical  Matrix in cartesian axes

     q = (    0.125000000  -0.250000000  -0.375000000 ) 

    1    1
  0.01295357  0.00000000   -0.00263984  0.00000000   -0.00392137  0.00000000
 -0.00263984  0.00000000    0.01535787  0.00000000    0.00749850  0.00000000
 -0.00392137  0.00000000    0.00749850  0.00000000    0.01419623  0.00000000

     Dynamical  Matrix in cartesian axes

     q = (    0.250000000  -0.125000000  -0.375000000 ) 

    1    1
  0.01535787  0.00000000   -0.00263984  0.00000000   -0.00749850  0.00000000
 -0.00263984  0.00000000    0.01295357  0.00000000    0.00392137  0.00000000
 -0.00749850  0.00000000    0.00392137  0.00000000    0.01419623  0.00000000

     Dynamical  Matrix in cartesian axes

     q = (   -0.250000000   0.125000000  -0.375000000 ) 

    1    1
  0.01535787  0.00000000   -0.00263984  0.00000000    0.00749850  0.00000000
 -0.00263984  0.00000000    0.01295357  0.00000000   -0.00392137  0.00000000
  0.00749850  0.00000000   -0.00392137  0.00000000    0.01419623  0.00000000

     Dynamical  Matrix in cartesian axes

     q = (   -0.375000000  -0.250000000   0.125000000 ) 

    1    1
  0.01419623  0.00000000    0.00749850  0.00000000   -0.00392137  0.00000000
  0.00749850  0.00000000    0.01535787  0.00000000   -0.00263984  0.00000000
 -0.00392137  0.00000000   -0.00263984  0.00000000    0.01295357  0.00000000

     Dynamical  Matrix in cartesian axes

     q = (   -0.375000000   0.250000000  -0.125000000 ) 

    1    1
  0.01419623  0.00000000   -0.00749850  0.00000000    0.00392137  0.00000000
 -0.00749850  0.00000000    0.01535787  0.00000000   -0.00263984  0.00000000
  0.00392137  0.00000000   -0.00263984  0.00000000    0.01295357  0.00000000

     Dynamical  Matrix in cartesian axes

     q = (    0.375000000   0.250000000   0.125000000 ) 

    1    1
  0.01419623  0.00000000    0.00749850  0.00000000    0.00392137  0.00000000
  0.00749850  0.00000000    0.01535787  0.00000000    0.00263984  0.00000000
  0.00392137  0.00000000    0.00263984  0.00000000    0.01295357  0.00000000

     Dynamical  Matrix in cartesian axes

     q = (    0.250000000  -0.125000000   0.375000000 ) 

    1    1
  0.01535787  0.00000000   -0.00263984  0.00000000    0.00749850  0.00000000
 -0.00263984  0.00000000    0.01295357  0.00000000   -0.00392137  0.00000000
  0.00749850  0.00000000   -0.00392137  0.00000000    0.01419623  0.00000000

     Dynamical  Matrix in cartesian axes

     q = (   -0.250000000   0.375000000  -0.125000000 ) 

    1    1
  0.01535787  0.00000000   -0.00749850  0.00000000    0.00263984  0.00000000
 -0.00749850  0.00000000    0.01419623  0.00000000   -0.00392137  0.00000000
  0.00263984  0.00000000   -0.00392137  0.00000000    0.01295357  0.00000000

     Dynamical  Matrix in cartesian axes

     q = (    0.125000000  -0.375000000  -0.250000000 ) 

    1    1
  0.01295357  0.00000000   -0.00392137  0.00000000   -0.00263984  0.00000000
 -0.00392137  0.00000000    0.01419623  0.00000000    0.00749850  0.00000000
 -0.00263984  0.00000000    0.00749850  0.00000000    0.01535787  0.00000000

     Dynamical  Matrix in cartesian axes

     q = (    0.125000000   0.375000000   0.250000000 ) 

    1    1
  0.01295357  0.00000000    0.00392137  0.00000000    0.00263984  0.00000000
  0.00392137  0.00000000    0.01419623  0.00000000    0.00749850  0.00000000
  0.00263984  0.00000000    0.00749850  0.00000000    0.01535787  0.00000000

     Dynamical  Matrix in cartesian axes

     q = (    0.250000000   0.125000000  -0.375000000 ) 

    1    1
  0.01535787  0.00000000    0.00263984  0.00000000   -0.00749850  0.00000000
  0.00263984  0.00000000    0.01295357  0.00000000   -0.00392137  0.00000000
 -0.00749850  0.00000000   -0.00392137  0.00000000    0.01419623  0.00000000

     Dynamical  Matrix in cartesian axes

     q = (   -0.125000000  -0.250000000  -0.375000000 ) 

    1    1
  0.01295357  0.00000000    0.00263984  0.00000000    0.00392137  0.00000000
  0.00263984  0.00000000    0.01535787  0.00000000    0.00749850  0.00000000
  0.00392137  0.00000000    0.00749850  0.00000000    0.01419623  0.00000000

     Dynamical  Matrix in cartesian axes

     q = (   -0.250000000   0.125000000   0.375000000 ) 

    1    1
  0.01535787  0.00000000   -0.00263984  0.00000000   -0.00749850  0.00000000
 -0.00263984  0.00000000    0.01295357  0.00000000    0.00392137  0.00000000
 -0.00749850  0.00000000    0.00392137  0.00000000    0.01419623  0.00000000

     Dynamical  Matrix in cartesian axes

     q = (   -0.125000000   0.375000000   0.250000000 ) 

    1    1
  0.01295357  0.00000000   -0.00392137  0.00000000   -0.00263984  0.00000000
 -0.00392137  0.00000000    0.01419623  0.00000000    0.00749850  0.00000000
 -0.00263984  0.00000000    0.00749850  0.00000000    0.01535787  0.00000000

     Dynamical  Matrix in cartesian axes

     q = (   -0.125000000   0.250000000   0.375000000 ) 

    1    1
  0.01295357  0.00000000   -0.00263984  0.00000000   -0.00392137  0.00000000
 -0.00263984  0.00000000    0.01535787  0.00000000    0.00749850  0.00000000
 -0.00392137  0.00000000    0.00749850  0.00000000    0.01419623  0.00000000

     Dynamical  Matrix in cartesian axes

     q = (    0.125000000  -0.250000000   0.375000000 ) 

    1    1
  0.01295357  0.00000000   -0.00263984  0.00000000    0.00392137  0.00000000
 -0.00263984  0.00000000    0.01535787  0.00000000   -0.00749850  0.00000000
  0.00392137  0.00000000   -0.00749850  0.00000000    0.01419623  0.00000000

     Dynamical  Matrix in cartesian axes

     q = (   -0.125000000  -0.375000000  -0.250000000 ) 

    1    1
  0.01295357  0.00000000    0.00392137  0.00000000    0.00263984  0.00000000
  0.00392137  0.00000000    0.01419623  0.00000000    0.00749850  0.00000000
  0.00263984  0.00000000    0.00749850  0.00000000    0.01535787  0.00000000

     Dynamical  Matrix in cartesian axes

     q = (    0.125000000   0.250000000   0.375000000 ) 

    1    1
  0.01295357  0.00000000    0.00263984  0.00000000    0.00392137  0.00000000
  0.00263984  0.00000000    0.01535787  0.00000000    0.00749850  0.00000000
  0.00392137  0.00000000    0.00749850  0.00000000    0.01419623  0.00000000

     Dynamical  Matrix in cartesian axes

     q = (    0.375000000  -0.250000000  -0.125000000 ) 

    1    1
  0.01419623  0.00000000   -0.00749850  0.00000000   -0.00392137  0.00000000
 -0.00749850  0.00000000    0.01535787  0.00000000    0.00263984  0.00000000
 -0.00392137  0.00000000    0.00263984  0.00000000    0.01295357  0.00000000

     Dynamical  Matrix in cartesian axes

     q = (    0.250000000   0.375000000   0.125000000 ) 

    1    1
  0.01535787  0.00000000    0.00749850  0.00000000    0.00263984  0.00000000
  0.00749850  0.00000000    0.01419623  0.00000000    0.00392137  0.00000000
  0.00263984  0.00000000    0.00392137  0.00000000    0.01295357  0.00000000

     Dynamical  Matrix in cartesian axes

     q = (   -0.250000000  -0.375000000   0.125000000 ) 

    1    1
  0.01535787  0.00000000    0.00749850  0.00000000   -0.00263984  0.00000000
  0.00749850  0.00000000    0.01419623  0.00000000   -0.00392137  0.00000000
 -0.00263984  0.00000000   -0.00392137  0.00000000    0.01295357  0.00000000

     Dynamical  Matrix in cartesian axes

     q = (    0.375000000   0.250000000  -0.125000000 ) 

    1    1
  0.01419623  0.00000000    0.00749850  0.00000000   -0.00392137  0.00000000
  0.00749850  0.00000000    0.01535787  0.00000000   -0.00263984  0.00000000
 -0.00392137  0.00000000   -0.00263984  0.00000000    0.01295357  0.00000000

     Dynamical  Matrix in cartesian axes

     q = (   -0.375000000   0.250000000   0.125000000 ) 

    1    1
  0.01419623  0.00000000   -0.00749850  0.00000000   -0.00392137  0.00000000
 -0.00749850  0.00000000    0.01535787  0.00000000    0.00263984  0.00000000
 -0.00392137  0.00000000    0.00263984  0.00000000    0.01295357  0.00000000

     Dynamical  Matrix in cartesian axes

     q = (    0.375000000  -0.250000000   0.125000000 ) 

    1    1
  0.01419623  0.00000000   -0.00749850  0.00000000    0.00392137  0.00000000
 -0.00749850  0.00000000    0.01535787  0.00000000   -0.00263984  0.00000000
  0.00392137  0.00000000   -0.00263984  0.00000000    0.01295357  0.00000000

     Dynamical  Matrix in cartesian axes

     q = (   -0.375000000  -0.250000000  -0.125000000 ) 

    1    1
  0.01419623  0.00000000    0.00749850  0.00000000    0.00392137  0.00000000
  0.00749850  0.00000000    0.01535787  0.00000000    0.00263984  0.00000000
  0.00392137  0.00000000    0.00263984  0.00000000    0.01295357  0.00000000

     Dynamical  Matrix in cartesian axes

     q = (   -0.250000000  -0.125000000  -0.375000000 ) 

    1    1
  0.01535787  0.00000000    0.00263984  0.00000000    0.00749850  0.00000000
  0.00263984  0.00000000    0.01295357  0.00000000    0.00392137  0.00000000
  0.00749850  0.00000000    0.00392137  0.00000000    0.01419623  0.00000000

     Dynamical  Matrix in cartesian axes

     q = (    0.250000000  -0.375000000   0.125000000 ) 

    1    1
  0.01535787  0.00000000   -0.00749850  0.00000000    0.00263984  0.00000000
 -0.00749850  0.00000000    0.01419623  0.00000000   -0.00392137  0.00000000
  0.00263984  0.00000000   -0.00392137  0.00000000    0.01295357  0.00000000

     Dynamical  Matrix in cartesian axes

     q = (   -0.250000000  -0.375000000  -0.125000000 ) 

    1    1
  0.01535787  0.00000000    0.00749850  0.00000000    0.00263984  0.00000000
  0.00749850  0.00000000    0.01419623  0.00000000    0.00392137  0.00000000
  0.00263984  0.00000000    0.00392137  0.00000000    0.01295357  0.00000000

     Dynamical  Matrix in cartesian axes

     q = (    0.250000000   0.375000000  -0.125000000 ) 

    1    1
  0.01535787  0.00000000    0.00749850  0.00000000   -0.00263984  0.00000000
  0.00749850  0.00000000    0.01419623  0.00000000   -0.00392137  0.00000000
 -0.00263984  0.00000000   -0.00392137  0.00000000    0.01295357  0.00000000

     Dynamical  Matrix in cartesian axes

     q = (   -0.250000000   0.375000000   0.125000000 ) 

    1    1
  0.01535787  0.00000000   -0.00749850  0.00000000   -0.00263984  0.00000000
 -0.00749850  0.00000000    0.01419623  0.00000000    0.00392137  0.00000000
 -0.00263984  0.00000000    0.00392137  0.00000000    0.01295357  0.00000000

     Dynamical  Matrix in cartesian axes

     q = (   -0.375000000   0.125000000   0.250000000 ) 

    1    1
  0.01419623  0.00000000   -0.00392137  0.00000000   -0.00749850  0.00000000
 -0.00392137  0.00000000    0.01295357  0.00000000    0.00263984  0.00000000
 -0.00749850  0.00000000    0.00263984  0.00000000    0.01535787  0.00000000

     Dynamical  Matrix in cartesian axes

     q = (   -0.375000000  -0.125000000  -0.250000000 ) 

    1    1
  0.01419623  0.00000000    0.00392137  0.00000000    0.00749850  0.00000000
  0.00392137  0.00000000    0.01295357  0.00000000    0.00263984  0.00000000
  0.00749850  0.00000000    0.00263984  0.00000000    0.01535787  0.00000000

     Dynamical  Matrix in cartesian axes

     q = (    0.375000000  -0.125000000   0.250000000 ) 

    1    1
  0.01419623  0.00000000   -0.00392137  0.00000000    0.00749850  0.00000000
 -0.00392137  0.00000000    0.01295357  0.00000000   -0.00263984  0.00000000
  0.00749850  0.00000000   -0.00263984  0.00000000    0.01535787  0.00000000

     Dynamical  Matrix in cartesian axes

     q = (    0.375000000   0.125000000  -0.250000000 ) 

    1    1
  0.01419623  0.00000000    0.00392137  0.00000000   -0.00749850  0.00000000
  0.00392137  0.00000000    0.01295357  0.00000000   -0.00263984  0.00000000
 -0.00749850  0.00000000   -0.00263984  0.00000000    0.01535787  0.00000000

     Diagonalizing the dynamical matrix

     q = (   -0.125000000  -0.250000000   0.375000000 ) 

 **************************************************************************
     freq (    1) =       1.901289 [THz] =      63.420182 [cm-1]
 (  0.230340 -0.000000  0.608475 -0.000000  0.759409  0.000000 ) 
     freq (    2) =       2.417597 [THz] =      80.642349 [cm-1]
 (  0.895532  0.000000 -0.437888  0.000000  0.079229  0.000000 ) 
     freq (    3) =       3.534979 [THz] =     117.914211 [cm-1]
 ( -0.380745  0.000000 -0.661825  0.000000  0.645772  0.000000 ) 
 **************************************************************************
