Dynamical matrix file
                                                                           
  1    1  3  7.6800000  0.0000000  0.0000000  0.0000000  0.0000000  0.0000000
           1  'Na  '    20954.103126620943     
    1    1      0.0000000000      0.0000000000      0.0000000000

     Dynamical  Matrix in cartesian axes

     q = (   -0.166666667   0.666666667  -0.500000000 ) 

    1    1
  0.01767285  0.00000000   -0.00043577  0.00000000   -0.00470225  0.00000000
 -0.00043577  0.00000000    0.02040282  0.00000000   -0.01422183  0.00000000
 -0.00470225  0.00000000   -0.01422183  0.00000000    0.02123772  0.00000000

     Dynamical  Matrix in cartesian axes

     q = (    0.666666667  -0.166666667  -0.500000000 ) 

    1    1
  0.02040282  0.00000000   -0.00043577  0.00000000   -0.01422183  0.00000000
 -0.00043577  0.00000000    0.01767285  0.00000000   -0.00470225  0.00000000
 -0.01422183  0.00000000   -0.00470225  0.00000000    0.02123772  0.00000000

     Dynamical  Matrix in cartesian axes

     q = (   -0.166666667   0.500000000  -0.666666667 ) 

    1    1
  0.01767285  0.00000000    0.00470225  0.00000000    0.00043577  0.00000000
  0.00470225  0.00000000    0.02123772  0.00000000   -0.01422183  0.00000000
  0.00043577  0.00000000   -0.01422183  0.00000000    0.02040282  0.00000000

     Dynamical  Matrix in cartesian axes

     q = (    0.166666667   0.500000000  -0.666666667 ) 

    1    1
  0.01767285  0.00000000   -0.00470225  0.00000000   -0.00043577  0.00000000
 -0.00470225  0.00000000    0.02123772  0.00000000   -0.01422183  0.00000000
 -0.00043577  0.00000000   -0.01422183  0.00000000    0.02040282  0.00000000

     Dynamical  Matrix in cartesian axes

     q = (   -0.166666667  -0.500000000   0.666666667 ) 

    1    1
  0.01767285  0.00000000   -0.00470225  0.00000000   -0.00043577  0.00000000
 -0.00470225  0.00000000    0.02123772  0.00000000   -0.01422183  0.00000000
 -0.00043577  0.00000000   -0.01422183  0.00000000    0.02040282  0.00000000

     Dynamical  Matrix in cartesian axes

     q = (    0.166666667  -0.500000000   0.666666667 ) 

    1    1
  0.01767285  0.00000000    0.00470225  0.00000000    0.00043577  0.00000000
  0.00470225  0.00000000    0.02123772  0.00000000   -0.01422183  0.00000000
  0.00043577  0.00000000   -0.01422183  0.00000000    0.02040282  0.00000000

     Dynamical  Matrix in cartesian axes

     q = (    0.166666667  -0.666666667   0.500000000 ) 

    1    1
  0.01767285  0.00000000   -0.00043577  0.00000000   -0.00470225  0.00000000
 -0.00043577  0.00000000    0.02040282  0.00000000   -0.01422183  0.00000000
 -0.00470225  0.00000000   -0.01422183  0.00000000    0.02123772  0.00000000

     Dynamical  Matrix in cartesian axes

     q = (   -0.166666667  -0.666666667   0.500000000 ) 

    1    1
  0.01767285  0.00000000    0.00043577  0.00000000    0.00470225  0.00000000
  0.00043577  0.00000000    0.02040282  0.00000000   -0.01422183  0.00000000
  0.00470225  0.00000000   -0.01422183  0.00000000    0.02123772  0.00000000

     Dynamical  Matrix in cartesian axes

     q = (   -0.500000000  -0.666666667  -0.166666667 ) 

    1    1
  0.02123772  0.00000000    0.01422183  0.00000000   -0.00470225  0.00000000
  0.01422183  0.00000000    0.02040282  0.00000000    0.00043577  0.00000000
 -0.00470225  0.00000000    0.00043577  0.00000000    0.01767285  0.00000000

     Dynamical  Matrix in cartesian axes

     q = (    0.500000000  -0.666666667   0.166666667 ) 

    1    1
  0.02123772  0.00000000   -0.01422183  0.00000000   -0.00470225  0.00000000
 -0.01422183  0.00000000    0.02040282  0.00000000   -0.00043577  0.00000000
 -0.00470225  0.00000000   -0.00043577  0.00000000    0.01767285  0.00000000

     Dynamical  Matrix in cartesian axes

     q = (   -0.500000000   0.666666667   0.166666667 ) 

    1    1
  0.02123772  0.00000000   -0.01422183  0.00000000    0.00470225  0.00000000
 -0.01422183  0.00000000    0.02040282  0.00000000    0.00043577  0.00000000
  0.00470225  0.00000000    0.00043577  0.00000000    0.01767285  0.00000000

     Dynamical  Matrix in cartesian axes

     q = (    0.500000000   0.666666667  -0.166666667 ) 

    1    1
  0.02123772  0.00000000    0.01422183  0.00000000    0.00470225  0.00000000
  0.01422183  0.00000000    0.02040282  0.00000000   -0.00043577  0.00000000
  0.00470225  0.00000000   -0.00043577  0.00000000    0.01767285  0.00000000

     Dynamical  Matrix in cartesian axes

     q = (    0.666666667  -0.166666667   0.500000000 ) 

    1    1
  0.02040282  0.00000000   -0.00043577  0.00000000    0.01422183  0.00000000
 -0.00043577  0.00000000    0.01767285  0.00000000    0.00470225  0.00000000
  0.01422183  0.00000000    0.00470225  0.00000000    0.02123772  0.00000000

     Dynamical  Matrix in cartesian axes

     q = (    0.666666667  -0.500000000  -0.166666667 ) 

    1    1
  0.02040282  0.00000000   -0.01422183  0.00000000   -0.00043577  0.00000000
 -0.01422183  0.00000000    0.02123772  0.00000000   -0.00470225  0.00000000
 -0.00043577  0.00000000   -0.00470225  0.00000000    0.01767285  0.00000000

     Dynamical  Matrix in cartesian axes

     q = (   -0.166666667  -0.500000000  -0.666666667 ) 

    1    1
  0.01767285  0.00000000   -0.00470225  0.00000000    0.00043577  0.00000000
 -0.00470225  0.00000000    0.02123772  0.00000000    0.01422183  0.00000000
  0.00043577  0.00000000    0.01422183  0.00000000    0.02040282  0.00000000

     Dynamical  Matrix in cartesian axes

     q = (   -0.166666667   0.500000000   0.666666667 ) 

    1    1
  0.01767285  0.00000000    0.00470225  0.00000000   -0.00043577  0.00000000
  0.00470225  0.00000000    0.02123772  0.00000000    0.01422183  0.00000000
 -0.00043577  0.00000000    0.01422183  0.00000000    0.02040282  0.00000000

     Dynamical  Matrix in cartesian axes

     q = (    0.666666667   0.166666667  -0.500000000 ) 

    1    1
  0.02040282  0.00000000    0.00043577  0.00000000   -0.01422183  0.00000000
  0.00043577  0.00000000    0.01767285  0.00000000    0.00470225  0.00000000
 -0.01422183  0.00000000    0.00470225  0.00000000    0.02123772  0.00000000

     Dynamical  Matrix in cartesian axes

     q = (    0.166666667   0.666666667  -0.500000000 ) 

    1    1
  0.01767285  0.00000000    0.00043577  0.00000000    0.00470225  0.00000000
  0.00043577  0.00000000    0.02040282  0.00000000   -0.01422183  0.00000000
  0.00470225  0.00000000   -0.01422183  0.00000000    0.02123772  0.00000000

     Dynamical  Matrix in cartesian axes

     q = (    0.666666667   0.500000000   0.166666667 ) 

    1    1
  0.02040282  0.00000000    0.01422183  0.00000000    0.00043577  0.00000000
  0.01422183  0.00000000    0.02123772  0.00000000   -0.00470225  0.00000000
  0.00043577  0.00000000   -0.00470225  0.00000000    0.01767285  0.00000000

     Dynamical  Matrix in cartesian axes

     q = (   -0.666666667   0.500000000  -0.166666667 ) 

    1    1
  0.02040282  0.00000000   -0.01422183  0.00000000    0.00043577  0.00000000
 -0.01422183  0.00000000    0.02123772  0.00000000    0.00470225  0.00000000
  0.00043577  0.00000000    0.00470225  0.00000000    0.01767285  0.00000000

     Dynamical  Matrix in cartesian axes

     q = (    0.500000000   0.166666667   0.666666667 ) 

    1    1
  0.02123772  0.00000000   -0.00470225  0.00000000    0.01422183  0.00000000
 -0.00470225  0.00000000    0.01767285  0.00000000    0.00043577  0.00000000
  0.01422183  0.00000000    0.00043577  0.00000000    0.02040282  0.00000000

     Dynamical  Matrix in cartesian axes

     q = (   -0.500000000   0.166666667  -0.666666667 ) 

    1    1
  0.02123772  0.00000000    0.00470225  0.00000000    0.01422183  0.00000000
  0.00470225  0.00000000    0.01767285  0.00000000   -0.00043577  0.00000000
  0.01422183  0.00000000   -0.00043577  0.00000000    0.02040282  0.00000000

     Dynamical  Matrix in cartesian axes

     q = (    0.500000000   0.666666667   0.166666667 ) 

    1    1
  0.02123772  0.00000000    0.01422183  0.00000000   -0.00470225  0.00000000
  0.01422183  0.00000000    0.02040282  0.00000000    0.00043577  0.00000000
 -0.00470225  0.00000000    0.00043577  0.00000000    0.01767285  0.00000000

     Dynamical  Matrix in cartesian axes

     q = (    0.500000000  -0.166666667  -0.666666667 ) 

    1    1
  0.02123772  0.00000000    0.00470225  0.00000000   -0.01422183  0.00000000
  0.00470225  0.00000000    0.01767285  0.00000000    0.00043577  0.00000000
 -0.01422183  0.00000000    0.00043577  0.00000000    0.02040282  0.00000000

     Dynamical  Matrix in cartesian axes

     q = (   -0.666666667   0.166666667   0.500000000 ) 

    1    1
  0.02040282  0.00000000   -0.00043577  0.00000000   -0.01422183  0.00000000
 -0.00043577  0.00000000    0.01767285  0.00000000   -0.00470225  0.00000000
 -0.01422183  0.00000000   -0.00470225  0.00000000    0.02123772  0.00000000

     Dynamical  Matrix in cartesian axes

     q = (   -0.166666667   0.666666667   0.500000000 ) 

    1    1
  0.01767285  0.00000000   -0.00043577  0.00000000    0.00470225  0.00000000
 -0.00043577  0.00000000    0.02040282  0.00000000    0.01422183  0.00000000
  0.00470225  0.00000000    0.01422183  0.00000000    0.02123772  0.00000000

     Dynamical  Matrix in cartesian axes

     q = (   -0.500000000  -0.166666667   0.666666667 ) 

    1    1
  0.02123772  0.00000000   -0.00470225  0.00000000   -0.01422183  0.00000000
 -0.00470225  0.00000000    0.01767285  0.00000000   -0.00043577  0.00000000
 -0.01422183  0.00000000   -0.00043577  0.00000000    0.02040282  0.00000000

     Dynamical  Matrix in cartesian axes

     q = (    0.166666667   0.666666667   0.500000000 ) 

    1    1
  0.01767285  0.00000000    0.00043577  0.00000000   -0.00470225  0.00000000
  0.00043577  0.00000000    0.02040282  0.00000000    0.01422183  0.00000000
 -0.00470225  0.00000000    0.01422183  0.00000000    0.02123772  0.00000000

     Dynamical  Matrix in cartesian axes

     q = (   -0.500000000   0.666666667  -0.166666667 ) 

    1    1
  0.02123772  0.00000000   -0.01422183  0.00000000   -0.00470225  0.00000000
 -0.01422183  0.00000000    0.02040282  0.00000000   -0.00043577  0.00000000
 -0.00470225  0.00000000   -0.00043577  0.00000000    0.01767285  0.00000000

     Dynamical  Matrix in cartesian axes

     q = (   -0.666666667  -0.166666667  -0.500000000 ) 

    1    1
  0.02040282  0.00000000    0.00043577  0.00000000    0.01422183  0.00000000
  0.00043577  0.00000000    0.01767285  0.00000000   -0.00470225  0.00000000
  0.01422183  0.00000000   -0.00470225  0.00000000    0.02123772  0.00000000

     Dynamical  Matrix in cartesian axes

     q = (   -0.666666667  -0.166666667   0.500000000 ) 

    1    1
  0.02040282  0.00000000    0.00043577  0.00000000   -0.01422183  0.00000000
  0.00043577  0.00000000    0.01767285  0.00000000    0.00470225  0.00000000
 -0.01422183  0.00000000    0.00470225  0.00000000    0.02123772  0.00000000

     Dynamical  Matrix in cartesian axes

     q = (    0.666666667   0.166666667   0.500000000 ) 

    1    1
  0.02040282  0.00000000    0.00043577  0.00000000    0.01422183  0.00000000
  0.00043577  0.00000000    0.01767285  0.00000000   -0.00470225  0.00000000
  0.01422183  0.00000000   -0.00470225  0.00000000    0.02123772  0.00000000

     Dynamical  Matrix in cartesian axes

     q = (    0.166666667  -0.666666667  -0.500000000 ) 

    1    1
  0.01767285  0.00000000   -0.00043577  0.00000000    0.00470225  0.00000000
 -0.00043577  0.00000000    0.02040282  0.00000000    0.01422183  0.00000000
  0.00470225  0.00000000    0.01422183  0.00000000    0.02123772  0.00000000

     Dynamical  Matrix in cartesian axes

     q = (   -0.666666667   0.166666667  -0.500000000 ) 

    1    1
  0.02040282  0.00000000   -0.00043577  0.00000000    0.01422183  0.00000000
 -0.00043577  0.00000000    0.01767285  0.00000000    0.00470225  0.00000000
  0.01422183  0.00000000    0.00470225  0.00000000    0.02123772  0.00000000

     Dynamical  Matrix in cartesian axes

     q = (    0.500000000  -0.666666667  -0.166666667 ) 

    1    1
  0.02123772  0.00000000   -0.01422183  0.00000000    0.00470225  0.00000000
 -0.01422183  0.00000000    0.02040282  0.00000000    0.00043577  0.00000000
  0.00470225  0.00000000    0.00043577  0.00000000    0.01767285  0.00000000

     Dynamical  Matrix in cartesian axes

     q = (   -0.500000000  -0.666666667   0.166666667 ) 

    1    1
  0.02123772  0.00000000    0.01422183  0.00000000    0.00470225  0.00000000
  0.01422183  0.00000000    0.02040282  0.00000000   -0.00043577  0.00000000
  0.00470225  0.00000000   -0.00043577  0.00000000    0.01767285  0.00000000

     Dynamical  Matrix in cartesian axes

     q = (   -0.166666667  -0.666666667  -0.500000000 ) 

    1    1
  0.01767285  0.00000000    0.00043577  0.00000000   -0.00470225  0.00000000
  0.00043577  0.00000000    0.02040282  0.00000000    0.01422183  0.00000000
 -0.00470225  0.00000000    0.01422183  0.00000000    0.02123772  0.00000000

     Dynamical  Matrix in cartesian axes

     q = (   -0.666666667  -0.500000000   0.166666667 ) 

    1    1
  0.02040282  0.00000000    0.01422183  0.00000000   -0.00043577  0.00000000
  0.01422183  0.00000000    0.02123772  0.00000000    0.00470225  0.00000000
 -0.00043577  0.00000000    0.00470225  0.00000000    0.01767285  0.00000000

     Dynamical  Matrix in cartesian axes

     q = (    0.166666667   0.500000000   0.666666667 ) 

    1    1
  0.01767285  0.00000000   -0.00470225  0.00000000    0.00043577  0.00000000
 -0.00470225  0.00000000    0.02123772  0.00000000    0.01422183  0.00000000
  0.00043577  0.00000000    0.01422183  0.00000000    0.02040282  0.00000000

     Dynamical  Matrix in cartesian axes

     q = (    0.166666667  -0.500000000  -0.666666667 ) 

    1    1
  0.01767285  0.00000000    0.00470225  0.00000000   -0.00043577  0.00000000
  0.00470225  0.00000000    0.02123772  0.00000000    0.01422183  0.00000000
 -0.00043577  0.00000000    0.01422183  0.00000000    0.02040282  0.00000000

     Dynamical  Matrix in cartesian axes

     q = (   -0.666666667   0.500000000   0.166666667 ) 

    1    1
  0.02040282  0.00000000   -0.01422183  0.00000000   -0.00043577  0.00000000
 -0.01422183  0.00000000    0.02123772  0.00000000   -0.00470225  0.00000000
 -0.00043577  0.00000000   -0.00470225  0.00000000    0.01767285  0.00000000

     Dynamical  Matrix in cartesian axes

     q = (    0.666666667   0.500000000  -0.166666667 ) 

    1    1
  0.02040282  0.00000000    0.01422183  0.00000000   -0.00043577  0.00000000
  0.01422183  0.00000000    0.02123772  0.00000000    0.00470225  0.00000000
 -0.00043577  0.00000000    0.00470225  0.00000000    0.01767285  0.00000000

     Dynamical  Matrix in cartesian axes

     q = (   -0.666666667  -0.500000000  -0.166666667 ) 

    1    1
  0.02040282  0.00000000    0.01422183  0.00000000    0.00043577  0.00000000
  0.01422183  0.00000000    0.02123772  0.00000000   -0.00470225  0.00000000
  0.00043577  0.00000000   -0.00470225  0.00000000    0.01767285  0.00000000

     Dynamical  Matrix in cartesian axes

     q = (    0.666666667  -0.500000000   0.166666667 ) 

    1    1
  0.02040282  0.00000000   -0.01422183  0.00000000    0.00043577  0.00000000
 -0.01422183  0.00000000    0.02123772  0.00000000    0.00470225  0.00000000
  0.00043577  0.00000000    0.00470225  0.00000000    0.01767285  0.00000000

     Dynamical  Matrix in cartesian axes

     q = (    0.500000000   0.166666667  -0.666666667 ) 

    1    1
  0.02123772  0.00000000   -0.00470225  0.00000000   -0.01422183  0.00000000
 -0.00470225  0.00000000    0.01767285  0.00000000   -0.00043577  0.00000000
 -0.01422183  0.00000000   -0.00043577  0.00000000    0.02040282  0.00000000

     Dynamical  Matrix in cartesian axes

     q = (    0.500000000  -0.166666667   0.666666667 ) 

    1    1
  0.02123772  0.00000000    0.00470225  0.00000000    0.01422183  0.00000000
  0.00470225  0.00000000    0.01767285  0.00000000   -0.00043577  0.00000000
  0.01422183  0.00000000   -0.00043577  0.00000000    0.02040282  0.00000000

     Dynamical  Matrix in cartesian axes

     q = (   -0.500000000  -0.166666667  -0.666666667 ) 

    1    1
  0.02123772  0.00000000   -0.00470225  0.00000000    0.01422183  0.00000000
 -0.00470225  0.00000000    0.01767285  0.00000000    0.00043577  0.00000000
  0.01422183  0.00000000    0.00043577  0.00000000    0.02040282  0.00000000

     Dynamical  Matrix in cartesian axes

     q = (   -0.500000000   0.166666667   0.666666667 ) 

    1    1
  0.02123772  0.00000000    0.00470225  0.00000000   -0.01422183  0.00000000
  0.00470225  0.00000000    0.01767285  0.00000000    0.00043577  0.00000000
 -0.01422183  0.00000000    0.00043577  0.00000000    0.02040282  0.00000000

     Diagonalizing the dynamical matrix

     q = (   -0.166666667   0.666666667  -0.500000000 ) 

 **************************************************************************
     freq (    1) =       1.686314 [THz] =      56.249369 [cm-1]
 (  0.289733 -0.000000  0.665320 -0.000000  0.688044  0.000000 ) 
     freq (    2) =       3.067735 [THz] =     102.328638 [cm-1]
 (  0.941338  0.000000 -0.328042  0.000000 -0.079187  0.000000 ) 
     freq (    3) =       4.287361 [THz] =     143.010970 [cm-1]
 ( -0.173023  0.000000 -0.670625  0.000000  0.721336  0.000000 ) 
 **************************************************************************
