Dynamical matrix file
                                                                           
  1    1  3  8.0017007  0.0000000  0.0000000  0.0000000  0.0000000  0.0000000
           1  'Na  '    20954.103126620943     
    1    1      0.0000000000      0.0000000000      0.0000000000

     Dynamical  Matrix in cartesian axes

     q = (   -0.125000000   0.625000000  -0.500000000 ) 

    1    1
  0.01748367  0.00000000    0.00129169  0.00000000   -0.00376019  0.00000000
  0.00129169  0.00000000    0.01914578  0.00000000   -0.01064320  0.00000000
 -0.00376019  0.00000000   -0.01064320  0.00000000    0.01894159  0.00000000

     Dynamical  Matrix in cartesian axes

     q = (    0.625000000  -0.125000000  -0.500000000 ) 

    1    1
  0.01914578  0.00000000    0.00129169  0.00000000   -0.01064320  0.00000000
  0.00129169  0.00000000    0.01748367  0.00000000   -0.00376019  0.00000000
 -0.01064320  0.00000000   -0.00376019  0.00000000    0.01894159  0.00000000

     Dynamical  Matrix in cartesian axes

     q = (   -0.125000000   0.500000000  -0.625000000 ) 

    1    1
  0.01748367  0.00000000    0.00376019  0.00000000   -0.00129169  0.00000000
  0.00376019  0.00000000    0.01894159  0.00000000   -0.01064320  0.00000000
 -0.00129169  0.00000000   -0.01064320  0.00000000    0.01914578  0.00000000

     Dynamical  Matrix in cartesian axes

     q = (    0.125000000   0.500000000  -0.625000000 ) 

    1    1
  0.01748367  0.00000000   -0.00376019  0.00000000    0.00129169  0.00000000
 -0.00376019  0.00000000    0.01894159  0.00000000   -0.01064320  0.00000000
  0.00129169  0.00000000   -0.01064320  0.00000000    0.01914578  0.00000000

     Dynamical  Matrix in cartesian axes

     q = (   -0.125000000  -0.625000000   0.500000000 ) 

    1    1
  0.01748367  0.00000000   -0.00129169  0.00000000    0.00376019  0.00000000
 -0.00129169  0.00000000    0.01914578  0.00000000   -0.01064320  0.00000000
  0.00376019  0.00000000   -0.01064320  0.00000000    0.01894159  0.00000000

     Dynamical  Matrix in cartesian axes

     q = (   -0.125000000  -0.500000000   0.625000000 ) 

    1    1
  0.01748367  0.00000000   -0.00376019  0.00000000    0.00129169  0.00000000
 -0.00376019  0.00000000    0.01894159  0.00000000   -0.01064320  0.00000000
  0.00129169  0.00000000   -0.01064320  0.00000000    0.01914578  0.00000000

     Dynamical  Matrix in cartesian axes

     q = (    0.125000000  -0.625000000   0.500000000 ) 

    1    1
  0.01748367  0.00000000    0.00129169  0.00000000   -0.00376019  0.00000000
  0.00129169  0.00000000    0.01914578  0.00000000   -0.01064320  0.00000000
 -0.00376019  0.00000000   -0.01064320  0.00000000    0.01894159  0.00000000

     Dynamical  Matrix in cartesian axes

     q = (    0.125000000  -0.500000000   0.625000000 ) 

    1    1
  0.01748367  0.00000000    0.00376019  0.00000000   -0.00129169  0.00000000
  0.00376019  0.00000000    0.01894159  0.00000000   -0.01064320  0.00000000
 -0.00129169  0.00000000   -0.01064320  0.00000000    0.01914578  0.00000000

     Dynamical  Matrix in cartesian axes

     q = (   -0.625000000   0.500000000  -0.125000000 ) 

    1    1
  0.01914578  0.00000000   -0.01064320  0.00000000   -0.00129169  0.00000000
 -0.01064320  0.00000000    0.01894159  0.00000000    0.00376019  0.00000000
 -0.00129169  0.00000000    0.00376019  0.00000000    0.01748367  0.00000000

     Dynamical  Matrix in cartesian axes

     q = (    0.500000000   0.125000000   0.625000000 ) 

    1    1
  0.01894159  0.00000000   -0.00376019  0.00000000    0.01064320  0.00000000
 -0.00376019  0.00000000    0.01748367  0.00000000   -0.00129169  0.00000000
  0.01064320  0.00000000   -0.00129169  0.00000000    0.01914578  0.00000000

     Dynamical  Matrix in cartesian axes

     q = (   -0.500000000   0.125000000  -0.625000000 ) 

    1    1
  0.01894159  0.00000000    0.00376019  0.00000000    0.01064320  0.00000000
  0.00376019  0.00000000    0.01748367  0.00000000    0.00129169  0.00000000
  0.01064320  0.00000000    0.00129169  0.00000000    0.01914578  0.00000000

     Dynamical  Matrix in cartesian axes

     q = (   -0.625000000   0.125000000  -0.500000000 ) 

    1    1
  0.01914578  0.00000000    0.00129169  0.00000000    0.01064320  0.00000000
  0.00129169  0.00000000    0.01748367  0.00000000    0.00376019  0.00000000
  0.01064320  0.00000000    0.00376019  0.00000000    0.01894159  0.00000000

     Dynamical  Matrix in cartesian axes

     q = (    0.500000000  -0.125000000  -0.625000000 ) 

    1    1
  0.01894159  0.00000000    0.00376019  0.00000000   -0.01064320  0.00000000
  0.00376019  0.00000000    0.01748367  0.00000000   -0.00129169  0.00000000
 -0.01064320  0.00000000   -0.00129169  0.00000000    0.01914578  0.00000000

     Dynamical  Matrix in cartesian axes

     q = (   -0.500000000  -0.125000000   0.625000000 ) 

    1    1
  0.01894159  0.00000000   -0.00376019  0.00000000   -0.01064320  0.00000000
 -0.00376019  0.00000000    0.01748367  0.00000000    0.00129169  0.00000000
 -0.01064320  0.00000000    0.00129169  0.00000000    0.01914578  0.00000000

     Dynamical  Matrix in cartesian axes

     q = (    0.125000000   0.625000000   0.500000000 ) 

    1    1
  0.01748367  0.00000000   -0.00129169  0.00000000   -0.00376019  0.00000000
 -0.00129169  0.00000000    0.01914578  0.00000000    0.01064320  0.00000000
 -0.00376019  0.00000000    0.01064320  0.00000000    0.01894159  0.00000000

     Dynamical  Matrix in cartesian axes

     q = (   -0.625000000  -0.125000000   0.500000000 ) 

    1    1
  0.01914578  0.00000000   -0.00129169  0.00000000   -0.01064320  0.00000000
 -0.00129169  0.00000000    0.01748367  0.00000000    0.00376019  0.00000000
 -0.01064320  0.00000000    0.00376019  0.00000000    0.01894159  0.00000000

     Dynamical  Matrix in cartesian axes

     q = (    0.625000000   0.125000000   0.500000000 ) 

    1    1
  0.01914578  0.00000000   -0.00129169  0.00000000    0.01064320  0.00000000
 -0.00129169  0.00000000    0.01748367  0.00000000   -0.00376019  0.00000000
  0.01064320  0.00000000   -0.00376019  0.00000000    0.01894159  0.00000000

     Dynamical  Matrix in cartesian axes

     q = (    0.500000000   0.625000000   0.125000000 ) 

    1    1
  0.01894159  0.00000000    0.01064320  0.00000000   -0.00376019  0.00000000
  0.01064320  0.00000000    0.01914578  0.00000000   -0.00129169  0.00000000
 -0.00376019  0.00000000   -0.00129169  0.00000000    0.01748367  0.00000000

     Dynamical  Matrix in cartesian axes

     q = (    0.500000000  -0.625000000  -0.125000000 ) 

    1    1
  0.01894159  0.00000000   -0.01064320  0.00000000    0.00376019  0.00000000
 -0.01064320  0.00000000    0.01914578  0.00000000   -0.00129169  0.00000000
  0.00376019  0.00000000   -0.00129169  0.00000000    0.01748367  0.00000000

     Dynamical  Matrix in cartesian axes

     q = (   -0.500000000  -0.625000000   0.125000000 ) 

    1    1
  0.01894159  0.00000000    0.01064320  0.00000000    0.00376019  0.00000000
  0.01064320  0.00000000    0.01914578  0.00000000    0.00129169  0.00000000
  0.00376019  0.00000000    0.00129169  0.00000000    0.01748367  0.00000000

     Dynamical  Matrix in cartesian axes

     q = (   -0.625000000  -0.125000000  -0.500000000 ) 

    1    1
  0.01914578  0.00000000   -0.00129169  0.00000000    0.01064320  0.00000000
 -0.00129169  0.00000000    0.01748367  0.00000000   -0.00376019  0.00000000
  0.01064320  0.00000000   -0.00376019  0.00000000    0.01894159  0.00000000

     Dynamical  Matrix in cartesian axes

     q = (    0.625000000  -0.500000000  -0.125000000 ) 

    1    1
  0.01914578  0.00000000   -0.01064320  0.00000000    0.00129169  0.00000000
 -0.01064320  0.00000000    0.01894159  0.00000000   -0.00376019  0.00000000
  0.00129169  0.00000000   -0.00376019  0.00000000    0.01748367  0.00000000

     Dynamical  Matrix in cartesian axes

     q = (    0.125000000   0.500000000   0.625000000 ) 

    1    1
  0.01748367  0.00000000   -0.00376019  0.00000000   -0.00129169  0.00000000
 -0.00376019  0.00000000    0.01894159  0.00000000    0.01064320  0.00000000
 -0.00129169  0.00000000    0.01064320  0.00000000    0.01914578  0.00000000

     Dynamical  Matrix in cartesian axes

     q = (    0.125000000  -0.500000000  -0.625000000 ) 

    1    1
  0.01748367  0.00000000    0.00376019  0.00000000    0.00129169  0.00000000
  0.00376019  0.00000000    0.01894159  0.00000000    0.01064320  0.00000000
  0.00129169  0.00000000    0.01064320  0.00000000    0.01914578  0.00000000

     Dynamical  Matrix in cartesian axes

     q = (   -0.625000000   0.125000000   0.500000000 ) 

    1    1
  0.01914578  0.00000000    0.00129169  0.00000000   -0.01064320  0.00000000
  0.00129169  0.00000000    0.01748367  0.00000000   -0.00376019  0.00000000
 -0.01064320  0.00000000   -0.00376019  0.00000000    0.01894159  0.00000000

     Dynamical  Matrix in cartesian axes

     q = (   -0.125000000   0.625000000   0.500000000 ) 

    1    1
  0.01748367  0.00000000    0.00129169  0.00000000    0.00376019  0.00000000
  0.00129169  0.00000000    0.01914578  0.00000000    0.01064320  0.00000000
  0.00376019  0.00000000    0.01064320  0.00000000    0.01894159  0.00000000

     Dynamical  Matrix in cartesian axes

     q = (    0.625000000   0.125000000  -0.500000000 ) 

    1    1
  0.01914578  0.00000000   -0.00129169  0.00000000   -0.01064320  0.00000000
 -0.00129169  0.00000000    0.01748367  0.00000000    0.00376019  0.00000000
 -0.01064320  0.00000000    0.00376019  0.00000000    0.01894159  0.00000000

     Dynamical  Matrix in cartesian axes

     q = (   -0.125000000  -0.500000000  -0.625000000 ) 

    1    1
  0.01748367  0.00000000   -0.00376019  0.00000000   -0.00129169  0.00000000
 -0.00376019  0.00000000    0.01894159  0.00000000    0.01064320  0.00000000
 -0.00129169  0.00000000    0.01064320  0.00000000    0.01914578  0.00000000

     Dynamical  Matrix in cartesian axes

     q = (   -0.125000000  -0.625000000  -0.500000000 ) 

    1    1
  0.01748367  0.00000000   -0.00129169  0.00000000   -0.00376019  0.00000000
 -0.00129169  0.00000000    0.01914578  0.00000000    0.01064320  0.00000000
 -0.00376019  0.00000000    0.01064320  0.00000000    0.01894159  0.00000000

     Dynamical  Matrix in cartesian axes

     q = (    0.125000000   0.625000000  -0.500000000 ) 

    1    1
  0.01748367  0.00000000   -0.00129169  0.00000000    0.00376019  0.00000000
 -0.00129169  0.00000000    0.01914578  0.00000000   -0.01064320  0.00000000
  0.00376019  0.00000000   -0.01064320  0.00000000    0.01894159  0.00000000

     Dynamical  Matrix in cartesian axes

     q = (   -0.125000000   0.500000000   0.625000000 ) 

    1    1
  0.01748367  0.00000000    0.00376019  0.00000000    0.00129169  0.00000000
  0.00376019  0.00000000    0.01894159  0.00000000    0.01064320  0.00000000
  0.00129169  0.00000000    0.01064320  0.00000000    0.01914578  0.00000000

     Dynamical  Matrix in cartesian axes

     q = (    0.125000000  -0.625000000  -0.500000000 ) 

    1    1
  0.01748367  0.00000000    0.00129169  0.00000000    0.00376019  0.00000000
  0.00129169  0.00000000    0.01914578  0.00000000    0.01064320  0.00000000
  0.00376019  0.00000000    0.01064320  0.00000000    0.01894159  0.00000000

     Dynamical  Matrix in cartesian axes

     q = (   -0.500000000   0.625000000  -0.125000000 ) 

    1    1
  0.01894159  0.00000000   -0.01064320  0.00000000   -0.00376019  0.00000000
 -0.01064320  0.00000000    0.01914578  0.00000000    0.00129169  0.00000000
 -0.00376019  0.00000000    0.00129169  0.00000000    0.01748367  0.00000000

     Dynamical  Matrix in cartesian axes

     q = (   -0.625000000  -0.500000000   0.125000000 ) 

    1    1
  0.01914578  0.00000000    0.01064320  0.00000000    0.00129169  0.00000000
  0.01064320  0.00000000    0.01894159  0.00000000    0.00376019  0.00000000
  0.00129169  0.00000000    0.00376019  0.00000000    0.01748367  0.00000000

     Dynamical  Matrix in cartesian axes

     q = (    0.625000000   0.500000000   0.125000000 ) 

    1    1
  0.01914578  0.00000000    0.01064320  0.00000000   -0.00129169  0.00000000
  0.01064320  0.00000000    0.01894159  0.00000000   -0.00376019  0.00000000
 -0.00129169  0.00000000   -0.00376019  0.00000000    0.01748367  0.00000000

     Dynamical  Matrix in cartesian axes

     q = (   -0.500000000  -0.625000000  -0.125000000 ) 

    1    1
  0.01894159  0.00000000    0.01064320  0.00000000   -0.00376019  0.00000000
  0.01064320  0.00000000    0.01914578  0.00000000   -0.00129169  0.00000000
 -0.00376019  0.00000000   -0.00129169  0.00000000    0.01748367  0.00000000

     Dynamical  Matrix in cartesian axes

     q = (    0.500000000  -0.625000000   0.125000000 ) 

    1    1
  0.01894159  0.00000000   -0.01064320  0.00000000   -0.00376019  0.00000000
 -0.01064320  0.00000000    0.01914578  0.00000000    0.00129169  0.00000000
 -0.00376019  0.00000000    0.00129169  0.00000000    0.01748367  0.00000000

     Dynamical  Matrix in cartesian axes

     q = (   -0.500000000   0.625000000   0.125000000 ) 

    1    1
  0.01894159  0.00000000   -0.01064320  0.00000000    0.00376019  0.00000000
 -0.01064320  0.00000000    0.01914578  0.00000000   -0.00129169  0.00000000
  0.00376019  0.00000000   -0.00129169  0.00000000    0.01748367  0.00000000

     Dynamical  Matrix in cartesian axes

     q = (    0.500000000   0.625000000  -0.125000000 ) 

    1    1
  0.01894159  0.00000000    0.01064320  0.00000000    0.00376019  0.00000000
  0.01064320  0.00000000    0.01914578  0.00000000    0.00129169  0.00000000
  0.00376019  0.00000000    0.00129169  0.00000000    0.01748367  0.00000000

     Dynamical  Matrix in cartesian axes

     q = (    0.625000000  -0.125000000   0.500000000 ) 

    1    1
  0.01914578  0.00000000    0.00129169  0.00000000    0.01064320  0.00000000
  0.00129169  0.00000000    0.01748367  0.00000000    0.00376019  0.00000000
  0.01064320  0.00000000    0.00376019  0.00000000    0.01894159  0.00000000

     Dynamical  Matrix in cartesian axes

     q = (   -0.625000000   0.500000000   0.125000000 ) 

    1    1
  0.01914578  0.00000000   -0.01064320  0.00000000    0.00129169  0.00000000
 -0.01064320  0.00000000    0.01894159  0.00000000   -0.00376019  0.00000000
  0.00129169  0.00000000   -0.00376019  0.00000000    0.01748367  0.00000000

     Dynamical  Matrix in cartesian axes

     q = (    0.625000000   0.500000000  -0.125000000 ) 

    1    1
  0.01914578  0.00000000    0.01064320  0.00000000    0.00129169  0.00000000
  0.01064320  0.00000000    0.01894159  0.00000000    0.00376019  0.00000000
  0.00129169  0.00000000    0.00376019  0.00000000    0.01748367  0.00000000

     Dynamical  Matrix in cartesian axes

     q = (   -0.625000000  -0.500000000  -0.125000000 ) 

    1    1
  0.01914578  0.00000000    0.01064320  0.00000000   -0.00129169  0.00000000
  0.01064320  0.00000000    0.01894159  0.00000000   -0.00376019  0.00000000
 -0.00129169  0.00000000   -0.00376019  0.00000000    0.01748367  0.00000000

     Dynamical  Matrix in cartesian axes

     q = (    0.625000000  -0.500000000   0.125000000 ) 

    1    1
  0.01914578  0.00000000   -0.01064320  0.00000000   -0.00129169  0.00000000
 -0.01064320  0.00000000    0.01894159  0.00000000    0.00376019  0.00000000
 -0.00129169  0.00000000    0.00376019  0.00000000    0.01748367  0.00000000

     Dynamical  Matrix in cartesian axes

     q = (    0.500000000   0.125000000  -0.625000000 ) 

    1    1
  0.01894159  0.00000000   -0.00376019  0.00000000   -0.01064320  0.00000000
 -0.00376019  0.00000000    0.01748367  0.00000000    0.00129169  0.00000000
 -0.01064320  0.00000000    0.00129169  0.00000000    0.01914578  0.00000000

     Dynamical  Matrix in cartesian axes

     q = (    0.500000000  -0.125000000   0.625000000 ) 

    1    1
  0.01894159  0.00000000    0.00376019  0.00000000    0.01064320  0.00000000
  0.00376019  0.00000000    0.01748367  0.00000000    0.00129169  0.00000000
  0.01064320  0.00000000    0.00129169  0.00000000    0.01914578  0.00000000

     Dynamical  Matrix in cartesian axes

     q = (   -0.500000000  -0.125000000  -0.625000000 ) 

    1    1
  0.01894159  0.00000000   -0.00376019  0.00000000    0.01064320  0.00000000
 -0.00376019  0.00000000    0.01748367  0.00000000   -0.00129169  0.00000000
  0.01064320  0.00000000   -0.00129169  0.00000000    0.01914578  0.00000000

     Dynamical  Matrix in cartesian axes

     q = (   -0.500000000   0.125000000   0.625000000 ) 

    1    1
  0.01894159  0.00000000    0.00376019  0.00000000   -0.01064320  0.00000000
  0.00376019  0.00000000    0.01748367  0.00000000   -0.00129169  0.00000000
 -0.01064320  0.00000000   -0.00129169  0.00000000    0.01914578  0.00000000

     Diagonalizing the dynamical matrix

     q = (   -0.125000000   0.625000000  -0.500000000 ) 

 **************************************************************************
     freq (    1) =       2.038955 [THz] =      68.012232 [cm-1]
 (  0.195272 -0.000000  0.666939 -0.000000  0.719069  0.000000 ) 
     freq (    2) =       2.951061 [THz] =      98.436808 [cm-1]
 (  0.944659  0.000000 -0.324970  0.000000  0.044876  0.000000 ) 
     freq (    3) =       3.979579 [THz] =     132.744452 [cm-1]
 ( -0.263605  0.000000 -0.670512  0.000000  0.693488  0.000000 ) 
 **************************************************************************
