Dynamical matrix file
                                                                           
  1    1  2  9.8621922  0.0000000  0.0000000  0.0000000  0.0000000  0.0000000
           1  'Na  '    20954.103126620943     
    1    1      0.0000000000      0.0000000000      0.0000000000

     Dynamical  Matrix in cartesian axes

     q = (    0.625000000  -0.375000000   0.875000000 ) 

    1    1
  0.02031105  0.00000000   -0.00951913  0.00000000    0.00435031  0.00000000
 -0.00951913  0.00000000    0.02705773  0.00000000   -0.00396455  0.00000000
  0.00435031  0.00000000   -0.00396455  0.00000000    0.02514811  0.00000000

     Dynamical  Matrix in cartesian axes

     q = (    0.625000000  -0.375000000  -0.875000000 ) 

    1    1
  0.02031105  0.00000000   -0.00951913  0.00000000   -0.00435031  0.00000000
 -0.00951913  0.00000000    0.02705773  0.00000000    0.00396455  0.00000000
 -0.00435031  0.00000000    0.00396455  0.00000000    0.02514811  0.00000000

     Dynamical  Matrix in cartesian axes

     q = (    0.875000000   0.375000000   0.625000000 ) 

    1    1
  0.02514811  0.00000000    0.00396455  0.00000000    0.00435031  0.00000000
  0.00396455  0.00000000    0.02705773  0.00000000    0.00951913  0.00000000
  0.00435031  0.00000000    0.00951913  0.00000000    0.02031105  0.00000000

     Dynamical  Matrix in cartesian axes

     q = (    0.625000000   0.375000000   0.875000000 ) 

    1    1
  0.02031105  0.00000000    0.00951913  0.00000000    0.00435031  0.00000000
  0.00951913  0.00000000    0.02705773  0.00000000    0.00396455  0.00000000
  0.00435031  0.00000000    0.00396455  0.00000000    0.02514811  0.00000000

     Dynamical  Matrix in cartesian axes

     q = (    0.875000000  -0.375000000  -0.625000000 ) 

    1    1
  0.02514811  0.00000000   -0.00396455  0.00000000   -0.00435031  0.00000000
 -0.00396455  0.00000000    0.02705773  0.00000000    0.00951913  0.00000000
 -0.00435031  0.00000000    0.00951913  0.00000000    0.02031105  0.00000000

     Dynamical  Matrix in cartesian axes

     q = (    0.875000000  -0.375000000   0.625000000 ) 

    1    1
  0.02514811  0.00000000   -0.00396455  0.00000000    0.00435031  0.00000000
 -0.00396455  0.00000000    0.02705773  0.00000000   -0.00951913  0.00000000
  0.00435031  0.00000000   -0.00951913  0.00000000    0.02031105  0.00000000

     Dynamical  Matrix in cartesian axes

     q = (   -0.875000000  -0.375000000   0.625000000 ) 

    1    1
  0.02514811  0.00000000    0.00396455  0.00000000   -0.00435031  0.00000000
  0.00396455  0.00000000    0.02705773  0.00000000   -0.00951913  0.00000000
 -0.00435031  0.00000000   -0.00951913  0.00000000    0.02031105  0.00000000

     Dynamical  Matrix in cartesian axes

     q = (   -0.625000000  -0.375000000  -0.875000000 ) 

    1    1
  0.02031105  0.00000000    0.00951913  0.00000000    0.00435031  0.00000000
  0.00951913  0.00000000    0.02705773  0.00000000    0.00396455  0.00000000
  0.00435031  0.00000000    0.00396455  0.00000000    0.02514811  0.00000000

     Dynamical  Matrix in cartesian axes

     q = (   -0.875000000   0.375000000  -0.625000000 ) 

    1    1
  0.02514811  0.00000000   -0.00396455  0.00000000    0.00435031  0.00000000
 -0.00396455  0.00000000    0.02705773  0.00000000   -0.00951913  0.00000000
  0.00435031  0.00000000   -0.00951913  0.00000000    0.02031105  0.00000000

     Dynamical  Matrix in cartesian axes

     q = (   -0.625000000  -0.375000000   0.875000000 ) 

    1    1
  0.02031105  0.00000000    0.00951913  0.00000000   -0.00435031  0.00000000
  0.00951913  0.00000000    0.02705773  0.00000000   -0.00396455  0.00000000
 -0.00435031  0.00000000   -0.00396455  0.00000000    0.02514811  0.00000000

     Dynamical  Matrix in cartesian axes

     q = (   -0.875000000   0.375000000   0.625000000 ) 

    1    1
  0.02514811  0.00000000   -0.00396455  0.00000000   -0.00435031  0.00000000
 -0.00396455  0.00000000    0.02705773  0.00000000    0.00951913  0.00000000
 -0.00435031  0.00000000    0.00951913  0.00000000    0.02031105  0.00000000

     Dynamical  Matrix in cartesian axes

     q = (    0.875000000   0.375000000  -0.625000000 ) 

    1    1
  0.02514811  0.00000000    0.00396455  0.00000000   -0.00435031  0.00000000
  0.00396455  0.00000000    0.02705773  0.00000000   -0.00951913  0.00000000
 -0.00435031  0.00000000   -0.00951913  0.00000000    0.02031105  0.00000000

     Dynamical  Matrix in cartesian axes

     q = (   -0.625000000   0.375000000   0.875000000 ) 

    1    1
  0.02031105  0.00000000   -0.00951913  0.00000000   -0.00435031  0.00000000
 -0.00951913  0.00000000    0.02705773  0.00000000    0.00396455  0.00000000
 -0.00435031  0.00000000    0.00396455  0.00000000    0.02514811  0.00000000

     Dynamical  Matrix in cartesian axes

     q = (   -0.875000000  -0.375000000  -0.625000000 ) 

    1    1
  0.02514811  0.00000000    0.00396455  0.00000000    0.00435031  0.00000000
  0.00396455  0.00000000    0.02705773  0.00000000    0.00951913  0.00000000
  0.00435031  0.00000000    0.00951913  0.00000000    0.02031105  0.00000000

     Dynamical  Matrix in cartesian axes

     q = (    0.625000000   0.375000000  -0.875000000 ) 

    1    1
  0.02031105  0.00000000    0.00951913  0.00000000   -0.00435031  0.00000000
  0.00951913  0.00000000    0.02705773  0.00000000   -0.00396455  0.00000000
 -0.00435031  0.00000000   -0.00396455  0.00000000    0.02514811  0.00000000

     Dynamical  Matrix in cartesian axes

     q = (   -0.625000000   0.375000000  -0.875000000 ) 

    1    1
  0.02031105  0.00000000   -0.00951913  0.00000000    0.00435031  0.00000000
 -0.00951913  0.00000000    0.02705773  0.00000000   -0.00396455  0.00000000
  0.00435031  0.00000000   -0.00396455  0.00000000    0.02514811  0.00000000

     Dynamical  Matrix in cartesian axes

     q = (   -0.375000000   0.875000000   0.625000000 ) 

    1    1
  0.02705773  0.00000000   -0.00396455  0.00000000   -0.00951913  0.00000000
 -0.00396455  0.00000000    0.02514811  0.00000000    0.00435031  0.00000000
 -0.00951913  0.00000000    0.00435031  0.00000000    0.02031105  0.00000000

     Dynamical  Matrix in cartesian axes

     q = (    0.375000000   0.875000000  -0.625000000 ) 

    1    1
  0.02705773  0.00000000    0.00396455  0.00000000   -0.00951913  0.00000000
  0.00396455  0.00000000    0.02514811  0.00000000   -0.00435031  0.00000000
 -0.00951913  0.00000000   -0.00435031  0.00000000    0.02031105  0.00000000

     Dynamical  Matrix in cartesian axes

     q = (   -0.375000000  -0.875000000  -0.625000000 ) 

    1    1
  0.02705773  0.00000000    0.00396455  0.00000000    0.00951913  0.00000000
  0.00396455  0.00000000    0.02514811  0.00000000    0.00435031  0.00000000
  0.00951913  0.00000000    0.00435031  0.00000000    0.02031105  0.00000000

     Dynamical  Matrix in cartesian axes

     q = (   -0.375000000   0.625000000  -0.875000000 ) 

    1    1
  0.02705773  0.00000000   -0.00951913  0.00000000    0.00396455  0.00000000
 -0.00951913  0.00000000    0.02031105  0.00000000   -0.00435031  0.00000000
  0.00396455  0.00000000   -0.00435031  0.00000000    0.02514811  0.00000000

     Dynamical  Matrix in cartesian axes

     q = (    0.875000000   0.625000000  -0.375000000 ) 

    1    1
  0.02514811  0.00000000    0.00435031  0.00000000   -0.00396455  0.00000000
  0.00435031  0.00000000    0.02031105  0.00000000   -0.00951913  0.00000000
 -0.00396455  0.00000000   -0.00951913  0.00000000    0.02705773  0.00000000

     Dynamical  Matrix in cartesian axes

     q = (   -0.375000000   0.875000000  -0.625000000 ) 

    1    1
  0.02705773  0.00000000   -0.00396455  0.00000000    0.00951913  0.00000000
 -0.00396455  0.00000000    0.02514811  0.00000000   -0.00435031  0.00000000
  0.00951913  0.00000000   -0.00435031  0.00000000    0.02031105  0.00000000

     Dynamical  Matrix in cartesian axes

     q = (   -0.875000000  -0.625000000  -0.375000000 ) 

    1    1
  0.02514811  0.00000000    0.00435031  0.00000000    0.00396455  0.00000000
  0.00435031  0.00000000    0.02031105  0.00000000    0.00951913  0.00000000
  0.00396455  0.00000000    0.00951913  0.00000000    0.02705773  0.00000000

     Dynamical  Matrix in cartesian axes

     q = (   -0.875000000   0.625000000   0.375000000 ) 

    1    1
  0.02514811  0.00000000   -0.00435031  0.00000000   -0.00396455  0.00000000
 -0.00435031  0.00000000    0.02031105  0.00000000    0.00951913  0.00000000
 -0.00396455  0.00000000    0.00951913  0.00000000    0.02705773  0.00000000

     Dynamical  Matrix in cartesian axes

     q = (    0.375000000  -0.625000000   0.875000000 ) 

    1    1
  0.02705773  0.00000000   -0.00951913  0.00000000    0.00396455  0.00000000
 -0.00951913  0.00000000    0.02031105  0.00000000   -0.00435031  0.00000000
  0.00396455  0.00000000   -0.00435031  0.00000000    0.02514811  0.00000000

     Dynamical  Matrix in cartesian axes

     q = (    0.375000000  -0.875000000   0.625000000 ) 

    1    1
  0.02705773  0.00000000   -0.00396455  0.00000000    0.00951913  0.00000000
 -0.00396455  0.00000000    0.02514811  0.00000000   -0.00435031  0.00000000
  0.00951913  0.00000000   -0.00435031  0.00000000    0.02031105  0.00000000

     Dynamical  Matrix in cartesian axes

     q = (    0.625000000  -0.875000000   0.375000000 ) 

    1    1
  0.02031105  0.00000000   -0.00435031  0.00000000    0.00951913  0.00000000
 -0.00435031  0.00000000    0.02514811  0.00000000   -0.00396455  0.00000000
  0.00951913  0.00000000   -0.00396455  0.00000000    0.02705773  0.00000000

     Dynamical  Matrix in cartesian axes

     q = (   -0.875000000   0.625000000  -0.375000000 ) 

    1    1
  0.02514811  0.00000000   -0.00435031  0.00000000    0.00396455  0.00000000
 -0.00435031  0.00000000    0.02031105  0.00000000   -0.00951913  0.00000000
  0.00396455  0.00000000   -0.00951913  0.00000000    0.02705773  0.00000000

     Dynamical  Matrix in cartesian axes

     q = (    0.375000000   0.625000000   0.875000000 ) 

    1    1
  0.02705773  0.00000000    0.00951913  0.00000000    0.00396455  0.00000000
  0.00951913  0.00000000    0.02031105  0.00000000    0.00435031  0.00000000
  0.00396455  0.00000000    0.00435031  0.00000000    0.02514811  0.00000000

     Dynamical  Matrix in cartesian axes

     q = (   -0.375000000   0.625000000   0.875000000 ) 

    1    1
  0.02705773  0.00000000   -0.00951913  0.00000000   -0.00396455  0.00000000
 -0.00951913  0.00000000    0.02031105  0.00000000    0.00435031  0.00000000
 -0.00396455  0.00000000    0.00435031  0.00000000    0.02514811  0.00000000

     Dynamical  Matrix in cartesian axes

     q = (    0.375000000   0.625000000  -0.875000000 ) 

    1    1
  0.02705773  0.00000000    0.00951913  0.00000000   -0.00396455  0.00000000
  0.00951913  0.00000000    0.02031105  0.00000000   -0.00435031  0.00000000
 -0.00396455  0.00000000   -0.00435031  0.00000000    0.02514811  0.00000000

     Dynamical  Matrix in cartesian axes

     q = (   -0.375000000  -0.625000000  -0.875000000 ) 

    1    1
  0.02705773  0.00000000    0.00951913  0.00000000    0.00396455  0.00000000
  0.00951913  0.00000000    0.02031105  0.00000000    0.00435031  0.00000000
  0.00396455  0.00000000    0.00435031  0.00000000    0.02514811  0.00000000

     Dynamical  Matrix in cartesian axes

     q = (   -0.625000000  -0.875000000   0.375000000 ) 

    1    1
  0.02031105  0.00000000    0.00435031  0.00000000   -0.00951913  0.00000000
  0.00435031  0.00000000    0.02514811  0.00000000   -0.00396455  0.00000000
 -0.00951913  0.00000000   -0.00396455  0.00000000    0.02705773  0.00000000

     Dynamical  Matrix in cartesian axes

     q = (   -0.375000000  -0.625000000   0.875000000 ) 

    1    1
  0.02705773  0.00000000    0.00951913  0.00000000   -0.00396455  0.00000000
  0.00951913  0.00000000    0.02031105  0.00000000   -0.00435031  0.00000000
 -0.00396455  0.00000000   -0.00435031  0.00000000    0.02514811  0.00000000

     Dynamical  Matrix in cartesian axes

     q = (    0.875000000  -0.625000000   0.375000000 ) 

    1    1
  0.02514811  0.00000000   -0.00435031  0.00000000    0.00396455  0.00000000
 -0.00435031  0.00000000    0.02031105  0.00000000   -0.00951913  0.00000000
  0.00396455  0.00000000   -0.00951913  0.00000000    0.02705773  0.00000000

     Dynamical  Matrix in cartesian axes

     q = (    0.625000000   0.875000000   0.375000000 ) 

    1    1
  0.02031105  0.00000000    0.00435031  0.00000000    0.00951913  0.00000000
  0.00435031  0.00000000    0.02514811  0.00000000    0.00396455  0.00000000
  0.00951913  0.00000000    0.00396455  0.00000000    0.02705773  0.00000000

     Dynamical  Matrix in cartesian axes

     q = (    0.375000000  -0.625000000  -0.875000000 ) 

    1    1
  0.02705773  0.00000000   -0.00951913  0.00000000   -0.00396455  0.00000000
 -0.00951913  0.00000000    0.02031105  0.00000000    0.00435031  0.00000000
 -0.00396455  0.00000000    0.00435031  0.00000000    0.02514811  0.00000000

     Dynamical  Matrix in cartesian axes

     q = (    0.625000000   0.875000000  -0.375000000 ) 

    1    1
  0.02031105  0.00000000    0.00435031  0.00000000   -0.00951913  0.00000000
  0.00435031  0.00000000    0.02514811  0.00000000   -0.00396455  0.00000000
 -0.00951913  0.00000000   -0.00396455  0.00000000    0.02705773  0.00000000

     Dynamical  Matrix in cartesian axes

     q = (   -0.625000000  -0.875000000  -0.375000000 ) 

    1    1
  0.02031105  0.00000000    0.00435031  0.00000000    0.00951913  0.00000000
  0.00435031  0.00000000    0.02514811  0.00000000    0.00396455  0.00000000
  0.00951913  0.00000000    0.00396455  0.00000000    0.02705773  0.00000000

     Dynamical  Matrix in cartesian axes

     q = (   -0.625000000   0.875000000  -0.375000000 ) 

    1    1
  0.02031105  0.00000000   -0.00435031  0.00000000    0.00951913  0.00000000
 -0.00435031  0.00000000    0.02514811  0.00000000   -0.00396455  0.00000000
  0.00951913  0.00000000   -0.00396455  0.00000000    0.02705773  0.00000000

     Dynamical  Matrix in cartesian axes

     q = (    0.375000000  -0.875000000  -0.625000000 ) 

    1    1
  0.02705773  0.00000000   -0.00396455  0.00000000   -0.00951913  0.00000000
 -0.00396455  0.00000000    0.02514811  0.00000000    0.00435031  0.00000000
 -0.00951913  0.00000000    0.00435031  0.00000000    0.02031105  0.00000000

     Dynamical  Matrix in cartesian axes

     q = (   -0.375000000  -0.875000000   0.625000000 ) 

    1    1
  0.02705773  0.00000000    0.00396455  0.00000000   -0.00951913  0.00000000
  0.00396455  0.00000000    0.02514811  0.00000000   -0.00435031  0.00000000
 -0.00951913  0.00000000   -0.00435031  0.00000000    0.02031105  0.00000000

     Dynamical  Matrix in cartesian axes

     q = (    0.375000000   0.875000000   0.625000000 ) 

    1    1
  0.02705773  0.00000000    0.00396455  0.00000000    0.00951913  0.00000000
  0.00396455  0.00000000    0.02514811  0.00000000    0.00435031  0.00000000
  0.00951913  0.00000000    0.00435031  0.00000000    0.02031105  0.00000000

     Dynamical  Matrix in cartesian axes

     q = (    0.625000000  -0.875000000  -0.375000000 ) 

    1    1
  0.02031105  0.00000000   -0.00435031  0.00000000   -0.00951913  0.00000000
 -0.00435031  0.00000000    0.02514811  0.00000000    0.00396455  0.00000000
 -0.00951913  0.00000000    0.00396455  0.00000000    0.02705773  0.00000000

     Dynamical  Matrix in cartesian axes

     q = (   -0.875000000  -0.625000000   0.375000000 ) 

    1    1
  0.02514811  0.00000000    0.00435031  0.00000000   -0.00396455  0.00000000
  0.00435031  0.00000000    0.02031105  0.00000000   -0.00951913  0.00000000
 -0.00396455  0.00000000   -0.00951913  0.00000000    0.02705773  0.00000000

     Dynamical  Matrix in cartesian axes

     q = (   -0.625000000   0.875000000   0.375000000 ) 

    1    1
  0.02031105  0.00000000   -0.00435031  0.00000000   -0.00951913  0.00000000
 -0.00435031  0.00000000    0.02514811  0.00000000    0.00396455  0.00000000
 -0.00951913  0.00000000    0.00396455  0.00000000    0.02705773  0.00000000

     Dynamical  Matrix in cartesian axes

     q = (    0.875000000   0.625000000   0.375000000 ) 

    1    1
  0.02514811  0.00000000    0.00435031  0.00000000    0.00396455  0.00000000
  0.00435031  0.00000000    0.02031105  0.00000000    0.00951913  0.00000000
  0.00396455  0.00000000    0.00951913  0.00000000    0.02705773  0.00000000

     Dynamical  Matrix in cartesian axes

     q = (    0.875000000  -0.625000000  -0.375000000 ) 

    1    1
  0.02514811  0.00000000   -0.00435031  0.00000000   -0.00396455  0.00000000
 -0.00435031  0.00000000    0.02031105  0.00000000    0.00951913  0.00000000
 -0.00396455  0.00000000    0.00951913  0.00000000    0.02705773  0.00000000

     Diagonalizing the dynamical matrix

     q = (    0.625000000  -0.375000000   0.875000000 ) 

 **************************************************************************
     freq (    1) =       2.633451 [THz] =      87.842477 [cm-1]
 (  0.830117  0.000000  0.543572  0.000000 -0.124238  0.000000 ) 
     freq (    2) =       3.403064 [THz] =     113.514011 [cm-1]
 ( -0.154888  0.000000  0.438839  0.000000  0.885116  0.000000 ) 
     freq (    3) =       4.352009 [THz] =     145.167403 [cm-1]
 (  0.535645  0.000000 -0.715506  0.000000  0.448481  0.000000 ) 
 **************************************************************************
