Dynamical matrix file
                                                                           
  1    1  2  9.0089596  0.0000000  0.0000000  0.0000000  0.0000000  0.0000000
           1  'Na  '    20954.103126620943     
    1    1      0.0000000000      0.0000000000      0.0000000000

     Dynamical  Matrix in cartesian axes

     q = (    0.625000000  -0.125000000   0.875000000 ) 

    1    1
  0.02963098  0.00000000   -0.00882066  0.00000000    0.00739764  0.00000000
 -0.00882066  0.00000000    0.05892017  0.00000000   -0.00259717  0.00000000
  0.00739764  0.00000000   -0.00259717  0.00000000    0.04127982  0.00000000

     Dynamical  Matrix in cartesian axes

     q = (    0.625000000  -0.125000000  -0.875000000 ) 

    1    1
  0.02963098  0.00000000   -0.00882066  0.00000000   -0.00739764  0.00000000
 -0.00882066  0.00000000    0.05892017  0.00000000    0.00259717  0.00000000
 -0.00739764  0.00000000    0.00259717  0.00000000    0.04127982  0.00000000

     Dynamical  Matrix in cartesian axes

     q = (    0.875000000   0.125000000   0.625000000 ) 

    1    1
  0.04127982  0.00000000    0.00259717  0.00000000    0.00739764  0.00000000
  0.00259717  0.00000000    0.05892017  0.00000000    0.00882066  0.00000000
  0.00739764  0.00000000    0.00882066  0.00000000    0.02963098  0.00000000

     Dynamical  Matrix in cartesian axes

     q = (    0.625000000   0.125000000   0.875000000 ) 

    1    1
  0.02963098  0.00000000    0.00882066  0.00000000    0.00739764  0.00000000
  0.00882066  0.00000000    0.05892017  0.00000000    0.00259717  0.00000000
  0.00739764  0.00000000    0.00259717  0.00000000    0.04127982  0.00000000

     Dynamical  Matrix in cartesian axes

     q = (    0.875000000  -0.125000000  -0.625000000 ) 

    1    1
  0.04127982  0.00000000   -0.00259717  0.00000000   -0.00739764  0.00000000
 -0.00259717  0.00000000    0.05892017  0.00000000    0.00882066  0.00000000
 -0.00739764  0.00000000    0.00882066  0.00000000    0.02963098  0.00000000

     Dynamical  Matrix in cartesian axes

     q = (    0.875000000  -0.125000000   0.625000000 ) 

    1    1
  0.04127982  0.00000000   -0.00259717  0.00000000    0.00739764  0.00000000
 -0.00259717  0.00000000    0.05892017  0.00000000   -0.00882066  0.00000000
  0.00739764  0.00000000   -0.00882066  0.00000000    0.02963098  0.00000000

     Dynamical  Matrix in cartesian axes

     q = (   -0.875000000  -0.125000000   0.625000000 ) 

    1    1
  0.04127982  0.00000000    0.00259717  0.00000000   -0.00739764  0.00000000
  0.00259717  0.00000000    0.05892017  0.00000000   -0.00882066  0.00000000
 -0.00739764  0.00000000   -0.00882066  0.00000000    0.02963098  0.00000000

     Dynamical  Matrix in cartesian axes

     q = (   -0.625000000  -0.125000000  -0.875000000 ) 

    1    1
  0.02963098  0.00000000    0.00882066  0.00000000    0.00739764  0.00000000
  0.00882066  0.00000000    0.05892017  0.00000000    0.00259717  0.00000000
  0.00739764  0.00000000    0.00259717  0.00000000    0.04127982  0.00000000

     Dynamical  Matrix in cartesian axes

     q = (   -0.875000000   0.125000000  -0.625000000 ) 

    1    1
  0.04127982  0.00000000   -0.00259717  0.00000000    0.00739764  0.00000000
 -0.00259717  0.00000000    0.05892017  0.00000000   -0.00882066  0.00000000
  0.00739764  0.00000000   -0.00882066  0.00000000    0.02963098  0.00000000

     Dynamical  Matrix in cartesian axes

     q = (   -0.625000000  -0.125000000   0.875000000 ) 

    1    1
  0.02963098  0.00000000    0.00882066  0.00000000   -0.00739764  0.00000000
  0.00882066  0.00000000    0.05892017  0.00000000   -0.00259717  0.00000000
 -0.00739764  0.00000000   -0.00259717  0.00000000    0.04127982  0.00000000

     Dynamical  Matrix in cartesian axes

     q = (   -0.875000000   0.125000000   0.625000000 ) 

    1    1
  0.04127982  0.00000000   -0.00259717  0.00000000   -0.00739764  0.00000000
 -0.00259717  0.00000000    0.05892017  0.00000000    0.00882066  0.00000000
 -0.00739764  0.00000000    0.00882066  0.00000000    0.02963098  0.00000000

     Dynamical  Matrix in cartesian axes

     q = (    0.875000000   0.125000000  -0.625000000 ) 

    1    1
  0.04127982  0.00000000    0.00259717  0.00000000   -0.00739764  0.00000000
  0.00259717  0.00000000    0.05892017  0.00000000   -0.00882066  0.00000000
 -0.00739764  0.00000000   -0.00882066  0.00000000    0.02963098  0.00000000

     Dynamical  Matrix in cartesian axes

     q = (   -0.625000000   0.125000000   0.875000000 ) 

    1    1
  0.02963098  0.00000000   -0.00882066  0.00000000   -0.00739764  0.00000000
 -0.00882066  0.00000000    0.05892017  0.00000000    0.00259717  0.00000000
 -0.00739764  0.00000000    0.00259717  0.00000000    0.04127982  0.00000000

     Dynamical  Matrix in cartesian axes

     q = (   -0.875000000  -0.125000000  -0.625000000 ) 

    1    1
  0.04127982  0.00000000    0.00259717  0.00000000    0.00739764  0.00000000
  0.00259717  0.00000000    0.05892017  0.00000000    0.00882066  0.00000000
  0.00739764  0.00000000    0.00882066  0.00000000    0.02963098  0.00000000

     Dynamical  Matrix in cartesian axes

     q = (    0.625000000   0.125000000  -0.875000000 ) 

    1    1
  0.02963098  0.00000000    0.00882066  0.00000000   -0.00739764  0.00000000
  0.00882066  0.00000000    0.05892017  0.00000000   -0.00259717  0.00000000
 -0.00739764  0.00000000   -0.00259717  0.00000000    0.04127982  0.00000000

     Dynamical  Matrix in cartesian axes

     q = (   -0.625000000   0.125000000  -0.875000000 ) 

    1    1
  0.02963098  0.00000000   -0.00882066  0.00000000    0.00739764  0.00000000
 -0.00882066  0.00000000    0.05892017  0.00000000   -0.00259717  0.00000000
  0.00739764  0.00000000   -0.00259717  0.00000000    0.04127982  0.00000000

     Dynamical  Matrix in cartesian axes

     q = (   -0.125000000   0.875000000   0.625000000 ) 

    1    1
  0.05892017  0.00000000   -0.00259717  0.00000000   -0.00882066  0.00000000
 -0.00259717  0.00000000    0.04127982  0.00000000    0.00739764  0.00000000
 -0.00882066  0.00000000    0.00739764  0.00000000    0.02963098  0.00000000

     Dynamical  Matrix in cartesian axes

     q = (    0.125000000   0.875000000  -0.625000000 ) 

    1    1
  0.05892017  0.00000000    0.00259717  0.00000000   -0.00882066  0.00000000
  0.00259717  0.00000000    0.04127982  0.00000000   -0.00739764  0.00000000
 -0.00882066  0.00000000   -0.00739764  0.00000000    0.02963098  0.00000000

     Dynamical  Matrix in cartesian axes

     q = (   -0.125000000  -0.875000000  -0.625000000 ) 

    1    1
  0.05892017  0.00000000    0.00259717  0.00000000    0.00882066  0.00000000
  0.00259717  0.00000000    0.04127982  0.00000000    0.00739764  0.00000000
  0.00882066  0.00000000    0.00739764  0.00000000    0.02963098  0.00000000

     Dynamical  Matrix in cartesian axes

     q = (   -0.125000000   0.625000000  -0.875000000 ) 

    1    1
  0.05892017  0.00000000   -0.00882066  0.00000000    0.00259717  0.00000000
 -0.00882066  0.00000000    0.02963098  0.00000000   -0.00739764  0.00000000
  0.00259717  0.00000000   -0.00739764  0.00000000    0.04127982  0.00000000

     Dynamical  Matrix in cartesian axes

     q = (    0.875000000   0.625000000  -0.125000000 ) 

    1    1
  0.04127982  0.00000000    0.00739764  0.00000000   -0.00259717  0.00000000
  0.00739764  0.00000000    0.02963098  0.00000000   -0.00882066  0.00000000
 -0.00259717  0.00000000   -0.00882066  0.00000000    0.05892017  0.00000000

     Dynamical  Matrix in cartesian axes

     q = (   -0.125000000   0.875000000  -0.625000000 ) 

    1    1
  0.05892017  0.00000000   -0.00259717  0.00000000    0.00882066  0.00000000
 -0.00259717  0.00000000    0.04127982  0.00000000   -0.00739764  0.00000000
  0.00882066  0.00000000   -0.00739764  0.00000000    0.02963098  0.00000000

     Dynamical  Matrix in cartesian axes

     q = (   -0.875000000  -0.625000000  -0.125000000 ) 

    1    1
  0.04127982  0.00000000    0.00739764  0.00000000    0.00259717  0.00000000
  0.00739764  0.00000000    0.02963098  0.00000000    0.00882066  0.00000000
  0.00259717  0.00000000    0.00882066  0.00000000    0.05892017  0.00000000

     Dynamical  Matrix in cartesian axes

     q = (   -0.875000000   0.625000000   0.125000000 ) 

    1    1
  0.04127982  0.00000000   -0.00739764  0.00000000   -0.00259717  0.00000000
 -0.00739764  0.00000000    0.02963098  0.00000000    0.00882066  0.00000000
 -0.00259717  0.00000000    0.00882066  0.00000000    0.05892017  0.00000000

     Dynamical  Matrix in cartesian axes

     q = (    0.125000000  -0.625000000   0.875000000 ) 

    1    1
  0.05892017  0.00000000   -0.00882066  0.00000000    0.00259717  0.00000000
 -0.00882066  0.00000000    0.02963098  0.00000000   -0.00739764  0.00000000
  0.00259717  0.00000000   -0.00739764  0.00000000    0.04127982  0.00000000

     Dynamical  Matrix in cartesian axes

     q = (    0.125000000  -0.875000000   0.625000000 ) 

    1    1
  0.05892017  0.00000000   -0.00259717  0.00000000    0.00882066  0.00000000
 -0.00259717  0.00000000    0.04127982  0.00000000   -0.00739764  0.00000000
  0.00882066  0.00000000   -0.00739764  0.00000000    0.02963098  0.00000000

     Dynamical  Matrix in cartesian axes

     q = (    0.625000000  -0.875000000   0.125000000 ) 

    1    1
  0.02963098  0.00000000   -0.00739764  0.00000000    0.00882066  0.00000000
 -0.00739764  0.00000000    0.04127982  0.00000000   -0.00259717  0.00000000
  0.00882066  0.00000000   -0.00259717  0.00000000    0.05892017  0.00000000

     Dynamical  Matrix in cartesian axes

     q = (   -0.875000000   0.625000000  -0.125000000 ) 

    1    1
  0.04127982  0.00000000   -0.00739764  0.00000000    0.00259717  0.00000000
 -0.00739764  0.00000000    0.02963098  0.00000000   -0.00882066  0.00000000
  0.00259717  0.00000000   -0.00882066  0.00000000    0.05892017  0.00000000

     Dynamical  Matrix in cartesian axes

     q = (    0.125000000   0.625000000   0.875000000 ) 

    1    1
  0.05892017  0.00000000    0.00882066  0.00000000    0.00259717  0.00000000
  0.00882066  0.00000000    0.02963098  0.00000000    0.00739764  0.00000000
  0.00259717  0.00000000    0.00739764  0.00000000    0.04127982  0.00000000

     Dynamical  Matrix in cartesian axes

     q = (   -0.125000000   0.625000000   0.875000000 ) 

    1    1
  0.05892017  0.00000000   -0.00882066  0.00000000   -0.00259717  0.00000000
 -0.00882066  0.00000000    0.02963098  0.00000000    0.00739764  0.00000000
 -0.00259717  0.00000000    0.00739764  0.00000000    0.04127982  0.00000000

     Dynamical  Matrix in cartesian axes

     q = (    0.125000000   0.625000000  -0.875000000 ) 

    1    1
  0.05892017  0.00000000    0.00882066  0.00000000   -0.00259717  0.00000000
  0.00882066  0.00000000    0.02963098  0.00000000   -0.00739764  0.00000000
 -0.00259717  0.00000000   -0.00739764  0.00000000    0.04127982  0.00000000

     Dynamical  Matrix in cartesian axes

     q = (   -0.125000000  -0.625000000  -0.875000000 ) 

    1    1
  0.05892017  0.00000000    0.00882066  0.00000000    0.00259717  0.00000000
  0.00882066  0.00000000    0.02963098  0.00000000    0.00739764  0.00000000
  0.00259717  0.00000000    0.00739764  0.00000000    0.04127982  0.00000000

     Dynamical  Matrix in cartesian axes

     q = (   -0.625000000  -0.875000000   0.125000000 ) 

    1    1
  0.02963098  0.00000000    0.00739764  0.00000000   -0.00882066  0.00000000
  0.00739764  0.00000000    0.04127982  0.00000000   -0.00259717  0.00000000
 -0.00882066  0.00000000   -0.00259717  0.00000000    0.05892017  0.00000000

     Dynamical  Matrix in cartesian axes

     q = (   -0.125000000  -0.625000000   0.875000000 ) 

    1    1
  0.05892017  0.00000000    0.00882066  0.00000000   -0.00259717  0.00000000
  0.00882066  0.00000000    0.02963098  0.00000000   -0.00739764  0.00000000
 -0.00259717  0.00000000   -0.00739764  0.00000000    0.04127982  0.00000000

     Dynamical  Matrix in cartesian axes

     q = (    0.875000000  -0.625000000   0.125000000 ) 

    1    1
  0.04127982  0.00000000   -0.00739764  0.00000000    0.00259717  0.00000000
 -0.00739764  0.00000000    0.02963098  0.00000000   -0.00882066  0.00000000
  0.00259717  0.00000000   -0.00882066  0.00000000    0.05892017  0.00000000

     Dynamical  Matrix in cartesian axes

     q = (    0.625000000   0.875000000   0.125000000 ) 

    1    1
  0.02963098  0.00000000    0.00739764  0.00000000    0.00882066  0.00000000
  0.00739764  0.00000000    0.04127982  0.00000000    0.00259717  0.00000000
  0.00882066  0.00000000    0.00259717  0.00000000    0.05892017  0.00000000

     Dynamical  Matrix in cartesian axes

     q = (    0.125000000  -0.625000000  -0.875000000 ) 

    1    1
  0.05892017  0.00000000   -0.00882066  0.00000000   -0.00259717  0.00000000
 -0.00882066  0.00000000    0.02963098  0.00000000    0.00739764  0.00000000
 -0.00259717  0.00000000    0.00739764  0.00000000    0.04127982  0.00000000

     Dynamical  Matrix in cartesian axes

     q = (    0.625000000   0.875000000  -0.125000000 ) 

    1    1
  0.02963098  0.00000000    0.00739764  0.00000000   -0.00882066  0.00000000
  0.00739764  0.00000000    0.04127982  0.00000000   -0.00259717  0.00000000
 -0.00882066  0.00000000   -0.00259717  0.00000000    0.05892017  0.00000000

     Dynamical  Matrix in cartesian axes

     q = (   -0.625000000  -0.875000000  -0.125000000 ) 

    1    1
  0.02963098  0.00000000    0.00739764  0.00000000    0.00882066  0.00000000
  0.00739764  0.00000000    0.04127982  0.00000000    0.00259717  0.00000000
  0.00882066  0.00000000    0.00259717  0.00000000    0.05892017  0.00000000

     Dynamical  Matrix in cartesian axes

     q = (   -0.625000000   0.875000000  -0.125000000 ) 

    1    1
  0.02963098  0.00000000   -0.00739764  0.00000000    0.00882066  0.00000000
 -0.00739764  0.00000000    0.04127982  0.00000000   -0.00259717  0.00000000
  0.00882066  0.00000000   -0.00259717  0.00000000    0.05892017  0.00000000

     Dynamical  Matrix in cartesian axes

     q = (    0.125000000  -0.875000000  -0.625000000 ) 

    1    1
  0.05892017  0.00000000   -0.00259717  0.00000000   -0.00882066  0.00000000
 -0.00259717  0.00000000    0.04127982  0.00000000    0.00739764  0.00000000
 -0.00882066  0.00000000    0.00739764  0.00000000    0.02963098  0.00000000

     Dynamical  Matrix in cartesian axes

     q = (   -0.125000000  -0.875000000   0.625000000 ) 

    1    1
  0.05892017  0.00000000    0.00259717  0.00000000   -0.00882066  0.00000000
  0.00259717  0.00000000    0.04127982  0.00000000   -0.00739764  0.00000000
 -0.00882066  0.00000000   -0.00739764  0.00000000    0.02963098  0.00000000

     Dynamical  Matrix in cartesian axes

     q = (    0.125000000   0.875000000   0.625000000 ) 

    1    1
  0.05892017  0.00000000    0.00259717  0.00000000    0.00882066  0.00000000
  0.00259717  0.00000000    0.04127982  0.00000000    0.00739764  0.00000000
  0.00882066  0.00000000    0.00739764  0.00000000    0.02963098  0.00000000

     Dynamical  Matrix in cartesian axes

     q = (    0.625000000  -0.875000000  -0.125000000 ) 

    1    1
  0.02963098  0.00000000   -0.00739764  0.00000000   -0.00882066  0.00000000
 -0.00739764  0.00000000    0.04127982  0.00000000    0.00259717  0.00000000
 -0.00882066  0.00000000    0.00259717  0.00000000    0.05892017  0.00000000

     Dynamical  Matrix in cartesian axes

     q = (   -0.875000000  -0.625000000   0.125000000 ) 

    1    1
  0.04127982  0.00000000    0.00739764  0.00000000   -0.00259717  0.00000000
  0.00739764  0.00000000    0.02963098  0.00000000   -0.00882066  0.00000000
 -0.00259717  0.00000000   -0.00882066  0.00000000    0.05892017  0.00000000

     Dynamical  Matrix in cartesian axes

     q = (   -0.625000000   0.875000000   0.125000000 ) 

    1    1
  0.02963098  0.00000000   -0.00739764  0.00000000   -0.00882066  0.00000000
 -0.00739764  0.00000000    0.04127982  0.00000000    0.00259717  0.00000000
 -0.00882066  0.00000000    0.00259717  0.00000000    0.05892017  0.00000000

     Dynamical  Matrix in cartesian axes

     q = (    0.875000000   0.625000000   0.125000000 ) 

    1    1
  0.04127982  0.00000000    0.00739764  0.00000000    0.00259717  0.00000000
  0.00739764  0.00000000    0.02963098  0.00000000    0.00882066  0.00000000
  0.00259717  0.00000000    0.00882066  0.00000000    0.05892017  0.00000000

     Dynamical  Matrix in cartesian axes

     q = (    0.875000000  -0.625000000  -0.125000000 ) 

    1    1
  0.04127982  0.00000000   -0.00739764  0.00000000   -0.00259717  0.00000000
 -0.00739764  0.00000000    0.02963098  0.00000000    0.00882066  0.00000000
 -0.00259717  0.00000000    0.00882066  0.00000000    0.05892017  0.00000000

     Diagonalizing the dynamical matrix

     q = (    0.625000000  -0.125000000   0.875000000 ) 

 **************************************************************************
     freq (    1) =       3.565532 [THz] =     118.933349 [cm-1]
 ( -0.906055  0.000000 -0.204928  0.000000  0.370227 -0.000000 ) 
     freq (    2) =       4.703850 [THz] =     156.903541 [cm-1]
 (  0.298809  0.000000  0.309659  0.000000  0.902676  0.000000 ) 
     freq (    3) =       5.676277 [THz] =     189.340218 [cm-1]
 (  0.299628  0.000000 -0.928502  0.000000  0.219334  0.000000 ) 
 **************************************************************************
