Dynamical matrix file
                                                                           
  1    1  2  9.3458221  0.0000000  0.0000000  0.0000000  0.0000000  0.0000000
           1  'Na  '    20954.103126620943     
    1    1      0.0000000000      0.0000000000      0.0000000000

     Dynamical  Matrix in cartesian axes

     q = (    0.625000000  -0.125000000   0.875000000 ) 

    1    1
  0.02588677  0.00000000   -0.00694085  0.00000000    0.00542830  0.00000000
 -0.00694085  0.00000000    0.04859620  0.00000000   -0.00180727  0.00000000
  0.00542830  0.00000000   -0.00180727  0.00000000    0.03485146  0.00000000

     Dynamical  Matrix in cartesian axes

     q = (    0.625000000  -0.125000000  -0.875000000 ) 

    1    1
  0.02588677  0.00000000   -0.00694085  0.00000000   -0.00542830  0.00000000
 -0.00694085  0.00000000    0.04859620  0.00000000    0.00180727  0.00000000
 -0.00542830  0.00000000    0.00180727  0.00000000    0.03485146  0.00000000

     Dynamical  Matrix in cartesian axes

     q = (    0.875000000   0.125000000   0.625000000 ) 

    1    1
  0.03485146  0.00000000    0.00180727  0.00000000    0.00542830  0.00000000
  0.00180727  0.00000000    0.04859620  0.00000000    0.00694085  0.00000000
  0.00542830  0.00000000    0.00694085  0.00000000    0.02588677  0.00000000

     Dynamical  Matrix in cartesian axes

     q = (    0.625000000   0.125000000   0.875000000 ) 

    1    1
  0.02588677  0.00000000    0.00694085  0.00000000    0.00542830  0.00000000
  0.00694085  0.00000000    0.04859620  0.00000000    0.00180727  0.00000000
  0.00542830  0.00000000    0.00180727  0.00000000    0.03485146  0.00000000

     Dynamical  Matrix in cartesian axes

     q = (    0.875000000  -0.125000000  -0.625000000 ) 

    1    1
  0.03485146  0.00000000   -0.00180727  0.00000000   -0.00542830  0.00000000
 -0.00180727  0.00000000    0.04859620  0.00000000    0.00694085  0.00000000
 -0.00542830  0.00000000    0.00694085  0.00000000    0.02588677  0.00000000

     Dynamical  Matrix in cartesian axes

     q = (    0.875000000  -0.125000000   0.625000000 ) 

    1    1
  0.03485146  0.00000000   -0.00180727  0.00000000    0.00542830  0.00000000
 -0.00180727  0.00000000    0.04859620  0.00000000   -0.00694085  0.00000000
  0.00542830  0.00000000   -0.00694085  0.00000000    0.02588677  0.00000000

     Dynamical  Matrix in cartesian axes

     q = (   -0.875000000  -0.125000000   0.625000000 ) 

    1    1
  0.03485146  0.00000000    0.00180727  0.00000000   -0.00542830  0.00000000
  0.00180727  0.00000000    0.04859620  0.00000000   -0.00694085  0.00000000
 -0.00542830  0.00000000   -0.00694085  0.00000000    0.02588677  0.00000000

     Dynamical  Matrix in cartesian axes

     q = (   -0.625000000  -0.125000000  -0.875000000 ) 

    1    1
  0.02588677  0.00000000    0.00694085  0.00000000    0.00542830  0.00000000
  0.00694085  0.00000000    0.04859620  0.00000000    0.00180727  0.00000000
  0.00542830  0.00000000    0.00180727  0.00000000    0.03485146  0.00000000

     Dynamical  Matrix in cartesian axes

     q = (   -0.875000000   0.125000000  -0.625000000 ) 

    1    1
  0.03485146  0.00000000   -0.00180727  0.00000000    0.00542830  0.00000000
 -0.00180727  0.00000000    0.04859620  0.00000000   -0.00694085  0.00000000
  0.00542830  0.00000000   -0.00694085  0.00000000    0.02588677  0.00000000

     Dynamical  Matrix in cartesian axes

     q = (   -0.625000000  -0.125000000   0.875000000 ) 

    1    1
  0.02588677  0.00000000    0.00694085  0.00000000   -0.00542830  0.00000000
  0.00694085  0.00000000    0.04859620  0.00000000   -0.00180727  0.00000000
 -0.00542830  0.00000000   -0.00180727  0.00000000    0.03485146  0.00000000

     Dynamical  Matrix in cartesian axes

     q = (   -0.875000000   0.125000000   0.625000000 ) 

    1    1
  0.03485146  0.00000000   -0.00180727  0.00000000   -0.00542830  0.00000000
 -0.00180727  0.00000000    0.04859620  0.00000000    0.00694085  0.00000000
 -0.00542830  0.00000000    0.00694085  0.00000000    0.02588677  0.00000000

     Dynamical  Matrix in cartesian axes

     q = (    0.875000000   0.125000000  -0.625000000 ) 

    1    1
  0.03485146  0.00000000    0.00180727  0.00000000   -0.00542830  0.00000000
  0.00180727  0.00000000    0.04859620  0.00000000   -0.00694085  0.00000000
 -0.00542830  0.00000000   -0.00694085  0.00000000    0.02588677  0.00000000

     Dynamical  Matrix in cartesian axes

     q = (   -0.625000000   0.125000000   0.875000000 ) 

    1    1
  0.02588677  0.00000000   -0.00694085  0.00000000   -0.00542830  0.00000000
 -0.00694085  0.00000000    0.04859620  0.00000000    0.00180727  0.00000000
 -0.00542830  0.00000000    0.00180727  0.00000000    0.03485146  0.00000000

     Dynamical  Matrix in cartesian axes

     q = (   -0.875000000  -0.125000000  -0.625000000 ) 

    1    1
  0.03485146  0.00000000    0.00180727  0.00000000    0.00542830  0.00000000
  0.00180727  0.00000000    0.04859620  0.00000000    0.00694085  0.00000000
  0.00542830  0.00000000    0.00694085  0.00000000    0.02588677  0.00000000

     Dynamical  Matrix in cartesian axes

     q = (    0.625000000   0.125000000  -0.875000000 ) 

    1    1
  0.02588677  0.00000000    0.00694085  0.00000000   -0.00542830  0.00000000
  0.00694085  0.00000000    0.04859620  0.00000000   -0.00180727  0.00000000
 -0.00542830  0.00000000   -0.00180727  0.00000000    0.03485146  0.00000000

     Dynamical  Matrix in cartesian axes

     q = (   -0.625000000   0.125000000  -0.875000000 ) 

    1    1
  0.02588677  0.00000000   -0.00694085  0.00000000    0.00542830  0.00000000
 -0.00694085  0.00000000    0.04859620  0.00000000   -0.00180727  0.00000000
  0.00542830  0.00000000   -0.00180727  0.00000000    0.03485146  0.00000000

     Dynamical  Matrix in cartesian axes

     q = (   -0.125000000   0.875000000   0.625000000 ) 

    1    1
  0.04859620  0.00000000   -0.00180727  0.00000000   -0.00694085  0.00000000
 -0.00180727  0.00000000    0.03485146  0.00000000    0.00542830  0.00000000
 -0.00694085  0.00000000    0.00542830  0.00000000    0.02588677  0.00000000

     Dynamical  Matrix in cartesian axes

     q = (    0.125000000   0.875000000  -0.625000000 ) 

    1    1
  0.04859620  0.00000000    0.00180727  0.00000000   -0.00694085  0.00000000
  0.00180727  0.00000000    0.03485146  0.00000000   -0.00542830  0.00000000
 -0.00694085  0.00000000   -0.00542830  0.00000000    0.02588677  0.00000000

     Dynamical  Matrix in cartesian axes

     q = (   -0.125000000  -0.875000000  -0.625000000 ) 

    1    1
  0.04859620  0.00000000    0.00180727  0.00000000    0.00694085  0.00000000
  0.00180727  0.00000000    0.03485146  0.00000000    0.00542830  0.00000000
  0.00694085  0.00000000    0.00542830  0.00000000    0.02588677  0.00000000

     Dynamical  Matrix in cartesian axes

     q = (   -0.125000000   0.625000000  -0.875000000 ) 

    1    1
  0.04859620  0.00000000   -0.00694085  0.00000000    0.00180727  0.00000000
 -0.00694085  0.00000000    0.02588677  0.00000000   -0.00542830  0.00000000
  0.00180727  0.00000000   -0.00542830  0.00000000    0.03485146  0.00000000

     Dynamical  Matrix in cartesian axes

     q = (    0.875000000   0.625000000  -0.125000000 ) 

    1    1
  0.03485146  0.00000000    0.00542830  0.00000000   -0.00180727  0.00000000
  0.00542830  0.00000000    0.02588677  0.00000000   -0.00694085  0.00000000
 -0.00180727  0.00000000   -0.00694085  0.00000000    0.04859620  0.00000000

     Dynamical  Matrix in cartesian axes

     q = (   -0.125000000   0.875000000  -0.625000000 ) 

    1    1
  0.04859620  0.00000000   -0.00180727  0.00000000    0.00694085  0.00000000
 -0.00180727  0.00000000    0.03485146  0.00000000   -0.00542830  0.00000000
  0.00694085  0.00000000   -0.00542830  0.00000000    0.02588677  0.00000000

     Dynamical  Matrix in cartesian axes

     q = (   -0.875000000  -0.625000000  -0.125000000 ) 

    1    1
  0.03485146  0.00000000    0.00542830  0.00000000    0.00180727  0.00000000
  0.00542830  0.00000000    0.02588677  0.00000000    0.00694085  0.00000000
  0.00180727  0.00000000    0.00694085  0.00000000    0.04859620  0.00000000

     Dynamical  Matrix in cartesian axes

     q = (   -0.875000000   0.625000000   0.125000000 ) 

    1    1
  0.03485146  0.00000000   -0.00542830  0.00000000   -0.00180727  0.00000000
 -0.00542830  0.00000000    0.02588677  0.00000000    0.00694085  0.00000000
 -0.00180727  0.00000000    0.00694085  0.00000000    0.04859620  0.00000000

     Dynamical  Matrix in cartesian axes

     q = (    0.125000000  -0.625000000   0.875000000 ) 

    1    1
  0.04859620  0.00000000   -0.00694085  0.00000000    0.00180727  0.00000000
 -0.00694085  0.00000000    0.02588677  0.00000000   -0.00542830  0.00000000
  0.00180727  0.00000000   -0.00542830  0.00000000    0.03485146  0.00000000

     Dynamical  Matrix in cartesian axes

     q = (    0.125000000  -0.875000000   0.625000000 ) 

    1    1
  0.04859620  0.00000000   -0.00180727  0.00000000    0.00694085  0.00000000
 -0.00180727  0.00000000    0.03485146  0.00000000   -0.00542830  0.00000000
  0.00694085  0.00000000   -0.00542830  0.00000000    0.02588677  0.00000000

     Dynamical  Matrix in cartesian axes

     q = (    0.625000000  -0.875000000   0.125000000 ) 

    1    1
  0.02588677  0.00000000   -0.00542830  0.00000000    0.00694085  0.00000000
 -0.00542830  0.00000000    0.03485146  0.00000000   -0.00180727  0.00000000
  0.00694085  0.00000000   -0.00180727  0.00000000    0.04859620  0.00000000

     Dynamical  Matrix in cartesian axes

     q = (   -0.875000000   0.625000000  -0.125000000 ) 

    1    1
  0.03485146  0.00000000   -0.00542830  0.00000000    0.00180727  0.00000000
 -0.00542830  0.00000000    0.02588677  0.00000000   -0.00694085  0.00000000
  0.00180727  0.00000000   -0.00694085  0.00000000    0.04859620  0.00000000

     Dynamical  Matrix in cartesian axes

     q = (    0.125000000   0.625000000   0.875000000 ) 

    1    1
  0.04859620  0.00000000    0.00694085  0.00000000    0.00180727  0.00000000
  0.00694085  0.00000000    0.02588677  0.00000000    0.00542830  0.00000000
  0.00180727  0.00000000    0.00542830  0.00000000    0.03485146  0.00000000

     Dynamical  Matrix in cartesian axes

     q = (   -0.125000000   0.625000000   0.875000000 ) 

    1    1
  0.04859620  0.00000000   -0.00694085  0.00000000   -0.00180727  0.00000000
 -0.00694085  0.00000000    0.02588677  0.00000000    0.00542830  0.00000000
 -0.00180727  0.00000000    0.00542830  0.00000000    0.03485146  0.00000000

     Dynamical  Matrix in cartesian axes

     q = (    0.125000000   0.625000000  -0.875000000 ) 

    1    1
  0.04859620  0.00000000    0.00694085  0.00000000   -0.00180727  0.00000000
  0.00694085  0.00000000    0.02588677  0.00000000   -0.00542830  0.00000000
 -0.00180727  0.00000000   -0.00542830  0.00000000    0.03485146  0.00000000

     Dynamical  Matrix in cartesian axes

     q = (   -0.125000000  -0.625000000  -0.875000000 ) 

    1    1
  0.04859620  0.00000000    0.00694085  0.00000000    0.00180727  0.00000000
  0.00694085  0.00000000    0.02588677  0.00000000    0.00542830  0.00000000
  0.00180727  0.00000000    0.00542830  0.00000000    0.03485146  0.00000000

     Dynamical  Matrix in cartesian axes

     q = (   -0.625000000  -0.875000000   0.125000000 ) 

    1    1
  0.02588677  0.00000000    0.00542830  0.00000000   -0.00694085  0.00000000
  0.00542830  0.00000000    0.03485146  0.00000000   -0.00180727  0.00000000
 -0.00694085  0.00000000   -0.00180727  0.00000000    0.04859620  0.00000000

     Dynamical  Matrix in cartesian axes

     q = (   -0.125000000  -0.625000000   0.875000000 ) 

    1    1
  0.04859620  0.00000000    0.00694085  0.00000000   -0.00180727  0.00000000
  0.00694085  0.00000000    0.02588677  0.00000000   -0.00542830  0.00000000
 -0.00180727  0.00000000   -0.00542830  0.00000000    0.03485146  0.00000000

     Dynamical  Matrix in cartesian axes

     q = (    0.875000000  -0.625000000   0.125000000 ) 

    1    1
  0.03485146  0.00000000   -0.00542830  0.00000000    0.00180727  0.00000000
 -0.00542830  0.00000000    0.02588677  0.00000000   -0.00694085  0.00000000
  0.00180727  0.00000000   -0.00694085  0.00000000    0.04859620  0.00000000

     Dynamical  Matrix in cartesian axes

     q = (    0.625000000   0.875000000   0.125000000 ) 

    1    1
  0.02588677  0.00000000    0.00542830  0.00000000    0.00694085  0.00000000
  0.00542830  0.00000000    0.03485146  0.00000000    0.00180727  0.00000000
  0.00694085  0.00000000    0.00180727  0.00000000    0.04859620  0.00000000

     Dynamical  Matrix in cartesian axes

     q = (    0.125000000  -0.625000000  -0.875000000 ) 

    1    1
  0.04859620  0.00000000   -0.00694085  0.00000000   -0.00180727  0.00000000
 -0.00694085  0.00000000    0.02588677  0.00000000    0.00542830  0.00000000
 -0.00180727  0.00000000    0.00542830  0.00000000    0.03485146  0.00000000

     Dynamical  Matrix in cartesian axes

     q = (    0.625000000   0.875000000  -0.125000000 ) 

    1    1
  0.02588677  0.00000000    0.00542830  0.00000000   -0.00694085  0.00000000
  0.00542830  0.00000000    0.03485146  0.00000000   -0.00180727  0.00000000
 -0.00694085  0.00000000   -0.00180727  0.00000000    0.04859620  0.00000000

     Dynamical  Matrix in cartesian axes

     q = (   -0.625000000  -0.875000000  -0.125000000 ) 

    1    1
  0.02588677  0.00000000    0.00542830  0.00000000    0.00694085  0.00000000
  0.00542830  0.00000000    0.03485146  0.00000000    0.00180727  0.00000000
  0.00694085  0.00000000    0.00180727  0.00000000    0.04859620  0.00000000

     Dynamical  Matrix in cartesian axes

     q = (   -0.625000000   0.875000000  -0.125000000 ) 

    1    1
  0.02588677  0.00000000   -0.00542830  0.00000000    0.00694085  0.00000000
 -0.00542830  0.00000000    0.03485146  0.00000000   -0.00180727  0.00000000
  0.00694085  0.00000000   -0.00180727  0.00000000    0.04859620  0.00000000

     Dynamical  Matrix in cartesian axes

     q = (    0.125000000  -0.875000000  -0.625000000 ) 

    1    1
  0.04859620  0.00000000   -0.00180727  0.00000000   -0.00694085  0.00000000
 -0.00180727  0.00000000    0.03485146  0.00000000    0.00542830  0.00000000
 -0.00694085  0.00000000    0.00542830  0.00000000    0.02588677  0.00000000

     Dynamical  Matrix in cartesian axes

     q = (   -0.125000000  -0.875000000   0.625000000 ) 

    1    1
  0.04859620  0.00000000    0.00180727  0.00000000   -0.00694085  0.00000000
  0.00180727  0.00000000    0.03485146  0.00000000   -0.00542830  0.00000000
 -0.00694085  0.00000000   -0.00542830  0.00000000    0.02588677  0.00000000

     Dynamical  Matrix in cartesian axes

     q = (    0.125000000   0.875000000   0.625000000 ) 

    1    1
  0.04859620  0.00000000    0.00180727  0.00000000    0.00694085  0.00000000
  0.00180727  0.00000000    0.03485146  0.00000000    0.00542830  0.00000000
  0.00694085  0.00000000    0.00542830  0.00000000    0.02588677  0.00000000

     Dynamical  Matrix in cartesian axes

     q = (    0.625000000  -0.875000000  -0.125000000 ) 

    1    1
  0.02588677  0.00000000   -0.00542830  0.00000000   -0.00694085  0.00000000
 -0.00542830  0.00000000    0.03485146  0.00000000    0.00180727  0.00000000
 -0.00694085  0.00000000    0.00180727  0.00000000    0.04859620  0.00000000

     Dynamical  Matrix in cartesian axes

     q = (   -0.875000000  -0.625000000   0.125000000 ) 

    1    1
  0.03485146  0.00000000    0.00542830  0.00000000   -0.00180727  0.00000000
  0.00542830  0.00000000    0.02588677  0.00000000   -0.00694085  0.00000000
 -0.00180727  0.00000000   -0.00694085  0.00000000    0.04859620  0.00000000

     Dynamical  Matrix in cartesian axes

     q = (   -0.625000000   0.875000000   0.125000000 ) 

    1    1
  0.02588677  0.00000000   -0.00542830  0.00000000   -0.00694085  0.00000000
 -0.00542830  0.00000000    0.03485146  0.00000000    0.00180727  0.00000000
 -0.00694085  0.00000000    0.00180727  0.00000000    0.04859620  0.00000000

     Dynamical  Matrix in cartesian axes

     q = (    0.875000000   0.625000000   0.125000000 ) 

    1    1
  0.03485146  0.00000000    0.00542830  0.00000000    0.00180727  0.00000000
  0.00542830  0.00000000    0.02588677  0.00000000    0.00694085  0.00000000
  0.00180727  0.00000000    0.00694085  0.00000000    0.04859620  0.00000000

     Dynamical  Matrix in cartesian axes

     q = (    0.875000000  -0.625000000  -0.125000000 ) 

    1    1
  0.03485146  0.00000000   -0.00542830  0.00000000   -0.00180727  0.00000000
 -0.00542830  0.00000000    0.02588677  0.00000000    0.00694085  0.00000000
 -0.00180727  0.00000000    0.00694085  0.00000000    0.04859620  0.00000000

     Diagonalizing the dynamical matrix

     q = (    0.625000000  -0.125000000   0.875000000 ) 

 **************************************************************************
     freq (    1) =       3.380143 [THz] =     112.749435 [cm-1]
 ( -0.909164  0.000000 -0.213955  0.000000  0.357273 -0.000000 ) 
     freq (    2) =       4.312216 [THz] =     143.840033 [cm-1]
 (  0.289936  0.000000  0.290626  0.000000  0.911852  0.000000 ) 
     freq (    3) =       5.143155 [THz] =     171.557201 [cm-1]
 (  0.298929  0.000000 -0.932609  0.000000  0.202194  0.000000 ) 
 **************************************************************************
