Dynamical matrix file
                                                                           
  1    1  2  9.3458221  0.0000000  0.0000000  0.0000000  0.0000000  0.0000000
           1  'Na  '    20954.103126620943     
    1    1      0.0000000000      0.0000000000      0.0000000000

     Dynamical  Matrix in cartesian axes

     q = (    0.625000000  -0.375000000   0.875000000 ) 

    1    1
  0.02736190  0.00000000   -0.01431130  0.00000000    0.00649891  0.00000000
 -0.01431130  0.00000000    0.03821651  0.00000000   -0.00590120  0.00000000
  0.00649891  0.00000000   -0.00590120  0.00000000    0.03390368  0.00000000

     Dynamical  Matrix in cartesian axes

     q = (    0.625000000  -0.375000000  -0.875000000 ) 

    1    1
  0.02736190  0.00000000   -0.01431130  0.00000000   -0.00649891  0.00000000
 -0.01431130  0.00000000    0.03821651  0.00000000    0.00590120  0.00000000
 -0.00649891  0.00000000    0.00590120  0.00000000    0.03390368  0.00000000

     Dynamical  Matrix in cartesian axes

     q = (    0.875000000   0.375000000   0.625000000 ) 

    1    1
  0.03390368  0.00000000    0.00590120  0.00000000    0.00649891  0.00000000
  0.00590120  0.00000000    0.03821651  0.00000000    0.01431130  0.00000000
  0.00649891  0.00000000    0.01431130  0.00000000    0.02736190  0.00000000

     Dynamical  Matrix in cartesian axes

     q = (    0.625000000   0.375000000   0.875000000 ) 

    1    1
  0.02736190  0.00000000    0.01431130  0.00000000    0.00649891  0.00000000
  0.01431130  0.00000000    0.03821651  0.00000000    0.00590120  0.00000000
  0.00649891  0.00000000    0.00590120  0.00000000    0.03390368  0.00000000

     Dynamical  Matrix in cartesian axes

     q = (    0.875000000  -0.375000000  -0.625000000 ) 

    1    1
  0.03390368  0.00000000   -0.00590120  0.00000000   -0.00649891  0.00000000
 -0.00590120  0.00000000    0.03821651  0.00000000    0.01431130  0.00000000
 -0.00649891  0.00000000    0.01431130  0.00000000    0.02736190  0.00000000

     Dynamical  Matrix in cartesian axes

     q = (    0.875000000  -0.375000000   0.625000000 ) 

    1    1
  0.03390368  0.00000000   -0.00590120  0.00000000    0.00649891  0.00000000
 -0.00590120  0.00000000    0.03821651  0.00000000   -0.01431130  0.00000000
  0.00649891  0.00000000   -0.01431130  0.00000000    0.02736190  0.00000000

     Dynamical  Matrix in cartesian axes

     q = (   -0.875000000  -0.375000000   0.625000000 ) 

    1    1
  0.03390368  0.00000000    0.00590120  0.00000000   -0.00649891  0.00000000
  0.00590120  0.00000000    0.03821651  0.00000000   -0.01431130  0.00000000
 -0.00649891  0.00000000   -0.01431130  0.00000000    0.02736190  0.00000000

     Dynamical  Matrix in cartesian axes

     q = (   -0.625000000  -0.375000000  -0.875000000 ) 

    1    1
  0.02736190  0.00000000    0.01431130  0.00000000    0.00649891  0.00000000
  0.01431130  0.00000000    0.03821651  0.00000000    0.00590120  0.00000000
  0.00649891  0.00000000    0.00590120  0.00000000    0.03390368  0.00000000

     Dynamical  Matrix in cartesian axes

     q = (   -0.875000000   0.375000000  -0.625000000 ) 

    1    1
  0.03390368  0.00000000   -0.00590120  0.00000000    0.00649891  0.00000000
 -0.00590120  0.00000000    0.03821651  0.00000000   -0.01431130  0.00000000
  0.00649891  0.00000000   -0.01431130  0.00000000    0.02736190  0.00000000

     Dynamical  Matrix in cartesian axes

     q = (   -0.625000000  -0.375000000   0.875000000 ) 

    1    1
  0.02736190  0.00000000    0.01431130  0.00000000   -0.00649891  0.00000000
  0.01431130  0.00000000    0.03821651  0.00000000   -0.00590120  0.00000000
 -0.00649891  0.00000000   -0.00590120  0.00000000    0.03390368  0.00000000

     Dynamical  Matrix in cartesian axes

     q = (   -0.875000000   0.375000000   0.625000000 ) 

    1    1
  0.03390368  0.00000000   -0.00590120  0.00000000   -0.00649891  0.00000000
 -0.00590120  0.00000000    0.03821651  0.00000000    0.01431130  0.00000000
 -0.00649891  0.00000000    0.01431130  0.00000000    0.02736190  0.00000000

     Dynamical  Matrix in cartesian axes

     q = (    0.875000000   0.375000000  -0.625000000 ) 

    1    1
  0.03390368  0.00000000    0.00590120  0.00000000   -0.00649891  0.00000000
  0.00590120  0.00000000    0.03821651  0.00000000   -0.01431130  0.00000000
 -0.00649891  0.00000000   -0.01431130  0.00000000    0.02736190  0.00000000

     Dynamical  Matrix in cartesian axes

     q = (   -0.625000000   0.375000000   0.875000000 ) 

    1    1
  0.02736190  0.00000000   -0.01431130  0.00000000   -0.00649891  0.00000000
 -0.01431130  0.00000000    0.03821651  0.00000000    0.00590120  0.00000000
 -0.00649891  0.00000000    0.00590120  0.00000000    0.03390368  0.00000000

     Dynamical  Matrix in cartesian axes

     q = (   -0.875000000  -0.375000000  -0.625000000 ) 

    1    1
  0.03390368  0.00000000    0.00590120  0.00000000    0.00649891  0.00000000
  0.00590120  0.00000000    0.03821651  0.00000000    0.01431130  0.00000000
  0.00649891  0.00000000    0.01431130  0.00000000    0.02736190  0.00000000

     Dynamical  Matrix in cartesian axes

     q = (    0.625000000   0.375000000  -0.875000000 ) 

    1    1
  0.02736190  0.00000000    0.01431130  0.00000000   -0.00649891  0.00000000
  0.01431130  0.00000000    0.03821651  0.00000000   -0.00590120  0.00000000
 -0.00649891  0.00000000   -0.00590120  0.00000000    0.03390368  0.00000000

     Dynamical  Matrix in cartesian axes

     q = (   -0.625000000   0.375000000  -0.875000000 ) 

    1    1
  0.02736190  0.00000000   -0.01431130  0.00000000    0.00649891  0.00000000
 -0.01431130  0.00000000    0.03821651  0.00000000   -0.00590120  0.00000000
  0.00649891  0.00000000   -0.00590120  0.00000000    0.03390368  0.00000000

     Dynamical  Matrix in cartesian axes

     q = (   -0.375000000   0.875000000   0.625000000 ) 

    1    1
  0.03821651  0.00000000   -0.00590120  0.00000000   -0.01431130  0.00000000
 -0.00590120  0.00000000    0.03390368  0.00000000    0.00649891  0.00000000
 -0.01431130  0.00000000    0.00649891  0.00000000    0.02736190  0.00000000

     Dynamical  Matrix in cartesian axes

     q = (    0.375000000   0.875000000  -0.625000000 ) 

    1    1
  0.03821651  0.00000000    0.00590120  0.00000000   -0.01431130  0.00000000
  0.00590120  0.00000000    0.03390368  0.00000000   -0.00649891  0.00000000
 -0.01431130  0.00000000   -0.00649891  0.00000000    0.02736190  0.00000000

     Dynamical  Matrix in cartesian axes

     q = (   -0.375000000  -0.875000000  -0.625000000 ) 

    1    1
  0.03821651  0.00000000    0.00590120  0.00000000    0.01431130  0.00000000
  0.00590120  0.00000000    0.03390368  0.00000000    0.00649891  0.00000000
  0.01431130  0.00000000    0.00649891  0.00000000    0.02736190  0.00000000

     Dynamical  Matrix in cartesian axes

     q = (   -0.375000000   0.625000000  -0.875000000 ) 

    1    1
  0.03821651  0.00000000   -0.01431130  0.00000000    0.00590120  0.00000000
 -0.01431130  0.00000000    0.02736190  0.00000000   -0.00649891  0.00000000
  0.00590120  0.00000000   -0.00649891  0.00000000    0.03390368  0.00000000

     Dynamical  Matrix in cartesian axes

     q = (    0.875000000   0.625000000  -0.375000000 ) 

    1    1
  0.03390368  0.00000000    0.00649891  0.00000000   -0.00590120  0.00000000
  0.00649891  0.00000000    0.02736190  0.00000000   -0.01431130  0.00000000
 -0.00590120  0.00000000   -0.01431130  0.00000000    0.03821651  0.00000000

     Dynamical  Matrix in cartesian axes

     q = (   -0.375000000   0.875000000  -0.625000000 ) 

    1    1
  0.03821651  0.00000000   -0.00590120  0.00000000    0.01431130  0.00000000
 -0.00590120  0.00000000    0.03390368  0.00000000   -0.00649891  0.00000000
  0.01431130  0.00000000   -0.00649891  0.00000000    0.02736190  0.00000000

     Dynamical  Matrix in cartesian axes

     q = (   -0.875000000  -0.625000000  -0.375000000 ) 

    1    1
  0.03390368  0.00000000    0.00649891  0.00000000    0.00590120  0.00000000
  0.00649891  0.00000000    0.02736190  0.00000000    0.01431130  0.00000000
  0.00590120  0.00000000    0.01431130  0.00000000    0.03821651  0.00000000

     Dynamical  Matrix in cartesian axes

     q = (   -0.875000000   0.625000000   0.375000000 ) 

    1    1
  0.03390368  0.00000000   -0.00649891  0.00000000   -0.00590120  0.00000000
 -0.00649891  0.00000000    0.02736190  0.00000000    0.01431130  0.00000000
 -0.00590120  0.00000000    0.01431130  0.00000000    0.03821651  0.00000000

     Dynamical  Matrix in cartesian axes

     q = (    0.375000000  -0.625000000   0.875000000 ) 

    1    1
  0.03821651  0.00000000   -0.01431130  0.00000000    0.00590120  0.00000000
 -0.01431130  0.00000000    0.02736190  0.00000000   -0.00649891  0.00000000
  0.00590120  0.00000000   -0.00649891  0.00000000    0.03390368  0.00000000

     Dynamical  Matrix in cartesian axes

     q = (    0.375000000  -0.875000000   0.625000000 ) 

    1    1
  0.03821651  0.00000000   -0.00590120  0.00000000    0.01431130  0.00000000
 -0.00590120  0.00000000    0.03390368  0.00000000   -0.00649891  0.00000000
  0.01431130  0.00000000   -0.00649891  0.00000000    0.02736190  0.00000000

     Dynamical  Matrix in cartesian axes

     q = (    0.625000000  -0.875000000   0.375000000 ) 

    1    1
  0.02736190  0.00000000   -0.00649891  0.00000000    0.01431130  0.00000000
 -0.00649891  0.00000000    0.03390368  0.00000000   -0.00590120  0.00000000
  0.01431130  0.00000000   -0.00590120  0.00000000    0.03821651  0.00000000

     Dynamical  Matrix in cartesian axes

     q = (   -0.875000000   0.625000000  -0.375000000 ) 

    1    1
  0.03390368  0.00000000   -0.00649891  0.00000000    0.00590120  0.00000000
 -0.00649891  0.00000000    0.02736190  0.00000000   -0.01431130  0.00000000
  0.00590120  0.00000000   -0.01431130  0.00000000    0.03821651  0.00000000

     Dynamical  Matrix in cartesian axes

     q = (    0.375000000   0.625000000   0.875000000 ) 

    1    1
  0.03821651  0.00000000    0.01431130  0.00000000    0.00590120  0.00000000
  0.01431130  0.00000000    0.02736190  0.00000000    0.00649891  0.00000000
  0.00590120  0.00000000    0.00649891  0.00000000    0.03390368  0.00000000

     Dynamical  Matrix in cartesian axes

     q = (   -0.375000000   0.625000000   0.875000000 ) 

    1    1
  0.03821651  0.00000000   -0.01431130  0.00000000   -0.00590120  0.00000000
 -0.01431130  0.00000000    0.02736190  0.00000000    0.00649891  0.00000000
 -0.00590120  0.00000000    0.00649891  0.00000000    0.03390368  0.00000000

     Dynamical  Matrix in cartesian axes

     q = (    0.375000000   0.625000000  -0.875000000 ) 

    1    1
  0.03821651  0.00000000    0.01431130  0.00000000   -0.00590120  0.00000000
  0.01431130  0.00000000    0.02736190  0.00000000   -0.00649891  0.00000000
 -0.00590120  0.00000000   -0.00649891  0.00000000    0.03390368  0.00000000

     Dynamical  Matrix in cartesian axes

     q = (   -0.375000000  -0.625000000  -0.875000000 ) 

    1    1
  0.03821651  0.00000000    0.01431130  0.00000000    0.00590120  0.00000000
  0.01431130  0.00000000    0.02736190  0.00000000    0.00649891  0.00000000
  0.00590120  0.00000000    0.00649891  0.00000000    0.03390368  0.00000000

     Dynamical  Matrix in cartesian axes

     q = (   -0.625000000  -0.875000000   0.375000000 ) 

    1    1
  0.02736190  0.00000000    0.00649891  0.00000000   -0.01431130  0.00000000
  0.00649891  0.00000000    0.03390368  0.00000000   -0.00590120  0.00000000
 -0.01431130  0.00000000   -0.00590120  0.00000000    0.03821651  0.00000000

     Dynamical  Matrix in cartesian axes

     q = (   -0.375000000  -0.625000000   0.875000000 ) 

    1    1
  0.03821651  0.00000000    0.01431130  0.00000000   -0.00590120  0.00000000
  0.01431130  0.00000000    0.02736190  0.00000000   -0.00649891  0.00000000
 -0.00590120  0.00000000   -0.00649891  0.00000000    0.03390368  0.00000000

     Dynamical  Matrix in cartesian axes

     q = (    0.875000000  -0.625000000   0.375000000 ) 

    1    1
  0.03390368  0.00000000   -0.00649891  0.00000000    0.00590120  0.00000000
 -0.00649891  0.00000000    0.02736190  0.00000000   -0.01431130  0.00000000
  0.00590120  0.00000000   -0.01431130  0.00000000    0.03821651  0.00000000

     Dynamical  Matrix in cartesian axes

     q = (    0.625000000   0.875000000   0.375000000 ) 

    1    1
  0.02736190  0.00000000    0.00649891  0.00000000    0.01431130  0.00000000
  0.00649891  0.00000000    0.03390368  0.00000000    0.00590120  0.00000000
  0.01431130  0.00000000    0.00590120  0.00000000    0.03821651  0.00000000

     Dynamical  Matrix in cartesian axes

     q = (    0.375000000  -0.625000000  -0.875000000 ) 

    1    1
  0.03821651  0.00000000   -0.01431130  0.00000000   -0.00590120  0.00000000
 -0.01431130  0.00000000    0.02736190  0.00000000    0.00649891  0.00000000
 -0.00590120  0.00000000    0.00649891  0.00000000    0.03390368  0.00000000

     Dynamical  Matrix in cartesian axes

     q = (    0.625000000   0.875000000  -0.375000000 ) 

    1    1
  0.02736190  0.00000000    0.00649891  0.00000000   -0.01431130  0.00000000
  0.00649891  0.00000000    0.03390368  0.00000000   -0.00590120  0.00000000
 -0.01431130  0.00000000   -0.00590120  0.00000000    0.03821651  0.00000000

     Dynamical  Matrix in cartesian axes

     q = (   -0.625000000  -0.875000000  -0.375000000 ) 

    1    1
  0.02736190  0.00000000    0.00649891  0.00000000    0.01431130  0.00000000
  0.00649891  0.00000000    0.03390368  0.00000000    0.00590120  0.00000000
  0.01431130  0.00000000    0.00590120  0.00000000    0.03821651  0.00000000

     Dynamical  Matrix in cartesian axes

     q = (   -0.625000000   0.875000000  -0.375000000 ) 

    1    1
  0.02736190  0.00000000   -0.00649891  0.00000000    0.01431130  0.00000000
 -0.00649891  0.00000000    0.03390368  0.00000000   -0.00590120  0.00000000
  0.01431130  0.00000000   -0.00590120  0.00000000    0.03821651  0.00000000

     Dynamical  Matrix in cartesian axes

     q = (    0.375000000  -0.875000000  -0.625000000 ) 

    1    1
  0.03821651  0.00000000   -0.00590120  0.00000000   -0.01431130  0.00000000
 -0.00590120  0.00000000    0.03390368  0.00000000    0.00649891  0.00000000
 -0.01431130  0.00000000    0.00649891  0.00000000    0.02736190  0.00000000

     Dynamical  Matrix in cartesian axes

     q = (   -0.375000000  -0.875000000   0.625000000 ) 

    1    1
  0.03821651  0.00000000    0.00590120  0.00000000   -0.01431130  0.00000000
  0.00590120  0.00000000    0.03390368  0.00000000   -0.00649891  0.00000000
 -0.01431130  0.00000000   -0.00649891  0.00000000    0.02736190  0.00000000

     Dynamical  Matrix in cartesian axes

     q = (    0.375000000   0.875000000   0.625000000 ) 

    1    1
  0.03821651  0.00000000    0.00590120  0.00000000    0.01431130  0.00000000
  0.00590120  0.00000000    0.03390368  0.00000000    0.00649891  0.00000000
  0.01431130  0.00000000    0.00649891  0.00000000    0.02736190  0.00000000

     Dynamical  Matrix in cartesian axes

     q = (    0.625000000  -0.875000000  -0.375000000 ) 

    1    1
  0.02736190  0.00000000   -0.00649891  0.00000000   -0.01431130  0.00000000
 -0.00649891  0.00000000    0.03390368  0.00000000    0.00590120  0.00000000
 -0.01431130  0.00000000    0.00590120  0.00000000    0.03821651  0.00000000

     Dynamical  Matrix in cartesian axes

     q = (   -0.875000000  -0.625000000   0.375000000 ) 

    1    1
  0.03390368  0.00000000    0.00649891  0.00000000   -0.00590120  0.00000000
  0.00649891  0.00000000    0.02736190  0.00000000   -0.01431130  0.00000000
 -0.00590120  0.00000000   -0.01431130  0.00000000    0.03821651  0.00000000

     Dynamical  Matrix in cartesian axes

     q = (   -0.625000000   0.875000000   0.375000000 ) 

    1    1
  0.02736190  0.00000000   -0.00649891  0.00000000   -0.01431130  0.00000000
 -0.00649891  0.00000000    0.03390368  0.00000000    0.00590120  0.00000000
 -0.01431130  0.00000000    0.00590120  0.00000000    0.03821651  0.00000000

     Dynamical  Matrix in cartesian axes

     q = (    0.875000000   0.625000000   0.375000000 ) 

    1    1
  0.03390368  0.00000000    0.00649891  0.00000000    0.00590120  0.00000000
  0.00649891  0.00000000    0.02736190  0.00000000    0.01431130  0.00000000
  0.00590120  0.00000000    0.01431130  0.00000000    0.03821651  0.00000000

     Dynamical  Matrix in cartesian axes

     q = (    0.875000000  -0.625000000  -0.375000000 ) 

    1    1
  0.03390368  0.00000000   -0.00649891  0.00000000   -0.00590120  0.00000000
 -0.00649891  0.00000000    0.02736190  0.00000000    0.01431130  0.00000000
 -0.00590120  0.00000000    0.01431130  0.00000000    0.03821651  0.00000000

     Diagonalizing the dynamical matrix

     q = (    0.625000000  -0.375000000   0.875000000 ) 

 **************************************************************************
     freq (    1) =       2.981070 [THz] =      99.437800 [cm-1]
 (  0.836189  0.000000  0.530837  0.000000 -0.137842  0.000000 ) 
     freq (    2) =       3.946041 [THz] =     131.625774 [cm-1]
 ( -0.125882  0.000000  0.430390  0.000000  0.893822  0.000000 ) 
     freq (    3) =       5.189002 [THz] =     173.086471 [cm-1]
 (  0.533800  0.000000 -0.730052  0.000000  0.426710  0.000000 ) 
 **************************************************************************
