Dynamical matrix file
                                                                           
  1    1  3  7.0455973  0.0000000  0.0000000  0.0000000  0.0000000  0.0000000
           1  'Na  '    20954.103126620943     
    1    1      0.0000000000      0.0000000000      0.0000000000

     Dynamical  Matrix in cartesian axes

     q = (   -0.125000000  -0.250000000   0.375000000 ) 

    1    1
  0.02047670  0.00000000    0.00324237  0.00000000   -0.00876835  0.00000000
  0.00324237  0.00000000    0.02682045  0.00000000   -0.02102273  0.00000000
 -0.00876835  0.00000000   -0.02102273  0.00000000    0.03165936  0.00000000

     Dynamical  Matrix in cartesian axes

     q = (   -0.250000000  -0.125000000   0.375000000 ) 

    1    1
  0.02682045  0.00000000    0.00324237  0.00000000   -0.02102273  0.00000000
  0.00324237  0.00000000    0.02047670  0.00000000   -0.00876835  0.00000000
 -0.02102273  0.00000000   -0.00876835  0.00000000    0.03165936  0.00000000

     Dynamical  Matrix in cartesian axes

     q = (   -0.125000000  -0.375000000   0.250000000 ) 

    1    1
  0.02047670  0.00000000    0.00876835  0.00000000   -0.00324237  0.00000000
  0.00876835  0.00000000    0.03165936  0.00000000   -0.02102273  0.00000000
 -0.00324237  0.00000000   -0.02102273  0.00000000    0.02682045  0.00000000

     Dynamical  Matrix in cartesian axes

     q = (    0.125000000  -0.375000000   0.250000000 ) 

    1    1
  0.02047670  0.00000000   -0.00876835  0.00000000    0.00324237  0.00000000
 -0.00876835  0.00000000    0.03165936  0.00000000   -0.02102273  0.00000000
  0.00324237  0.00000000   -0.02102273  0.00000000    0.02682045  0.00000000

     Dynamical  Matrix in cartesian axes

     q = (   -0.125000000   0.250000000  -0.375000000 ) 

    1    1
  0.02047670  0.00000000   -0.00324237  0.00000000    0.00876835  0.00000000
 -0.00324237  0.00000000    0.02682045  0.00000000   -0.02102273  0.00000000
  0.00876835  0.00000000   -0.02102273  0.00000000    0.03165936  0.00000000

     Dynamical  Matrix in cartesian axes

     q = (   -0.125000000   0.375000000  -0.250000000 ) 

    1    1
  0.02047670  0.00000000   -0.00876835  0.00000000    0.00324237  0.00000000
 -0.00876835  0.00000000    0.03165936  0.00000000   -0.02102273  0.00000000
  0.00324237  0.00000000   -0.02102273  0.00000000    0.02682045  0.00000000

     Dynamical  Matrix in cartesian axes

     q = (    0.125000000   0.250000000  -0.375000000 ) 

    1    1
  0.02047670  0.00000000    0.00324237  0.00000000   -0.00876835  0.00000000
  0.00324237  0.00000000    0.02682045  0.00000000   -0.02102273  0.00000000
 -0.00876835  0.00000000   -0.02102273  0.00000000    0.03165936  0.00000000

     Dynamical  Matrix in cartesian axes

     q = (    0.125000000   0.375000000  -0.250000000 ) 

    1    1
  0.02047670  0.00000000    0.00876835  0.00000000   -0.00324237  0.00000000
  0.00876835  0.00000000    0.03165936  0.00000000   -0.02102273  0.00000000
 -0.00324237  0.00000000   -0.02102273  0.00000000    0.02682045  0.00000000

     Dynamical  Matrix in cartesian axes

     q = (    0.250000000  -0.375000000  -0.125000000 ) 

    1    1
  0.02682045  0.00000000   -0.02102273  0.00000000   -0.00324237  0.00000000
 -0.02102273  0.00000000    0.03165936  0.00000000    0.00876835  0.00000000
 -0.00324237  0.00000000    0.00876835  0.00000000    0.02047670  0.00000000

     Dynamical  Matrix in cartesian axes

     q = (   -0.375000000   0.125000000  -0.250000000 ) 

    1    1
  0.03165936  0.00000000   -0.00876835  0.00000000    0.02102273  0.00000000
 -0.00876835  0.00000000    0.02047670  0.00000000   -0.00324237  0.00000000
  0.02102273  0.00000000   -0.00324237  0.00000000    0.02682045  0.00000000

     Dynamical  Matrix in cartesian axes

     q = (    0.375000000   0.125000000   0.250000000 ) 

    1    1
  0.03165936  0.00000000    0.00876835  0.00000000    0.02102273  0.00000000
  0.00876835  0.00000000    0.02047670  0.00000000    0.00324237  0.00000000
  0.02102273  0.00000000    0.00324237  0.00000000    0.02682045  0.00000000

     Dynamical  Matrix in cartesian axes

     q = (    0.250000000   0.125000000   0.375000000 ) 

    1    1
  0.02682045  0.00000000    0.00324237  0.00000000    0.02102273  0.00000000
  0.00324237  0.00000000    0.02047670  0.00000000    0.00876835  0.00000000
  0.02102273  0.00000000    0.00876835  0.00000000    0.03165936  0.00000000

     Dynamical  Matrix in cartesian axes

     q = (   -0.375000000  -0.125000000   0.250000000 ) 

    1    1
  0.03165936  0.00000000    0.00876835  0.00000000   -0.02102273  0.00000000
  0.00876835  0.00000000    0.02047670  0.00000000   -0.00324237  0.00000000
 -0.02102273  0.00000000   -0.00324237  0.00000000    0.02682045  0.00000000

     Dynamical  Matrix in cartesian axes

     q = (    0.375000000  -0.125000000  -0.250000000 ) 

    1    1
  0.03165936  0.00000000   -0.00876835  0.00000000   -0.02102273  0.00000000
 -0.00876835  0.00000000    0.02047670  0.00000000    0.00324237  0.00000000
 -0.02102273  0.00000000    0.00324237  0.00000000    0.02682045  0.00000000

     Dynamical  Matrix in cartesian axes

     q = (    0.125000000  -0.250000000  -0.375000000 ) 

    1    1
  0.02047670  0.00000000   -0.00324237  0.00000000   -0.00876835  0.00000000
 -0.00324237  0.00000000    0.02682045  0.00000000    0.02102273  0.00000000
 -0.00876835  0.00000000    0.02102273  0.00000000    0.03165936  0.00000000

     Dynamical  Matrix in cartesian axes

     q = (    0.250000000  -0.125000000  -0.375000000 ) 

    1    1
  0.02682045  0.00000000   -0.00324237  0.00000000   -0.02102273  0.00000000
 -0.00324237  0.00000000    0.02047670  0.00000000    0.00876835  0.00000000
 -0.02102273  0.00000000    0.00876835  0.00000000    0.03165936  0.00000000

     Dynamical  Matrix in cartesian axes

     q = (   -0.250000000   0.125000000  -0.375000000 ) 

    1    1
  0.02682045  0.00000000   -0.00324237  0.00000000    0.02102273  0.00000000
 -0.00324237  0.00000000    0.02047670  0.00000000   -0.00876835  0.00000000
  0.02102273  0.00000000   -0.00876835  0.00000000    0.03165936  0.00000000

     Dynamical  Matrix in cartesian axes

     q = (   -0.375000000  -0.250000000   0.125000000 ) 

    1    1
  0.03165936  0.00000000    0.02102273  0.00000000   -0.00876835  0.00000000
  0.02102273  0.00000000    0.02682045  0.00000000   -0.00324237  0.00000000
 -0.00876835  0.00000000   -0.00324237  0.00000000    0.02047670  0.00000000

     Dynamical  Matrix in cartesian axes

     q = (   -0.375000000   0.250000000  -0.125000000 ) 

    1    1
  0.03165936  0.00000000   -0.02102273  0.00000000    0.00876835  0.00000000
 -0.02102273  0.00000000    0.02682045  0.00000000   -0.00324237  0.00000000
  0.00876835  0.00000000   -0.00324237  0.00000000    0.02047670  0.00000000

     Dynamical  Matrix in cartesian axes

     q = (    0.375000000   0.250000000   0.125000000 ) 

    1    1
  0.03165936  0.00000000    0.02102273  0.00000000    0.00876835  0.00000000
  0.02102273  0.00000000    0.02682045  0.00000000    0.00324237  0.00000000
  0.00876835  0.00000000    0.00324237  0.00000000    0.02047670  0.00000000

     Dynamical  Matrix in cartesian axes

     q = (    0.250000000  -0.125000000   0.375000000 ) 

    1    1
  0.02682045  0.00000000   -0.00324237  0.00000000    0.02102273  0.00000000
 -0.00324237  0.00000000    0.02047670  0.00000000   -0.00876835  0.00000000
  0.02102273  0.00000000   -0.00876835  0.00000000    0.03165936  0.00000000

     Dynamical  Matrix in cartesian axes

     q = (   -0.250000000   0.375000000  -0.125000000 ) 

    1    1
  0.02682045  0.00000000   -0.02102273  0.00000000    0.00324237  0.00000000
 -0.02102273  0.00000000    0.03165936  0.00000000   -0.00876835  0.00000000
  0.00324237  0.00000000   -0.00876835  0.00000000    0.02047670  0.00000000

     Dynamical  Matrix in cartesian axes

     q = (    0.125000000  -0.375000000  -0.250000000 ) 

    1    1
  0.02047670  0.00000000   -0.00876835  0.00000000   -0.00324237  0.00000000
 -0.00876835  0.00000000    0.03165936  0.00000000    0.02102273  0.00000000
 -0.00324237  0.00000000    0.02102273  0.00000000    0.02682045  0.00000000

     Dynamical  Matrix in cartesian axes

     q = (    0.125000000   0.375000000   0.250000000 ) 

    1    1
  0.02047670  0.00000000    0.00876835  0.00000000    0.00324237  0.00000000
  0.00876835  0.00000000    0.03165936  0.00000000    0.02102273  0.00000000
  0.00324237  0.00000000    0.02102273  0.00000000    0.02682045  0.00000000

     Dynamical  Matrix in cartesian axes

     q = (    0.250000000   0.125000000  -0.375000000 ) 

    1    1
  0.02682045  0.00000000    0.00324237  0.00000000   -0.02102273  0.00000000
  0.00324237  0.00000000    0.02047670  0.00000000   -0.00876835  0.00000000
 -0.02102273  0.00000000   -0.00876835  0.00000000    0.03165936  0.00000000

     Dynamical  Matrix in cartesian axes

     q = (   -0.125000000  -0.250000000  -0.375000000 ) 

    1    1
  0.02047670  0.00000000    0.00324237  0.00000000    0.00876835  0.00000000
  0.00324237  0.00000000    0.02682045  0.00000000    0.02102273  0.00000000
  0.00876835  0.00000000    0.02102273  0.00000000    0.03165936  0.00000000

     Dynamical  Matrix in cartesian axes

     q = (   -0.250000000   0.125000000   0.375000000 ) 

    1    1
  0.02682045  0.00000000   -0.00324237  0.00000000   -0.02102273  0.00000000
 -0.00324237  0.00000000    0.02047670  0.00000000    0.00876835  0.00000000
 -0.02102273  0.00000000    0.00876835  0.00000000    0.03165936  0.00000000

     Dynamical  Matrix in cartesian axes

     q = (   -0.125000000   0.375000000   0.250000000 ) 

    1    1
  0.02047670  0.00000000   -0.00876835  0.00000000   -0.00324237  0.00000000
 -0.00876835  0.00000000    0.03165936  0.00000000    0.02102273  0.00000000
 -0.00324237  0.00000000    0.02102273  0.00000000    0.02682045  0.00000000

     Dynamical  Matrix in cartesian axes

     q = (   -0.125000000   0.250000000   0.375000000 ) 

    1    1
  0.02047670  0.00000000   -0.00324237  0.00000000   -0.00876835  0.00000000
 -0.00324237  0.00000000    0.02682045  0.00000000    0.02102273  0.00000000
 -0.00876835  0.00000000    0.02102273  0.00000000    0.03165936  0.00000000

     Dynamical  Matrix in cartesian axes

     q = (    0.125000000  -0.250000000   0.375000000 ) 

    1    1
  0.02047670  0.00000000   -0.00324237  0.00000000    0.00876835  0.00000000
 -0.00324237  0.00000000    0.02682045  0.00000000   -0.02102273  0.00000000
  0.00876835  0.00000000   -0.02102273  0.00000000    0.03165936  0.00000000

     Dynamical  Matrix in cartesian axes

     q = (   -0.125000000  -0.375000000  -0.250000000 ) 

    1    1
  0.02047670  0.00000000    0.00876835  0.00000000    0.00324237  0.00000000
  0.00876835  0.00000000    0.03165936  0.00000000    0.02102273  0.00000000
  0.00324237  0.00000000    0.02102273  0.00000000    0.02682045  0.00000000

     Dynamical  Matrix in cartesian axes

     q = (    0.125000000   0.250000000   0.375000000 ) 

    1    1
  0.02047670  0.00000000    0.00324237  0.00000000    0.00876835  0.00000000
  0.00324237  0.00000000    0.02682045  0.00000000    0.02102273  0.00000000
  0.00876835  0.00000000    0.02102273  0.00000000    0.03165936  0.00000000

     Dynamical  Matrix in cartesian axes

     q = (    0.375000000  -0.250000000  -0.125000000 ) 

    1    1
  0.03165936  0.00000000   -0.02102273  0.00000000   -0.00876835  0.00000000
 -0.02102273  0.00000000    0.02682045  0.00000000    0.00324237  0.00000000
 -0.00876835  0.00000000    0.00324237  0.00000000    0.02047670  0.00000000

     Dynamical  Matrix in cartesian axes

     q = (    0.250000000   0.375000000   0.125000000 ) 

    1    1
  0.02682045  0.00000000    0.02102273  0.00000000    0.00324237  0.00000000
  0.02102273  0.00000000    0.03165936  0.00000000    0.00876835  0.00000000
  0.00324237  0.00000000    0.00876835  0.00000000    0.02047670  0.00000000

     Dynamical  Matrix in cartesian axes

     q = (   -0.250000000  -0.375000000   0.125000000 ) 

    1    1
  0.02682045  0.00000000    0.02102273  0.00000000   -0.00324237  0.00000000
  0.02102273  0.00000000    0.03165936  0.00000000   -0.00876835  0.00000000
 -0.00324237  0.00000000   -0.00876835  0.00000000    0.02047670  0.00000000

     Dynamical  Matrix in cartesian axes

     q = (    0.375000000   0.250000000  -0.125000000 ) 

    1    1
  0.03165936  0.00000000    0.02102273  0.00000000   -0.00876835  0.00000000
  0.02102273  0.00000000    0.02682045  0.00000000   -0.00324237  0.00000000
 -0.00876835  0.00000000   -0.00324237  0.00000000    0.02047670  0.00000000

     Dynamical  Matrix in cartesian axes

     q = (   -0.375000000   0.250000000   0.125000000 ) 

    1    1
  0.03165936  0.00000000   -0.02102273  0.00000000   -0.00876835  0.00000000
 -0.02102273  0.00000000    0.02682045  0.00000000    0.00324237  0.00000000
 -0.00876835  0.00000000    0.00324237  0.00000000    0.02047670  0.00000000

     Dynamical  Matrix in cartesian axes

     q = (    0.375000000  -0.250000000   0.125000000 ) 

    1    1
  0.03165936  0.00000000   -0.02102273  0.00000000    0.00876835  0.00000000
 -0.02102273  0.00000000    0.02682045  0.00000000   -0.00324237  0.00000000
  0.00876835  0.00000000   -0.00324237  0.00000000    0.02047670  0.00000000

     Dynamical  Matrix in cartesian axes

     q = (   -0.375000000  -0.250000000  -0.125000000 ) 

    1    1
  0.03165936  0.00000000    0.02102273  0.00000000    0.00876835  0.00000000
  0.02102273  0.00000000    0.02682045  0.00000000    0.00324237  0.00000000
  0.00876835  0.00000000    0.00324237  0.00000000    0.02047670  0.00000000

     Dynamical  Matrix in cartesian axes

     q = (   -0.250000000  -0.125000000  -0.375000000 ) 

    1    1
  0.02682045  0.00000000    0.00324237  0.00000000    0.02102273  0.00000000
  0.00324237  0.00000000    0.02047670  0.00000000    0.00876835  0.00000000
  0.02102273  0.00000000    0.00876835  0.00000000    0.03165936  0.00000000

     Dynamical  Matrix in cartesian axes

     q = (    0.250000000  -0.375000000   0.125000000 ) 

    1    1
  0.02682045  0.00000000   -0.02102273  0.00000000    0.00324237  0.00000000
 -0.02102273  0.00000000    0.03165936  0.00000000   -0.00876835  0.00000000
  0.00324237  0.00000000   -0.00876835  0.00000000    0.02047670  0.00000000

     Dynamical  Matrix in cartesian axes

     q = (   -0.250000000  -0.375000000  -0.125000000 ) 

    1    1
  0.02682045  0.00000000    0.02102273  0.00000000    0.00324237  0.00000000
  0.02102273  0.00000000    0.03165936  0.00000000    0.00876835  0.00000000
  0.00324237  0.00000000    0.00876835  0.00000000    0.02047670  0.00000000

     Dynamical  Matrix in cartesian axes

     q = (    0.250000000   0.375000000  -0.125000000 ) 

    1    1
  0.02682045  0.00000000    0.02102273  0.00000000   -0.00324237  0.00000000
  0.02102273  0.00000000    0.03165936  0.00000000   -0.00876835  0.00000000
 -0.00324237  0.00000000   -0.00876835  0.00000000    0.02047670  0.00000000

     Dynamical  Matrix in cartesian axes

     q = (   -0.250000000   0.375000000   0.125000000 ) 

    1    1
  0.02682045  0.00000000   -0.02102273  0.00000000   -0.00324237  0.00000000
 -0.02102273  0.00000000    0.03165936  0.00000000    0.00876835  0.00000000
 -0.00324237  0.00000000    0.00876835  0.00000000    0.02047670  0.00000000

     Dynamical  Matrix in cartesian axes

     q = (   -0.375000000   0.125000000   0.250000000 ) 

    1    1
  0.03165936  0.00000000   -0.00876835  0.00000000   -0.02102273  0.00000000
 -0.00876835  0.00000000    0.02047670  0.00000000    0.00324237  0.00000000
 -0.02102273  0.00000000    0.00324237  0.00000000    0.02682045  0.00000000

     Dynamical  Matrix in cartesian axes

     q = (   -0.375000000  -0.125000000  -0.250000000 ) 

    1    1
  0.03165936  0.00000000    0.00876835  0.00000000    0.02102273  0.00000000
  0.00876835  0.00000000    0.02047670  0.00000000    0.00324237  0.00000000
  0.02102273  0.00000000    0.00324237  0.00000000    0.02682045  0.00000000

     Dynamical  Matrix in cartesian axes

     q = (    0.375000000  -0.125000000   0.250000000 ) 

    1    1
  0.03165936  0.00000000   -0.00876835  0.00000000    0.02102273  0.00000000
 -0.00876835  0.00000000    0.02047670  0.00000000   -0.00324237  0.00000000
  0.02102273  0.00000000   -0.00324237  0.00000000    0.02682045  0.00000000

     Dynamical  Matrix in cartesian axes

     q = (    0.375000000   0.125000000  -0.250000000 ) 

    1    1
  0.03165936  0.00000000    0.00876835  0.00000000   -0.02102273  0.00000000
  0.00876835  0.00000000    0.02047670  0.00000000   -0.00324237  0.00000000
 -0.02102273  0.00000000   -0.00324237  0.00000000    0.02682045  0.00000000

     Diagonalizing the dynamical matrix

     q = (   -0.125000000  -0.250000000   0.375000000 ) 

 **************************************************************************
     freq (    1) =       1.911980 [THz] =      63.776784 [cm-1]
 (  0.280808  0.000000  0.677627  0.000000  0.679682  0.000000 ) 
     freq (    2) =       3.141979 [THz] =     104.805138 [cm-1]
 (  0.923266  0.000000 -0.384157  0.000000  0.001553  0.000000 ) 
     freq (    3) =       5.220569 [THz] =     174.139430 [cm-1]
 ( -0.262157  0.000000 -0.627092  0.000000  0.733505  0.000000 ) 
 **************************************************************************
