Dynamical matrix file
                                                                           
  1    1  3  7.0455973  0.0000000  0.0000000  0.0000000  0.0000000  0.0000000
           1  'Na  '    20954.103126620943     
    1    1      0.0000000000      0.0000000000      0.0000000000

     Dynamical  Matrix in cartesian axes

     q = (   -0.125000000   0.750000000  -0.375000000 ) 

    1    1
  0.03797103  0.00000000   -0.00313978  0.00000000   -0.01220880  0.00000000
 -0.00313978  0.00000000    0.04335436  0.00000000   -0.02319989  0.00000000
 -0.01220880  0.00000000   -0.02319989  0.00000000    0.04929464  0.00000000

     Dynamical  Matrix in cartesian axes

     q = (    0.750000000  -0.125000000  -0.375000000 ) 

    1    1
  0.04335436  0.00000000   -0.00313978  0.00000000   -0.02319989  0.00000000
 -0.00313978  0.00000000    0.03797103  0.00000000   -0.01220880  0.00000000
 -0.02319989  0.00000000   -0.01220880  0.00000000    0.04929464  0.00000000

     Dynamical  Matrix in cartesian axes

     q = (   -0.125000000  -0.375000000   0.750000000 ) 

    1    1
  0.03797103  0.00000000   -0.01220880  0.00000000   -0.00313978  0.00000000
 -0.01220880  0.00000000    0.04929464  0.00000000   -0.02319989  0.00000000
 -0.00313978  0.00000000   -0.02319989  0.00000000    0.04335436  0.00000000

     Dynamical  Matrix in cartesian axes

     q = (    0.125000000  -0.375000000   0.750000000 ) 

    1    1
  0.03797103  0.00000000    0.01220880  0.00000000    0.00313978  0.00000000
  0.01220880  0.00000000    0.04929464  0.00000000   -0.02319989  0.00000000
  0.00313978  0.00000000   -0.02319989  0.00000000    0.04335436  0.00000000

     Dynamical  Matrix in cartesian axes

     q = (    0.750000000   0.125000000  -0.375000000 ) 

    1    1
  0.04335436  0.00000000    0.00313978  0.00000000   -0.02319989  0.00000000
  0.00313978  0.00000000    0.03797103  0.00000000    0.01220880  0.00000000
 -0.02319989  0.00000000    0.01220880  0.00000000    0.04929464  0.00000000

     Dynamical  Matrix in cartesian axes

     q = (   -0.125000000  -0.750000000  -0.375000000 ) 

    1    1
  0.03797103  0.00000000    0.00313978  0.00000000   -0.01220880  0.00000000
  0.00313978  0.00000000    0.04335436  0.00000000    0.02319989  0.00000000
 -0.01220880  0.00000000    0.02319989  0.00000000    0.04929464  0.00000000

     Dynamical  Matrix in cartesian axes

     q = (    0.125000000   0.750000000  -0.375000000 ) 

    1    1
  0.03797103  0.00000000    0.00313978  0.00000000    0.01220880  0.00000000
  0.00313978  0.00000000    0.04335436  0.00000000   -0.02319989  0.00000000
  0.01220880  0.00000000   -0.02319989  0.00000000    0.04929464  0.00000000

     Dynamical  Matrix in cartesian axes

     q = (    0.125000000  -0.750000000  -0.375000000 ) 

    1    1
  0.03797103  0.00000000   -0.00313978  0.00000000    0.01220880  0.00000000
 -0.00313978  0.00000000    0.04335436  0.00000000    0.02319989  0.00000000
  0.01220880  0.00000000    0.02319989  0.00000000    0.04929464  0.00000000

     Dynamical  Matrix in cartesian axes

     q = (   -0.750000000   0.375000000  -0.125000000 ) 

    1    1
  0.04335436  0.00000000   -0.02319989  0.00000000    0.00313978  0.00000000
 -0.02319989  0.00000000    0.04929464  0.00000000    0.01220880  0.00000000
  0.00313978  0.00000000    0.01220880  0.00000000    0.03797103  0.00000000

     Dynamical  Matrix in cartesian axes

     q = (    0.375000000   0.125000000   0.750000000 ) 

    1    1
  0.04929464  0.00000000   -0.01220880  0.00000000    0.02319989  0.00000000
 -0.01220880  0.00000000    0.03797103  0.00000000    0.00313978  0.00000000
  0.02319989  0.00000000    0.00313978  0.00000000    0.04335436  0.00000000

     Dynamical  Matrix in cartesian axes

     q = (   -0.375000000   0.125000000  -0.750000000 ) 

    1    1
  0.04929464  0.00000000    0.01220880  0.00000000    0.02319989  0.00000000
  0.01220880  0.00000000    0.03797103  0.00000000   -0.00313978  0.00000000
  0.02319989  0.00000000   -0.00313978  0.00000000    0.04335436  0.00000000

     Dynamical  Matrix in cartesian axes

     q = (   -0.125000000   0.375000000  -0.750000000 ) 

    1    1
  0.03797103  0.00000000    0.01220880  0.00000000    0.00313978  0.00000000
  0.01220880  0.00000000    0.04929464  0.00000000   -0.02319989  0.00000000
  0.00313978  0.00000000   -0.02319989  0.00000000    0.04335436  0.00000000

     Dynamical  Matrix in cartesian axes

     q = (    0.375000000  -0.125000000  -0.750000000 ) 

    1    1
  0.04929464  0.00000000    0.01220880  0.00000000   -0.02319989  0.00000000
  0.01220880  0.00000000    0.03797103  0.00000000    0.00313978  0.00000000
 -0.02319989  0.00000000    0.00313978  0.00000000    0.04335436  0.00000000

     Dynamical  Matrix in cartesian axes

     q = (   -0.375000000  -0.125000000   0.750000000 ) 

    1    1
  0.04929464  0.00000000   -0.01220880  0.00000000   -0.02319989  0.00000000
 -0.01220880  0.00000000    0.03797103  0.00000000   -0.00313978  0.00000000
 -0.02319989  0.00000000   -0.00313978  0.00000000    0.04335436  0.00000000

     Dynamical  Matrix in cartesian axes

     q = (    0.125000000   0.750000000   0.375000000 ) 

    1    1
  0.03797103  0.00000000    0.00313978  0.00000000   -0.01220880  0.00000000
  0.00313978  0.00000000    0.04335436  0.00000000    0.02319989  0.00000000
 -0.01220880  0.00000000    0.02319989  0.00000000    0.04929464  0.00000000

     Dynamical  Matrix in cartesian axes

     q = (   -0.750000000  -0.125000000   0.375000000 ) 

    1    1
  0.04335436  0.00000000    0.00313978  0.00000000   -0.02319989  0.00000000
  0.00313978  0.00000000    0.03797103  0.00000000    0.01220880  0.00000000
 -0.02319989  0.00000000    0.01220880  0.00000000    0.04929464  0.00000000

     Dynamical  Matrix in cartesian axes

     q = (    0.750000000   0.125000000   0.375000000 ) 

    1    1
  0.04335436  0.00000000    0.00313978  0.00000000    0.02319989  0.00000000
  0.00313978  0.00000000    0.03797103  0.00000000   -0.01220880  0.00000000
  0.02319989  0.00000000   -0.01220880  0.00000000    0.04929464  0.00000000

     Dynamical  Matrix in cartesian axes

     q = (    0.375000000   0.750000000   0.125000000 ) 

    1    1
  0.04929464  0.00000000    0.02319989  0.00000000   -0.01220880  0.00000000
  0.02319989  0.00000000    0.04335436  0.00000000    0.00313978  0.00000000
 -0.01220880  0.00000000    0.00313978  0.00000000    0.03797103  0.00000000

     Dynamical  Matrix in cartesian axes

     q = (    0.375000000  -0.750000000  -0.125000000 ) 

    1    1
  0.04929464  0.00000000   -0.02319989  0.00000000    0.01220880  0.00000000
 -0.02319989  0.00000000    0.04335436  0.00000000    0.00313978  0.00000000
  0.01220880  0.00000000    0.00313978  0.00000000    0.03797103  0.00000000

     Dynamical  Matrix in cartesian axes

     q = (   -0.375000000  -0.750000000   0.125000000 ) 

    1    1
  0.04929464  0.00000000    0.02319989  0.00000000    0.01220880  0.00000000
  0.02319989  0.00000000    0.04335436  0.00000000   -0.00313978  0.00000000
  0.01220880  0.00000000   -0.00313978  0.00000000    0.03797103  0.00000000

     Dynamical  Matrix in cartesian axes

     q = (    0.125000000   0.375000000  -0.750000000 ) 

    1    1
  0.03797103  0.00000000   -0.01220880  0.00000000   -0.00313978  0.00000000
 -0.01220880  0.00000000    0.04929464  0.00000000   -0.02319989  0.00000000
 -0.00313978  0.00000000   -0.02319989  0.00000000    0.04335436  0.00000000

     Dynamical  Matrix in cartesian axes

     q = (    0.750000000  -0.375000000  -0.125000000 ) 

    1    1
  0.04335436  0.00000000   -0.02319989  0.00000000   -0.00313978  0.00000000
 -0.02319989  0.00000000    0.04929464  0.00000000   -0.01220880  0.00000000
 -0.00313978  0.00000000   -0.01220880  0.00000000    0.03797103  0.00000000

     Dynamical  Matrix in cartesian axes

     q = (    0.125000000   0.375000000   0.750000000 ) 

    1    1
  0.03797103  0.00000000   -0.01220880  0.00000000    0.00313978  0.00000000
 -0.01220880  0.00000000    0.04929464  0.00000000    0.02319989  0.00000000
  0.00313978  0.00000000    0.02319989  0.00000000    0.04335436  0.00000000

     Dynamical  Matrix in cartesian axes

     q = (    0.125000000  -0.375000000  -0.750000000 ) 

    1    1
  0.03797103  0.00000000    0.01220880  0.00000000   -0.00313978  0.00000000
  0.01220880  0.00000000    0.04929464  0.00000000    0.02319989  0.00000000
 -0.00313978  0.00000000    0.02319989  0.00000000    0.04335436  0.00000000

     Dynamical  Matrix in cartesian axes

     q = (   -0.750000000   0.125000000   0.375000000 ) 

    1    1
  0.04335436  0.00000000   -0.00313978  0.00000000   -0.02319989  0.00000000
 -0.00313978  0.00000000    0.03797103  0.00000000   -0.01220880  0.00000000
 -0.02319989  0.00000000   -0.01220880  0.00000000    0.04929464  0.00000000

     Dynamical  Matrix in cartesian axes

     q = (   -0.125000000   0.750000000   0.375000000 ) 

    1    1
  0.03797103  0.00000000   -0.00313978  0.00000000    0.01220880  0.00000000
 -0.00313978  0.00000000    0.04335436  0.00000000    0.02319989  0.00000000
  0.01220880  0.00000000    0.02319989  0.00000000    0.04929464  0.00000000

     Dynamical  Matrix in cartesian axes

     q = (   -0.125000000  -0.750000000   0.375000000 ) 

    1    1
  0.03797103  0.00000000    0.00313978  0.00000000    0.01220880  0.00000000
  0.00313978  0.00000000    0.04335436  0.00000000   -0.02319989  0.00000000
  0.01220880  0.00000000   -0.02319989  0.00000000    0.04929464  0.00000000

     Dynamical  Matrix in cartesian axes

     q = (   -0.125000000  -0.375000000  -0.750000000 ) 

    1    1
  0.03797103  0.00000000   -0.01220880  0.00000000    0.00313978  0.00000000
 -0.01220880  0.00000000    0.04929464  0.00000000    0.02319989  0.00000000
  0.00313978  0.00000000    0.02319989  0.00000000    0.04335436  0.00000000

     Dynamical  Matrix in cartesian axes

     q = (   -0.750000000   0.125000000  -0.375000000 ) 

    1    1
  0.04335436  0.00000000   -0.00313978  0.00000000    0.02319989  0.00000000
 -0.00313978  0.00000000    0.03797103  0.00000000    0.01220880  0.00000000
  0.02319989  0.00000000    0.01220880  0.00000000    0.04929464  0.00000000

     Dynamical  Matrix in cartesian axes

     q = (    0.125000000  -0.750000000   0.375000000 ) 

    1    1
  0.03797103  0.00000000   -0.00313978  0.00000000   -0.01220880  0.00000000
 -0.00313978  0.00000000    0.04335436  0.00000000   -0.02319989  0.00000000
 -0.01220880  0.00000000   -0.02319989  0.00000000    0.04929464  0.00000000

     Dynamical  Matrix in cartesian axes

     q = (   -0.125000000   0.375000000   0.750000000 ) 

    1    1
  0.03797103  0.00000000    0.01220880  0.00000000   -0.00313978  0.00000000
  0.01220880  0.00000000    0.04929464  0.00000000    0.02319989  0.00000000
 -0.00313978  0.00000000    0.02319989  0.00000000    0.04335436  0.00000000

     Dynamical  Matrix in cartesian axes

     q = (   -0.750000000  -0.125000000  -0.375000000 ) 

    1    1
  0.04335436  0.00000000    0.00313978  0.00000000    0.02319989  0.00000000
  0.00313978  0.00000000    0.03797103  0.00000000   -0.01220880  0.00000000
  0.02319989  0.00000000   -0.01220880  0.00000000    0.04929464  0.00000000

     Dynamical  Matrix in cartesian axes

     q = (   -0.375000000   0.750000000  -0.125000000 ) 

    1    1
  0.04929464  0.00000000   -0.02319989  0.00000000   -0.01220880  0.00000000
 -0.02319989  0.00000000    0.04335436  0.00000000   -0.00313978  0.00000000
 -0.01220880  0.00000000   -0.00313978  0.00000000    0.03797103  0.00000000

     Dynamical  Matrix in cartesian axes

     q = (   -0.750000000  -0.375000000   0.125000000 ) 

    1    1
  0.04335436  0.00000000    0.02319989  0.00000000   -0.00313978  0.00000000
  0.02319989  0.00000000    0.04929464  0.00000000    0.01220880  0.00000000
 -0.00313978  0.00000000    0.01220880  0.00000000    0.03797103  0.00000000

     Dynamical  Matrix in cartesian axes

     q = (    0.750000000   0.375000000   0.125000000 ) 

    1    1
  0.04335436  0.00000000    0.02319989  0.00000000    0.00313978  0.00000000
  0.02319989  0.00000000    0.04929464  0.00000000   -0.01220880  0.00000000
  0.00313978  0.00000000   -0.01220880  0.00000000    0.03797103  0.00000000

     Dynamical  Matrix in cartesian axes

     q = (   -0.375000000  -0.750000000  -0.125000000 ) 

    1    1
  0.04929464  0.00000000    0.02319989  0.00000000   -0.01220880  0.00000000
  0.02319989  0.00000000    0.04335436  0.00000000    0.00313978  0.00000000
 -0.01220880  0.00000000    0.00313978  0.00000000    0.03797103  0.00000000

     Dynamical  Matrix in cartesian axes

     q = (    0.375000000  -0.750000000   0.125000000 ) 

    1    1
  0.04929464  0.00000000   -0.02319989  0.00000000   -0.01220880  0.00000000
 -0.02319989  0.00000000    0.04335436  0.00000000   -0.00313978  0.00000000
 -0.01220880  0.00000000   -0.00313978  0.00000000    0.03797103  0.00000000

     Dynamical  Matrix in cartesian axes

     q = (   -0.375000000   0.750000000   0.125000000 ) 

    1    1
  0.04929464  0.00000000   -0.02319989  0.00000000    0.01220880  0.00000000
 -0.02319989  0.00000000    0.04335436  0.00000000    0.00313978  0.00000000
  0.01220880  0.00000000    0.00313978  0.00000000    0.03797103  0.00000000

     Dynamical  Matrix in cartesian axes

     q = (    0.375000000   0.750000000  -0.125000000 ) 

    1    1
  0.04929464  0.00000000    0.02319989  0.00000000    0.01220880  0.00000000
  0.02319989  0.00000000    0.04335436  0.00000000   -0.00313978  0.00000000
  0.01220880  0.00000000   -0.00313978  0.00000000    0.03797103  0.00000000

     Dynamical  Matrix in cartesian axes

     q = (    0.750000000  -0.125000000   0.375000000 ) 

    1    1
  0.04335436  0.00000000   -0.00313978  0.00000000    0.02319989  0.00000000
 -0.00313978  0.00000000    0.03797103  0.00000000    0.01220880  0.00000000
  0.02319989  0.00000000    0.01220880  0.00000000    0.04929464  0.00000000

     Dynamical  Matrix in cartesian axes

     q = (   -0.750000000   0.375000000   0.125000000 ) 

    1    1
  0.04335436  0.00000000   -0.02319989  0.00000000   -0.00313978  0.00000000
 -0.02319989  0.00000000    0.04929464  0.00000000   -0.01220880  0.00000000
 -0.00313978  0.00000000   -0.01220880  0.00000000    0.03797103  0.00000000

     Dynamical  Matrix in cartesian axes

     q = (    0.750000000   0.375000000  -0.125000000 ) 

    1    1
  0.04335436  0.00000000    0.02319989  0.00000000   -0.00313978  0.00000000
  0.02319989  0.00000000    0.04929464  0.00000000    0.01220880  0.00000000
 -0.00313978  0.00000000    0.01220880  0.00000000    0.03797103  0.00000000

     Dynamical  Matrix in cartesian axes

     q = (   -0.750000000  -0.375000000  -0.125000000 ) 

    1    1
  0.04335436  0.00000000    0.02319989  0.00000000    0.00313978  0.00000000
  0.02319989  0.00000000    0.04929464  0.00000000   -0.01220880  0.00000000
  0.00313978  0.00000000   -0.01220880  0.00000000    0.03797103  0.00000000

     Dynamical  Matrix in cartesian axes

     q = (    0.750000000  -0.375000000   0.125000000 ) 

    1    1
  0.04335436  0.00000000   -0.02319989  0.00000000    0.00313978  0.00000000
 -0.02319989  0.00000000    0.04929464  0.00000000    0.01220880  0.00000000
  0.00313978  0.00000000    0.01220880  0.00000000    0.03797103  0.00000000

     Dynamical  Matrix in cartesian axes

     q = (    0.375000000   0.125000000  -0.750000000 ) 

    1    1
  0.04929464  0.00000000   -0.01220880  0.00000000   -0.02319989  0.00000000
 -0.01220880  0.00000000    0.03797103  0.00000000   -0.00313978  0.00000000
 -0.02319989  0.00000000   -0.00313978  0.00000000    0.04335436  0.00000000

     Dynamical  Matrix in cartesian axes

     q = (    0.375000000  -0.125000000   0.750000000 ) 

    1    1
  0.04929464  0.00000000    0.01220880  0.00000000    0.02319989  0.00000000
  0.01220880  0.00000000    0.03797103  0.00000000   -0.00313978  0.00000000
  0.02319989  0.00000000   -0.00313978  0.00000000    0.04335436  0.00000000

     Dynamical  Matrix in cartesian axes

     q = (   -0.375000000  -0.125000000  -0.750000000 ) 

    1    1
  0.04929464  0.00000000   -0.01220880  0.00000000    0.02319989  0.00000000
 -0.01220880  0.00000000    0.03797103  0.00000000    0.00313978  0.00000000
  0.02319989  0.00000000    0.00313978  0.00000000    0.04335436  0.00000000

     Dynamical  Matrix in cartesian axes

     q = (   -0.375000000   0.125000000   0.750000000 ) 

    1    1
  0.04929464  0.00000000    0.01220880  0.00000000   -0.02319989  0.00000000
  0.01220880  0.00000000    0.03797103  0.00000000    0.00313978  0.00000000
 -0.02319989  0.00000000    0.00313978  0.00000000    0.04335436  0.00000000

     Diagonalizing the dynamical matrix

     q = (   -0.125000000   0.750000000  -0.375000000 ) 

 **************************************************************************
     freq (    1) =       2.997564 [THz] =      99.987979 [cm-1]
 (  0.468323  0.000000  0.619607  0.000000  0.629890  0.000000 ) 
     freq (    2) =       4.651765 [THz] =     155.166188 [cm-1]
 (  0.855230  0.000000 -0.496957  0.000000 -0.147020  0.000000 ) 
     freq (    3) =       6.069810 [THz] =     202.467060 [cm-1]
 ( -0.221934  0.000000 -0.607554  0.000000  0.762643  0.000000 ) 
 **************************************************************************
