Dynamical matrix file
                                                                           
  1    1  2 10.3742603  0.0000000  0.0000000  0.0000000  0.0000000  0.0000000
           1  'Na  '    20954.103126620943     
    1    1      0.0000000000      0.0000000000      0.0000000000

     Dynamical  Matrix in cartesian axes

     q = (    0.625000000  -0.125000000   0.875000000 ) 

    1    1
  0.01322353  0.00000000   -0.00306368  0.00000000    0.00193047  0.00000000
 -0.00306368  0.00000000    0.02203628  0.00000000   -0.00070465  0.00000000
  0.00193047  0.00000000   -0.00070465  0.00000000    0.01615940  0.00000000

     Dynamical  Matrix in cartesian axes

     q = (    0.625000000  -0.125000000  -0.875000000 ) 

    1    1
  0.01322353  0.00000000   -0.00306368  0.00000000   -0.00193047  0.00000000
 -0.00306368  0.00000000    0.02203628  0.00000000    0.00070465  0.00000000
 -0.00193047  0.00000000    0.00070465  0.00000000    0.01615940  0.00000000

     Dynamical  Matrix in cartesian axes

     q = (    0.875000000   0.125000000   0.625000000 ) 

    1    1
  0.01615940  0.00000000    0.00070465  0.00000000    0.00193047  0.00000000
  0.00070465  0.00000000    0.02203628  0.00000000    0.00306368  0.00000000
  0.00193047  0.00000000    0.00306368  0.00000000    0.01322353  0.00000000

     Dynamical  Matrix in cartesian axes

     q = (    0.625000000   0.125000000   0.875000000 ) 

    1    1
  0.01322353  0.00000000    0.00306368  0.00000000    0.00193047  0.00000000
  0.00306368  0.00000000    0.02203628  0.00000000    0.00070465  0.00000000
  0.00193047  0.00000000    0.00070465  0.00000000    0.01615940  0.00000000

     Dynamical  Matrix in cartesian axes

     q = (    0.875000000  -0.125000000  -0.625000000 ) 

    1    1
  0.01615940  0.00000000   -0.00070465  0.00000000   -0.00193047  0.00000000
 -0.00070465  0.00000000    0.02203628  0.00000000    0.00306368  0.00000000
 -0.00193047  0.00000000    0.00306368  0.00000000    0.01322353  0.00000000

     Dynamical  Matrix in cartesian axes

     q = (    0.875000000  -0.125000000   0.625000000 ) 

    1    1
  0.01615940  0.00000000   -0.00070465  0.00000000    0.00193047  0.00000000
 -0.00070465  0.00000000    0.02203628  0.00000000   -0.00306368  0.00000000
  0.00193047  0.00000000   -0.00306368  0.00000000    0.01322353  0.00000000

     Dynamical  Matrix in cartesian axes

     q = (   -0.875000000  -0.125000000   0.625000000 ) 

    1    1
  0.01615940  0.00000000    0.00070465  0.00000000   -0.00193047  0.00000000
  0.00070465  0.00000000    0.02203628  0.00000000   -0.00306368  0.00000000
 -0.00193047  0.00000000   -0.00306368  0.00000000    0.01322353  0.00000000

     Dynamical  Matrix in cartesian axes

     q = (   -0.625000000  -0.125000000  -0.875000000 ) 

    1    1
  0.01322353  0.00000000    0.00306368  0.00000000    0.00193047  0.00000000
  0.00306368  0.00000000    0.02203628  0.00000000    0.00070465  0.00000000
  0.00193047  0.00000000    0.00070465  0.00000000    0.01615940  0.00000000

     Dynamical  Matrix in cartesian axes

     q = (   -0.875000000   0.125000000  -0.625000000 ) 

    1    1
  0.01615940  0.00000000   -0.00070465  0.00000000    0.00193047  0.00000000
 -0.00070465  0.00000000    0.02203628  0.00000000   -0.00306368  0.00000000
  0.00193047  0.00000000   -0.00306368  0.00000000    0.01322353  0.00000000

     Dynamical  Matrix in cartesian axes

     q = (   -0.625000000  -0.125000000   0.875000000 ) 

    1    1
  0.01322353  0.00000000    0.00306368  0.00000000   -0.00193047  0.00000000
  0.00306368  0.00000000    0.02203628  0.00000000   -0.00070465  0.00000000
 -0.00193047  0.00000000   -0.00070465  0.00000000    0.01615940  0.00000000

     Dynamical  Matrix in cartesian axes

     q = (   -0.875000000   0.125000000   0.625000000 ) 

    1    1
  0.01615940  0.00000000   -0.00070465  0.00000000   -0.00193047  0.00000000
 -0.00070465  0.00000000    0.02203628  0.00000000    0.00306368  0.00000000
 -0.00193047  0.00000000    0.00306368  0.00000000    0.01322353  0.00000000

     Dynamical  Matrix in cartesian axes

     q = (    0.875000000   0.125000000  -0.625000000 ) 

    1    1
  0.01615940  0.00000000    0.00070465  0.00000000   -0.00193047  0.00000000
  0.00070465  0.00000000    0.02203628  0.00000000   -0.00306368  0.00000000
 -0.00193047  0.00000000   -0.00306368  0.00000000    0.01322353  0.00000000

     Dynamical  Matrix in cartesian axes

     q = (   -0.625000000   0.125000000   0.875000000 ) 

    1    1
  0.01322353  0.00000000   -0.00306368  0.00000000   -0.00193047  0.00000000
 -0.00306368  0.00000000    0.02203628  0.00000000    0.00070465  0.00000000
 -0.00193047  0.00000000    0.00070465  0.00000000    0.01615940  0.00000000

     Dynamical  Matrix in cartesian axes

     q = (   -0.875000000  -0.125000000  -0.625000000 ) 

    1    1
  0.01615940  0.00000000    0.00070465  0.00000000    0.00193047  0.00000000
  0.00070465  0.00000000    0.02203628  0.00000000    0.00306368  0.00000000
  0.00193047  0.00000000    0.00306368  0.00000000    0.01322353  0.00000000

     Dynamical  Matrix in cartesian axes

     q = (    0.625000000   0.125000000  -0.875000000 ) 

    1    1
  0.01322353  0.00000000    0.00306368  0.00000000   -0.00193047  0.00000000
  0.00306368  0.00000000    0.02203628  0.00000000   -0.00070465  0.00000000
 -0.00193047  0.00000000   -0.00070465  0.00000000    0.01615940  0.00000000

     Dynamical  Matrix in cartesian axes

     q = (   -0.625000000   0.125000000  -0.875000000 ) 

    1    1
  0.01322353  0.00000000   -0.00306368  0.00000000    0.00193047  0.00000000
 -0.00306368  0.00000000    0.02203628  0.00000000   -0.00070465  0.00000000
  0.00193047  0.00000000   -0.00070465  0.00000000    0.01615940  0.00000000

     Dynamical  Matrix in cartesian axes

     q = (   -0.125000000   0.875000000   0.625000000 ) 

    1    1
  0.02203628  0.00000000   -0.00070465  0.00000000   -0.00306368  0.00000000
 -0.00070465  0.00000000    0.01615940  0.00000000    0.00193047  0.00000000
 -0.00306368  0.00000000    0.00193047  0.00000000    0.01322353  0.00000000

     Dynamical  Matrix in cartesian axes

     q = (    0.125000000   0.875000000  -0.625000000 ) 

    1    1
  0.02203628  0.00000000    0.00070465  0.00000000   -0.00306368  0.00000000
  0.00070465  0.00000000    0.01615940  0.00000000   -0.00193047  0.00000000
 -0.00306368  0.00000000   -0.00193047  0.00000000    0.01322353  0.00000000

     Dynamical  Matrix in cartesian axes

     q = (   -0.125000000  -0.875000000  -0.625000000 ) 

    1    1
  0.02203628  0.00000000    0.00070465  0.00000000    0.00306368  0.00000000
  0.00070465  0.00000000    0.01615940  0.00000000    0.00193047  0.00000000
  0.00306368  0.00000000    0.00193047  0.00000000    0.01322353  0.00000000

     Dynamical  Matrix in cartesian axes

     q = (   -0.125000000   0.625000000  -0.875000000 ) 

    1    1
  0.02203628  0.00000000   -0.00306368  0.00000000    0.00070465  0.00000000
 -0.00306368  0.00000000    0.01322353  0.00000000   -0.00193047  0.00000000
  0.00070465  0.00000000   -0.00193047  0.00000000    0.01615940  0.00000000

     Dynamical  Matrix in cartesian axes

     q = (    0.875000000   0.625000000  -0.125000000 ) 

    1    1
  0.01615940  0.00000000    0.00193047  0.00000000   -0.00070465  0.00000000
  0.00193047  0.00000000    0.01322353  0.00000000   -0.00306368  0.00000000
 -0.00070465  0.00000000   -0.00306368  0.00000000    0.02203628  0.00000000

     Dynamical  Matrix in cartesian axes

     q = (   -0.125000000   0.875000000  -0.625000000 ) 

    1    1
  0.02203628  0.00000000   -0.00070465  0.00000000    0.00306368  0.00000000
 -0.00070465  0.00000000    0.01615940  0.00000000   -0.00193047  0.00000000
  0.00306368  0.00000000   -0.00193047  0.00000000    0.01322353  0.00000000

     Dynamical  Matrix in cartesian axes

     q = (   -0.875000000  -0.625000000  -0.125000000 ) 

    1    1
  0.01615940  0.00000000    0.00193047  0.00000000    0.00070465  0.00000000
  0.00193047  0.00000000    0.01322353  0.00000000    0.00306368  0.00000000
  0.00070465  0.00000000    0.00306368  0.00000000    0.02203628  0.00000000

     Dynamical  Matrix in cartesian axes

     q = (   -0.875000000   0.625000000   0.125000000 ) 

    1    1
  0.01615940  0.00000000   -0.00193047  0.00000000   -0.00070465  0.00000000
 -0.00193047  0.00000000    0.01322353  0.00000000    0.00306368  0.00000000
 -0.00070465  0.00000000    0.00306368  0.00000000    0.02203628  0.00000000

     Dynamical  Matrix in cartesian axes

     q = (    0.125000000  -0.625000000   0.875000000 ) 

    1    1
  0.02203628  0.00000000   -0.00306368  0.00000000    0.00070465  0.00000000
 -0.00306368  0.00000000    0.01322353  0.00000000   -0.00193047  0.00000000
  0.00070465  0.00000000   -0.00193047  0.00000000    0.01615940  0.00000000

     Dynamical  Matrix in cartesian axes

     q = (    0.125000000  -0.875000000   0.625000000 ) 

    1    1
  0.02203628  0.00000000   -0.00070465  0.00000000    0.00306368  0.00000000
 -0.00070465  0.00000000    0.01615940  0.00000000   -0.00193047  0.00000000
  0.00306368  0.00000000   -0.00193047  0.00000000    0.01322353  0.00000000

     Dynamical  Matrix in cartesian axes

     q = (    0.625000000  -0.875000000   0.125000000 ) 

    1    1
  0.01322353  0.00000000   -0.00193047  0.00000000    0.00306368  0.00000000
 -0.00193047  0.00000000    0.01615940  0.00000000   -0.00070465  0.00000000
  0.00306368  0.00000000   -0.00070465  0.00000000    0.02203628  0.00000000

     Dynamical  Matrix in cartesian axes

     q = (   -0.875000000   0.625000000  -0.125000000 ) 

    1    1
  0.01615940  0.00000000   -0.00193047  0.00000000    0.00070465  0.00000000
 -0.00193047  0.00000000    0.01322353  0.00000000   -0.00306368  0.00000000
  0.00070465  0.00000000   -0.00306368  0.00000000    0.02203628  0.00000000

     Dynamical  Matrix in cartesian axes

     q = (    0.125000000   0.625000000   0.875000000 ) 

    1    1
  0.02203628  0.00000000    0.00306368  0.00000000    0.00070465  0.00000000
  0.00306368  0.00000000    0.01322353  0.00000000    0.00193047  0.00000000
  0.00070465  0.00000000    0.00193047  0.00000000    0.01615940  0.00000000

     Dynamical  Matrix in cartesian axes

     q = (   -0.125000000   0.625000000   0.875000000 ) 

    1    1
  0.02203628  0.00000000   -0.00306368  0.00000000   -0.00070465  0.00000000
 -0.00306368  0.00000000    0.01322353  0.00000000    0.00193047  0.00000000
 -0.00070465  0.00000000    0.00193047  0.00000000    0.01615940  0.00000000

     Dynamical  Matrix in cartesian axes

     q = (    0.125000000   0.625000000  -0.875000000 ) 

    1    1
  0.02203628  0.00000000    0.00306368  0.00000000   -0.00070465  0.00000000
  0.00306368  0.00000000    0.01322353  0.00000000   -0.00193047  0.00000000
 -0.00070465  0.00000000   -0.00193047  0.00000000    0.01615940  0.00000000

     Dynamical  Matrix in cartesian axes

     q = (   -0.125000000  -0.625000000  -0.875000000 ) 

    1    1
  0.02203628  0.00000000    0.00306368  0.00000000    0.00070465  0.00000000
  0.00306368  0.00000000    0.01322353  0.00000000    0.00193047  0.00000000
  0.00070465  0.00000000    0.00193047  0.00000000    0.01615940  0.00000000

     Dynamical  Matrix in cartesian axes

     q = (   -0.625000000  -0.875000000   0.125000000 ) 

    1    1
  0.01322353  0.00000000    0.00193047  0.00000000   -0.00306368  0.00000000
  0.00193047  0.00000000    0.01615940  0.00000000   -0.00070465  0.00000000
 -0.00306368  0.00000000   -0.00070465  0.00000000    0.02203628  0.00000000

     Dynamical  Matrix in cartesian axes

     q = (   -0.125000000  -0.625000000   0.875000000 ) 

    1    1
  0.02203628  0.00000000    0.00306368  0.00000000   -0.00070465  0.00000000
  0.00306368  0.00000000    0.01322353  0.00000000   -0.00193047  0.00000000
 -0.00070465  0.00000000   -0.00193047  0.00000000    0.01615940  0.00000000

     Dynamical  Matrix in cartesian axes

     q = (    0.875000000  -0.625000000   0.125000000 ) 

    1    1
  0.01615940  0.00000000   -0.00193047  0.00000000    0.00070465  0.00000000
 -0.00193047  0.00000000    0.01322353  0.00000000   -0.00306368  0.00000000
  0.00070465  0.00000000   -0.00306368  0.00000000    0.02203628  0.00000000

     Dynamical  Matrix in cartesian axes

     q = (    0.625000000   0.875000000   0.125000000 ) 

    1    1
  0.01322353  0.00000000    0.00193047  0.00000000    0.00306368  0.00000000
  0.00193047  0.00000000    0.01615940  0.00000000    0.00070465  0.00000000
  0.00306368  0.00000000    0.00070465  0.00000000    0.02203628  0.00000000

     Dynamical  Matrix in cartesian axes

     q = (    0.125000000  -0.625000000  -0.875000000 ) 

    1    1
  0.02203628  0.00000000   -0.00306368  0.00000000   -0.00070465  0.00000000
 -0.00306368  0.00000000    0.01322353  0.00000000    0.00193047  0.00000000
 -0.00070465  0.00000000    0.00193047  0.00000000    0.01615940  0.00000000

     Dynamical  Matrix in cartesian axes

     q = (    0.625000000   0.875000000  -0.125000000 ) 

    1    1
  0.01322353  0.00000000    0.00193047  0.00000000   -0.00306368  0.00000000
  0.00193047  0.00000000    0.01615940  0.00000000   -0.00070465  0.00000000
 -0.00306368  0.00000000   -0.00070465  0.00000000    0.02203628  0.00000000

     Dynamical  Matrix in cartesian axes

     q = (   -0.625000000  -0.875000000  -0.125000000 ) 

    1    1
  0.01322353  0.00000000    0.00193047  0.00000000    0.00306368  0.00000000
  0.00193047  0.00000000    0.01615940  0.00000000    0.00070465  0.00000000
  0.00306368  0.00000000    0.00070465  0.00000000    0.02203628  0.00000000

     Dynamical  Matrix in cartesian axes

     q = (   -0.625000000   0.875000000  -0.125000000 ) 

    1    1
  0.01322353  0.00000000   -0.00193047  0.00000000    0.00306368  0.00000000
 -0.00193047  0.00000000    0.01615940  0.00000000   -0.00070465  0.00000000
  0.00306368  0.00000000   -0.00070465  0.00000000    0.02203628  0.00000000

     Dynamical  Matrix in cartesian axes

     q = (    0.125000000  -0.875000000  -0.625000000 ) 

    1    1
  0.02203628  0.00000000   -0.00070465  0.00000000   -0.00306368  0.00000000
 -0.00070465  0.00000000    0.01615940  0.00000000    0.00193047  0.00000000
 -0.00306368  0.00000000    0.00193047  0.00000000    0.01322353  0.00000000

     Dynamical  Matrix in cartesian axes

     q = (   -0.125000000  -0.875000000   0.625000000 ) 

    1    1
  0.02203628  0.00000000    0.00070465  0.00000000   -0.00306368  0.00000000
  0.00070465  0.00000000    0.01615940  0.00000000   -0.00193047  0.00000000
 -0.00306368  0.00000000   -0.00193047  0.00000000    0.01322353  0.00000000

     Dynamical  Matrix in cartesian axes

     q = (    0.125000000   0.875000000   0.625000000 ) 

    1    1
  0.02203628  0.00000000    0.00070465  0.00000000    0.00306368  0.00000000
  0.00070465  0.00000000    0.01615940  0.00000000    0.00193047  0.00000000
  0.00306368  0.00000000    0.00193047  0.00000000    0.01322353  0.00000000

     Dynamical  Matrix in cartesian axes

     q = (    0.625000000  -0.875000000  -0.125000000 ) 

    1    1
  0.01322353  0.00000000   -0.00193047  0.00000000   -0.00306368  0.00000000
 -0.00193047  0.00000000    0.01615940  0.00000000    0.00070465  0.00000000
 -0.00306368  0.00000000    0.00070465  0.00000000    0.02203628  0.00000000

     Dynamical  Matrix in cartesian axes

     q = (   -0.875000000  -0.625000000   0.125000000 ) 

    1    1
  0.01615940  0.00000000    0.00193047  0.00000000   -0.00070465  0.00000000
  0.00193047  0.00000000    0.01322353  0.00000000   -0.00306368  0.00000000
 -0.00070465  0.00000000   -0.00306368  0.00000000    0.02203628  0.00000000

     Dynamical  Matrix in cartesian axes

     q = (   -0.625000000   0.875000000   0.125000000 ) 

    1    1
  0.01322353  0.00000000   -0.00193047  0.00000000   -0.00306368  0.00000000
 -0.00193047  0.00000000    0.01615940  0.00000000    0.00070465  0.00000000
 -0.00306368  0.00000000    0.00070465  0.00000000    0.02203628  0.00000000

     Dynamical  Matrix in cartesian axes

     q = (    0.875000000   0.625000000   0.125000000 ) 

    1    1
  0.01615940  0.00000000    0.00193047  0.00000000    0.00070465  0.00000000
  0.00193047  0.00000000    0.01322353  0.00000000    0.00306368  0.00000000
  0.00070465  0.00000000    0.00306368  0.00000000    0.02203628  0.00000000

     Dynamical  Matrix in cartesian axes

     q = (    0.875000000  -0.625000000  -0.125000000 ) 

    1    1
  0.01615940  0.00000000   -0.00193047  0.00000000   -0.00070465  0.00000000
 -0.00193047  0.00000000    0.01322353  0.00000000    0.00306368  0.00000000
 -0.00070465  0.00000000    0.00306368  0.00000000    0.02203628  0.00000000

     Diagonalizing the dynamical matrix

     q = (    0.625000000  -0.125000000   0.875000000 ) 

 **************************************************************************
     freq (    1) =       2.453441 [THz] =      81.837979 [cm-1]
 ( -0.904763  0.000000 -0.243252  0.000000  0.349617 -0.000000 ) 
     freq (    2) =       2.922838 [THz] =      97.495388 [cm-1]
 (  0.281418  0.000000  0.274726  0.000000  0.919418  0.000000 ) 
     freq (    3) =       3.463571 [THz] =     115.532276 [cm-1]
 (  0.319699  0.000000 -0.930244  0.000000  0.180106  0.000000 ) 
 **************************************************************************
