Dynamical matrix file
                                                                           
  1    1  3  7.8675964  0.0000000  0.0000000  0.0000000  0.0000000  0.0000000
           1  'Na  '    20954.103126620943     
    1    1      0.0000000000      0.0000000000      0.0000000000

     Dynamical  Matrix in cartesian axes

     q = (   -0.125000000   0.750000000  -0.375000000 ) 

    1    1
  0.02255058  0.00000000   -0.00245670  0.00000000   -0.00395495  0.00000000
 -0.00245670  0.00000000    0.02502550  0.00000000   -0.01250135  0.00000000
 -0.00395495  0.00000000   -0.01250135  0.00000000    0.02505177  0.00000000

     Dynamical  Matrix in cartesian axes

     q = (    0.750000000  -0.125000000  -0.375000000 ) 

    1    1
  0.02502550  0.00000000   -0.00245670  0.00000000   -0.01250135  0.00000000
 -0.00245670  0.00000000    0.02255058  0.00000000   -0.00395495  0.00000000
 -0.01250135  0.00000000   -0.00395495  0.00000000    0.02505177  0.00000000

     Dynamical  Matrix in cartesian axes

     q = (   -0.125000000  -0.375000000   0.750000000 ) 

    1    1
  0.02255058  0.00000000   -0.00395495  0.00000000   -0.00245670  0.00000000
 -0.00395495  0.00000000    0.02505177  0.00000000   -0.01250135  0.00000000
 -0.00245670  0.00000000   -0.01250135  0.00000000    0.02502550  0.00000000

     Dynamical  Matrix in cartesian axes

     q = (    0.125000000  -0.375000000   0.750000000 ) 

    1    1
  0.02255058  0.00000000    0.00395495  0.00000000    0.00245670  0.00000000
  0.00395495  0.00000000    0.02505177  0.00000000   -0.01250135  0.00000000
  0.00245670  0.00000000   -0.01250135  0.00000000    0.02502550  0.00000000

     Dynamical  Matrix in cartesian axes

     q = (    0.750000000   0.125000000  -0.375000000 ) 

    1    1
  0.02502550  0.00000000    0.00245670  0.00000000   -0.01250135  0.00000000
  0.00245670  0.00000000    0.02255058  0.00000000    0.00395495  0.00000000
 -0.01250135  0.00000000    0.00395495  0.00000000    0.02505177  0.00000000

     Dynamical  Matrix in cartesian axes

     q = (   -0.125000000  -0.750000000  -0.375000000 ) 

    1    1
  0.02255058  0.00000000    0.00245670  0.00000000   -0.00395495  0.00000000
  0.00245670  0.00000000    0.02502550  0.00000000    0.01250135  0.00000000
 -0.00395495  0.00000000    0.01250135  0.00000000    0.02505177  0.00000000

     Dynamical  Matrix in cartesian axes

     q = (    0.125000000   0.750000000  -0.375000000 ) 

    1    1
  0.02255058  0.00000000    0.00245670  0.00000000    0.00395495  0.00000000
  0.00245670  0.00000000    0.02502550  0.00000000   -0.01250135  0.00000000
  0.00395495  0.00000000   -0.01250135  0.00000000    0.02505177  0.00000000

     Dynamical  Matrix in cartesian axes

     q = (    0.125000000  -0.750000000  -0.375000000 ) 

    1    1
  0.02255058  0.00000000   -0.00245670  0.00000000    0.00395495  0.00000000
 -0.00245670  0.00000000    0.02502550  0.00000000    0.01250135  0.00000000
  0.00395495  0.00000000    0.01250135  0.00000000    0.02505177  0.00000000

     Dynamical  Matrix in cartesian axes

     q = (   -0.750000000   0.375000000  -0.125000000 ) 

    1    1
  0.02502550  0.00000000   -0.01250135  0.00000000    0.00245670  0.00000000
 -0.01250135  0.00000000    0.02505177  0.00000000    0.00395495  0.00000000
  0.00245670  0.00000000    0.00395495  0.00000000    0.02255058  0.00000000

     Dynamical  Matrix in cartesian axes

     q = (    0.375000000   0.125000000   0.750000000 ) 

    1    1
  0.02505177  0.00000000   -0.00395495  0.00000000    0.01250135  0.00000000
 -0.00395495  0.00000000    0.02255058  0.00000000    0.00245670  0.00000000
  0.01250135  0.00000000    0.00245670  0.00000000    0.02502550  0.00000000

     Dynamical  Matrix in cartesian axes

     q = (   -0.375000000   0.125000000  -0.750000000 ) 

    1    1
  0.02505177  0.00000000    0.00395495  0.00000000    0.01250135  0.00000000
  0.00395495  0.00000000    0.02255058  0.00000000   -0.00245670  0.00000000
  0.01250135  0.00000000   -0.00245670  0.00000000    0.02502550  0.00000000

     Dynamical  Matrix in cartesian axes

     q = (   -0.125000000   0.375000000  -0.750000000 ) 

    1    1
  0.02255058  0.00000000    0.00395495  0.00000000    0.00245670  0.00000000
  0.00395495  0.00000000    0.02505177  0.00000000   -0.01250135  0.00000000
  0.00245670  0.00000000   -0.01250135  0.00000000    0.02502550  0.00000000

     Dynamical  Matrix in cartesian axes

     q = (    0.375000000  -0.125000000  -0.750000000 ) 

    1    1
  0.02505177  0.00000000    0.00395495  0.00000000   -0.01250135  0.00000000
  0.00395495  0.00000000    0.02255058  0.00000000    0.00245670  0.00000000
 -0.01250135  0.00000000    0.00245670  0.00000000    0.02502550  0.00000000

     Dynamical  Matrix in cartesian axes

     q = (   -0.375000000  -0.125000000   0.750000000 ) 

    1    1
  0.02505177  0.00000000   -0.00395495  0.00000000   -0.01250135  0.00000000
 -0.00395495  0.00000000    0.02255058  0.00000000   -0.00245670  0.00000000
 -0.01250135  0.00000000   -0.00245670  0.00000000    0.02502550  0.00000000

     Dynamical  Matrix in cartesian axes

     q = (    0.125000000   0.750000000   0.375000000 ) 

    1    1
  0.02255058  0.00000000    0.00245670  0.00000000   -0.00395495  0.00000000
  0.00245670  0.00000000    0.02502550  0.00000000    0.01250135  0.00000000
 -0.00395495  0.00000000    0.01250135  0.00000000    0.02505177  0.00000000

     Dynamical  Matrix in cartesian axes

     q = (   -0.750000000  -0.125000000   0.375000000 ) 

    1    1
  0.02502550  0.00000000    0.00245670  0.00000000   -0.01250135  0.00000000
  0.00245670  0.00000000    0.02255058  0.00000000    0.00395495  0.00000000
 -0.01250135  0.00000000    0.00395495  0.00000000    0.02505177  0.00000000

     Dynamical  Matrix in cartesian axes

     q = (    0.750000000   0.125000000   0.375000000 ) 

    1    1
  0.02502550  0.00000000    0.00245670  0.00000000    0.01250135  0.00000000
  0.00245670  0.00000000    0.02255058  0.00000000   -0.00395495  0.00000000
  0.01250135  0.00000000   -0.00395495  0.00000000    0.02505177  0.00000000

     Dynamical  Matrix in cartesian axes

     q = (    0.375000000   0.750000000   0.125000000 ) 

    1    1
  0.02505177  0.00000000    0.01250135  0.00000000   -0.00395495  0.00000000
  0.01250135  0.00000000    0.02502550  0.00000000    0.00245670  0.00000000
 -0.00395495  0.00000000    0.00245670  0.00000000    0.02255058  0.00000000

     Dynamical  Matrix in cartesian axes

     q = (    0.375000000  -0.750000000  -0.125000000 ) 

    1    1
  0.02505177  0.00000000   -0.01250135  0.00000000    0.00395495  0.00000000
 -0.01250135  0.00000000    0.02502550  0.00000000    0.00245670  0.00000000
  0.00395495  0.00000000    0.00245670  0.00000000    0.02255058  0.00000000

     Dynamical  Matrix in cartesian axes

     q = (   -0.375000000  -0.750000000   0.125000000 ) 

    1    1
  0.02505177  0.00000000    0.01250135  0.00000000    0.00395495  0.00000000
  0.01250135  0.00000000    0.02502550  0.00000000   -0.00245670  0.00000000
  0.00395495  0.00000000   -0.00245670  0.00000000    0.02255058  0.00000000

     Dynamical  Matrix in cartesian axes

     q = (    0.125000000   0.375000000  -0.750000000 ) 

    1    1
  0.02255058  0.00000000   -0.00395495  0.00000000   -0.00245670  0.00000000
 -0.00395495  0.00000000    0.02505177  0.00000000   -0.01250135  0.00000000
 -0.00245670  0.00000000   -0.01250135  0.00000000    0.02502550  0.00000000

     Dynamical  Matrix in cartesian axes

     q = (    0.750000000  -0.375000000  -0.125000000 ) 

    1    1
  0.02502550  0.00000000   -0.01250135  0.00000000   -0.00245670  0.00000000
 -0.01250135  0.00000000    0.02505177  0.00000000   -0.00395495  0.00000000
 -0.00245670  0.00000000   -0.00395495  0.00000000    0.02255058  0.00000000

     Dynamical  Matrix in cartesian axes

     q = (    0.125000000   0.375000000   0.750000000 ) 

    1    1
  0.02255058  0.00000000   -0.00395495  0.00000000    0.00245670  0.00000000
 -0.00395495  0.00000000    0.02505177  0.00000000    0.01250135  0.00000000
  0.00245670  0.00000000    0.01250135  0.00000000    0.02502550  0.00000000

     Dynamical  Matrix in cartesian axes

     q = (    0.125000000  -0.375000000  -0.750000000 ) 

    1    1
  0.02255058  0.00000000    0.00395495  0.00000000   -0.00245670  0.00000000
  0.00395495  0.00000000    0.02505177  0.00000000    0.01250135  0.00000000
 -0.00245670  0.00000000    0.01250135  0.00000000    0.02502550  0.00000000

     Dynamical  Matrix in cartesian axes

     q = (   -0.750000000   0.125000000   0.375000000 ) 

    1    1
  0.02502550  0.00000000   -0.00245670  0.00000000   -0.01250135  0.00000000
 -0.00245670  0.00000000    0.02255058  0.00000000   -0.00395495  0.00000000
 -0.01250135  0.00000000   -0.00395495  0.00000000    0.02505177  0.00000000

     Dynamical  Matrix in cartesian axes

     q = (   -0.125000000   0.750000000   0.375000000 ) 

    1    1
  0.02255058  0.00000000   -0.00245670  0.00000000    0.00395495  0.00000000
 -0.00245670  0.00000000    0.02502550  0.00000000    0.01250135  0.00000000
  0.00395495  0.00000000    0.01250135  0.00000000    0.02505177  0.00000000

     Dynamical  Matrix in cartesian axes

     q = (   -0.125000000  -0.750000000   0.375000000 ) 

    1    1
  0.02255058  0.00000000    0.00245670  0.00000000    0.00395495  0.00000000
  0.00245670  0.00000000    0.02502550  0.00000000   -0.01250135  0.00000000
  0.00395495  0.00000000   -0.01250135  0.00000000    0.02505177  0.00000000

     Dynamical  Matrix in cartesian axes

     q = (   -0.125000000  -0.375000000  -0.750000000 ) 

    1    1
  0.02255058  0.00000000   -0.00395495  0.00000000    0.00245670  0.00000000
 -0.00395495  0.00000000    0.02505177  0.00000000    0.01250135  0.00000000
  0.00245670  0.00000000    0.01250135  0.00000000    0.02502550  0.00000000

     Dynamical  Matrix in cartesian axes

     q = (   -0.750000000   0.125000000  -0.375000000 ) 

    1    1
  0.02502550  0.00000000   -0.00245670  0.00000000    0.01250135  0.00000000
 -0.00245670  0.00000000    0.02255058  0.00000000    0.00395495  0.00000000
  0.01250135  0.00000000    0.00395495  0.00000000    0.02505177  0.00000000

     Dynamical  Matrix in cartesian axes

     q = (    0.125000000  -0.750000000   0.375000000 ) 

    1    1
  0.02255058  0.00000000   -0.00245670  0.00000000   -0.00395495  0.00000000
 -0.00245670  0.00000000    0.02502550  0.00000000   -0.01250135  0.00000000
 -0.00395495  0.00000000   -0.01250135  0.00000000    0.02505177  0.00000000

     Dynamical  Matrix in cartesian axes

     q = (   -0.125000000   0.375000000   0.750000000 ) 

    1    1
  0.02255058  0.00000000    0.00395495  0.00000000   -0.00245670  0.00000000
  0.00395495  0.00000000    0.02505177  0.00000000    0.01250135  0.00000000
 -0.00245670  0.00000000    0.01250135  0.00000000    0.02502550  0.00000000

     Dynamical  Matrix in cartesian axes

     q = (   -0.750000000  -0.125000000  -0.375000000 ) 

    1    1
  0.02502550  0.00000000    0.00245670  0.00000000    0.01250135  0.00000000
  0.00245670  0.00000000    0.02255058  0.00000000   -0.00395495  0.00000000
  0.01250135  0.00000000   -0.00395495  0.00000000    0.02505177  0.00000000

     Dynamical  Matrix in cartesian axes

     q = (   -0.375000000   0.750000000  -0.125000000 ) 

    1    1
  0.02505177  0.00000000   -0.01250135  0.00000000   -0.00395495  0.00000000
 -0.01250135  0.00000000    0.02502550  0.00000000   -0.00245670  0.00000000
 -0.00395495  0.00000000   -0.00245670  0.00000000    0.02255058  0.00000000

     Dynamical  Matrix in cartesian axes

     q = (   -0.750000000  -0.375000000   0.125000000 ) 

    1    1
  0.02502550  0.00000000    0.01250135  0.00000000   -0.00245670  0.00000000
  0.01250135  0.00000000    0.02505177  0.00000000    0.00395495  0.00000000
 -0.00245670  0.00000000    0.00395495  0.00000000    0.02255058  0.00000000

     Dynamical  Matrix in cartesian axes

     q = (    0.750000000   0.375000000   0.125000000 ) 

    1    1
  0.02502550  0.00000000    0.01250135  0.00000000    0.00245670  0.00000000
  0.01250135  0.00000000    0.02505177  0.00000000   -0.00395495  0.00000000
  0.00245670  0.00000000   -0.00395495  0.00000000    0.02255058  0.00000000

     Dynamical  Matrix in cartesian axes

     q = (   -0.375000000  -0.750000000  -0.125000000 ) 

    1    1
  0.02505177  0.00000000    0.01250135  0.00000000   -0.00395495  0.00000000
  0.01250135  0.00000000    0.02502550  0.00000000    0.00245670  0.00000000
 -0.00395495  0.00000000    0.00245670  0.00000000    0.02255058  0.00000000

     Dynamical  Matrix in cartesian axes

     q = (    0.375000000  -0.750000000   0.125000000 ) 

    1    1
  0.02505177  0.00000000   -0.01250135  0.00000000   -0.00395495  0.00000000
 -0.01250135  0.00000000    0.02502550  0.00000000   -0.00245670  0.00000000
 -0.00395495  0.00000000   -0.00245670  0.00000000    0.02255058  0.00000000

     Dynamical  Matrix in cartesian axes

     q = (   -0.375000000   0.750000000   0.125000000 ) 

    1    1
  0.02505177  0.00000000   -0.01250135  0.00000000    0.00395495  0.00000000
 -0.01250135  0.00000000    0.02502550  0.00000000    0.00245670  0.00000000
  0.00395495  0.00000000    0.00245670  0.00000000    0.02255058  0.00000000

     Dynamical  Matrix in cartesian axes

     q = (    0.375000000   0.750000000  -0.125000000 ) 

    1    1
  0.02505177  0.00000000    0.01250135  0.00000000    0.00395495  0.00000000
  0.01250135  0.00000000    0.02502550  0.00000000   -0.00245670  0.00000000
  0.00395495  0.00000000   -0.00245670  0.00000000    0.02255058  0.00000000

     Dynamical  Matrix in cartesian axes

     q = (    0.750000000  -0.125000000   0.375000000 ) 

    1    1
  0.02502550  0.00000000   -0.00245670  0.00000000    0.01250135  0.00000000
 -0.00245670  0.00000000    0.02255058  0.00000000    0.00395495  0.00000000
  0.01250135  0.00000000    0.00395495  0.00000000    0.02505177  0.00000000

     Dynamical  Matrix in cartesian axes

     q = (   -0.750000000   0.375000000   0.125000000 ) 

    1    1
  0.02502550  0.00000000   -0.01250135  0.00000000   -0.00245670  0.00000000
 -0.01250135  0.00000000    0.02505177  0.00000000   -0.00395495  0.00000000
 -0.00245670  0.00000000   -0.00395495  0.00000000    0.02255058  0.00000000

     Dynamical  Matrix in cartesian axes

     q = (    0.750000000   0.375000000  -0.125000000 ) 

    1    1
  0.02502550  0.00000000    0.01250135  0.00000000   -0.00245670  0.00000000
  0.01250135  0.00000000    0.02505177  0.00000000    0.00395495  0.00000000
 -0.00245670  0.00000000    0.00395495  0.00000000    0.02255058  0.00000000

     Dynamical  Matrix in cartesian axes

     q = (   -0.750000000  -0.375000000  -0.125000000 ) 

    1    1
  0.02502550  0.00000000    0.01250135  0.00000000    0.00245670  0.00000000
  0.01250135  0.00000000    0.02505177  0.00000000   -0.00395495  0.00000000
  0.00245670  0.00000000   -0.00395495  0.00000000    0.02255058  0.00000000

     Dynamical  Matrix in cartesian axes

     q = (    0.750000000  -0.375000000   0.125000000 ) 

    1    1
  0.02502550  0.00000000   -0.01250135  0.00000000    0.00245670  0.00000000
 -0.01250135  0.00000000    0.02505177  0.00000000    0.00395495  0.00000000
  0.00245670  0.00000000    0.00395495  0.00000000    0.02255058  0.00000000

     Dynamical  Matrix in cartesian axes

     q = (    0.375000000   0.125000000  -0.750000000 ) 

    1    1
  0.02505177  0.00000000   -0.00395495  0.00000000   -0.01250135  0.00000000
 -0.00395495  0.00000000    0.02255058  0.00000000   -0.00245670  0.00000000
 -0.01250135  0.00000000   -0.00245670  0.00000000    0.02502550  0.00000000

     Dynamical  Matrix in cartesian axes

     q = (    0.375000000  -0.125000000   0.750000000 ) 

    1    1
  0.02505177  0.00000000    0.00395495  0.00000000    0.01250135  0.00000000
  0.00395495  0.00000000    0.02255058  0.00000000   -0.00245670  0.00000000
  0.01250135  0.00000000   -0.00245670  0.00000000    0.02502550  0.00000000

     Dynamical  Matrix in cartesian axes

     q = (   -0.375000000  -0.125000000  -0.750000000 ) 

    1    1
  0.02505177  0.00000000   -0.00395495  0.00000000    0.01250135  0.00000000
 -0.00395495  0.00000000    0.02255058  0.00000000    0.00245670  0.00000000
  0.01250135  0.00000000    0.00245670  0.00000000    0.02502550  0.00000000

     Dynamical  Matrix in cartesian axes

     q = (   -0.375000000   0.125000000   0.750000000 ) 

    1    1
  0.02505177  0.00000000    0.00395495  0.00000000   -0.01250135  0.00000000
  0.00395495  0.00000000    0.02255058  0.00000000    0.00245670  0.00000000
 -0.01250135  0.00000000    0.00245670  0.00000000    0.02502550  0.00000000

     Diagonalizing the dynamical matrix

     q = (   -0.125000000   0.750000000  -0.375000000 ) 

 **************************************************************************
     freq (    1) =       2.360153 [THz] =      78.726229 [cm-1]
 ( -0.360602  0.000000 -0.649687  0.000000 -0.669233  0.000000 ) 
     freq (    2) =       3.537249 [THz] =     117.989922 [cm-1]
 (  0.929756  0.000000 -0.307539  0.000000 -0.202422  0.000000 ) 
     freq (    3) =       4.408033 [THz] =     147.036137 [cm-1]
 (  0.074304  0.000000  0.695217  0.000000 -0.714949  0.000000 ) 
 **************************************************************************
