Dynamical matrix file
                                                                           
  1    1  3  7.8675964  0.0000000  0.0000000  0.0000000  0.0000000  0.0000000
           1  'Na  '    20954.103126620943     
    1    1      0.0000000000      0.0000000000      0.0000000000

     Dynamical  Matrix in cartesian axes

     q = (   -0.125000000  -0.250000000   0.375000000 ) 

    1    1
  0.01275527  0.00000000    0.00259743  0.00000000   -0.00377051  0.00000000
  0.00259743  0.00000000    0.01517434  0.00000000   -0.00732534  0.00000000
 -0.00377051  0.00000000   -0.00732534  0.00000000    0.01382233  0.00000000

     Dynamical  Matrix in cartesian axes

     q = (   -0.250000000  -0.125000000   0.375000000 ) 

    1    1
  0.01517434  0.00000000    0.00259743  0.00000000   -0.00732534  0.00000000
  0.00259743  0.00000000    0.01275527  0.00000000   -0.00377051  0.00000000
 -0.00732534  0.00000000   -0.00377051  0.00000000    0.01382233  0.00000000

     Dynamical  Matrix in cartesian axes

     q = (   -0.125000000  -0.375000000   0.250000000 ) 

    1    1
  0.01275527  0.00000000    0.00377051  0.00000000   -0.00259743  0.00000000
  0.00377051  0.00000000    0.01382233  0.00000000   -0.00732534  0.00000000
 -0.00259743  0.00000000   -0.00732534  0.00000000    0.01517434  0.00000000

     Dynamical  Matrix in cartesian axes

     q = (    0.125000000  -0.375000000   0.250000000 ) 

    1    1
  0.01275527  0.00000000   -0.00377051  0.00000000    0.00259743  0.00000000
 -0.00377051  0.00000000    0.01382233  0.00000000   -0.00732534  0.00000000
  0.00259743  0.00000000   -0.00732534  0.00000000    0.01517434  0.00000000

     Dynamical  Matrix in cartesian axes

     q = (   -0.125000000   0.250000000  -0.375000000 ) 

    1    1
  0.01275527  0.00000000   -0.00259743  0.00000000    0.00377051  0.00000000
 -0.00259743  0.00000000    0.01517434  0.00000000   -0.00732534  0.00000000
  0.00377051  0.00000000   -0.00732534  0.00000000    0.01382233  0.00000000

     Dynamical  Matrix in cartesian axes

     q = (   -0.125000000   0.375000000  -0.250000000 ) 

    1    1
  0.01275527  0.00000000   -0.00377051  0.00000000    0.00259743  0.00000000
 -0.00377051  0.00000000    0.01382233  0.00000000   -0.00732534  0.00000000
  0.00259743  0.00000000   -0.00732534  0.00000000    0.01517434  0.00000000

     Dynamical  Matrix in cartesian axes

     q = (    0.125000000   0.250000000  -0.375000000 ) 

    1    1
  0.01275527  0.00000000    0.00259743  0.00000000   -0.00377051  0.00000000
  0.00259743  0.00000000    0.01517434  0.00000000   -0.00732534  0.00000000
 -0.00377051  0.00000000   -0.00732534  0.00000000    0.01382233  0.00000000

     Dynamical  Matrix in cartesian axes

     q = (    0.125000000   0.375000000  -0.250000000 ) 

    1    1
  0.01275527  0.00000000    0.00377051  0.00000000   -0.00259743  0.00000000
  0.00377051  0.00000000    0.01382233  0.00000000   -0.00732534  0.00000000
 -0.00259743  0.00000000   -0.00732534  0.00000000    0.01517434  0.00000000

     Dynamical  Matrix in cartesian axes

     q = (    0.250000000  -0.375000000  -0.125000000 ) 

    1    1
  0.01517434  0.00000000   -0.00732534  0.00000000   -0.00259743  0.00000000
 -0.00732534  0.00000000    0.01382233  0.00000000    0.00377051  0.00000000
 -0.00259743  0.00000000    0.00377051  0.00000000    0.01275527  0.00000000

     Dynamical  Matrix in cartesian axes

     q = (   -0.375000000   0.125000000  -0.250000000 ) 

    1    1
  0.01382233  0.00000000   -0.00377051  0.00000000    0.00732534  0.00000000
 -0.00377051  0.00000000    0.01275527  0.00000000   -0.00259743  0.00000000
  0.00732534  0.00000000   -0.00259743  0.00000000    0.01517434  0.00000000

     Dynamical  Matrix in cartesian axes

     q = (    0.375000000   0.125000000   0.250000000 ) 

    1    1
  0.01382233  0.00000000    0.00377051  0.00000000    0.00732534  0.00000000
  0.00377051  0.00000000    0.01275527  0.00000000    0.00259743  0.00000000
  0.00732534  0.00000000    0.00259743  0.00000000    0.01517434  0.00000000

     Dynamical  Matrix in cartesian axes

     q = (    0.250000000   0.125000000   0.375000000 ) 

    1    1
  0.01517434  0.00000000    0.00259743  0.00000000    0.00732534  0.00000000
  0.00259743  0.00000000    0.01275527  0.00000000    0.00377051  0.00000000
  0.00732534  0.00000000    0.00377051  0.00000000    0.01382233  0.00000000

     Dynamical  Matrix in cartesian axes

     q = (   -0.375000000  -0.125000000   0.250000000 ) 

    1    1
  0.01382233  0.00000000    0.00377051  0.00000000   -0.00732534  0.00000000
  0.00377051  0.00000000    0.01275527  0.00000000   -0.00259743  0.00000000
 -0.00732534  0.00000000   -0.00259743  0.00000000    0.01517434  0.00000000

     Dynamical  Matrix in cartesian axes

     q = (    0.375000000  -0.125000000  -0.250000000 ) 

    1    1
  0.01382233  0.00000000   -0.00377051  0.00000000   -0.00732534  0.00000000
 -0.00377051  0.00000000    0.01275527  0.00000000    0.00259743  0.00000000
 -0.00732534  0.00000000    0.00259743  0.00000000    0.01517434  0.00000000

     Dynamical  Matrix in cartesian axes

     q = (    0.125000000  -0.250000000  -0.375000000 ) 

    1    1
  0.01275527  0.00000000   -0.00259743  0.00000000   -0.00377051  0.00000000
 -0.00259743  0.00000000    0.01517434  0.00000000    0.00732534  0.00000000
 -0.00377051  0.00000000    0.00732534  0.00000000    0.01382233  0.00000000

     Dynamical  Matrix in cartesian axes

     q = (    0.250000000  -0.125000000  -0.375000000 ) 

    1    1
  0.01517434  0.00000000   -0.00259743  0.00000000   -0.00732534  0.00000000
 -0.00259743  0.00000000    0.01275527  0.00000000    0.00377051  0.00000000
 -0.00732534  0.00000000    0.00377051  0.00000000    0.01382233  0.00000000

     Dynamical  Matrix in cartesian axes

     q = (   -0.250000000   0.125000000  -0.375000000 ) 

    1    1
  0.01517434  0.00000000   -0.00259743  0.00000000    0.00732534  0.00000000
 -0.00259743  0.00000000    0.01275527  0.00000000   -0.00377051  0.00000000
  0.00732534  0.00000000   -0.00377051  0.00000000    0.01382233  0.00000000

     Dynamical  Matrix in cartesian axes

     q = (   -0.375000000  -0.250000000   0.125000000 ) 

    1    1
  0.01382233  0.00000000    0.00732534  0.00000000   -0.00377051  0.00000000
  0.00732534  0.00000000    0.01517434  0.00000000   -0.00259743  0.00000000
 -0.00377051  0.00000000   -0.00259743  0.00000000    0.01275527  0.00000000

     Dynamical  Matrix in cartesian axes

     q = (   -0.375000000   0.250000000  -0.125000000 ) 

    1    1
  0.01382233  0.00000000   -0.00732534  0.00000000    0.00377051  0.00000000
 -0.00732534  0.00000000    0.01517434  0.00000000   -0.00259743  0.00000000
  0.00377051  0.00000000   -0.00259743  0.00000000    0.01275527  0.00000000

     Dynamical  Matrix in cartesian axes

     q = (    0.375000000   0.250000000   0.125000000 ) 

    1    1
  0.01382233  0.00000000    0.00732534  0.00000000    0.00377051  0.00000000
  0.00732534  0.00000000    0.01517434  0.00000000    0.00259743  0.00000000
  0.00377051  0.00000000    0.00259743  0.00000000    0.01275527  0.00000000

     Dynamical  Matrix in cartesian axes

     q = (    0.250000000  -0.125000000   0.375000000 ) 

    1    1
  0.01517434  0.00000000   -0.00259743  0.00000000    0.00732534  0.00000000
 -0.00259743  0.00000000    0.01275527  0.00000000   -0.00377051  0.00000000
  0.00732534  0.00000000   -0.00377051  0.00000000    0.01382233  0.00000000

     Dynamical  Matrix in cartesian axes

     q = (   -0.250000000   0.375000000  -0.125000000 ) 

    1    1
  0.01517434  0.00000000   -0.00732534  0.00000000    0.00259743  0.00000000
 -0.00732534  0.00000000    0.01382233  0.00000000   -0.00377051  0.00000000
  0.00259743  0.00000000   -0.00377051  0.00000000    0.01275527  0.00000000

     Dynamical  Matrix in cartesian axes

     q = (    0.125000000  -0.375000000  -0.250000000 ) 

    1    1
  0.01275527  0.00000000   -0.00377051  0.00000000   -0.00259743  0.00000000
 -0.00377051  0.00000000    0.01382233  0.00000000    0.00732534  0.00000000
 -0.00259743  0.00000000    0.00732534  0.00000000    0.01517434  0.00000000

     Dynamical  Matrix in cartesian axes

     q = (    0.125000000   0.375000000   0.250000000 ) 

    1    1
  0.01275527  0.00000000    0.00377051  0.00000000    0.00259743  0.00000000
  0.00377051  0.00000000    0.01382233  0.00000000    0.00732534  0.00000000
  0.00259743  0.00000000    0.00732534  0.00000000    0.01517434  0.00000000

     Dynamical  Matrix in cartesian axes

     q = (    0.250000000   0.125000000  -0.375000000 ) 

    1    1
  0.01517434  0.00000000    0.00259743  0.00000000   -0.00732534  0.00000000
  0.00259743  0.00000000    0.01275527  0.00000000   -0.00377051  0.00000000
 -0.00732534  0.00000000   -0.00377051  0.00000000    0.01382233  0.00000000

     Dynamical  Matrix in cartesian axes

     q = (   -0.125000000  -0.250000000  -0.375000000 ) 

    1    1
  0.01275527  0.00000000    0.00259743  0.00000000    0.00377051  0.00000000
  0.00259743  0.00000000    0.01517434  0.00000000    0.00732534  0.00000000
  0.00377051  0.00000000    0.00732534  0.00000000    0.01382233  0.00000000

     Dynamical  Matrix in cartesian axes

     q = (   -0.250000000   0.125000000   0.375000000 ) 

    1    1
  0.01517434  0.00000000   -0.00259743  0.00000000   -0.00732534  0.00000000
 -0.00259743  0.00000000    0.01275527  0.00000000    0.00377051  0.00000000
 -0.00732534  0.00000000    0.00377051  0.00000000    0.01382233  0.00000000

     Dynamical  Matrix in cartesian axes

     q = (   -0.125000000   0.375000000   0.250000000 ) 

    1    1
  0.01275527  0.00000000   -0.00377051  0.00000000   -0.00259743  0.00000000
 -0.00377051  0.00000000    0.01382233  0.00000000    0.00732534  0.00000000
 -0.00259743  0.00000000    0.00732534  0.00000000    0.01517434  0.00000000

     Dynamical  Matrix in cartesian axes

     q = (   -0.125000000   0.250000000   0.375000000 ) 

    1    1
  0.01275527  0.00000000   -0.00259743  0.00000000   -0.00377051  0.00000000
 -0.00259743  0.00000000    0.01517434  0.00000000    0.00732534  0.00000000
 -0.00377051  0.00000000    0.00732534  0.00000000    0.01382233  0.00000000

     Dynamical  Matrix in cartesian axes

     q = (    0.125000000  -0.250000000   0.375000000 ) 

    1    1
  0.01275527  0.00000000   -0.00259743  0.00000000    0.00377051  0.00000000
 -0.00259743  0.00000000    0.01517434  0.00000000   -0.00732534  0.00000000
  0.00377051  0.00000000   -0.00732534  0.00000000    0.01382233  0.00000000

     Dynamical  Matrix in cartesian axes

     q = (   -0.125000000  -0.375000000  -0.250000000 ) 

    1    1
  0.01275527  0.00000000    0.00377051  0.00000000    0.00259743  0.00000000
  0.00377051  0.00000000    0.01382233  0.00000000    0.00732534  0.00000000
  0.00259743  0.00000000    0.00732534  0.00000000    0.01517434  0.00000000

     Dynamical  Matrix in cartesian axes

     q = (    0.125000000   0.250000000   0.375000000 ) 

    1    1
  0.01275527  0.00000000    0.00259743  0.00000000    0.00377051  0.00000000
  0.00259743  0.00000000    0.01517434  0.00000000    0.00732534  0.00000000
  0.00377051  0.00000000    0.00732534  0.00000000    0.01382233  0.00000000

     Dynamical  Matrix in cartesian axes

     q = (    0.375000000  -0.250000000  -0.125000000 ) 

    1    1
  0.01382233  0.00000000   -0.00732534  0.00000000   -0.00377051  0.00000000
 -0.00732534  0.00000000    0.01517434  0.00000000    0.00259743  0.00000000
 -0.00377051  0.00000000    0.00259743  0.00000000    0.01275527  0.00000000

     Dynamical  Matrix in cartesian axes

     q = (    0.250000000   0.375000000   0.125000000 ) 

    1    1
  0.01517434  0.00000000    0.00732534  0.00000000    0.00259743  0.00000000
  0.00732534  0.00000000    0.01382233  0.00000000    0.00377051  0.00000000
  0.00259743  0.00000000    0.00377051  0.00000000    0.01275527  0.00000000

     Dynamical  Matrix in cartesian axes

     q = (   -0.250000000  -0.375000000   0.125000000 ) 

    1    1
  0.01517434  0.00000000    0.00732534  0.00000000   -0.00259743  0.00000000
  0.00732534  0.00000000    0.01382233  0.00000000   -0.00377051  0.00000000
 -0.00259743  0.00000000   -0.00377051  0.00000000    0.01275527  0.00000000

     Dynamical  Matrix in cartesian axes

     q = (    0.375000000   0.250000000  -0.125000000 ) 

    1    1
  0.01382233  0.00000000    0.00732534  0.00000000   -0.00377051  0.00000000
  0.00732534  0.00000000    0.01517434  0.00000000   -0.00259743  0.00000000
 -0.00377051  0.00000000   -0.00259743  0.00000000    0.01275527  0.00000000

     Dynamical  Matrix in cartesian axes

     q = (   -0.375000000   0.250000000   0.125000000 ) 

    1    1
  0.01382233  0.00000000   -0.00732534  0.00000000   -0.00377051  0.00000000
 -0.00732534  0.00000000    0.01517434  0.00000000    0.00259743  0.00000000
 -0.00377051  0.00000000    0.00259743  0.00000000    0.01275527  0.00000000

     Dynamical  Matrix in cartesian axes

     q = (    0.375000000  -0.250000000   0.125000000 ) 

    1    1
  0.01382233  0.00000000   -0.00732534  0.00000000    0.00377051  0.00000000
 -0.00732534  0.00000000    0.01517434  0.00000000   -0.00259743  0.00000000
  0.00377051  0.00000000   -0.00259743  0.00000000    0.01275527  0.00000000

     Dynamical  Matrix in cartesian axes

     q = (   -0.375000000  -0.250000000  -0.125000000 ) 

    1    1
  0.01382233  0.00000000    0.00732534  0.00000000    0.00377051  0.00000000
  0.00732534  0.00000000    0.01517434  0.00000000    0.00259743  0.00000000
  0.00377051  0.00000000    0.00259743  0.00000000    0.01275527  0.00000000

     Dynamical  Matrix in cartesian axes

     q = (   -0.250000000  -0.125000000  -0.375000000 ) 

    1    1
  0.01517434  0.00000000    0.00259743  0.00000000    0.00732534  0.00000000
  0.00259743  0.00000000    0.01275527  0.00000000    0.00377051  0.00000000
  0.00732534  0.00000000    0.00377051  0.00000000    0.01382233  0.00000000

     Dynamical  Matrix in cartesian axes

     q = (    0.250000000  -0.375000000   0.125000000 ) 

    1    1
  0.01517434  0.00000000   -0.00732534  0.00000000    0.00259743  0.00000000
 -0.00732534  0.00000000    0.01382233  0.00000000   -0.00377051  0.00000000
  0.00259743  0.00000000   -0.00377051  0.00000000    0.01275527  0.00000000

     Dynamical  Matrix in cartesian axes

     q = (   -0.250000000  -0.375000000  -0.125000000 ) 

    1    1
  0.01517434  0.00000000    0.00732534  0.00000000    0.00259743  0.00000000
  0.00732534  0.00000000    0.01382233  0.00000000    0.00377051  0.00000000
  0.00259743  0.00000000    0.00377051  0.00000000    0.01275527  0.00000000

     Dynamical  Matrix in cartesian axes

     q = (    0.250000000   0.375000000  -0.125000000 ) 

    1    1
  0.01517434  0.00000000    0.00732534  0.00000000   -0.00259743  0.00000000
  0.00732534  0.00000000    0.01382233  0.00000000   -0.00377051  0.00000000
 -0.00259743  0.00000000   -0.00377051  0.00000000    0.01275527  0.00000000

     Dynamical  Matrix in cartesian axes

     q = (   -0.250000000   0.375000000   0.125000000 ) 

    1    1
  0.01517434  0.00000000   -0.00732534  0.00000000   -0.00259743  0.00000000
 -0.00732534  0.00000000    0.01382233  0.00000000    0.00377051  0.00000000
 -0.00259743  0.00000000    0.00377051  0.00000000    0.01275527  0.00000000

     Dynamical  Matrix in cartesian axes

     q = (   -0.375000000   0.125000000   0.250000000 ) 

    1    1
  0.01382233  0.00000000   -0.00377051  0.00000000   -0.00732534  0.00000000
 -0.00377051  0.00000000    0.01275527  0.00000000    0.00259743  0.00000000
 -0.00732534  0.00000000    0.00259743  0.00000000    0.01517434  0.00000000

     Dynamical  Matrix in cartesian axes

     q = (   -0.375000000  -0.125000000  -0.250000000 ) 

    1    1
  0.01382233  0.00000000    0.00377051  0.00000000    0.00732534  0.00000000
  0.00377051  0.00000000    0.01275527  0.00000000    0.00259743  0.00000000
  0.00732534  0.00000000    0.00259743  0.00000000    0.01517434  0.00000000

     Dynamical  Matrix in cartesian axes

     q = (    0.375000000  -0.125000000   0.250000000 ) 

    1    1
  0.01382233  0.00000000   -0.00377051  0.00000000    0.00732534  0.00000000
 -0.00377051  0.00000000    0.01275527  0.00000000   -0.00259743  0.00000000
  0.00732534  0.00000000   -0.00259743  0.00000000    0.01517434  0.00000000

     Dynamical  Matrix in cartesian axes

     q = (    0.375000000   0.125000000  -0.250000000 ) 

    1    1
  0.01382233  0.00000000    0.00377051  0.00000000   -0.00732534  0.00000000
  0.00377051  0.00000000    0.01275527  0.00000000   -0.00259743  0.00000000
 -0.00732534  0.00000000   -0.00259743  0.00000000    0.01517434  0.00000000

     Diagonalizing the dynamical matrix

     q = (   -0.125000000  -0.250000000   0.375000000 ) 

 **************************************************************************
     freq (    1) =       1.888462 [THz] =      62.992319 [cm-1]
 (  0.222847 -0.000000  0.606241 -0.000000  0.763420  0.000000 ) 
     freq (    2) =       2.401100 [THz] =      80.092072 [cm-1]
 (  0.897903  0.000000 -0.432597  0.000000  0.081427  0.000000 ) 
     freq (    3) =       3.497691 [THz] =     116.670399 [cm-1]
 ( -0.379618  0.000000 -0.667331  0.000000  0.640749  0.000000 ) 
 **************************************************************************
