Dynamical matrix file
                                                                           
  1    1  3  7.8675964  0.0000000  0.0000000  0.0000000  0.0000000  0.0000000
           1  'Na  '    20954.103126620943     
    1    1      0.0000000000      0.0000000000      0.0000000000

     Dynamical  Matrix in cartesian axes

     q = (   -0.125000000   0.625000000  -0.500000000 ) 

    1    1
  0.01885452  0.00000000    0.00126847  0.00000000   -0.00411229  0.00000000
  0.00126847  0.00000000    0.02145373  0.00000000   -0.01253825  0.00000000
 -0.00411229  0.00000000   -0.01253825  0.00000000    0.02143983  0.00000000

     Dynamical  Matrix in cartesian axes

     q = (    0.625000000  -0.125000000  -0.500000000 ) 

    1    1
  0.02145373  0.00000000    0.00126847  0.00000000   -0.01253825  0.00000000
  0.00126847  0.00000000    0.01885452  0.00000000   -0.00411229  0.00000000
 -0.01253825  0.00000000   -0.00411229  0.00000000    0.02143983  0.00000000

     Dynamical  Matrix in cartesian axes

     q = (   -0.125000000   0.500000000  -0.625000000 ) 

    1    1
  0.01885452  0.00000000    0.00411229  0.00000000   -0.00126847  0.00000000
  0.00411229  0.00000000    0.02143983  0.00000000   -0.01253825  0.00000000
 -0.00126847  0.00000000   -0.01253825  0.00000000    0.02145373  0.00000000

     Dynamical  Matrix in cartesian axes

     q = (    0.125000000   0.500000000  -0.625000000 ) 

    1    1
  0.01885452  0.00000000   -0.00411229  0.00000000    0.00126847  0.00000000
 -0.00411229  0.00000000    0.02143983  0.00000000   -0.01253825  0.00000000
  0.00126847  0.00000000   -0.01253825  0.00000000    0.02145373  0.00000000

     Dynamical  Matrix in cartesian axes

     q = (   -0.125000000  -0.625000000   0.500000000 ) 

    1    1
  0.01885452  0.00000000   -0.00126847  0.00000000    0.00411229  0.00000000
 -0.00126847  0.00000000    0.02145373  0.00000000   -0.01253825  0.00000000
  0.00411229  0.00000000   -0.01253825  0.00000000    0.02143983  0.00000000

     Dynamical  Matrix in cartesian axes

     q = (   -0.125000000  -0.500000000   0.625000000 ) 

    1    1
  0.01885452  0.00000000   -0.00411229  0.00000000    0.00126847  0.00000000
 -0.00411229  0.00000000    0.02143983  0.00000000   -0.01253825  0.00000000
  0.00126847  0.00000000   -0.01253825  0.00000000    0.02145373  0.00000000

     Dynamical  Matrix in cartesian axes

     q = (    0.125000000  -0.625000000   0.500000000 ) 

    1    1
  0.01885452  0.00000000    0.00126847  0.00000000   -0.00411229  0.00000000
  0.00126847  0.00000000    0.02145373  0.00000000   -0.01253825  0.00000000
 -0.00411229  0.00000000   -0.01253825  0.00000000    0.02143983  0.00000000

     Dynamical  Matrix in cartesian axes

     q = (    0.125000000  -0.500000000   0.625000000 ) 

    1    1
  0.01885452  0.00000000    0.00411229  0.00000000   -0.00126847  0.00000000
  0.00411229  0.00000000    0.02143983  0.00000000   -0.01253825  0.00000000
 -0.00126847  0.00000000   -0.01253825  0.00000000    0.02145373  0.00000000

     Dynamical  Matrix in cartesian axes

     q = (   -0.625000000   0.500000000  -0.125000000 ) 

    1    1
  0.02145373  0.00000000   -0.01253825  0.00000000   -0.00126847  0.00000000
 -0.01253825  0.00000000    0.02143983  0.00000000    0.00411229  0.00000000
 -0.00126847  0.00000000    0.00411229  0.00000000    0.01885452  0.00000000

     Dynamical  Matrix in cartesian axes

     q = (    0.500000000   0.125000000   0.625000000 ) 

    1    1
  0.02143983  0.00000000   -0.00411229  0.00000000    0.01253825  0.00000000
 -0.00411229  0.00000000    0.01885452  0.00000000   -0.00126847  0.00000000
  0.01253825  0.00000000   -0.00126847  0.00000000    0.02145373  0.00000000

     Dynamical  Matrix in cartesian axes

     q = (   -0.500000000   0.125000000  -0.625000000 ) 

    1    1
  0.02143983  0.00000000    0.00411229  0.00000000    0.01253825  0.00000000
  0.00411229  0.00000000    0.01885452  0.00000000    0.00126847  0.00000000
  0.01253825  0.00000000    0.00126847  0.00000000    0.02145373  0.00000000

     Dynamical  Matrix in cartesian axes

     q = (   -0.625000000   0.125000000  -0.500000000 ) 

    1    1
  0.02145373  0.00000000    0.00126847  0.00000000    0.01253825  0.00000000
  0.00126847  0.00000000    0.01885452  0.00000000    0.00411229  0.00000000
  0.01253825  0.00000000    0.00411229  0.00000000    0.02143983  0.00000000

     Dynamical  Matrix in cartesian axes

     q = (    0.500000000  -0.125000000  -0.625000000 ) 

    1    1
  0.02143983  0.00000000    0.00411229  0.00000000   -0.01253825  0.00000000
  0.00411229  0.00000000    0.01885452  0.00000000   -0.00126847  0.00000000
 -0.01253825  0.00000000   -0.00126847  0.00000000    0.02145373  0.00000000

     Dynamical  Matrix in cartesian axes

     q = (   -0.500000000  -0.125000000   0.625000000 ) 

    1    1
  0.02143983  0.00000000   -0.00411229  0.00000000   -0.01253825  0.00000000
 -0.00411229  0.00000000    0.01885452  0.00000000    0.00126847  0.00000000
 -0.01253825  0.00000000    0.00126847  0.00000000    0.02145373  0.00000000

     Dynamical  Matrix in cartesian axes

     q = (    0.125000000   0.625000000   0.500000000 ) 

    1    1
  0.01885452  0.00000000   -0.00126847  0.00000000   -0.00411229  0.00000000
 -0.00126847  0.00000000    0.02145373  0.00000000    0.01253825  0.00000000
 -0.00411229  0.00000000    0.01253825  0.00000000    0.02143983  0.00000000

     Dynamical  Matrix in cartesian axes

     q = (   -0.625000000  -0.125000000   0.500000000 ) 

    1    1
  0.02145373  0.00000000   -0.00126847  0.00000000   -0.01253825  0.00000000
 -0.00126847  0.00000000    0.01885452  0.00000000    0.00411229  0.00000000
 -0.01253825  0.00000000    0.00411229  0.00000000    0.02143983  0.00000000

     Dynamical  Matrix in cartesian axes

     q = (    0.625000000   0.125000000   0.500000000 ) 

    1    1
  0.02145373  0.00000000   -0.00126847  0.00000000    0.01253825  0.00000000
 -0.00126847  0.00000000    0.01885452  0.00000000   -0.00411229  0.00000000
  0.01253825  0.00000000   -0.00411229  0.00000000    0.02143983  0.00000000

     Dynamical  Matrix in cartesian axes

     q = (    0.500000000   0.625000000   0.125000000 ) 

    1    1
  0.02143983  0.00000000    0.01253825  0.00000000   -0.00411229  0.00000000
  0.01253825  0.00000000    0.02145373  0.00000000   -0.00126847  0.00000000
 -0.00411229  0.00000000   -0.00126847  0.00000000    0.01885452  0.00000000

     Dynamical  Matrix in cartesian axes

     q = (    0.500000000  -0.625000000  -0.125000000 ) 

    1    1
  0.02143983  0.00000000   -0.01253825  0.00000000    0.00411229  0.00000000
 -0.01253825  0.00000000    0.02145373  0.00000000   -0.00126847  0.00000000
  0.00411229  0.00000000   -0.00126847  0.00000000    0.01885452  0.00000000

     Dynamical  Matrix in cartesian axes

     q = (   -0.500000000  -0.625000000   0.125000000 ) 

    1    1
  0.02143983  0.00000000    0.01253825  0.00000000    0.00411229  0.00000000
  0.01253825  0.00000000    0.02145373  0.00000000    0.00126847  0.00000000
  0.00411229  0.00000000    0.00126847  0.00000000    0.01885452  0.00000000

     Dynamical  Matrix in cartesian axes

     q = (   -0.625000000  -0.125000000  -0.500000000 ) 

    1    1
  0.02145373  0.00000000   -0.00126847  0.00000000    0.01253825  0.00000000
 -0.00126847  0.00000000    0.01885452  0.00000000   -0.00411229  0.00000000
  0.01253825  0.00000000   -0.00411229  0.00000000    0.02143983  0.00000000

     Dynamical  Matrix in cartesian axes

     q = (    0.625000000  -0.500000000  -0.125000000 ) 

    1    1
  0.02145373  0.00000000   -0.01253825  0.00000000    0.00126847  0.00000000
 -0.01253825  0.00000000    0.02143983  0.00000000   -0.00411229  0.00000000
  0.00126847  0.00000000   -0.00411229  0.00000000    0.01885452  0.00000000

     Dynamical  Matrix in cartesian axes

     q = (    0.125000000   0.500000000   0.625000000 ) 

    1    1
  0.01885452  0.00000000   -0.00411229  0.00000000   -0.00126847  0.00000000
 -0.00411229  0.00000000    0.02143983  0.00000000    0.01253825  0.00000000
 -0.00126847  0.00000000    0.01253825  0.00000000    0.02145373  0.00000000

     Dynamical  Matrix in cartesian axes

     q = (    0.125000000  -0.500000000  -0.625000000 ) 

    1    1
  0.01885452  0.00000000    0.00411229  0.00000000    0.00126847  0.00000000
  0.00411229  0.00000000    0.02143983  0.00000000    0.01253825  0.00000000
  0.00126847  0.00000000    0.01253825  0.00000000    0.02145373  0.00000000

     Dynamical  Matrix in cartesian axes

     q = (   -0.625000000   0.125000000   0.500000000 ) 

    1    1
  0.02145373  0.00000000    0.00126847  0.00000000   -0.01253825  0.00000000
  0.00126847  0.00000000    0.01885452  0.00000000   -0.00411229  0.00000000
 -0.01253825  0.00000000   -0.00411229  0.00000000    0.02143983  0.00000000

     Dynamical  Matrix in cartesian axes

     q = (   -0.125000000   0.625000000   0.500000000 ) 

    1    1
  0.01885452  0.00000000    0.00126847  0.00000000    0.00411229  0.00000000
  0.00126847  0.00000000    0.02145373  0.00000000    0.01253825  0.00000000
  0.00411229  0.00000000    0.01253825  0.00000000    0.02143983  0.00000000

     Dynamical  Matrix in cartesian axes

     q = (    0.625000000   0.125000000  -0.500000000 ) 

    1    1
  0.02145373  0.00000000   -0.00126847  0.00000000   -0.01253825  0.00000000
 -0.00126847  0.00000000    0.01885452  0.00000000    0.00411229  0.00000000
 -0.01253825  0.00000000    0.00411229  0.00000000    0.02143983  0.00000000

     Dynamical  Matrix in cartesian axes

     q = (   -0.125000000  -0.500000000  -0.625000000 ) 

    1    1
  0.01885452  0.00000000   -0.00411229  0.00000000   -0.00126847  0.00000000
 -0.00411229  0.00000000    0.02143983  0.00000000    0.01253825  0.00000000
 -0.00126847  0.00000000    0.01253825  0.00000000    0.02145373  0.00000000

     Dynamical  Matrix in cartesian axes

     q = (   -0.125000000  -0.625000000  -0.500000000 ) 

    1    1
  0.01885452  0.00000000   -0.00126847  0.00000000   -0.00411229  0.00000000
 -0.00126847  0.00000000    0.02145373  0.00000000    0.01253825  0.00000000
 -0.00411229  0.00000000    0.01253825  0.00000000    0.02143983  0.00000000

     Dynamical  Matrix in cartesian axes

     q = (    0.125000000   0.625000000  -0.500000000 ) 

    1    1
  0.01885452  0.00000000   -0.00126847  0.00000000    0.00411229  0.00000000
 -0.00126847  0.00000000    0.02145373  0.00000000   -0.01253825  0.00000000
  0.00411229  0.00000000   -0.01253825  0.00000000    0.02143983  0.00000000

     Dynamical  Matrix in cartesian axes

     q = (   -0.125000000   0.500000000   0.625000000 ) 

    1    1
  0.01885452  0.00000000    0.00411229  0.00000000    0.00126847  0.00000000
  0.00411229  0.00000000    0.02143983  0.00000000    0.01253825  0.00000000
  0.00126847  0.00000000    0.01253825  0.00000000    0.02145373  0.00000000

     Dynamical  Matrix in cartesian axes

     q = (    0.125000000  -0.625000000  -0.500000000 ) 

    1    1
  0.01885452  0.00000000    0.00126847  0.00000000    0.00411229  0.00000000
  0.00126847  0.00000000    0.02145373  0.00000000    0.01253825  0.00000000
  0.00411229  0.00000000    0.01253825  0.00000000    0.02143983  0.00000000

     Dynamical  Matrix in cartesian axes

     q = (   -0.500000000   0.625000000  -0.125000000 ) 

    1    1
  0.02143983  0.00000000   -0.01253825  0.00000000   -0.00411229  0.00000000
 -0.01253825  0.00000000    0.02145373  0.00000000    0.00126847  0.00000000
 -0.00411229  0.00000000    0.00126847  0.00000000    0.01885452  0.00000000

     Dynamical  Matrix in cartesian axes

     q = (   -0.625000000  -0.500000000   0.125000000 ) 

    1    1
  0.02145373  0.00000000    0.01253825  0.00000000    0.00126847  0.00000000
  0.01253825  0.00000000    0.02143983  0.00000000    0.00411229  0.00000000
  0.00126847  0.00000000    0.00411229  0.00000000    0.01885452  0.00000000

     Dynamical  Matrix in cartesian axes

     q = (    0.625000000   0.500000000   0.125000000 ) 

    1    1
  0.02145373  0.00000000    0.01253825  0.00000000   -0.00126847  0.00000000
  0.01253825  0.00000000    0.02143983  0.00000000   -0.00411229  0.00000000
 -0.00126847  0.00000000   -0.00411229  0.00000000    0.01885452  0.00000000

     Dynamical  Matrix in cartesian axes

     q = (   -0.500000000  -0.625000000  -0.125000000 ) 

    1    1
  0.02143983  0.00000000    0.01253825  0.00000000   -0.00411229  0.00000000
  0.01253825  0.00000000    0.02145373  0.00000000   -0.00126847  0.00000000
 -0.00411229  0.00000000   -0.00126847  0.00000000    0.01885452  0.00000000

     Dynamical  Matrix in cartesian axes

     q = (    0.500000000  -0.625000000   0.125000000 ) 

    1    1
  0.02143983  0.00000000   -0.01253825  0.00000000   -0.00411229  0.00000000
 -0.01253825  0.00000000    0.02145373  0.00000000    0.00126847  0.00000000
 -0.00411229  0.00000000    0.00126847  0.00000000    0.01885452  0.00000000

     Dynamical  Matrix in cartesian axes

     q = (   -0.500000000   0.625000000   0.125000000 ) 

    1    1
  0.02143983  0.00000000   -0.01253825  0.00000000    0.00411229  0.00000000
 -0.01253825  0.00000000    0.02145373  0.00000000   -0.00126847  0.00000000
  0.00411229  0.00000000   -0.00126847  0.00000000    0.01885452  0.00000000

     Dynamical  Matrix in cartesian axes

     q = (    0.500000000   0.625000000  -0.125000000 ) 

    1    1
  0.02143983  0.00000000    0.01253825  0.00000000    0.00411229  0.00000000
  0.01253825  0.00000000    0.02145373  0.00000000    0.00126847  0.00000000
  0.00411229  0.00000000    0.00126847  0.00000000    0.01885452  0.00000000

     Dynamical  Matrix in cartesian axes

     q = (    0.625000000  -0.125000000   0.500000000 ) 

    1    1
  0.02145373  0.00000000    0.00126847  0.00000000    0.01253825  0.00000000
  0.00126847  0.00000000    0.01885452  0.00000000    0.00411229  0.00000000
  0.01253825  0.00000000    0.00411229  0.00000000    0.02143983  0.00000000

     Dynamical  Matrix in cartesian axes

     q = (   -0.625000000   0.500000000   0.125000000 ) 

    1    1
  0.02145373  0.00000000   -0.01253825  0.00000000    0.00126847  0.00000000
 -0.01253825  0.00000000    0.02143983  0.00000000   -0.00411229  0.00000000
  0.00126847  0.00000000   -0.00411229  0.00000000    0.01885452  0.00000000

     Dynamical  Matrix in cartesian axes

     q = (    0.625000000   0.500000000  -0.125000000 ) 

    1    1
  0.02145373  0.00000000    0.01253825  0.00000000    0.00126847  0.00000000
  0.01253825  0.00000000    0.02143983  0.00000000    0.00411229  0.00000000
  0.00126847  0.00000000    0.00411229  0.00000000    0.01885452  0.00000000

     Dynamical  Matrix in cartesian axes

     q = (   -0.625000000  -0.500000000  -0.125000000 ) 

    1    1
  0.02145373  0.00000000    0.01253825  0.00000000   -0.00126847  0.00000000
  0.01253825  0.00000000    0.02143983  0.00000000   -0.00411229  0.00000000
 -0.00126847  0.00000000   -0.00411229  0.00000000    0.01885452  0.00000000

     Dynamical  Matrix in cartesian axes

     q = (    0.625000000  -0.500000000   0.125000000 ) 

    1    1
  0.02145373  0.00000000   -0.01253825  0.00000000   -0.00126847  0.00000000
 -0.01253825  0.00000000    0.02143983  0.00000000    0.00411229  0.00000000
 -0.00126847  0.00000000    0.00411229  0.00000000    0.01885452  0.00000000

     Dynamical  Matrix in cartesian axes

     q = (    0.500000000   0.125000000  -0.625000000 ) 

    1    1
  0.02143983  0.00000000   -0.00411229  0.00000000   -0.01253825  0.00000000
 -0.00411229  0.00000000    0.01885452  0.00000000    0.00126847  0.00000000
 -0.01253825  0.00000000    0.00126847  0.00000000    0.02145373  0.00000000

     Dynamical  Matrix in cartesian axes

     q = (    0.500000000  -0.125000000   0.625000000 ) 

    1    1
  0.02143983  0.00000000    0.00411229  0.00000000    0.01253825  0.00000000
  0.00411229  0.00000000    0.01885452  0.00000000    0.00126847  0.00000000
  0.01253825  0.00000000    0.00126847  0.00000000    0.02145373  0.00000000

     Dynamical  Matrix in cartesian axes

     q = (   -0.500000000  -0.125000000  -0.625000000 ) 

    1    1
  0.02143983  0.00000000   -0.00411229  0.00000000    0.01253825  0.00000000
 -0.00411229  0.00000000    0.01885452  0.00000000   -0.00126847  0.00000000
  0.01253825  0.00000000   -0.00126847  0.00000000    0.02145373  0.00000000

     Dynamical  Matrix in cartesian axes

     q = (   -0.500000000   0.125000000   0.625000000 ) 

    1    1
  0.02143983  0.00000000    0.00411229  0.00000000   -0.01253825  0.00000000
  0.00411229  0.00000000    0.01885452  0.00000000   -0.00126847  0.00000000
 -0.01253825  0.00000000   -0.00126847  0.00000000    0.02145373  0.00000000

     Diagonalizing the dynamical matrix

     q = (   -0.125000000   0.625000000  -0.500000000 ) 

 **************************************************************************
     freq (    1) =       2.094718 [THz] =      69.872257 [cm-1]
 (  0.201180 -0.000000  0.670895 -0.000000  0.713741  0.000000 ) 
     freq (    2) =       3.079217 [THz] =     102.711639 [cm-1]
 (  0.951476  0.000000 -0.307044  0.000000  0.020422  0.000000 ) 
     freq (    3) =       4.245497 [THz] =     141.614543 [cm-1]
 ( -0.232851  0.000000 -0.674999  0.000000  0.700112  0.000000 ) 
 **************************************************************************
