Dynamical matrix file
                                                                           
  1    1  3  6.8800000  0.0000000  0.0000000  0.0000000  0.0000000  0.0000000
           1  'Na  '    20954.103126620943     
    1    1      0.0000000000      0.0000000000      0.0000000000

     Dynamical  Matrix in cartesian axes

     q = (   -0.166666667   0.666666667  -0.500000000 ) 

    1    1
  0.03123424  0.00000000   -0.00112418  0.00000000   -0.01081215  0.00000000
 -0.00112418  0.00000000    0.04301347  0.00000000   -0.03245690  0.00000000
 -0.01081215  0.00000000   -0.03245690  0.00000000    0.04768797  0.00000000

     Dynamical  Matrix in cartesian axes

     q = (    0.666666667  -0.166666667  -0.500000000 ) 

    1    1
  0.04301347  0.00000000   -0.00112418  0.00000000   -0.03245690  0.00000000
 -0.00112418  0.00000000    0.03123424  0.00000000   -0.01081215  0.00000000
 -0.03245690  0.00000000   -0.01081215  0.00000000    0.04768797  0.00000000

     Dynamical  Matrix in cartesian axes

     q = (   -0.166666667   0.500000000  -0.666666667 ) 

    1    1
  0.03123424  0.00000000    0.01081215  0.00000000    0.00112418  0.00000000
  0.01081215  0.00000000    0.04768797  0.00000000   -0.03245690  0.00000000
  0.00112418  0.00000000   -0.03245690  0.00000000    0.04301347  0.00000000

     Dynamical  Matrix in cartesian axes

     q = (    0.166666667   0.500000000  -0.666666667 ) 

    1    1
  0.03123424  0.00000000   -0.01081215  0.00000000   -0.00112418  0.00000000
 -0.01081215  0.00000000    0.04768797  0.00000000   -0.03245690  0.00000000
 -0.00112418  0.00000000   -0.03245690  0.00000000    0.04301347  0.00000000

     Dynamical  Matrix in cartesian axes

     q = (   -0.166666667  -0.500000000   0.666666667 ) 

    1    1
  0.03123424  0.00000000   -0.01081215  0.00000000   -0.00112418  0.00000000
 -0.01081215  0.00000000    0.04768797  0.00000000   -0.03245690  0.00000000
 -0.00112418  0.00000000   -0.03245690  0.00000000    0.04301347  0.00000000

     Dynamical  Matrix in cartesian axes

     q = (    0.166666667  -0.500000000   0.666666667 ) 

    1    1
  0.03123424  0.00000000    0.01081215  0.00000000    0.00112418  0.00000000
  0.01081215  0.00000000    0.04768797  0.00000000   -0.03245690  0.00000000
  0.00112418  0.00000000   -0.03245690  0.00000000    0.04301347  0.00000000

     Dynamical  Matrix in cartesian axes

     q = (    0.166666667  -0.666666667   0.500000000 ) 

    1    1
  0.03123424  0.00000000   -0.00112418  0.00000000   -0.01081215  0.00000000
 -0.00112418  0.00000000    0.04301347  0.00000000   -0.03245690  0.00000000
 -0.01081215  0.00000000   -0.03245690  0.00000000    0.04768797  0.00000000

     Dynamical  Matrix in cartesian axes

     q = (   -0.166666667  -0.666666667   0.500000000 ) 

    1    1
  0.03123424  0.00000000    0.00112418  0.00000000    0.01081215  0.00000000
  0.00112418  0.00000000    0.04301347  0.00000000   -0.03245690  0.00000000
  0.01081215  0.00000000   -0.03245690  0.00000000    0.04768797  0.00000000

     Dynamical  Matrix in cartesian axes

     q = (   -0.500000000  -0.666666667  -0.166666667 ) 

    1    1
  0.04768797  0.00000000    0.03245690  0.00000000   -0.01081215  0.00000000
  0.03245690  0.00000000    0.04301347  0.00000000    0.00112418  0.00000000
 -0.01081215  0.00000000    0.00112418  0.00000000    0.03123424  0.00000000

     Dynamical  Matrix in cartesian axes

     q = (    0.500000000  -0.666666667   0.166666667 ) 

    1    1
  0.04768797  0.00000000   -0.03245690  0.00000000   -0.01081215  0.00000000
 -0.03245690  0.00000000    0.04301347  0.00000000   -0.00112418  0.00000000
 -0.01081215  0.00000000   -0.00112418  0.00000000    0.03123424  0.00000000

     Dynamical  Matrix in cartesian axes

     q = (   -0.500000000   0.666666667   0.166666667 ) 

    1    1
  0.04768797  0.00000000   -0.03245690  0.00000000    0.01081215  0.00000000
 -0.03245690  0.00000000    0.04301347  0.00000000    0.00112418  0.00000000
  0.01081215  0.00000000    0.00112418  0.00000000    0.03123424  0.00000000

     Dynamical  Matrix in cartesian axes

     q = (    0.500000000   0.666666667  -0.166666667 ) 

    1    1
  0.04768797  0.00000000    0.03245690  0.00000000    0.01081215  0.00000000
  0.03245690  0.00000000    0.04301347  0.00000000   -0.00112418  0.00000000
  0.01081215  0.00000000   -0.00112418  0.00000000    0.03123424  0.00000000

     Dynamical  Matrix in cartesian axes

     q = (    0.666666667  -0.166666667   0.500000000 ) 

    1    1
  0.04301347  0.00000000   -0.00112418  0.00000000    0.03245690  0.00000000
 -0.00112418  0.00000000    0.03123424  0.00000000    0.01081215  0.00000000
  0.03245690  0.00000000    0.01081215  0.00000000    0.04768797  0.00000000

     Dynamical  Matrix in cartesian axes

     q = (    0.666666667  -0.500000000  -0.166666667 ) 

    1    1
  0.04301347  0.00000000   -0.03245690  0.00000000   -0.00112418  0.00000000
 -0.03245690  0.00000000    0.04768797  0.00000000   -0.01081215  0.00000000
 -0.00112418  0.00000000   -0.01081215  0.00000000    0.03123424  0.00000000

     Dynamical  Matrix in cartesian axes

     q = (   -0.166666667  -0.500000000  -0.666666667 ) 

    1    1
  0.03123424  0.00000000   -0.01081215  0.00000000    0.00112418  0.00000000
 -0.01081215  0.00000000    0.04768797  0.00000000    0.03245690  0.00000000
  0.00112418  0.00000000    0.03245690  0.00000000    0.04301347  0.00000000

     Dynamical  Matrix in cartesian axes

     q = (   -0.166666667   0.500000000   0.666666667 ) 

    1    1
  0.03123424  0.00000000    0.01081215  0.00000000   -0.00112418  0.00000000
  0.01081215  0.00000000    0.04768797  0.00000000    0.03245690  0.00000000
 -0.00112418  0.00000000    0.03245690  0.00000000    0.04301347  0.00000000

     Dynamical  Matrix in cartesian axes

     q = (    0.666666667   0.166666667  -0.500000000 ) 

    1    1
  0.04301347  0.00000000    0.00112418  0.00000000   -0.03245690  0.00000000
  0.00112418  0.00000000    0.03123424  0.00000000    0.01081215  0.00000000
 -0.03245690  0.00000000    0.01081215  0.00000000    0.04768797  0.00000000

     Dynamical  Matrix in cartesian axes

     q = (    0.166666667   0.666666667  -0.500000000 ) 

    1    1
  0.03123424  0.00000000    0.00112418  0.00000000    0.01081215  0.00000000
  0.00112418  0.00000000    0.04301347  0.00000000   -0.03245690  0.00000000
  0.01081215  0.00000000   -0.03245690  0.00000000    0.04768797  0.00000000

     Dynamical  Matrix in cartesian axes

     q = (    0.666666667   0.500000000   0.166666667 ) 

    1    1
  0.04301347  0.00000000    0.03245690  0.00000000    0.00112418  0.00000000
  0.03245690  0.00000000    0.04768797  0.00000000   -0.01081215  0.00000000
  0.00112418  0.00000000   -0.01081215  0.00000000    0.03123424  0.00000000

     Dynamical  Matrix in cartesian axes

     q = (   -0.666666667   0.500000000  -0.166666667 ) 

    1    1
  0.04301347  0.00000000   -0.03245690  0.00000000    0.00112418  0.00000000
 -0.03245690  0.00000000    0.04768797  0.00000000    0.01081215  0.00000000
  0.00112418  0.00000000    0.01081215  0.00000000    0.03123424  0.00000000

     Dynamical  Matrix in cartesian axes

     q = (    0.500000000   0.166666667   0.666666667 ) 

    1    1
  0.04768797  0.00000000   -0.01081215  0.00000000    0.03245690  0.00000000
 -0.01081215  0.00000000    0.03123424  0.00000000    0.00112418  0.00000000
  0.03245690  0.00000000    0.00112418  0.00000000    0.04301347  0.00000000

     Dynamical  Matrix in cartesian axes

     q = (   -0.500000000   0.166666667  -0.666666667 ) 

    1    1
  0.04768797  0.00000000    0.01081215  0.00000000    0.03245690  0.00000000
  0.01081215  0.00000000    0.03123424  0.00000000   -0.00112418  0.00000000
  0.03245690  0.00000000   -0.00112418  0.00000000    0.04301347  0.00000000

     Dynamical  Matrix in cartesian axes

     q = (    0.500000000   0.666666667   0.166666667 ) 

    1    1
  0.04768797  0.00000000    0.03245690  0.00000000   -0.01081215  0.00000000
  0.03245690  0.00000000    0.04301347  0.00000000    0.00112418  0.00000000
 -0.01081215  0.00000000    0.00112418  0.00000000    0.03123424  0.00000000

     Dynamical  Matrix in cartesian axes

     q = (    0.500000000  -0.166666667  -0.666666667 ) 

    1    1
  0.04768797  0.00000000    0.01081215  0.00000000   -0.03245690  0.00000000
  0.01081215  0.00000000    0.03123424  0.00000000    0.00112418  0.00000000
 -0.03245690  0.00000000    0.00112418  0.00000000    0.04301347  0.00000000

     Dynamical  Matrix in cartesian axes

     q = (   -0.666666667   0.166666667   0.500000000 ) 

    1    1
  0.04301347  0.00000000   -0.00112418  0.00000000   -0.03245690  0.00000000
 -0.00112418  0.00000000    0.03123424  0.00000000   -0.01081215  0.00000000
 -0.03245690  0.00000000   -0.01081215  0.00000000    0.04768797  0.00000000

     Dynamical  Matrix in cartesian axes

     q = (   -0.166666667   0.666666667   0.500000000 ) 

    1    1
  0.03123424  0.00000000   -0.00112418  0.00000000    0.01081215  0.00000000
 -0.00112418  0.00000000    0.04301347  0.00000000    0.03245690  0.00000000
  0.01081215  0.00000000    0.03245690  0.00000000    0.04768797  0.00000000

     Dynamical  Matrix in cartesian axes

     q = (   -0.500000000  -0.166666667   0.666666667 ) 

    1    1
  0.04768797  0.00000000   -0.01081215  0.00000000   -0.03245690  0.00000000
 -0.01081215  0.00000000    0.03123424  0.00000000   -0.00112418  0.00000000
 -0.03245690  0.00000000   -0.00112418  0.00000000    0.04301347  0.00000000

     Dynamical  Matrix in cartesian axes

     q = (    0.166666667   0.666666667   0.500000000 ) 

    1    1
  0.03123424  0.00000000    0.00112418  0.00000000   -0.01081215  0.00000000
  0.00112418  0.00000000    0.04301347  0.00000000    0.03245690  0.00000000
 -0.01081215  0.00000000    0.03245690  0.00000000    0.04768797  0.00000000

     Dynamical  Matrix in cartesian axes

     q = (   -0.500000000   0.666666667  -0.166666667 ) 

    1    1
  0.04768797  0.00000000   -0.03245690  0.00000000   -0.01081215  0.00000000
 -0.03245690  0.00000000    0.04301347  0.00000000   -0.00112418  0.00000000
 -0.01081215  0.00000000   -0.00112418  0.00000000    0.03123424  0.00000000

     Dynamical  Matrix in cartesian axes

     q = (   -0.666666667  -0.166666667  -0.500000000 ) 

    1    1
  0.04301347  0.00000000    0.00112418  0.00000000    0.03245690  0.00000000
  0.00112418  0.00000000    0.03123424  0.00000000   -0.01081215  0.00000000
  0.03245690  0.00000000   -0.01081215  0.00000000    0.04768797  0.00000000

     Dynamical  Matrix in cartesian axes

     q = (   -0.666666667  -0.166666667   0.500000000 ) 

    1    1
  0.04301347  0.00000000    0.00112418  0.00000000   -0.03245690  0.00000000
  0.00112418  0.00000000    0.03123424  0.00000000    0.01081215  0.00000000
 -0.03245690  0.00000000    0.01081215  0.00000000    0.04768797  0.00000000

     Dynamical  Matrix in cartesian axes

     q = (    0.666666667   0.166666667   0.500000000 ) 

    1    1
  0.04301347  0.00000000    0.00112418  0.00000000    0.03245690  0.00000000
  0.00112418  0.00000000    0.03123424  0.00000000   -0.01081215  0.00000000
  0.03245690  0.00000000   -0.01081215  0.00000000    0.04768797  0.00000000

     Dynamical  Matrix in cartesian axes

     q = (    0.166666667  -0.666666667  -0.500000000 ) 

    1    1
  0.03123424  0.00000000   -0.00112418  0.00000000    0.01081215  0.00000000
 -0.00112418  0.00000000    0.04301347  0.00000000    0.03245690  0.00000000
  0.01081215  0.00000000    0.03245690  0.00000000    0.04768797  0.00000000

     Dynamical  Matrix in cartesian axes

     q = (   -0.666666667   0.166666667  -0.500000000 ) 

    1    1
  0.04301347  0.00000000   -0.00112418  0.00000000    0.03245690  0.00000000
 -0.00112418  0.00000000    0.03123424  0.00000000    0.01081215  0.00000000
  0.03245690  0.00000000    0.01081215  0.00000000    0.04768797  0.00000000

     Dynamical  Matrix in cartesian axes

     q = (    0.500000000  -0.666666667  -0.166666667 ) 

    1    1
  0.04768797  0.00000000   -0.03245690  0.00000000    0.01081215  0.00000000
 -0.03245690  0.00000000    0.04301347  0.00000000    0.00112418  0.00000000
  0.01081215  0.00000000    0.00112418  0.00000000    0.03123424  0.00000000

     Dynamical  Matrix in cartesian axes

     q = (   -0.500000000  -0.666666667   0.166666667 ) 

    1    1
  0.04768797  0.00000000    0.03245690  0.00000000    0.01081215  0.00000000
  0.03245690  0.00000000    0.04301347  0.00000000   -0.00112418  0.00000000
  0.01081215  0.00000000   -0.00112418  0.00000000    0.03123424  0.00000000

     Dynamical  Matrix in cartesian axes

     q = (   -0.166666667  -0.666666667  -0.500000000 ) 

    1    1
  0.03123424  0.00000000    0.00112418  0.00000000   -0.01081215  0.00000000
  0.00112418  0.00000000    0.04301347  0.00000000    0.03245690  0.00000000
 -0.01081215  0.00000000    0.03245690  0.00000000    0.04768797  0.00000000

     Dynamical  Matrix in cartesian axes

     q = (   -0.666666667  -0.500000000   0.166666667 ) 

    1    1
  0.04301347  0.00000000    0.03245690  0.00000000   -0.00112418  0.00000000
  0.03245690  0.00000000    0.04768797  0.00000000    0.01081215  0.00000000
 -0.00112418  0.00000000    0.01081215  0.00000000    0.03123424  0.00000000

     Dynamical  Matrix in cartesian axes

     q = (    0.166666667   0.500000000   0.666666667 ) 

    1    1
  0.03123424  0.00000000   -0.01081215  0.00000000    0.00112418  0.00000000
 -0.01081215  0.00000000    0.04768797  0.00000000    0.03245690  0.00000000
  0.00112418  0.00000000    0.03245690  0.00000000    0.04301347  0.00000000

     Dynamical  Matrix in cartesian axes

     q = (    0.166666667  -0.500000000  -0.666666667 ) 

    1    1
  0.03123424  0.00000000    0.01081215  0.00000000   -0.00112418  0.00000000
  0.01081215  0.00000000    0.04768797  0.00000000    0.03245690  0.00000000
 -0.00112418  0.00000000    0.03245690  0.00000000    0.04301347  0.00000000

     Dynamical  Matrix in cartesian axes

     q = (   -0.666666667   0.500000000   0.166666667 ) 

    1    1
  0.04301347  0.00000000   -0.03245690  0.00000000   -0.00112418  0.00000000
 -0.03245690  0.00000000    0.04768797  0.00000000   -0.01081215  0.00000000
 -0.00112418  0.00000000   -0.01081215  0.00000000    0.03123424  0.00000000

     Dynamical  Matrix in cartesian axes

     q = (    0.666666667   0.500000000  -0.166666667 ) 

    1    1
  0.04301347  0.00000000    0.03245690  0.00000000   -0.00112418  0.00000000
  0.03245690  0.00000000    0.04768797  0.00000000    0.01081215  0.00000000
 -0.00112418  0.00000000    0.01081215  0.00000000    0.03123424  0.00000000

     Dynamical  Matrix in cartesian axes

     q = (   -0.666666667  -0.500000000  -0.166666667 ) 

    1    1
  0.04301347  0.00000000    0.03245690  0.00000000    0.00112418  0.00000000
  0.03245690  0.00000000    0.04768797  0.00000000   -0.01081215  0.00000000
  0.00112418  0.00000000   -0.01081215  0.00000000    0.03123424  0.00000000

     Dynamical  Matrix in cartesian axes

     q = (    0.666666667  -0.500000000   0.166666667 ) 

    1    1
  0.04301347  0.00000000   -0.03245690  0.00000000    0.00112418  0.00000000
 -0.03245690  0.00000000    0.04768797  0.00000000    0.01081215  0.00000000
  0.00112418  0.00000000    0.01081215  0.00000000    0.03123424  0.00000000

     Dynamical  Matrix in cartesian axes

     q = (    0.500000000   0.166666667  -0.666666667 ) 

    1    1
  0.04768797  0.00000000   -0.01081215  0.00000000   -0.03245690  0.00000000
 -0.01081215  0.00000000    0.03123424  0.00000000   -0.00112418  0.00000000
 -0.03245690  0.00000000   -0.00112418  0.00000000    0.04301347  0.00000000

     Dynamical  Matrix in cartesian axes

     q = (    0.500000000  -0.166666667   0.666666667 ) 

    1    1
  0.04768797  0.00000000    0.01081215  0.00000000    0.03245690  0.00000000
  0.01081215  0.00000000    0.03123424  0.00000000   -0.00112418  0.00000000
  0.03245690  0.00000000   -0.00112418  0.00000000    0.04301347  0.00000000

     Dynamical  Matrix in cartesian axes

     q = (   -0.500000000  -0.166666667  -0.666666667 ) 

    1    1
  0.04768797  0.00000000   -0.01081215  0.00000000    0.03245690  0.00000000
 -0.01081215  0.00000000    0.03123424  0.00000000    0.00112418  0.00000000
  0.03245690  0.00000000    0.00112418  0.00000000    0.04301347  0.00000000

     Dynamical  Matrix in cartesian axes

     q = (   -0.500000000   0.166666667   0.666666667 ) 

    1    1
  0.04768797  0.00000000    0.01081215  0.00000000   -0.03245690  0.00000000
  0.01081215  0.00000000    0.03123424  0.00000000    0.00112418  0.00000000
 -0.03245690  0.00000000    0.00112418  0.00000000    0.04301347  0.00000000

     Diagonalizing the dynamical matrix

     q = (   -0.166666667   0.666666667  -0.500000000 ) 

 **************************************************************************
     freq (    1) =       2.226702 [THz] =      74.274784 [cm-1]
 (  0.364739 -0.000000  0.655043 -0.000000  0.661728  0.000000 ) 
     freq (    2) =       4.150450 [THz] =     138.444096 [cm-1]
 (  0.918754  0.000000 -0.368584  0.000000 -0.141550  0.000000 ) 
     freq (    3) =       6.387245 [THz] =     213.055553 [cm-1]
 ( -0.151181  0.000000 -0.659594  0.000000  0.736261  0.000000 ) 
 **************************************************************************
