Dynamical matrix file
                                                                           
  1    1  2  9.8824574  0.0000000  0.0000000  0.0000000  0.0000000  0.0000000
           1  'Na  '    20954.103126620943     
    1    1      0.0000000000      0.0000000000      0.0000000000

     Dynamical  Matrix in cartesian axes

     q = (    0.625000000  -0.125000000   0.875000000 ) 

    1    1
  0.01778568  0.00000000   -0.00464545  0.00000000    0.00322080  0.00000000
 -0.00464545  0.00000000    0.03230193  0.00000000   -0.00102333  0.00000000
  0.00322080  0.00000000   -0.00102333  0.00000000    0.02323494  0.00000000

     Dynamical  Matrix in cartesian axes

     q = (    0.625000000  -0.125000000  -0.875000000 ) 

    1    1
  0.01778568  0.00000000   -0.00464545  0.00000000   -0.00322080  0.00000000
 -0.00464545  0.00000000    0.03230193  0.00000000    0.00102333  0.00000000
 -0.00322080  0.00000000    0.00102333  0.00000000    0.02323494  0.00000000

     Dynamical  Matrix in cartesian axes

     q = (    0.875000000   0.125000000   0.625000000 ) 

    1    1
  0.02323494  0.00000000    0.00102333  0.00000000    0.00322080  0.00000000
  0.00102333  0.00000000    0.03230193  0.00000000    0.00464545  0.00000000
  0.00322080  0.00000000    0.00464545  0.00000000    0.01778568  0.00000000

     Dynamical  Matrix in cartesian axes

     q = (    0.625000000   0.125000000   0.875000000 ) 

    1    1
  0.01778568  0.00000000    0.00464545  0.00000000    0.00322080  0.00000000
  0.00464545  0.00000000    0.03230193  0.00000000    0.00102333  0.00000000
  0.00322080  0.00000000    0.00102333  0.00000000    0.02323494  0.00000000

     Dynamical  Matrix in cartesian axes

     q = (    0.875000000  -0.125000000  -0.625000000 ) 

    1    1
  0.02323494  0.00000000   -0.00102333  0.00000000   -0.00322080  0.00000000
 -0.00102333  0.00000000    0.03230193  0.00000000    0.00464545  0.00000000
 -0.00322080  0.00000000    0.00464545  0.00000000    0.01778568  0.00000000

     Dynamical  Matrix in cartesian axes

     q = (    0.875000000  -0.125000000   0.625000000 ) 

    1    1
  0.02323494  0.00000000   -0.00102333  0.00000000    0.00322080  0.00000000
 -0.00102333  0.00000000    0.03230193  0.00000000   -0.00464545  0.00000000
  0.00322080  0.00000000   -0.00464545  0.00000000    0.01778568  0.00000000

     Dynamical  Matrix in cartesian axes

     q = (   -0.875000000  -0.125000000   0.625000000 ) 

    1    1
  0.02323494  0.00000000    0.00102333  0.00000000   -0.00322080  0.00000000
  0.00102333  0.00000000    0.03230193  0.00000000   -0.00464545  0.00000000
 -0.00322080  0.00000000   -0.00464545  0.00000000    0.01778568  0.00000000

     Dynamical  Matrix in cartesian axes

     q = (   -0.625000000  -0.125000000  -0.875000000 ) 

    1    1
  0.01778568  0.00000000    0.00464545  0.00000000    0.00322080  0.00000000
  0.00464545  0.00000000    0.03230193  0.00000000    0.00102333  0.00000000
  0.00322080  0.00000000    0.00102333  0.00000000    0.02323494  0.00000000

     Dynamical  Matrix in cartesian axes

     q = (   -0.875000000   0.125000000  -0.625000000 ) 

    1    1
  0.02323494  0.00000000   -0.00102333  0.00000000    0.00322080  0.00000000
 -0.00102333  0.00000000    0.03230193  0.00000000   -0.00464545  0.00000000
  0.00322080  0.00000000   -0.00464545  0.00000000    0.01778568  0.00000000

     Dynamical  Matrix in cartesian axes

     q = (   -0.625000000  -0.125000000   0.875000000 ) 

    1    1
  0.01778568  0.00000000    0.00464545  0.00000000   -0.00322080  0.00000000
  0.00464545  0.00000000    0.03230193  0.00000000   -0.00102333  0.00000000
 -0.00322080  0.00000000   -0.00102333  0.00000000    0.02323494  0.00000000

     Dynamical  Matrix in cartesian axes

     q = (   -0.875000000   0.125000000   0.625000000 ) 

    1    1
  0.02323494  0.00000000   -0.00102333  0.00000000   -0.00322080  0.00000000
 -0.00102333  0.00000000    0.03230193  0.00000000    0.00464545  0.00000000
 -0.00322080  0.00000000    0.00464545  0.00000000    0.01778568  0.00000000

     Dynamical  Matrix in cartesian axes

     q = (    0.875000000   0.125000000  -0.625000000 ) 

    1    1
  0.02323494  0.00000000    0.00102333  0.00000000   -0.00322080  0.00000000
  0.00102333  0.00000000    0.03230193  0.00000000   -0.00464545  0.00000000
 -0.00322080  0.00000000   -0.00464545  0.00000000    0.01778568  0.00000000

     Dynamical  Matrix in cartesian axes

     q = (   -0.625000000   0.125000000   0.875000000 ) 

    1    1
  0.01778568  0.00000000   -0.00464545  0.00000000   -0.00322080  0.00000000
 -0.00464545  0.00000000    0.03230193  0.00000000    0.00102333  0.00000000
 -0.00322080  0.00000000    0.00102333  0.00000000    0.02323494  0.00000000

     Dynamical  Matrix in cartesian axes

     q = (   -0.875000000  -0.125000000  -0.625000000 ) 

    1    1
  0.02323494  0.00000000    0.00102333  0.00000000    0.00322080  0.00000000
  0.00102333  0.00000000    0.03230193  0.00000000    0.00464545  0.00000000
  0.00322080  0.00000000    0.00464545  0.00000000    0.01778568  0.00000000

     Dynamical  Matrix in cartesian axes

     q = (    0.625000000   0.125000000  -0.875000000 ) 

    1    1
  0.01778568  0.00000000    0.00464545  0.00000000   -0.00322080  0.00000000
  0.00464545  0.00000000    0.03230193  0.00000000   -0.00102333  0.00000000
 -0.00322080  0.00000000   -0.00102333  0.00000000    0.02323494  0.00000000

     Dynamical  Matrix in cartesian axes

     q = (   -0.625000000   0.125000000  -0.875000000 ) 

    1    1
  0.01778568  0.00000000   -0.00464545  0.00000000    0.00322080  0.00000000
 -0.00464545  0.00000000    0.03230193  0.00000000   -0.00102333  0.00000000
  0.00322080  0.00000000   -0.00102333  0.00000000    0.02323494  0.00000000

     Dynamical  Matrix in cartesian axes

     q = (   -0.125000000   0.875000000   0.625000000 ) 

    1    1
  0.03230193  0.00000000   -0.00102333  0.00000000   -0.00464545  0.00000000
 -0.00102333  0.00000000    0.02323494  0.00000000    0.00322080  0.00000000
 -0.00464545  0.00000000    0.00322080  0.00000000    0.01778568  0.00000000

     Dynamical  Matrix in cartesian axes

     q = (    0.125000000   0.875000000  -0.625000000 ) 

    1    1
  0.03230193  0.00000000    0.00102333  0.00000000   -0.00464545  0.00000000
  0.00102333  0.00000000    0.02323494  0.00000000   -0.00322080  0.00000000
 -0.00464545  0.00000000   -0.00322080  0.00000000    0.01778568  0.00000000

     Dynamical  Matrix in cartesian axes

     q = (   -0.125000000  -0.875000000  -0.625000000 ) 

    1    1
  0.03230193  0.00000000    0.00102333  0.00000000    0.00464545  0.00000000
  0.00102333  0.00000000    0.02323494  0.00000000    0.00322080  0.00000000
  0.00464545  0.00000000    0.00322080  0.00000000    0.01778568  0.00000000

     Dynamical  Matrix in cartesian axes

     q = (   -0.125000000   0.625000000  -0.875000000 ) 

    1    1
  0.03230193  0.00000000   -0.00464545  0.00000000    0.00102333  0.00000000
 -0.00464545  0.00000000    0.01778568  0.00000000   -0.00322080  0.00000000
  0.00102333  0.00000000   -0.00322080  0.00000000    0.02323494  0.00000000

     Dynamical  Matrix in cartesian axes

     q = (    0.875000000   0.625000000  -0.125000000 ) 

    1    1
  0.02323494  0.00000000    0.00322080  0.00000000   -0.00102333  0.00000000
  0.00322080  0.00000000    0.01778568  0.00000000   -0.00464545  0.00000000
 -0.00102333  0.00000000   -0.00464545  0.00000000    0.03230193  0.00000000

     Dynamical  Matrix in cartesian axes

     q = (   -0.125000000   0.875000000  -0.625000000 ) 

    1    1
  0.03230193  0.00000000   -0.00102333  0.00000000    0.00464545  0.00000000
 -0.00102333  0.00000000    0.02323494  0.00000000   -0.00322080  0.00000000
  0.00464545  0.00000000   -0.00322080  0.00000000    0.01778568  0.00000000

     Dynamical  Matrix in cartesian axes

     q = (   -0.875000000  -0.625000000  -0.125000000 ) 

    1    1
  0.02323494  0.00000000    0.00322080  0.00000000    0.00102333  0.00000000
  0.00322080  0.00000000    0.01778568  0.00000000    0.00464545  0.00000000
  0.00102333  0.00000000    0.00464545  0.00000000    0.03230193  0.00000000

     Dynamical  Matrix in cartesian axes

     q = (   -0.875000000   0.625000000   0.125000000 ) 

    1    1
  0.02323494  0.00000000   -0.00322080  0.00000000   -0.00102333  0.00000000
 -0.00322080  0.00000000    0.01778568  0.00000000    0.00464545  0.00000000
 -0.00102333  0.00000000    0.00464545  0.00000000    0.03230193  0.00000000

     Dynamical  Matrix in cartesian axes

     q = (    0.125000000  -0.625000000   0.875000000 ) 

    1    1
  0.03230193  0.00000000   -0.00464545  0.00000000    0.00102333  0.00000000
 -0.00464545  0.00000000    0.01778568  0.00000000   -0.00322080  0.00000000
  0.00102333  0.00000000   -0.00322080  0.00000000    0.02323494  0.00000000

     Dynamical  Matrix in cartesian axes

     q = (    0.125000000  -0.875000000   0.625000000 ) 

    1    1
  0.03230193  0.00000000   -0.00102333  0.00000000    0.00464545  0.00000000
 -0.00102333  0.00000000    0.02323494  0.00000000   -0.00322080  0.00000000
  0.00464545  0.00000000   -0.00322080  0.00000000    0.01778568  0.00000000

     Dynamical  Matrix in cartesian axes

     q = (    0.625000000  -0.875000000   0.125000000 ) 

    1    1
  0.01778568  0.00000000   -0.00322080  0.00000000    0.00464545  0.00000000
 -0.00322080  0.00000000    0.02323494  0.00000000   -0.00102333  0.00000000
  0.00464545  0.00000000   -0.00102333  0.00000000    0.03230193  0.00000000

     Dynamical  Matrix in cartesian axes

     q = (   -0.875000000   0.625000000  -0.125000000 ) 

    1    1
  0.02323494  0.00000000   -0.00322080  0.00000000    0.00102333  0.00000000
 -0.00322080  0.00000000    0.01778568  0.00000000   -0.00464545  0.00000000
  0.00102333  0.00000000   -0.00464545  0.00000000    0.03230193  0.00000000

     Dynamical  Matrix in cartesian axes

     q = (    0.125000000   0.625000000   0.875000000 ) 

    1    1
  0.03230193  0.00000000    0.00464545  0.00000000    0.00102333  0.00000000
  0.00464545  0.00000000    0.01778568  0.00000000    0.00322080  0.00000000
  0.00102333  0.00000000    0.00322080  0.00000000    0.02323494  0.00000000

     Dynamical  Matrix in cartesian axes

     q = (   -0.125000000   0.625000000   0.875000000 ) 

    1    1
  0.03230193  0.00000000   -0.00464545  0.00000000   -0.00102333  0.00000000
 -0.00464545  0.00000000    0.01778568  0.00000000    0.00322080  0.00000000
 -0.00102333  0.00000000    0.00322080  0.00000000    0.02323494  0.00000000

     Dynamical  Matrix in cartesian axes

     q = (    0.125000000   0.625000000  -0.875000000 ) 

    1    1
  0.03230193  0.00000000    0.00464545  0.00000000   -0.00102333  0.00000000
  0.00464545  0.00000000    0.01778568  0.00000000   -0.00322080  0.00000000
 -0.00102333  0.00000000   -0.00322080  0.00000000    0.02323494  0.00000000

     Dynamical  Matrix in cartesian axes

     q = (   -0.125000000  -0.625000000  -0.875000000 ) 

    1    1
  0.03230193  0.00000000    0.00464545  0.00000000    0.00102333  0.00000000
  0.00464545  0.00000000    0.01778568  0.00000000    0.00322080  0.00000000
  0.00102333  0.00000000    0.00322080  0.00000000    0.02323494  0.00000000

     Dynamical  Matrix in cartesian axes

     q = (   -0.625000000  -0.875000000   0.125000000 ) 

    1    1
  0.01778568  0.00000000    0.00322080  0.00000000   -0.00464545  0.00000000
  0.00322080  0.00000000    0.02323494  0.00000000   -0.00102333  0.00000000
 -0.00464545  0.00000000   -0.00102333  0.00000000    0.03230193  0.00000000

     Dynamical  Matrix in cartesian axes

     q = (   -0.125000000  -0.625000000   0.875000000 ) 

    1    1
  0.03230193  0.00000000    0.00464545  0.00000000   -0.00102333  0.00000000
  0.00464545  0.00000000    0.01778568  0.00000000   -0.00322080  0.00000000
 -0.00102333  0.00000000   -0.00322080  0.00000000    0.02323494  0.00000000

     Dynamical  Matrix in cartesian axes

     q = (    0.875000000  -0.625000000   0.125000000 ) 

    1    1
  0.02323494  0.00000000   -0.00322080  0.00000000    0.00102333  0.00000000
 -0.00322080  0.00000000    0.01778568  0.00000000   -0.00464545  0.00000000
  0.00102333  0.00000000   -0.00464545  0.00000000    0.03230193  0.00000000

     Dynamical  Matrix in cartesian axes

     q = (    0.625000000   0.875000000   0.125000000 ) 

    1    1
  0.01778568  0.00000000    0.00322080  0.00000000    0.00464545  0.00000000
  0.00322080  0.00000000    0.02323494  0.00000000    0.00102333  0.00000000
  0.00464545  0.00000000    0.00102333  0.00000000    0.03230193  0.00000000

     Dynamical  Matrix in cartesian axes

     q = (    0.125000000  -0.625000000  -0.875000000 ) 

    1    1
  0.03230193  0.00000000   -0.00464545  0.00000000   -0.00102333  0.00000000
 -0.00464545  0.00000000    0.01778568  0.00000000    0.00322080  0.00000000
 -0.00102333  0.00000000    0.00322080  0.00000000    0.02323494  0.00000000

     Dynamical  Matrix in cartesian axes

     q = (    0.625000000   0.875000000  -0.125000000 ) 

    1    1
  0.01778568  0.00000000    0.00322080  0.00000000   -0.00464545  0.00000000
  0.00322080  0.00000000    0.02323494  0.00000000   -0.00102333  0.00000000
 -0.00464545  0.00000000   -0.00102333  0.00000000    0.03230193  0.00000000

     Dynamical  Matrix in cartesian axes

     q = (   -0.625000000  -0.875000000  -0.125000000 ) 

    1    1
  0.01778568  0.00000000    0.00322080  0.00000000    0.00464545  0.00000000
  0.00322080  0.00000000    0.02323494  0.00000000    0.00102333  0.00000000
  0.00464545  0.00000000    0.00102333  0.00000000    0.03230193  0.00000000

     Dynamical  Matrix in cartesian axes

     q = (   -0.625000000   0.875000000  -0.125000000 ) 

    1    1
  0.01778568  0.00000000   -0.00322080  0.00000000    0.00464545  0.00000000
 -0.00322080  0.00000000    0.02323494  0.00000000   -0.00102333  0.00000000
  0.00464545  0.00000000   -0.00102333  0.00000000    0.03230193  0.00000000

     Dynamical  Matrix in cartesian axes

     q = (    0.125000000  -0.875000000  -0.625000000 ) 

    1    1
  0.03230193  0.00000000   -0.00102333  0.00000000   -0.00464545  0.00000000
 -0.00102333  0.00000000    0.02323494  0.00000000    0.00322080  0.00000000
 -0.00464545  0.00000000    0.00322080  0.00000000    0.01778568  0.00000000

     Dynamical  Matrix in cartesian axes

     q = (   -0.125000000  -0.875000000   0.625000000 ) 

    1    1
  0.03230193  0.00000000    0.00102333  0.00000000   -0.00464545  0.00000000
  0.00102333  0.00000000    0.02323494  0.00000000   -0.00322080  0.00000000
 -0.00464545  0.00000000   -0.00322080  0.00000000    0.01778568  0.00000000

     Dynamical  Matrix in cartesian axes

     q = (    0.125000000   0.875000000   0.625000000 ) 

    1    1
  0.03230193  0.00000000    0.00102333  0.00000000    0.00464545  0.00000000
  0.00102333  0.00000000    0.02323494  0.00000000    0.00322080  0.00000000
  0.00464545  0.00000000    0.00322080  0.00000000    0.01778568  0.00000000

     Dynamical  Matrix in cartesian axes

     q = (    0.625000000  -0.875000000  -0.125000000 ) 

    1    1
  0.01778568  0.00000000   -0.00322080  0.00000000   -0.00464545  0.00000000
 -0.00322080  0.00000000    0.02323494  0.00000000    0.00102333  0.00000000
 -0.00464545  0.00000000    0.00102333  0.00000000    0.03230193  0.00000000

     Dynamical  Matrix in cartesian axes

     q = (   -0.875000000  -0.625000000   0.125000000 ) 

    1    1
  0.02323494  0.00000000    0.00322080  0.00000000   -0.00102333  0.00000000
  0.00322080  0.00000000    0.01778568  0.00000000   -0.00464545  0.00000000
 -0.00102333  0.00000000   -0.00464545  0.00000000    0.03230193  0.00000000

     Dynamical  Matrix in cartesian axes

     q = (   -0.625000000   0.875000000   0.125000000 ) 

    1    1
  0.01778568  0.00000000   -0.00322080  0.00000000   -0.00464545  0.00000000
 -0.00322080  0.00000000    0.02323494  0.00000000    0.00102333  0.00000000
 -0.00464545  0.00000000    0.00102333  0.00000000    0.03230193  0.00000000

     Dynamical  Matrix in cartesian axes

     q = (    0.875000000   0.625000000   0.125000000 ) 

    1    1
  0.02323494  0.00000000    0.00322080  0.00000000    0.00102333  0.00000000
  0.00322080  0.00000000    0.01778568  0.00000000    0.00464545  0.00000000
  0.00102333  0.00000000    0.00464545  0.00000000    0.03230193  0.00000000

     Dynamical  Matrix in cartesian axes

     q = (    0.875000000  -0.625000000  -0.125000000 ) 

    1    1
  0.02323494  0.00000000   -0.00322080  0.00000000   -0.00102333  0.00000000
 -0.00322080  0.00000000    0.01778568  0.00000000    0.00464545  0.00000000
 -0.00102333  0.00000000    0.00464545  0.00000000    0.03230193  0.00000000

     Diagonalizing the dynamical matrix

     q = (    0.625000000  -0.125000000   0.875000000 ) 

 **************************************************************************
     freq (    1) =       2.820126 [THz] =      94.069267 [cm-1]
 ( -0.910446  0.000000 -0.229362  0.000000  0.344210 -0.000000 ) 
     freq (    2) =       3.514877 [THz] =     117.243683 [cm-1]
 (  0.280856  0.000000  0.268126  0.000000  0.921536  0.000000 ) 
     freq (    3) =       4.191009 [THz] =     139.797013 [cm-1]
 (  0.303657  0.000000 -0.935682  0.000000  0.179696  0.000000 ) 
 **************************************************************************
