Dynamical matrix file
                                                                           
  1    1  2  9.8824574  0.0000000  0.0000000  0.0000000  0.0000000  0.0000000
           1  'Na  '    20954.103126620943     
    1    1      0.0000000000      0.0000000000      0.0000000000

     Dynamical  Matrix in cartesian axes

     q = (    0.625000000  -0.375000000   0.875000000 ) 

    1    1
  0.02027411  0.00000000   -0.00936124  0.00000000    0.00426457  0.00000000
 -0.00936124  0.00000000    0.02689735  0.00000000   -0.00388899  0.00000000
  0.00426457  0.00000000   -0.00388899  0.00000000    0.02503735  0.00000000

     Dynamical  Matrix in cartesian axes

     q = (    0.625000000  -0.375000000  -0.875000000 ) 

    1    1
  0.02027411  0.00000000   -0.00936124  0.00000000   -0.00426457  0.00000000
 -0.00936124  0.00000000    0.02689735  0.00000000    0.00388899  0.00000000
 -0.00426457  0.00000000    0.00388899  0.00000000    0.02503735  0.00000000

     Dynamical  Matrix in cartesian axes

     q = (    0.875000000   0.375000000   0.625000000 ) 

    1    1
  0.02503735  0.00000000    0.00388899  0.00000000    0.00426457  0.00000000
  0.00388899  0.00000000    0.02689735  0.00000000    0.00936124  0.00000000
  0.00426457  0.00000000    0.00936124  0.00000000    0.02027411  0.00000000

     Dynamical  Matrix in cartesian axes

     q = (    0.625000000   0.375000000   0.875000000 ) 

    1    1
  0.02027411  0.00000000    0.00936124  0.00000000    0.00426457  0.00000000
  0.00936124  0.00000000    0.02689735  0.00000000    0.00388899  0.00000000
  0.00426457  0.00000000    0.00388899  0.00000000    0.02503735  0.00000000

     Dynamical  Matrix in cartesian axes

     q = (    0.875000000  -0.375000000  -0.625000000 ) 

    1    1
  0.02503735  0.00000000   -0.00388899  0.00000000   -0.00426457  0.00000000
 -0.00388899  0.00000000    0.02689735  0.00000000    0.00936124  0.00000000
 -0.00426457  0.00000000    0.00936124  0.00000000    0.02027411  0.00000000

     Dynamical  Matrix in cartesian axes

     q = (    0.875000000  -0.375000000   0.625000000 ) 

    1    1
  0.02503735  0.00000000   -0.00388899  0.00000000    0.00426457  0.00000000
 -0.00388899  0.00000000    0.02689735  0.00000000   -0.00936124  0.00000000
  0.00426457  0.00000000   -0.00936124  0.00000000    0.02027411  0.00000000

     Dynamical  Matrix in cartesian axes

     q = (   -0.875000000  -0.375000000   0.625000000 ) 

    1    1
  0.02503735  0.00000000    0.00388899  0.00000000   -0.00426457  0.00000000
  0.00388899  0.00000000    0.02689735  0.00000000   -0.00936124  0.00000000
 -0.00426457  0.00000000   -0.00936124  0.00000000    0.02027411  0.00000000

     Dynamical  Matrix in cartesian axes

     q = (   -0.625000000  -0.375000000  -0.875000000 ) 

    1    1
  0.02027411  0.00000000    0.00936124  0.00000000    0.00426457  0.00000000
  0.00936124  0.00000000    0.02689735  0.00000000    0.00388899  0.00000000
  0.00426457  0.00000000    0.00388899  0.00000000    0.02503735  0.00000000

     Dynamical  Matrix in cartesian axes

     q = (   -0.875000000   0.375000000  -0.625000000 ) 

    1    1
  0.02503735  0.00000000   -0.00388899  0.00000000    0.00426457  0.00000000
 -0.00388899  0.00000000    0.02689735  0.00000000   -0.00936124  0.00000000
  0.00426457  0.00000000   -0.00936124  0.00000000    0.02027411  0.00000000

     Dynamical  Matrix in cartesian axes

     q = (   -0.625000000  -0.375000000   0.875000000 ) 

    1    1
  0.02027411  0.00000000    0.00936124  0.00000000   -0.00426457  0.00000000
  0.00936124  0.00000000    0.02689735  0.00000000   -0.00388899  0.00000000
 -0.00426457  0.00000000   -0.00388899  0.00000000    0.02503735  0.00000000

     Dynamical  Matrix in cartesian axes

     q = (   -0.875000000   0.375000000   0.625000000 ) 

    1    1
  0.02503735  0.00000000   -0.00388899  0.00000000   -0.00426457  0.00000000
 -0.00388899  0.00000000    0.02689735  0.00000000    0.00936124  0.00000000
 -0.00426457  0.00000000    0.00936124  0.00000000    0.02027411  0.00000000

     Dynamical  Matrix in cartesian axes

     q = (    0.875000000   0.375000000  -0.625000000 ) 

    1    1
  0.02503735  0.00000000    0.00388899  0.00000000   -0.00426457  0.00000000
  0.00388899  0.00000000    0.02689735  0.00000000   -0.00936124  0.00000000
 -0.00426457  0.00000000   -0.00936124  0.00000000    0.02027411  0.00000000

     Dynamical  Matrix in cartesian axes

     q = (   -0.625000000   0.375000000   0.875000000 ) 

    1    1
  0.02027411  0.00000000   -0.00936124  0.00000000   -0.00426457  0.00000000
 -0.00936124  0.00000000    0.02689735  0.00000000    0.00388899  0.00000000
 -0.00426457  0.00000000    0.00388899  0.00000000    0.02503735  0.00000000

     Dynamical  Matrix in cartesian axes

     q = (   -0.875000000  -0.375000000  -0.625000000 ) 

    1    1
  0.02503735  0.00000000    0.00388899  0.00000000    0.00426457  0.00000000
  0.00388899  0.00000000    0.02689735  0.00000000    0.00936124  0.00000000
  0.00426457  0.00000000    0.00936124  0.00000000    0.02027411  0.00000000

     Dynamical  Matrix in cartesian axes

     q = (    0.625000000   0.375000000  -0.875000000 ) 

    1    1
  0.02027411  0.00000000    0.00936124  0.00000000   -0.00426457  0.00000000
  0.00936124  0.00000000    0.02689735  0.00000000   -0.00388899  0.00000000
 -0.00426457  0.00000000   -0.00388899  0.00000000    0.02503735  0.00000000

     Dynamical  Matrix in cartesian axes

     q = (   -0.625000000   0.375000000  -0.875000000 ) 

    1    1
  0.02027411  0.00000000   -0.00936124  0.00000000    0.00426457  0.00000000
 -0.00936124  0.00000000    0.02689735  0.00000000   -0.00388899  0.00000000
  0.00426457  0.00000000   -0.00388899  0.00000000    0.02503735  0.00000000

     Dynamical  Matrix in cartesian axes

     q = (   -0.375000000   0.875000000   0.625000000 ) 

    1    1
  0.02689735  0.00000000   -0.00388899  0.00000000   -0.00936124  0.00000000
 -0.00388899  0.00000000    0.02503735  0.00000000    0.00426457  0.00000000
 -0.00936124  0.00000000    0.00426457  0.00000000    0.02027411  0.00000000

     Dynamical  Matrix in cartesian axes

     q = (    0.375000000   0.875000000  -0.625000000 ) 

    1    1
  0.02689735  0.00000000    0.00388899  0.00000000   -0.00936124  0.00000000
  0.00388899  0.00000000    0.02503735  0.00000000   -0.00426457  0.00000000
 -0.00936124  0.00000000   -0.00426457  0.00000000    0.02027411  0.00000000

     Dynamical  Matrix in cartesian axes

     q = (   -0.375000000  -0.875000000  -0.625000000 ) 

    1    1
  0.02689735  0.00000000    0.00388899  0.00000000    0.00936124  0.00000000
  0.00388899  0.00000000    0.02503735  0.00000000    0.00426457  0.00000000
  0.00936124  0.00000000    0.00426457  0.00000000    0.02027411  0.00000000

     Dynamical  Matrix in cartesian axes

     q = (   -0.375000000   0.625000000  -0.875000000 ) 

    1    1
  0.02689735  0.00000000   -0.00936124  0.00000000    0.00388899  0.00000000
 -0.00936124  0.00000000    0.02027411  0.00000000   -0.00426457  0.00000000
  0.00388899  0.00000000   -0.00426457  0.00000000    0.02503735  0.00000000

     Dynamical  Matrix in cartesian axes

     q = (    0.875000000   0.625000000  -0.375000000 ) 

    1    1
  0.02503735  0.00000000    0.00426457  0.00000000   -0.00388899  0.00000000
  0.00426457  0.00000000    0.02027411  0.00000000   -0.00936124  0.00000000
 -0.00388899  0.00000000   -0.00936124  0.00000000    0.02689735  0.00000000

     Dynamical  Matrix in cartesian axes

     q = (   -0.375000000   0.875000000  -0.625000000 ) 

    1    1
  0.02689735  0.00000000   -0.00388899  0.00000000    0.00936124  0.00000000
 -0.00388899  0.00000000    0.02503735  0.00000000   -0.00426457  0.00000000
  0.00936124  0.00000000   -0.00426457  0.00000000    0.02027411  0.00000000

     Dynamical  Matrix in cartesian axes

     q = (   -0.875000000  -0.625000000  -0.375000000 ) 

    1    1
  0.02503735  0.00000000    0.00426457  0.00000000    0.00388899  0.00000000
  0.00426457  0.00000000    0.02027411  0.00000000    0.00936124  0.00000000
  0.00388899  0.00000000    0.00936124  0.00000000    0.02689735  0.00000000

     Dynamical  Matrix in cartesian axes

     q = (   -0.875000000   0.625000000   0.375000000 ) 

    1    1
  0.02503735  0.00000000   -0.00426457  0.00000000   -0.00388899  0.00000000
 -0.00426457  0.00000000    0.02027411  0.00000000    0.00936124  0.00000000
 -0.00388899  0.00000000    0.00936124  0.00000000    0.02689735  0.00000000

     Dynamical  Matrix in cartesian axes

     q = (    0.375000000  -0.625000000   0.875000000 ) 

    1    1
  0.02689735  0.00000000   -0.00936124  0.00000000    0.00388899  0.00000000
 -0.00936124  0.00000000    0.02027411  0.00000000   -0.00426457  0.00000000
  0.00388899  0.00000000   -0.00426457  0.00000000    0.02503735  0.00000000

     Dynamical  Matrix in cartesian axes

     q = (    0.375000000  -0.875000000   0.625000000 ) 

    1    1
  0.02689735  0.00000000   -0.00388899  0.00000000    0.00936124  0.00000000
 -0.00388899  0.00000000    0.02503735  0.00000000   -0.00426457  0.00000000
  0.00936124  0.00000000   -0.00426457  0.00000000    0.02027411  0.00000000

     Dynamical  Matrix in cartesian axes

     q = (    0.625000000  -0.875000000   0.375000000 ) 

    1    1
  0.02027411  0.00000000   -0.00426457  0.00000000    0.00936124  0.00000000
 -0.00426457  0.00000000    0.02503735  0.00000000   -0.00388899  0.00000000
  0.00936124  0.00000000   -0.00388899  0.00000000    0.02689735  0.00000000

     Dynamical  Matrix in cartesian axes

     q = (   -0.875000000   0.625000000  -0.375000000 ) 

    1    1
  0.02503735  0.00000000   -0.00426457  0.00000000    0.00388899  0.00000000
 -0.00426457  0.00000000    0.02027411  0.00000000   -0.00936124  0.00000000
  0.00388899  0.00000000   -0.00936124  0.00000000    0.02689735  0.00000000

     Dynamical  Matrix in cartesian axes

     q = (    0.375000000   0.625000000   0.875000000 ) 

    1    1
  0.02689735  0.00000000    0.00936124  0.00000000    0.00388899  0.00000000
  0.00936124  0.00000000    0.02027411  0.00000000    0.00426457  0.00000000
  0.00388899  0.00000000    0.00426457  0.00000000    0.02503735  0.00000000

     Dynamical  Matrix in cartesian axes

     q = (   -0.375000000   0.625000000   0.875000000 ) 

    1    1
  0.02689735  0.00000000   -0.00936124  0.00000000   -0.00388899  0.00000000
 -0.00936124  0.00000000    0.02027411  0.00000000    0.00426457  0.00000000
 -0.00388899  0.00000000    0.00426457  0.00000000    0.02503735  0.00000000

     Dynamical  Matrix in cartesian axes

     q = (    0.375000000   0.625000000  -0.875000000 ) 

    1    1
  0.02689735  0.00000000    0.00936124  0.00000000   -0.00388899  0.00000000
  0.00936124  0.00000000    0.02027411  0.00000000   -0.00426457  0.00000000
 -0.00388899  0.00000000   -0.00426457  0.00000000    0.02503735  0.00000000

     Dynamical  Matrix in cartesian axes

     q = (   -0.375000000  -0.625000000  -0.875000000 ) 

    1    1
  0.02689735  0.00000000    0.00936124  0.00000000    0.00388899  0.00000000
  0.00936124  0.00000000    0.02027411  0.00000000    0.00426457  0.00000000
  0.00388899  0.00000000    0.00426457  0.00000000    0.02503735  0.00000000

     Dynamical  Matrix in cartesian axes

     q = (   -0.625000000  -0.875000000   0.375000000 ) 

    1    1
  0.02027411  0.00000000    0.00426457  0.00000000   -0.00936124  0.00000000
  0.00426457  0.00000000    0.02503735  0.00000000   -0.00388899  0.00000000
 -0.00936124  0.00000000   -0.00388899  0.00000000    0.02689735  0.00000000

     Dynamical  Matrix in cartesian axes

     q = (   -0.375000000  -0.625000000   0.875000000 ) 

    1    1
  0.02689735  0.00000000    0.00936124  0.00000000   -0.00388899  0.00000000
  0.00936124  0.00000000    0.02027411  0.00000000   -0.00426457  0.00000000
 -0.00388899  0.00000000   -0.00426457  0.00000000    0.02503735  0.00000000

     Dynamical  Matrix in cartesian axes

     q = (    0.875000000  -0.625000000   0.375000000 ) 

    1    1
  0.02503735  0.00000000   -0.00426457  0.00000000    0.00388899  0.00000000
 -0.00426457  0.00000000    0.02027411  0.00000000   -0.00936124  0.00000000
  0.00388899  0.00000000   -0.00936124  0.00000000    0.02689735  0.00000000

     Dynamical  Matrix in cartesian axes

     q = (    0.625000000   0.875000000   0.375000000 ) 

    1    1
  0.02027411  0.00000000    0.00426457  0.00000000    0.00936124  0.00000000
  0.00426457  0.00000000    0.02503735  0.00000000    0.00388899  0.00000000
  0.00936124  0.00000000    0.00388899  0.00000000    0.02689735  0.00000000

     Dynamical  Matrix in cartesian axes

     q = (    0.375000000  -0.625000000  -0.875000000 ) 

    1    1
  0.02689735  0.00000000   -0.00936124  0.00000000   -0.00388899  0.00000000
 -0.00936124  0.00000000    0.02027411  0.00000000    0.00426457  0.00000000
 -0.00388899  0.00000000    0.00426457  0.00000000    0.02503735  0.00000000

     Dynamical  Matrix in cartesian axes

     q = (    0.625000000   0.875000000  -0.375000000 ) 

    1    1
  0.02027411  0.00000000    0.00426457  0.00000000   -0.00936124  0.00000000
  0.00426457  0.00000000    0.02503735  0.00000000   -0.00388899  0.00000000
 -0.00936124  0.00000000   -0.00388899  0.00000000    0.02689735  0.00000000

     Dynamical  Matrix in cartesian axes

     q = (   -0.625000000  -0.875000000  -0.375000000 ) 

    1    1
  0.02027411  0.00000000    0.00426457  0.00000000    0.00936124  0.00000000
  0.00426457  0.00000000    0.02503735  0.00000000    0.00388899  0.00000000
  0.00936124  0.00000000    0.00388899  0.00000000    0.02689735  0.00000000

     Dynamical  Matrix in cartesian axes

     q = (   -0.625000000   0.875000000  -0.375000000 ) 

    1    1
  0.02027411  0.00000000   -0.00426457  0.00000000    0.00936124  0.00000000
 -0.00426457  0.00000000    0.02503735  0.00000000   -0.00388899  0.00000000
  0.00936124  0.00000000   -0.00388899  0.00000000    0.02689735  0.00000000

     Dynamical  Matrix in cartesian axes

     q = (    0.375000000  -0.875000000  -0.625000000 ) 

    1    1
  0.02689735  0.00000000   -0.00388899  0.00000000   -0.00936124  0.00000000
 -0.00388899  0.00000000    0.02503735  0.00000000    0.00426457  0.00000000
 -0.00936124  0.00000000    0.00426457  0.00000000    0.02027411  0.00000000

     Dynamical  Matrix in cartesian axes

     q = (   -0.375000000  -0.875000000   0.625000000 ) 

    1    1
  0.02689735  0.00000000    0.00388899  0.00000000   -0.00936124  0.00000000
  0.00388899  0.00000000    0.02503735  0.00000000   -0.00426457  0.00000000
 -0.00936124  0.00000000   -0.00426457  0.00000000    0.02027411  0.00000000

     Dynamical  Matrix in cartesian axes

     q = (    0.375000000   0.875000000   0.625000000 ) 

    1    1
  0.02689735  0.00000000    0.00388899  0.00000000    0.00936124  0.00000000
  0.00388899  0.00000000    0.02503735  0.00000000    0.00426457  0.00000000
  0.00936124  0.00000000    0.00426457  0.00000000    0.02027411  0.00000000

     Dynamical  Matrix in cartesian axes

     q = (    0.625000000  -0.875000000  -0.375000000 ) 

    1    1
  0.02027411  0.00000000   -0.00426457  0.00000000   -0.00936124  0.00000000
 -0.00426457  0.00000000    0.02503735  0.00000000    0.00388899  0.00000000
 -0.00936124  0.00000000    0.00388899  0.00000000    0.02689735  0.00000000

     Dynamical  Matrix in cartesian axes

     q = (   -0.875000000  -0.625000000   0.375000000 ) 

    1    1
  0.02503735  0.00000000    0.00426457  0.00000000   -0.00388899  0.00000000
  0.00426457  0.00000000    0.02027411  0.00000000   -0.00936124  0.00000000
 -0.00388899  0.00000000   -0.00936124  0.00000000    0.02689735  0.00000000

     Dynamical  Matrix in cartesian axes

     q = (   -0.625000000   0.875000000   0.375000000 ) 

    1    1
  0.02027411  0.00000000   -0.00426457  0.00000000   -0.00936124  0.00000000
 -0.00426457  0.00000000    0.02503735  0.00000000    0.00388899  0.00000000
 -0.00936124  0.00000000    0.00388899  0.00000000    0.02689735  0.00000000

     Dynamical  Matrix in cartesian axes

     q = (    0.875000000   0.625000000   0.375000000 ) 

    1    1
  0.02503735  0.00000000    0.00426457  0.00000000    0.00388899  0.00000000
  0.00426457  0.00000000    0.02027411  0.00000000    0.00936124  0.00000000
  0.00388899  0.00000000    0.00936124  0.00000000    0.02689735  0.00000000

     Dynamical  Matrix in cartesian axes

     q = (    0.875000000  -0.625000000  -0.375000000 ) 

    1    1
  0.02503735  0.00000000   -0.00426457  0.00000000   -0.00388899  0.00000000
 -0.00426457  0.00000000    0.02027411  0.00000000    0.00936124  0.00000000
 -0.00388899  0.00000000    0.00936124  0.00000000    0.02689735  0.00000000

     Diagonalizing the dynamical matrix

     q = (    0.625000000  -0.375000000   0.875000000 ) 

 **************************************************************************
     freq (    1) =       2.640836 [THz] =      88.088812 [cm-1]
 (  0.829874  0.000000  0.544144  0.000000 -0.123351  0.000000 ) 
     freq (    2) =       3.398676 [THz] =     113.367613 [cm-1]
 ( -0.155642  0.000000  0.438070  0.000000  0.885364  0.000000 ) 
     freq (    3) =       4.332639 [THz] =     144.521276 [cm-1]
 (  0.535802  0.000000 -0.715543  0.000000  0.448235  0.000000 ) 
 **************************************************************************
