Dynamical matrix file
                                                                           
  1    1  3  7.1485384  0.0000000  0.0000000  0.0000000  0.0000000  0.0000000
           1  'Na  '    20954.103126620943     
    1    1      0.0000000000      0.0000000000      0.0000000000

     Dynamical  Matrix in cartesian axes

     q = (   -0.125000000   0.750000000  -0.375000000 ) 

    1    1
  0.03551909  0.00000000   -0.00273623  0.00000000   -0.01118753  0.00000000
 -0.00273623  0.00000000    0.03989675  0.00000000   -0.02099191  0.00000000
 -0.01118753  0.00000000   -0.02099191  0.00000000    0.04485553  0.00000000

     Dynamical  Matrix in cartesian axes

     q = (    0.750000000  -0.125000000  -0.375000000 ) 

    1    1
  0.03989675  0.00000000   -0.00273623  0.00000000   -0.02099191  0.00000000
 -0.00273623  0.00000000    0.03551909  0.00000000   -0.01118753  0.00000000
 -0.02099191  0.00000000   -0.01118753  0.00000000    0.04485553  0.00000000

     Dynamical  Matrix in cartesian axes

     q = (   -0.125000000  -0.375000000   0.750000000 ) 

    1    1
  0.03551909  0.00000000   -0.01118753  0.00000000   -0.00273623  0.00000000
 -0.01118753  0.00000000    0.04485553  0.00000000   -0.02099191  0.00000000
 -0.00273623  0.00000000   -0.02099191  0.00000000    0.03989675  0.00000000

     Dynamical  Matrix in cartesian axes

     q = (    0.125000000  -0.375000000   0.750000000 ) 

    1    1
  0.03551909  0.00000000    0.01118753  0.00000000    0.00273623  0.00000000
  0.01118753  0.00000000    0.04485553  0.00000000   -0.02099191  0.00000000
  0.00273623  0.00000000   -0.02099191  0.00000000    0.03989675  0.00000000

     Dynamical  Matrix in cartesian axes

     q = (    0.750000000   0.125000000  -0.375000000 ) 

    1    1
  0.03989675  0.00000000    0.00273623  0.00000000   -0.02099191  0.00000000
  0.00273623  0.00000000    0.03551909  0.00000000    0.01118753  0.00000000
 -0.02099191  0.00000000    0.01118753  0.00000000    0.04485553  0.00000000

     Dynamical  Matrix in cartesian axes

     q = (   -0.125000000  -0.750000000  -0.375000000 ) 

    1    1
  0.03551909  0.00000000    0.00273623  0.00000000   -0.01118753  0.00000000
  0.00273623  0.00000000    0.03989675  0.00000000    0.02099191  0.00000000
 -0.01118753  0.00000000    0.02099191  0.00000000    0.04485553  0.00000000

     Dynamical  Matrix in cartesian axes

     q = (    0.125000000   0.750000000  -0.375000000 ) 

    1    1
  0.03551909  0.00000000    0.00273623  0.00000000    0.01118753  0.00000000
  0.00273623  0.00000000    0.03989675  0.00000000   -0.02099191  0.00000000
  0.01118753  0.00000000   -0.02099191  0.00000000    0.04485553  0.00000000

     Dynamical  Matrix in cartesian axes

     q = (    0.125000000  -0.750000000  -0.375000000 ) 

    1    1
  0.03551909  0.00000000   -0.00273623  0.00000000    0.01118753  0.00000000
 -0.00273623  0.00000000    0.03989675  0.00000000    0.02099191  0.00000000
  0.01118753  0.00000000    0.02099191  0.00000000    0.04485553  0.00000000

     Dynamical  Matrix in cartesian axes

     q = (   -0.750000000   0.375000000  -0.125000000 ) 

    1    1
  0.03989675  0.00000000   -0.02099191  0.00000000    0.00273623  0.00000000
 -0.02099191  0.00000000    0.04485553  0.00000000    0.01118753  0.00000000
  0.00273623  0.00000000    0.01118753  0.00000000    0.03551909  0.00000000

     Dynamical  Matrix in cartesian axes

     q = (    0.375000000   0.125000000   0.750000000 ) 

    1    1
  0.04485553  0.00000000   -0.01118753  0.00000000    0.02099191  0.00000000
 -0.01118753  0.00000000    0.03551909  0.00000000    0.00273623  0.00000000
  0.02099191  0.00000000    0.00273623  0.00000000    0.03989675  0.00000000

     Dynamical  Matrix in cartesian axes

     q = (   -0.375000000   0.125000000  -0.750000000 ) 

    1    1
  0.04485553  0.00000000    0.01118753  0.00000000    0.02099191  0.00000000
  0.01118753  0.00000000    0.03551909  0.00000000   -0.00273623  0.00000000
  0.02099191  0.00000000   -0.00273623  0.00000000    0.03989675  0.00000000

     Dynamical  Matrix in cartesian axes

     q = (   -0.125000000   0.375000000  -0.750000000 ) 

    1    1
  0.03551909  0.00000000    0.01118753  0.00000000    0.00273623  0.00000000
  0.01118753  0.00000000    0.04485553  0.00000000   -0.02099191  0.00000000
  0.00273623  0.00000000   -0.02099191  0.00000000    0.03989675  0.00000000

     Dynamical  Matrix in cartesian axes

     q = (    0.375000000  -0.125000000  -0.750000000 ) 

    1    1
  0.04485553  0.00000000    0.01118753  0.00000000   -0.02099191  0.00000000
  0.01118753  0.00000000    0.03551909  0.00000000    0.00273623  0.00000000
 -0.02099191  0.00000000    0.00273623  0.00000000    0.03989675  0.00000000

     Dynamical  Matrix in cartesian axes

     q = (   -0.375000000  -0.125000000   0.750000000 ) 

    1    1
  0.04485553  0.00000000   -0.01118753  0.00000000   -0.02099191  0.00000000
 -0.01118753  0.00000000    0.03551909  0.00000000   -0.00273623  0.00000000
 -0.02099191  0.00000000   -0.00273623  0.00000000    0.03989675  0.00000000

     Dynamical  Matrix in cartesian axes

     q = (    0.125000000   0.750000000   0.375000000 ) 

    1    1
  0.03551909  0.00000000    0.00273623  0.00000000   -0.01118753  0.00000000
  0.00273623  0.00000000    0.03989675  0.00000000    0.02099191  0.00000000
 -0.01118753  0.00000000    0.02099191  0.00000000    0.04485553  0.00000000

     Dynamical  Matrix in cartesian axes

     q = (   -0.750000000  -0.125000000   0.375000000 ) 

    1    1
  0.03989675  0.00000000    0.00273623  0.00000000   -0.02099191  0.00000000
  0.00273623  0.00000000    0.03551909  0.00000000    0.01118753  0.00000000
 -0.02099191  0.00000000    0.01118753  0.00000000    0.04485553  0.00000000

     Dynamical  Matrix in cartesian axes

     q = (    0.750000000   0.125000000   0.375000000 ) 

    1    1
  0.03989675  0.00000000    0.00273623  0.00000000    0.02099191  0.00000000
  0.00273623  0.00000000    0.03551909  0.00000000   -0.01118753  0.00000000
  0.02099191  0.00000000   -0.01118753  0.00000000    0.04485553  0.00000000

     Dynamical  Matrix in cartesian axes

     q = (    0.375000000   0.750000000   0.125000000 ) 

    1    1
  0.04485553  0.00000000    0.02099191  0.00000000   -0.01118753  0.00000000
  0.02099191  0.00000000    0.03989675  0.00000000    0.00273623  0.00000000
 -0.01118753  0.00000000    0.00273623  0.00000000    0.03551909  0.00000000

     Dynamical  Matrix in cartesian axes

     q = (    0.375000000  -0.750000000  -0.125000000 ) 

    1    1
  0.04485553  0.00000000   -0.02099191  0.00000000    0.01118753  0.00000000
 -0.02099191  0.00000000    0.03989675  0.00000000    0.00273623  0.00000000
  0.01118753  0.00000000    0.00273623  0.00000000    0.03551909  0.00000000

     Dynamical  Matrix in cartesian axes

     q = (   -0.375000000  -0.750000000   0.125000000 ) 

    1    1
  0.04485553  0.00000000    0.02099191  0.00000000    0.01118753  0.00000000
  0.02099191  0.00000000    0.03989675  0.00000000   -0.00273623  0.00000000
  0.01118753  0.00000000   -0.00273623  0.00000000    0.03551909  0.00000000

     Dynamical  Matrix in cartesian axes

     q = (    0.125000000   0.375000000  -0.750000000 ) 

    1    1
  0.03551909  0.00000000   -0.01118753  0.00000000   -0.00273623  0.00000000
 -0.01118753  0.00000000    0.04485553  0.00000000   -0.02099191  0.00000000
 -0.00273623  0.00000000   -0.02099191  0.00000000    0.03989675  0.00000000

     Dynamical  Matrix in cartesian axes

     q = (    0.750000000  -0.375000000  -0.125000000 ) 

    1    1
  0.03989675  0.00000000   -0.02099191  0.00000000   -0.00273623  0.00000000
 -0.02099191  0.00000000    0.04485553  0.00000000   -0.01118753  0.00000000
 -0.00273623  0.00000000   -0.01118753  0.00000000    0.03551909  0.00000000

     Dynamical  Matrix in cartesian axes

     q = (    0.125000000   0.375000000   0.750000000 ) 

    1    1
  0.03551909  0.00000000   -0.01118753  0.00000000    0.00273623  0.00000000
 -0.01118753  0.00000000    0.04485553  0.00000000    0.02099191  0.00000000
  0.00273623  0.00000000    0.02099191  0.00000000    0.03989675  0.00000000

     Dynamical  Matrix in cartesian axes

     q = (    0.125000000  -0.375000000  -0.750000000 ) 

    1    1
  0.03551909  0.00000000    0.01118753  0.00000000   -0.00273623  0.00000000
  0.01118753  0.00000000    0.04485553  0.00000000    0.02099191  0.00000000
 -0.00273623  0.00000000    0.02099191  0.00000000    0.03989675  0.00000000

     Dynamical  Matrix in cartesian axes

     q = (   -0.750000000   0.125000000   0.375000000 ) 

    1    1
  0.03989675  0.00000000   -0.00273623  0.00000000   -0.02099191  0.00000000
 -0.00273623  0.00000000    0.03551909  0.00000000   -0.01118753  0.00000000
 -0.02099191  0.00000000   -0.01118753  0.00000000    0.04485553  0.00000000

     Dynamical  Matrix in cartesian axes

     q = (   -0.125000000   0.750000000   0.375000000 ) 

    1    1
  0.03551909  0.00000000   -0.00273623  0.00000000    0.01118753  0.00000000
 -0.00273623  0.00000000    0.03989675  0.00000000    0.02099191  0.00000000
  0.01118753  0.00000000    0.02099191  0.00000000    0.04485553  0.00000000

     Dynamical  Matrix in cartesian axes

     q = (   -0.125000000  -0.750000000   0.375000000 ) 

    1    1
  0.03551909  0.00000000    0.00273623  0.00000000    0.01118753  0.00000000
  0.00273623  0.00000000    0.03989675  0.00000000   -0.02099191  0.00000000
  0.01118753  0.00000000   -0.02099191  0.00000000    0.04485553  0.00000000

     Dynamical  Matrix in cartesian axes

     q = (   -0.125000000  -0.375000000  -0.750000000 ) 

    1    1
  0.03551909  0.00000000   -0.01118753  0.00000000    0.00273623  0.00000000
 -0.01118753  0.00000000    0.04485553  0.00000000    0.02099191  0.00000000
  0.00273623  0.00000000    0.02099191  0.00000000    0.03989675  0.00000000

     Dynamical  Matrix in cartesian axes

     q = (   -0.750000000   0.125000000  -0.375000000 ) 

    1    1
  0.03989675  0.00000000   -0.00273623  0.00000000    0.02099191  0.00000000
 -0.00273623  0.00000000    0.03551909  0.00000000    0.01118753  0.00000000
  0.02099191  0.00000000    0.01118753  0.00000000    0.04485553  0.00000000

     Dynamical  Matrix in cartesian axes

     q = (    0.125000000  -0.750000000   0.375000000 ) 

    1    1
  0.03551909  0.00000000   -0.00273623  0.00000000   -0.01118753  0.00000000
 -0.00273623  0.00000000    0.03989675  0.00000000   -0.02099191  0.00000000
 -0.01118753  0.00000000   -0.02099191  0.00000000    0.04485553  0.00000000

     Dynamical  Matrix in cartesian axes

     q = (   -0.125000000   0.375000000   0.750000000 ) 

    1    1
  0.03551909  0.00000000    0.01118753  0.00000000   -0.00273623  0.00000000
  0.01118753  0.00000000    0.04485553  0.00000000    0.02099191  0.00000000
 -0.00273623  0.00000000    0.02099191  0.00000000    0.03989675  0.00000000

     Dynamical  Matrix in cartesian axes

     q = (   -0.750000000  -0.125000000  -0.375000000 ) 

    1    1
  0.03989675  0.00000000    0.00273623  0.00000000    0.02099191  0.00000000
  0.00273623  0.00000000    0.03551909  0.00000000   -0.01118753  0.00000000
  0.02099191  0.00000000   -0.01118753  0.00000000    0.04485553  0.00000000

     Dynamical  Matrix in cartesian axes

     q = (   -0.375000000   0.750000000  -0.125000000 ) 

    1    1
  0.04485553  0.00000000   -0.02099191  0.00000000   -0.01118753  0.00000000
 -0.02099191  0.00000000    0.03989675  0.00000000   -0.00273623  0.00000000
 -0.01118753  0.00000000   -0.00273623  0.00000000    0.03551909  0.00000000

     Dynamical  Matrix in cartesian axes

     q = (   -0.750000000  -0.375000000   0.125000000 ) 

    1    1
  0.03989675  0.00000000    0.02099191  0.00000000   -0.00273623  0.00000000
  0.02099191  0.00000000    0.04485553  0.00000000    0.01118753  0.00000000
 -0.00273623  0.00000000    0.01118753  0.00000000    0.03551909  0.00000000

     Dynamical  Matrix in cartesian axes

     q = (    0.750000000   0.375000000   0.125000000 ) 

    1    1
  0.03989675  0.00000000    0.02099191  0.00000000    0.00273623  0.00000000
  0.02099191  0.00000000    0.04485553  0.00000000   -0.01118753  0.00000000
  0.00273623  0.00000000   -0.01118753  0.00000000    0.03551909  0.00000000

     Dynamical  Matrix in cartesian axes

     q = (   -0.375000000  -0.750000000  -0.125000000 ) 

    1    1
  0.04485553  0.00000000    0.02099191  0.00000000   -0.01118753  0.00000000
  0.02099191  0.00000000    0.03989675  0.00000000    0.00273623  0.00000000
 -0.01118753  0.00000000    0.00273623  0.00000000    0.03551909  0.00000000

     Dynamical  Matrix in cartesian axes

     q = (    0.375000000  -0.750000000   0.125000000 ) 

    1    1
  0.04485553  0.00000000   -0.02099191  0.00000000   -0.01118753  0.00000000
 -0.02099191  0.00000000    0.03989675  0.00000000   -0.00273623  0.00000000
 -0.01118753  0.00000000   -0.00273623  0.00000000    0.03551909  0.00000000

     Dynamical  Matrix in cartesian axes

     q = (   -0.375000000   0.750000000   0.125000000 ) 

    1    1
  0.04485553  0.00000000   -0.02099191  0.00000000    0.01118753  0.00000000
 -0.02099191  0.00000000    0.03989675  0.00000000    0.00273623  0.00000000
  0.01118753  0.00000000    0.00273623  0.00000000    0.03551909  0.00000000

     Dynamical  Matrix in cartesian axes

     q = (    0.375000000   0.750000000  -0.125000000 ) 

    1    1
  0.04485553  0.00000000    0.02099191  0.00000000    0.01118753  0.00000000
  0.02099191  0.00000000    0.03989675  0.00000000   -0.00273623  0.00000000
  0.01118753  0.00000000   -0.00273623  0.00000000    0.03551909  0.00000000

     Dynamical  Matrix in cartesian axes

     q = (    0.750000000  -0.125000000   0.375000000 ) 

    1    1
  0.03989675  0.00000000   -0.00273623  0.00000000    0.02099191  0.00000000
 -0.00273623  0.00000000    0.03551909  0.00000000    0.01118753  0.00000000
  0.02099191  0.00000000    0.01118753  0.00000000    0.04485553  0.00000000

     Dynamical  Matrix in cartesian axes

     q = (   -0.750000000   0.375000000   0.125000000 ) 

    1    1
  0.03989675  0.00000000   -0.02099191  0.00000000   -0.00273623  0.00000000
 -0.02099191  0.00000000    0.04485553  0.00000000   -0.01118753  0.00000000
 -0.00273623  0.00000000   -0.01118753  0.00000000    0.03551909  0.00000000

     Dynamical  Matrix in cartesian axes

     q = (    0.750000000   0.375000000  -0.125000000 ) 

    1    1
  0.03989675  0.00000000    0.02099191  0.00000000   -0.00273623  0.00000000
  0.02099191  0.00000000    0.04485553  0.00000000    0.01118753  0.00000000
 -0.00273623  0.00000000    0.01118753  0.00000000    0.03551909  0.00000000

     Dynamical  Matrix in cartesian axes

     q = (   -0.750000000  -0.375000000  -0.125000000 ) 

    1    1
  0.03989675  0.00000000    0.02099191  0.00000000    0.00273623  0.00000000
  0.02099191  0.00000000    0.04485553  0.00000000   -0.01118753  0.00000000
  0.00273623  0.00000000   -0.01118753  0.00000000    0.03551909  0.00000000

     Dynamical  Matrix in cartesian axes

     q = (    0.750000000  -0.375000000   0.125000000 ) 

    1    1
  0.03989675  0.00000000   -0.02099191  0.00000000    0.00273623  0.00000000
 -0.02099191  0.00000000    0.04485553  0.00000000    0.01118753  0.00000000
  0.00273623  0.00000000    0.01118753  0.00000000    0.03551909  0.00000000

     Dynamical  Matrix in cartesian axes

     q = (    0.375000000   0.125000000  -0.750000000 ) 

    1    1
  0.04485553  0.00000000   -0.01118753  0.00000000   -0.02099191  0.00000000
 -0.01118753  0.00000000    0.03551909  0.00000000   -0.00273623  0.00000000
 -0.02099191  0.00000000   -0.00273623  0.00000000    0.03989675  0.00000000

     Dynamical  Matrix in cartesian axes

     q = (    0.375000000  -0.125000000   0.750000000 ) 

    1    1
  0.04485553  0.00000000    0.01118753  0.00000000    0.02099191  0.00000000
  0.01118753  0.00000000    0.03551909  0.00000000   -0.00273623  0.00000000
  0.02099191  0.00000000   -0.00273623  0.00000000    0.03989675  0.00000000

     Dynamical  Matrix in cartesian axes

     q = (   -0.375000000  -0.125000000  -0.750000000 ) 

    1    1
  0.04485553  0.00000000   -0.01118753  0.00000000    0.02099191  0.00000000
 -0.01118753  0.00000000    0.03551909  0.00000000    0.00273623  0.00000000
  0.02099191  0.00000000    0.00273623  0.00000000    0.03989675  0.00000000

     Dynamical  Matrix in cartesian axes

     q = (   -0.375000000   0.125000000   0.750000000 ) 

    1    1
  0.04485553  0.00000000    0.01118753  0.00000000   -0.02099191  0.00000000
  0.01118753  0.00000000    0.03551909  0.00000000    0.00273623  0.00000000
 -0.02099191  0.00000000    0.00273623  0.00000000    0.03989675  0.00000000

     Diagonalizing the dynamical matrix

     q = (   -0.125000000   0.750000000  -0.375000000 ) 

 **************************************************************************
     freq (    1) =       2.903897 [THz] =      96.863577 [cm-1]
 (  0.459235  0.000000  0.619932  0.000000  0.636229  0.000000 ) 
     freq (    2) =       4.480963 [THz] =     149.468843 [cm-1]
 (  0.857703  0.000000 -0.495846  0.000000 -0.135952  0.000000 ) 
     freq (    3) =       5.797417 [THz] =     193.381004 [cm-1]
 ( -0.231191  0.000000 -0.608129  0.000000  0.759427  0.000000 ) 
 **************************************************************************
