Dynamical matrix file
                                                                           
  1    1  3  7.1485384  0.0000000  0.0000000  0.0000000  0.0000000  0.0000000
           1  'Na  '    20954.103126620943     
    1    1      0.0000000000      0.0000000000      0.0000000000

     Dynamical  Matrix in cartesian axes

     q = (   -0.125000000  -0.250000000   0.375000000 ) 

    1    1
  0.01947169  0.00000000    0.00290363  0.00000000   -0.00809035  0.00000000
  0.00290363  0.00000000    0.02503850  0.00000000   -0.01952311  0.00000000
 -0.00809035  0.00000000   -0.01952311  0.00000000    0.02929303  0.00000000

     Dynamical  Matrix in cartesian axes

     q = (   -0.250000000  -0.125000000   0.375000000 ) 

    1    1
  0.02503850  0.00000000    0.00290363  0.00000000   -0.01952311  0.00000000
  0.00290363  0.00000000    0.01947169  0.00000000   -0.00809035  0.00000000
 -0.01952311  0.00000000   -0.00809035  0.00000000    0.02929303  0.00000000

     Dynamical  Matrix in cartesian axes

     q = (   -0.125000000  -0.375000000   0.250000000 ) 

    1    1
  0.01947169  0.00000000    0.00809035  0.00000000   -0.00290363  0.00000000
  0.00809035  0.00000000    0.02929303  0.00000000   -0.01952311  0.00000000
 -0.00290363  0.00000000   -0.01952311  0.00000000    0.02503850  0.00000000

     Dynamical  Matrix in cartesian axes

     q = (    0.125000000  -0.375000000   0.250000000 ) 

    1    1
  0.01947169  0.00000000   -0.00809035  0.00000000    0.00290363  0.00000000
 -0.00809035  0.00000000    0.02929303  0.00000000   -0.01952311  0.00000000
  0.00290363  0.00000000   -0.01952311  0.00000000    0.02503850  0.00000000

     Dynamical  Matrix in cartesian axes

     q = (   -0.125000000   0.250000000  -0.375000000 ) 

    1    1
  0.01947169  0.00000000   -0.00290363  0.00000000    0.00809035  0.00000000
 -0.00290363  0.00000000    0.02503850  0.00000000   -0.01952311  0.00000000
  0.00809035  0.00000000   -0.01952311  0.00000000    0.02929303  0.00000000

     Dynamical  Matrix in cartesian axes

     q = (   -0.125000000   0.375000000  -0.250000000 ) 

    1    1
  0.01947169  0.00000000   -0.00809035  0.00000000    0.00290363  0.00000000
 -0.00809035  0.00000000    0.02929303  0.00000000   -0.01952311  0.00000000
  0.00290363  0.00000000   -0.01952311  0.00000000    0.02503850  0.00000000

     Dynamical  Matrix in cartesian axes

     q = (    0.125000000   0.250000000  -0.375000000 ) 

    1    1
  0.01947169  0.00000000    0.00290363  0.00000000   -0.00809035  0.00000000
  0.00290363  0.00000000    0.02503850  0.00000000   -0.01952311  0.00000000
 -0.00809035  0.00000000   -0.01952311  0.00000000    0.02929303  0.00000000

     Dynamical  Matrix in cartesian axes

     q = (    0.125000000   0.375000000  -0.250000000 ) 

    1    1
  0.01947169  0.00000000    0.00809035  0.00000000   -0.00290363  0.00000000
  0.00809035  0.00000000    0.02929303  0.00000000   -0.01952311  0.00000000
 -0.00290363  0.00000000   -0.01952311  0.00000000    0.02503850  0.00000000

     Dynamical  Matrix in cartesian axes

     q = (    0.250000000  -0.375000000  -0.125000000 ) 

    1    1
  0.02503850  0.00000000   -0.01952311  0.00000000   -0.00290363  0.00000000
 -0.01952311  0.00000000    0.02929303  0.00000000    0.00809035  0.00000000
 -0.00290363  0.00000000    0.00809035  0.00000000    0.01947169  0.00000000

     Dynamical  Matrix in cartesian axes

     q = (   -0.375000000   0.125000000  -0.250000000 ) 

    1    1
  0.02929303  0.00000000   -0.00809035  0.00000000    0.01952311  0.00000000
 -0.00809035  0.00000000    0.01947169  0.00000000   -0.00290363  0.00000000
  0.01952311  0.00000000   -0.00290363  0.00000000    0.02503850  0.00000000

     Dynamical  Matrix in cartesian axes

     q = (    0.375000000   0.125000000   0.250000000 ) 

    1    1
  0.02929303  0.00000000    0.00809035  0.00000000    0.01952311  0.00000000
  0.00809035  0.00000000    0.01947169  0.00000000    0.00290363  0.00000000
  0.01952311  0.00000000    0.00290363  0.00000000    0.02503850  0.00000000

     Dynamical  Matrix in cartesian axes

     q = (    0.250000000   0.125000000   0.375000000 ) 

    1    1
  0.02503850  0.00000000    0.00290363  0.00000000    0.01952311  0.00000000
  0.00290363  0.00000000    0.01947169  0.00000000    0.00809035  0.00000000
  0.01952311  0.00000000    0.00809035  0.00000000    0.02929303  0.00000000

     Dynamical  Matrix in cartesian axes

     q = (   -0.375000000  -0.125000000   0.250000000 ) 

    1    1
  0.02929303  0.00000000    0.00809035  0.00000000   -0.01952311  0.00000000
  0.00809035  0.00000000    0.01947169  0.00000000   -0.00290363  0.00000000
 -0.01952311  0.00000000   -0.00290363  0.00000000    0.02503850  0.00000000

     Dynamical  Matrix in cartesian axes

     q = (    0.375000000  -0.125000000  -0.250000000 ) 

    1    1
  0.02929303  0.00000000   -0.00809035  0.00000000   -0.01952311  0.00000000
 -0.00809035  0.00000000    0.01947169  0.00000000    0.00290363  0.00000000
 -0.01952311  0.00000000    0.00290363  0.00000000    0.02503850  0.00000000

     Dynamical  Matrix in cartesian axes

     q = (    0.125000000  -0.250000000  -0.375000000 ) 

    1    1
  0.01947169  0.00000000   -0.00290363  0.00000000   -0.00809035  0.00000000
 -0.00290363  0.00000000    0.02503850  0.00000000    0.01952311  0.00000000
 -0.00809035  0.00000000    0.01952311  0.00000000    0.02929303  0.00000000

     Dynamical  Matrix in cartesian axes

     q = (    0.250000000  -0.125000000  -0.375000000 ) 

    1    1
  0.02503850  0.00000000   -0.00290363  0.00000000   -0.01952311  0.00000000
 -0.00290363  0.00000000    0.01947169  0.00000000    0.00809035  0.00000000
 -0.01952311  0.00000000    0.00809035  0.00000000    0.02929303  0.00000000

     Dynamical  Matrix in cartesian axes

     q = (   -0.250000000   0.125000000  -0.375000000 ) 

    1    1
  0.02503850  0.00000000   -0.00290363  0.00000000    0.01952311  0.00000000
 -0.00290363  0.00000000    0.01947169  0.00000000   -0.00809035  0.00000000
  0.01952311  0.00000000   -0.00809035  0.00000000    0.02929303  0.00000000

     Dynamical  Matrix in cartesian axes

     q = (   -0.375000000  -0.250000000   0.125000000 ) 

    1    1
  0.02929303  0.00000000    0.01952311  0.00000000   -0.00809035  0.00000000
  0.01952311  0.00000000    0.02503850  0.00000000   -0.00290363  0.00000000
 -0.00809035  0.00000000   -0.00290363  0.00000000    0.01947169  0.00000000

     Dynamical  Matrix in cartesian axes

     q = (   -0.375000000   0.250000000  -0.125000000 ) 

    1    1
  0.02929303  0.00000000   -0.01952311  0.00000000    0.00809035  0.00000000
 -0.01952311  0.00000000    0.02503850  0.00000000   -0.00290363  0.00000000
  0.00809035  0.00000000   -0.00290363  0.00000000    0.01947169  0.00000000

     Dynamical  Matrix in cartesian axes

     q = (    0.375000000   0.250000000   0.125000000 ) 

    1    1
  0.02929303  0.00000000    0.01952311  0.00000000    0.00809035  0.00000000
  0.01952311  0.00000000    0.02503850  0.00000000    0.00290363  0.00000000
  0.00809035  0.00000000    0.00290363  0.00000000    0.01947169  0.00000000

     Dynamical  Matrix in cartesian axes

     q = (    0.250000000  -0.125000000   0.375000000 ) 

    1    1
  0.02503850  0.00000000   -0.00290363  0.00000000    0.01952311  0.00000000
 -0.00290363  0.00000000    0.01947169  0.00000000   -0.00809035  0.00000000
  0.01952311  0.00000000   -0.00809035  0.00000000    0.02929303  0.00000000

     Dynamical  Matrix in cartesian axes

     q = (   -0.250000000   0.375000000  -0.125000000 ) 

    1    1
  0.02503850  0.00000000   -0.01952311  0.00000000    0.00290363  0.00000000
 -0.01952311  0.00000000    0.02929303  0.00000000   -0.00809035  0.00000000
  0.00290363  0.00000000   -0.00809035  0.00000000    0.01947169  0.00000000

     Dynamical  Matrix in cartesian axes

     q = (    0.125000000  -0.375000000  -0.250000000 ) 

    1    1
  0.01947169  0.00000000   -0.00809035  0.00000000   -0.00290363  0.00000000
 -0.00809035  0.00000000    0.02929303  0.00000000    0.01952311  0.00000000
 -0.00290363  0.00000000    0.01952311  0.00000000    0.02503850  0.00000000

     Dynamical  Matrix in cartesian axes

     q = (    0.125000000   0.375000000   0.250000000 ) 

    1    1
  0.01947169  0.00000000    0.00809035  0.00000000    0.00290363  0.00000000
  0.00809035  0.00000000    0.02929303  0.00000000    0.01952311  0.00000000
  0.00290363  0.00000000    0.01952311  0.00000000    0.02503850  0.00000000

     Dynamical  Matrix in cartesian axes

     q = (    0.250000000   0.125000000  -0.375000000 ) 

    1    1
  0.02503850  0.00000000    0.00290363  0.00000000   -0.01952311  0.00000000
  0.00290363  0.00000000    0.01947169  0.00000000   -0.00809035  0.00000000
 -0.01952311  0.00000000   -0.00809035  0.00000000    0.02929303  0.00000000

     Dynamical  Matrix in cartesian axes

     q = (   -0.125000000  -0.250000000  -0.375000000 ) 

    1    1
  0.01947169  0.00000000    0.00290363  0.00000000    0.00809035  0.00000000
  0.00290363  0.00000000    0.02503850  0.00000000    0.01952311  0.00000000
  0.00809035  0.00000000    0.01952311  0.00000000    0.02929303  0.00000000

     Dynamical  Matrix in cartesian axes

     q = (   -0.250000000   0.125000000   0.375000000 ) 

    1    1
  0.02503850  0.00000000   -0.00290363  0.00000000   -0.01952311  0.00000000
 -0.00290363  0.00000000    0.01947169  0.00000000    0.00809035  0.00000000
 -0.01952311  0.00000000    0.00809035  0.00000000    0.02929303  0.00000000

     Dynamical  Matrix in cartesian axes

     q = (   -0.125000000   0.375000000   0.250000000 ) 

    1    1
  0.01947169  0.00000000   -0.00809035  0.00000000   -0.00290363  0.00000000
 -0.00809035  0.00000000    0.02929303  0.00000000    0.01952311  0.00000000
 -0.00290363  0.00000000    0.01952311  0.00000000    0.02503850  0.00000000

     Dynamical  Matrix in cartesian axes

     q = (   -0.125000000   0.250000000   0.375000000 ) 

    1    1
  0.01947169  0.00000000   -0.00290363  0.00000000   -0.00809035  0.00000000
 -0.00290363  0.00000000    0.02503850  0.00000000    0.01952311  0.00000000
 -0.00809035  0.00000000    0.01952311  0.00000000    0.02929303  0.00000000

     Dynamical  Matrix in cartesian axes

     q = (    0.125000000  -0.250000000   0.375000000 ) 

    1    1
  0.01947169  0.00000000   -0.00290363  0.00000000    0.00809035  0.00000000
 -0.00290363  0.00000000    0.02503850  0.00000000   -0.01952311  0.00000000
  0.00809035  0.00000000   -0.01952311  0.00000000    0.02929303  0.00000000

     Dynamical  Matrix in cartesian axes

     q = (   -0.125000000  -0.375000000  -0.250000000 ) 

    1    1
  0.01947169  0.00000000    0.00809035  0.00000000    0.00290363  0.00000000
  0.00809035  0.00000000    0.02929303  0.00000000    0.01952311  0.00000000
  0.00290363  0.00000000    0.01952311  0.00000000    0.02503850  0.00000000

     Dynamical  Matrix in cartesian axes

     q = (    0.125000000   0.250000000   0.375000000 ) 

    1    1
  0.01947169  0.00000000    0.00290363  0.00000000    0.00809035  0.00000000
  0.00290363  0.00000000    0.02503850  0.00000000    0.01952311  0.00000000
  0.00809035  0.00000000    0.01952311  0.00000000    0.02929303  0.00000000

     Dynamical  Matrix in cartesian axes

     q = (    0.375000000  -0.250000000  -0.125000000 ) 

    1    1
  0.02929303  0.00000000   -0.01952311  0.00000000   -0.00809035  0.00000000
 -0.01952311  0.00000000    0.02503850  0.00000000    0.00290363  0.00000000
 -0.00809035  0.00000000    0.00290363  0.00000000    0.01947169  0.00000000

     Dynamical  Matrix in cartesian axes

     q = (    0.250000000   0.375000000   0.125000000 ) 

    1    1
  0.02503850  0.00000000    0.01952311  0.00000000    0.00290363  0.00000000
  0.01952311  0.00000000    0.02929303  0.00000000    0.00809035  0.00000000
  0.00290363  0.00000000    0.00809035  0.00000000    0.01947169  0.00000000

     Dynamical  Matrix in cartesian axes

     q = (   -0.250000000  -0.375000000   0.125000000 ) 

    1    1
  0.02503850  0.00000000    0.01952311  0.00000000   -0.00290363  0.00000000
  0.01952311  0.00000000    0.02929303  0.00000000   -0.00809035  0.00000000
 -0.00290363  0.00000000   -0.00809035  0.00000000    0.01947169  0.00000000

     Dynamical  Matrix in cartesian axes

     q = (    0.375000000   0.250000000  -0.125000000 ) 

    1    1
  0.02929303  0.00000000    0.01952311  0.00000000   -0.00809035  0.00000000
  0.01952311  0.00000000    0.02503850  0.00000000   -0.00290363  0.00000000
 -0.00809035  0.00000000   -0.00290363  0.00000000    0.01947169  0.00000000

     Dynamical  Matrix in cartesian axes

     q = (   -0.375000000   0.250000000   0.125000000 ) 

    1    1
  0.02929303  0.00000000   -0.01952311  0.00000000   -0.00809035  0.00000000
 -0.01952311  0.00000000    0.02503850  0.00000000    0.00290363  0.00000000
 -0.00809035  0.00000000    0.00290363  0.00000000    0.01947169  0.00000000

     Dynamical  Matrix in cartesian axes

     q = (    0.375000000  -0.250000000   0.125000000 ) 

    1    1
  0.02929303  0.00000000   -0.01952311  0.00000000    0.00809035  0.00000000
 -0.01952311  0.00000000    0.02503850  0.00000000   -0.00290363  0.00000000
  0.00809035  0.00000000   -0.00290363  0.00000000    0.01947169  0.00000000

     Dynamical  Matrix in cartesian axes

     q = (   -0.375000000  -0.250000000  -0.125000000 ) 

    1    1
  0.02929303  0.00000000    0.01952311  0.00000000    0.00809035  0.00000000
  0.01952311  0.00000000    0.02503850  0.00000000    0.00290363  0.00000000
  0.00809035  0.00000000    0.00290363  0.00000000    0.01947169  0.00000000

     Dynamical  Matrix in cartesian axes

     q = (   -0.250000000  -0.125000000  -0.375000000 ) 

    1    1
  0.02503850  0.00000000    0.00290363  0.00000000    0.01952311  0.00000000
  0.00290363  0.00000000    0.01947169  0.00000000    0.00809035  0.00000000
  0.01952311  0.00000000    0.00809035  0.00000000    0.02929303  0.00000000

     Dynamical  Matrix in cartesian axes

     q = (    0.250000000  -0.375000000   0.125000000 ) 

    1    1
  0.02503850  0.00000000   -0.01952311  0.00000000    0.00290363  0.00000000
 -0.01952311  0.00000000    0.02929303  0.00000000   -0.00809035  0.00000000
  0.00290363  0.00000000   -0.00809035  0.00000000    0.01947169  0.00000000

     Dynamical  Matrix in cartesian axes

     q = (   -0.250000000  -0.375000000  -0.125000000 ) 

    1    1
  0.02503850  0.00000000    0.01952311  0.00000000    0.00290363  0.00000000
  0.01952311  0.00000000    0.02929303  0.00000000    0.00809035  0.00000000
  0.00290363  0.00000000    0.00809035  0.00000000    0.01947169  0.00000000

     Dynamical  Matrix in cartesian axes

     q = (    0.250000000   0.375000000  -0.125000000 ) 

    1    1
  0.02503850  0.00000000    0.01952311  0.00000000   -0.00290363  0.00000000
  0.01952311  0.00000000    0.02929303  0.00000000   -0.00809035  0.00000000
 -0.00290363  0.00000000   -0.00809035  0.00000000    0.01947169  0.00000000

     Dynamical  Matrix in cartesian axes

     q = (   -0.250000000   0.375000000   0.125000000 ) 

    1    1
  0.02503850  0.00000000   -0.01952311  0.00000000   -0.00290363  0.00000000
 -0.01952311  0.00000000    0.02929303  0.00000000    0.00809035  0.00000000
 -0.00290363  0.00000000    0.00809035  0.00000000    0.01947169  0.00000000

     Dynamical  Matrix in cartesian axes

     q = (   -0.375000000   0.125000000   0.250000000 ) 

    1    1
  0.02929303  0.00000000   -0.00809035  0.00000000   -0.01952311  0.00000000
 -0.00809035  0.00000000    0.01947169  0.00000000    0.00290363  0.00000000
 -0.01952311  0.00000000    0.00290363  0.00000000    0.02503850  0.00000000

     Dynamical  Matrix in cartesian axes

     q = (   -0.375000000  -0.125000000  -0.250000000 ) 

    1    1
  0.02929303  0.00000000    0.00809035  0.00000000    0.01952311  0.00000000
  0.00809035  0.00000000    0.01947169  0.00000000    0.00290363  0.00000000
  0.01952311  0.00000000    0.00290363  0.00000000    0.02503850  0.00000000

     Dynamical  Matrix in cartesian axes

     q = (    0.375000000  -0.125000000   0.250000000 ) 

    1    1
  0.02929303  0.00000000   -0.00809035  0.00000000    0.01952311  0.00000000
 -0.00809035  0.00000000    0.01947169  0.00000000   -0.00290363  0.00000000
  0.01952311  0.00000000   -0.00290363  0.00000000    0.02503850  0.00000000

     Dynamical  Matrix in cartesian axes

     q = (    0.375000000   0.125000000  -0.250000000 ) 

    1    1
  0.02929303  0.00000000    0.00809035  0.00000000   -0.01952311  0.00000000
  0.00809035  0.00000000    0.01947169  0.00000000   -0.00290363  0.00000000
 -0.01952311  0.00000000   -0.00290363  0.00000000    0.02503850  0.00000000

     Diagonalizing the dynamical matrix

     q = (   -0.125000000  -0.250000000   0.375000000 ) 

 **************************************************************************
     freq (    1) =       1.846011 [THz] =      61.576298 [cm-1]
 (  0.275304  0.000000  0.678102  0.000000  0.681458  0.000000 ) 
     freq (    2) =       3.068886 [THz] =     102.367031 [cm-1]
 (  0.924796  0.000000 -0.380432  0.000000  0.004948  0.000000 ) 
     freq (    3) =       5.029362 [THz] =     167.761445 [cm-1]
 ( -0.262603  0.000000 -0.628847  0.000000  0.731840  0.000000 ) 
 **************************************************************************
