Dynamical matrix file
                                                                           
  1    1  3  7.1485384  0.0000000  0.0000000  0.0000000  0.0000000  0.0000000
           1  'Na  '    20954.103126620943     
    1    1      0.0000000000      0.0000000000      0.0000000000

     Dynamical  Matrix in cartesian axes

     q = (   -0.125000000   0.625000000  -0.500000000 ) 

    1    1
  0.02799766  0.00000000    0.00097621  0.00000000   -0.00672893  0.00000000
  0.00097621  0.00000000    0.03967195  0.00000000   -0.02801689  0.00000000
 -0.00672893  0.00000000   -0.02801689  0.00000000    0.04123344  0.00000000

     Dynamical  Matrix in cartesian axes

     q = (    0.625000000  -0.125000000  -0.500000000 ) 

    1    1
  0.03967195  0.00000000    0.00097621  0.00000000   -0.02801689  0.00000000
  0.00097621  0.00000000    0.02799766  0.00000000   -0.00672893  0.00000000
 -0.02801689  0.00000000   -0.00672893  0.00000000    0.04123344  0.00000000

     Dynamical  Matrix in cartesian axes

     q = (   -0.125000000   0.500000000  -0.625000000 ) 

    1    1
  0.02799766  0.00000000    0.00672893  0.00000000   -0.00097621  0.00000000
  0.00672893  0.00000000    0.04123344  0.00000000   -0.02801689  0.00000000
 -0.00097621  0.00000000   -0.02801689  0.00000000    0.03967195  0.00000000

     Dynamical  Matrix in cartesian axes

     q = (    0.125000000   0.500000000  -0.625000000 ) 

    1    1
  0.02799766  0.00000000   -0.00672893  0.00000000    0.00097621  0.00000000
 -0.00672893  0.00000000    0.04123344  0.00000000   -0.02801689  0.00000000
  0.00097621  0.00000000   -0.02801689  0.00000000    0.03967195  0.00000000

     Dynamical  Matrix in cartesian axes

     q = (   -0.125000000  -0.625000000   0.500000000 ) 

    1    1
  0.02799766  0.00000000   -0.00097621  0.00000000    0.00672893  0.00000000
 -0.00097621  0.00000000    0.03967195  0.00000000   -0.02801689  0.00000000
  0.00672893  0.00000000   -0.02801689  0.00000000    0.04123344  0.00000000

     Dynamical  Matrix in cartesian axes

     q = (   -0.125000000  -0.500000000   0.625000000 ) 

    1    1
  0.02799766  0.00000000   -0.00672893  0.00000000    0.00097621  0.00000000
 -0.00672893  0.00000000    0.04123344  0.00000000   -0.02801689  0.00000000
  0.00097621  0.00000000   -0.02801689  0.00000000    0.03967195  0.00000000

     Dynamical  Matrix in cartesian axes

     q = (    0.125000000  -0.625000000   0.500000000 ) 

    1    1
  0.02799766  0.00000000    0.00097621  0.00000000   -0.00672893  0.00000000
  0.00097621  0.00000000    0.03967195  0.00000000   -0.02801689  0.00000000
 -0.00672893  0.00000000   -0.02801689  0.00000000    0.04123344  0.00000000

     Dynamical  Matrix in cartesian axes

     q = (    0.125000000  -0.500000000   0.625000000 ) 

    1    1
  0.02799766  0.00000000    0.00672893  0.00000000   -0.00097621  0.00000000
  0.00672893  0.00000000    0.04123344  0.00000000   -0.02801689  0.00000000
 -0.00097621  0.00000000   -0.02801689  0.00000000    0.03967195  0.00000000

     Dynamical  Matrix in cartesian axes

     q = (   -0.625000000   0.500000000  -0.125000000 ) 

    1    1
  0.03967195  0.00000000   -0.02801689  0.00000000   -0.00097621  0.00000000
 -0.02801689  0.00000000    0.04123344  0.00000000    0.00672893  0.00000000
 -0.00097621  0.00000000    0.00672893  0.00000000    0.02799766  0.00000000

     Dynamical  Matrix in cartesian axes

     q = (    0.500000000   0.125000000   0.625000000 ) 

    1    1
  0.04123344  0.00000000   -0.00672893  0.00000000    0.02801689  0.00000000
 -0.00672893  0.00000000    0.02799766  0.00000000   -0.00097621  0.00000000
  0.02801689  0.00000000   -0.00097621  0.00000000    0.03967195  0.00000000

     Dynamical  Matrix in cartesian axes

     q = (   -0.500000000   0.125000000  -0.625000000 ) 

    1    1
  0.04123344  0.00000000    0.00672893  0.00000000    0.02801689  0.00000000
  0.00672893  0.00000000    0.02799766  0.00000000    0.00097621  0.00000000
  0.02801689  0.00000000    0.00097621  0.00000000    0.03967195  0.00000000

     Dynamical  Matrix in cartesian axes

     q = (   -0.625000000   0.125000000  -0.500000000 ) 

    1    1
  0.03967195  0.00000000    0.00097621  0.00000000    0.02801689  0.00000000
  0.00097621  0.00000000    0.02799766  0.00000000    0.00672893  0.00000000
  0.02801689  0.00000000    0.00672893  0.00000000    0.04123344  0.00000000

     Dynamical  Matrix in cartesian axes

     q = (    0.500000000  -0.125000000  -0.625000000 ) 

    1    1
  0.04123344  0.00000000    0.00672893  0.00000000   -0.02801689  0.00000000
  0.00672893  0.00000000    0.02799766  0.00000000   -0.00097621  0.00000000
 -0.02801689  0.00000000   -0.00097621  0.00000000    0.03967195  0.00000000

     Dynamical  Matrix in cartesian axes

     q = (   -0.500000000  -0.125000000   0.625000000 ) 

    1    1
  0.04123344  0.00000000   -0.00672893  0.00000000   -0.02801689  0.00000000
 -0.00672893  0.00000000    0.02799766  0.00000000    0.00097621  0.00000000
 -0.02801689  0.00000000    0.00097621  0.00000000    0.03967195  0.00000000

     Dynamical  Matrix in cartesian axes

     q = (    0.125000000   0.625000000   0.500000000 ) 

    1    1
  0.02799766  0.00000000   -0.00097621  0.00000000   -0.00672893  0.00000000
 -0.00097621  0.00000000    0.03967195  0.00000000    0.02801689  0.00000000
 -0.00672893  0.00000000    0.02801689  0.00000000    0.04123344  0.00000000

     Dynamical  Matrix in cartesian axes

     q = (   -0.625000000  -0.125000000   0.500000000 ) 

    1    1
  0.03967195  0.00000000   -0.00097621  0.00000000   -0.02801689  0.00000000
 -0.00097621  0.00000000    0.02799766  0.00000000    0.00672893  0.00000000
 -0.02801689  0.00000000    0.00672893  0.00000000    0.04123344  0.00000000

     Dynamical  Matrix in cartesian axes

     q = (    0.625000000   0.125000000   0.500000000 ) 

    1    1
  0.03967195  0.00000000   -0.00097621  0.00000000    0.02801689  0.00000000
 -0.00097621  0.00000000    0.02799766  0.00000000   -0.00672893  0.00000000
  0.02801689  0.00000000   -0.00672893  0.00000000    0.04123344  0.00000000

     Dynamical  Matrix in cartesian axes

     q = (    0.500000000   0.625000000   0.125000000 ) 

    1    1
  0.04123344  0.00000000    0.02801689  0.00000000   -0.00672893  0.00000000
  0.02801689  0.00000000    0.03967195  0.00000000   -0.00097621  0.00000000
 -0.00672893  0.00000000   -0.00097621  0.00000000    0.02799766  0.00000000

     Dynamical  Matrix in cartesian axes

     q = (    0.500000000  -0.625000000  -0.125000000 ) 

    1    1
  0.04123344  0.00000000   -0.02801689  0.00000000    0.00672893  0.00000000
 -0.02801689  0.00000000    0.03967195  0.00000000   -0.00097621  0.00000000
  0.00672893  0.00000000   -0.00097621  0.00000000    0.02799766  0.00000000

     Dynamical  Matrix in cartesian axes

     q = (   -0.500000000  -0.625000000   0.125000000 ) 

    1    1
  0.04123344  0.00000000    0.02801689  0.00000000    0.00672893  0.00000000
  0.02801689  0.00000000    0.03967195  0.00000000    0.00097621  0.00000000
  0.00672893  0.00000000    0.00097621  0.00000000    0.02799766  0.00000000

     Dynamical  Matrix in cartesian axes

     q = (   -0.625000000  -0.125000000  -0.500000000 ) 

    1    1
  0.03967195  0.00000000   -0.00097621  0.00000000    0.02801689  0.00000000
 -0.00097621  0.00000000    0.02799766  0.00000000   -0.00672893  0.00000000
  0.02801689  0.00000000   -0.00672893  0.00000000    0.04123344  0.00000000

     Dynamical  Matrix in cartesian axes

     q = (    0.625000000  -0.500000000  -0.125000000 ) 

    1    1
  0.03967195  0.00000000   -0.02801689  0.00000000    0.00097621  0.00000000
 -0.02801689  0.00000000    0.04123344  0.00000000   -0.00672893  0.00000000
  0.00097621  0.00000000   -0.00672893  0.00000000    0.02799766  0.00000000

     Dynamical  Matrix in cartesian axes

     q = (    0.125000000   0.500000000   0.625000000 ) 

    1    1
  0.02799766  0.00000000   -0.00672893  0.00000000   -0.00097621  0.00000000
 -0.00672893  0.00000000    0.04123344  0.00000000    0.02801689  0.00000000
 -0.00097621  0.00000000    0.02801689  0.00000000    0.03967195  0.00000000

     Dynamical  Matrix in cartesian axes

     q = (    0.125000000  -0.500000000  -0.625000000 ) 

    1    1
  0.02799766  0.00000000    0.00672893  0.00000000    0.00097621  0.00000000
  0.00672893  0.00000000    0.04123344  0.00000000    0.02801689  0.00000000
  0.00097621  0.00000000    0.02801689  0.00000000    0.03967195  0.00000000

     Dynamical  Matrix in cartesian axes

     q = (   -0.625000000   0.125000000   0.500000000 ) 

    1    1
  0.03967195  0.00000000    0.00097621  0.00000000   -0.02801689  0.00000000
  0.00097621  0.00000000    0.02799766  0.00000000   -0.00672893  0.00000000
 -0.02801689  0.00000000   -0.00672893  0.00000000    0.04123344  0.00000000

     Dynamical  Matrix in cartesian axes

     q = (   -0.125000000   0.625000000   0.500000000 ) 

    1    1
  0.02799766  0.00000000    0.00097621  0.00000000    0.00672893  0.00000000
  0.00097621  0.00000000    0.03967195  0.00000000    0.02801689  0.00000000
  0.00672893  0.00000000    0.02801689  0.00000000    0.04123344  0.00000000

     Dynamical  Matrix in cartesian axes

     q = (    0.625000000   0.125000000  -0.500000000 ) 

    1    1
  0.03967195  0.00000000   -0.00097621  0.00000000   -0.02801689  0.00000000
 -0.00097621  0.00000000    0.02799766  0.00000000    0.00672893  0.00000000
 -0.02801689  0.00000000    0.00672893  0.00000000    0.04123344  0.00000000

     Dynamical  Matrix in cartesian axes

     q = (   -0.125000000  -0.500000000  -0.625000000 ) 

    1    1
  0.02799766  0.00000000   -0.00672893  0.00000000   -0.00097621  0.00000000
 -0.00672893  0.00000000    0.04123344  0.00000000    0.02801689  0.00000000
 -0.00097621  0.00000000    0.02801689  0.00000000    0.03967195  0.00000000

     Dynamical  Matrix in cartesian axes

     q = (   -0.125000000  -0.625000000  -0.500000000 ) 

    1    1
  0.02799766  0.00000000   -0.00097621  0.00000000   -0.00672893  0.00000000
 -0.00097621  0.00000000    0.03967195  0.00000000    0.02801689  0.00000000
 -0.00672893  0.00000000    0.02801689  0.00000000    0.04123344  0.00000000

     Dynamical  Matrix in cartesian axes

     q = (    0.125000000   0.625000000  -0.500000000 ) 

    1    1
  0.02799766  0.00000000   -0.00097621  0.00000000    0.00672893  0.00000000
 -0.00097621  0.00000000    0.03967195  0.00000000   -0.02801689  0.00000000
  0.00672893  0.00000000   -0.02801689  0.00000000    0.04123344  0.00000000

     Dynamical  Matrix in cartesian axes

     q = (   -0.125000000   0.500000000   0.625000000 ) 

    1    1
  0.02799766  0.00000000    0.00672893  0.00000000    0.00097621  0.00000000
  0.00672893  0.00000000    0.04123344  0.00000000    0.02801689  0.00000000
  0.00097621  0.00000000    0.02801689  0.00000000    0.03967195  0.00000000

     Dynamical  Matrix in cartesian axes

     q = (    0.125000000  -0.625000000  -0.500000000 ) 

    1    1
  0.02799766  0.00000000    0.00097621  0.00000000    0.00672893  0.00000000
  0.00097621  0.00000000    0.03967195  0.00000000    0.02801689  0.00000000
  0.00672893  0.00000000    0.02801689  0.00000000    0.04123344  0.00000000

     Dynamical  Matrix in cartesian axes

     q = (   -0.500000000   0.625000000  -0.125000000 ) 

    1    1
  0.04123344  0.00000000   -0.02801689  0.00000000   -0.00672893  0.00000000
 -0.02801689  0.00000000    0.03967195  0.00000000    0.00097621  0.00000000
 -0.00672893  0.00000000    0.00097621  0.00000000    0.02799766  0.00000000

     Dynamical  Matrix in cartesian axes

     q = (   -0.625000000  -0.500000000   0.125000000 ) 

    1    1
  0.03967195  0.00000000    0.02801689  0.00000000    0.00097621  0.00000000
  0.02801689  0.00000000    0.04123344  0.00000000    0.00672893  0.00000000
  0.00097621  0.00000000    0.00672893  0.00000000    0.02799766  0.00000000

     Dynamical  Matrix in cartesian axes

     q = (    0.625000000   0.500000000   0.125000000 ) 

    1    1
  0.03967195  0.00000000    0.02801689  0.00000000   -0.00097621  0.00000000
  0.02801689  0.00000000    0.04123344  0.00000000   -0.00672893  0.00000000
 -0.00097621  0.00000000   -0.00672893  0.00000000    0.02799766  0.00000000

     Dynamical  Matrix in cartesian axes

     q = (   -0.500000000  -0.625000000  -0.125000000 ) 

    1    1
  0.04123344  0.00000000    0.02801689  0.00000000   -0.00672893  0.00000000
  0.02801689  0.00000000    0.03967195  0.00000000   -0.00097621  0.00000000
 -0.00672893  0.00000000   -0.00097621  0.00000000    0.02799766  0.00000000

     Dynamical  Matrix in cartesian axes

     q = (    0.500000000  -0.625000000   0.125000000 ) 

    1    1
  0.04123344  0.00000000   -0.02801689  0.00000000   -0.00672893  0.00000000
 -0.02801689  0.00000000    0.03967195  0.00000000    0.00097621  0.00000000
 -0.00672893  0.00000000    0.00097621  0.00000000    0.02799766  0.00000000

     Dynamical  Matrix in cartesian axes

     q = (   -0.500000000   0.625000000   0.125000000 ) 

    1    1
  0.04123344  0.00000000   -0.02801689  0.00000000    0.00672893  0.00000000
 -0.02801689  0.00000000    0.03967195  0.00000000   -0.00097621  0.00000000
  0.00672893  0.00000000   -0.00097621  0.00000000    0.02799766  0.00000000

     Dynamical  Matrix in cartesian axes

     q = (    0.500000000   0.625000000  -0.125000000 ) 

    1    1
  0.04123344  0.00000000    0.02801689  0.00000000    0.00672893  0.00000000
  0.02801689  0.00000000    0.03967195  0.00000000    0.00097621  0.00000000
  0.00672893  0.00000000    0.00097621  0.00000000    0.02799766  0.00000000

     Dynamical  Matrix in cartesian axes

     q = (    0.625000000  -0.125000000   0.500000000 ) 

    1    1
  0.03967195  0.00000000    0.00097621  0.00000000    0.02801689  0.00000000
  0.00097621  0.00000000    0.02799766  0.00000000    0.00672893  0.00000000
  0.02801689  0.00000000    0.00672893  0.00000000    0.04123344  0.00000000

     Dynamical  Matrix in cartesian axes

     q = (   -0.625000000   0.500000000   0.125000000 ) 

    1    1
  0.03967195  0.00000000   -0.02801689  0.00000000    0.00097621  0.00000000
 -0.02801689  0.00000000    0.04123344  0.00000000   -0.00672893  0.00000000
  0.00097621  0.00000000   -0.00672893  0.00000000    0.02799766  0.00000000

     Dynamical  Matrix in cartesian axes

     q = (    0.625000000   0.500000000  -0.125000000 ) 

    1    1
  0.03967195  0.00000000    0.02801689  0.00000000    0.00097621  0.00000000
  0.02801689  0.00000000    0.04123344  0.00000000    0.00672893  0.00000000
  0.00097621  0.00000000    0.00672893  0.00000000    0.02799766  0.00000000

     Dynamical  Matrix in cartesian axes

     q = (   -0.625000000  -0.500000000  -0.125000000 ) 

    1    1
  0.03967195  0.00000000    0.02801689  0.00000000   -0.00097621  0.00000000
  0.02801689  0.00000000    0.04123344  0.00000000   -0.00672893  0.00000000
 -0.00097621  0.00000000   -0.00672893  0.00000000    0.02799766  0.00000000

     Dynamical  Matrix in cartesian axes

     q = (    0.625000000  -0.500000000   0.125000000 ) 

    1    1
  0.03967195  0.00000000   -0.02801689  0.00000000   -0.00097621  0.00000000
 -0.02801689  0.00000000    0.04123344  0.00000000    0.00672893  0.00000000
 -0.00097621  0.00000000    0.00672893  0.00000000    0.02799766  0.00000000

     Dynamical  Matrix in cartesian axes

     q = (    0.500000000   0.125000000  -0.625000000 ) 

    1    1
  0.04123344  0.00000000   -0.00672893  0.00000000   -0.02801689  0.00000000
 -0.00672893  0.00000000    0.02799766  0.00000000    0.00097621  0.00000000
 -0.02801689  0.00000000    0.00097621  0.00000000    0.03967195  0.00000000

     Dynamical  Matrix in cartesian axes

     q = (    0.500000000  -0.125000000   0.625000000 ) 

    1    1
  0.04123344  0.00000000    0.00672893  0.00000000    0.02801689  0.00000000
  0.00672893  0.00000000    0.02799766  0.00000000    0.00097621  0.00000000
  0.02801689  0.00000000    0.00097621  0.00000000    0.03967195  0.00000000

     Dynamical  Matrix in cartesian axes

     q = (   -0.500000000  -0.125000000  -0.625000000 ) 

    1    1
  0.04123344  0.00000000   -0.00672893  0.00000000    0.02801689  0.00000000
 -0.00672893  0.00000000    0.02799766  0.00000000   -0.00097621  0.00000000
  0.02801689  0.00000000   -0.00097621  0.00000000    0.03967195  0.00000000

     Dynamical  Matrix in cartesian axes

     q = (   -0.500000000   0.125000000   0.625000000 ) 

    1    1
  0.04123344  0.00000000    0.00672893  0.00000000   -0.02801689  0.00000000
  0.00672893  0.00000000    0.02799766  0.00000000   -0.00097621  0.00000000
 -0.02801689  0.00000000   -0.00097621  0.00000000    0.03967195  0.00000000

     Diagonalizing the dynamical matrix

     q = (   -0.125000000   0.625000000  -0.500000000 ) 

 **************************************************************************
     freq (    1) =       2.429906 [THz] =      81.052936 [cm-1]
 (  0.241485 -0.000000  0.679226 -0.000000  0.693064  0.000000 ) 
     freq (    2) =       3.819960 [THz] =     127.420144 [cm-1]
 (  0.961214  0.000000 -0.265487  0.000000 -0.074730  0.000000 ) 
     freq (    3) =       5.979404 [THz] =     199.451451 [cm-1]
 ( -0.133240  0.000000 -0.684229  0.000000  0.716993  0.000000 ) 
 **************************************************************************
