Dynamical matrix file
                                                                           
  1    1  2  9.1543204  0.0000000  0.0000000  0.0000000  0.0000000  0.0000000
           1  'Na  '    20954.103126620943     
    1    1      0.0000000000      0.0000000000      0.0000000000

     Dynamical  Matrix in cartesian axes

     q = (    0.625000000  -0.125000000   0.875000000 ) 

    1    1
  0.02716660  0.00000000   -0.00795836  0.00000000    0.00648044  0.00000000
 -0.00795836  0.00000000    0.05346065  0.00000000   -0.00222468  0.00000000
  0.00648044  0.00000000   -0.00222468  0.00000000    0.03759964  0.00000000

     Dynamical  Matrix in cartesian axes

     q = (    0.625000000  -0.125000000  -0.875000000 ) 

    1    1
  0.02716660  0.00000000   -0.00795836  0.00000000   -0.00648044  0.00000000
 -0.00795836  0.00000000    0.05346065  0.00000000    0.00222468  0.00000000
 -0.00648044  0.00000000    0.00222468  0.00000000    0.03759964  0.00000000

     Dynamical  Matrix in cartesian axes

     q = (    0.875000000   0.125000000   0.625000000 ) 

    1    1
  0.03759964  0.00000000    0.00222468  0.00000000    0.00648044  0.00000000
  0.00222468  0.00000000    0.05346065  0.00000000    0.00795836  0.00000000
  0.00648044  0.00000000    0.00795836  0.00000000    0.02716660  0.00000000

     Dynamical  Matrix in cartesian axes

     q = (    0.625000000   0.125000000   0.875000000 ) 

    1    1
  0.02716660  0.00000000    0.00795836  0.00000000    0.00648044  0.00000000
  0.00795836  0.00000000    0.05346065  0.00000000    0.00222468  0.00000000
  0.00648044  0.00000000    0.00222468  0.00000000    0.03759964  0.00000000

     Dynamical  Matrix in cartesian axes

     q = (    0.875000000  -0.125000000  -0.625000000 ) 

    1    1
  0.03759964  0.00000000   -0.00222468  0.00000000   -0.00648044  0.00000000
 -0.00222468  0.00000000    0.05346065  0.00000000    0.00795836  0.00000000
 -0.00648044  0.00000000    0.00795836  0.00000000    0.02716660  0.00000000

     Dynamical  Matrix in cartesian axes

     q = (    0.875000000  -0.125000000   0.625000000 ) 

    1    1
  0.03759964  0.00000000   -0.00222468  0.00000000    0.00648044  0.00000000
 -0.00222468  0.00000000    0.05346065  0.00000000   -0.00795836  0.00000000
  0.00648044  0.00000000   -0.00795836  0.00000000    0.02716660  0.00000000

     Dynamical  Matrix in cartesian axes

     q = (   -0.875000000  -0.125000000   0.625000000 ) 

    1    1
  0.03759964  0.00000000    0.00222468  0.00000000   -0.00648044  0.00000000
  0.00222468  0.00000000    0.05346065  0.00000000   -0.00795836  0.00000000
 -0.00648044  0.00000000   -0.00795836  0.00000000    0.02716660  0.00000000

     Dynamical  Matrix in cartesian axes

     q = (   -0.625000000  -0.125000000  -0.875000000 ) 

    1    1
  0.02716660  0.00000000    0.00795836  0.00000000    0.00648044  0.00000000
  0.00795836  0.00000000    0.05346065  0.00000000    0.00222468  0.00000000
  0.00648044  0.00000000    0.00222468  0.00000000    0.03759964  0.00000000

     Dynamical  Matrix in cartesian axes

     q = (   -0.875000000   0.125000000  -0.625000000 ) 

    1    1
  0.03759964  0.00000000   -0.00222468  0.00000000    0.00648044  0.00000000
 -0.00222468  0.00000000    0.05346065  0.00000000   -0.00795836  0.00000000
  0.00648044  0.00000000   -0.00795836  0.00000000    0.02716660  0.00000000

     Dynamical  Matrix in cartesian axes

     q = (   -0.625000000  -0.125000000   0.875000000 ) 

    1    1
  0.02716660  0.00000000    0.00795836  0.00000000   -0.00648044  0.00000000
  0.00795836  0.00000000    0.05346065  0.00000000   -0.00222468  0.00000000
 -0.00648044  0.00000000   -0.00222468  0.00000000    0.03759964  0.00000000

     Dynamical  Matrix in cartesian axes

     q = (   -0.875000000   0.125000000   0.625000000 ) 

    1    1
  0.03759964  0.00000000   -0.00222468  0.00000000   -0.00648044  0.00000000
 -0.00222468  0.00000000    0.05346065  0.00000000    0.00795836  0.00000000
 -0.00648044  0.00000000    0.00795836  0.00000000    0.02716660  0.00000000

     Dynamical  Matrix in cartesian axes

     q = (    0.875000000   0.125000000  -0.625000000 ) 

    1    1
  0.03759964  0.00000000    0.00222468  0.00000000   -0.00648044  0.00000000
  0.00222468  0.00000000    0.05346065  0.00000000   -0.00795836  0.00000000
 -0.00648044  0.00000000   -0.00795836  0.00000000    0.02716660  0.00000000

     Dynamical  Matrix in cartesian axes

     q = (   -0.625000000   0.125000000   0.875000000 ) 

    1    1
  0.02716660  0.00000000   -0.00795836  0.00000000   -0.00648044  0.00000000
 -0.00795836  0.00000000    0.05346065  0.00000000    0.00222468  0.00000000
 -0.00648044  0.00000000    0.00222468  0.00000000    0.03759964  0.00000000

     Dynamical  Matrix in cartesian axes

     q = (   -0.875000000  -0.125000000  -0.625000000 ) 

    1    1
  0.03759964  0.00000000    0.00222468  0.00000000    0.00648044  0.00000000
  0.00222468  0.00000000    0.05346065  0.00000000    0.00795836  0.00000000
  0.00648044  0.00000000    0.00795836  0.00000000    0.02716660  0.00000000

     Dynamical  Matrix in cartesian axes

     q = (    0.625000000   0.125000000  -0.875000000 ) 

    1    1
  0.02716660  0.00000000    0.00795836  0.00000000   -0.00648044  0.00000000
  0.00795836  0.00000000    0.05346065  0.00000000   -0.00222468  0.00000000
 -0.00648044  0.00000000   -0.00222468  0.00000000    0.03759964  0.00000000

     Dynamical  Matrix in cartesian axes

     q = (   -0.625000000   0.125000000  -0.875000000 ) 

    1    1
  0.02716660  0.00000000   -0.00795836  0.00000000    0.00648044  0.00000000
 -0.00795836  0.00000000    0.05346065  0.00000000   -0.00222468  0.00000000
  0.00648044  0.00000000   -0.00222468  0.00000000    0.03759964  0.00000000

     Dynamical  Matrix in cartesian axes

     q = (   -0.125000000   0.875000000   0.625000000 ) 

    1    1
  0.05346065  0.00000000   -0.00222468  0.00000000   -0.00795836  0.00000000
 -0.00222468  0.00000000    0.03759964  0.00000000    0.00648044  0.00000000
 -0.00795836  0.00000000    0.00648044  0.00000000    0.02716660  0.00000000

     Dynamical  Matrix in cartesian axes

     q = (    0.125000000   0.875000000  -0.625000000 ) 

    1    1
  0.05346065  0.00000000    0.00222468  0.00000000   -0.00795836  0.00000000
  0.00222468  0.00000000    0.03759964  0.00000000   -0.00648044  0.00000000
 -0.00795836  0.00000000   -0.00648044  0.00000000    0.02716660  0.00000000

     Dynamical  Matrix in cartesian axes

     q = (   -0.125000000  -0.875000000  -0.625000000 ) 

    1    1
  0.05346065  0.00000000    0.00222468  0.00000000    0.00795836  0.00000000
  0.00222468  0.00000000    0.03759964  0.00000000    0.00648044  0.00000000
  0.00795836  0.00000000    0.00648044  0.00000000    0.02716660  0.00000000

     Dynamical  Matrix in cartesian axes

     q = (   -0.125000000   0.625000000  -0.875000000 ) 

    1    1
  0.05346065  0.00000000   -0.00795836  0.00000000    0.00222468  0.00000000
 -0.00795836  0.00000000    0.02716660  0.00000000   -0.00648044  0.00000000
  0.00222468  0.00000000   -0.00648044  0.00000000    0.03759964  0.00000000

     Dynamical  Matrix in cartesian axes

     q = (    0.875000000   0.625000000  -0.125000000 ) 

    1    1
  0.03759964  0.00000000    0.00648044  0.00000000   -0.00222468  0.00000000
  0.00648044  0.00000000    0.02716660  0.00000000   -0.00795836  0.00000000
 -0.00222468  0.00000000   -0.00795836  0.00000000    0.05346065  0.00000000

     Dynamical  Matrix in cartesian axes

     q = (   -0.125000000   0.875000000  -0.625000000 ) 

    1    1
  0.05346065  0.00000000   -0.00222468  0.00000000    0.00795836  0.00000000
 -0.00222468  0.00000000    0.03759964  0.00000000   -0.00648044  0.00000000
  0.00795836  0.00000000   -0.00648044  0.00000000    0.02716660  0.00000000

     Dynamical  Matrix in cartesian axes

     q = (   -0.875000000  -0.625000000  -0.125000000 ) 

    1    1
  0.03759964  0.00000000    0.00648044  0.00000000    0.00222468  0.00000000
  0.00648044  0.00000000    0.02716660  0.00000000    0.00795836  0.00000000
  0.00222468  0.00000000    0.00795836  0.00000000    0.05346065  0.00000000

     Dynamical  Matrix in cartesian axes

     q = (   -0.875000000   0.625000000   0.125000000 ) 

    1    1
  0.03759964  0.00000000   -0.00648044  0.00000000   -0.00222468  0.00000000
 -0.00648044  0.00000000    0.02716660  0.00000000    0.00795836  0.00000000
 -0.00222468  0.00000000    0.00795836  0.00000000    0.05346065  0.00000000

     Dynamical  Matrix in cartesian axes

     q = (    0.125000000  -0.625000000   0.875000000 ) 

    1    1
  0.05346065  0.00000000   -0.00795836  0.00000000    0.00222468  0.00000000
 -0.00795836  0.00000000    0.02716660  0.00000000   -0.00648044  0.00000000
  0.00222468  0.00000000   -0.00648044  0.00000000    0.03759964  0.00000000

     Dynamical  Matrix in cartesian axes

     q = (    0.125000000  -0.875000000   0.625000000 ) 

    1    1
  0.05346065  0.00000000   -0.00222468  0.00000000    0.00795836  0.00000000
 -0.00222468  0.00000000    0.03759964  0.00000000   -0.00648044  0.00000000
  0.00795836  0.00000000   -0.00648044  0.00000000    0.02716660  0.00000000

     Dynamical  Matrix in cartesian axes

     q = (    0.625000000  -0.875000000   0.125000000 ) 

    1    1
  0.02716660  0.00000000   -0.00648044  0.00000000    0.00795836  0.00000000
 -0.00648044  0.00000000    0.03759964  0.00000000   -0.00222468  0.00000000
  0.00795836  0.00000000   -0.00222468  0.00000000    0.05346065  0.00000000

     Dynamical  Matrix in cartesian axes

     q = (   -0.875000000   0.625000000  -0.125000000 ) 

    1    1
  0.03759964  0.00000000   -0.00648044  0.00000000    0.00222468  0.00000000
 -0.00648044  0.00000000    0.02716660  0.00000000   -0.00795836  0.00000000
  0.00222468  0.00000000   -0.00795836  0.00000000    0.05346065  0.00000000

     Dynamical  Matrix in cartesian axes

     q = (    0.125000000   0.625000000   0.875000000 ) 

    1    1
  0.05346065  0.00000000    0.00795836  0.00000000    0.00222468  0.00000000
  0.00795836  0.00000000    0.02716660  0.00000000    0.00648044  0.00000000
  0.00222468  0.00000000    0.00648044  0.00000000    0.03759964  0.00000000

     Dynamical  Matrix in cartesian axes

     q = (   -0.125000000   0.625000000   0.875000000 ) 

    1    1
  0.05346065  0.00000000   -0.00795836  0.00000000   -0.00222468  0.00000000
 -0.00795836  0.00000000    0.02716660  0.00000000    0.00648044  0.00000000
 -0.00222468  0.00000000    0.00648044  0.00000000    0.03759964  0.00000000

     Dynamical  Matrix in cartesian axes

     q = (    0.125000000   0.625000000  -0.875000000 ) 

    1    1
  0.05346065  0.00000000    0.00795836  0.00000000   -0.00222468  0.00000000
  0.00795836  0.00000000    0.02716660  0.00000000   -0.00648044  0.00000000
 -0.00222468  0.00000000   -0.00648044  0.00000000    0.03759964  0.00000000

     Dynamical  Matrix in cartesian axes

     q = (   -0.125000000  -0.625000000  -0.875000000 ) 

    1    1
  0.05346065  0.00000000    0.00795836  0.00000000    0.00222468  0.00000000
  0.00795836  0.00000000    0.02716660  0.00000000    0.00648044  0.00000000
  0.00222468  0.00000000    0.00648044  0.00000000    0.03759964  0.00000000

     Dynamical  Matrix in cartesian axes

     q = (   -0.625000000  -0.875000000   0.125000000 ) 

    1    1
  0.02716660  0.00000000    0.00648044  0.00000000   -0.00795836  0.00000000
  0.00648044  0.00000000    0.03759964  0.00000000   -0.00222468  0.00000000
 -0.00795836  0.00000000   -0.00222468  0.00000000    0.05346065  0.00000000

     Dynamical  Matrix in cartesian axes

     q = (   -0.125000000  -0.625000000   0.875000000 ) 

    1    1
  0.05346065  0.00000000    0.00795836  0.00000000   -0.00222468  0.00000000
  0.00795836  0.00000000    0.02716660  0.00000000   -0.00648044  0.00000000
 -0.00222468  0.00000000   -0.00648044  0.00000000    0.03759964  0.00000000

     Dynamical  Matrix in cartesian axes

     q = (    0.875000000  -0.625000000   0.125000000 ) 

    1    1
  0.03759964  0.00000000   -0.00648044  0.00000000    0.00222468  0.00000000
 -0.00648044  0.00000000    0.02716660  0.00000000   -0.00795836  0.00000000
  0.00222468  0.00000000   -0.00795836  0.00000000    0.05346065  0.00000000

     Dynamical  Matrix in cartesian axes

     q = (    0.625000000   0.875000000   0.125000000 ) 

    1    1
  0.02716660  0.00000000    0.00648044  0.00000000    0.00795836  0.00000000
  0.00648044  0.00000000    0.03759964  0.00000000    0.00222468  0.00000000
  0.00795836  0.00000000    0.00222468  0.00000000    0.05346065  0.00000000

     Dynamical  Matrix in cartesian axes

     q = (    0.125000000  -0.625000000  -0.875000000 ) 

    1    1
  0.05346065  0.00000000   -0.00795836  0.00000000   -0.00222468  0.00000000
 -0.00795836  0.00000000    0.02716660  0.00000000    0.00648044  0.00000000
 -0.00222468  0.00000000    0.00648044  0.00000000    0.03759964  0.00000000

     Dynamical  Matrix in cartesian axes

     q = (    0.625000000   0.875000000  -0.125000000 ) 

    1    1
  0.02716660  0.00000000    0.00648044  0.00000000   -0.00795836  0.00000000
  0.00648044  0.00000000    0.03759964  0.00000000   -0.00222468  0.00000000
 -0.00795836  0.00000000   -0.00222468  0.00000000    0.05346065  0.00000000

     Dynamical  Matrix in cartesian axes

     q = (   -0.625000000  -0.875000000  -0.125000000 ) 

    1    1
  0.02716660  0.00000000    0.00648044  0.00000000    0.00795836  0.00000000
  0.00648044  0.00000000    0.03759964  0.00000000    0.00222468  0.00000000
  0.00795836  0.00000000    0.00222468  0.00000000    0.05346065  0.00000000

     Dynamical  Matrix in cartesian axes

     q = (   -0.625000000   0.875000000  -0.125000000 ) 

    1    1
  0.02716660  0.00000000   -0.00648044  0.00000000    0.00795836  0.00000000
 -0.00648044  0.00000000    0.03759964  0.00000000   -0.00222468  0.00000000
  0.00795836  0.00000000   -0.00222468  0.00000000    0.05346065  0.00000000

     Dynamical  Matrix in cartesian axes

     q = (    0.125000000  -0.875000000  -0.625000000 ) 

    1    1
  0.05346065  0.00000000   -0.00222468  0.00000000   -0.00795836  0.00000000
 -0.00222468  0.00000000    0.03759964  0.00000000    0.00648044  0.00000000
 -0.00795836  0.00000000    0.00648044  0.00000000    0.02716660  0.00000000

     Dynamical  Matrix in cartesian axes

     q = (   -0.125000000  -0.875000000   0.625000000 ) 

    1    1
  0.05346065  0.00000000    0.00222468  0.00000000   -0.00795836  0.00000000
  0.00222468  0.00000000    0.03759964  0.00000000   -0.00648044  0.00000000
 -0.00795836  0.00000000   -0.00648044  0.00000000    0.02716660  0.00000000

     Dynamical  Matrix in cartesian axes

     q = (    0.125000000   0.875000000   0.625000000 ) 

    1    1
  0.05346065  0.00000000    0.00222468  0.00000000    0.00795836  0.00000000
  0.00222468  0.00000000    0.03759964  0.00000000    0.00648044  0.00000000
  0.00795836  0.00000000    0.00648044  0.00000000    0.02716660  0.00000000

     Dynamical  Matrix in cartesian axes

     q = (    0.625000000  -0.875000000  -0.125000000 ) 

    1    1
  0.02716660  0.00000000   -0.00648044  0.00000000   -0.00795836  0.00000000
 -0.00648044  0.00000000    0.03759964  0.00000000    0.00222468  0.00000000
 -0.00795836  0.00000000    0.00222468  0.00000000    0.05346065  0.00000000

     Dynamical  Matrix in cartesian axes

     q = (   -0.875000000  -0.625000000   0.125000000 ) 

    1    1
  0.03759964  0.00000000    0.00648044  0.00000000   -0.00222468  0.00000000
  0.00648044  0.00000000    0.02716660  0.00000000   -0.00795836  0.00000000
 -0.00222468  0.00000000   -0.00795836  0.00000000    0.05346065  0.00000000

     Dynamical  Matrix in cartesian axes

     q = (   -0.625000000   0.875000000   0.125000000 ) 

    1    1
  0.02716660  0.00000000   -0.00648044  0.00000000   -0.00795836  0.00000000
 -0.00648044  0.00000000    0.03759964  0.00000000    0.00222468  0.00000000
 -0.00795836  0.00000000    0.00222468  0.00000000    0.05346065  0.00000000

     Dynamical  Matrix in cartesian axes

     q = (    0.875000000   0.625000000   0.125000000 ) 

    1    1
  0.03759964  0.00000000    0.00648044  0.00000000    0.00222468  0.00000000
  0.00648044  0.00000000    0.02716660  0.00000000    0.00795836  0.00000000
  0.00222468  0.00000000    0.00795836  0.00000000    0.05346065  0.00000000

     Dynamical  Matrix in cartesian axes

     q = (    0.875000000  -0.625000000  -0.125000000 ) 

    1    1
  0.03759964  0.00000000   -0.00648044  0.00000000   -0.00222468  0.00000000
 -0.00648044  0.00000000    0.02716660  0.00000000    0.00795836  0.00000000
 -0.00222468  0.00000000    0.00795836  0.00000000    0.05346065  0.00000000

     Diagonalizing the dynamical matrix

     q = (    0.625000000  -0.125000000   0.875000000 ) 

 **************************************************************************
     freq (    1) =       3.426758 [THz] =     114.304356 [cm-1]
 ( -0.907553  0.000000 -0.208680  0.000000  0.364417  0.000000 ) 
     freq (    2) =       4.486376 [THz] =     149.649391 [cm-1]
 (  0.294887  0.000000  0.301139  0.000000  0.906839  0.000000 ) 
     freq (    3) =       5.403281 [THz] =     180.234060 [cm-1]
 (  0.298979  0.000000 -0.930466  0.000000  0.211763 -0.000000 ) 
 **************************************************************************
