Dynamical matrix file
                                                                           
  1    1  2  9.1543204  0.0000000  0.0000000  0.0000000  0.0000000  0.0000000
           1  'Na  '    20954.103126620943     
    1    1      0.0000000000      0.0000000000      0.0000000000

     Dynamical  Matrix in cartesian axes

     q = (    0.625000000  -0.375000000   0.875000000 ) 

    1    1
  0.02821362  0.00000000   -0.01659075  0.00000000    0.00752850  0.00000000
 -0.01659075  0.00000000    0.04100306  0.00000000   -0.00685129  0.00000000
  0.00752850  0.00000000   -0.00685129  0.00000000    0.03542680  0.00000000

     Dynamical  Matrix in cartesian axes

     q = (    0.625000000  -0.375000000  -0.875000000 ) 

    1    1
  0.02821362  0.00000000   -0.01659075  0.00000000   -0.00752850  0.00000000
 -0.01659075  0.00000000    0.04100306  0.00000000    0.00685129  0.00000000
 -0.00752850  0.00000000    0.00685129  0.00000000    0.03542680  0.00000000

     Dynamical  Matrix in cartesian axes

     q = (    0.875000000   0.375000000   0.625000000 ) 

    1    1
  0.03542680  0.00000000    0.00685129  0.00000000    0.00752850  0.00000000
  0.00685129  0.00000000    0.04100306  0.00000000    0.01659075  0.00000000
  0.00752850  0.00000000    0.01659075  0.00000000    0.02821362  0.00000000

     Dynamical  Matrix in cartesian axes

     q = (    0.625000000   0.375000000   0.875000000 ) 

    1    1
  0.02821362  0.00000000    0.01659075  0.00000000    0.00752850  0.00000000
  0.01659075  0.00000000    0.04100306  0.00000000    0.00685129  0.00000000
  0.00752850  0.00000000    0.00685129  0.00000000    0.03542680  0.00000000

     Dynamical  Matrix in cartesian axes

     q = (    0.875000000  -0.375000000  -0.625000000 ) 

    1    1
  0.03542680  0.00000000   -0.00685129  0.00000000   -0.00752850  0.00000000
 -0.00685129  0.00000000    0.04100306  0.00000000    0.01659075  0.00000000
 -0.00752850  0.00000000    0.01659075  0.00000000    0.02821362  0.00000000

     Dynamical  Matrix in cartesian axes

     q = (    0.875000000  -0.375000000   0.625000000 ) 

    1    1
  0.03542680  0.00000000   -0.00685129  0.00000000    0.00752850  0.00000000
 -0.00685129  0.00000000    0.04100306  0.00000000   -0.01659075  0.00000000
  0.00752850  0.00000000   -0.01659075  0.00000000    0.02821362  0.00000000

     Dynamical  Matrix in cartesian axes

     q = (   -0.875000000  -0.375000000   0.625000000 ) 

    1    1
  0.03542680  0.00000000    0.00685129  0.00000000   -0.00752850  0.00000000
  0.00685129  0.00000000    0.04100306  0.00000000   -0.01659075  0.00000000
 -0.00752850  0.00000000   -0.01659075  0.00000000    0.02821362  0.00000000

     Dynamical  Matrix in cartesian axes

     q = (   -0.625000000  -0.375000000  -0.875000000 ) 

    1    1
  0.02821362  0.00000000    0.01659075  0.00000000    0.00752850  0.00000000
  0.01659075  0.00000000    0.04100306  0.00000000    0.00685129  0.00000000
  0.00752850  0.00000000    0.00685129  0.00000000    0.03542680  0.00000000

     Dynamical  Matrix in cartesian axes

     q = (   -0.875000000   0.375000000  -0.625000000 ) 

    1    1
  0.03542680  0.00000000   -0.00685129  0.00000000    0.00752850  0.00000000
 -0.00685129  0.00000000    0.04100306  0.00000000   -0.01659075  0.00000000
  0.00752850  0.00000000   -0.01659075  0.00000000    0.02821362  0.00000000

     Dynamical  Matrix in cartesian axes

     q = (   -0.625000000  -0.375000000   0.875000000 ) 

    1    1
  0.02821362  0.00000000    0.01659075  0.00000000   -0.00752850  0.00000000
  0.01659075  0.00000000    0.04100306  0.00000000   -0.00685129  0.00000000
 -0.00752850  0.00000000   -0.00685129  0.00000000    0.03542680  0.00000000

     Dynamical  Matrix in cartesian axes

     q = (   -0.875000000   0.375000000   0.625000000 ) 

    1    1
  0.03542680  0.00000000   -0.00685129  0.00000000   -0.00752850  0.00000000
 -0.00685129  0.00000000    0.04100306  0.00000000    0.01659075  0.00000000
 -0.00752850  0.00000000    0.01659075  0.00000000    0.02821362  0.00000000

     Dynamical  Matrix in cartesian axes

     q = (    0.875000000   0.375000000  -0.625000000 ) 

    1    1
  0.03542680  0.00000000    0.00685129  0.00000000   -0.00752850  0.00000000
  0.00685129  0.00000000    0.04100306  0.00000000   -0.01659075  0.00000000
 -0.00752850  0.00000000   -0.01659075  0.00000000    0.02821362  0.00000000

     Dynamical  Matrix in cartesian axes

     q = (   -0.625000000   0.375000000   0.875000000 ) 

    1    1
  0.02821362  0.00000000   -0.01659075  0.00000000   -0.00752850  0.00000000
 -0.01659075  0.00000000    0.04100306  0.00000000    0.00685129  0.00000000
 -0.00752850  0.00000000    0.00685129  0.00000000    0.03542680  0.00000000

     Dynamical  Matrix in cartesian axes

     q = (   -0.875000000  -0.375000000  -0.625000000 ) 

    1    1
  0.03542680  0.00000000    0.00685129  0.00000000    0.00752850  0.00000000
  0.00685129  0.00000000    0.04100306  0.00000000    0.01659075  0.00000000
  0.00752850  0.00000000    0.01659075  0.00000000    0.02821362  0.00000000

     Dynamical  Matrix in cartesian axes

     q = (    0.625000000   0.375000000  -0.875000000 ) 

    1    1
  0.02821362  0.00000000    0.01659075  0.00000000   -0.00752850  0.00000000
  0.01659075  0.00000000    0.04100306  0.00000000   -0.00685129  0.00000000
 -0.00752850  0.00000000   -0.00685129  0.00000000    0.03542680  0.00000000

     Dynamical  Matrix in cartesian axes

     q = (   -0.625000000   0.375000000  -0.875000000 ) 

    1    1
  0.02821362  0.00000000   -0.01659075  0.00000000    0.00752850  0.00000000
 -0.01659075  0.00000000    0.04100306  0.00000000   -0.00685129  0.00000000
  0.00752850  0.00000000   -0.00685129  0.00000000    0.03542680  0.00000000

     Dynamical  Matrix in cartesian axes

     q = (   -0.375000000   0.875000000   0.625000000 ) 

    1    1
  0.04100306  0.00000000   -0.00685129  0.00000000   -0.01659075  0.00000000
 -0.00685129  0.00000000    0.03542680  0.00000000    0.00752850  0.00000000
 -0.01659075  0.00000000    0.00752850  0.00000000    0.02821362  0.00000000

     Dynamical  Matrix in cartesian axes

     q = (    0.375000000   0.875000000  -0.625000000 ) 

    1    1
  0.04100306  0.00000000    0.00685129  0.00000000   -0.01659075  0.00000000
  0.00685129  0.00000000    0.03542680  0.00000000   -0.00752850  0.00000000
 -0.01659075  0.00000000   -0.00752850  0.00000000    0.02821362  0.00000000

     Dynamical  Matrix in cartesian axes

     q = (   -0.375000000  -0.875000000  -0.625000000 ) 

    1    1
  0.04100306  0.00000000    0.00685129  0.00000000    0.01659075  0.00000000
  0.00685129  0.00000000    0.03542680  0.00000000    0.00752850  0.00000000
  0.01659075  0.00000000    0.00752850  0.00000000    0.02821362  0.00000000

     Dynamical  Matrix in cartesian axes

     q = (   -0.375000000   0.625000000  -0.875000000 ) 

    1    1
  0.04100306  0.00000000   -0.01659075  0.00000000    0.00685129  0.00000000
 -0.01659075  0.00000000    0.02821362  0.00000000   -0.00752850  0.00000000
  0.00685129  0.00000000   -0.00752850  0.00000000    0.03542680  0.00000000

     Dynamical  Matrix in cartesian axes

     q = (    0.875000000   0.625000000  -0.375000000 ) 

    1    1
  0.03542680  0.00000000    0.00752850  0.00000000   -0.00685129  0.00000000
  0.00752850  0.00000000    0.02821362  0.00000000   -0.01659075  0.00000000
 -0.00685129  0.00000000   -0.01659075  0.00000000    0.04100306  0.00000000

     Dynamical  Matrix in cartesian axes

     q = (   -0.375000000   0.875000000  -0.625000000 ) 

    1    1
  0.04100306  0.00000000   -0.00685129  0.00000000    0.01659075  0.00000000
 -0.00685129  0.00000000    0.03542680  0.00000000   -0.00752850  0.00000000
  0.01659075  0.00000000   -0.00752850  0.00000000    0.02821362  0.00000000

     Dynamical  Matrix in cartesian axes

     q = (   -0.875000000  -0.625000000  -0.375000000 ) 

    1    1
  0.03542680  0.00000000    0.00752850  0.00000000    0.00685129  0.00000000
  0.00752850  0.00000000    0.02821362  0.00000000    0.01659075  0.00000000
  0.00685129  0.00000000    0.01659075  0.00000000    0.04100306  0.00000000

     Dynamical  Matrix in cartesian axes

     q = (   -0.875000000   0.625000000   0.375000000 ) 

    1    1
  0.03542680  0.00000000   -0.00752850  0.00000000   -0.00685129  0.00000000
 -0.00752850  0.00000000    0.02821362  0.00000000    0.01659075  0.00000000
 -0.00685129  0.00000000    0.01659075  0.00000000    0.04100306  0.00000000

     Dynamical  Matrix in cartesian axes

     q = (    0.375000000  -0.625000000   0.875000000 ) 

    1    1
  0.04100306  0.00000000   -0.01659075  0.00000000    0.00685129  0.00000000
 -0.01659075  0.00000000    0.02821362  0.00000000   -0.00752850  0.00000000
  0.00685129  0.00000000   -0.00752850  0.00000000    0.03542680  0.00000000

     Dynamical  Matrix in cartesian axes

     q = (    0.375000000  -0.875000000   0.625000000 ) 

    1    1
  0.04100306  0.00000000   -0.00685129  0.00000000    0.01659075  0.00000000
 -0.00685129  0.00000000    0.03542680  0.00000000   -0.00752850  0.00000000
  0.01659075  0.00000000   -0.00752850  0.00000000    0.02821362  0.00000000

     Dynamical  Matrix in cartesian axes

     q = (    0.625000000  -0.875000000   0.375000000 ) 

    1    1
  0.02821362  0.00000000   -0.00752850  0.00000000    0.01659075  0.00000000
 -0.00752850  0.00000000    0.03542680  0.00000000   -0.00685129  0.00000000
  0.01659075  0.00000000   -0.00685129  0.00000000    0.04100306  0.00000000

     Dynamical  Matrix in cartesian axes

     q = (   -0.875000000   0.625000000  -0.375000000 ) 

    1    1
  0.03542680  0.00000000   -0.00752850  0.00000000    0.00685129  0.00000000
 -0.00752850  0.00000000    0.02821362  0.00000000   -0.01659075  0.00000000
  0.00685129  0.00000000   -0.01659075  0.00000000    0.04100306  0.00000000

     Dynamical  Matrix in cartesian axes

     q = (    0.375000000   0.625000000   0.875000000 ) 

    1    1
  0.04100306  0.00000000    0.01659075  0.00000000    0.00685129  0.00000000
  0.01659075  0.00000000    0.02821362  0.00000000    0.00752850  0.00000000
  0.00685129  0.00000000    0.00752850  0.00000000    0.03542680  0.00000000

     Dynamical  Matrix in cartesian axes

     q = (   -0.375000000   0.625000000   0.875000000 ) 

    1    1
  0.04100306  0.00000000   -0.01659075  0.00000000   -0.00685129  0.00000000
 -0.01659075  0.00000000    0.02821362  0.00000000    0.00752850  0.00000000
 -0.00685129  0.00000000    0.00752850  0.00000000    0.03542680  0.00000000

     Dynamical  Matrix in cartesian axes

     q = (    0.375000000   0.625000000  -0.875000000 ) 

    1    1
  0.04100306  0.00000000    0.01659075  0.00000000   -0.00685129  0.00000000
  0.01659075  0.00000000    0.02821362  0.00000000   -0.00752850  0.00000000
 -0.00685129  0.00000000   -0.00752850  0.00000000    0.03542680  0.00000000

     Dynamical  Matrix in cartesian axes

     q = (   -0.375000000  -0.625000000  -0.875000000 ) 

    1    1
  0.04100306  0.00000000    0.01659075  0.00000000    0.00685129  0.00000000
  0.01659075  0.00000000    0.02821362  0.00000000    0.00752850  0.00000000
  0.00685129  0.00000000    0.00752850  0.00000000    0.03542680  0.00000000

     Dynamical  Matrix in cartesian axes

     q = (   -0.625000000  -0.875000000   0.375000000 ) 

    1    1
  0.02821362  0.00000000    0.00752850  0.00000000   -0.01659075  0.00000000
  0.00752850  0.00000000    0.03542680  0.00000000   -0.00685129  0.00000000
 -0.01659075  0.00000000   -0.00685129  0.00000000    0.04100306  0.00000000

     Dynamical  Matrix in cartesian axes

     q = (   -0.375000000  -0.625000000   0.875000000 ) 

    1    1
  0.04100306  0.00000000    0.01659075  0.00000000   -0.00685129  0.00000000
  0.01659075  0.00000000    0.02821362  0.00000000   -0.00752850  0.00000000
 -0.00685129  0.00000000   -0.00752850  0.00000000    0.03542680  0.00000000

     Dynamical  Matrix in cartesian axes

     q = (    0.875000000  -0.625000000   0.375000000 ) 

    1    1
  0.03542680  0.00000000   -0.00752850  0.00000000    0.00685129  0.00000000
 -0.00752850  0.00000000    0.02821362  0.00000000   -0.01659075  0.00000000
  0.00685129  0.00000000   -0.01659075  0.00000000    0.04100306  0.00000000

     Dynamical  Matrix in cartesian axes

     q = (    0.625000000   0.875000000   0.375000000 ) 

    1    1
  0.02821362  0.00000000    0.00752850  0.00000000    0.01659075  0.00000000
  0.00752850  0.00000000    0.03542680  0.00000000    0.00685129  0.00000000
  0.01659075  0.00000000    0.00685129  0.00000000    0.04100306  0.00000000

     Dynamical  Matrix in cartesian axes

     q = (    0.375000000  -0.625000000  -0.875000000 ) 

    1    1
  0.04100306  0.00000000   -0.01659075  0.00000000   -0.00685129  0.00000000
 -0.01659075  0.00000000    0.02821362  0.00000000    0.00752850  0.00000000
 -0.00685129  0.00000000    0.00752850  0.00000000    0.03542680  0.00000000

     Dynamical  Matrix in cartesian axes

     q = (    0.625000000   0.875000000  -0.375000000 ) 

    1    1
  0.02821362  0.00000000    0.00752850  0.00000000   -0.01659075  0.00000000
  0.00752850  0.00000000    0.03542680  0.00000000   -0.00685129  0.00000000
 -0.01659075  0.00000000   -0.00685129  0.00000000    0.04100306  0.00000000

     Dynamical  Matrix in cartesian axes

     q = (   -0.625000000  -0.875000000  -0.375000000 ) 

    1    1
  0.02821362  0.00000000    0.00752850  0.00000000    0.01659075  0.00000000
  0.00752850  0.00000000    0.03542680  0.00000000    0.00685129  0.00000000
  0.01659075  0.00000000    0.00685129  0.00000000    0.04100306  0.00000000

     Dynamical  Matrix in cartesian axes

     q = (   -0.625000000   0.875000000  -0.375000000 ) 

    1    1
  0.02821362  0.00000000   -0.00752850  0.00000000    0.01659075  0.00000000
 -0.00752850  0.00000000    0.03542680  0.00000000   -0.00685129  0.00000000
  0.01659075  0.00000000   -0.00685129  0.00000000    0.04100306  0.00000000

     Dynamical  Matrix in cartesian axes

     q = (    0.375000000  -0.875000000  -0.625000000 ) 

    1    1
  0.04100306  0.00000000   -0.00685129  0.00000000   -0.01659075  0.00000000
 -0.00685129  0.00000000    0.03542680  0.00000000    0.00752850  0.00000000
 -0.01659075  0.00000000    0.00752850  0.00000000    0.02821362  0.00000000

     Dynamical  Matrix in cartesian axes

     q = (   -0.375000000  -0.875000000   0.625000000 ) 

    1    1
  0.04100306  0.00000000    0.00685129  0.00000000   -0.01659075  0.00000000
  0.00685129  0.00000000    0.03542680  0.00000000   -0.00752850  0.00000000
 -0.01659075  0.00000000   -0.00752850  0.00000000    0.02821362  0.00000000

     Dynamical  Matrix in cartesian axes

     q = (    0.375000000   0.875000000   0.625000000 ) 

    1    1
  0.04100306  0.00000000    0.00685129  0.00000000    0.01659075  0.00000000
  0.00685129  0.00000000    0.03542680  0.00000000    0.00752850  0.00000000
  0.01659075  0.00000000    0.00752850  0.00000000    0.02821362  0.00000000

     Dynamical  Matrix in cartesian axes

     q = (    0.625000000  -0.875000000  -0.375000000 ) 

    1    1
  0.02821362  0.00000000   -0.00752850  0.00000000   -0.01659075  0.00000000
 -0.00752850  0.00000000    0.03542680  0.00000000    0.00685129  0.00000000
 -0.01659075  0.00000000    0.00685129  0.00000000    0.04100306  0.00000000

     Dynamical  Matrix in cartesian axes

     q = (   -0.875000000  -0.625000000   0.375000000 ) 

    1    1
  0.03542680  0.00000000    0.00752850  0.00000000   -0.00685129  0.00000000
  0.00752850  0.00000000    0.02821362  0.00000000   -0.01659075  0.00000000
 -0.00685129  0.00000000   -0.01659075  0.00000000    0.04100306  0.00000000

     Dynamical  Matrix in cartesian axes

     q = (   -0.625000000   0.875000000   0.375000000 ) 

    1    1
  0.02821362  0.00000000   -0.00752850  0.00000000   -0.01659075  0.00000000
 -0.00752850  0.00000000    0.03542680  0.00000000    0.00685129  0.00000000
 -0.01659075  0.00000000    0.00685129  0.00000000    0.04100306  0.00000000

     Dynamical  Matrix in cartesian axes

     q = (    0.875000000   0.625000000   0.375000000 ) 

    1    1
  0.03542680  0.00000000    0.00752850  0.00000000    0.00685129  0.00000000
  0.00752850  0.00000000    0.02821362  0.00000000    0.01659075  0.00000000
  0.00685129  0.00000000    0.01659075  0.00000000    0.04100306  0.00000000

     Dynamical  Matrix in cartesian axes

     q = (    0.875000000  -0.625000000  -0.375000000 ) 

    1    1
  0.03542680  0.00000000   -0.00752850  0.00000000   -0.00685129  0.00000000
 -0.00752850  0.00000000    0.02821362  0.00000000    0.01659075  0.00000000
 -0.00685129  0.00000000    0.01659075  0.00000000    0.04100306  0.00000000

     Diagonalizing the dynamical matrix

     q = (    0.625000000  -0.375000000   0.875000000 ) 

 **************************************************************************
     freq (    1) =       2.918666 [THz] =      97.356219 [cm-1]
 (  0.837708  0.000000  0.527254  0.000000 -0.142298  0.000000 ) 
     freq (    2) =       4.012867 [THz] =     133.854823 [cm-1]
 ( -0.116886  0.000000  0.427626  0.000000  0.896367  0.000000 ) 
     freq (    3) =       5.424756 [THz] =     180.950391 [cm-1]
 (  0.533464  0.000000 -0.734261  0.000000  0.419854  0.000000 ) 
 **************************************************************************
