Dynamical matrix file
                                                                           
  1    1  3  7.4100000  0.0000000  0.0000000  0.0000000  0.0000000  0.0000000
           1  'Na  '    20954.103126620943     
    1    1      0.0000000000      0.0000000000      0.0000000000

     Dynamical  Matrix in cartesian axes

     q = (   -0.166666667   0.666666667  -0.500000000 ) 

    1    1
  0.02150197  0.00000000   -0.00061637  0.00000000   -0.00630652  0.00000000
 -0.00061637  0.00000000    0.02630192  0.00000000   -0.01890568  0.00000000
 -0.00630652  0.00000000   -0.01890568  0.00000000    0.02806097  0.00000000

     Dynamical  Matrix in cartesian axes

     q = (    0.666666667  -0.166666667  -0.500000000 ) 

    1    1
  0.02630192  0.00000000   -0.00061637  0.00000000   -0.01890568  0.00000000
 -0.00061637  0.00000000    0.02150197  0.00000000   -0.00630652  0.00000000
 -0.01890568  0.00000000   -0.00630652  0.00000000    0.02806097  0.00000000

     Dynamical  Matrix in cartesian axes

     q = (   -0.166666667   0.500000000  -0.666666667 ) 

    1    1
  0.02150197  0.00000000    0.00630652  0.00000000    0.00061637  0.00000000
  0.00630652  0.00000000    0.02806097  0.00000000   -0.01890568  0.00000000
  0.00061637  0.00000000   -0.01890568  0.00000000    0.02630192  0.00000000

     Dynamical  Matrix in cartesian axes

     q = (    0.166666667   0.500000000  -0.666666667 ) 

    1    1
  0.02150197  0.00000000   -0.00630652  0.00000000   -0.00061637  0.00000000
 -0.00630652  0.00000000    0.02806097  0.00000000   -0.01890568  0.00000000
 -0.00061637  0.00000000   -0.01890568  0.00000000    0.02630192  0.00000000

     Dynamical  Matrix in cartesian axes

     q = (   -0.166666667  -0.500000000   0.666666667 ) 

    1    1
  0.02150197  0.00000000   -0.00630652  0.00000000   -0.00061637  0.00000000
 -0.00630652  0.00000000    0.02806097  0.00000000   -0.01890568  0.00000000
 -0.00061637  0.00000000   -0.01890568  0.00000000    0.02630192  0.00000000

     Dynamical  Matrix in cartesian axes

     q = (    0.166666667  -0.500000000   0.666666667 ) 

    1    1
  0.02150197  0.00000000    0.00630652  0.00000000    0.00061637  0.00000000
  0.00630652  0.00000000    0.02806097  0.00000000   -0.01890568  0.00000000
  0.00061637  0.00000000   -0.01890568  0.00000000    0.02630192  0.00000000

     Dynamical  Matrix in cartesian axes

     q = (    0.166666667  -0.666666667   0.500000000 ) 

    1    1
  0.02150197  0.00000000   -0.00061637  0.00000000   -0.00630652  0.00000000
 -0.00061637  0.00000000    0.02630192  0.00000000   -0.01890568  0.00000000
 -0.00630652  0.00000000   -0.01890568  0.00000000    0.02806097  0.00000000

     Dynamical  Matrix in cartesian axes

     q = (   -0.166666667  -0.666666667   0.500000000 ) 

    1    1
  0.02150197  0.00000000    0.00061637  0.00000000    0.00630652  0.00000000
  0.00061637  0.00000000    0.02630192  0.00000000   -0.01890568  0.00000000
  0.00630652  0.00000000   -0.01890568  0.00000000    0.02806097  0.00000000

     Dynamical  Matrix in cartesian axes

     q = (   -0.500000000  -0.666666667  -0.166666667 ) 

    1    1
  0.02806097  0.00000000    0.01890568  0.00000000   -0.00630652  0.00000000
  0.01890568  0.00000000    0.02630192  0.00000000    0.00061637  0.00000000
 -0.00630652  0.00000000    0.00061637  0.00000000    0.02150197  0.00000000

     Dynamical  Matrix in cartesian axes

     q = (    0.500000000  -0.666666667   0.166666667 ) 

    1    1
  0.02806097  0.00000000   -0.01890568  0.00000000   -0.00630652  0.00000000
 -0.01890568  0.00000000    0.02630192  0.00000000   -0.00061637  0.00000000
 -0.00630652  0.00000000   -0.00061637  0.00000000    0.02150197  0.00000000

     Dynamical  Matrix in cartesian axes

     q = (   -0.500000000   0.666666667   0.166666667 ) 

    1    1
  0.02806097  0.00000000   -0.01890568  0.00000000    0.00630652  0.00000000
 -0.01890568  0.00000000    0.02630192  0.00000000    0.00061637  0.00000000
  0.00630652  0.00000000    0.00061637  0.00000000    0.02150197  0.00000000

     Dynamical  Matrix in cartesian axes

     q = (    0.500000000   0.666666667  -0.166666667 ) 

    1    1
  0.02806097  0.00000000    0.01890568  0.00000000    0.00630652  0.00000000
  0.01890568  0.00000000    0.02630192  0.00000000   -0.00061637  0.00000000
  0.00630652  0.00000000   -0.00061637  0.00000000    0.02150197  0.00000000

     Dynamical  Matrix in cartesian axes

     q = (    0.666666667  -0.166666667   0.500000000 ) 

    1    1
  0.02630192  0.00000000   -0.00061637  0.00000000    0.01890568  0.00000000
 -0.00061637  0.00000000    0.02150197  0.00000000    0.00630652  0.00000000
  0.01890568  0.00000000    0.00630652  0.00000000    0.02806097  0.00000000

     Dynamical  Matrix in cartesian axes

     q = (    0.666666667  -0.500000000  -0.166666667 ) 

    1    1
  0.02630192  0.00000000   -0.01890568  0.00000000   -0.00061637  0.00000000
 -0.01890568  0.00000000    0.02806097  0.00000000   -0.00630652  0.00000000
 -0.00061637  0.00000000   -0.00630652  0.00000000    0.02150197  0.00000000

     Dynamical  Matrix in cartesian axes

     q = (   -0.166666667  -0.500000000  -0.666666667 ) 

    1    1
  0.02150197  0.00000000   -0.00630652  0.00000000    0.00061637  0.00000000
 -0.00630652  0.00000000    0.02806097  0.00000000    0.01890568  0.00000000
  0.00061637  0.00000000    0.01890568  0.00000000    0.02630192  0.00000000

     Dynamical  Matrix in cartesian axes

     q = (   -0.166666667   0.500000000   0.666666667 ) 

    1    1
  0.02150197  0.00000000    0.00630652  0.00000000   -0.00061637  0.00000000
  0.00630652  0.00000000    0.02806097  0.00000000    0.01890568  0.00000000
 -0.00061637  0.00000000    0.01890568  0.00000000    0.02630192  0.00000000

     Dynamical  Matrix in cartesian axes

     q = (    0.666666667   0.166666667  -0.500000000 ) 

    1    1
  0.02630192  0.00000000    0.00061637  0.00000000   -0.01890568  0.00000000
  0.00061637  0.00000000    0.02150197  0.00000000    0.00630652  0.00000000
 -0.01890568  0.00000000    0.00630652  0.00000000    0.02806097  0.00000000

     Dynamical  Matrix in cartesian axes

     q = (    0.166666667   0.666666667  -0.500000000 ) 

    1    1
  0.02150197  0.00000000    0.00061637  0.00000000    0.00630652  0.00000000
  0.00061637  0.00000000    0.02630192  0.00000000   -0.01890568  0.00000000
  0.00630652  0.00000000   -0.01890568  0.00000000    0.02806097  0.00000000

     Dynamical  Matrix in cartesian axes

     q = (    0.666666667   0.500000000   0.166666667 ) 

    1    1
  0.02630192  0.00000000    0.01890568  0.00000000    0.00061637  0.00000000
  0.01890568  0.00000000    0.02806097  0.00000000   -0.00630652  0.00000000
  0.00061637  0.00000000   -0.00630652  0.00000000    0.02150197  0.00000000

     Dynamical  Matrix in cartesian axes

     q = (   -0.666666667   0.500000000  -0.166666667 ) 

    1    1
  0.02630192  0.00000000   -0.01890568  0.00000000    0.00061637  0.00000000
 -0.01890568  0.00000000    0.02806097  0.00000000    0.00630652  0.00000000
  0.00061637  0.00000000    0.00630652  0.00000000    0.02150197  0.00000000

     Dynamical  Matrix in cartesian axes

     q = (    0.500000000   0.166666667   0.666666667 ) 

    1    1
  0.02806097  0.00000000   -0.00630652  0.00000000    0.01890568  0.00000000
 -0.00630652  0.00000000    0.02150197  0.00000000    0.00061637  0.00000000
  0.01890568  0.00000000    0.00061637  0.00000000    0.02630192  0.00000000

     Dynamical  Matrix in cartesian axes

     q = (   -0.500000000   0.166666667  -0.666666667 ) 

    1    1
  0.02806097  0.00000000    0.00630652  0.00000000    0.01890568  0.00000000
  0.00630652  0.00000000    0.02150197  0.00000000   -0.00061637  0.00000000
  0.01890568  0.00000000   -0.00061637  0.00000000    0.02630192  0.00000000

     Dynamical  Matrix in cartesian axes

     q = (    0.500000000   0.666666667   0.166666667 ) 

    1    1
  0.02806097  0.00000000    0.01890568  0.00000000   -0.00630652  0.00000000
  0.01890568  0.00000000    0.02630192  0.00000000    0.00061637  0.00000000
 -0.00630652  0.00000000    0.00061637  0.00000000    0.02150197  0.00000000

     Dynamical  Matrix in cartesian axes

     q = (    0.500000000  -0.166666667  -0.666666667 ) 

    1    1
  0.02806097  0.00000000    0.00630652  0.00000000   -0.01890568  0.00000000
  0.00630652  0.00000000    0.02150197  0.00000000    0.00061637  0.00000000
 -0.01890568  0.00000000    0.00061637  0.00000000    0.02630192  0.00000000

     Dynamical  Matrix in cartesian axes

     q = (   -0.666666667   0.166666667   0.500000000 ) 

    1    1
  0.02630192  0.00000000   -0.00061637  0.00000000   -0.01890568  0.00000000
 -0.00061637  0.00000000    0.02150197  0.00000000   -0.00630652  0.00000000
 -0.01890568  0.00000000   -0.00630652  0.00000000    0.02806097  0.00000000

     Dynamical  Matrix in cartesian axes

     q = (   -0.166666667   0.666666667   0.500000000 ) 

    1    1
  0.02150197  0.00000000   -0.00061637  0.00000000    0.00630652  0.00000000
 -0.00061637  0.00000000    0.02630192  0.00000000    0.01890568  0.00000000
  0.00630652  0.00000000    0.01890568  0.00000000    0.02806097  0.00000000

     Dynamical  Matrix in cartesian axes

     q = (   -0.500000000  -0.166666667   0.666666667 ) 

    1    1
  0.02806097  0.00000000   -0.00630652  0.00000000   -0.01890568  0.00000000
 -0.00630652  0.00000000    0.02150197  0.00000000   -0.00061637  0.00000000
 -0.01890568  0.00000000   -0.00061637  0.00000000    0.02630192  0.00000000

     Dynamical  Matrix in cartesian axes

     q = (    0.166666667   0.666666667   0.500000000 ) 

    1    1
  0.02150197  0.00000000    0.00061637  0.00000000   -0.00630652  0.00000000
  0.00061637  0.00000000    0.02630192  0.00000000    0.01890568  0.00000000
 -0.00630652  0.00000000    0.01890568  0.00000000    0.02806097  0.00000000

     Dynamical  Matrix in cartesian axes

     q = (   -0.500000000   0.666666667  -0.166666667 ) 

    1    1
  0.02806097  0.00000000   -0.01890568  0.00000000   -0.00630652  0.00000000
 -0.01890568  0.00000000    0.02630192  0.00000000   -0.00061637  0.00000000
 -0.00630652  0.00000000   -0.00061637  0.00000000    0.02150197  0.00000000

     Dynamical  Matrix in cartesian axes

     q = (   -0.666666667  -0.166666667  -0.500000000 ) 

    1    1
  0.02630192  0.00000000    0.00061637  0.00000000    0.01890568  0.00000000
  0.00061637  0.00000000    0.02150197  0.00000000   -0.00630652  0.00000000
  0.01890568  0.00000000   -0.00630652  0.00000000    0.02806097  0.00000000

     Dynamical  Matrix in cartesian axes

     q = (   -0.666666667  -0.166666667   0.500000000 ) 

    1    1
  0.02630192  0.00000000    0.00061637  0.00000000   -0.01890568  0.00000000
  0.00061637  0.00000000    0.02150197  0.00000000    0.00630652  0.00000000
 -0.01890568  0.00000000    0.00630652  0.00000000    0.02806097  0.00000000

     Dynamical  Matrix in cartesian axes

     q = (    0.666666667   0.166666667   0.500000000 ) 

    1    1
  0.02630192  0.00000000    0.00061637  0.00000000    0.01890568  0.00000000
  0.00061637  0.00000000    0.02150197  0.00000000   -0.00630652  0.00000000
  0.01890568  0.00000000   -0.00630652  0.00000000    0.02806097  0.00000000

     Dynamical  Matrix in cartesian axes

     q = (    0.166666667  -0.666666667  -0.500000000 ) 

    1    1
  0.02150197  0.00000000   -0.00061637  0.00000000    0.00630652  0.00000000
 -0.00061637  0.00000000    0.02630192  0.00000000    0.01890568  0.00000000
  0.00630652  0.00000000    0.01890568  0.00000000    0.02806097  0.00000000

     Dynamical  Matrix in cartesian axes

     q = (   -0.666666667   0.166666667  -0.500000000 ) 

    1    1
  0.02630192  0.00000000   -0.00061637  0.00000000    0.01890568  0.00000000
 -0.00061637  0.00000000    0.02150197  0.00000000    0.00630652  0.00000000
  0.01890568  0.00000000    0.00630652  0.00000000    0.02806097  0.00000000

     Dynamical  Matrix in cartesian axes

     q = (    0.500000000  -0.666666667  -0.166666667 ) 

    1    1
  0.02806097  0.00000000   -0.01890568  0.00000000    0.00630652  0.00000000
 -0.01890568  0.00000000    0.02630192  0.00000000    0.00061637  0.00000000
  0.00630652  0.00000000    0.00061637  0.00000000    0.02150197  0.00000000

     Dynamical  Matrix in cartesian axes

     q = (   -0.500000000  -0.666666667   0.166666667 ) 

    1    1
  0.02806097  0.00000000    0.01890568  0.00000000    0.00630652  0.00000000
  0.01890568  0.00000000    0.02630192  0.00000000   -0.00061637  0.00000000
  0.00630652  0.00000000   -0.00061637  0.00000000    0.02150197  0.00000000

     Dynamical  Matrix in cartesian axes

     q = (   -0.166666667  -0.666666667  -0.500000000 ) 

    1    1
  0.02150197  0.00000000    0.00061637  0.00000000   -0.00630652  0.00000000
  0.00061637  0.00000000    0.02630192  0.00000000    0.01890568  0.00000000
 -0.00630652  0.00000000    0.01890568  0.00000000    0.02806097  0.00000000

     Dynamical  Matrix in cartesian axes

     q = (   -0.666666667  -0.500000000   0.166666667 ) 

    1    1
  0.02630192  0.00000000    0.01890568  0.00000000   -0.00061637  0.00000000
  0.01890568  0.00000000    0.02806097  0.00000000    0.00630652  0.00000000
 -0.00061637  0.00000000    0.00630652  0.00000000    0.02150197  0.00000000

     Dynamical  Matrix in cartesian axes

     q = (    0.166666667   0.500000000   0.666666667 ) 

    1    1
  0.02150197  0.00000000   -0.00630652  0.00000000    0.00061637  0.00000000
 -0.00630652  0.00000000    0.02806097  0.00000000    0.01890568  0.00000000
  0.00061637  0.00000000    0.01890568  0.00000000    0.02630192  0.00000000

     Dynamical  Matrix in cartesian axes

     q = (    0.166666667  -0.500000000  -0.666666667 ) 

    1    1
  0.02150197  0.00000000    0.00630652  0.00000000   -0.00061637  0.00000000
  0.00630652  0.00000000    0.02806097  0.00000000    0.01890568  0.00000000
 -0.00061637  0.00000000    0.01890568  0.00000000    0.02630192  0.00000000

     Dynamical  Matrix in cartesian axes

     q = (   -0.666666667   0.500000000   0.166666667 ) 

    1    1
  0.02630192  0.00000000   -0.01890568  0.00000000   -0.00061637  0.00000000
 -0.01890568  0.00000000    0.02806097  0.00000000   -0.00630652  0.00000000
 -0.00061637  0.00000000   -0.00630652  0.00000000    0.02150197  0.00000000

     Dynamical  Matrix in cartesian axes

     q = (    0.666666667   0.500000000  -0.166666667 ) 

    1    1
  0.02630192  0.00000000    0.01890568  0.00000000   -0.00061637  0.00000000
  0.01890568  0.00000000    0.02806097  0.00000000    0.00630652  0.00000000
 -0.00061637  0.00000000    0.00630652  0.00000000    0.02150197  0.00000000

     Dynamical  Matrix in cartesian axes

     q = (   -0.666666667  -0.500000000  -0.166666667 ) 

    1    1
  0.02630192  0.00000000    0.01890568  0.00000000    0.00061637  0.00000000
  0.01890568  0.00000000    0.02806097  0.00000000   -0.00630652  0.00000000
  0.00061637  0.00000000   -0.00630652  0.00000000    0.02150197  0.00000000

     Dynamical  Matrix in cartesian axes

     q = (    0.666666667  -0.500000000   0.166666667 ) 

    1    1
  0.02630192  0.00000000   -0.01890568  0.00000000    0.00061637  0.00000000
 -0.01890568  0.00000000    0.02806097  0.00000000    0.00630652  0.00000000
  0.00061637  0.00000000    0.00630652  0.00000000    0.02150197  0.00000000

     Dynamical  Matrix in cartesian axes

     q = (    0.500000000   0.166666667  -0.666666667 ) 

    1    1
  0.02806097  0.00000000   -0.00630652  0.00000000   -0.01890568  0.00000000
 -0.00630652  0.00000000    0.02150197  0.00000000   -0.00061637  0.00000000
 -0.01890568  0.00000000   -0.00061637  0.00000000    0.02630192  0.00000000

     Dynamical  Matrix in cartesian axes

     q = (    0.500000000  -0.166666667   0.666666667 ) 

    1    1
  0.02806097  0.00000000    0.00630652  0.00000000    0.01890568  0.00000000
  0.00630652  0.00000000    0.02150197  0.00000000   -0.00061637  0.00000000
  0.01890568  0.00000000   -0.00061637  0.00000000    0.02630192  0.00000000

     Dynamical  Matrix in cartesian axes

     q = (   -0.500000000  -0.166666667  -0.666666667 ) 

    1    1
  0.02806097  0.00000000   -0.00630652  0.00000000    0.01890568  0.00000000
 -0.00630652  0.00000000    0.02150197  0.00000000    0.00061637  0.00000000
  0.01890568  0.00000000    0.00061637  0.00000000    0.02630192  0.00000000

     Dynamical  Matrix in cartesian axes

     q = (   -0.500000000   0.166666667   0.666666667 ) 

    1    1
  0.02806097  0.00000000    0.00630652  0.00000000   -0.01890568  0.00000000
  0.00630652  0.00000000    0.02150197  0.00000000    0.00061637  0.00000000
 -0.01890568  0.00000000    0.00061637  0.00000000    0.02630192  0.00000000

     Diagonalizing the dynamical matrix

     q = (   -0.166666667   0.666666667  -0.500000000 ) 

 **************************************************************************
     freq (    1) =       1.854214 [THz] =      61.849910 [cm-1]
 (  0.315842 -0.000000  0.663041 -0.000000  0.678691  0.000000 ) 
     freq (    2) =       3.402081 [THz] =     113.481196 [cm-1]
 (  0.934333  0.000000 -0.341830  0.000000 -0.100862  0.000000 ) 
     freq (    3) =       4.916595 [THz] =     163.999941 [cm-1]
 ( -0.165121  0.000000 -0.665980  0.000000  0.727465  0.000000 ) 
 **************************************************************************
