Dynamical matrix file
                                                                           
  1    1  3  7.5964063  0.0000000  0.0000000  0.0000000  0.0000000  0.0000000
           1  'Na  '    20954.103126620943     
    1    1      0.0000000000      0.0000000000      0.0000000000

     Dynamical  Matrix in cartesian axes

     q = (   -0.125000000  -0.250000000   0.375000000 ) 

    1    1
  0.01677240  0.00000000    0.00215923  0.00000000   -0.00424346  0.00000000
  0.00215923  0.00000000    0.02274227  0.00000000   -0.01237347  0.00000000
 -0.00424346  0.00000000   -0.01237347  0.00000000    0.02188147  0.00000000

     Dynamical  Matrix in cartesian axes

     q = (   -0.250000000  -0.125000000   0.375000000 ) 

    1    1
  0.02274227  0.00000000    0.00215923  0.00000000   -0.01237347  0.00000000
  0.00215923  0.00000000    0.01677240  0.00000000   -0.00424346  0.00000000
 -0.01237347  0.00000000   -0.00424346  0.00000000    0.02188147  0.00000000

     Dynamical  Matrix in cartesian axes

     q = (   -0.125000000  -0.375000000   0.250000000 ) 

    1    1
  0.01677240  0.00000000    0.00424346  0.00000000   -0.00215923  0.00000000
  0.00424346  0.00000000    0.02188147  0.00000000   -0.01237347  0.00000000
 -0.00215923  0.00000000   -0.01237347  0.00000000    0.02274227  0.00000000

     Dynamical  Matrix in cartesian axes

     q = (    0.125000000  -0.375000000   0.250000000 ) 

    1    1
  0.01677240  0.00000000   -0.00424346  0.00000000    0.00215923  0.00000000
 -0.00424346  0.00000000    0.02188147  0.00000000   -0.01237347  0.00000000
  0.00215923  0.00000000   -0.01237347  0.00000000    0.02274227  0.00000000

     Dynamical  Matrix in cartesian axes

     q = (   -0.125000000   0.250000000  -0.375000000 ) 

    1    1
  0.01677240  0.00000000   -0.00215923  0.00000000    0.00424346  0.00000000
 -0.00215923  0.00000000    0.02274227  0.00000000   -0.01237347  0.00000000
  0.00424346  0.00000000   -0.01237347  0.00000000    0.02188147  0.00000000

     Dynamical  Matrix in cartesian axes

     q = (   -0.125000000   0.375000000  -0.250000000 ) 

    1    1
  0.01677240  0.00000000   -0.00424346  0.00000000    0.00215923  0.00000000
 -0.00424346  0.00000000    0.02188147  0.00000000   -0.01237347  0.00000000
  0.00215923  0.00000000   -0.01237347  0.00000000    0.02274227  0.00000000

     Dynamical  Matrix in cartesian axes

     q = (    0.125000000   0.250000000  -0.375000000 ) 

    1    1
  0.01677240  0.00000000    0.00215923  0.00000000   -0.00424346  0.00000000
  0.00215923  0.00000000    0.02274227  0.00000000   -0.01237347  0.00000000
 -0.00424346  0.00000000   -0.01237347  0.00000000    0.02188147  0.00000000

     Dynamical  Matrix in cartesian axes

     q = (    0.125000000   0.375000000  -0.250000000 ) 

    1    1
  0.01677240  0.00000000    0.00424346  0.00000000   -0.00215923  0.00000000
  0.00424346  0.00000000    0.02188147  0.00000000   -0.01237347  0.00000000
 -0.00215923  0.00000000   -0.01237347  0.00000000    0.02274227  0.00000000

     Dynamical  Matrix in cartesian axes

     q = (    0.250000000  -0.375000000  -0.125000000 ) 

    1    1
  0.02274227  0.00000000   -0.01237347  0.00000000   -0.00215923  0.00000000
 -0.01237347  0.00000000    0.02188147  0.00000000    0.00424346  0.00000000
 -0.00215923  0.00000000    0.00424346  0.00000000    0.01677240  0.00000000

     Dynamical  Matrix in cartesian axes

     q = (   -0.375000000   0.125000000  -0.250000000 ) 

    1    1
  0.02188147  0.00000000   -0.00424346  0.00000000    0.01237347  0.00000000
 -0.00424346  0.00000000    0.01677240  0.00000000   -0.00215923  0.00000000
  0.01237347  0.00000000   -0.00215923  0.00000000    0.02274227  0.00000000

     Dynamical  Matrix in cartesian axes

     q = (    0.375000000   0.125000000   0.250000000 ) 

    1    1
  0.02188147  0.00000000    0.00424346  0.00000000    0.01237347  0.00000000
  0.00424346  0.00000000    0.01677240  0.00000000    0.00215923  0.00000000
  0.01237347  0.00000000    0.00215923  0.00000000    0.02274227  0.00000000

     Dynamical  Matrix in cartesian axes

     q = (    0.250000000   0.125000000   0.375000000 ) 

    1    1
  0.02274227  0.00000000    0.00215923  0.00000000    0.01237347  0.00000000
  0.00215923  0.00000000    0.01677240  0.00000000    0.00424346  0.00000000
  0.01237347  0.00000000    0.00424346  0.00000000    0.02188147  0.00000000

     Dynamical  Matrix in cartesian axes

     q = (   -0.375000000  -0.125000000   0.250000000 ) 

    1    1
  0.02188147  0.00000000    0.00424346  0.00000000   -0.01237347  0.00000000
  0.00424346  0.00000000    0.01677240  0.00000000   -0.00215923  0.00000000
 -0.01237347  0.00000000   -0.00215923  0.00000000    0.02274227  0.00000000

     Dynamical  Matrix in cartesian axes

     q = (    0.375000000  -0.125000000  -0.250000000 ) 

    1    1
  0.02188147  0.00000000   -0.00424346  0.00000000   -0.01237347  0.00000000
 -0.00424346  0.00000000    0.01677240  0.00000000    0.00215923  0.00000000
 -0.01237347  0.00000000    0.00215923  0.00000000    0.02274227  0.00000000

     Dynamical  Matrix in cartesian axes

     q = (    0.125000000  -0.250000000  -0.375000000 ) 

    1    1
  0.01677240  0.00000000   -0.00215923  0.00000000   -0.00424346  0.00000000
 -0.00215923  0.00000000    0.02274227  0.00000000    0.01237347  0.00000000
 -0.00424346  0.00000000    0.01237347  0.00000000    0.02188147  0.00000000

     Dynamical  Matrix in cartesian axes

     q = (    0.250000000  -0.125000000  -0.375000000 ) 

    1    1
  0.02274227  0.00000000   -0.00215923  0.00000000   -0.01237347  0.00000000
 -0.00215923  0.00000000    0.01677240  0.00000000    0.00424346  0.00000000
 -0.01237347  0.00000000    0.00424346  0.00000000    0.02188147  0.00000000

     Dynamical  Matrix in cartesian axes

     q = (   -0.250000000   0.125000000  -0.375000000 ) 

    1    1
  0.02274227  0.00000000   -0.00215923  0.00000000    0.01237347  0.00000000
 -0.00215923  0.00000000    0.01677240  0.00000000   -0.00424346  0.00000000
  0.01237347  0.00000000   -0.00424346  0.00000000    0.02188147  0.00000000

     Dynamical  Matrix in cartesian axes

     q = (   -0.375000000  -0.250000000   0.125000000 ) 

    1    1
  0.02188147  0.00000000    0.01237347  0.00000000   -0.00424346  0.00000000
  0.01237347  0.00000000    0.02274227  0.00000000   -0.00215923  0.00000000
 -0.00424346  0.00000000   -0.00215923  0.00000000    0.01677240  0.00000000

     Dynamical  Matrix in cartesian axes

     q = (   -0.375000000   0.250000000  -0.125000000 ) 

    1    1
  0.02188147  0.00000000   -0.01237347  0.00000000    0.00424346  0.00000000
 -0.01237347  0.00000000    0.02274227  0.00000000   -0.00215923  0.00000000
  0.00424346  0.00000000   -0.00215923  0.00000000    0.01677240  0.00000000

     Dynamical  Matrix in cartesian axes

     q = (    0.375000000   0.250000000   0.125000000 ) 

    1    1
  0.02188147  0.00000000    0.01237347  0.00000000    0.00424346  0.00000000
  0.01237347  0.00000000    0.02274227  0.00000000    0.00215923  0.00000000
  0.00424346  0.00000000    0.00215923  0.00000000    0.01677240  0.00000000

     Dynamical  Matrix in cartesian axes

     q = (    0.250000000  -0.125000000   0.375000000 ) 

    1    1
  0.02274227  0.00000000   -0.00215923  0.00000000    0.01237347  0.00000000
 -0.00215923  0.00000000    0.01677240  0.00000000   -0.00424346  0.00000000
  0.01237347  0.00000000   -0.00424346  0.00000000    0.02188147  0.00000000

     Dynamical  Matrix in cartesian axes

     q = (   -0.250000000   0.375000000  -0.125000000 ) 

    1    1
  0.02274227  0.00000000   -0.01237347  0.00000000    0.00215923  0.00000000
 -0.01237347  0.00000000    0.02188147  0.00000000   -0.00424346  0.00000000
  0.00215923  0.00000000   -0.00424346  0.00000000    0.01677240  0.00000000

     Dynamical  Matrix in cartesian axes

     q = (    0.125000000  -0.375000000  -0.250000000 ) 

    1    1
  0.01677240  0.00000000   -0.00424346  0.00000000   -0.00215923  0.00000000
 -0.00424346  0.00000000    0.02188147  0.00000000    0.01237347  0.00000000
 -0.00215923  0.00000000    0.01237347  0.00000000    0.02274227  0.00000000

     Dynamical  Matrix in cartesian axes

     q = (    0.125000000   0.375000000   0.250000000 ) 

    1    1
  0.01677240  0.00000000    0.00424346  0.00000000    0.00215923  0.00000000
  0.00424346  0.00000000    0.02188147  0.00000000    0.01237347  0.00000000
  0.00215923  0.00000000    0.01237347  0.00000000    0.02274227  0.00000000

     Dynamical  Matrix in cartesian axes

     q = (    0.250000000   0.125000000  -0.375000000 ) 

    1    1
  0.02274227  0.00000000    0.00215923  0.00000000   -0.01237347  0.00000000
  0.00215923  0.00000000    0.01677240  0.00000000   -0.00424346  0.00000000
 -0.01237347  0.00000000   -0.00424346  0.00000000    0.02188147  0.00000000

     Dynamical  Matrix in cartesian axes

     q = (   -0.125000000  -0.250000000  -0.375000000 ) 

    1    1
  0.01677240  0.00000000    0.00215923  0.00000000    0.00424346  0.00000000
  0.00215923  0.00000000    0.02274227  0.00000000    0.01237347  0.00000000
  0.00424346  0.00000000    0.01237347  0.00000000    0.02188147  0.00000000

     Dynamical  Matrix in cartesian axes

     q = (   -0.250000000   0.125000000   0.375000000 ) 

    1    1
  0.02274227  0.00000000   -0.00215923  0.00000000   -0.01237347  0.00000000
 -0.00215923  0.00000000    0.01677240  0.00000000    0.00424346  0.00000000
 -0.01237347  0.00000000    0.00424346  0.00000000    0.02188147  0.00000000

     Dynamical  Matrix in cartesian axes

     q = (   -0.125000000   0.375000000   0.250000000 ) 

    1    1
  0.01677240  0.00000000   -0.00424346  0.00000000   -0.00215923  0.00000000
 -0.00424346  0.00000000    0.02188147  0.00000000    0.01237347  0.00000000
 -0.00215923  0.00000000    0.01237347  0.00000000    0.02274227  0.00000000

     Dynamical  Matrix in cartesian axes

     q = (   -0.125000000   0.250000000   0.375000000 ) 

    1    1
  0.01677240  0.00000000   -0.00215923  0.00000000   -0.00424346  0.00000000
 -0.00215923  0.00000000    0.02274227  0.00000000    0.01237347  0.00000000
 -0.00424346  0.00000000    0.01237347  0.00000000    0.02188147  0.00000000

     Dynamical  Matrix in cartesian axes

     q = (    0.125000000  -0.250000000   0.375000000 ) 

    1    1
  0.01677240  0.00000000   -0.00215923  0.00000000    0.00424346  0.00000000
 -0.00215923  0.00000000    0.02274227  0.00000000   -0.01237347  0.00000000
  0.00424346  0.00000000   -0.01237347  0.00000000    0.02188147  0.00000000

     Dynamical  Matrix in cartesian axes

     q = (   -0.125000000  -0.375000000  -0.250000000 ) 

    1    1
  0.01677240  0.00000000    0.00424346  0.00000000    0.00215923  0.00000000
  0.00424346  0.00000000    0.02188147  0.00000000    0.01237347  0.00000000
  0.00215923  0.00000000    0.01237347  0.00000000    0.02274227  0.00000000

     Dynamical  Matrix in cartesian axes

     q = (    0.125000000   0.250000000   0.375000000 ) 

    1    1
  0.01677240  0.00000000    0.00215923  0.00000000    0.00424346  0.00000000
  0.00215923  0.00000000    0.02274227  0.00000000    0.01237347  0.00000000
  0.00424346  0.00000000    0.01237347  0.00000000    0.02188147  0.00000000

     Dynamical  Matrix in cartesian axes

     q = (    0.375000000  -0.250000000  -0.125000000 ) 

    1    1
  0.02188147  0.00000000   -0.01237347  0.00000000   -0.00424346  0.00000000
 -0.01237347  0.00000000    0.02274227  0.00000000    0.00215923  0.00000000
 -0.00424346  0.00000000    0.00215923  0.00000000    0.01677240  0.00000000

     Dynamical  Matrix in cartesian axes

     q = (    0.250000000   0.375000000   0.125000000 ) 

    1    1
  0.02274227  0.00000000    0.01237347  0.00000000    0.00215923  0.00000000
  0.01237347  0.00000000    0.02188147  0.00000000    0.00424346  0.00000000
  0.00215923  0.00000000    0.00424346  0.00000000    0.01677240  0.00000000

     Dynamical  Matrix in cartesian axes

     q = (   -0.250000000  -0.375000000   0.125000000 ) 

    1    1
  0.02274227  0.00000000    0.01237347  0.00000000   -0.00215923  0.00000000
  0.01237347  0.00000000    0.02188147  0.00000000   -0.00424346  0.00000000
 -0.00215923  0.00000000   -0.00424346  0.00000000    0.01677240  0.00000000

     Dynamical  Matrix in cartesian axes

     q = (    0.375000000   0.250000000  -0.125000000 ) 

    1    1
  0.02188147  0.00000000    0.01237347  0.00000000   -0.00424346  0.00000000
  0.01237347  0.00000000    0.02274227  0.00000000   -0.00215923  0.00000000
 -0.00424346  0.00000000   -0.00215923  0.00000000    0.01677240  0.00000000

     Dynamical  Matrix in cartesian axes

     q = (   -0.375000000   0.250000000   0.125000000 ) 

    1    1
  0.02188147  0.00000000   -0.01237347  0.00000000   -0.00424346  0.00000000
 -0.01237347  0.00000000    0.02274227  0.00000000    0.00215923  0.00000000
 -0.00424346  0.00000000    0.00215923  0.00000000    0.01677240  0.00000000

     Dynamical  Matrix in cartesian axes

     q = (    0.375000000  -0.250000000   0.125000000 ) 

    1    1
  0.02188147  0.00000000   -0.01237347  0.00000000    0.00424346  0.00000000
 -0.01237347  0.00000000    0.02274227  0.00000000   -0.00215923  0.00000000
  0.00424346  0.00000000   -0.00215923  0.00000000    0.01677240  0.00000000

     Dynamical  Matrix in cartesian axes

     q = (   -0.375000000  -0.250000000  -0.125000000 ) 

    1    1
  0.02188147  0.00000000    0.01237347  0.00000000    0.00424346  0.00000000
  0.01237347  0.00000000    0.02274227  0.00000000    0.00215923  0.00000000
  0.00424346  0.00000000    0.00215923  0.00000000    0.01677240  0.00000000

     Dynamical  Matrix in cartesian axes

     q = (   -0.250000000  -0.125000000  -0.375000000 ) 

    1    1
  0.02274227  0.00000000    0.00215923  0.00000000    0.01237347  0.00000000
  0.00215923  0.00000000    0.01677240  0.00000000    0.00424346  0.00000000
  0.01237347  0.00000000    0.00424346  0.00000000    0.02188147  0.00000000

     Dynamical  Matrix in cartesian axes

     q = (    0.250000000  -0.375000000   0.125000000 ) 

    1    1
  0.02274227  0.00000000   -0.01237347  0.00000000    0.00215923  0.00000000
 -0.01237347  0.00000000    0.02188147  0.00000000   -0.00424346  0.00000000
  0.00215923  0.00000000   -0.00424346  0.00000000    0.01677240  0.00000000

     Dynamical  Matrix in cartesian axes

     q = (   -0.250000000  -0.375000000  -0.125000000 ) 

    1    1
  0.02274227  0.00000000    0.01237347  0.00000000    0.00215923  0.00000000
  0.01237347  0.00000000    0.02188147  0.00000000    0.00424346  0.00000000
  0.00215923  0.00000000    0.00424346  0.00000000    0.01677240  0.00000000

     Dynamical  Matrix in cartesian axes

     q = (    0.250000000   0.375000000  -0.125000000 ) 

    1    1
  0.02274227  0.00000000    0.01237347  0.00000000   -0.00215923  0.00000000
  0.01237347  0.00000000    0.02188147  0.00000000   -0.00424346  0.00000000
 -0.00215923  0.00000000   -0.00424346  0.00000000    0.01677240  0.00000000

     Dynamical  Matrix in cartesian axes

     q = (   -0.250000000   0.375000000   0.125000000 ) 

    1    1
  0.02274227  0.00000000   -0.01237347  0.00000000   -0.00215923  0.00000000
 -0.01237347  0.00000000    0.02188147  0.00000000    0.00424346  0.00000000
 -0.00215923  0.00000000    0.00424346  0.00000000    0.01677240  0.00000000

     Dynamical  Matrix in cartesian axes

     q = (   -0.375000000   0.125000000   0.250000000 ) 

    1    1
  0.02188147  0.00000000   -0.00424346  0.00000000   -0.01237347  0.00000000
 -0.00424346  0.00000000    0.01677240  0.00000000    0.00215923  0.00000000
 -0.01237347  0.00000000    0.00215923  0.00000000    0.02274227  0.00000000

     Dynamical  Matrix in cartesian axes

     q = (   -0.375000000  -0.125000000  -0.250000000 ) 

    1    1
  0.02188147  0.00000000    0.00424346  0.00000000    0.01237347  0.00000000
  0.00424346  0.00000000    0.01677240  0.00000000    0.00215923  0.00000000
  0.01237347  0.00000000    0.00215923  0.00000000    0.02274227  0.00000000

     Dynamical  Matrix in cartesian axes

     q = (    0.375000000  -0.125000000   0.250000000 ) 

    1    1
  0.02188147  0.00000000   -0.00424346  0.00000000    0.01237347  0.00000000
 -0.00424346  0.00000000    0.01677240  0.00000000   -0.00215923  0.00000000
  0.01237347  0.00000000   -0.00215923  0.00000000    0.02274227  0.00000000

     Dynamical  Matrix in cartesian axes

     q = (    0.375000000   0.125000000  -0.250000000 ) 

    1    1
  0.02188147  0.00000000    0.00424346  0.00000000   -0.01237347  0.00000000
  0.00424346  0.00000000    0.01677240  0.00000000   -0.00215923  0.00000000
 -0.01237347  0.00000000   -0.00215923  0.00000000    0.02274227  0.00000000

     Diagonalizing the dynamical matrix

     q = (   -0.125000000  -0.250000000   0.375000000 ) 

 **************************************************************************
     freq (    1) =       2.221560 [THz] =      74.103264 [cm-1]
 (  0.235104 -0.000000  0.644321 -0.000000  0.727720  0.000000 ) 
     freq (    2) =       2.881592 [THz] =      96.119578 [cm-1]
 (  0.943959  0.000000 -0.329807  0.000000 -0.012954  0.000000 ) 
     freq (    3) =       4.298021 [THz] =     143.366534 [cm-1]
 ( -0.231661  0.000000 -0.689984  0.000000  0.685752  0.000000 ) 
 **************************************************************************
