Dynamical matrix file
                                                                           
  1    1  3  7.5964063  0.0000000  0.0000000  0.0000000  0.0000000  0.0000000
           1  'Na  '    20954.103126620943     
    1    1      0.0000000000      0.0000000000      0.0000000000

     Dynamical  Matrix in cartesian axes

     q = (   -0.125000000   0.625000000  -0.500000000 ) 

    1    1
  0.02364151  0.00000000    0.00118471  0.00000000   -0.00492601  0.00000000
  0.00118471  0.00000000    0.02877686  0.00000000   -0.01722491  0.00000000
 -0.00492601  0.00000000   -0.01722491  0.00000000    0.02920850  0.00000000

     Dynamical  Matrix in cartesian axes

     q = (    0.625000000  -0.125000000  -0.500000000 ) 

    1    1
  0.02877686  0.00000000    0.00118471  0.00000000   -0.01722491  0.00000000
  0.00118471  0.00000000    0.02364151  0.00000000   -0.00492601  0.00000000
 -0.01722491  0.00000000   -0.00492601  0.00000000    0.02920850  0.00000000

     Dynamical  Matrix in cartesian axes

     q = (   -0.125000000   0.500000000  -0.625000000 ) 

    1    1
  0.02364151  0.00000000    0.00492601  0.00000000   -0.00118471  0.00000000
  0.00492601  0.00000000    0.02920850  0.00000000   -0.01722491  0.00000000
 -0.00118471  0.00000000   -0.01722491  0.00000000    0.02877686  0.00000000

     Dynamical  Matrix in cartesian axes

     q = (    0.125000000   0.500000000  -0.625000000 ) 

    1    1
  0.02364151  0.00000000   -0.00492601  0.00000000    0.00118471  0.00000000
 -0.00492601  0.00000000    0.02920850  0.00000000   -0.01722491  0.00000000
  0.00118471  0.00000000   -0.01722491  0.00000000    0.02877686  0.00000000

     Dynamical  Matrix in cartesian axes

     q = (   -0.125000000  -0.625000000   0.500000000 ) 

    1    1
  0.02364151  0.00000000   -0.00118471  0.00000000    0.00492601  0.00000000
 -0.00118471  0.00000000    0.02877686  0.00000000   -0.01722491  0.00000000
  0.00492601  0.00000000   -0.01722491  0.00000000    0.02920850  0.00000000

     Dynamical  Matrix in cartesian axes

     q = (   -0.125000000  -0.500000000   0.625000000 ) 

    1    1
  0.02364151  0.00000000   -0.00492601  0.00000000    0.00118471  0.00000000
 -0.00492601  0.00000000    0.02920850  0.00000000   -0.01722491  0.00000000
  0.00118471  0.00000000   -0.01722491  0.00000000    0.02877686  0.00000000

     Dynamical  Matrix in cartesian axes

     q = (    0.125000000  -0.625000000   0.500000000 ) 

    1    1
  0.02364151  0.00000000    0.00118471  0.00000000   -0.00492601  0.00000000
  0.00118471  0.00000000    0.02877686  0.00000000   -0.01722491  0.00000000
 -0.00492601  0.00000000   -0.01722491  0.00000000    0.02920850  0.00000000

     Dynamical  Matrix in cartesian axes

     q = (    0.125000000  -0.500000000   0.625000000 ) 

    1    1
  0.02364151  0.00000000    0.00492601  0.00000000   -0.00118471  0.00000000
  0.00492601  0.00000000    0.02920850  0.00000000   -0.01722491  0.00000000
 -0.00118471  0.00000000   -0.01722491  0.00000000    0.02877686  0.00000000

     Dynamical  Matrix in cartesian axes

     q = (   -0.625000000   0.500000000  -0.125000000 ) 

    1    1
  0.02877686  0.00000000   -0.01722491  0.00000000   -0.00118471  0.00000000
 -0.01722491  0.00000000    0.02920850  0.00000000    0.00492601  0.00000000
 -0.00118471  0.00000000    0.00492601  0.00000000    0.02364151  0.00000000

     Dynamical  Matrix in cartesian axes

     q = (    0.500000000   0.125000000   0.625000000 ) 

    1    1
  0.02920850  0.00000000   -0.00492601  0.00000000    0.01722491  0.00000000
 -0.00492601  0.00000000    0.02364151  0.00000000   -0.00118471  0.00000000
  0.01722491  0.00000000   -0.00118471  0.00000000    0.02877686  0.00000000

     Dynamical  Matrix in cartesian axes

     q = (   -0.500000000   0.125000000  -0.625000000 ) 

    1    1
  0.02920850  0.00000000    0.00492601  0.00000000    0.01722491  0.00000000
  0.00492601  0.00000000    0.02364151  0.00000000    0.00118471  0.00000000
  0.01722491  0.00000000    0.00118471  0.00000000    0.02877686  0.00000000

     Dynamical  Matrix in cartesian axes

     q = (   -0.625000000   0.125000000  -0.500000000 ) 

    1    1
  0.02877686  0.00000000    0.00118471  0.00000000    0.01722491  0.00000000
  0.00118471  0.00000000    0.02364151  0.00000000    0.00492601  0.00000000
  0.01722491  0.00000000    0.00492601  0.00000000    0.02920850  0.00000000

     Dynamical  Matrix in cartesian axes

     q = (    0.500000000  -0.125000000  -0.625000000 ) 

    1    1
  0.02920850  0.00000000    0.00492601  0.00000000   -0.01722491  0.00000000
  0.00492601  0.00000000    0.02364151  0.00000000   -0.00118471  0.00000000
 -0.01722491  0.00000000   -0.00118471  0.00000000    0.02877686  0.00000000

     Dynamical  Matrix in cartesian axes

     q = (   -0.500000000  -0.125000000   0.625000000 ) 

    1    1
  0.02920850  0.00000000   -0.00492601  0.00000000   -0.01722491  0.00000000
 -0.00492601  0.00000000    0.02364151  0.00000000    0.00118471  0.00000000
 -0.01722491  0.00000000    0.00118471  0.00000000    0.02877686  0.00000000

     Dynamical  Matrix in cartesian axes

     q = (    0.125000000   0.625000000   0.500000000 ) 

    1    1
  0.02364151  0.00000000   -0.00118471  0.00000000   -0.00492601  0.00000000
 -0.00118471  0.00000000    0.02877686  0.00000000    0.01722491  0.00000000
 -0.00492601  0.00000000    0.01722491  0.00000000    0.02920850  0.00000000

     Dynamical  Matrix in cartesian axes

     q = (   -0.625000000  -0.125000000   0.500000000 ) 

    1    1
  0.02877686  0.00000000   -0.00118471  0.00000000   -0.01722491  0.00000000
 -0.00118471  0.00000000    0.02364151  0.00000000    0.00492601  0.00000000
 -0.01722491  0.00000000    0.00492601  0.00000000    0.02920850  0.00000000

     Dynamical  Matrix in cartesian axes

     q = (    0.625000000   0.125000000   0.500000000 ) 

    1    1
  0.02877686  0.00000000   -0.00118471  0.00000000    0.01722491  0.00000000
 -0.00118471  0.00000000    0.02364151  0.00000000   -0.00492601  0.00000000
  0.01722491  0.00000000   -0.00492601  0.00000000    0.02920850  0.00000000

     Dynamical  Matrix in cartesian axes

     q = (    0.500000000   0.625000000   0.125000000 ) 

    1    1
  0.02920850  0.00000000    0.01722491  0.00000000   -0.00492601  0.00000000
  0.01722491  0.00000000    0.02877686  0.00000000   -0.00118471  0.00000000
 -0.00492601  0.00000000   -0.00118471  0.00000000    0.02364151  0.00000000

     Dynamical  Matrix in cartesian axes

     q = (    0.500000000  -0.625000000  -0.125000000 ) 

    1    1
  0.02920850  0.00000000   -0.01722491  0.00000000    0.00492601  0.00000000
 -0.01722491  0.00000000    0.02877686  0.00000000   -0.00118471  0.00000000
  0.00492601  0.00000000   -0.00118471  0.00000000    0.02364151  0.00000000

     Dynamical  Matrix in cartesian axes

     q = (   -0.500000000  -0.625000000   0.125000000 ) 

    1    1
  0.02920850  0.00000000    0.01722491  0.00000000    0.00492601  0.00000000
  0.01722491  0.00000000    0.02877686  0.00000000    0.00118471  0.00000000
  0.00492601  0.00000000    0.00118471  0.00000000    0.02364151  0.00000000

     Dynamical  Matrix in cartesian axes

     q = (   -0.625000000  -0.125000000  -0.500000000 ) 

    1    1
  0.02877686  0.00000000   -0.00118471  0.00000000    0.01722491  0.00000000
 -0.00118471  0.00000000    0.02364151  0.00000000   -0.00492601  0.00000000
  0.01722491  0.00000000   -0.00492601  0.00000000    0.02920850  0.00000000

     Dynamical  Matrix in cartesian axes

     q = (    0.625000000  -0.500000000  -0.125000000 ) 

    1    1
  0.02877686  0.00000000   -0.01722491  0.00000000    0.00118471  0.00000000
 -0.01722491  0.00000000    0.02920850  0.00000000   -0.00492601  0.00000000
  0.00118471  0.00000000   -0.00492601  0.00000000    0.02364151  0.00000000

     Dynamical  Matrix in cartesian axes

     q = (    0.125000000   0.500000000   0.625000000 ) 

    1    1
  0.02364151  0.00000000   -0.00492601  0.00000000   -0.00118471  0.00000000
 -0.00492601  0.00000000    0.02920850  0.00000000    0.01722491  0.00000000
 -0.00118471  0.00000000    0.01722491  0.00000000    0.02877686  0.00000000

     Dynamical  Matrix in cartesian axes

     q = (    0.125000000  -0.500000000  -0.625000000 ) 

    1    1
  0.02364151  0.00000000    0.00492601  0.00000000    0.00118471  0.00000000
  0.00492601  0.00000000    0.02920850  0.00000000    0.01722491  0.00000000
  0.00118471  0.00000000    0.01722491  0.00000000    0.02877686  0.00000000

     Dynamical  Matrix in cartesian axes

     q = (   -0.625000000   0.125000000   0.500000000 ) 

    1    1
  0.02877686  0.00000000    0.00118471  0.00000000   -0.01722491  0.00000000
  0.00118471  0.00000000    0.02364151  0.00000000   -0.00492601  0.00000000
 -0.01722491  0.00000000   -0.00492601  0.00000000    0.02920850  0.00000000

     Dynamical  Matrix in cartesian axes

     q = (   -0.125000000   0.625000000   0.500000000 ) 

    1    1
  0.02364151  0.00000000    0.00118471  0.00000000    0.00492601  0.00000000
  0.00118471  0.00000000    0.02877686  0.00000000    0.01722491  0.00000000
  0.00492601  0.00000000    0.01722491  0.00000000    0.02920850  0.00000000

     Dynamical  Matrix in cartesian axes

     q = (    0.625000000   0.125000000  -0.500000000 ) 

    1    1
  0.02877686  0.00000000   -0.00118471  0.00000000   -0.01722491  0.00000000
 -0.00118471  0.00000000    0.02364151  0.00000000    0.00492601  0.00000000
 -0.01722491  0.00000000    0.00492601  0.00000000    0.02920850  0.00000000

     Dynamical  Matrix in cartesian axes

     q = (   -0.125000000  -0.500000000  -0.625000000 ) 

    1    1
  0.02364151  0.00000000   -0.00492601  0.00000000   -0.00118471  0.00000000
 -0.00492601  0.00000000    0.02920850  0.00000000    0.01722491  0.00000000
 -0.00118471  0.00000000    0.01722491  0.00000000    0.02877686  0.00000000

     Dynamical  Matrix in cartesian axes

     q = (   -0.125000000  -0.625000000  -0.500000000 ) 

    1    1
  0.02364151  0.00000000   -0.00118471  0.00000000   -0.00492601  0.00000000
 -0.00118471  0.00000000    0.02877686  0.00000000    0.01722491  0.00000000
 -0.00492601  0.00000000    0.01722491  0.00000000    0.02920850  0.00000000

     Dynamical  Matrix in cartesian axes

     q = (    0.125000000   0.625000000  -0.500000000 ) 

    1    1
  0.02364151  0.00000000   -0.00118471  0.00000000    0.00492601  0.00000000
 -0.00118471  0.00000000    0.02877686  0.00000000   -0.01722491  0.00000000
  0.00492601  0.00000000   -0.01722491  0.00000000    0.02920850  0.00000000

     Dynamical  Matrix in cartesian axes

     q = (   -0.125000000   0.500000000   0.625000000 ) 

    1    1
  0.02364151  0.00000000    0.00492601  0.00000000    0.00118471  0.00000000
  0.00492601  0.00000000    0.02920850  0.00000000    0.01722491  0.00000000
  0.00118471  0.00000000    0.01722491  0.00000000    0.02877686  0.00000000

     Dynamical  Matrix in cartesian axes

     q = (    0.125000000  -0.625000000  -0.500000000 ) 

    1    1
  0.02364151  0.00000000    0.00118471  0.00000000    0.00492601  0.00000000
  0.00118471  0.00000000    0.02877686  0.00000000    0.01722491  0.00000000
  0.00492601  0.00000000    0.01722491  0.00000000    0.02920850  0.00000000

     Dynamical  Matrix in cartesian axes

     q = (   -0.500000000   0.625000000  -0.125000000 ) 

    1    1
  0.02920850  0.00000000   -0.01722491  0.00000000   -0.00492601  0.00000000
 -0.01722491  0.00000000    0.02877686  0.00000000    0.00118471  0.00000000
 -0.00492601  0.00000000    0.00118471  0.00000000    0.02364151  0.00000000

     Dynamical  Matrix in cartesian axes

     q = (   -0.625000000  -0.500000000   0.125000000 ) 

    1    1
  0.02877686  0.00000000    0.01722491  0.00000000    0.00118471  0.00000000
  0.01722491  0.00000000    0.02920850  0.00000000    0.00492601  0.00000000
  0.00118471  0.00000000    0.00492601  0.00000000    0.02364151  0.00000000

     Dynamical  Matrix in cartesian axes

     q = (    0.625000000   0.500000000   0.125000000 ) 

    1    1
  0.02877686  0.00000000    0.01722491  0.00000000   -0.00118471  0.00000000
  0.01722491  0.00000000    0.02920850  0.00000000   -0.00492601  0.00000000
 -0.00118471  0.00000000   -0.00492601  0.00000000    0.02364151  0.00000000

     Dynamical  Matrix in cartesian axes

     q = (   -0.500000000  -0.625000000  -0.125000000 ) 

    1    1
  0.02920850  0.00000000    0.01722491  0.00000000   -0.00492601  0.00000000
  0.01722491  0.00000000    0.02877686  0.00000000   -0.00118471  0.00000000
 -0.00492601  0.00000000   -0.00118471  0.00000000    0.02364151  0.00000000

     Dynamical  Matrix in cartesian axes

     q = (    0.500000000  -0.625000000   0.125000000 ) 

    1    1
  0.02920850  0.00000000   -0.01722491  0.00000000   -0.00492601  0.00000000
 -0.01722491  0.00000000    0.02877686  0.00000000    0.00118471  0.00000000
 -0.00492601  0.00000000    0.00118471  0.00000000    0.02364151  0.00000000

     Dynamical  Matrix in cartesian axes

     q = (   -0.500000000   0.625000000   0.125000000 ) 

    1    1
  0.02920850  0.00000000   -0.01722491  0.00000000    0.00492601  0.00000000
 -0.01722491  0.00000000    0.02877686  0.00000000   -0.00118471  0.00000000
  0.00492601  0.00000000   -0.00118471  0.00000000    0.02364151  0.00000000

     Dynamical  Matrix in cartesian axes

     q = (    0.500000000   0.625000000  -0.125000000 ) 

    1    1
  0.02920850  0.00000000    0.01722491  0.00000000    0.00492601  0.00000000
  0.01722491  0.00000000    0.02877686  0.00000000    0.00118471  0.00000000
  0.00492601  0.00000000    0.00118471  0.00000000    0.02364151  0.00000000

     Dynamical  Matrix in cartesian axes

     q = (    0.625000000  -0.125000000   0.500000000 ) 

    1    1
  0.02877686  0.00000000    0.00118471  0.00000000    0.01722491  0.00000000
  0.00118471  0.00000000    0.02364151  0.00000000    0.00492601  0.00000000
  0.01722491  0.00000000    0.00492601  0.00000000    0.02920850  0.00000000

     Dynamical  Matrix in cartesian axes

     q = (   -0.625000000   0.500000000   0.125000000 ) 

    1    1
  0.02877686  0.00000000   -0.01722491  0.00000000    0.00118471  0.00000000
 -0.01722491  0.00000000    0.02920850  0.00000000   -0.00492601  0.00000000
  0.00118471  0.00000000   -0.00492601  0.00000000    0.02364151  0.00000000

     Dynamical  Matrix in cartesian axes

     q = (    0.625000000   0.500000000  -0.125000000 ) 

    1    1
  0.02877686  0.00000000    0.01722491  0.00000000    0.00118471  0.00000000
  0.01722491  0.00000000    0.02920850  0.00000000    0.00492601  0.00000000
  0.00118471  0.00000000    0.00492601  0.00000000    0.02364151  0.00000000

     Dynamical  Matrix in cartesian axes

     q = (   -0.625000000  -0.500000000  -0.125000000 ) 

    1    1
  0.02877686  0.00000000    0.01722491  0.00000000   -0.00118471  0.00000000
  0.01722491  0.00000000    0.02920850  0.00000000   -0.00492601  0.00000000
 -0.00118471  0.00000000   -0.00492601  0.00000000    0.02364151  0.00000000

     Dynamical  Matrix in cartesian axes

     q = (    0.625000000  -0.500000000   0.125000000 ) 

    1    1
  0.02877686  0.00000000   -0.01722491  0.00000000   -0.00118471  0.00000000
 -0.01722491  0.00000000    0.02920850  0.00000000    0.00492601  0.00000000
 -0.00118471  0.00000000    0.00492601  0.00000000    0.02364151  0.00000000

     Dynamical  Matrix in cartesian axes

     q = (    0.500000000   0.125000000  -0.625000000 ) 

    1    1
  0.02920850  0.00000000   -0.00492601  0.00000000   -0.01722491  0.00000000
 -0.00492601  0.00000000    0.02364151  0.00000000    0.00118471  0.00000000
 -0.01722491  0.00000000    0.00118471  0.00000000    0.02877686  0.00000000

     Dynamical  Matrix in cartesian axes

     q = (    0.500000000  -0.125000000   0.625000000 ) 

    1    1
  0.02920850  0.00000000    0.00492601  0.00000000    0.01722491  0.00000000
  0.00492601  0.00000000    0.02364151  0.00000000    0.00118471  0.00000000
  0.01722491  0.00000000    0.00118471  0.00000000    0.02877686  0.00000000

     Dynamical  Matrix in cartesian axes

     q = (   -0.500000000  -0.125000000  -0.625000000 ) 

    1    1
  0.02920850  0.00000000   -0.00492601  0.00000000    0.01722491  0.00000000
 -0.00492601  0.00000000    0.02364151  0.00000000   -0.00118471  0.00000000
  0.01722491  0.00000000   -0.00118471  0.00000000    0.02877686  0.00000000

     Dynamical  Matrix in cartesian axes

     q = (   -0.500000000   0.125000000   0.625000000 ) 

    1    1
  0.02920850  0.00000000    0.00492601  0.00000000   -0.01722491  0.00000000
  0.00492601  0.00000000    0.02364151  0.00000000   -0.00118471  0.00000000
 -0.01722491  0.00000000   -0.00118471  0.00000000    0.02877686  0.00000000

     Diagonalizing the dynamical matrix

     q = (   -0.125000000   0.625000000  -0.500000000 ) 

 **************************************************************************
     freq (    1) =       2.404218 [THz] =      80.196081 [cm-1]
 (  0.214584 -0.000000  0.676020 -0.000000  0.704947  0.000000 ) 
     freq (    2) =       3.476986 [THz] =     115.979756 [cm-1]
 (  0.959255  0.000000 -0.281694  0.000000 -0.021860  0.000000 ) 
     freq (    3) =       4.928654 [THz] =     164.402186 [cm-1]
 ( -0.183801  0.000000 -0.680915  0.000000  0.708923  0.000000 ) 
 **************************************************************************
