Dynamical matrix file
                                                                           
  1    1  3  7.5964063  0.0000000  0.0000000  0.0000000  0.0000000  0.0000000
           1  'Na  '    20954.103126620943     
    1    1      0.0000000000      0.0000000000      0.0000000000

     Dynamical  Matrix in cartesian axes

     q = (   -0.125000000   0.750000000  -0.375000000 ) 

    1    1
  0.02896177  0.00000000   -0.00301333  0.00000000   -0.00575979  0.00000000
 -0.00301333  0.00000000    0.03244133  0.00000000   -0.01598813  0.00000000
 -0.00575979  0.00000000   -0.01598813  0.00000000    0.03384422  0.00000000

     Dynamical  Matrix in cartesian axes

     q = (    0.750000000  -0.125000000  -0.375000000 ) 

    1    1
  0.03244133  0.00000000   -0.00301333  0.00000000   -0.01598813  0.00000000
 -0.00301333  0.00000000    0.02896177  0.00000000   -0.00575979  0.00000000
 -0.01598813  0.00000000   -0.00575979  0.00000000    0.03384422  0.00000000

     Dynamical  Matrix in cartesian axes

     q = (   -0.125000000  -0.375000000   0.750000000 ) 

    1    1
  0.02896177  0.00000000   -0.00575979  0.00000000   -0.00301333  0.00000000
 -0.00575979  0.00000000    0.03384422  0.00000000   -0.01598813  0.00000000
 -0.00301333  0.00000000   -0.01598813  0.00000000    0.03244133  0.00000000

     Dynamical  Matrix in cartesian axes

     q = (    0.125000000  -0.375000000   0.750000000 ) 

    1    1
  0.02896177  0.00000000    0.00575979  0.00000000    0.00301333  0.00000000
  0.00575979  0.00000000    0.03384422  0.00000000   -0.01598813  0.00000000
  0.00301333  0.00000000   -0.01598813  0.00000000    0.03244133  0.00000000

     Dynamical  Matrix in cartesian axes

     q = (    0.750000000   0.125000000  -0.375000000 ) 

    1    1
  0.03244133  0.00000000    0.00301333  0.00000000   -0.01598813  0.00000000
  0.00301333  0.00000000    0.02896177  0.00000000    0.00575979  0.00000000
 -0.01598813  0.00000000    0.00575979  0.00000000    0.03384422  0.00000000

     Dynamical  Matrix in cartesian axes

     q = (   -0.125000000  -0.750000000  -0.375000000 ) 

    1    1
  0.02896177  0.00000000    0.00301333  0.00000000   -0.00575979  0.00000000
  0.00301333  0.00000000    0.03244133  0.00000000    0.01598813  0.00000000
 -0.00575979  0.00000000    0.01598813  0.00000000    0.03384422  0.00000000

     Dynamical  Matrix in cartesian axes

     q = (    0.125000000   0.750000000  -0.375000000 ) 

    1    1
  0.02896177  0.00000000    0.00301333  0.00000000    0.00575979  0.00000000
  0.00301333  0.00000000    0.03244133  0.00000000   -0.01598813  0.00000000
  0.00575979  0.00000000   -0.01598813  0.00000000    0.03384422  0.00000000

     Dynamical  Matrix in cartesian axes

     q = (    0.125000000  -0.750000000  -0.375000000 ) 

    1    1
  0.02896177  0.00000000   -0.00301333  0.00000000    0.00575979  0.00000000
 -0.00301333  0.00000000    0.03244133  0.00000000    0.01598813  0.00000000
  0.00575979  0.00000000    0.01598813  0.00000000    0.03384422  0.00000000

     Dynamical  Matrix in cartesian axes

     q = (   -0.750000000   0.375000000  -0.125000000 ) 

    1    1
  0.03244133  0.00000000   -0.01598813  0.00000000    0.00301333  0.00000000
 -0.01598813  0.00000000    0.03384422  0.00000000    0.00575979  0.00000000
  0.00301333  0.00000000    0.00575979  0.00000000    0.02896177  0.00000000

     Dynamical  Matrix in cartesian axes

     q = (    0.375000000   0.125000000   0.750000000 ) 

    1    1
  0.03384422  0.00000000   -0.00575979  0.00000000    0.01598813  0.00000000
 -0.00575979  0.00000000    0.02896177  0.00000000    0.00301333  0.00000000
  0.01598813  0.00000000    0.00301333  0.00000000    0.03244133  0.00000000

     Dynamical  Matrix in cartesian axes

     q = (   -0.375000000   0.125000000  -0.750000000 ) 

    1    1
  0.03384422  0.00000000    0.00575979  0.00000000    0.01598813  0.00000000
  0.00575979  0.00000000    0.02896177  0.00000000   -0.00301333  0.00000000
  0.01598813  0.00000000   -0.00301333  0.00000000    0.03244133  0.00000000

     Dynamical  Matrix in cartesian axes

     q = (   -0.125000000   0.375000000  -0.750000000 ) 

    1    1
  0.02896177  0.00000000    0.00575979  0.00000000    0.00301333  0.00000000
  0.00575979  0.00000000    0.03384422  0.00000000   -0.01598813  0.00000000
  0.00301333  0.00000000   -0.01598813  0.00000000    0.03244133  0.00000000

     Dynamical  Matrix in cartesian axes

     q = (    0.375000000  -0.125000000  -0.750000000 ) 

    1    1
  0.03384422  0.00000000    0.00575979  0.00000000   -0.01598813  0.00000000
  0.00575979  0.00000000    0.02896177  0.00000000    0.00301333  0.00000000
 -0.01598813  0.00000000    0.00301333  0.00000000    0.03244133  0.00000000

     Dynamical  Matrix in cartesian axes

     q = (   -0.375000000  -0.125000000   0.750000000 ) 

    1    1
  0.03384422  0.00000000   -0.00575979  0.00000000   -0.01598813  0.00000000
 -0.00575979  0.00000000    0.02896177  0.00000000   -0.00301333  0.00000000
 -0.01598813  0.00000000   -0.00301333  0.00000000    0.03244133  0.00000000

     Dynamical  Matrix in cartesian axes

     q = (    0.125000000   0.750000000   0.375000000 ) 

    1    1
  0.02896177  0.00000000    0.00301333  0.00000000   -0.00575979  0.00000000
  0.00301333  0.00000000    0.03244133  0.00000000    0.01598813  0.00000000
 -0.00575979  0.00000000    0.01598813  0.00000000    0.03384422  0.00000000

     Dynamical  Matrix in cartesian axes

     q = (   -0.750000000  -0.125000000   0.375000000 ) 

    1    1
  0.03244133  0.00000000    0.00301333  0.00000000   -0.01598813  0.00000000
  0.00301333  0.00000000    0.02896177  0.00000000    0.00575979  0.00000000
 -0.01598813  0.00000000    0.00575979  0.00000000    0.03384422  0.00000000

     Dynamical  Matrix in cartesian axes

     q = (    0.750000000   0.125000000   0.375000000 ) 

    1    1
  0.03244133  0.00000000    0.00301333  0.00000000    0.01598813  0.00000000
  0.00301333  0.00000000    0.02896177  0.00000000   -0.00575979  0.00000000
  0.01598813  0.00000000   -0.00575979  0.00000000    0.03384422  0.00000000

     Dynamical  Matrix in cartesian axes

     q = (    0.375000000   0.750000000   0.125000000 ) 

    1    1
  0.03384422  0.00000000    0.01598813  0.00000000   -0.00575979  0.00000000
  0.01598813  0.00000000    0.03244133  0.00000000    0.00301333  0.00000000
 -0.00575979  0.00000000    0.00301333  0.00000000    0.02896177  0.00000000

     Dynamical  Matrix in cartesian axes

     q = (    0.375000000  -0.750000000  -0.125000000 ) 

    1    1
  0.03384422  0.00000000   -0.01598813  0.00000000    0.00575979  0.00000000
 -0.01598813  0.00000000    0.03244133  0.00000000    0.00301333  0.00000000
  0.00575979  0.00000000    0.00301333  0.00000000    0.02896177  0.00000000

     Dynamical  Matrix in cartesian axes

     q = (   -0.375000000  -0.750000000   0.125000000 ) 

    1    1
  0.03384422  0.00000000    0.01598813  0.00000000    0.00575979  0.00000000
  0.01598813  0.00000000    0.03244133  0.00000000   -0.00301333  0.00000000
  0.00575979  0.00000000   -0.00301333  0.00000000    0.02896177  0.00000000

     Dynamical  Matrix in cartesian axes

     q = (    0.125000000   0.375000000  -0.750000000 ) 

    1    1
  0.02896177  0.00000000   -0.00575979  0.00000000   -0.00301333  0.00000000
 -0.00575979  0.00000000    0.03384422  0.00000000   -0.01598813  0.00000000
 -0.00301333  0.00000000   -0.01598813  0.00000000    0.03244133  0.00000000

     Dynamical  Matrix in cartesian axes

     q = (    0.750000000  -0.375000000  -0.125000000 ) 

    1    1
  0.03244133  0.00000000   -0.01598813  0.00000000   -0.00301333  0.00000000
 -0.01598813  0.00000000    0.03384422  0.00000000   -0.00575979  0.00000000
 -0.00301333  0.00000000   -0.00575979  0.00000000    0.02896177  0.00000000

     Dynamical  Matrix in cartesian axes

     q = (    0.125000000   0.375000000   0.750000000 ) 

    1    1
  0.02896177  0.00000000   -0.00575979  0.00000000    0.00301333  0.00000000
 -0.00575979  0.00000000    0.03384422  0.00000000    0.01598813  0.00000000
  0.00301333  0.00000000    0.01598813  0.00000000    0.03244133  0.00000000

     Dynamical  Matrix in cartesian axes

     q = (    0.125000000  -0.375000000  -0.750000000 ) 

    1    1
  0.02896177  0.00000000    0.00575979  0.00000000   -0.00301333  0.00000000
  0.00575979  0.00000000    0.03384422  0.00000000    0.01598813  0.00000000
 -0.00301333  0.00000000    0.01598813  0.00000000    0.03244133  0.00000000

     Dynamical  Matrix in cartesian axes

     q = (   -0.750000000   0.125000000   0.375000000 ) 

    1    1
  0.03244133  0.00000000   -0.00301333  0.00000000   -0.01598813  0.00000000
 -0.00301333  0.00000000    0.02896177  0.00000000   -0.00575979  0.00000000
 -0.01598813  0.00000000   -0.00575979  0.00000000    0.03384422  0.00000000

     Dynamical  Matrix in cartesian axes

     q = (   -0.125000000   0.750000000   0.375000000 ) 

    1    1
  0.02896177  0.00000000   -0.00301333  0.00000000    0.00575979  0.00000000
 -0.00301333  0.00000000    0.03244133  0.00000000    0.01598813  0.00000000
  0.00575979  0.00000000    0.01598813  0.00000000    0.03384422  0.00000000

     Dynamical  Matrix in cartesian axes

     q = (   -0.125000000  -0.750000000   0.375000000 ) 

    1    1
  0.02896177  0.00000000    0.00301333  0.00000000    0.00575979  0.00000000
  0.00301333  0.00000000    0.03244133  0.00000000   -0.01598813  0.00000000
  0.00575979  0.00000000   -0.01598813  0.00000000    0.03384422  0.00000000

     Dynamical  Matrix in cartesian axes

     q = (   -0.125000000  -0.375000000  -0.750000000 ) 

    1    1
  0.02896177  0.00000000   -0.00575979  0.00000000    0.00301333  0.00000000
 -0.00575979  0.00000000    0.03384422  0.00000000    0.01598813  0.00000000
  0.00301333  0.00000000    0.01598813  0.00000000    0.03244133  0.00000000

     Dynamical  Matrix in cartesian axes

     q = (   -0.750000000   0.125000000  -0.375000000 ) 

    1    1
  0.03244133  0.00000000   -0.00301333  0.00000000    0.01598813  0.00000000
 -0.00301333  0.00000000    0.02896177  0.00000000    0.00575979  0.00000000
  0.01598813  0.00000000    0.00575979  0.00000000    0.03384422  0.00000000

     Dynamical  Matrix in cartesian axes

     q = (    0.125000000  -0.750000000   0.375000000 ) 

    1    1
  0.02896177  0.00000000   -0.00301333  0.00000000   -0.00575979  0.00000000
 -0.00301333  0.00000000    0.03244133  0.00000000   -0.01598813  0.00000000
 -0.00575979  0.00000000   -0.01598813  0.00000000    0.03384422  0.00000000

     Dynamical  Matrix in cartesian axes

     q = (   -0.125000000   0.375000000   0.750000000 ) 

    1    1
  0.02896177  0.00000000    0.00575979  0.00000000   -0.00301333  0.00000000
  0.00575979  0.00000000    0.03384422  0.00000000    0.01598813  0.00000000
 -0.00301333  0.00000000    0.01598813  0.00000000    0.03244133  0.00000000

     Dynamical  Matrix in cartesian axes

     q = (   -0.750000000  -0.125000000  -0.375000000 ) 

    1    1
  0.03244133  0.00000000    0.00301333  0.00000000    0.01598813  0.00000000
  0.00301333  0.00000000    0.02896177  0.00000000   -0.00575979  0.00000000
  0.01598813  0.00000000   -0.00575979  0.00000000    0.03384422  0.00000000

     Dynamical  Matrix in cartesian axes

     q = (   -0.375000000   0.750000000  -0.125000000 ) 

    1    1
  0.03384422  0.00000000   -0.01598813  0.00000000   -0.00575979  0.00000000
 -0.01598813  0.00000000    0.03244133  0.00000000   -0.00301333  0.00000000
 -0.00575979  0.00000000   -0.00301333  0.00000000    0.02896177  0.00000000

     Dynamical  Matrix in cartesian axes

     q = (   -0.750000000  -0.375000000   0.125000000 ) 

    1    1
  0.03244133  0.00000000    0.01598813  0.00000000   -0.00301333  0.00000000
  0.01598813  0.00000000    0.03384422  0.00000000    0.00575979  0.00000000
 -0.00301333  0.00000000    0.00575979  0.00000000    0.02896177  0.00000000

     Dynamical  Matrix in cartesian axes

     q = (    0.750000000   0.375000000   0.125000000 ) 

    1    1
  0.03244133  0.00000000    0.01598813  0.00000000    0.00301333  0.00000000
  0.01598813  0.00000000    0.03384422  0.00000000   -0.00575979  0.00000000
  0.00301333  0.00000000   -0.00575979  0.00000000    0.02896177  0.00000000

     Dynamical  Matrix in cartesian axes

     q = (   -0.375000000  -0.750000000  -0.125000000 ) 

    1    1
  0.03384422  0.00000000    0.01598813  0.00000000   -0.00575979  0.00000000
  0.01598813  0.00000000    0.03244133  0.00000000    0.00301333  0.00000000
 -0.00575979  0.00000000    0.00301333  0.00000000    0.02896177  0.00000000

     Dynamical  Matrix in cartesian axes

     q = (    0.375000000  -0.750000000   0.125000000 ) 

    1    1
  0.03384422  0.00000000   -0.01598813  0.00000000   -0.00575979  0.00000000
 -0.01598813  0.00000000    0.03244133  0.00000000   -0.00301333  0.00000000
 -0.00575979  0.00000000   -0.00301333  0.00000000    0.02896177  0.00000000

     Dynamical  Matrix in cartesian axes

     q = (   -0.375000000   0.750000000   0.125000000 ) 

    1    1
  0.03384422  0.00000000   -0.01598813  0.00000000    0.00575979  0.00000000
 -0.01598813  0.00000000    0.03244133  0.00000000    0.00301333  0.00000000
  0.00575979  0.00000000    0.00301333  0.00000000    0.02896177  0.00000000

     Dynamical  Matrix in cartesian axes

     q = (    0.375000000   0.750000000  -0.125000000 ) 

    1    1
  0.03384422  0.00000000    0.01598813  0.00000000    0.00575979  0.00000000
  0.01598813  0.00000000    0.03244133  0.00000000   -0.00301333  0.00000000
  0.00575979  0.00000000   -0.00301333  0.00000000    0.02896177  0.00000000

     Dynamical  Matrix in cartesian axes

     q = (    0.750000000  -0.125000000   0.375000000 ) 

    1    1
  0.03244133  0.00000000   -0.00301333  0.00000000    0.01598813  0.00000000
 -0.00301333  0.00000000    0.02896177  0.00000000    0.00575979  0.00000000
  0.01598813  0.00000000    0.00575979  0.00000000    0.03384422  0.00000000

     Dynamical  Matrix in cartesian axes

     q = (   -0.750000000   0.375000000   0.125000000 ) 

    1    1
  0.03244133  0.00000000   -0.01598813  0.00000000   -0.00301333  0.00000000
 -0.01598813  0.00000000    0.03384422  0.00000000   -0.00575979  0.00000000
 -0.00301333  0.00000000   -0.00575979  0.00000000    0.02896177  0.00000000

     Dynamical  Matrix in cartesian axes

     q = (    0.750000000   0.375000000  -0.125000000 ) 

    1    1
  0.03244133  0.00000000    0.01598813  0.00000000   -0.00301333  0.00000000
  0.01598813  0.00000000    0.03384422  0.00000000    0.00575979  0.00000000
 -0.00301333  0.00000000    0.00575979  0.00000000    0.02896177  0.00000000

     Dynamical  Matrix in cartesian axes

     q = (   -0.750000000  -0.375000000  -0.125000000 ) 

    1    1
  0.03244133  0.00000000    0.01598813  0.00000000    0.00301333  0.00000000
  0.01598813  0.00000000    0.03384422  0.00000000   -0.00575979  0.00000000
  0.00301333  0.00000000   -0.00575979  0.00000000    0.02896177  0.00000000

     Dynamical  Matrix in cartesian axes

     q = (    0.750000000  -0.375000000   0.125000000 ) 

    1    1
  0.03244133  0.00000000   -0.01598813  0.00000000    0.00301333  0.00000000
 -0.01598813  0.00000000    0.03384422  0.00000000    0.00575979  0.00000000
  0.00301333  0.00000000    0.00575979  0.00000000    0.02896177  0.00000000

     Dynamical  Matrix in cartesian axes

     q = (    0.375000000   0.125000000  -0.750000000 ) 

    1    1
  0.03384422  0.00000000   -0.00575979  0.00000000   -0.01598813  0.00000000
 -0.00575979  0.00000000    0.02896177  0.00000000   -0.00301333  0.00000000
 -0.01598813  0.00000000   -0.00301333  0.00000000    0.03244133  0.00000000

     Dynamical  Matrix in cartesian axes

     q = (    0.375000000  -0.125000000   0.750000000 ) 

    1    1
  0.03384422  0.00000000    0.00575979  0.00000000    0.01598813  0.00000000
  0.00575979  0.00000000    0.02896177  0.00000000   -0.00301333  0.00000000
  0.01598813  0.00000000   -0.00301333  0.00000000    0.03244133  0.00000000

     Dynamical  Matrix in cartesian axes

     q = (   -0.375000000  -0.125000000  -0.750000000 ) 

    1    1
  0.03384422  0.00000000   -0.00575979  0.00000000    0.01598813  0.00000000
 -0.00575979  0.00000000    0.02896177  0.00000000    0.00301333  0.00000000
  0.01598813  0.00000000    0.00301333  0.00000000    0.03244133  0.00000000

     Dynamical  Matrix in cartesian axes

     q = (   -0.375000000   0.125000000   0.750000000 ) 

    1    1
  0.03384422  0.00000000    0.00575979  0.00000000   -0.01598813  0.00000000
  0.00575979  0.00000000    0.02896177  0.00000000    0.00301333  0.00000000
 -0.01598813  0.00000000    0.00301333  0.00000000    0.03244133  0.00000000

     Diagonalizing the dynamical matrix

     q = (   -0.125000000   0.750000000  -0.375000000 ) 

 **************************************************************************
     freq (    1) =       2.736130 [THz] =      91.267489 [cm-1]
 (  0.394482  0.000000  0.647277  0.000000  0.652240  0.000000 ) 
     freq (    2) =       4.026095 [THz] =     134.296058 [cm-1]
 (  0.912608  0.000000 -0.358915  0.000000 -0.195772  0.000000 ) 
     freq (    3) =       5.049812 [THz] =     168.443595 [cm-1]
 ( -0.107380  0.000000 -0.672468  0.000000  0.732296  0.000000 ) 
 **************************************************************************
