Dynamical matrix file
                                                                           
  1    1  3  6.7397750  0.0000000  0.0000000  0.0000000  0.0000000  0.0000000
           1  'Na  '    20954.103126620943     
    1    1      0.0000000000      0.0000000000      0.0000000000

     Dynamical  Matrix in cartesian axes

     q = (   -0.125000000   0.750000000  -0.375000000 ) 

    1    1
  0.04602934  0.00000000   -0.00456673  0.00000000   -0.01569417  0.00000000
 -0.00456673  0.00000000    0.05550576  0.00000000   -0.03115871  0.00000000
 -0.01569417  0.00000000   -0.03115871  0.00000000    0.06502142  0.00000000

     Dynamical  Matrix in cartesian axes

     q = (    0.750000000  -0.125000000  -0.375000000 ) 

    1    1
  0.05550576  0.00000000   -0.00456673  0.00000000   -0.03115871  0.00000000
 -0.00456673  0.00000000    0.04602934  0.00000000   -0.01569417  0.00000000
 -0.03115871  0.00000000   -0.01569417  0.00000000    0.06502142  0.00000000

     Dynamical  Matrix in cartesian axes

     q = (   -0.125000000  -0.375000000   0.750000000 ) 

    1    1
  0.04602934  0.00000000   -0.01569417  0.00000000   -0.00456673  0.00000000
 -0.01569417  0.00000000    0.06502142  0.00000000   -0.03115871  0.00000000
 -0.00456673  0.00000000   -0.03115871  0.00000000    0.05550576  0.00000000

     Dynamical  Matrix in cartesian axes

     q = (    0.125000000  -0.375000000   0.750000000 ) 

    1    1
  0.04602934  0.00000000    0.01569417  0.00000000    0.00456673  0.00000000
  0.01569417  0.00000000    0.06502142  0.00000000   -0.03115871  0.00000000
  0.00456673  0.00000000   -0.03115871  0.00000000    0.05550576  0.00000000

     Dynamical  Matrix in cartesian axes

     q = (    0.750000000   0.125000000  -0.375000000 ) 

    1    1
  0.05550576  0.00000000    0.00456673  0.00000000   -0.03115871  0.00000000
  0.00456673  0.00000000    0.04602934  0.00000000    0.01569417  0.00000000
 -0.03115871  0.00000000    0.01569417  0.00000000    0.06502142  0.00000000

     Dynamical  Matrix in cartesian axes

     q = (   -0.125000000  -0.750000000  -0.375000000 ) 

    1    1
  0.04602934  0.00000000    0.00456673  0.00000000   -0.01569417  0.00000000
  0.00456673  0.00000000    0.05550576  0.00000000    0.03115871  0.00000000
 -0.01569417  0.00000000    0.03115871  0.00000000    0.06502142  0.00000000

     Dynamical  Matrix in cartesian axes

     q = (    0.125000000   0.750000000  -0.375000000 ) 

    1    1
  0.04602934  0.00000000    0.00456673  0.00000000    0.01569417  0.00000000
  0.00456673  0.00000000    0.05550576  0.00000000   -0.03115871  0.00000000
  0.01569417  0.00000000   -0.03115871  0.00000000    0.06502142  0.00000000

     Dynamical  Matrix in cartesian axes

     q = (    0.125000000  -0.750000000  -0.375000000 ) 

    1    1
  0.04602934  0.00000000   -0.00456673  0.00000000    0.01569417  0.00000000
 -0.00456673  0.00000000    0.05550576  0.00000000    0.03115871  0.00000000
  0.01569417  0.00000000    0.03115871  0.00000000    0.06502142  0.00000000

     Dynamical  Matrix in cartesian axes

     q = (   -0.750000000   0.375000000  -0.125000000 ) 

    1    1
  0.05550576  0.00000000   -0.03115871  0.00000000    0.00456673  0.00000000
 -0.03115871  0.00000000    0.06502142  0.00000000    0.01569417  0.00000000
  0.00456673  0.00000000    0.01569417  0.00000000    0.04602934  0.00000000

     Dynamical  Matrix in cartesian axes

     q = (    0.375000000   0.125000000   0.750000000 ) 

    1    1
  0.06502142  0.00000000   -0.01569417  0.00000000    0.03115871  0.00000000
 -0.01569417  0.00000000    0.04602934  0.00000000    0.00456673  0.00000000
  0.03115871  0.00000000    0.00456673  0.00000000    0.05550576  0.00000000

     Dynamical  Matrix in cartesian axes

     q = (   -0.375000000   0.125000000  -0.750000000 ) 

    1    1
  0.06502142  0.00000000    0.01569417  0.00000000    0.03115871  0.00000000
  0.01569417  0.00000000    0.04602934  0.00000000   -0.00456673  0.00000000
  0.03115871  0.00000000   -0.00456673  0.00000000    0.05550576  0.00000000

     Dynamical  Matrix in cartesian axes

     q = (   -0.125000000   0.375000000  -0.750000000 ) 

    1    1
  0.04602934  0.00000000    0.01569417  0.00000000    0.00456673  0.00000000
  0.01569417  0.00000000    0.06502142  0.00000000   -0.03115871  0.00000000
  0.00456673  0.00000000   -0.03115871  0.00000000    0.05550576  0.00000000

     Dynamical  Matrix in cartesian axes

     q = (    0.375000000  -0.125000000  -0.750000000 ) 

    1    1
  0.06502142  0.00000000    0.01569417  0.00000000   -0.03115871  0.00000000
  0.01569417  0.00000000    0.04602934  0.00000000    0.00456673  0.00000000
 -0.03115871  0.00000000    0.00456673  0.00000000    0.05550576  0.00000000

     Dynamical  Matrix in cartesian axes

     q = (   -0.375000000  -0.125000000   0.750000000 ) 

    1    1
  0.06502142  0.00000000   -0.01569417  0.00000000   -0.03115871  0.00000000
 -0.01569417  0.00000000    0.04602934  0.00000000   -0.00456673  0.00000000
 -0.03115871  0.00000000   -0.00456673  0.00000000    0.05550576  0.00000000

     Dynamical  Matrix in cartesian axes

     q = (    0.125000000   0.750000000   0.375000000 ) 

    1    1
  0.04602934  0.00000000    0.00456673  0.00000000   -0.01569417  0.00000000
  0.00456673  0.00000000    0.05550576  0.00000000    0.03115871  0.00000000
 -0.01569417  0.00000000    0.03115871  0.00000000    0.06502142  0.00000000

     Dynamical  Matrix in cartesian axes

     q = (   -0.750000000  -0.125000000   0.375000000 ) 

    1    1
  0.05550576  0.00000000    0.00456673  0.00000000   -0.03115871  0.00000000
  0.00456673  0.00000000    0.04602934  0.00000000    0.01569417  0.00000000
 -0.03115871  0.00000000    0.01569417  0.00000000    0.06502142  0.00000000

     Dynamical  Matrix in cartesian axes

     q = (    0.750000000   0.125000000   0.375000000 ) 

    1    1
  0.05550576  0.00000000    0.00456673  0.00000000    0.03115871  0.00000000
  0.00456673  0.00000000    0.04602934  0.00000000   -0.01569417  0.00000000
  0.03115871  0.00000000   -0.01569417  0.00000000    0.06502142  0.00000000

     Dynamical  Matrix in cartesian axes

     q = (    0.375000000   0.750000000   0.125000000 ) 

    1    1
  0.06502142  0.00000000    0.03115871  0.00000000   -0.01569417  0.00000000
  0.03115871  0.00000000    0.05550576  0.00000000    0.00456673  0.00000000
 -0.01569417  0.00000000    0.00456673  0.00000000    0.04602934  0.00000000

     Dynamical  Matrix in cartesian axes

     q = (    0.375000000  -0.750000000  -0.125000000 ) 

    1    1
  0.06502142  0.00000000   -0.03115871  0.00000000    0.01569417  0.00000000
 -0.03115871  0.00000000    0.05550576  0.00000000    0.00456673  0.00000000
  0.01569417  0.00000000    0.00456673  0.00000000    0.04602934  0.00000000

     Dynamical  Matrix in cartesian axes

     q = (   -0.375000000  -0.750000000   0.125000000 ) 

    1    1
  0.06502142  0.00000000    0.03115871  0.00000000    0.01569417  0.00000000
  0.03115871  0.00000000    0.05550576  0.00000000   -0.00456673  0.00000000
  0.01569417  0.00000000   -0.00456673  0.00000000    0.04602934  0.00000000

     Dynamical  Matrix in cartesian axes

     q = (    0.125000000   0.375000000  -0.750000000 ) 

    1    1
  0.04602934  0.00000000   -0.01569417  0.00000000   -0.00456673  0.00000000
 -0.01569417  0.00000000    0.06502142  0.00000000   -0.03115871  0.00000000
 -0.00456673  0.00000000   -0.03115871  0.00000000    0.05550576  0.00000000

     Dynamical  Matrix in cartesian axes

     q = (    0.750000000  -0.375000000  -0.125000000 ) 

    1    1
  0.05550576  0.00000000   -0.03115871  0.00000000   -0.00456673  0.00000000
 -0.03115871  0.00000000    0.06502142  0.00000000   -0.01569417  0.00000000
 -0.00456673  0.00000000   -0.01569417  0.00000000    0.04602934  0.00000000

     Dynamical  Matrix in cartesian axes

     q = (    0.125000000   0.375000000   0.750000000 ) 

    1    1
  0.04602934  0.00000000   -0.01569417  0.00000000    0.00456673  0.00000000
 -0.01569417  0.00000000    0.06502142  0.00000000    0.03115871  0.00000000
  0.00456673  0.00000000    0.03115871  0.00000000    0.05550576  0.00000000

     Dynamical  Matrix in cartesian axes

     q = (    0.125000000  -0.375000000  -0.750000000 ) 

    1    1
  0.04602934  0.00000000    0.01569417  0.00000000   -0.00456673  0.00000000
  0.01569417  0.00000000    0.06502142  0.00000000    0.03115871  0.00000000
 -0.00456673  0.00000000    0.03115871  0.00000000    0.05550576  0.00000000

     Dynamical  Matrix in cartesian axes

     q = (   -0.750000000   0.125000000   0.375000000 ) 

    1    1
  0.05550576  0.00000000   -0.00456673  0.00000000   -0.03115871  0.00000000
 -0.00456673  0.00000000    0.04602934  0.00000000   -0.01569417  0.00000000
 -0.03115871  0.00000000   -0.01569417  0.00000000    0.06502142  0.00000000

     Dynamical  Matrix in cartesian axes

     q = (   -0.125000000   0.750000000   0.375000000 ) 

    1    1
  0.04602934  0.00000000   -0.00456673  0.00000000    0.01569417  0.00000000
 -0.00456673  0.00000000    0.05550576  0.00000000    0.03115871  0.00000000
  0.01569417  0.00000000    0.03115871  0.00000000    0.06502142  0.00000000

     Dynamical  Matrix in cartesian axes

     q = (   -0.125000000  -0.750000000   0.375000000 ) 

    1    1
  0.04602934  0.00000000    0.00456673  0.00000000    0.01569417  0.00000000
  0.00456673  0.00000000    0.05550576  0.00000000   -0.03115871  0.00000000
  0.01569417  0.00000000   -0.03115871  0.00000000    0.06502142  0.00000000

     Dynamical  Matrix in cartesian axes

     q = (   -0.125000000  -0.375000000  -0.750000000 ) 

    1    1
  0.04602934  0.00000000   -0.01569417  0.00000000    0.00456673  0.00000000
 -0.01569417  0.00000000    0.06502142  0.00000000    0.03115871  0.00000000
  0.00456673  0.00000000    0.03115871  0.00000000    0.05550576  0.00000000

     Dynamical  Matrix in cartesian axes

     q = (   -0.750000000   0.125000000  -0.375000000 ) 

    1    1
  0.05550576  0.00000000   -0.00456673  0.00000000    0.03115871  0.00000000
 -0.00456673  0.00000000    0.04602934  0.00000000    0.01569417  0.00000000
  0.03115871  0.00000000    0.01569417  0.00000000    0.06502142  0.00000000

     Dynamical  Matrix in cartesian axes

     q = (    0.125000000  -0.750000000   0.375000000 ) 

    1    1
  0.04602934  0.00000000   -0.00456673  0.00000000   -0.01569417  0.00000000
 -0.00456673  0.00000000    0.05550576  0.00000000   -0.03115871  0.00000000
 -0.01569417  0.00000000   -0.03115871  0.00000000    0.06502142  0.00000000

     Dynamical  Matrix in cartesian axes

     q = (   -0.125000000   0.375000000   0.750000000 ) 

    1    1
  0.04602934  0.00000000    0.01569417  0.00000000   -0.00456673  0.00000000
  0.01569417  0.00000000    0.06502142  0.00000000    0.03115871  0.00000000
 -0.00456673  0.00000000    0.03115871  0.00000000    0.05550576  0.00000000

     Dynamical  Matrix in cartesian axes

     q = (   -0.750000000  -0.125000000  -0.375000000 ) 

    1    1
  0.05550576  0.00000000    0.00456673  0.00000000    0.03115871  0.00000000
  0.00456673  0.00000000    0.04602934  0.00000000   -0.01569417  0.00000000
  0.03115871  0.00000000   -0.01569417  0.00000000    0.06502142  0.00000000

     Dynamical  Matrix in cartesian axes

     q = (   -0.375000000   0.750000000  -0.125000000 ) 

    1    1
  0.06502142  0.00000000   -0.03115871  0.00000000   -0.01569417  0.00000000
 -0.03115871  0.00000000    0.05550576  0.00000000   -0.00456673  0.00000000
 -0.01569417  0.00000000   -0.00456673  0.00000000    0.04602934  0.00000000

     Dynamical  Matrix in cartesian axes

     q = (   -0.750000000  -0.375000000   0.125000000 ) 

    1    1
  0.05550576  0.00000000    0.03115871  0.00000000   -0.00456673  0.00000000
  0.03115871  0.00000000    0.06502142  0.00000000    0.01569417  0.00000000
 -0.00456673  0.00000000    0.01569417  0.00000000    0.04602934  0.00000000

     Dynamical  Matrix in cartesian axes

     q = (    0.750000000   0.375000000   0.125000000 ) 

    1    1
  0.05550576  0.00000000    0.03115871  0.00000000    0.00456673  0.00000000
  0.03115871  0.00000000    0.06502142  0.00000000   -0.01569417  0.00000000
  0.00456673  0.00000000   -0.01569417  0.00000000    0.04602934  0.00000000

     Dynamical  Matrix in cartesian axes

     q = (   -0.375000000  -0.750000000  -0.125000000 ) 

    1    1
  0.06502142  0.00000000    0.03115871  0.00000000   -0.01569417  0.00000000
  0.03115871  0.00000000    0.05550576  0.00000000    0.00456673  0.00000000
 -0.01569417  0.00000000    0.00456673  0.00000000    0.04602934  0.00000000

     Dynamical  Matrix in cartesian axes

     q = (    0.375000000  -0.750000000   0.125000000 ) 

    1    1
  0.06502142  0.00000000   -0.03115871  0.00000000   -0.01569417  0.00000000
 -0.03115871  0.00000000    0.05550576  0.00000000   -0.00456673  0.00000000
 -0.01569417  0.00000000   -0.00456673  0.00000000    0.04602934  0.00000000

     Dynamical  Matrix in cartesian axes

     q = (   -0.375000000   0.750000000   0.125000000 ) 

    1    1
  0.06502142  0.00000000   -0.03115871  0.00000000    0.01569417  0.00000000
 -0.03115871  0.00000000    0.05550576  0.00000000    0.00456673  0.00000000
  0.01569417  0.00000000    0.00456673  0.00000000    0.04602934  0.00000000

     Dynamical  Matrix in cartesian axes

     q = (    0.375000000   0.750000000  -0.125000000 ) 

    1    1
  0.06502142  0.00000000    0.03115871  0.00000000    0.01569417  0.00000000
  0.03115871  0.00000000    0.05550576  0.00000000   -0.00456673  0.00000000
  0.01569417  0.00000000   -0.00456673  0.00000000    0.04602934  0.00000000

     Dynamical  Matrix in cartesian axes

     q = (    0.750000000  -0.125000000   0.375000000 ) 

    1    1
  0.05550576  0.00000000   -0.00456673  0.00000000    0.03115871  0.00000000
 -0.00456673  0.00000000    0.04602934  0.00000000    0.01569417  0.00000000
  0.03115871  0.00000000    0.01569417  0.00000000    0.06502142  0.00000000

     Dynamical  Matrix in cartesian axes

     q = (   -0.750000000   0.375000000   0.125000000 ) 

    1    1
  0.05550576  0.00000000   -0.03115871  0.00000000   -0.00456673  0.00000000
 -0.03115871  0.00000000    0.06502142  0.00000000   -0.01569417  0.00000000
 -0.00456673  0.00000000   -0.01569417  0.00000000    0.04602934  0.00000000

     Dynamical  Matrix in cartesian axes

     q = (    0.750000000   0.375000000  -0.125000000 ) 

    1    1
  0.05550576  0.00000000    0.03115871  0.00000000   -0.00456673  0.00000000
  0.03115871  0.00000000    0.06502142  0.00000000    0.01569417  0.00000000
 -0.00456673  0.00000000    0.01569417  0.00000000    0.04602934  0.00000000

     Dynamical  Matrix in cartesian axes

     q = (   -0.750000000  -0.375000000  -0.125000000 ) 

    1    1
  0.05550576  0.00000000    0.03115871  0.00000000    0.00456673  0.00000000
  0.03115871  0.00000000    0.06502142  0.00000000   -0.01569417  0.00000000
  0.00456673  0.00000000   -0.01569417  0.00000000    0.04602934  0.00000000

     Dynamical  Matrix in cartesian axes

     q = (    0.750000000  -0.375000000   0.125000000 ) 

    1    1
  0.05550576  0.00000000   -0.03115871  0.00000000    0.00456673  0.00000000
 -0.03115871  0.00000000    0.06502142  0.00000000    0.01569417  0.00000000
  0.00456673  0.00000000    0.01569417  0.00000000    0.04602934  0.00000000

     Dynamical  Matrix in cartesian axes

     q = (    0.375000000   0.125000000  -0.750000000 ) 

    1    1
  0.06502142  0.00000000   -0.01569417  0.00000000   -0.03115871  0.00000000
 -0.01569417  0.00000000    0.04602934  0.00000000   -0.00456673  0.00000000
 -0.03115871  0.00000000   -0.00456673  0.00000000    0.05550576  0.00000000

     Dynamical  Matrix in cartesian axes

     q = (    0.375000000  -0.125000000   0.750000000 ) 

    1    1
  0.06502142  0.00000000    0.01569417  0.00000000    0.03115871  0.00000000
  0.01569417  0.00000000    0.04602934  0.00000000   -0.00456673  0.00000000
  0.03115871  0.00000000   -0.00456673  0.00000000    0.05550576  0.00000000

     Dynamical  Matrix in cartesian axes

     q = (   -0.375000000  -0.125000000  -0.750000000 ) 

    1    1
  0.06502142  0.00000000   -0.01569417  0.00000000    0.03115871  0.00000000
 -0.01569417  0.00000000    0.04602934  0.00000000    0.00456673  0.00000000
  0.03115871  0.00000000    0.00456673  0.00000000    0.05550576  0.00000000

     Dynamical  Matrix in cartesian axes

     q = (   -0.375000000   0.125000000   0.750000000 ) 

    1    1
  0.06502142  0.00000000    0.01569417  0.00000000   -0.03115871  0.00000000
  0.01569417  0.00000000    0.04602934  0.00000000    0.00456673  0.00000000
 -0.03115871  0.00000000    0.00456673  0.00000000    0.05550576  0.00000000

     Diagonalizing the dynamical matrix

     q = (   -0.125000000   0.750000000  -0.375000000 ) 

 **************************************************************************
     freq (    1) =       3.287726 [THz] =     109.666744 [cm-1]
 (  0.494873  0.000000  0.616859  0.000000  0.612034  0.000000 ) 
     freq (    2) =       5.185514 [THz] =     172.970123 [cm-1]
 (  0.846583  0.000000 -0.501078  0.000000 -0.179494  0.000000 ) 
     freq (    3) =       6.951968 [THz] =     231.892683 [cm-1]
 ( -0.195954  0.000000 -0.606964  0.000000  0.770193  0.000000 ) 
 **************************************************************************
