Dynamical matrix file
                                                                           
  1    1  3  6.7397750  0.0000000  0.0000000  0.0000000  0.0000000  0.0000000
           1  'Na  '    20954.103126620943     
    1    1      0.0000000000      0.0000000000      0.0000000000

     Dynamical  Matrix in cartesian axes

     q = (   -0.125000000   0.625000000  -0.500000000 ) 

    1    1
  0.03489227  0.00000000    0.00081408  0.00000000   -0.00915544  0.00000000
  0.00081408  0.00000000    0.05627163  0.00000000   -0.04246156  0.00000000
 -0.00915544  0.00000000   -0.04246156  0.00000000    0.05963971  0.00000000

     Dynamical  Matrix in cartesian axes

     q = (    0.625000000  -0.125000000  -0.500000000 ) 

    1    1
  0.05627163  0.00000000    0.00081408  0.00000000   -0.04246156  0.00000000
  0.00081408  0.00000000    0.03489227  0.00000000   -0.00915544  0.00000000
 -0.04246156  0.00000000   -0.00915544  0.00000000    0.05963971  0.00000000

     Dynamical  Matrix in cartesian axes

     q = (   -0.125000000   0.500000000  -0.625000000 ) 

    1    1
  0.03489227  0.00000000    0.00915544  0.00000000   -0.00081408  0.00000000
  0.00915544  0.00000000    0.05963971  0.00000000   -0.04246156  0.00000000
 -0.00081408  0.00000000   -0.04246156  0.00000000    0.05627163  0.00000000

     Dynamical  Matrix in cartesian axes

     q = (    0.125000000   0.500000000  -0.625000000 ) 

    1    1
  0.03489227  0.00000000   -0.00915544  0.00000000    0.00081408  0.00000000
 -0.00915544  0.00000000    0.05963971  0.00000000   -0.04246156  0.00000000
  0.00081408  0.00000000   -0.04246156  0.00000000    0.05627163  0.00000000

     Dynamical  Matrix in cartesian axes

     q = (   -0.125000000  -0.625000000   0.500000000 ) 

    1    1
  0.03489227  0.00000000   -0.00081408  0.00000000    0.00915544  0.00000000
 -0.00081408  0.00000000    0.05627163  0.00000000   -0.04246156  0.00000000
  0.00915544  0.00000000   -0.04246156  0.00000000    0.05963971  0.00000000

     Dynamical  Matrix in cartesian axes

     q = (   -0.125000000  -0.500000000   0.625000000 ) 

    1    1
  0.03489227  0.00000000   -0.00915544  0.00000000    0.00081408  0.00000000
 -0.00915544  0.00000000    0.05963971  0.00000000   -0.04246156  0.00000000
  0.00081408  0.00000000   -0.04246156  0.00000000    0.05627163  0.00000000

     Dynamical  Matrix in cartesian axes

     q = (    0.125000000  -0.625000000   0.500000000 ) 

    1    1
  0.03489227  0.00000000    0.00081408  0.00000000   -0.00915544  0.00000000
  0.00081408  0.00000000    0.05627163  0.00000000   -0.04246156  0.00000000
 -0.00915544  0.00000000   -0.04246156  0.00000000    0.05963971  0.00000000

     Dynamical  Matrix in cartesian axes

     q = (    0.125000000  -0.500000000   0.625000000 ) 

    1    1
  0.03489227  0.00000000    0.00915544  0.00000000   -0.00081408  0.00000000
  0.00915544  0.00000000    0.05963971  0.00000000   -0.04246156  0.00000000
 -0.00081408  0.00000000   -0.04246156  0.00000000    0.05627163  0.00000000

     Dynamical  Matrix in cartesian axes

     q = (   -0.625000000   0.500000000  -0.125000000 ) 

    1    1
  0.05627163  0.00000000   -0.04246156  0.00000000   -0.00081408  0.00000000
 -0.04246156  0.00000000    0.05963971  0.00000000    0.00915544  0.00000000
 -0.00081408  0.00000000    0.00915544  0.00000000    0.03489227  0.00000000

     Dynamical  Matrix in cartesian axes

     q = (    0.500000000   0.125000000   0.625000000 ) 

    1    1
  0.05963971  0.00000000   -0.00915544  0.00000000    0.04246156  0.00000000
 -0.00915544  0.00000000    0.03489227  0.00000000   -0.00081408  0.00000000
  0.04246156  0.00000000   -0.00081408  0.00000000    0.05627163  0.00000000

     Dynamical  Matrix in cartesian axes

     q = (   -0.500000000   0.125000000  -0.625000000 ) 

    1    1
  0.05963971  0.00000000    0.00915544  0.00000000    0.04246156  0.00000000
  0.00915544  0.00000000    0.03489227  0.00000000    0.00081408  0.00000000
  0.04246156  0.00000000    0.00081408  0.00000000    0.05627163  0.00000000

     Dynamical  Matrix in cartesian axes

     q = (   -0.625000000   0.125000000  -0.500000000 ) 

    1    1
  0.05627163  0.00000000    0.00081408  0.00000000    0.04246156  0.00000000
  0.00081408  0.00000000    0.03489227  0.00000000    0.00915544  0.00000000
  0.04246156  0.00000000    0.00915544  0.00000000    0.05963971  0.00000000

     Dynamical  Matrix in cartesian axes

     q = (    0.500000000  -0.125000000  -0.625000000 ) 

    1    1
  0.05963971  0.00000000    0.00915544  0.00000000   -0.04246156  0.00000000
  0.00915544  0.00000000    0.03489227  0.00000000   -0.00081408  0.00000000
 -0.04246156  0.00000000   -0.00081408  0.00000000    0.05627163  0.00000000

     Dynamical  Matrix in cartesian axes

     q = (   -0.500000000  -0.125000000   0.625000000 ) 

    1    1
  0.05963971  0.00000000   -0.00915544  0.00000000   -0.04246156  0.00000000
 -0.00915544  0.00000000    0.03489227  0.00000000    0.00081408  0.00000000
 -0.04246156  0.00000000    0.00081408  0.00000000    0.05627163  0.00000000

     Dynamical  Matrix in cartesian axes

     q = (    0.125000000   0.625000000   0.500000000 ) 

    1    1
  0.03489227  0.00000000   -0.00081408  0.00000000   -0.00915544  0.00000000
 -0.00081408  0.00000000    0.05627163  0.00000000    0.04246156  0.00000000
 -0.00915544  0.00000000    0.04246156  0.00000000    0.05963971  0.00000000

     Dynamical  Matrix in cartesian axes

     q = (   -0.625000000  -0.125000000   0.500000000 ) 

    1    1
  0.05627163  0.00000000   -0.00081408  0.00000000   -0.04246156  0.00000000
 -0.00081408  0.00000000    0.03489227  0.00000000    0.00915544  0.00000000
 -0.04246156  0.00000000    0.00915544  0.00000000    0.05963971  0.00000000

     Dynamical  Matrix in cartesian axes

     q = (    0.625000000   0.125000000   0.500000000 ) 

    1    1
  0.05627163  0.00000000   -0.00081408  0.00000000    0.04246156  0.00000000
 -0.00081408  0.00000000    0.03489227  0.00000000   -0.00915544  0.00000000
  0.04246156  0.00000000   -0.00915544  0.00000000    0.05963971  0.00000000

     Dynamical  Matrix in cartesian axes

     q = (    0.500000000   0.625000000   0.125000000 ) 

    1    1
  0.05963971  0.00000000    0.04246156  0.00000000   -0.00915544  0.00000000
  0.04246156  0.00000000    0.05627163  0.00000000   -0.00081408  0.00000000
 -0.00915544  0.00000000   -0.00081408  0.00000000    0.03489227  0.00000000

     Dynamical  Matrix in cartesian axes

     q = (    0.500000000  -0.625000000  -0.125000000 ) 

    1    1
  0.05963971  0.00000000   -0.04246156  0.00000000    0.00915544  0.00000000
 -0.04246156  0.00000000    0.05627163  0.00000000   -0.00081408  0.00000000
  0.00915544  0.00000000   -0.00081408  0.00000000    0.03489227  0.00000000

     Dynamical  Matrix in cartesian axes

     q = (   -0.500000000  -0.625000000   0.125000000 ) 

    1    1
  0.05963971  0.00000000    0.04246156  0.00000000    0.00915544  0.00000000
  0.04246156  0.00000000    0.05627163  0.00000000    0.00081408  0.00000000
  0.00915544  0.00000000    0.00081408  0.00000000    0.03489227  0.00000000

     Dynamical  Matrix in cartesian axes

     q = (   -0.625000000  -0.125000000  -0.500000000 ) 

    1    1
  0.05627163  0.00000000   -0.00081408  0.00000000    0.04246156  0.00000000
 -0.00081408  0.00000000    0.03489227  0.00000000   -0.00915544  0.00000000
  0.04246156  0.00000000   -0.00915544  0.00000000    0.05963971  0.00000000

     Dynamical  Matrix in cartesian axes

     q = (    0.625000000  -0.500000000  -0.125000000 ) 

    1    1
  0.05627163  0.00000000   -0.04246156  0.00000000    0.00081408  0.00000000
 -0.04246156  0.00000000    0.05963971  0.00000000   -0.00915544  0.00000000
  0.00081408  0.00000000   -0.00915544  0.00000000    0.03489227  0.00000000

     Dynamical  Matrix in cartesian axes

     q = (    0.125000000   0.500000000   0.625000000 ) 

    1    1
  0.03489227  0.00000000   -0.00915544  0.00000000   -0.00081408  0.00000000
 -0.00915544  0.00000000    0.05963971  0.00000000    0.04246156  0.00000000
 -0.00081408  0.00000000    0.04246156  0.00000000    0.05627163  0.00000000

     Dynamical  Matrix in cartesian axes

     q = (    0.125000000  -0.500000000  -0.625000000 ) 

    1    1
  0.03489227  0.00000000    0.00915544  0.00000000    0.00081408  0.00000000
  0.00915544  0.00000000    0.05963971  0.00000000    0.04246156  0.00000000
  0.00081408  0.00000000    0.04246156  0.00000000    0.05627163  0.00000000

     Dynamical  Matrix in cartesian axes

     q = (   -0.625000000   0.125000000   0.500000000 ) 

    1    1
  0.05627163  0.00000000    0.00081408  0.00000000   -0.04246156  0.00000000
  0.00081408  0.00000000    0.03489227  0.00000000   -0.00915544  0.00000000
 -0.04246156  0.00000000   -0.00915544  0.00000000    0.05963971  0.00000000

     Dynamical  Matrix in cartesian axes

     q = (   -0.125000000   0.625000000   0.500000000 ) 

    1    1
  0.03489227  0.00000000    0.00081408  0.00000000    0.00915544  0.00000000
  0.00081408  0.00000000    0.05627163  0.00000000    0.04246156  0.00000000
  0.00915544  0.00000000    0.04246156  0.00000000    0.05963971  0.00000000

     Dynamical  Matrix in cartesian axes

     q = (    0.625000000   0.125000000  -0.500000000 ) 

    1    1
  0.05627163  0.00000000   -0.00081408  0.00000000   -0.04246156  0.00000000
 -0.00081408  0.00000000    0.03489227  0.00000000    0.00915544  0.00000000
 -0.04246156  0.00000000    0.00915544  0.00000000    0.05963971  0.00000000

     Dynamical  Matrix in cartesian axes

     q = (   -0.125000000  -0.500000000  -0.625000000 ) 

    1    1
  0.03489227  0.00000000   -0.00915544  0.00000000   -0.00081408  0.00000000
 -0.00915544  0.00000000    0.05963971  0.00000000    0.04246156  0.00000000
 -0.00081408  0.00000000    0.04246156  0.00000000    0.05627163  0.00000000

     Dynamical  Matrix in cartesian axes

     q = (   -0.125000000  -0.625000000  -0.500000000 ) 

    1    1
  0.03489227  0.00000000   -0.00081408  0.00000000   -0.00915544  0.00000000
 -0.00081408  0.00000000    0.05627163  0.00000000    0.04246156  0.00000000
 -0.00915544  0.00000000    0.04246156  0.00000000    0.05963971  0.00000000

     Dynamical  Matrix in cartesian axes

     q = (    0.125000000   0.625000000  -0.500000000 ) 

    1    1
  0.03489227  0.00000000   -0.00081408  0.00000000    0.00915544  0.00000000
 -0.00081408  0.00000000    0.05627163  0.00000000   -0.04246156  0.00000000
  0.00915544  0.00000000   -0.04246156  0.00000000    0.05963971  0.00000000

     Dynamical  Matrix in cartesian axes

     q = (   -0.125000000   0.500000000   0.625000000 ) 

    1    1
  0.03489227  0.00000000    0.00915544  0.00000000    0.00081408  0.00000000
  0.00915544  0.00000000    0.05963971  0.00000000    0.04246156  0.00000000
  0.00081408  0.00000000    0.04246156  0.00000000    0.05627163  0.00000000

     Dynamical  Matrix in cartesian axes

     q = (    0.125000000  -0.625000000  -0.500000000 ) 

    1    1
  0.03489227  0.00000000    0.00081408  0.00000000    0.00915544  0.00000000
  0.00081408  0.00000000    0.05627163  0.00000000    0.04246156  0.00000000
  0.00915544  0.00000000    0.04246156  0.00000000    0.05963971  0.00000000

     Dynamical  Matrix in cartesian axes

     q = (   -0.500000000   0.625000000  -0.125000000 ) 

    1    1
  0.05963971  0.00000000   -0.04246156  0.00000000   -0.00915544  0.00000000
 -0.04246156  0.00000000    0.05627163  0.00000000    0.00081408  0.00000000
 -0.00915544  0.00000000    0.00081408  0.00000000    0.03489227  0.00000000

     Dynamical  Matrix in cartesian axes

     q = (   -0.625000000  -0.500000000   0.125000000 ) 

    1    1
  0.05627163  0.00000000    0.04246156  0.00000000    0.00081408  0.00000000
  0.04246156  0.00000000    0.05963971  0.00000000    0.00915544  0.00000000
  0.00081408  0.00000000    0.00915544  0.00000000    0.03489227  0.00000000

     Dynamical  Matrix in cartesian axes

     q = (    0.625000000   0.500000000   0.125000000 ) 

    1    1
  0.05627163  0.00000000    0.04246156  0.00000000   -0.00081408  0.00000000
  0.04246156  0.00000000    0.05963971  0.00000000   -0.00915544  0.00000000
 -0.00081408  0.00000000   -0.00915544  0.00000000    0.03489227  0.00000000

     Dynamical  Matrix in cartesian axes

     q = (   -0.500000000  -0.625000000  -0.125000000 ) 

    1    1
  0.05963971  0.00000000    0.04246156  0.00000000   -0.00915544  0.00000000
  0.04246156  0.00000000    0.05627163  0.00000000   -0.00081408  0.00000000
 -0.00915544  0.00000000   -0.00081408  0.00000000    0.03489227  0.00000000

     Dynamical  Matrix in cartesian axes

     q = (    0.500000000  -0.625000000   0.125000000 ) 

    1    1
  0.05963971  0.00000000   -0.04246156  0.00000000   -0.00915544  0.00000000
 -0.04246156  0.00000000    0.05627163  0.00000000    0.00081408  0.00000000
 -0.00915544  0.00000000    0.00081408  0.00000000    0.03489227  0.00000000

     Dynamical  Matrix in cartesian axes

     q = (   -0.500000000   0.625000000   0.125000000 ) 

    1    1
  0.05963971  0.00000000   -0.04246156  0.00000000    0.00915544  0.00000000
 -0.04246156  0.00000000    0.05627163  0.00000000   -0.00081408  0.00000000
  0.00915544  0.00000000   -0.00081408  0.00000000    0.03489227  0.00000000

     Dynamical  Matrix in cartesian axes

     q = (    0.500000000   0.625000000  -0.125000000 ) 

    1    1
  0.05963971  0.00000000    0.04246156  0.00000000    0.00915544  0.00000000
  0.04246156  0.00000000    0.05627163  0.00000000    0.00081408  0.00000000
  0.00915544  0.00000000    0.00081408  0.00000000    0.03489227  0.00000000

     Dynamical  Matrix in cartesian axes

     q = (    0.625000000  -0.125000000   0.500000000 ) 

    1    1
  0.05627163  0.00000000    0.00081408  0.00000000    0.04246156  0.00000000
  0.00081408  0.00000000    0.03489227  0.00000000    0.00915544  0.00000000
  0.04246156  0.00000000    0.00915544  0.00000000    0.05963971  0.00000000

     Dynamical  Matrix in cartesian axes

     q = (   -0.625000000   0.500000000   0.125000000 ) 

    1    1
  0.05627163  0.00000000   -0.04246156  0.00000000    0.00081408  0.00000000
 -0.04246156  0.00000000    0.05963971  0.00000000   -0.00915544  0.00000000
  0.00081408  0.00000000   -0.00915544  0.00000000    0.03489227  0.00000000

     Dynamical  Matrix in cartesian axes

     q = (    0.625000000   0.500000000  -0.125000000 ) 

    1    1
  0.05627163  0.00000000    0.04246156  0.00000000    0.00081408  0.00000000
  0.04246156  0.00000000    0.05963971  0.00000000    0.00915544  0.00000000
  0.00081408  0.00000000    0.00915544  0.00000000    0.03489227  0.00000000

     Dynamical  Matrix in cartesian axes

     q = (   -0.625000000  -0.500000000  -0.125000000 ) 

    1    1
  0.05627163  0.00000000    0.04246156  0.00000000   -0.00081408  0.00000000
  0.04246156  0.00000000    0.05963971  0.00000000   -0.00915544  0.00000000
 -0.00081408  0.00000000   -0.00915544  0.00000000    0.03489227  0.00000000

     Dynamical  Matrix in cartesian axes

     q = (    0.625000000  -0.500000000   0.125000000 ) 

    1    1
  0.05627163  0.00000000   -0.04246156  0.00000000   -0.00081408  0.00000000
 -0.04246156  0.00000000    0.05963971  0.00000000    0.00915544  0.00000000
 -0.00081408  0.00000000    0.00915544  0.00000000    0.03489227  0.00000000

     Dynamical  Matrix in cartesian axes

     q = (    0.500000000   0.125000000  -0.625000000 ) 

    1    1
  0.05963971  0.00000000   -0.00915544  0.00000000   -0.04246156  0.00000000
 -0.00915544  0.00000000    0.03489227  0.00000000    0.00081408  0.00000000
 -0.04246156  0.00000000    0.00081408  0.00000000    0.05627163  0.00000000

     Dynamical  Matrix in cartesian axes

     q = (    0.500000000  -0.125000000   0.625000000 ) 

    1    1
  0.05963971  0.00000000    0.00915544  0.00000000    0.04246156  0.00000000
  0.00915544  0.00000000    0.03489227  0.00000000    0.00081408  0.00000000
  0.04246156  0.00000000    0.00081408  0.00000000    0.05627163  0.00000000

     Dynamical  Matrix in cartesian axes

     q = (   -0.500000000  -0.125000000  -0.625000000 ) 

    1    1
  0.05963971  0.00000000   -0.00915544  0.00000000    0.04246156  0.00000000
 -0.00915544  0.00000000    0.03489227  0.00000000   -0.00081408  0.00000000
  0.04246156  0.00000000   -0.00081408  0.00000000    0.05627163  0.00000000

     Dynamical  Matrix in cartesian axes

     q = (   -0.500000000   0.125000000   0.625000000 ) 

    1    1
  0.05963971  0.00000000    0.00915544  0.00000000   -0.04246156  0.00000000
  0.00915544  0.00000000    0.03489227  0.00000000   -0.00081408  0.00000000
 -0.04246156  0.00000000   -0.00081408  0.00000000    0.05627163  0.00000000

     Diagonalizing the dynamical matrix

     q = (   -0.125000000   0.625000000  -0.500000000 ) 

 **************************************************************************
     freq (    1) =       2.673727 [THz] =      89.185934 [cm-1]
 (  0.270820 -0.000000  0.678325 -0.000000  0.683031  0.000000 ) 
     freq (    2) =       4.296170 [THz] =     143.304809 [cm-1]
 (  0.956552  0.000000 -0.269240  0.000000 -0.111886  0.000000 ) 
     freq (    3) =       7.230912 [THz] =     241.197250 [cm-1]
 ( -0.108004  0.000000 -0.683655  0.000000  0.721769  0.000000 ) 
 **************************************************************************
