Dynamical matrix file
                                                                           
  1    1  3  7.8580971  0.0000000  0.0000000  0.0000000  0.0000000  0.0000000
           1  'Na  '    20954.103126620943     
    1    1      0.0000000000      0.0000000000      0.0000000000

     Dynamical  Matrix in cartesian axes

     q = (   -0.125000000   0.750000000  -0.375000000 ) 

    1    1
  0.02272056  0.00000000   -0.00247299  0.00000000   -0.00401349  0.00000000
 -0.00247299  0.00000000    0.02524072  0.00000000   -0.01262045  0.00000000
 -0.00401349  0.00000000   -0.01262045  0.00000000    0.02529511  0.00000000

     Dynamical  Matrix in cartesian axes

     q = (    0.750000000  -0.125000000  -0.375000000 ) 

    1    1
  0.02524072  0.00000000   -0.00247299  0.00000000   -0.01262045  0.00000000
 -0.00247299  0.00000000    0.02272056  0.00000000   -0.00401349  0.00000000
 -0.01262045  0.00000000   -0.00401349  0.00000000    0.02529511  0.00000000

     Dynamical  Matrix in cartesian axes

     q = (   -0.125000000  -0.375000000   0.750000000 ) 

    1    1
  0.02272056  0.00000000   -0.00401349  0.00000000   -0.00247299  0.00000000
 -0.00401349  0.00000000    0.02529511  0.00000000   -0.01262045  0.00000000
 -0.00247299  0.00000000   -0.01262045  0.00000000    0.02524072  0.00000000

     Dynamical  Matrix in cartesian axes

     q = (    0.125000000  -0.375000000   0.750000000 ) 

    1    1
  0.02272056  0.00000000    0.00401349  0.00000000    0.00247299  0.00000000
  0.00401349  0.00000000    0.02529511  0.00000000   -0.01262045  0.00000000
  0.00247299  0.00000000   -0.01262045  0.00000000    0.02524072  0.00000000

     Dynamical  Matrix in cartesian axes

     q = (    0.750000000   0.125000000  -0.375000000 ) 

    1    1
  0.02524072  0.00000000    0.00247299  0.00000000   -0.01262045  0.00000000
  0.00247299  0.00000000    0.02272056  0.00000000    0.00401349  0.00000000
 -0.01262045  0.00000000    0.00401349  0.00000000    0.02529511  0.00000000

     Dynamical  Matrix in cartesian axes

     q = (   -0.125000000  -0.750000000  -0.375000000 ) 

    1    1
  0.02272056  0.00000000    0.00247299  0.00000000   -0.00401349  0.00000000
  0.00247299  0.00000000    0.02524072  0.00000000    0.01262045  0.00000000
 -0.00401349  0.00000000    0.01262045  0.00000000    0.02529511  0.00000000

     Dynamical  Matrix in cartesian axes

     q = (    0.125000000   0.750000000  -0.375000000 ) 

    1    1
  0.02272056  0.00000000    0.00247299  0.00000000    0.00401349  0.00000000
  0.00247299  0.00000000    0.02524072  0.00000000   -0.01262045  0.00000000
  0.00401349  0.00000000   -0.01262045  0.00000000    0.02529511  0.00000000

     Dynamical  Matrix in cartesian axes

     q = (    0.125000000  -0.750000000  -0.375000000 ) 

    1    1
  0.02272056  0.00000000   -0.00247299  0.00000000    0.00401349  0.00000000
 -0.00247299  0.00000000    0.02524072  0.00000000    0.01262045  0.00000000
  0.00401349  0.00000000    0.01262045  0.00000000    0.02529511  0.00000000

     Dynamical  Matrix in cartesian axes

     q = (   -0.750000000   0.375000000  -0.125000000 ) 

    1    1
  0.02524072  0.00000000   -0.01262045  0.00000000    0.00247299  0.00000000
 -0.01262045  0.00000000    0.02529511  0.00000000    0.00401349  0.00000000
  0.00247299  0.00000000    0.00401349  0.00000000    0.02272056  0.00000000

     Dynamical  Matrix in cartesian axes

     q = (    0.375000000   0.125000000   0.750000000 ) 

    1    1
  0.02529511  0.00000000   -0.00401349  0.00000000    0.01262045  0.00000000
 -0.00401349  0.00000000    0.02272056  0.00000000    0.00247299  0.00000000
  0.01262045  0.00000000    0.00247299  0.00000000    0.02524072  0.00000000

     Dynamical  Matrix in cartesian axes

     q = (   -0.375000000   0.125000000  -0.750000000 ) 

    1    1
  0.02529511  0.00000000    0.00401349  0.00000000    0.01262045  0.00000000
  0.00401349  0.00000000    0.02272056  0.00000000   -0.00247299  0.00000000
  0.01262045  0.00000000   -0.00247299  0.00000000    0.02524072  0.00000000

     Dynamical  Matrix in cartesian axes

     q = (   -0.125000000   0.375000000  -0.750000000 ) 

    1    1
  0.02272056  0.00000000    0.00401349  0.00000000    0.00247299  0.00000000
  0.00401349  0.00000000    0.02529511  0.00000000   -0.01262045  0.00000000
  0.00247299  0.00000000   -0.01262045  0.00000000    0.02524072  0.00000000

     Dynamical  Matrix in cartesian axes

     q = (    0.375000000  -0.125000000  -0.750000000 ) 

    1    1
  0.02529511  0.00000000    0.00401349  0.00000000   -0.01262045  0.00000000
  0.00401349  0.00000000    0.02272056  0.00000000    0.00247299  0.00000000
 -0.01262045  0.00000000    0.00247299  0.00000000    0.02524072  0.00000000

     Dynamical  Matrix in cartesian axes

     q = (   -0.375000000  -0.125000000   0.750000000 ) 

    1    1
  0.02529511  0.00000000   -0.00401349  0.00000000   -0.01262045  0.00000000
 -0.00401349  0.00000000    0.02272056  0.00000000   -0.00247299  0.00000000
 -0.01262045  0.00000000   -0.00247299  0.00000000    0.02524072  0.00000000

     Dynamical  Matrix in cartesian axes

     q = (    0.125000000   0.750000000   0.375000000 ) 

    1    1
  0.02272056  0.00000000    0.00247299  0.00000000   -0.00401349  0.00000000
  0.00247299  0.00000000    0.02524072  0.00000000    0.01262045  0.00000000
 -0.00401349  0.00000000    0.01262045  0.00000000    0.02529511  0.00000000

     Dynamical  Matrix in cartesian axes

     q = (   -0.750000000  -0.125000000   0.375000000 ) 

    1    1
  0.02524072  0.00000000    0.00247299  0.00000000   -0.01262045  0.00000000
  0.00247299  0.00000000    0.02272056  0.00000000    0.00401349  0.00000000
 -0.01262045  0.00000000    0.00401349  0.00000000    0.02529511  0.00000000

     Dynamical  Matrix in cartesian axes

     q = (    0.750000000   0.125000000   0.375000000 ) 

    1    1
  0.02524072  0.00000000    0.00247299  0.00000000    0.01262045  0.00000000
  0.00247299  0.00000000    0.02272056  0.00000000   -0.00401349  0.00000000
  0.01262045  0.00000000   -0.00401349  0.00000000    0.02529511  0.00000000

     Dynamical  Matrix in cartesian axes

     q = (    0.375000000   0.750000000   0.125000000 ) 

    1    1
  0.02529511  0.00000000    0.01262045  0.00000000   -0.00401349  0.00000000
  0.01262045  0.00000000    0.02524072  0.00000000    0.00247299  0.00000000
 -0.00401349  0.00000000    0.00247299  0.00000000    0.02272056  0.00000000

     Dynamical  Matrix in cartesian axes

     q = (    0.375000000  -0.750000000  -0.125000000 ) 

    1    1
  0.02529511  0.00000000   -0.01262045  0.00000000    0.00401349  0.00000000
 -0.01262045  0.00000000    0.02524072  0.00000000    0.00247299  0.00000000
  0.00401349  0.00000000    0.00247299  0.00000000    0.02272056  0.00000000

     Dynamical  Matrix in cartesian axes

     q = (   -0.375000000  -0.750000000   0.125000000 ) 

    1    1
  0.02529511  0.00000000    0.01262045  0.00000000    0.00401349  0.00000000
  0.01262045  0.00000000    0.02524072  0.00000000   -0.00247299  0.00000000
  0.00401349  0.00000000   -0.00247299  0.00000000    0.02272056  0.00000000

     Dynamical  Matrix in cartesian axes

     q = (    0.125000000   0.375000000  -0.750000000 ) 

    1    1
  0.02272056  0.00000000   -0.00401349  0.00000000   -0.00247299  0.00000000
 -0.00401349  0.00000000    0.02529511  0.00000000   -0.01262045  0.00000000
 -0.00247299  0.00000000   -0.01262045  0.00000000    0.02524072  0.00000000

     Dynamical  Matrix in cartesian axes

     q = (    0.750000000  -0.375000000  -0.125000000 ) 

    1    1
  0.02524072  0.00000000   -0.01262045  0.00000000   -0.00247299  0.00000000
 -0.01262045  0.00000000    0.02529511  0.00000000   -0.00401349  0.00000000
 -0.00247299  0.00000000   -0.00401349  0.00000000    0.02272056  0.00000000

     Dynamical  Matrix in cartesian axes

     q = (    0.125000000   0.375000000   0.750000000 ) 

    1    1
  0.02272056  0.00000000   -0.00401349  0.00000000    0.00247299  0.00000000
 -0.00401349  0.00000000    0.02529511  0.00000000    0.01262045  0.00000000
  0.00247299  0.00000000    0.01262045  0.00000000    0.02524072  0.00000000

     Dynamical  Matrix in cartesian axes

     q = (    0.125000000  -0.375000000  -0.750000000 ) 

    1    1
  0.02272056  0.00000000    0.00401349  0.00000000   -0.00247299  0.00000000
  0.00401349  0.00000000    0.02529511  0.00000000    0.01262045  0.00000000
 -0.00247299  0.00000000    0.01262045  0.00000000    0.02524072  0.00000000

     Dynamical  Matrix in cartesian axes

     q = (   -0.750000000   0.125000000   0.375000000 ) 

    1    1
  0.02524072  0.00000000   -0.00247299  0.00000000   -0.01262045  0.00000000
 -0.00247299  0.00000000    0.02272056  0.00000000   -0.00401349  0.00000000
 -0.01262045  0.00000000   -0.00401349  0.00000000    0.02529511  0.00000000

     Dynamical  Matrix in cartesian axes

     q = (   -0.125000000   0.750000000   0.375000000 ) 

    1    1
  0.02272056  0.00000000   -0.00247299  0.00000000    0.00401349  0.00000000
 -0.00247299  0.00000000    0.02524072  0.00000000    0.01262045  0.00000000
  0.00401349  0.00000000    0.01262045  0.00000000    0.02529511  0.00000000

     Dynamical  Matrix in cartesian axes

     q = (   -0.125000000  -0.750000000   0.375000000 ) 

    1    1
  0.02272056  0.00000000    0.00247299  0.00000000    0.00401349  0.00000000
  0.00247299  0.00000000    0.02524072  0.00000000   -0.01262045  0.00000000
  0.00401349  0.00000000   -0.01262045  0.00000000    0.02529511  0.00000000

     Dynamical  Matrix in cartesian axes

     q = (   -0.125000000  -0.375000000  -0.750000000 ) 

    1    1
  0.02272056  0.00000000   -0.00401349  0.00000000    0.00247299  0.00000000
 -0.00401349  0.00000000    0.02529511  0.00000000    0.01262045  0.00000000
  0.00247299  0.00000000    0.01262045  0.00000000    0.02524072  0.00000000

     Dynamical  Matrix in cartesian axes

     q = (   -0.750000000   0.125000000  -0.375000000 ) 

    1    1
  0.02524072  0.00000000   -0.00247299  0.00000000    0.01262045  0.00000000
 -0.00247299  0.00000000    0.02272056  0.00000000    0.00401349  0.00000000
  0.01262045  0.00000000    0.00401349  0.00000000    0.02529511  0.00000000

     Dynamical  Matrix in cartesian axes

     q = (    0.125000000  -0.750000000   0.375000000 ) 

    1    1
  0.02272056  0.00000000   -0.00247299  0.00000000   -0.00401349  0.00000000
 -0.00247299  0.00000000    0.02524072  0.00000000   -0.01262045  0.00000000
 -0.00401349  0.00000000   -0.01262045  0.00000000    0.02529511  0.00000000

     Dynamical  Matrix in cartesian axes

     q = (   -0.125000000   0.375000000   0.750000000 ) 

    1    1
  0.02272056  0.00000000    0.00401349  0.00000000   -0.00247299  0.00000000
  0.00401349  0.00000000    0.02529511  0.00000000    0.01262045  0.00000000
 -0.00247299  0.00000000    0.01262045  0.00000000    0.02524072  0.00000000

     Dynamical  Matrix in cartesian axes

     q = (   -0.750000000  -0.125000000  -0.375000000 ) 

    1    1
  0.02524072  0.00000000    0.00247299  0.00000000    0.01262045  0.00000000
  0.00247299  0.00000000    0.02272056  0.00000000   -0.00401349  0.00000000
  0.01262045  0.00000000   -0.00401349  0.00000000    0.02529511  0.00000000

     Dynamical  Matrix in cartesian axes

     q = (   -0.375000000   0.750000000  -0.125000000 ) 

    1    1
  0.02529511  0.00000000   -0.01262045  0.00000000   -0.00401349  0.00000000
 -0.01262045  0.00000000    0.02524072  0.00000000   -0.00247299  0.00000000
 -0.00401349  0.00000000   -0.00247299  0.00000000    0.02272056  0.00000000

     Dynamical  Matrix in cartesian axes

     q = (   -0.750000000  -0.375000000   0.125000000 ) 

    1    1
  0.02524072  0.00000000    0.01262045  0.00000000   -0.00247299  0.00000000
  0.01262045  0.00000000    0.02529511  0.00000000    0.00401349  0.00000000
 -0.00247299  0.00000000    0.00401349  0.00000000    0.02272056  0.00000000

     Dynamical  Matrix in cartesian axes

     q = (    0.750000000   0.375000000   0.125000000 ) 

    1    1
  0.02524072  0.00000000    0.01262045  0.00000000    0.00247299  0.00000000
  0.01262045  0.00000000    0.02529511  0.00000000   -0.00401349  0.00000000
  0.00247299  0.00000000   -0.00401349  0.00000000    0.02272056  0.00000000

     Dynamical  Matrix in cartesian axes

     q = (   -0.375000000  -0.750000000  -0.125000000 ) 

    1    1
  0.02529511  0.00000000    0.01262045  0.00000000   -0.00401349  0.00000000
  0.01262045  0.00000000    0.02524072  0.00000000    0.00247299  0.00000000
 -0.00401349  0.00000000    0.00247299  0.00000000    0.02272056  0.00000000

     Dynamical  Matrix in cartesian axes

     q = (    0.375000000  -0.750000000   0.125000000 ) 

    1    1
  0.02529511  0.00000000   -0.01262045  0.00000000   -0.00401349  0.00000000
 -0.01262045  0.00000000    0.02524072  0.00000000   -0.00247299  0.00000000
 -0.00401349  0.00000000   -0.00247299  0.00000000    0.02272056  0.00000000

     Dynamical  Matrix in cartesian axes

     q = (   -0.375000000   0.750000000   0.125000000 ) 

    1    1
  0.02529511  0.00000000   -0.01262045  0.00000000    0.00401349  0.00000000
 -0.01262045  0.00000000    0.02524072  0.00000000    0.00247299  0.00000000
  0.00401349  0.00000000    0.00247299  0.00000000    0.02272056  0.00000000

     Dynamical  Matrix in cartesian axes

     q = (    0.375000000   0.750000000  -0.125000000 ) 

    1    1
  0.02529511  0.00000000    0.01262045  0.00000000    0.00401349  0.00000000
  0.01262045  0.00000000    0.02524072  0.00000000   -0.00247299  0.00000000
  0.00401349  0.00000000   -0.00247299  0.00000000    0.02272056  0.00000000

     Dynamical  Matrix in cartesian axes

     q = (    0.750000000  -0.125000000   0.375000000 ) 

    1    1
  0.02524072  0.00000000   -0.00247299  0.00000000    0.01262045  0.00000000
 -0.00247299  0.00000000    0.02272056  0.00000000    0.00401349  0.00000000
  0.01262045  0.00000000    0.00401349  0.00000000    0.02529511  0.00000000

     Dynamical  Matrix in cartesian axes

     q = (   -0.750000000   0.375000000   0.125000000 ) 

    1    1
  0.02524072  0.00000000   -0.01262045  0.00000000   -0.00247299  0.00000000
 -0.01262045  0.00000000    0.02529511  0.00000000   -0.00401349  0.00000000
 -0.00247299  0.00000000   -0.00401349  0.00000000    0.02272056  0.00000000

     Dynamical  Matrix in cartesian axes

     q = (    0.750000000   0.375000000  -0.125000000 ) 

    1    1
  0.02524072  0.00000000    0.01262045  0.00000000   -0.00247299  0.00000000
  0.01262045  0.00000000    0.02529511  0.00000000    0.00401349  0.00000000
 -0.00247299  0.00000000    0.00401349  0.00000000    0.02272056  0.00000000

     Dynamical  Matrix in cartesian axes

     q = (   -0.750000000  -0.375000000  -0.125000000 ) 

    1    1
  0.02524072  0.00000000    0.01262045  0.00000000    0.00247299  0.00000000
  0.01262045  0.00000000    0.02529511  0.00000000   -0.00401349  0.00000000
  0.00247299  0.00000000   -0.00401349  0.00000000    0.02272056  0.00000000

     Dynamical  Matrix in cartesian axes

     q = (    0.750000000  -0.375000000   0.125000000 ) 

    1    1
  0.02524072  0.00000000   -0.01262045  0.00000000    0.00247299  0.00000000
 -0.01262045  0.00000000    0.02529511  0.00000000    0.00401349  0.00000000
  0.00247299  0.00000000    0.00401349  0.00000000    0.02272056  0.00000000

     Dynamical  Matrix in cartesian axes

     q = (    0.375000000   0.125000000  -0.750000000 ) 

    1    1
  0.02529511  0.00000000   -0.00401349  0.00000000   -0.01262045  0.00000000
 -0.00401349  0.00000000    0.02272056  0.00000000   -0.00247299  0.00000000
 -0.01262045  0.00000000   -0.00247299  0.00000000    0.02524072  0.00000000

     Dynamical  Matrix in cartesian axes

     q = (    0.375000000  -0.125000000   0.750000000 ) 

    1    1
  0.02529511  0.00000000    0.00401349  0.00000000    0.01262045  0.00000000
  0.00401349  0.00000000    0.02272056  0.00000000   -0.00247299  0.00000000
  0.01262045  0.00000000   -0.00247299  0.00000000    0.02524072  0.00000000

     Dynamical  Matrix in cartesian axes

     q = (   -0.375000000  -0.125000000  -0.750000000 ) 

    1    1
  0.02529511  0.00000000   -0.00401349  0.00000000    0.01262045  0.00000000
 -0.00401349  0.00000000    0.02272056  0.00000000    0.00247299  0.00000000
  0.01262045  0.00000000    0.00247299  0.00000000    0.02524072  0.00000000

     Dynamical  Matrix in cartesian axes

     q = (   -0.375000000   0.125000000   0.750000000 ) 

    1    1
  0.02529511  0.00000000    0.00401349  0.00000000   -0.01262045  0.00000000
  0.00401349  0.00000000    0.02272056  0.00000000    0.00247299  0.00000000
 -0.01262045  0.00000000    0.00247299  0.00000000    0.02524072  0.00000000

     Diagonalizing the dynamical matrix

     q = (   -0.125000000   0.750000000  -0.375000000 ) 

 **************************************************************************
     freq (    1) =       2.369159 [THz] =      79.026646 [cm-1]
 ( -0.361924  0.000000 -0.649446  0.000000 -0.668753  0.000000 ) 
     freq (    2) =       3.551369 [THz] =     118.460908 [cm-1]
 (  0.929132  0.000000 -0.309533  0.000000 -0.202242  0.000000 ) 
     freq (    3) =       4.428625 [THz] =     147.723041 [cm-1]
 (  0.075656  0.000000  0.694557  0.000000 -0.715449  0.000000 ) 
 **************************************************************************
