Dynamical matrix file
                                                                           
  1    1  2  8.5720406  0.0000000  0.0000000  0.0000000  0.0000000  0.0000000
           1  'Na  '    20954.103126620943     
    1    1      0.0000000000      0.0000000000      0.0000000000

     Dynamical  Matrix in cartesian axes

     q = (    0.625000000  -0.375000000   0.875000000 ) 

    1    1
  0.03703417  0.00000000   -0.02406861  0.00000000    0.01259542  0.00000000
 -0.02406861  0.00000000    0.05456945  0.00000000   -0.01209927  0.00000000
  0.01259542  0.00000000   -0.01209927  0.00000000    0.04688978  0.00000000

     Dynamical  Matrix in cartesian axes

     q = (    0.625000000  -0.375000000  -0.875000000 ) 

    1    1
  0.03703417  0.00000000   -0.02406861  0.00000000   -0.01259542  0.00000000
 -0.02406861  0.00000000    0.05456945  0.00000000    0.01209927  0.00000000
 -0.01259542  0.00000000    0.01209927  0.00000000    0.04688978  0.00000000

     Dynamical  Matrix in cartesian axes

     q = (    0.875000000   0.375000000   0.625000000 ) 

    1    1
  0.04688978  0.00000000    0.01209927  0.00000000    0.01259542  0.00000000
  0.01209927  0.00000000    0.05456945  0.00000000    0.02406861  0.00000000
  0.01259542  0.00000000    0.02406861  0.00000000    0.03703417  0.00000000

     Dynamical  Matrix in cartesian axes

     q = (    0.625000000   0.375000000   0.875000000 ) 

    1    1
  0.03703417  0.00000000    0.02406861  0.00000000    0.01259542  0.00000000
  0.02406861  0.00000000    0.05456945  0.00000000    0.01209927  0.00000000
  0.01259542  0.00000000    0.01209927  0.00000000    0.04688978  0.00000000

     Dynamical  Matrix in cartesian axes

     q = (    0.875000000  -0.375000000  -0.625000000 ) 

    1    1
  0.04688978  0.00000000   -0.01209927  0.00000000   -0.01259542  0.00000000
 -0.01209927  0.00000000    0.05456945  0.00000000    0.02406861  0.00000000
 -0.01259542  0.00000000    0.02406861  0.00000000    0.03703417  0.00000000

     Dynamical  Matrix in cartesian axes

     q = (    0.875000000  -0.375000000   0.625000000 ) 

    1    1
  0.04688978  0.00000000   -0.01209927  0.00000000    0.01259542  0.00000000
 -0.01209927  0.00000000    0.05456945  0.00000000   -0.02406861  0.00000000
  0.01259542  0.00000000   -0.02406861  0.00000000    0.03703417  0.00000000

     Dynamical  Matrix in cartesian axes

     q = (   -0.875000000  -0.375000000   0.625000000 ) 

    1    1
  0.04688978  0.00000000    0.01209927  0.00000000   -0.01259542  0.00000000
  0.01209927  0.00000000    0.05456945  0.00000000   -0.02406861  0.00000000
 -0.01259542  0.00000000   -0.02406861  0.00000000    0.03703417  0.00000000

     Dynamical  Matrix in cartesian axes

     q = (   -0.625000000  -0.375000000  -0.875000000 ) 

    1    1
  0.03703417  0.00000000    0.02406861  0.00000000    0.01259542  0.00000000
  0.02406861  0.00000000    0.05456945  0.00000000    0.01209927  0.00000000
  0.01259542  0.00000000    0.01209927  0.00000000    0.04688978  0.00000000

     Dynamical  Matrix in cartesian axes

     q = (   -0.875000000   0.375000000  -0.625000000 ) 

    1    1
  0.04688978  0.00000000   -0.01209927  0.00000000    0.01259542  0.00000000
 -0.01209927  0.00000000    0.05456945  0.00000000   -0.02406861  0.00000000
  0.01259542  0.00000000   -0.02406861  0.00000000    0.03703417  0.00000000

     Dynamical  Matrix in cartesian axes

     q = (   -0.625000000  -0.375000000   0.875000000 ) 

    1    1
  0.03703417  0.00000000    0.02406861  0.00000000   -0.01259542  0.00000000
  0.02406861  0.00000000    0.05456945  0.00000000   -0.01209927  0.00000000
 -0.01259542  0.00000000   -0.01209927  0.00000000    0.04688978  0.00000000

     Dynamical  Matrix in cartesian axes

     q = (   -0.875000000   0.375000000   0.625000000 ) 

    1    1
  0.04688978  0.00000000   -0.01209927  0.00000000   -0.01259542  0.00000000
 -0.01209927  0.00000000    0.05456945  0.00000000    0.02406861  0.00000000
 -0.01259542  0.00000000    0.02406861  0.00000000    0.03703417  0.00000000

     Dynamical  Matrix in cartesian axes

     q = (    0.875000000   0.375000000  -0.625000000 ) 

    1    1
  0.04688978  0.00000000    0.01209927  0.00000000   -0.01259542  0.00000000
  0.01209927  0.00000000    0.05456945  0.00000000   -0.02406861  0.00000000
 -0.01259542  0.00000000   -0.02406861  0.00000000    0.03703417  0.00000000

     Dynamical  Matrix in cartesian axes

     q = (   -0.625000000   0.375000000   0.875000000 ) 

    1    1
  0.03703417  0.00000000   -0.02406861  0.00000000   -0.01259542  0.00000000
 -0.02406861  0.00000000    0.05456945  0.00000000    0.01209927  0.00000000
 -0.01259542  0.00000000    0.01209927  0.00000000    0.04688978  0.00000000

     Dynamical  Matrix in cartesian axes

     q = (   -0.875000000  -0.375000000  -0.625000000 ) 

    1    1
  0.04688978  0.00000000    0.01209927  0.00000000    0.01259542  0.00000000
  0.01209927  0.00000000    0.05456945  0.00000000    0.02406861  0.00000000
  0.01259542  0.00000000    0.02406861  0.00000000    0.03703417  0.00000000

     Dynamical  Matrix in cartesian axes

     q = (    0.625000000   0.375000000  -0.875000000 ) 

    1    1
  0.03703417  0.00000000    0.02406861  0.00000000   -0.01259542  0.00000000
  0.02406861  0.00000000    0.05456945  0.00000000   -0.01209927  0.00000000
 -0.01259542  0.00000000   -0.01209927  0.00000000    0.04688978  0.00000000

     Dynamical  Matrix in cartesian axes

     q = (   -0.625000000   0.375000000  -0.875000000 ) 

    1    1
  0.03703417  0.00000000   -0.02406861  0.00000000    0.01259542  0.00000000
 -0.02406861  0.00000000    0.05456945  0.00000000   -0.01209927  0.00000000
  0.01259542  0.00000000   -0.01209927  0.00000000    0.04688978  0.00000000

     Dynamical  Matrix in cartesian axes

     q = (   -0.375000000   0.875000000   0.625000000 ) 

    1    1
  0.05456945  0.00000000   -0.01209927  0.00000000   -0.02406861  0.00000000
 -0.01209927  0.00000000    0.04688978  0.00000000    0.01259542  0.00000000
 -0.02406861  0.00000000    0.01259542  0.00000000    0.03703417  0.00000000

     Dynamical  Matrix in cartesian axes

     q = (    0.375000000   0.875000000  -0.625000000 ) 

    1    1
  0.05456945  0.00000000    0.01209927  0.00000000   -0.02406861  0.00000000
  0.01209927  0.00000000    0.04688978  0.00000000   -0.01259542  0.00000000
 -0.02406861  0.00000000   -0.01259542  0.00000000    0.03703417  0.00000000

     Dynamical  Matrix in cartesian axes

     q = (   -0.375000000  -0.875000000  -0.625000000 ) 

    1    1
  0.05456945  0.00000000    0.01209927  0.00000000    0.02406861  0.00000000
  0.01209927  0.00000000    0.04688978  0.00000000    0.01259542  0.00000000
  0.02406861  0.00000000    0.01259542  0.00000000    0.03703417  0.00000000

     Dynamical  Matrix in cartesian axes

     q = (   -0.375000000   0.625000000  -0.875000000 ) 

    1    1
  0.05456945  0.00000000   -0.02406861  0.00000000    0.01209927  0.00000000
 -0.02406861  0.00000000    0.03703417  0.00000000   -0.01259542  0.00000000
  0.01209927  0.00000000   -0.01259542  0.00000000    0.04688978  0.00000000

     Dynamical  Matrix in cartesian axes

     q = (    0.875000000   0.625000000  -0.375000000 ) 

    1    1
  0.04688978  0.00000000    0.01259542  0.00000000   -0.01209927  0.00000000
  0.01259542  0.00000000    0.03703417  0.00000000   -0.02406861  0.00000000
 -0.01209927  0.00000000   -0.02406861  0.00000000    0.05456945  0.00000000

     Dynamical  Matrix in cartesian axes

     q = (   -0.375000000   0.875000000  -0.625000000 ) 

    1    1
  0.05456945  0.00000000   -0.01209927  0.00000000    0.02406861  0.00000000
 -0.01209927  0.00000000    0.04688978  0.00000000   -0.01259542  0.00000000
  0.02406861  0.00000000   -0.01259542  0.00000000    0.03703417  0.00000000

     Dynamical  Matrix in cartesian axes

     q = (   -0.875000000  -0.625000000  -0.375000000 ) 

    1    1
  0.04688978  0.00000000    0.01259542  0.00000000    0.01209927  0.00000000
  0.01259542  0.00000000    0.03703417  0.00000000    0.02406861  0.00000000
  0.01209927  0.00000000    0.02406861  0.00000000    0.05456945  0.00000000

     Dynamical  Matrix in cartesian axes

     q = (   -0.875000000   0.625000000   0.375000000 ) 

    1    1
  0.04688978  0.00000000   -0.01259542  0.00000000   -0.01209927  0.00000000
 -0.01259542  0.00000000    0.03703417  0.00000000    0.02406861  0.00000000
 -0.01209927  0.00000000    0.02406861  0.00000000    0.05456945  0.00000000

     Dynamical  Matrix in cartesian axes

     q = (    0.375000000  -0.625000000   0.875000000 ) 

    1    1
  0.05456945  0.00000000   -0.02406861  0.00000000    0.01209927  0.00000000
 -0.02406861  0.00000000    0.03703417  0.00000000   -0.01259542  0.00000000
  0.01209927  0.00000000   -0.01259542  0.00000000    0.04688978  0.00000000

     Dynamical  Matrix in cartesian axes

     q = (    0.375000000  -0.875000000   0.625000000 ) 

    1    1
  0.05456945  0.00000000   -0.01209927  0.00000000    0.02406861  0.00000000
 -0.01209927  0.00000000    0.04688978  0.00000000   -0.01259542  0.00000000
  0.02406861  0.00000000   -0.01259542  0.00000000    0.03703417  0.00000000

     Dynamical  Matrix in cartesian axes

     q = (    0.625000000  -0.875000000   0.375000000 ) 

    1    1
  0.03703417  0.00000000   -0.01259542  0.00000000    0.02406861  0.00000000
 -0.01259542  0.00000000    0.04688978  0.00000000   -0.01209927  0.00000000
  0.02406861  0.00000000   -0.01209927  0.00000000    0.05456945  0.00000000

     Dynamical  Matrix in cartesian axes

     q = (   -0.875000000   0.625000000  -0.375000000 ) 

    1    1
  0.04688978  0.00000000   -0.01259542  0.00000000    0.01209927  0.00000000
 -0.01259542  0.00000000    0.03703417  0.00000000   -0.02406861  0.00000000
  0.01209927  0.00000000   -0.02406861  0.00000000    0.05456945  0.00000000

     Dynamical  Matrix in cartesian axes

     q = (    0.375000000   0.625000000   0.875000000 ) 

    1    1
  0.05456945  0.00000000    0.02406861  0.00000000    0.01209927  0.00000000
  0.02406861  0.00000000    0.03703417  0.00000000    0.01259542  0.00000000
  0.01209927  0.00000000    0.01259542  0.00000000    0.04688978  0.00000000

     Dynamical  Matrix in cartesian axes

     q = (   -0.375000000   0.625000000   0.875000000 ) 

    1    1
  0.05456945  0.00000000   -0.02406861  0.00000000   -0.01209927  0.00000000
 -0.02406861  0.00000000    0.03703417  0.00000000    0.01259542  0.00000000
 -0.01209927  0.00000000    0.01259542  0.00000000    0.04688978  0.00000000

     Dynamical  Matrix in cartesian axes

     q = (    0.375000000   0.625000000  -0.875000000 ) 

    1    1
  0.05456945  0.00000000    0.02406861  0.00000000   -0.01209927  0.00000000
  0.02406861  0.00000000    0.03703417  0.00000000   -0.01259542  0.00000000
 -0.01209927  0.00000000   -0.01259542  0.00000000    0.04688978  0.00000000

     Dynamical  Matrix in cartesian axes

     q = (   -0.375000000  -0.625000000  -0.875000000 ) 

    1    1
  0.05456945  0.00000000    0.02406861  0.00000000    0.01209927  0.00000000
  0.02406861  0.00000000    0.03703417  0.00000000    0.01259542  0.00000000
  0.01209927  0.00000000    0.01259542  0.00000000    0.04688978  0.00000000

     Dynamical  Matrix in cartesian axes

     q = (   -0.625000000  -0.875000000   0.375000000 ) 

    1    1
  0.03703417  0.00000000    0.01259542  0.00000000   -0.02406861  0.00000000
  0.01259542  0.00000000    0.04688978  0.00000000   -0.01209927  0.00000000
 -0.02406861  0.00000000   -0.01209927  0.00000000    0.05456945  0.00000000

     Dynamical  Matrix in cartesian axes

     q = (   -0.375000000  -0.625000000   0.875000000 ) 

    1    1
  0.05456945  0.00000000    0.02406861  0.00000000   -0.01209927  0.00000000
  0.02406861  0.00000000    0.03703417  0.00000000   -0.01259542  0.00000000
 -0.01209927  0.00000000   -0.01259542  0.00000000    0.04688978  0.00000000

     Dynamical  Matrix in cartesian axes

     q = (    0.875000000  -0.625000000   0.375000000 ) 

    1    1
  0.04688978  0.00000000   -0.01259542  0.00000000    0.01209927  0.00000000
 -0.01259542  0.00000000    0.03703417  0.00000000   -0.02406861  0.00000000
  0.01209927  0.00000000   -0.02406861  0.00000000    0.05456945  0.00000000

     Dynamical  Matrix in cartesian axes

     q = (    0.625000000   0.875000000   0.375000000 ) 

    1    1
  0.03703417  0.00000000    0.01259542  0.00000000    0.02406861  0.00000000
  0.01259542  0.00000000    0.04688978  0.00000000    0.01209927  0.00000000
  0.02406861  0.00000000    0.01209927  0.00000000    0.05456945  0.00000000

     Dynamical  Matrix in cartesian axes

     q = (    0.375000000  -0.625000000  -0.875000000 ) 

    1    1
  0.05456945  0.00000000   -0.02406861  0.00000000   -0.01209927  0.00000000
 -0.02406861  0.00000000    0.03703417  0.00000000    0.01259542  0.00000000
 -0.01209927  0.00000000    0.01259542  0.00000000    0.04688978  0.00000000

     Dynamical  Matrix in cartesian axes

     q = (    0.625000000   0.875000000  -0.375000000 ) 

    1    1
  0.03703417  0.00000000    0.01259542  0.00000000   -0.02406861  0.00000000
  0.01259542  0.00000000    0.04688978  0.00000000   -0.01209927  0.00000000
 -0.02406861  0.00000000   -0.01209927  0.00000000    0.05456945  0.00000000

     Dynamical  Matrix in cartesian axes

     q = (   -0.625000000  -0.875000000  -0.375000000 ) 

    1    1
  0.03703417  0.00000000    0.01259542  0.00000000    0.02406861  0.00000000
  0.01259542  0.00000000    0.04688978  0.00000000    0.01209927  0.00000000
  0.02406861  0.00000000    0.01209927  0.00000000    0.05456945  0.00000000

     Dynamical  Matrix in cartesian axes

     q = (   -0.625000000   0.875000000  -0.375000000 ) 

    1    1
  0.03703417  0.00000000   -0.01259542  0.00000000    0.02406861  0.00000000
 -0.01259542  0.00000000    0.04688978  0.00000000   -0.01209927  0.00000000
  0.02406861  0.00000000   -0.01209927  0.00000000    0.05456945  0.00000000

     Dynamical  Matrix in cartesian axes

     q = (    0.375000000  -0.875000000  -0.625000000 ) 

    1    1
  0.05456945  0.00000000   -0.01209927  0.00000000   -0.02406861  0.00000000
 -0.01209927  0.00000000    0.04688978  0.00000000    0.01259542  0.00000000
 -0.02406861  0.00000000    0.01259542  0.00000000    0.03703417  0.00000000

     Dynamical  Matrix in cartesian axes

     q = (   -0.375000000  -0.875000000   0.625000000 ) 

    1    1
  0.05456945  0.00000000    0.01209927  0.00000000   -0.02406861  0.00000000
  0.01209927  0.00000000    0.04688978  0.00000000   -0.01259542  0.00000000
 -0.02406861  0.00000000   -0.01259542  0.00000000    0.03703417  0.00000000

     Dynamical  Matrix in cartesian axes

     q = (    0.375000000   0.875000000   0.625000000 ) 

    1    1
  0.05456945  0.00000000    0.01209927  0.00000000    0.02406861  0.00000000
  0.01209927  0.00000000    0.04688978  0.00000000    0.01259542  0.00000000
  0.02406861  0.00000000    0.01259542  0.00000000    0.03703417  0.00000000

     Dynamical  Matrix in cartesian axes

     q = (    0.625000000  -0.875000000  -0.375000000 ) 

    1    1
  0.03703417  0.00000000   -0.01259542  0.00000000   -0.02406861  0.00000000
 -0.01259542  0.00000000    0.04688978  0.00000000    0.01209927  0.00000000
 -0.02406861  0.00000000    0.01209927  0.00000000    0.05456945  0.00000000

     Dynamical  Matrix in cartesian axes

     q = (   -0.875000000  -0.625000000   0.375000000 ) 

    1    1
  0.04688978  0.00000000    0.01259542  0.00000000   -0.01209927  0.00000000
  0.01259542  0.00000000    0.03703417  0.00000000   -0.02406861  0.00000000
 -0.01209927  0.00000000   -0.02406861  0.00000000    0.05456945  0.00000000

     Dynamical  Matrix in cartesian axes

     q = (   -0.625000000   0.875000000   0.375000000 ) 

    1    1
  0.03703417  0.00000000   -0.01259542  0.00000000   -0.02406861  0.00000000
 -0.01259542  0.00000000    0.04688978  0.00000000    0.01209927  0.00000000
 -0.02406861  0.00000000    0.01209927  0.00000000    0.05456945  0.00000000

     Dynamical  Matrix in cartesian axes

     q = (    0.875000000   0.625000000   0.375000000 ) 

    1    1
  0.04688978  0.00000000    0.01259542  0.00000000    0.01209927  0.00000000
  0.01259542  0.00000000    0.03703417  0.00000000    0.02406861  0.00000000
  0.01209927  0.00000000    0.02406861  0.00000000    0.05456945  0.00000000

     Dynamical  Matrix in cartesian axes

     q = (    0.875000000  -0.625000000  -0.375000000 ) 

    1    1
  0.04688978  0.00000000   -0.01259542  0.00000000   -0.01209927  0.00000000
 -0.01259542  0.00000000    0.03703417  0.00000000    0.02406861  0.00000000
 -0.01209927  0.00000000    0.02406861  0.00000000    0.05456945  0.00000000

     Diagonalizing the dynamical matrix

     q = (    0.625000000  -0.375000000   0.875000000 ) 

 **************************************************************************
     freq (    1) =       3.186321 [THz] =     106.284238 [cm-1]
 (  0.837646  0.000000  0.523857  0.000000 -0.154670  0.000000 ) 
     freq (    2) =       4.463510 [THz] =     148.886672 [cm-1]
 ( -0.130002  0.000000  0.466235  0.000000  0.875057  0.000000 ) 
     freq (    3) =       6.438791 [THz] =     214.774955 [cm-1]
 (  0.530517  0.000000 -0.712881  0.000000  0.458643  0.000000 ) 
 **************************************************************************
