Dynamical matrix file
                                                                           
  1    1  3  7.7800000  0.0000000  0.0000000  0.0000000  0.0000000  0.0000000
           1  'Na  '    20954.103126620943     
    1    1      0.0000000000      0.0000000000      0.0000000000

     Dynamical  Matrix in cartesian axes

     q = (   -0.166666667   0.666666667  -0.500000000 ) 

    1    1
  0.01642013  0.00000000   -0.00037292  0.00000000   -0.00419772  0.00000000
 -0.00037292  0.00000000    0.01853663  0.00000000   -0.01275323  0.00000000
 -0.00419772  0.00000000   -0.01275323  0.00000000    0.01910828  0.00000000

     Dynamical  Matrix in cartesian axes

     q = (    0.666666667  -0.166666667  -0.500000000 ) 

    1    1
  0.01853663  0.00000000   -0.00037292  0.00000000   -0.01275323  0.00000000
 -0.00037292  0.00000000    0.01642013  0.00000000   -0.00419772  0.00000000
 -0.01275323  0.00000000   -0.00419772  0.00000000    0.01910828  0.00000000

     Dynamical  Matrix in cartesian axes

     q = (   -0.166666667   0.500000000  -0.666666667 ) 

    1    1
  0.01642013  0.00000000    0.00419772  0.00000000    0.00037292  0.00000000
  0.00419772  0.00000000    0.01910828  0.00000000   -0.01275323  0.00000000
  0.00037292  0.00000000   -0.01275323  0.00000000    0.01853663  0.00000000

     Dynamical  Matrix in cartesian axes

     q = (    0.166666667   0.500000000  -0.666666667 ) 

    1    1
  0.01642013  0.00000000   -0.00419772  0.00000000   -0.00037292  0.00000000
 -0.00419772  0.00000000    0.01910828  0.00000000   -0.01275323  0.00000000
 -0.00037292  0.00000000   -0.01275323  0.00000000    0.01853663  0.00000000

     Dynamical  Matrix in cartesian axes

     q = (   -0.166666667  -0.500000000   0.666666667 ) 

    1    1
  0.01642013  0.00000000   -0.00419772  0.00000000   -0.00037292  0.00000000
 -0.00419772  0.00000000    0.01910828  0.00000000   -0.01275323  0.00000000
 -0.00037292  0.00000000   -0.01275323  0.00000000    0.01853663  0.00000000

     Dynamical  Matrix in cartesian axes

     q = (    0.166666667  -0.500000000   0.666666667 ) 

    1    1
  0.01642013  0.00000000    0.00419772  0.00000000    0.00037292  0.00000000
  0.00419772  0.00000000    0.01910828  0.00000000   -0.01275323  0.00000000
  0.00037292  0.00000000   -0.01275323  0.00000000    0.01853663  0.00000000

     Dynamical  Matrix in cartesian axes

     q = (    0.166666667  -0.666666667   0.500000000 ) 

    1    1
  0.01642013  0.00000000   -0.00037292  0.00000000   -0.00419772  0.00000000
 -0.00037292  0.00000000    0.01853663  0.00000000   -0.01275323  0.00000000
 -0.00419772  0.00000000   -0.01275323  0.00000000    0.01910828  0.00000000

     Dynamical  Matrix in cartesian axes

     q = (   -0.166666667  -0.666666667   0.500000000 ) 

    1    1
  0.01642013  0.00000000    0.00037292  0.00000000    0.00419772  0.00000000
  0.00037292  0.00000000    0.01853663  0.00000000   -0.01275323  0.00000000
  0.00419772  0.00000000   -0.01275323  0.00000000    0.01910828  0.00000000

     Dynamical  Matrix in cartesian axes

     q = (   -0.500000000  -0.666666667  -0.166666667 ) 

    1    1
  0.01910828  0.00000000    0.01275323  0.00000000   -0.00419772  0.00000000
  0.01275323  0.00000000    0.01853663  0.00000000    0.00037292  0.00000000
 -0.00419772  0.00000000    0.00037292  0.00000000    0.01642013  0.00000000

     Dynamical  Matrix in cartesian axes

     q = (    0.500000000  -0.666666667   0.166666667 ) 

    1    1
  0.01910828  0.00000000   -0.01275323  0.00000000   -0.00419772  0.00000000
 -0.01275323  0.00000000    0.01853663  0.00000000   -0.00037292  0.00000000
 -0.00419772  0.00000000   -0.00037292  0.00000000    0.01642013  0.00000000

     Dynamical  Matrix in cartesian axes

     q = (   -0.500000000   0.666666667   0.166666667 ) 

    1    1
  0.01910828  0.00000000   -0.01275323  0.00000000    0.00419772  0.00000000
 -0.01275323  0.00000000    0.01853663  0.00000000    0.00037292  0.00000000
  0.00419772  0.00000000    0.00037292  0.00000000    0.01642013  0.00000000

     Dynamical  Matrix in cartesian axes

     q = (    0.500000000   0.666666667  -0.166666667 ) 

    1    1
  0.01910828  0.00000000    0.01275323  0.00000000    0.00419772  0.00000000
  0.01275323  0.00000000    0.01853663  0.00000000   -0.00037292  0.00000000
  0.00419772  0.00000000   -0.00037292  0.00000000    0.01642013  0.00000000

     Dynamical  Matrix in cartesian axes

     q = (    0.666666667  -0.166666667   0.500000000 ) 

    1    1
  0.01853663  0.00000000   -0.00037292  0.00000000    0.01275323  0.00000000
 -0.00037292  0.00000000    0.01642013  0.00000000    0.00419772  0.00000000
  0.01275323  0.00000000    0.00419772  0.00000000    0.01910828  0.00000000

     Dynamical  Matrix in cartesian axes

     q = (    0.666666667  -0.500000000  -0.166666667 ) 

    1    1
  0.01853663  0.00000000   -0.01275323  0.00000000   -0.00037292  0.00000000
 -0.01275323  0.00000000    0.01910828  0.00000000   -0.00419772  0.00000000
 -0.00037292  0.00000000   -0.00419772  0.00000000    0.01642013  0.00000000

     Dynamical  Matrix in cartesian axes

     q = (   -0.166666667  -0.500000000  -0.666666667 ) 

    1    1
  0.01642013  0.00000000   -0.00419772  0.00000000    0.00037292  0.00000000
 -0.00419772  0.00000000    0.01910828  0.00000000    0.01275323  0.00000000
  0.00037292  0.00000000    0.01275323  0.00000000    0.01853663  0.00000000

     Dynamical  Matrix in cartesian axes

     q = (   -0.166666667   0.500000000   0.666666667 ) 

    1    1
  0.01642013  0.00000000    0.00419772  0.00000000   -0.00037292  0.00000000
  0.00419772  0.00000000    0.01910828  0.00000000    0.01275323  0.00000000
 -0.00037292  0.00000000    0.01275323  0.00000000    0.01853663  0.00000000

     Dynamical  Matrix in cartesian axes

     q = (    0.666666667   0.166666667  -0.500000000 ) 

    1    1
  0.01853663  0.00000000    0.00037292  0.00000000   -0.01275323  0.00000000
  0.00037292  0.00000000    0.01642013  0.00000000    0.00419772  0.00000000
 -0.01275323  0.00000000    0.00419772  0.00000000    0.01910828  0.00000000

     Dynamical  Matrix in cartesian axes

     q = (    0.166666667   0.666666667  -0.500000000 ) 

    1    1
  0.01642013  0.00000000    0.00037292  0.00000000    0.00419772  0.00000000
  0.00037292  0.00000000    0.01853663  0.00000000   -0.01275323  0.00000000
  0.00419772  0.00000000   -0.01275323  0.00000000    0.01910828  0.00000000

     Dynamical  Matrix in cartesian axes

     q = (    0.666666667   0.500000000   0.166666667 ) 

    1    1
  0.01853663  0.00000000    0.01275323  0.00000000    0.00037292  0.00000000
  0.01275323  0.00000000    0.01910828  0.00000000   -0.00419772  0.00000000
  0.00037292  0.00000000   -0.00419772  0.00000000    0.01642013  0.00000000

     Dynamical  Matrix in cartesian axes

     q = (   -0.666666667   0.500000000  -0.166666667 ) 

    1    1
  0.01853663  0.00000000   -0.01275323  0.00000000    0.00037292  0.00000000
 -0.01275323  0.00000000    0.01910828  0.00000000    0.00419772  0.00000000
  0.00037292  0.00000000    0.00419772  0.00000000    0.01642013  0.00000000

     Dynamical  Matrix in cartesian axes

     q = (    0.500000000   0.166666667   0.666666667 ) 

    1    1
  0.01910828  0.00000000   -0.00419772  0.00000000    0.01275323  0.00000000
 -0.00419772  0.00000000    0.01642013  0.00000000    0.00037292  0.00000000
  0.01275323  0.00000000    0.00037292  0.00000000    0.01853663  0.00000000

     Dynamical  Matrix in cartesian axes

     q = (   -0.500000000   0.166666667  -0.666666667 ) 

    1    1
  0.01910828  0.00000000    0.00419772  0.00000000    0.01275323  0.00000000
  0.00419772  0.00000000    0.01642013  0.00000000   -0.00037292  0.00000000
  0.01275323  0.00000000   -0.00037292  0.00000000    0.01853663  0.00000000

     Dynamical  Matrix in cartesian axes

     q = (    0.500000000   0.666666667   0.166666667 ) 

    1    1
  0.01910828  0.00000000    0.01275323  0.00000000   -0.00419772  0.00000000
  0.01275323  0.00000000    0.01853663  0.00000000    0.00037292  0.00000000
 -0.00419772  0.00000000    0.00037292  0.00000000    0.01642013  0.00000000

     Dynamical  Matrix in cartesian axes

     q = (    0.500000000  -0.166666667  -0.666666667 ) 

    1    1
  0.01910828  0.00000000    0.00419772  0.00000000   -0.01275323  0.00000000
  0.00419772  0.00000000    0.01642013  0.00000000    0.00037292  0.00000000
 -0.01275323  0.00000000    0.00037292  0.00000000    0.01853663  0.00000000

     Dynamical  Matrix in cartesian axes

     q = (   -0.666666667   0.166666667   0.500000000 ) 

    1    1
  0.01853663  0.00000000   -0.00037292  0.00000000   -0.01275323  0.00000000
 -0.00037292  0.00000000    0.01642013  0.00000000   -0.00419772  0.00000000
 -0.01275323  0.00000000   -0.00419772  0.00000000    0.01910828  0.00000000

     Dynamical  Matrix in cartesian axes

     q = (   -0.166666667   0.666666667   0.500000000 ) 

    1    1
  0.01642013  0.00000000   -0.00037292  0.00000000    0.00419772  0.00000000
 -0.00037292  0.00000000    0.01853663  0.00000000    0.01275323  0.00000000
  0.00419772  0.00000000    0.01275323  0.00000000    0.01910828  0.00000000

     Dynamical  Matrix in cartesian axes

     q = (   -0.500000000  -0.166666667   0.666666667 ) 

    1    1
  0.01910828  0.00000000   -0.00419772  0.00000000   -0.01275323  0.00000000
 -0.00419772  0.00000000    0.01642013  0.00000000   -0.00037292  0.00000000
 -0.01275323  0.00000000   -0.00037292  0.00000000    0.01853663  0.00000000

     Dynamical  Matrix in cartesian axes

     q = (    0.166666667   0.666666667   0.500000000 ) 

    1    1
  0.01642013  0.00000000    0.00037292  0.00000000   -0.00419772  0.00000000
  0.00037292  0.00000000    0.01853663  0.00000000    0.01275323  0.00000000
 -0.00419772  0.00000000    0.01275323  0.00000000    0.01910828  0.00000000

     Dynamical  Matrix in cartesian axes

     q = (   -0.500000000   0.666666667  -0.166666667 ) 

    1    1
  0.01910828  0.00000000   -0.01275323  0.00000000   -0.00419772  0.00000000
 -0.01275323  0.00000000    0.01853663  0.00000000   -0.00037292  0.00000000
 -0.00419772  0.00000000   -0.00037292  0.00000000    0.01642013  0.00000000

     Dynamical  Matrix in cartesian axes

     q = (   -0.666666667  -0.166666667  -0.500000000 ) 

    1    1
  0.01853663  0.00000000    0.00037292  0.00000000    0.01275323  0.00000000
  0.00037292  0.00000000    0.01642013  0.00000000   -0.00419772  0.00000000
  0.01275323  0.00000000   -0.00419772  0.00000000    0.01910828  0.00000000

     Dynamical  Matrix in cartesian axes

     q = (   -0.666666667  -0.166666667   0.500000000 ) 

    1    1
  0.01853663  0.00000000    0.00037292  0.00000000   -0.01275323  0.00000000
  0.00037292  0.00000000    0.01642013  0.00000000    0.00419772  0.00000000
 -0.01275323  0.00000000    0.00419772  0.00000000    0.01910828  0.00000000

     Dynamical  Matrix in cartesian axes

     q = (    0.666666667   0.166666667   0.500000000 ) 

    1    1
  0.01853663  0.00000000    0.00037292  0.00000000    0.01275323  0.00000000
  0.00037292  0.00000000    0.01642013  0.00000000   -0.00419772  0.00000000
  0.01275323  0.00000000   -0.00419772  0.00000000    0.01910828  0.00000000

     Dynamical  Matrix in cartesian axes

     q = (    0.166666667  -0.666666667  -0.500000000 ) 

    1    1
  0.01642013  0.00000000   -0.00037292  0.00000000    0.00419772  0.00000000
 -0.00037292  0.00000000    0.01853663  0.00000000    0.01275323  0.00000000
  0.00419772  0.00000000    0.01275323  0.00000000    0.01910828  0.00000000

     Dynamical  Matrix in cartesian axes

     q = (   -0.666666667   0.166666667  -0.500000000 ) 

    1    1
  0.01853663  0.00000000   -0.00037292  0.00000000    0.01275323  0.00000000
 -0.00037292  0.00000000    0.01642013  0.00000000    0.00419772  0.00000000
  0.01275323  0.00000000    0.00419772  0.00000000    0.01910828  0.00000000

     Dynamical  Matrix in cartesian axes

     q = (    0.500000000  -0.666666667  -0.166666667 ) 

    1    1
  0.01910828  0.00000000   -0.01275323  0.00000000    0.00419772  0.00000000
 -0.01275323  0.00000000    0.01853663  0.00000000    0.00037292  0.00000000
  0.00419772  0.00000000    0.00037292  0.00000000    0.01642013  0.00000000

     Dynamical  Matrix in cartesian axes

     q = (   -0.500000000  -0.666666667   0.166666667 ) 

    1    1
  0.01910828  0.00000000    0.01275323  0.00000000    0.00419772  0.00000000
  0.01275323  0.00000000    0.01853663  0.00000000   -0.00037292  0.00000000
  0.00419772  0.00000000   -0.00037292  0.00000000    0.01642013  0.00000000

     Dynamical  Matrix in cartesian axes

     q = (   -0.166666667  -0.666666667  -0.500000000 ) 

    1    1
  0.01642013  0.00000000    0.00037292  0.00000000   -0.00419772  0.00000000
  0.00037292  0.00000000    0.01853663  0.00000000    0.01275323  0.00000000
 -0.00419772  0.00000000    0.01275323  0.00000000    0.01910828  0.00000000

     Dynamical  Matrix in cartesian axes

     q = (   -0.666666667  -0.500000000   0.166666667 ) 

    1    1
  0.01853663  0.00000000    0.01275323  0.00000000   -0.00037292  0.00000000
  0.01275323  0.00000000    0.01910828  0.00000000    0.00419772  0.00000000
 -0.00037292  0.00000000    0.00419772  0.00000000    0.01642013  0.00000000

     Dynamical  Matrix in cartesian axes

     q = (    0.166666667   0.500000000   0.666666667 ) 

    1    1
  0.01642013  0.00000000   -0.00419772  0.00000000    0.00037292  0.00000000
 -0.00419772  0.00000000    0.01910828  0.00000000    0.01275323  0.00000000
  0.00037292  0.00000000    0.01275323  0.00000000    0.01853663  0.00000000

     Dynamical  Matrix in cartesian axes

     q = (    0.166666667  -0.500000000  -0.666666667 ) 

    1    1
  0.01642013  0.00000000    0.00419772  0.00000000   -0.00037292  0.00000000
  0.00419772  0.00000000    0.01910828  0.00000000    0.01275323  0.00000000
 -0.00037292  0.00000000    0.01275323  0.00000000    0.01853663  0.00000000

     Dynamical  Matrix in cartesian axes

     q = (   -0.666666667   0.500000000   0.166666667 ) 

    1    1
  0.01853663  0.00000000   -0.01275323  0.00000000   -0.00037292  0.00000000
 -0.01275323  0.00000000    0.01910828  0.00000000   -0.00419772  0.00000000
 -0.00037292  0.00000000   -0.00419772  0.00000000    0.01642013  0.00000000

     Dynamical  Matrix in cartesian axes

     q = (    0.666666667   0.500000000  -0.166666667 ) 

    1    1
  0.01853663  0.00000000    0.01275323  0.00000000   -0.00037292  0.00000000
  0.01275323  0.00000000    0.01910828  0.00000000    0.00419772  0.00000000
 -0.00037292  0.00000000    0.00419772  0.00000000    0.01642013  0.00000000

     Dynamical  Matrix in cartesian axes

     q = (   -0.666666667  -0.500000000  -0.166666667 ) 

    1    1
  0.01853663  0.00000000    0.01275323  0.00000000    0.00037292  0.00000000
  0.01275323  0.00000000    0.01910828  0.00000000   -0.00419772  0.00000000
  0.00037292  0.00000000   -0.00419772  0.00000000    0.01642013  0.00000000

     Dynamical  Matrix in cartesian axes

     q = (    0.666666667  -0.500000000   0.166666667 ) 

    1    1
  0.01853663  0.00000000   -0.01275323  0.00000000    0.00037292  0.00000000
 -0.01275323  0.00000000    0.01910828  0.00000000    0.00419772  0.00000000
  0.00037292  0.00000000    0.00419772  0.00000000    0.01642013  0.00000000

     Dynamical  Matrix in cartesian axes

     q = (    0.500000000   0.166666667  -0.666666667 ) 

    1    1
  0.01910828  0.00000000   -0.00419772  0.00000000   -0.01275323  0.00000000
 -0.00419772  0.00000000    0.01642013  0.00000000   -0.00037292  0.00000000
 -0.01275323  0.00000000   -0.00037292  0.00000000    0.01853663  0.00000000

     Dynamical  Matrix in cartesian axes

     q = (    0.500000000  -0.166666667   0.666666667 ) 

    1    1
  0.01910828  0.00000000    0.00419772  0.00000000    0.01275323  0.00000000
  0.00419772  0.00000000    0.01642013  0.00000000   -0.00037292  0.00000000
  0.01275323  0.00000000   -0.00037292  0.00000000    0.01853663  0.00000000

     Dynamical  Matrix in cartesian axes

     q = (   -0.500000000  -0.166666667  -0.666666667 ) 

    1    1
  0.01910828  0.00000000   -0.00419772  0.00000000    0.01275323  0.00000000
 -0.00419772  0.00000000    0.01642013  0.00000000    0.00037292  0.00000000
  0.01275323  0.00000000    0.00037292  0.00000000    0.01853663  0.00000000

     Dynamical  Matrix in cartesian axes

     q = (   -0.500000000   0.166666667   0.666666667 ) 

    1    1
  0.01910828  0.00000000    0.00419772  0.00000000   -0.01275323  0.00000000
  0.00419772  0.00000000    0.01642013  0.00000000    0.00037292  0.00000000
 -0.01275323  0.00000000    0.00037292  0.00000000    0.01853663  0.00000000

     Diagonalizing the dynamical matrix

     q = (   -0.166666667   0.666666667  -0.500000000 ) 

 **************************************************************************
     freq (    1) =       1.628495 [THz] =      54.320740 [cm-1]
 (  0.279288 -0.000000  0.665986 -0.000000  0.691709  0.000000 ) 
     freq (    2) =       2.950951 [THz] =      98.433139 [cm-1]
 (  0.943798  0.000000 -0.323007  0.000000 -0.070077  0.000000 ) 
     freq (    3) =       4.070033 [THz] =     135.761700 [cm-1]
 ( -0.176757  0.000000 -0.672406  0.000000  0.718768  0.000000 ) 
 **************************************************************************
