Dynamical matrix file
                                                                           
  1    1  2  9.5776251  0.0000000  0.0000000  0.0000000  0.0000000  0.0000000
           1  'Na  '    20954.103126620943     
    1    1      0.0000000000      0.0000000000      0.0000000000

     Dynamical  Matrix in cartesian axes

     q = (    0.625000000  -0.375000000   0.875000000 ) 

    1    1
  0.02485438  0.00000000   -0.01192852  0.00000000    0.00539947  0.00000000
 -0.01192852  0.00000000    0.03370380  0.00000000   -0.00491125  0.00000000
  0.00539947  0.00000000   -0.00491125  0.00000000    0.03058800  0.00000000

     Dynamical  Matrix in cartesian axes

     q = (    0.625000000  -0.375000000  -0.875000000 ) 

    1    1
  0.02485438  0.00000000   -0.01192852  0.00000000   -0.00539947  0.00000000
 -0.01192852  0.00000000    0.03370380  0.00000000    0.00491125  0.00000000
 -0.00539947  0.00000000    0.00491125  0.00000000    0.03058800  0.00000000

     Dynamical  Matrix in cartesian axes

     q = (    0.875000000   0.375000000   0.625000000 ) 

    1    1
  0.03058800  0.00000000    0.00491125  0.00000000    0.00539947  0.00000000
  0.00491125  0.00000000    0.03370380  0.00000000    0.01192852  0.00000000
  0.00539947  0.00000000    0.01192852  0.00000000    0.02485438  0.00000000

     Dynamical  Matrix in cartesian axes

     q = (    0.625000000   0.375000000   0.875000000 ) 

    1    1
  0.02485438  0.00000000    0.01192852  0.00000000    0.00539947  0.00000000
  0.01192852  0.00000000    0.03370380  0.00000000    0.00491125  0.00000000
  0.00539947  0.00000000    0.00491125  0.00000000    0.03058800  0.00000000

     Dynamical  Matrix in cartesian axes

     q = (    0.875000000  -0.375000000  -0.625000000 ) 

    1    1
  0.03058800  0.00000000   -0.00491125  0.00000000   -0.00539947  0.00000000
 -0.00491125  0.00000000    0.03370380  0.00000000    0.01192852  0.00000000
 -0.00539947  0.00000000    0.01192852  0.00000000    0.02485438  0.00000000

     Dynamical  Matrix in cartesian axes

     q = (    0.875000000  -0.375000000   0.625000000 ) 

    1    1
  0.03058800  0.00000000   -0.00491125  0.00000000    0.00539947  0.00000000
 -0.00491125  0.00000000    0.03370380  0.00000000   -0.01192852  0.00000000
  0.00539947  0.00000000   -0.01192852  0.00000000    0.02485438  0.00000000

     Dynamical  Matrix in cartesian axes

     q = (   -0.875000000  -0.375000000   0.625000000 ) 

    1    1
  0.03058800  0.00000000    0.00491125  0.00000000   -0.00539947  0.00000000
  0.00491125  0.00000000    0.03370380  0.00000000   -0.01192852  0.00000000
 -0.00539947  0.00000000   -0.01192852  0.00000000    0.02485438  0.00000000

     Dynamical  Matrix in cartesian axes

     q = (   -0.625000000  -0.375000000  -0.875000000 ) 

    1    1
  0.02485438  0.00000000    0.01192852  0.00000000    0.00539947  0.00000000
  0.01192852  0.00000000    0.03370380  0.00000000    0.00491125  0.00000000
  0.00539947  0.00000000    0.00491125  0.00000000    0.03058800  0.00000000

     Dynamical  Matrix in cartesian axes

     q = (   -0.875000000   0.375000000  -0.625000000 ) 

    1    1
  0.03058800  0.00000000   -0.00491125  0.00000000    0.00539947  0.00000000
 -0.00491125  0.00000000    0.03370380  0.00000000   -0.01192852  0.00000000
  0.00539947  0.00000000   -0.01192852  0.00000000    0.02485438  0.00000000

     Dynamical  Matrix in cartesian axes

     q = (   -0.625000000  -0.375000000   0.875000000 ) 

    1    1
  0.02485438  0.00000000    0.01192852  0.00000000   -0.00539947  0.00000000
  0.01192852  0.00000000    0.03370380  0.00000000   -0.00491125  0.00000000
 -0.00539947  0.00000000   -0.00491125  0.00000000    0.03058800  0.00000000

     Dynamical  Matrix in cartesian axes

     q = (   -0.875000000   0.375000000   0.625000000 ) 

    1    1
  0.03058800  0.00000000   -0.00491125  0.00000000   -0.00539947  0.00000000
 -0.00491125  0.00000000    0.03370380  0.00000000    0.01192852  0.00000000
 -0.00539947  0.00000000    0.01192852  0.00000000    0.02485438  0.00000000

     Dynamical  Matrix in cartesian axes

     q = (    0.875000000   0.375000000  -0.625000000 ) 

    1    1
  0.03058800  0.00000000    0.00491125  0.00000000   -0.00539947  0.00000000
  0.00491125  0.00000000    0.03370380  0.00000000   -0.01192852  0.00000000
 -0.00539947  0.00000000   -0.01192852  0.00000000    0.02485438  0.00000000

     Dynamical  Matrix in cartesian axes

     q = (   -0.625000000   0.375000000   0.875000000 ) 

    1    1
  0.02485438  0.00000000   -0.01192852  0.00000000   -0.00539947  0.00000000
 -0.01192852  0.00000000    0.03370380  0.00000000    0.00491125  0.00000000
 -0.00539947  0.00000000    0.00491125  0.00000000    0.03058800  0.00000000

     Dynamical  Matrix in cartesian axes

     q = (   -0.875000000  -0.375000000  -0.625000000 ) 

    1    1
  0.03058800  0.00000000    0.00491125  0.00000000    0.00539947  0.00000000
  0.00491125  0.00000000    0.03370380  0.00000000    0.01192852  0.00000000
  0.00539947  0.00000000    0.01192852  0.00000000    0.02485438  0.00000000

     Dynamical  Matrix in cartesian axes

     q = (    0.625000000   0.375000000  -0.875000000 ) 

    1    1
  0.02485438  0.00000000    0.01192852  0.00000000   -0.00539947  0.00000000
  0.01192852  0.00000000    0.03370380  0.00000000   -0.00491125  0.00000000
 -0.00539947  0.00000000   -0.00491125  0.00000000    0.03058800  0.00000000

     Dynamical  Matrix in cartesian axes

     q = (   -0.625000000   0.375000000  -0.875000000 ) 

    1    1
  0.02485438  0.00000000   -0.01192852  0.00000000    0.00539947  0.00000000
 -0.01192852  0.00000000    0.03370380  0.00000000   -0.00491125  0.00000000
  0.00539947  0.00000000   -0.00491125  0.00000000    0.03058800  0.00000000

     Dynamical  Matrix in cartesian axes

     q = (   -0.375000000   0.875000000   0.625000000 ) 

    1    1
  0.03370380  0.00000000   -0.00491125  0.00000000   -0.01192852  0.00000000
 -0.00491125  0.00000000    0.03058800  0.00000000    0.00539947  0.00000000
 -0.01192852  0.00000000    0.00539947  0.00000000    0.02485438  0.00000000

     Dynamical  Matrix in cartesian axes

     q = (    0.375000000   0.875000000  -0.625000000 ) 

    1    1
  0.03370380  0.00000000    0.00491125  0.00000000   -0.01192852  0.00000000
  0.00491125  0.00000000    0.03058800  0.00000000   -0.00539947  0.00000000
 -0.01192852  0.00000000   -0.00539947  0.00000000    0.02485438  0.00000000

     Dynamical  Matrix in cartesian axes

     q = (   -0.375000000  -0.875000000  -0.625000000 ) 

    1    1
  0.03370380  0.00000000    0.00491125  0.00000000    0.01192852  0.00000000
  0.00491125  0.00000000    0.03058800  0.00000000    0.00539947  0.00000000
  0.01192852  0.00000000    0.00539947  0.00000000    0.02485438  0.00000000

     Dynamical  Matrix in cartesian axes

     q = (   -0.375000000   0.625000000  -0.875000000 ) 

    1    1
  0.03370380  0.00000000   -0.01192852  0.00000000    0.00491125  0.00000000
 -0.01192852  0.00000000    0.02485438  0.00000000   -0.00539947  0.00000000
  0.00491125  0.00000000   -0.00539947  0.00000000    0.03058800  0.00000000

     Dynamical  Matrix in cartesian axes

     q = (    0.875000000   0.625000000  -0.375000000 ) 

    1    1
  0.03058800  0.00000000    0.00539947  0.00000000   -0.00491125  0.00000000
  0.00539947  0.00000000    0.02485438  0.00000000   -0.01192852  0.00000000
 -0.00491125  0.00000000   -0.01192852  0.00000000    0.03370380  0.00000000

     Dynamical  Matrix in cartesian axes

     q = (   -0.375000000   0.875000000  -0.625000000 ) 

    1    1
  0.03370380  0.00000000   -0.00491125  0.00000000    0.01192852  0.00000000
 -0.00491125  0.00000000    0.03058800  0.00000000   -0.00539947  0.00000000
  0.01192852  0.00000000   -0.00539947  0.00000000    0.02485438  0.00000000

     Dynamical  Matrix in cartesian axes

     q = (   -0.875000000  -0.625000000  -0.375000000 ) 

    1    1
  0.03058800  0.00000000    0.00539947  0.00000000    0.00491125  0.00000000
  0.00539947  0.00000000    0.02485438  0.00000000    0.01192852  0.00000000
  0.00491125  0.00000000    0.01192852  0.00000000    0.03370380  0.00000000

     Dynamical  Matrix in cartesian axes

     q = (   -0.875000000   0.625000000   0.375000000 ) 

    1    1
  0.03058800  0.00000000   -0.00539947  0.00000000   -0.00491125  0.00000000
 -0.00539947  0.00000000    0.02485438  0.00000000    0.01192852  0.00000000
 -0.00491125  0.00000000    0.01192852  0.00000000    0.03370380  0.00000000

     Dynamical  Matrix in cartesian axes

     q = (    0.375000000  -0.625000000   0.875000000 ) 

    1    1
  0.03370380  0.00000000   -0.01192852  0.00000000    0.00491125  0.00000000
 -0.01192852  0.00000000    0.02485438  0.00000000   -0.00539947  0.00000000
  0.00491125  0.00000000   -0.00539947  0.00000000    0.03058800  0.00000000

     Dynamical  Matrix in cartesian axes

     q = (    0.375000000  -0.875000000   0.625000000 ) 

    1    1
  0.03370380  0.00000000   -0.00491125  0.00000000    0.01192852  0.00000000
 -0.00491125  0.00000000    0.03058800  0.00000000   -0.00539947  0.00000000
  0.01192852  0.00000000   -0.00539947  0.00000000    0.02485438  0.00000000

     Dynamical  Matrix in cartesian axes

     q = (    0.625000000  -0.875000000   0.375000000 ) 

    1    1
  0.02485438  0.00000000   -0.00539947  0.00000000    0.01192852  0.00000000
 -0.00539947  0.00000000    0.03058800  0.00000000   -0.00491125  0.00000000
  0.01192852  0.00000000   -0.00491125  0.00000000    0.03370380  0.00000000

     Dynamical  Matrix in cartesian axes

     q = (   -0.875000000   0.625000000  -0.375000000 ) 

    1    1
  0.03058800  0.00000000   -0.00539947  0.00000000    0.00491125  0.00000000
 -0.00539947  0.00000000    0.02485438  0.00000000   -0.01192852  0.00000000
  0.00491125  0.00000000   -0.01192852  0.00000000    0.03370380  0.00000000

     Dynamical  Matrix in cartesian axes

     q = (    0.375000000   0.625000000   0.875000000 ) 

    1    1
  0.03370380  0.00000000    0.01192852  0.00000000    0.00491125  0.00000000
  0.01192852  0.00000000    0.02485438  0.00000000    0.00539947  0.00000000
  0.00491125  0.00000000    0.00539947  0.00000000    0.03058800  0.00000000

     Dynamical  Matrix in cartesian axes

     q = (   -0.375000000   0.625000000   0.875000000 ) 

    1    1
  0.03370380  0.00000000   -0.01192852  0.00000000   -0.00491125  0.00000000
 -0.01192852  0.00000000    0.02485438  0.00000000    0.00539947  0.00000000
 -0.00491125  0.00000000    0.00539947  0.00000000    0.03058800  0.00000000

     Dynamical  Matrix in cartesian axes

     q = (    0.375000000   0.625000000  -0.875000000 ) 

    1    1
  0.03370380  0.00000000    0.01192852  0.00000000   -0.00491125  0.00000000
  0.01192852  0.00000000    0.02485438  0.00000000   -0.00539947  0.00000000
 -0.00491125  0.00000000   -0.00539947  0.00000000    0.03058800  0.00000000

     Dynamical  Matrix in cartesian axes

     q = (   -0.375000000  -0.625000000  -0.875000000 ) 

    1    1
  0.03370380  0.00000000    0.01192852  0.00000000    0.00491125  0.00000000
  0.01192852  0.00000000    0.02485438  0.00000000    0.00539947  0.00000000
  0.00491125  0.00000000    0.00539947  0.00000000    0.03058800  0.00000000

     Dynamical  Matrix in cartesian axes

     q = (   -0.625000000  -0.875000000   0.375000000 ) 

    1    1
  0.02485438  0.00000000    0.00539947  0.00000000   -0.01192852  0.00000000
  0.00539947  0.00000000    0.03058800  0.00000000   -0.00491125  0.00000000
 -0.01192852  0.00000000   -0.00491125  0.00000000    0.03370380  0.00000000

     Dynamical  Matrix in cartesian axes

     q = (   -0.375000000  -0.625000000   0.875000000 ) 

    1    1
  0.03370380  0.00000000    0.01192852  0.00000000   -0.00491125  0.00000000
  0.01192852  0.00000000    0.02485438  0.00000000   -0.00539947  0.00000000
 -0.00491125  0.00000000   -0.00539947  0.00000000    0.03058800  0.00000000

     Dynamical  Matrix in cartesian axes

     q = (    0.875000000  -0.625000000   0.375000000 ) 

    1    1
  0.03058800  0.00000000   -0.00539947  0.00000000    0.00491125  0.00000000
 -0.00539947  0.00000000    0.02485438  0.00000000   -0.01192852  0.00000000
  0.00491125  0.00000000   -0.01192852  0.00000000    0.03370380  0.00000000

     Dynamical  Matrix in cartesian axes

     q = (    0.625000000   0.875000000   0.375000000 ) 

    1    1
  0.02485438  0.00000000    0.00539947  0.00000000    0.01192852  0.00000000
  0.00539947  0.00000000    0.03058800  0.00000000    0.00491125  0.00000000
  0.01192852  0.00000000    0.00491125  0.00000000    0.03370380  0.00000000

     Dynamical  Matrix in cartesian axes

     q = (    0.375000000  -0.625000000  -0.875000000 ) 

    1    1
  0.03370380  0.00000000   -0.01192852  0.00000000   -0.00491125  0.00000000
 -0.01192852  0.00000000    0.02485438  0.00000000    0.00539947  0.00000000
 -0.00491125  0.00000000    0.00539947  0.00000000    0.03058800  0.00000000

     Dynamical  Matrix in cartesian axes

     q = (    0.625000000   0.875000000  -0.375000000 ) 

    1    1
  0.02485438  0.00000000    0.00539947  0.00000000   -0.01192852  0.00000000
  0.00539947  0.00000000    0.03058800  0.00000000   -0.00491125  0.00000000
 -0.01192852  0.00000000   -0.00491125  0.00000000    0.03370380  0.00000000

     Dynamical  Matrix in cartesian axes

     q = (   -0.625000000  -0.875000000  -0.375000000 ) 

    1    1
  0.02485438  0.00000000    0.00539947  0.00000000    0.01192852  0.00000000
  0.00539947  0.00000000    0.03058800  0.00000000    0.00491125  0.00000000
  0.01192852  0.00000000    0.00491125  0.00000000    0.03370380  0.00000000

     Dynamical  Matrix in cartesian axes

     q = (   -0.625000000   0.875000000  -0.375000000 ) 

    1    1
  0.02485438  0.00000000   -0.00539947  0.00000000    0.01192852  0.00000000
 -0.00539947  0.00000000    0.03058800  0.00000000   -0.00491125  0.00000000
  0.01192852  0.00000000   -0.00491125  0.00000000    0.03370380  0.00000000

     Dynamical  Matrix in cartesian axes

     q = (    0.375000000  -0.875000000  -0.625000000 ) 

    1    1
  0.03370380  0.00000000   -0.00491125  0.00000000   -0.01192852  0.00000000
 -0.00491125  0.00000000    0.03058800  0.00000000    0.00539947  0.00000000
 -0.01192852  0.00000000    0.00539947  0.00000000    0.02485438  0.00000000

     Dynamical  Matrix in cartesian axes

     q = (   -0.375000000  -0.875000000   0.625000000 ) 

    1    1
  0.03370380  0.00000000    0.00491125  0.00000000   -0.01192852  0.00000000
  0.00491125  0.00000000    0.03058800  0.00000000   -0.00539947  0.00000000
 -0.01192852  0.00000000   -0.00539947  0.00000000    0.02485438  0.00000000

     Dynamical  Matrix in cartesian axes

     q = (    0.375000000   0.875000000   0.625000000 ) 

    1    1
  0.03370380  0.00000000    0.00491125  0.00000000    0.01192852  0.00000000
  0.00491125  0.00000000    0.03058800  0.00000000    0.00539947  0.00000000
  0.01192852  0.00000000    0.00539947  0.00000000    0.02485438  0.00000000

     Dynamical  Matrix in cartesian axes

     q = (    0.625000000  -0.875000000  -0.375000000 ) 

    1    1
  0.02485438  0.00000000   -0.00539947  0.00000000   -0.01192852  0.00000000
 -0.00539947  0.00000000    0.03058800  0.00000000    0.00491125  0.00000000
 -0.01192852  0.00000000    0.00491125  0.00000000    0.03370380  0.00000000

     Dynamical  Matrix in cartesian axes

     q = (   -0.875000000  -0.625000000   0.375000000 ) 

    1    1
  0.03058800  0.00000000    0.00539947  0.00000000   -0.00491125  0.00000000
  0.00539947  0.00000000    0.02485438  0.00000000   -0.01192852  0.00000000
 -0.00491125  0.00000000   -0.01192852  0.00000000    0.03370380  0.00000000

     Dynamical  Matrix in cartesian axes

     q = (   -0.625000000   0.875000000   0.375000000 ) 

    1    1
  0.02485438  0.00000000   -0.00539947  0.00000000   -0.01192852  0.00000000
 -0.00539947  0.00000000    0.03058800  0.00000000    0.00491125  0.00000000
 -0.01192852  0.00000000    0.00491125  0.00000000    0.03370380  0.00000000

     Dynamical  Matrix in cartesian axes

     q = (    0.875000000   0.625000000   0.375000000 ) 

    1    1
  0.03058800  0.00000000    0.00539947  0.00000000    0.00491125  0.00000000
  0.00539947  0.00000000    0.02485438  0.00000000    0.01192852  0.00000000
  0.00491125  0.00000000    0.01192852  0.00000000    0.03370380  0.00000000

     Dynamical  Matrix in cartesian axes

     q = (    0.875000000  -0.625000000  -0.375000000 ) 

    1    1
  0.03058800  0.00000000   -0.00539947  0.00000000   -0.00491125  0.00000000
 -0.00539947  0.00000000    0.02485438  0.00000000    0.01192852  0.00000000
 -0.00491125  0.00000000    0.01192852  0.00000000    0.03370380  0.00000000

     Diagonalizing the dynamical matrix

     q = (    0.625000000  -0.375000000   0.875000000 ) 

 **************************************************************************
     freq (    1) =       2.905180 [THz] =      96.906366 [cm-1]
 (  0.834045  0.000000  0.535825  0.000000 -0.131380  0.000000 ) 
     freq (    2) =       3.760085 [THz] =     125.422943 [cm-1]
 ( -0.137409  0.000000  0.432390  0.000000  0.891155  0.000000 ) 
     freq (    3) =       4.844257 [THz] =     161.587005 [cm-1]
 (  0.534310  0.000000 -0.725211  0.000000  0.434260  0.000000 ) 
 **************************************************************************
