Dynamical matrix file
                                                                           
  1    3  0 17.0000000  0.0000000  0.0000000  0.0000000  0.0000000  0.0000000
Basis vectors
      0.387810316    0.678487001    0.678487001
      0.678487001    0.387810316    0.678487001
      0.678487001    0.678487001    0.387810316
           1  'Na  '    20954.103126620943     
    1    1      1.2601225305      1.2601225305      1.2601225305
    2    1      0.4846617875      0.4846617875      0.4846617875
    3    1      0.8723921590      0.8723921590      0.8723921590

     Dynamical  Matrix in cartesian axes

     q = (   -1.863408385   0.716777914   0.716777914 ) 

    1    1
  0.01712518 -0.00000000   -0.00028922 -0.00000518   -0.00028922 -0.00000518
 -0.00028922  0.00000518    0.01204418 -0.00000000    0.00457384 -0.00000000
 -0.00028922  0.00000518    0.00457384  0.00000000    0.01204418  0.00000000
    1    2
  0.00009853 -0.00330167    0.00122495 -0.00070323    0.00122495 -0.00070323
  0.00122495 -0.00070323    0.00403701 -0.00006464    0.00192792 -0.00075765
  0.00122495 -0.00070323    0.00192792 -0.00075765    0.00403701 -0.00006464
    1    3
  0.00417411 -0.00035529    0.00224179 -0.00000022    0.00224179 -0.00000022
  0.00227741  0.00002130    0.00198616 -0.00155542   -0.00007076 -0.00230529
  0.00227741  0.00002130   -0.00007076 -0.00230529    0.00198616 -0.00155542
    2    1
  0.00009853  0.00330167    0.00122495  0.00070323    0.00122495  0.00070323
  0.00122495  0.00070323    0.00403701  0.00006464    0.00192792  0.00075765
  0.00122495  0.00070323    0.00192792  0.00075765    0.00403701  0.00006464
    2    2
  0.01712518  0.00000000   -0.00028922  0.00000518   -0.00028922  0.00000518
 -0.00028922 -0.00000518    0.01204418  0.00000000    0.00457384  0.00000000
 -0.00028922 -0.00000518    0.00457384 -0.00000000    0.01204418 -0.00000000
    2    3
  0.00417411  0.00035529    0.00224179  0.00000022    0.00224179  0.00000022
  0.00227741 -0.00002130    0.00198616  0.00155542   -0.00007076  0.00230529
  0.00227741 -0.00002130   -0.00007076  0.00230529    0.00198616  0.00155542
    3    1
  0.00417411  0.00035529    0.00227741 -0.00002130    0.00227741 -0.00002130
  0.00224179  0.00000022    0.00198616  0.00155542   -0.00007076  0.00230529
  0.00224179  0.00000022   -0.00007076  0.00230529    0.00198616  0.00155542
    3    2
  0.00417411 -0.00035529    0.00227741  0.00002130    0.00227741  0.00002130
  0.00224179 -0.00000022    0.00198616 -0.00155542   -0.00007076 -0.00230529
  0.00224179 -0.00000022   -0.00007076 -0.00230529    0.00198616 -0.00155542
    3    3
  0.01718889  0.00000000   -0.00033194  0.00000000   -0.00033194  0.00000000
 -0.00033194  0.00000000    0.01212063  0.00000000    0.00460913  0.00000000
 -0.00033194  0.00000000    0.00460913  0.00000000    0.01212063  0.00000000

     Dynamical  Matrix in cartesian axes

     q = (    0.716777914   0.716777914  -1.863408385 ) 

    1    1
  0.01204418  0.00000000    0.00457384  0.00000000   -0.00028922  0.00000518
  0.00457384  0.00000000    0.01204418  0.00000000   -0.00028922  0.00000518
 -0.00028922 -0.00000518   -0.00028922 -0.00000518    0.01712518 -0.00000000
    1    2
  0.00403701 -0.00006464    0.00192792 -0.00075765    0.00122495 -0.00070323
  0.00192792 -0.00075765    0.00403701 -0.00006464    0.00122495 -0.00070323
  0.00122495 -0.00070323    0.00122495 -0.00070323    0.00009853 -0.00330167
    1    3
  0.00198616 -0.00155542   -0.00007076 -0.00230529    0.00227741  0.00002130
 -0.00007076 -0.00230529    0.00198616 -0.00155542    0.00227741  0.00002130
  0.00224179 -0.00000022    0.00224179 -0.00000022    0.00417411 -0.00035529
    2    1
  0.00403701  0.00006464    0.00192792  0.00075765    0.00122495  0.00070323
  0.00192792  0.00075765    0.00403701  0.00006464    0.00122495  0.00070323
  0.00122495  0.00070323    0.00122495  0.00070323    0.00009853  0.00330167
    2    2
  0.01204418 -0.00000000    0.00457384 -0.00000000   -0.00028922 -0.00000518
  0.00457384 -0.00000000    0.01204418 -0.00000000   -0.00028922 -0.00000518
 -0.00028922  0.00000518   -0.00028922  0.00000518    0.01712518  0.00000000
    2    3
  0.00198616  0.00155542   -0.00007076  0.00230529    0.00227741 -0.00002130
 -0.00007076  0.00230529    0.00198616  0.00155542    0.00227741 -0.00002130
  0.00224179  0.00000022    0.00224179  0.00000022    0.00417411  0.00035529
    3    1
  0.00198616  0.00155542   -0.00007076  0.00230529    0.00224179  0.00000022
 -0.00007076  0.00230529    0.00198616  0.00155542    0.00224179  0.00000022
  0.00227741 -0.00002130    0.00227741 -0.00002130    0.00417411  0.00035529
    3    2
  0.00198616 -0.00155542   -0.00007076 -0.00230529    0.00224179 -0.00000022
 -0.00007076 -0.00230529    0.00198616 -0.00155542    0.00224179 -0.00000022
  0.00227741  0.00002130    0.00227741  0.00002130    0.00417411 -0.00035529
    3    3
  0.01212063  0.00000000    0.00460913  0.00000000   -0.00033194  0.00000000
  0.00460913  0.00000000    0.01212063  0.00000000   -0.00033194  0.00000000
 -0.00033194  0.00000000   -0.00033194  0.00000000    0.01718889  0.00000000

     Dynamical  Matrix in cartesian axes

     q = (    0.716777914  -1.863408385   0.716777914 ) 

    1    1
  0.01204418  0.00000000   -0.00028922  0.00000518    0.00457384  0.00000000
 -0.00028922 -0.00000518    0.01712518 -0.00000000   -0.00028922 -0.00000518
  0.00457384  0.00000000   -0.00028922  0.00000518    0.01204418  0.00000000
    1    2
  0.00403701 -0.00006464    0.00122495 -0.00070323    0.00192792 -0.00075765
  0.00122495 -0.00070323    0.00009853 -0.00330167    0.00122495 -0.00070323
  0.00192792 -0.00075765    0.00122495 -0.00070323    0.00403701 -0.00006464
    1    3
  0.00198616 -0.00155542    0.00227741  0.00002130   -0.00007076 -0.00230529
  0.00224179 -0.00000022    0.00417411 -0.00035529    0.00224179 -0.00000022
 -0.00007076 -0.00230529    0.00227741  0.00002130    0.00198616 -0.00155542
    2    1
  0.00403701  0.00006464    0.00122495  0.00070323    0.00192792  0.00075765
  0.00122495  0.00070323    0.00009853  0.00330167    0.00122495  0.00070323
  0.00192792  0.00075765    0.00122495  0.00070323    0.00403701  0.00006464
    2    2
  0.01204418 -0.00000000   -0.00028922 -0.00000518    0.00457384 -0.00000000
 -0.00028922  0.00000518    0.01712518  0.00000000   -0.00028922  0.00000518
  0.00457384 -0.00000000   -0.00028922 -0.00000518    0.01204418 -0.00000000
    2    3
  0.00198616  0.00155542    0.00227741 -0.00002130   -0.00007076  0.00230529
  0.00224179  0.00000022    0.00417411  0.00035529    0.00224179  0.00000022
 -0.00007076  0.00230529    0.00227741 -0.00002130    0.00198616  0.00155542
    3    1
  0.00198616  0.00155542    0.00224179  0.00000022   -0.00007076  0.00230529
  0.00227741 -0.00002130    0.00417411  0.00035529    0.00227741 -0.00002130
 -0.00007076  0.00230529    0.00224179  0.00000022    0.00198616  0.00155542
    3    2
  0.00198616 -0.00155542    0.00224179 -0.00000022   -0.00007076 -0.00230529
  0.00227741  0.00002130    0.00417411 -0.00035529    0.00227741  0.00002130
 -0.00007076 -0.00230529    0.00224179 -0.00000022    0.00198616 -0.00155542
    3    3
  0.01212063  0.00000000   -0.00033194  0.00000000    0.00460913  0.00000000
 -0.00033194  0.00000000    0.01718889  0.00000000   -0.00033194  0.00000000
  0.00460913  0.00000000   -0.00033194  0.00000000    0.01212063  0.00000000

     Dynamical  Matrix in cartesian axes

     q = (   -0.716777914  -0.716777914   1.863408385 ) 

    1    1
  0.01204418 -0.00000000    0.00457384 -0.00000000   -0.00028922 -0.00000518
  0.00457384 -0.00000000    0.01204418 -0.00000000   -0.00028922 -0.00000518
 -0.00028922  0.00000518   -0.00028922  0.00000518    0.01712518  0.00000000
    1    2
  0.00403701  0.00006464    0.00192792  0.00075765    0.00122495  0.00070323
  0.00192792  0.00075765    0.00403701  0.00006464    0.00122495  0.00070323
  0.00122495  0.00070323    0.00122495  0.00070323    0.00009853  0.00330167
    1    3
  0.00198616  0.00155542   -0.00007076  0.00230529    0.00227741 -0.00002130
 -0.00007076  0.00230529    0.00198616  0.00155542    0.00227741 -0.00002130
  0.00224179  0.00000022    0.00224179  0.00000022    0.00417411  0.00035529
    2    1
  0.00403701 -0.00006464    0.00192792 -0.00075765    0.00122495 -0.00070323
  0.00192792 -0.00075765    0.00403701 -0.00006464    0.00122495 -0.00070323
  0.00122495 -0.00070323    0.00122495 -0.00070323    0.00009853 -0.00330167
    2    2
  0.01204418  0.00000000    0.00457384  0.00000000   -0.00028922  0.00000518
  0.00457384  0.00000000    0.01204418  0.00000000   -0.00028922  0.00000518
 -0.00028922 -0.00000518   -0.00028922 -0.00000518    0.01712518 -0.00000000
    2    3
  0.00198616 -0.00155542   -0.00007076 -0.00230529    0.00227741  0.00002130
 -0.00007076 -0.00230529    0.00198616 -0.00155542    0.00227741  0.00002130
  0.00224179 -0.00000022    0.00224179 -0.00000022    0.00417411 -0.00035529
    3    1
  0.00198616 -0.00155542   -0.00007076 -0.00230529    0.00224179 -0.00000022
 -0.00007076 -0.00230529    0.00198616 -0.00155542    0.00224179 -0.00000022
  0.00227741  0.00002130    0.00227741  0.00002130    0.00417411 -0.00035529
    3    2
  0.00198616  0.00155542   -0.00007076  0.00230529    0.00224179  0.00000022
 -0.00007076  0.00230529    0.00198616  0.00155542    0.00224179  0.00000022
  0.00227741 -0.00002130    0.00227741 -0.00002130    0.00417411  0.00035529
    3    3
  0.01212063  0.00000000    0.00460913  0.00000000   -0.00033194  0.00000000
  0.00460913  0.00000000    0.01212063  0.00000000   -0.00033194  0.00000000
 -0.00033194  0.00000000   -0.00033194  0.00000000    0.01718889  0.00000000

     Dynamical  Matrix in cartesian axes

     q = (   -0.716777914   1.863408385  -0.716777914 ) 

    1    1
  0.01204418 -0.00000000   -0.00028922 -0.00000518    0.00457384 -0.00000000
 -0.00028922  0.00000518    0.01712518  0.00000000   -0.00028922  0.00000518
  0.00457384 -0.00000000   -0.00028922 -0.00000518    0.01204418 -0.00000000
    1    2
  0.00403701  0.00006464    0.00122495  0.00070323    0.00192792  0.00075765
  0.00122495  0.00070323    0.00009853  0.00330167    0.00122495  0.00070323
  0.00192792  0.00075765    0.00122495  0.00070323    0.00403701  0.00006464
    1    3
  0.00198616  0.00155542    0.00227741 -0.00002130   -0.00007076  0.00230529
  0.00224179  0.00000022    0.00417411  0.00035529    0.00224179  0.00000022
 -0.00007076  0.00230529    0.00227741 -0.00002130    0.00198616  0.00155542
    2    1
  0.00403701 -0.00006464    0.00122495 -0.00070323    0.00192792 -0.00075765
  0.00122495 -0.00070323    0.00009853 -0.00330167    0.00122495 -0.00070323
  0.00192792 -0.00075765    0.00122495 -0.00070323    0.00403701 -0.00006464
    2    2
  0.01204418  0.00000000   -0.00028922  0.00000518    0.00457384  0.00000000
 -0.00028922 -0.00000518    0.01712518 -0.00000000   -0.00028922 -0.00000518
  0.00457384  0.00000000   -0.00028922  0.00000518    0.01204418  0.00000000
    2    3
  0.00198616 -0.00155542    0.00227741  0.00002130   -0.00007076 -0.00230529
  0.00224179 -0.00000022    0.00417411 -0.00035529    0.00224179 -0.00000022
 -0.00007076 -0.00230529    0.00227741  0.00002130    0.00198616 -0.00155542
    3    1
  0.00198616 -0.00155542    0.00224179 -0.00000022   -0.00007076 -0.00230529
  0.00227741  0.00002130    0.00417411 -0.00035529    0.00227741  0.00002130
 -0.00007076 -0.00230529    0.00224179 -0.00000022    0.00198616 -0.00155542
    3    2
  0.00198616  0.00155542    0.00224179  0.00000022   -0.00007076  0.00230529
  0.00227741 -0.00002130    0.00417411  0.00035529    0.00227741 -0.00002130
 -0.00007076  0.00230529    0.00224179  0.00000022    0.00198616  0.00155542
    3    3
  0.01212063  0.00000000   -0.00033194  0.00000000    0.00460913  0.00000000
 -0.00033194  0.00000000    0.01718889  0.00000000   -0.00033194  0.00000000
  0.00460913  0.00000000   -0.00033194  0.00000000    0.01212063  0.00000000

     Dynamical  Matrix in cartesian axes

     q = (    1.863408385  -0.716777914  -0.716777914 ) 

    1    1
  0.01712518  0.00000000   -0.00028922  0.00000518   -0.00028922  0.00000518
 -0.00028922 -0.00000518    0.01204418  0.00000000    0.00457384  0.00000000
 -0.00028922 -0.00000518    0.00457384 -0.00000000    0.01204418 -0.00000000
    1    2
  0.00009853  0.00330167    0.00122495  0.00070323    0.00122495  0.00070323
  0.00122495  0.00070323    0.00403701  0.00006464    0.00192792  0.00075765
  0.00122495  0.00070323    0.00192792  0.00075765    0.00403701  0.00006464
    1    3
  0.00417411  0.00035529    0.00224179  0.00000022    0.00224179  0.00000022
  0.00227741 -0.00002130    0.00198616  0.00155542   -0.00007076  0.00230529
  0.00227741 -0.00002130   -0.00007076  0.00230529    0.00198616  0.00155542
    2    1
  0.00009853 -0.00330167    0.00122495 -0.00070323    0.00122495 -0.00070323
  0.00122495 -0.00070323    0.00403701 -0.00006464    0.00192792 -0.00075765
  0.00122495 -0.00070323    0.00192792 -0.00075765    0.00403701 -0.00006464
    2    2
  0.01712518 -0.00000000   -0.00028922 -0.00000518   -0.00028922 -0.00000518
 -0.00028922  0.00000518    0.01204418 -0.00000000    0.00457384 -0.00000000
 -0.00028922  0.00000518    0.00457384  0.00000000    0.01204418  0.00000000
    2    3
  0.00417411 -0.00035529    0.00224179 -0.00000022    0.00224179 -0.00000022
  0.00227741  0.00002130    0.00198616 -0.00155542   -0.00007076 -0.00230529
  0.00227741  0.00002130   -0.00007076 -0.00230529    0.00198616 -0.00155542
    3    1
  0.00417411 -0.00035529    0.00227741  0.00002130    0.00227741  0.00002130
  0.00224179 -0.00000022    0.00198616 -0.00155542   -0.00007076 -0.00230529
  0.00224179 -0.00000022   -0.00007076 -0.00230529    0.00198616 -0.00155542
    3    2
  0.00417411  0.00035529    0.00227741 -0.00002130    0.00227741 -0.00002130
  0.00224179  0.00000022    0.00198616  0.00155542   -0.00007076  0.00230529
  0.00224179  0.00000022   -0.00007076  0.00230529    0.00198616  0.00155542
    3    3
  0.01718889  0.00000000   -0.00033194  0.00000000   -0.00033194  0.00000000
 -0.00033194  0.00000000    0.01212063  0.00000000    0.00460913  0.00000000
 -0.00033194  0.00000000    0.00460913  0.00000000    0.01212063  0.00000000

     Diagonalizing the dynamical matrix

     q = (   -1.863408385   0.716777914   0.716777914 ) 

 **************************************************************************
     freq (    1) =       1.577458 [THz] =      52.618336 [cm-1]
 (  0.000000 -0.000000  0.111658  0.400223 -0.111658 -0.400223 ) 
 (  0.000000 -0.000000  0.111658 -0.400223 -0.111658  0.400223 ) 
 (  0.000000  0.000000 -0.393330 -0.000000  0.393330  0.000000 ) 
     freq (    2) =       1.728874 [THz] =      57.669025 [cm-1]
 (  0.000000  0.000000  0.281248 -0.285941 -0.281248  0.285941 ) 
 (  0.000000 -0.000000  0.281248  0.285941 -0.281248 -0.285941 ) 
 ( -0.000000 -0.000000 -0.422225  0.000000  0.422225  0.000000 ) 
     freq (    3) =       1.873243 [THz] =      62.484671 [cm-1]
 ( -0.179117  0.054130 -0.045871  0.374957 -0.045871  0.374957 ) 
 ( -0.179117 -0.054130 -0.045871 -0.374957 -0.045871 -0.374957 ) 
 (  0.210020  0.000000  0.396913 -0.000000  0.396913  0.000000 ) 
     freq (    4) =       2.140449 [THz] =      71.397679 [cm-1]
 ( -0.424039 -0.247068 -0.096769 -0.218926 -0.096769 -0.218926 ) 
 ( -0.424039  0.247068 -0.096769  0.218926 -0.096769  0.218926 ) 
 (  0.520302 -0.000000  0.095946 -0.000000  0.095946  0.000000 ) 
     freq (    5) =       2.473755 [THz] =      82.515569 [cm-1]
 ( -0.000000 -0.000000 -0.398035 -0.089772  0.398035  0.089772 ) 
 ( -0.000000  0.000000 -0.398035  0.089772  0.398035 -0.089772 ) 
 ( -0.000000  0.000000 -0.408678  0.000000  0.408678  0.000000 ) 
     freq (    6) =       2.908306 [THz] =      97.010659 [cm-1]
 (  0.119963  0.506376 -0.133028 -0.028218 -0.133028 -0.028218 ) 
 (  0.119963 -0.506376 -0.133028  0.028218 -0.133028  0.028218 ) 
 (  0.584168  0.000000 -0.146906 -0.000000 -0.146906  0.000000 ) 
     freq (    7) =       3.208593 [THz] =     107.027155 [cm-1]
 (  0.391986 -0.295528 -0.351201  0.010966 -0.351201  0.010966 ) 
 (  0.391986  0.295528 -0.351201 -0.010966 -0.351201 -0.010966 ) 
 (  0.080806  0.000000  0.093923  0.000000  0.093923  0.000000 ) 
     freq (    8) =       3.235093 [THz] =     107.911095 [cm-1]
 (  0.013797  0.276192 -0.070153 -0.236698 -0.070153 -0.236698 ) 
 (  0.013797 -0.276192 -0.070153  0.236698 -0.070153  0.236698 ) 
 ( -0.346993 -0.000000  0.491357 -0.000000  0.491357  0.000000 ) 
     freq (    9) =       3.881661 [THz] =     129.478275 [cm-1]
 (  0.346228 -0.126464  0.304256 -0.067354  0.304256 -0.067354 ) 
 (  0.346228  0.126464  0.304256  0.067354  0.304256  0.067354 ) 
 (  0.465823  0.000000  0.247832 -0.000000  0.247832  0.000000 ) 
 **************************************************************************
