Dynamical matrix file
                                                                           
  1    3  0 17.0000000  0.0000000  0.0000000  0.0000000  0.0000000  0.0000000
Basis vectors
      0.387810316    0.678487001    0.678487001
      0.678487001    0.387810316    0.678487001
      0.678487001    0.678487001    0.387810316
           1  'Na  '    20954.103126620943     
    1    1      1.2601225305      1.2601225305      1.2601225305
    2    1      0.4846617875      0.4846617875      0.4846617875
    3    1      0.8723921590      0.8723921590      0.8723921590

     Dynamical  Matrix in cartesian axes

     q = (    0.000000000  -0.860062100   0.860062100 ) 

    1    1
  0.01566816  0.00000000    0.00000264  0.00021626    0.00000264 -0.00021626
  0.00000264 -0.00021626    0.02029798 -0.00000000   -0.00461022  0.00026818
  0.00000264  0.00021626   -0.00461022 -0.00026818    0.02029798  0.00000000
    1    2
 -0.00435482  0.00000000   -0.00124894 -0.00071990   -0.00124894  0.00071990
 -0.00124894 -0.00071990   -0.00014128 -0.00352910    0.00007858  0.00000000
 -0.00124894  0.00071990    0.00007858  0.00000000   -0.00014128  0.00352910
    1    3
  0.00087617 -0.00000000    0.00005048  0.00210096    0.00005048 -0.00210096
  0.00004029  0.00207211   -0.00246245  0.00208721   -0.00220635 -0.00001690
  0.00004029 -0.00207211   -0.00220635  0.00001690   -0.00246245 -0.00208721
    2    1
 -0.00435482 -0.00000000   -0.00124894  0.00071990   -0.00124894 -0.00071990
 -0.00124894  0.00071990   -0.00014128  0.00352910    0.00007858  0.00000000
 -0.00124894 -0.00071990    0.00007858  0.00000000   -0.00014128 -0.00352910
    2    2
  0.01566816 -0.00000000    0.00000264 -0.00021626    0.00000264  0.00021626
  0.00000264  0.00021626    0.02029798  0.00000000   -0.00461022 -0.00026818
  0.00000264 -0.00021626   -0.00461022  0.00026818    0.02029798 -0.00000000
    2    3
  0.00087617 -0.00000000    0.00005048 -0.00210096    0.00005048  0.00210096
  0.00004029 -0.00207211   -0.00246245 -0.00208721   -0.00220635  0.00001690
  0.00004029  0.00207211   -0.00220635 -0.00001690   -0.00246245  0.00208721
    3    1
  0.00087617  0.00000000    0.00004029 -0.00207211    0.00004029  0.00207211
  0.00005048 -0.00210096   -0.00246245 -0.00208721   -0.00220635 -0.00001690
  0.00005048  0.00210096   -0.00220635  0.00001690   -0.00246245  0.00208721
    3    2
  0.00087617  0.00000000    0.00004029  0.00207211    0.00004029 -0.00207211
  0.00005048  0.00210096   -0.00246245  0.00208721   -0.00220635  0.00001690
  0.00005048 -0.00210096   -0.00220635 -0.00001690   -0.00246245 -0.00208721
    3    3
  0.01566841  0.00000000    0.00001588  0.00000000    0.00001588  0.00000000
  0.00001588  0.00000000    0.02026233  0.00000000   -0.00470004  0.00000000
  0.00001588  0.00000000   -0.00470004  0.00000000    0.02026233  0.00000000

     Dynamical  Matrix in cartesian axes

     q = (   -0.860062100   0.860062100   0.000000000 ) 

    1    1
  0.02029798 -0.00000000   -0.00461022  0.00026818    0.00000264 -0.00021626
 -0.00461022 -0.00026818    0.02029798  0.00000000    0.00000264  0.00021626
  0.00000264  0.00021626    0.00000264 -0.00021626    0.01566816 -0.00000000
    1    2
 -0.00014128 -0.00352910    0.00007858  0.00000000   -0.00124894 -0.00071990
  0.00007858 -0.00000000   -0.00014128  0.00352910   -0.00124894  0.00071990
 -0.00124894 -0.00071990   -0.00124894  0.00071990   -0.00435482 -0.00000000
    1    3
 -0.00246245  0.00208721   -0.00220635 -0.00001690    0.00004029  0.00207211
 -0.00220635  0.00001690   -0.00246245 -0.00208721    0.00004029 -0.00207211
  0.00005048  0.00210096    0.00005048 -0.00210096    0.00087617  0.00000000
    2    1
 -0.00014128  0.00352910    0.00007858  0.00000000   -0.00124894  0.00071990
  0.00007858  0.00000000   -0.00014128 -0.00352910   -0.00124894 -0.00071990
 -0.00124894  0.00071990   -0.00124894 -0.00071990   -0.00435482  0.00000000
    2    2
  0.02029798  0.00000000   -0.00461022 -0.00026818    0.00000264  0.00021626
 -0.00461022  0.00026818    0.02029798 -0.00000000    0.00000264 -0.00021626
  0.00000264 -0.00021626    0.00000264  0.00021626    0.01566816  0.00000000
    2    3
 -0.00246245 -0.00208721   -0.00220635  0.00001690    0.00004029 -0.00207211
 -0.00220635 -0.00001690   -0.00246245  0.00208721    0.00004029  0.00207211
  0.00005048 -0.00210096    0.00005048  0.00210096    0.00087617 -0.00000000
    3    1
 -0.00246245 -0.00208721   -0.00220635 -0.00001690    0.00005048 -0.00210096
 -0.00220635  0.00001690   -0.00246245  0.00208721    0.00005048  0.00210096
  0.00004029 -0.00207211    0.00004029  0.00207211    0.00087617  0.00000000
    3    2
 -0.00246245  0.00208721   -0.00220635  0.00001690    0.00005048  0.00210096
 -0.00220635 -0.00001690   -0.00246245 -0.00208721    0.00005048 -0.00210096
  0.00004029  0.00207211    0.00004029 -0.00207211    0.00087617  0.00000000
    3    3
  0.02026233  0.00000000   -0.00470004  0.00000000    0.00001588  0.00000000
 -0.00470004  0.00000000    0.02026233  0.00000000    0.00001588  0.00000000
  0.00001588  0.00000000    0.00001588  0.00000000    0.01566841  0.00000000

     Dynamical  Matrix in cartesian axes

     q = (    0.860062100   0.000000000  -0.860062100 ) 

    1    1
  0.02029798  0.00000000    0.00000264  0.00021626   -0.00461022 -0.00026818
  0.00000264 -0.00021626    0.01566816 -0.00000000    0.00000264  0.00021626
 -0.00461022  0.00026818    0.00000264 -0.00021626    0.02029798 -0.00000000
    1    2
 -0.00014128  0.00352910   -0.00124894  0.00071990    0.00007858  0.00000000
 -0.00124894  0.00071990   -0.00435482 -0.00000000   -0.00124894 -0.00071990
  0.00007858  0.00000000   -0.00124894 -0.00071990   -0.00014128 -0.00352910
    1    3
 -0.00246245 -0.00208721    0.00004029 -0.00207211   -0.00220635  0.00001690
  0.00005048 -0.00210096    0.00087617  0.00000000    0.00005048  0.00210096
 -0.00220635 -0.00001690    0.00004029  0.00207211   -0.00246245  0.00208721
    2    1
 -0.00014128 -0.00352910   -0.00124894 -0.00071990    0.00007858  0.00000000
 -0.00124894 -0.00071990   -0.00435482  0.00000000   -0.00124894  0.00071990
  0.00007858  0.00000000   -0.00124894  0.00071990   -0.00014128  0.00352910
    2    2
  0.02029798 -0.00000000    0.00000264 -0.00021626   -0.00461022  0.00026818
  0.00000264  0.00021626    0.01566816  0.00000000    0.00000264 -0.00021626
 -0.00461022 -0.00026818    0.00000264  0.00021626    0.02029798  0.00000000
    2    3
 -0.00246245  0.00208721    0.00004029  0.00207211   -0.00220635 -0.00001690
  0.00005048  0.00210096    0.00087617 -0.00000000    0.00005048 -0.00210096
 -0.00220635  0.00001690    0.00004029 -0.00207211   -0.00246245 -0.00208721
    3    1
 -0.00246245  0.00208721    0.00005048  0.00210096   -0.00220635  0.00001690
  0.00004029  0.00207211    0.00087617 -0.00000000    0.00004029 -0.00207211
 -0.00220635 -0.00001690    0.00005048 -0.00210096   -0.00246245 -0.00208721
    3    2
 -0.00246245 -0.00208721    0.00005048 -0.00210096   -0.00220635 -0.00001690
  0.00004029 -0.00207211    0.00087617 -0.00000000    0.00004029  0.00207211
 -0.00220635  0.00001690    0.00005048  0.00210096   -0.00246245  0.00208721
    3    3
  0.02026233  0.00000000    0.00001588  0.00000000   -0.00470004  0.00000000
  0.00001588  0.00000000    0.01566841  0.00000000    0.00001588  0.00000000
 -0.00470004  0.00000000    0.00001588  0.00000000    0.02026233  0.00000000

     Dynamical  Matrix in cartesian axes

     q = (    0.860062100  -0.860062100   0.000000000 ) 

    1    1
  0.02029798  0.00000000   -0.00461022 -0.00026818    0.00000264  0.00021626
 -0.00461022  0.00026818    0.02029798 -0.00000000    0.00000264 -0.00021626
  0.00000264 -0.00021626    0.00000264  0.00021626    0.01566816  0.00000000
    1    2
 -0.00014128  0.00352910    0.00007858 -0.00000000   -0.00124894  0.00071990
  0.00007858  0.00000000   -0.00014128 -0.00352910   -0.00124894 -0.00071990
 -0.00124894  0.00071990   -0.00124894 -0.00071990   -0.00435482 -0.00000000
    1    3
 -0.00246245 -0.00208721   -0.00220635  0.00001690    0.00004029 -0.00207211
 -0.00220635 -0.00001690   -0.00246245  0.00208721    0.00004029  0.00207211
  0.00005048 -0.00210096    0.00005048  0.00210096    0.00087617  0.00000000
    2    1
 -0.00014128 -0.00352910    0.00007858  0.00000000   -0.00124894 -0.00071990
  0.00007858  0.00000000   -0.00014128  0.00352910   -0.00124894  0.00071990
 -0.00124894 -0.00071990   -0.00124894  0.00071990   -0.00435482  0.00000000
    2    2
  0.02029798 -0.00000000   -0.00461022  0.00026818    0.00000264 -0.00021626
 -0.00461022 -0.00026818    0.02029798  0.00000000    0.00000264  0.00021626
  0.00000264  0.00021626    0.00000264 -0.00021626    0.01566816 -0.00000000
    2    3
 -0.00246245  0.00208721   -0.00220635 -0.00001690    0.00004029  0.00207211
 -0.00220635  0.00001690   -0.00246245 -0.00208721    0.00004029 -0.00207211
  0.00005048  0.00210096    0.00005048 -0.00210096    0.00087617 -0.00000000
    3    1
 -0.00246245  0.00208721   -0.00220635  0.00001690    0.00005048  0.00210096
 -0.00220635 -0.00001690   -0.00246245 -0.00208721    0.00005048 -0.00210096
  0.00004029  0.00207211    0.00004029 -0.00207211    0.00087617  0.00000000
    3    2
 -0.00246245 -0.00208721   -0.00220635 -0.00001690    0.00005048 -0.00210096
 -0.00220635  0.00001690   -0.00246245  0.00208721    0.00005048  0.00210096
  0.00004029 -0.00207211    0.00004029  0.00207211    0.00087617  0.00000000
    3    3
  0.02026233  0.00000000   -0.00470004  0.00000000    0.00001588  0.00000000
 -0.00470004  0.00000000    0.02026233  0.00000000    0.00001588  0.00000000
  0.00001588  0.00000000    0.00001588  0.00000000    0.01566841  0.00000000

     Dynamical  Matrix in cartesian axes

     q = (   -0.860062100   0.000000000   0.860062100 ) 

    1    1
  0.02029798 -0.00000000    0.00000264 -0.00021626   -0.00461022  0.00026818
  0.00000264  0.00021626    0.01566816  0.00000000    0.00000264 -0.00021626
 -0.00461022 -0.00026818    0.00000264  0.00021626    0.02029798  0.00000000
    1    2
 -0.00014128 -0.00352910   -0.00124894 -0.00071990    0.00007858  0.00000000
 -0.00124894 -0.00071990   -0.00435482  0.00000000   -0.00124894  0.00071990
  0.00007858  0.00000000   -0.00124894  0.00071990   -0.00014128  0.00352910
    1    3
 -0.00246245  0.00208721    0.00004029  0.00207211   -0.00220635 -0.00001690
  0.00005048  0.00210096    0.00087617 -0.00000000    0.00005048 -0.00210096
 -0.00220635  0.00001690    0.00004029 -0.00207211   -0.00246245 -0.00208721
    2    1
 -0.00014128  0.00352910   -0.00124894  0.00071990    0.00007858  0.00000000
 -0.00124894  0.00071990   -0.00435482 -0.00000000   -0.00124894 -0.00071990
  0.00007858  0.00000000   -0.00124894 -0.00071990   -0.00014128 -0.00352910
    2    2
  0.02029798  0.00000000    0.00000264  0.00021626   -0.00461022 -0.00026818
  0.00000264 -0.00021626    0.01566816 -0.00000000    0.00000264  0.00021626
 -0.00461022  0.00026818    0.00000264 -0.00021626    0.02029798 -0.00000000
    2    3
 -0.00246245 -0.00208721    0.00004029 -0.00207211   -0.00220635  0.00001690
  0.00005048 -0.00210096    0.00087617 -0.00000000    0.00005048  0.00210096
 -0.00220635 -0.00001690    0.00004029  0.00207211   -0.00246245  0.00208721
    3    1
 -0.00246245 -0.00208721    0.00005048 -0.00210096   -0.00220635 -0.00001690
  0.00004029 -0.00207211    0.00087617  0.00000000    0.00004029  0.00207211
 -0.00220635  0.00001690    0.00005048  0.00210096   -0.00246245  0.00208721
    3    2
 -0.00246245  0.00208721    0.00005048  0.00210096   -0.00220635  0.00001690
  0.00004029  0.00207211    0.00087617  0.00000000    0.00004029 -0.00207211
 -0.00220635 -0.00001690    0.00005048 -0.00210096   -0.00246245 -0.00208721
    3    3
  0.02026233  0.00000000    0.00001588  0.00000000   -0.00470004  0.00000000
  0.00001588  0.00000000    0.01566841  0.00000000    0.00001588  0.00000000
 -0.00470004  0.00000000    0.00001588  0.00000000    0.02026233  0.00000000

     Dynamical  Matrix in cartesian axes

     q = (    0.000000000   0.860062100  -0.860062100 ) 

    1    1
  0.01566816 -0.00000000    0.00000264 -0.00021626    0.00000264  0.00021626
  0.00000264  0.00021626    0.02029798  0.00000000   -0.00461022 -0.00026818
  0.00000264 -0.00021626   -0.00461022  0.00026818    0.02029798 -0.00000000
    1    2
 -0.00435482 -0.00000000   -0.00124894  0.00071990   -0.00124894 -0.00071990
 -0.00124894  0.00071990   -0.00014128  0.00352910    0.00007858  0.00000000
 -0.00124894 -0.00071990    0.00007858  0.00000000   -0.00014128 -0.00352910
    1    3
  0.00087617  0.00000000    0.00005048 -0.00210096    0.00005048  0.00210096
  0.00004029 -0.00207211   -0.00246245 -0.00208721   -0.00220635  0.00001690
  0.00004029  0.00207211   -0.00220635 -0.00001690   -0.00246245  0.00208721
    2    1
 -0.00435482  0.00000000   -0.00124894 -0.00071990   -0.00124894  0.00071990
 -0.00124894 -0.00071990   -0.00014128 -0.00352910    0.00007858  0.00000000
 -0.00124894  0.00071990    0.00007858 -0.00000000   -0.00014128  0.00352910
    2    2
  0.01566816  0.00000000    0.00000264  0.00021626    0.00000264 -0.00021626
  0.00000264 -0.00021626    0.02029798 -0.00000000   -0.00461022  0.00026818
  0.00000264  0.00021626   -0.00461022 -0.00026818    0.02029798  0.00000000
    2    3
  0.00087617 -0.00000000    0.00005048  0.00210096    0.00005048 -0.00210096
  0.00004029  0.00207211   -0.00246245  0.00208721   -0.00220635 -0.00001690
  0.00004029 -0.00207211   -0.00220635  0.00001690   -0.00246245 -0.00208721
    3    1
  0.00087617 -0.00000000    0.00004029  0.00207211    0.00004029 -0.00207211
  0.00005048  0.00210096   -0.00246245  0.00208721   -0.00220635  0.00001690
  0.00005048 -0.00210096   -0.00220635 -0.00001690   -0.00246245 -0.00208721
    3    2
  0.00087617 -0.00000000    0.00004029 -0.00207211    0.00004029  0.00207211
  0.00005048 -0.00210096   -0.00246245 -0.00208721   -0.00220635 -0.00001690
  0.00005048  0.00210096   -0.00220635  0.00001690   -0.00246245  0.00208721
    3    3
  0.01566841  0.00000000    0.00001588  0.00000000    0.00001588  0.00000000
  0.00001588  0.00000000    0.02026233  0.00000000   -0.00470004  0.00000000
  0.00001588  0.00000000   -0.00470004  0.00000000    0.02026233  0.00000000

     Diagonalizing the dynamical matrix

     q = (    0.000000000  -0.860062100   0.860062100 ) 

 **************************************************************************
     freq (    1) =       2.070551 [THz] =      69.066131 [cm-1]
 ( -0.336246  0.000000 -0.330255 -0.052996 -0.330255  0.052996 ) 
 ( -0.336246  0.000000 -0.330255  0.052996 -0.330255 -0.052996 ) 
 (  0.148488 -0.000000 -0.390078  0.000000 -0.390078  0.000000 ) 
     freq (    2) =       2.363275 [THz] =      78.830382 [cm-1]
 (  0.515367 -0.000000 -0.119940  0.108358 -0.119940 -0.108358 ) 
 (  0.515367 -0.000000 -0.119940 -0.108358 -0.119940  0.108358 ) 
 ( -0.364766 -0.000000 -0.340023 -0.000000 -0.340023  0.000000 ) 
     freq (    3) =       2.657636 [THz] =      88.649179 [cm-1]
 (  0.000000  0.064460 -0.153386 -0.462993  0.153386 -0.462993 ) 
 (  0.000000 -0.064460 -0.153386  0.462993  0.153386  0.462993 ) 
 (  0.000000 -0.000000  0.141652  0.000000 -0.141652  0.000000 ) 
     freq (    4) =       2.763969 [THz] =      92.196070 [cm-1]
 ( -0.334505  0.000000  0.062815  0.155788  0.062815 -0.155788 ) 
 ( -0.334505  0.000000  0.062815 -0.155788  0.062815  0.155788 ) 
 ( -0.814176  0.000000 -0.015315  0.000000 -0.015315  0.000000 ) 
     freq (    5) =       3.014800 [THz] =     100.562919 [cm-1]
 (  0.000000 -0.617945 -0.022614  0.016703  0.022614  0.016703 ) 
 ( -0.000000  0.617945 -0.022614 -0.016703  0.022614 -0.016703 ) 
 ( -0.000000 -0.000000  0.341414  0.000000 -0.341414  0.000000 ) 
     freq (    6) =       3.233911 [THz] =     107.871661 [cm-1]
 ( -0.097108 -0.000000  0.297251  0.207253  0.297251 -0.207253 ) 
 ( -0.097108  0.000000  0.297251 -0.207253  0.297251  0.207253 ) 
 (  0.345584  0.000000 -0.410161 -0.000000 -0.410161  0.000000 ) 
     freq (    7) =       3.597773 [THz] =     120.008776 [cm-1]
 (  0.000000 -0.141766 -0.426196  0.082207  0.426196  0.082207 ) 
 ( -0.000000  0.141766 -0.426196 -0.082207  0.426196 -0.082207 ) 
 ( -0.000000 -0.000000 -0.321093 -0.000000  0.321093  0.000000 ) 
     freq (    8) =       3.876421 [THz] =     129.303482 [cm-1]
 ( -0.000000 -0.306417  0.210520 -0.169117 -0.210520 -0.169117 ) 
 (  0.000000  0.306417  0.210520  0.169117 -0.210520  0.169117 ) 
 ( -0.000000  0.000000 -0.510167  0.000000  0.510167  0.000000 ) 
     freq (    9) =       3.879959 [THz] =     129.421497 [cm-1]
 ( -0.003477 -0.000000 -0.185047  0.410154 -0.185047 -0.410154 ) 
 ( -0.003477  0.000000 -0.185047 -0.410154 -0.185047  0.410154 ) 
 (  0.250173 -0.000000  0.252502 -0.000000  0.252502  0.000000 ) 
 **************************************************************************
