Dynamical matrix file
                                                                           
  1    3  0 17.0000000  0.0000000  0.0000000  0.0000000  0.0000000  0.0000000
Basis vectors
      0.387810316    0.678487001    0.678487001
      0.678487001    0.387810316    0.678487001
      0.678487001    0.678487001    0.387810316
           1  'Na  '    20954.103126620943     
    1    1      1.2601225305      1.2601225305      1.2601225305
    2    1      0.4846617875      0.4846617875      0.4846617875
    3    1      0.8723921590      0.8723921590      0.8723921590

     Dynamical  Matrix in cartesian axes

     q = (   -1.528959623   1.051226676   0.191164576 ) 

    1    1
  0.02051618  0.00000000   -0.00021387  0.00023037   -0.00448943 -0.00027211
 -0.00021387 -0.00023037    0.01620228  0.00000000   -0.00021387  0.00023037
 -0.00448943  0.00027211   -0.00021387 -0.00023037    0.02051618 -0.00000000
    1    2
  0.00002856 -0.00360515    0.00127347 -0.00074054   -0.00021846  0.00000000
  0.00127347 -0.00074054    0.00418042 -0.00000000    0.00127347  0.00074054
 -0.00021846  0.00000000    0.00127347  0.00074054    0.00002856  0.00360515
    1    3
  0.00269336  0.00231512    0.00003982  0.00221270    0.00227114 -0.00003434
  0.00010652  0.00220042   -0.00071265  0.00000000    0.00010652 -0.00220042
  0.00227114  0.00003434    0.00003982 -0.00221270    0.00269336 -0.00231512
    2    1
  0.00002856  0.00360515    0.00127347  0.00074054   -0.00021846  0.00000000
  0.00127347  0.00074054    0.00418042  0.00000000    0.00127347 -0.00074054
 -0.00021846 -0.00000000    0.00127347 -0.00074054    0.00002856 -0.00360515
    2    2
  0.02051618 -0.00000000   -0.00021387 -0.00023037   -0.00448943  0.00027211
 -0.00021387  0.00023037    0.01620228 -0.00000000   -0.00021387 -0.00023037
 -0.00448943 -0.00027211   -0.00021387  0.00023037    0.02051618  0.00000000
    2    3
  0.00269336 -0.00231512    0.00003982 -0.00221270    0.00227114  0.00003434
  0.00010652 -0.00220042   -0.00071265  0.00000000    0.00010652  0.00220042
  0.00227114 -0.00003434    0.00003982  0.00221270    0.00269336  0.00231512
    3    1
  0.00269336 -0.00231512    0.00010652 -0.00220042    0.00227114 -0.00003434
  0.00003982 -0.00221270   -0.00071265 -0.00000000    0.00003982  0.00221270
  0.00227114  0.00003434    0.00010652  0.00220042    0.00269336  0.00231512
    3    2
  0.00269336  0.00231512    0.00010652  0.00220042    0.00227114  0.00003434
  0.00003982  0.00221270   -0.00071265 -0.00000000    0.00003982 -0.00221270
  0.00227114 -0.00003434    0.00010652 -0.00220042    0.00269336 -0.00231512
    3    3
  0.02057678  0.00000000   -0.00023343  0.00000000   -0.00458966  0.00000000
 -0.00023343  0.00000000    0.01624385  0.00000000   -0.00023343  0.00000000
 -0.00458966  0.00000000   -0.00023343  0.00000000    0.02057678  0.00000000

     Dynamical  Matrix in cartesian axes

     q = (    1.051226676   0.191164576  -1.528959623 ) 

    1    1
  0.01620228 -0.00000000   -0.00021387  0.00023037   -0.00021387 -0.00023037
 -0.00021387 -0.00023037    0.02051618 -0.00000000   -0.00448943  0.00027211
 -0.00021387  0.00023037   -0.00448943 -0.00027211    0.02051618  0.00000000
    1    2
  0.00418042  0.00000000    0.00127347  0.00074054    0.00127347 -0.00074054
  0.00127347  0.00074054    0.00002856  0.00360515   -0.00021846 -0.00000000
  0.00127347 -0.00074054   -0.00021846 -0.00000000    0.00002856 -0.00360515
    1    3
 -0.00071265 -0.00000000    0.00010652 -0.00220042    0.00010652  0.00220042
  0.00003982 -0.00221270    0.00269336 -0.00231512    0.00227114  0.00003434
  0.00003982  0.00221270    0.00227114 -0.00003434    0.00269336  0.00231512
    2    1
  0.00418042 -0.00000000    0.00127347 -0.00074054    0.00127347  0.00074054
  0.00127347 -0.00074054    0.00002856 -0.00360515   -0.00021846  0.00000000
  0.00127347  0.00074054   -0.00021846  0.00000000    0.00002856  0.00360515
    2    2
  0.01620228  0.00000000   -0.00021387 -0.00023037   -0.00021387  0.00023037
 -0.00021387  0.00023037    0.02051618  0.00000000   -0.00448943 -0.00027211
 -0.00021387 -0.00023037   -0.00448943  0.00027211    0.02051618 -0.00000000
    2    3
 -0.00071265  0.00000000    0.00010652  0.00220042    0.00010652 -0.00220042
  0.00003982  0.00221270    0.00269336  0.00231512    0.00227114 -0.00003434
  0.00003982 -0.00221270    0.00227114  0.00003434    0.00269336 -0.00231512
    3    1
 -0.00071265  0.00000000    0.00003982  0.00221270    0.00003982 -0.00221270
  0.00010652  0.00220042    0.00269336  0.00231512    0.00227114  0.00003434
  0.00010652 -0.00220042    0.00227114 -0.00003434    0.00269336 -0.00231512
    3    2
 -0.00071265  0.00000000    0.00003982 -0.00221270    0.00003982  0.00221270
  0.00010652 -0.00220042    0.00269336 -0.00231512    0.00227114 -0.00003434
  0.00010652  0.00220042    0.00227114  0.00003434    0.00269336  0.00231512
    3    3
  0.01624385  0.00000000   -0.00023343  0.00000000   -0.00023343  0.00000000
 -0.00023343  0.00000000    0.02057678  0.00000000   -0.00458966  0.00000000
 -0.00023343  0.00000000   -0.00458966  0.00000000    0.02057678  0.00000000

     Dynamical  Matrix in cartesian axes

     q = (    0.191164576  -1.528959623   1.051226676 ) 

    1    1
  0.02051618 -0.00000000   -0.00448943  0.00027211   -0.00021387 -0.00023037
 -0.00448943 -0.00027211    0.02051618  0.00000000   -0.00021387  0.00023037
 -0.00021387  0.00023037   -0.00021387 -0.00023037    0.01620228  0.00000000
    1    2
  0.00002856  0.00360515   -0.00021846  0.00000000    0.00127347  0.00074054
 -0.00021846  0.00000000    0.00002856 -0.00360515    0.00127347 -0.00074054
  0.00127347  0.00074054    0.00127347 -0.00074054    0.00418042 -0.00000000
    1    3
  0.00269336 -0.00231512    0.00227114  0.00003434    0.00003982 -0.00221270
  0.00227114 -0.00003434    0.00269336  0.00231512    0.00003982  0.00221270
  0.00010652 -0.00220042    0.00010652  0.00220042   -0.00071265  0.00000000
    2    1
  0.00002856 -0.00360515   -0.00021846 -0.00000000    0.00127347 -0.00074054
 -0.00021846 -0.00000000    0.00002856  0.00360515    0.00127347  0.00074054
  0.00127347 -0.00074054    0.00127347  0.00074054    0.00418042  0.00000000
    2    2
  0.02051618  0.00000000   -0.00448943 -0.00027211   -0.00021387  0.00023037
 -0.00448943  0.00027211    0.02051618 -0.00000000   -0.00021387 -0.00023037
 -0.00021387 -0.00023037   -0.00021387  0.00023037    0.01620228 -0.00000000
    2    3
  0.00269336  0.00231512    0.00227114 -0.00003434    0.00003982  0.00221270
  0.00227114  0.00003434    0.00269336 -0.00231512    0.00003982 -0.00221270
  0.00010652  0.00220042    0.00010652 -0.00220042   -0.00071265  0.00000000
    3    1
  0.00269336  0.00231512    0.00227114  0.00003434    0.00010652  0.00220042
  0.00227114 -0.00003434    0.00269336 -0.00231512    0.00010652 -0.00220042
  0.00003982  0.00221270    0.00003982 -0.00221270   -0.00071265 -0.00000000
    3    2
  0.00269336 -0.00231512    0.00227114 -0.00003434    0.00010652 -0.00220042
  0.00227114  0.00003434    0.00269336  0.00231512    0.00010652  0.00220042
  0.00003982 -0.00221270    0.00003982  0.00221270   -0.00071265 -0.00000000
    3    3
  0.02057678  0.00000000   -0.00458966  0.00000000   -0.00023343  0.00000000
 -0.00458966  0.00000000    0.02057678  0.00000000   -0.00023343  0.00000000
 -0.00023343  0.00000000   -0.00023343  0.00000000    0.01624385  0.00000000

     Dynamical  Matrix in cartesian axes

     q = (    0.191164576   1.051226676  -1.528959623 ) 

    1    1
  0.02051618 -0.00000000   -0.00021387 -0.00023037   -0.00448943  0.00027211
 -0.00021387  0.00023037    0.01620228 -0.00000000   -0.00021387 -0.00023037
 -0.00448943 -0.00027211   -0.00021387  0.00023037    0.02051618  0.00000000
    1    2
  0.00002856  0.00360515    0.00127347  0.00074054   -0.00021846 -0.00000000
  0.00127347  0.00074054    0.00418042  0.00000000    0.00127347 -0.00074054
 -0.00021846  0.00000000    0.00127347 -0.00074054    0.00002856 -0.00360515
    1    3
  0.00269336 -0.00231512    0.00003982 -0.00221270    0.00227114  0.00003434
  0.00010652 -0.00220042   -0.00071265 -0.00000000    0.00010652  0.00220042
  0.00227114 -0.00003434    0.00003982  0.00221270    0.00269336  0.00231512
    2    1
  0.00002856 -0.00360515    0.00127347 -0.00074054   -0.00021846  0.00000000
  0.00127347 -0.00074054    0.00418042 -0.00000000    0.00127347  0.00074054
 -0.00021846  0.00000000    0.00127347  0.00074054    0.00002856  0.00360515
    2    2
  0.02051618  0.00000000   -0.00021387  0.00023037   -0.00448943 -0.00027211
 -0.00021387 -0.00023037    0.01620228  0.00000000   -0.00021387  0.00023037
 -0.00448943  0.00027211   -0.00021387 -0.00023037    0.02051618 -0.00000000
    2    3
  0.00269336  0.00231512    0.00003982  0.00221270    0.00227114 -0.00003434
  0.00010652  0.00220042   -0.00071265  0.00000000    0.00010652 -0.00220042
  0.00227114  0.00003434    0.00003982 -0.00221270    0.00269336 -0.00231512
    3    1
  0.00269336  0.00231512    0.00010652  0.00220042    0.00227114  0.00003434
  0.00003982  0.00221270   -0.00071265  0.00000000    0.00003982 -0.00221270
  0.00227114 -0.00003434    0.00010652 -0.00220042    0.00269336 -0.00231512
    3    2
  0.00269336 -0.00231512    0.00010652 -0.00220042    0.00227114 -0.00003434
  0.00003982 -0.00221270   -0.00071265  0.00000000    0.00003982  0.00221270
  0.00227114  0.00003434    0.00010652  0.00220042    0.00269336  0.00231512
    3    3
  0.02057678  0.00000000   -0.00023343  0.00000000   -0.00458966  0.00000000
 -0.00023343  0.00000000    0.01624385  0.00000000   -0.00023343  0.00000000
 -0.00458966  0.00000000   -0.00023343  0.00000000    0.02057678  0.00000000

     Dynamical  Matrix in cartesian axes

     q = (    1.051226676  -1.528959623   0.191164576 ) 

    1    1
  0.01620228  0.00000000   -0.00021387 -0.00023037   -0.00021387  0.00023037
 -0.00021387  0.00023037    0.02051618  0.00000000   -0.00448943 -0.00027211
 -0.00021387 -0.00023037   -0.00448943  0.00027211    0.02051618 -0.00000000
    1    2
  0.00418042 -0.00000000    0.00127347 -0.00074054    0.00127347  0.00074054
  0.00127347 -0.00074054    0.00002856 -0.00360515   -0.00021846  0.00000000
  0.00127347  0.00074054   -0.00021846  0.00000000    0.00002856  0.00360515
    1    3
 -0.00071265  0.00000000    0.00010652  0.00220042    0.00010652 -0.00220042
  0.00003982  0.00221270    0.00269336  0.00231512    0.00227114 -0.00003434
  0.00003982 -0.00221270    0.00227114  0.00003434    0.00269336 -0.00231512
    2    1
  0.00418042  0.00000000    0.00127347  0.00074054    0.00127347 -0.00074054
  0.00127347  0.00074054    0.00002856  0.00360515   -0.00021846 -0.00000000
  0.00127347 -0.00074054   -0.00021846 -0.00000000    0.00002856 -0.00360515
    2    2
  0.01620228 -0.00000000   -0.00021387  0.00023037   -0.00021387 -0.00023037
 -0.00021387 -0.00023037    0.02051618 -0.00000000   -0.00448943  0.00027211
 -0.00021387  0.00023037   -0.00448943 -0.00027211    0.02051618  0.00000000
    2    3
 -0.00071265  0.00000000    0.00010652 -0.00220042    0.00010652  0.00220042
  0.00003982 -0.00221270    0.00269336 -0.00231512    0.00227114  0.00003434
  0.00003982  0.00221270    0.00227114 -0.00003434    0.00269336  0.00231512
    3    1
 -0.00071265 -0.00000000    0.00003982 -0.00221270    0.00003982  0.00221270
  0.00010652 -0.00220042    0.00269336 -0.00231512    0.00227114 -0.00003434
  0.00010652  0.00220042    0.00227114  0.00003434    0.00269336  0.00231512
    3    2
 -0.00071265 -0.00000000    0.00003982  0.00221270    0.00003982 -0.00221270
  0.00010652  0.00220042    0.00269336  0.00231512    0.00227114  0.00003434
  0.00010652 -0.00220042    0.00227114 -0.00003434    0.00269336 -0.00231512
    3    3
  0.01624385  0.00000000   -0.00023343  0.00000000   -0.00023343  0.00000000
 -0.00023343  0.00000000    0.02057678  0.00000000   -0.00458966  0.00000000
 -0.00023343  0.00000000   -0.00458966  0.00000000    0.02057678  0.00000000

     Dynamical  Matrix in cartesian axes

     q = (   -1.528959623   0.191164576   1.051226676 ) 

    1    1
  0.02051618  0.00000000   -0.00448943 -0.00027211   -0.00021387  0.00023037
 -0.00448943  0.00027211    0.02051618 -0.00000000   -0.00021387 -0.00023037
 -0.00021387 -0.00023037   -0.00021387  0.00023037    0.01620228 -0.00000000
    1    2
  0.00002856 -0.00360515   -0.00021846 -0.00000000    0.00127347 -0.00074054
 -0.00021846  0.00000000    0.00002856  0.00360515    0.00127347  0.00074054
  0.00127347 -0.00074054    0.00127347  0.00074054    0.00418042 -0.00000000
    1    3
  0.00269336  0.00231512    0.00227114 -0.00003434    0.00003982  0.00221270
  0.00227114  0.00003434    0.00269336 -0.00231512    0.00003982 -0.00221270
  0.00010652  0.00220042    0.00010652 -0.00220042   -0.00071265  0.00000000
    2    1
  0.00002856  0.00360515   -0.00021846  0.00000000    0.00127347  0.00074054
 -0.00021846 -0.00000000    0.00002856 -0.00360515    0.00127347 -0.00074054
  0.00127347  0.00074054    0.00127347 -0.00074054    0.00418042  0.00000000
    2    2
  0.02051618 -0.00000000   -0.00448943  0.00027211   -0.00021387 -0.00023037
 -0.00448943 -0.00027211    0.02051618  0.00000000   -0.00021387  0.00023037
 -0.00021387  0.00023037   -0.00021387 -0.00023037    0.01620228  0.00000000
    2    3
  0.00269336 -0.00231512    0.00227114  0.00003434    0.00003982 -0.00221270
  0.00227114 -0.00003434    0.00269336  0.00231512    0.00003982  0.00221270
  0.00010652 -0.00220042    0.00010652  0.00220042   -0.00071265  0.00000000
    3    1
  0.00269336 -0.00231512    0.00227114 -0.00003434    0.00010652 -0.00220042
  0.00227114  0.00003434    0.00269336  0.00231512    0.00010652  0.00220042
  0.00003982 -0.00221270    0.00003982  0.00221270   -0.00071265 -0.00000000
    3    2
  0.00269336  0.00231512    0.00227114  0.00003434    0.00010652  0.00220042
  0.00227114 -0.00003434    0.00269336 -0.00231512    0.00010652 -0.00220042
  0.00003982  0.00221270    0.00003982 -0.00221270   -0.00071265 -0.00000000
    3    3
  0.02057678  0.00000000   -0.00458966  0.00000000   -0.00023343  0.00000000
 -0.00458966  0.00000000    0.02057678  0.00000000   -0.00023343  0.00000000
 -0.00023343  0.00000000   -0.00023343  0.00000000    0.01624385  0.00000000

     Diagonalizing the dynamical matrix

     q = (   -1.528959623   1.051226676   0.191164576 ) 

 **************************************************************************
     freq (    1) =       1.915351 [THz] =      63.889217 [cm-1]
 ( -0.334674 -0.154550  0.044163  0.000000 -0.334674  0.154550 ) 
 ( -0.334674  0.154550  0.044163 -0.000000 -0.334674 -0.154550 ) 
 (  0.457188  0.000000  0.185707 -0.000000  0.457188  0.000000 ) 
     freq (    2) =       2.137122 [THz] =      71.286710 [cm-1]
 (  0.085917  0.226707 -0.000000  0.576038 -0.085917  0.226707 ) 
 (  0.085917 -0.226707  0.000000 -0.576038 -0.085917 -0.226707 ) 
 ( -0.225000 -0.000000 -0.000000  0.000000  0.225000  0.000000 ) 
     freq (    3) =       2.779081 [THz] =      92.700161 [cm-1]
 (  0.096108 -0.132975  0.063642 -0.000000  0.096108  0.132975 ) 
 (  0.096108  0.132975  0.063642  0.000000  0.096108 -0.132975 ) 
 ( -0.141921 -0.000000  0.918662 -0.000000 -0.141921  0.000000 ) 
     freq (    4) =       2.909503 [THz] =      97.050576 [cm-1]
 (  0.114759  0.408183 -0.000000 -0.372281 -0.114759  0.408183 ) 
 (  0.114759 -0.408183  0.000000  0.372281 -0.114759 -0.408183 ) 
 ( -0.042903  0.000000 -0.000000 -0.000000  0.042903  0.000000 ) 
     freq (    5) =       3.203656 [THz] =     106.862474 [cm-1]
 ( -0.119580  0.077780  0.653648 -0.000000 -0.119580 -0.077780 ) 
 ( -0.119580 -0.077780  0.653648  0.000000 -0.119580  0.077780 ) 
 ( -0.175526  0.000000 -0.049723 -0.000000 -0.175526  0.000000 ) 
     freq (    6) =       3.466034 [THz] =     115.614465 [cm-1]
 (  0.312757  0.087245  0.225967 -0.000000  0.312757 -0.087245 ) 
 (  0.312757 -0.087245  0.225967  0.000000  0.312757  0.087245 ) 
 (  0.487162 -0.000000  0.038846 -0.000000  0.487162  0.000000 ) 
     freq (    7) =       3.666068 [THz] =     122.286866 [cm-1]
 ( -0.430048  0.074432 -0.000000 -0.062814  0.430048  0.074432 ) 
 ( -0.430048 -0.074432  0.000000  0.062814  0.430048 -0.074432 ) 
 ( -0.339250  0.000000  0.000000  0.000000  0.339250  0.000000 ) 
     freq (    8) =       3.762324 [THz] =     125.497607 [cm-1]
 ( -0.210967  0.162636  0.000000  0.160129  0.210967  0.162636 ) 
 ( -0.210967 -0.162636 -0.000000 -0.160129  0.210967 -0.162636 ) 
 (  0.576579 -0.000000  0.000000 -0.000000 -0.576579  0.000000 ) 
     freq (    9) =       3.804605 [THz] =     126.907973 [cm-1]
 ( -0.128996  0.441328 -0.125230  0.000000 -0.128996 -0.441328 ) 
 ( -0.128996 -0.441328 -0.125230  0.000000 -0.128996  0.441328 ) 
 (  0.051972 -0.000000  0.342916 -0.000000  0.051972  0.000000 ) 
 **************************************************************************
