Dynamical matrix file
                                                                           
  1    3  0 17.0000000  0.0000000  0.0000000  0.0000000  0.0000000  0.0000000
Basis vectors
      0.387810316    0.678487001    0.678487001
      0.678487001    0.387810316    0.678487001
      0.678487001    0.678487001    0.387810316
           1  'Na  '    20954.1031266209     
    1    1      1.2601225305      1.2601225305      1.2601225305
    2    1      0.4846617875      0.4846617875      0.4846617875
    3    1      0.8723921590      0.8723921590      0.8723921590

     Dynamical  Matrix in cartesian axes

     q = (   -0.334448762  -1.194510861   1.385675437 ) 

    1    1
  0.02043674  0.00000000    0.00000792  0.00021384   -0.00453853 -0.00022361
  0.00000792 -0.00021384    0.01630070 -0.00000000   -0.00024086  0.00021666
 -0.00453853  0.00022361   -0.00024086 -0.00021666    0.02091611 -0.00000000
    1    2
 -0.00355713 -0.00011630   -0.00071655 -0.00125557   -0.00001045  0.00026961
 -0.00071655 -0.00125557    0.00000944 -0.00423891    0.00077550 -0.00129250
 -0.00001045  0.00026961    0.00077550 -0.00129250    0.00374813 -0.00013412
    1    3
  0.00239220 -0.00252592    0.00228333  0.00010707    0.00019440 -0.00215643
  0.00214077 -0.00008087   -0.00004896  0.00066579   -0.00235958 -0.00026595
  0.00013657 -0.00238849   -0.00214379 -0.00018020   -0.00221424 -0.00295541
    2    1
 -0.00355713  0.00011630   -0.00071655  0.00125557   -0.00001045 -0.00026961
 -0.00071655  0.00125557    0.00000944  0.00423891    0.00077550  0.00129250
 -0.00001045 -0.00026961    0.00077550  0.00129250    0.00374813  0.00013412
    2    2
  0.02043674 -0.00000000    0.00000792 -0.00021384   -0.00453853  0.00022361
  0.00000792  0.00021384    0.01630070  0.00000000   -0.00024086 -0.00021666
 -0.00453853 -0.00022361   -0.00024086  0.00021666    0.02091611  0.00000000
    2    3
  0.00239220  0.00252592    0.00228333 -0.00010707    0.00019440  0.00215643
  0.00214077  0.00008087   -0.00004896 -0.00066579   -0.00235958  0.00026595
  0.00013657  0.00238849   -0.00214379  0.00018020   -0.00221424  0.00295541
    3    1
  0.00239220  0.00252592    0.00214077  0.00008087    0.00013657  0.00238849
  0.00228333 -0.00010707   -0.00004896 -0.00066579   -0.00214379  0.00018020
  0.00019440  0.00215643   -0.00235958  0.00026595   -0.00221424  0.00295541
    3    2
  0.00239220 -0.00252592    0.00214077 -0.00008087    0.00013657 -0.00238849
  0.00228333  0.00010707   -0.00004896  0.00066579   -0.00214379 -0.00018020
  0.00019440 -0.00215643   -0.00235958 -0.00026595   -0.00221424 -0.00295541
    3    3
  0.37622230  0.00000000    0.31578113  0.00000000    0.56320197  0.00000000
  0.31578113  0.00000000    0.34934558  0.00000000    0.59521285  0.00000000
  0.56320197  0.00000000    0.59521285  0.00000000    1.08602819  0.00000000

     Dynamical  Matrix in cartesian axes

     q = (    1.194510861   0.334448762  -1.385675437 ) 

    1    1
  0.01630070  0.00000000    0.00000792  0.00021384   -0.00024086 -0.00021666
  0.00000792 -0.00021384    0.02043674 -0.00000000   -0.00453853  0.00022361
 -0.00024086  0.00021666   -0.00453853 -0.00022361    0.02091611  0.00000000
    1    2
  0.00000944  0.00423891   -0.00071655  0.00125557    0.00077550  0.00129250
 -0.00071655  0.00125557   -0.00355713  0.00011630   -0.00001045 -0.00026961
  0.00077550  0.00129250   -0.00001045 -0.00026961    0.00374813  0.00013412
    1    3
 -0.00004896 -0.00066579    0.00214077  0.00008087   -0.00235958  0.00026595
  0.00228333 -0.00010707    0.00239220  0.00252592    0.00019440  0.00215643
 -0.00214379  0.00018020    0.00013657  0.00238849   -0.00221424  0.00295541
    2    1
  0.00000944 -0.00423891   -0.00071655 -0.00125557    0.00077550 -0.00129250
 -0.00071655 -0.00125557   -0.00355713 -0.00011630   -0.00001045  0.00026961
  0.00077550 -0.00129250   -0.00001045  0.00026961    0.00374813 -0.00013412
    2    2
  0.01630070 -0.00000000    0.00000792 -0.00021384   -0.00024086  0.00021666
  0.00000792  0.00021384    0.02043674  0.00000000   -0.00453853 -0.00022361
 -0.00024086 -0.00021666   -0.00453853  0.00022361    0.02091611 -0.00000000
    2    3
 -0.00004896  0.00066579    0.00214077 -0.00008087   -0.00235958 -0.00026595
  0.00228333  0.00010707    0.00239220 -0.00252592    0.00019440 -0.00215643
 -0.00214379 -0.00018020    0.00013657 -0.00238849   -0.00221424 -0.00295541
    3    1
 -0.00004896  0.00066579    0.00228333  0.00010707   -0.00214379 -0.00018020
  0.00214077 -0.00008087    0.00239220 -0.00252592    0.00013657 -0.00238849
 -0.00235958 -0.00026595    0.00019440 -0.00215643   -0.00221424 -0.00295541
    3    2
 -0.00004896 -0.00066579    0.00228333 -0.00010707   -0.00214379  0.00018020
  0.00214077  0.00008087    0.00239220  0.00252592    0.00013657  0.00238849
 -0.00235958  0.00026595    0.00019440  0.00215643   -0.00221424  0.00295541
    3    3
  0.34934558  0.00000000    0.31578113  0.00000000    0.59521285  0.00000000
  0.31578113  0.00000000    0.37622230  0.00000000    0.56320197  0.00000000
  0.59521285  0.00000000    0.56320197  0.00000000    1.08602819  0.00000000

     Dynamical  Matrix in cartesian axes

     q = (   -1.385675437   1.194510861   0.334448762 ) 

    1    1
  0.02091611  0.00000000   -0.00024086  0.00021666   -0.00453853 -0.00022361
 -0.00024086 -0.00021666    0.01630070  0.00000000    0.00000792  0.00021384
 -0.00453853  0.00022361    0.00000792 -0.00021384    0.02043674 -0.00000000
    1    2
  0.00374813  0.00013412    0.00077550  0.00129250   -0.00001045 -0.00026961
  0.00077550  0.00129250    0.00000944  0.00423891   -0.00071655  0.00125557
 -0.00001045 -0.00026961   -0.00071655  0.00125557   -0.00355713  0.00011630
    1    3
 -0.00221424  0.00295541   -0.00214379  0.00018020    0.00013657  0.00238849
 -0.00235958  0.00026595   -0.00004896 -0.00066579    0.00214077  0.00008087
  0.00019440  0.00215643    0.00228333 -0.00010707    0.00239220  0.00252592
    2    1
  0.00374813 -0.00013412    0.00077550 -0.00129250   -0.00001045  0.00026961
  0.00077550 -0.00129250    0.00000944 -0.00423891   -0.00071655 -0.00125557
 -0.00001045  0.00026961   -0.00071655 -0.00125557   -0.00355713 -0.00011630
    2    2
  0.02091611 -0.00000000   -0.00024086 -0.00021666   -0.00453853  0.00022361
 -0.00024086  0.00021666    0.01630070 -0.00000000    0.00000792 -0.00021384
 -0.00453853 -0.00022361    0.00000792  0.00021384    0.02043674  0.00000000
    2    3
 -0.00221424 -0.00295541   -0.00214379 -0.00018020    0.00013657 -0.00238849
 -0.00235958 -0.00026595   -0.00004896  0.00066579    0.00214077 -0.00008087
  0.00019440 -0.00215643    0.00228333  0.00010707    0.00239220 -0.00252592
    3    1
 -0.00221424 -0.00295541   -0.00235958 -0.00026595    0.00019440 -0.00215643
 -0.00214379 -0.00018020   -0.00004896  0.00066579    0.00228333  0.00010707
  0.00013657 -0.00238849    0.00214077 -0.00008087    0.00239220 -0.00252592
    3    2
 -0.00221424  0.00295541   -0.00235958  0.00026595    0.00019440  0.00215643
 -0.00214379  0.00018020   -0.00004896 -0.00066579    0.00228333 -0.00010707
  0.00013657  0.00238849    0.00214077  0.00008087    0.00239220  0.00252592
    3    3
  1.08602819  0.00000000    0.59521285  0.00000000    0.56320197  0.00000000
  0.59521285  0.00000000    0.34934558  0.00000000    0.31578113  0.00000000
  0.56320197  0.00000000    0.31578113  0.00000000    0.37622230  0.00000000

     Dynamical  Matrix in cartesian axes

     q = (    0.334448762  -1.385675437   1.194510861 ) 

    1    1
  0.02043674 -0.00000000   -0.00453853  0.00022361    0.00000792 -0.00021384
 -0.00453853 -0.00022361    0.02091611  0.00000000   -0.00024086  0.00021666
  0.00000792  0.00021384   -0.00024086 -0.00021666    0.01630070  0.00000000
    1    2
 -0.00355713  0.00011630   -0.00001045 -0.00026961   -0.00071655  0.00125557
 -0.00001045 -0.00026961    0.00374813  0.00013412    0.00077550  0.00129250
 -0.00071655  0.00125557    0.00077550  0.00129250    0.00000944  0.00423891
    1    3
  0.00239220  0.00252592    0.00019440  0.00215643    0.00228333 -0.00010707
  0.00013657  0.00238849   -0.00221424  0.00295541   -0.00214379  0.00018020
  0.00214077  0.00008087   -0.00235958  0.00026595   -0.00004896 -0.00066579
    2    1
 -0.00355713 -0.00011630   -0.00001045  0.00026961   -0.00071655 -0.00125557
 -0.00001045  0.00026961    0.00374813 -0.00013412    0.00077550 -0.00129250
 -0.00071655 -0.00125557    0.00077550 -0.00129250    0.00000944 -0.00423891
    2    2
  0.02043674  0.00000000   -0.00453853 -0.00022361    0.00000792  0.00021384
 -0.00453853  0.00022361    0.02091611 -0.00000000   -0.00024086 -0.00021666
  0.00000792 -0.00021384   -0.00024086  0.00021666    0.01630070 -0.00000000
    2    3
  0.00239220 -0.00252592    0.00019440 -0.00215643    0.00228333  0.00010707
  0.00013657 -0.00238849   -0.00221424 -0.00295541   -0.00214379 -0.00018020
  0.00214077 -0.00008087   -0.00235958 -0.00026595   -0.00004896  0.00066579
    3    1
  0.00239220 -0.00252592    0.00013657 -0.00238849    0.00214077 -0.00008087
  0.00019440 -0.00215643   -0.00221424 -0.00295541   -0.00235958 -0.00026595
  0.00228333  0.00010707   -0.00214379 -0.00018020   -0.00004896  0.00066579
    3    2
  0.00239220  0.00252592    0.00013657  0.00238849    0.00214077  0.00008087
  0.00019440  0.00215643   -0.00221424  0.00295541   -0.00235958  0.00026595
  0.00228333 -0.00010707   -0.00214379  0.00018020   -0.00004896 -0.00066579
    3    3
  0.37622230  0.00000000    0.56320197  0.00000000    0.31578113  0.00000000
  0.56320197  0.00000000    1.08602819  0.00000000    0.59521285  0.00000000
  0.31578113  0.00000000    0.59521285  0.00000000    0.34934558  0.00000000

     Dynamical  Matrix in cartesian axes

     q = (   -1.194510861   1.385675437  -0.334448762 ) 

    1    1
  0.01630070 -0.00000000   -0.00024086  0.00021666    0.00000792 -0.00021384
 -0.00024086 -0.00021666    0.02091611 -0.00000000   -0.00453853  0.00022361
  0.00000792  0.00021384   -0.00453853 -0.00022361    0.02043674  0.00000000
    1    2
  0.00000944 -0.00423891    0.00077550 -0.00129250   -0.00071655 -0.00125557
  0.00077550 -0.00129250    0.00374813 -0.00013412   -0.00001045  0.00026961
 -0.00071655 -0.00125557   -0.00001045  0.00026961   -0.00355713 -0.00011630
    1    3
 -0.00004896  0.00066579   -0.00235958 -0.00026595    0.00214077 -0.00008087
 -0.00214379 -0.00018020   -0.00221424 -0.00295541    0.00013657 -0.00238849
  0.00228333  0.00010707    0.00019440 -0.00215643    0.00239220 -0.00252592
    2    1
  0.00000944  0.00423891    0.00077550  0.00129250   -0.00071655  0.00125557
  0.00077550  0.00129250    0.00374813  0.00013412   -0.00001045 -0.00026961
 -0.00071655  0.00125557   -0.00001045 -0.00026961   -0.00355713  0.00011630
    2    2
  0.01630070  0.00000000   -0.00024086 -0.00021666    0.00000792  0.00021384
 -0.00024086  0.00021666    0.02091611  0.00000000   -0.00453853 -0.00022361
  0.00000792 -0.00021384   -0.00453853  0.00022361    0.02043674 -0.00000000
    2    3
 -0.00004896 -0.00066579   -0.00235958  0.00026595    0.00214077  0.00008087
 -0.00214379  0.00018020   -0.00221424  0.00295541    0.00013657  0.00238849
  0.00228333 -0.00010707    0.00019440  0.00215643    0.00239220  0.00252592
    3    1
 -0.00004896 -0.00066579   -0.00214379  0.00018020    0.00228333 -0.00010707
 -0.00235958  0.00026595   -0.00221424  0.00295541    0.00019440  0.00215643
  0.00214077  0.00008087    0.00013657  0.00238849    0.00239220  0.00252592
    3    2
 -0.00004896  0.00066579   -0.00214379 -0.00018020    0.00228333  0.00010707
 -0.00235958 -0.00026595   -0.00221424 -0.00295541    0.00019440 -0.00215643
  0.00214077 -0.00008087    0.00013657 -0.00238849    0.00239220 -0.00252592
    3    3
  0.34934558  0.00000000    0.59521285  0.00000000    0.31578113  0.00000000
  0.59521285  0.00000000    1.08602819  0.00000000    0.56320197  0.00000000
  0.31578113  0.00000000    0.56320197  0.00000000    0.37622230  0.00000000

     Dynamical  Matrix in cartesian axes

     q = (    1.385675437  -0.334448762  -1.194510861 ) 

    1    1
  0.02091611 -0.00000000   -0.00453853  0.00022361   -0.00024086 -0.00021666
 -0.00453853 -0.00022361    0.02043674  0.00000000    0.00000792  0.00021384
 -0.00024086  0.00021666    0.00000792 -0.00021384    0.01630070 -0.00000000
    1    2
  0.00374813 -0.00013412   -0.00001045  0.00026961    0.00077550 -0.00129250
 -0.00001045  0.00026961   -0.00355713 -0.00011630   -0.00071655 -0.00125557
  0.00077550 -0.00129250   -0.00071655 -0.00125557    0.00000944 -0.00423891
    1    3
 -0.00221424 -0.00295541    0.00013657 -0.00238849   -0.00214379 -0.00018020
  0.00019440 -0.00215643    0.00239220 -0.00252592    0.00228333  0.00010707
 -0.00235958 -0.00026595    0.00214077 -0.00008087   -0.00004896  0.00066579
    2    1
  0.00374813  0.00013412   -0.00001045 -0.00026961    0.00077550  0.00129250
 -0.00001045 -0.00026961   -0.00355713  0.00011630   -0.00071655  0.00125557
  0.00077550  0.00129250   -0.00071655  0.00125557    0.00000944  0.00423891
    2    2
  0.02091611  0.00000000   -0.00453853 -0.00022361   -0.00024086  0.00021666
 -0.00453853  0.00022361    0.02043674 -0.00000000    0.00000792 -0.00021384
 -0.00024086 -0.00021666    0.00000792  0.00021384    0.01630070  0.00000000
    2    3
 -0.00221424  0.00295541    0.00013657  0.00238849   -0.00214379  0.00018020
  0.00019440  0.00215643    0.00239220  0.00252592    0.00228333 -0.00010707
 -0.00235958  0.00026595    0.00214077  0.00008087   -0.00004896 -0.00066579
    3    1
 -0.00221424  0.00295541    0.00019440  0.00215643   -0.00235958  0.00026595
  0.00013657  0.00238849    0.00239220  0.00252592    0.00214077  0.00008087
 -0.00214379  0.00018020    0.00228333 -0.00010707   -0.00004896 -0.00066579
    3    2
 -0.00221424 -0.00295541    0.00019440 -0.00215643   -0.00235958 -0.00026595
  0.00013657 -0.00238849    0.00239220 -0.00252592    0.00214077 -0.00008087
 -0.00214379 -0.00018020    0.00228333  0.00010707   -0.00004896  0.00066579
    3    3
  1.08602819  0.00000000    0.56320197  0.00000000    0.59521285  0.00000000
  0.56320197  0.00000000    0.37622230  0.00000000    0.31578113  0.00000000
  0.59521285  0.00000000    0.31578113  0.00000000    0.34934558  0.00000000

     Dynamical  Matrix in cartesian axes

     q = (    0.334448762   1.194510861  -1.385675437 ) 

    1    1
  0.02043674 -0.00000000    0.00000792 -0.00021384   -0.00453853  0.00022361
  0.00000792  0.00021384    0.01630070  0.00000000   -0.00024086 -0.00021666
 -0.00453853 -0.00022361   -0.00024086  0.00021666    0.02091611  0.00000000
    1    2
 -0.00355713  0.00011630   -0.00071655  0.00125557   -0.00001045 -0.00026961
 -0.00071655  0.00125557    0.00000944  0.00423891    0.00077550  0.00129250
 -0.00001045 -0.00026961    0.00077550  0.00129250    0.00374813  0.00013412
    1    3
  0.00239220  0.00252592    0.00228333 -0.00010707    0.00019440  0.00215643
  0.00214077  0.00008087   -0.00004896 -0.00066579   -0.00235958  0.00026595
  0.00013657  0.00238849   -0.00214379  0.00018020   -0.00221424  0.00295541
    2    1
 -0.00355713 -0.00011630   -0.00071655 -0.00125557   -0.00001045  0.00026961
 -0.00071655 -0.00125557    0.00000944 -0.00423891    0.00077550 -0.00129250
 -0.00001045  0.00026961    0.00077550 -0.00129250    0.00374813 -0.00013412
    2    2
  0.02043674  0.00000000    0.00000792  0.00021384   -0.00453853 -0.00022361
  0.00000792 -0.00021384    0.01630070 -0.00000000   -0.00024086  0.00021666
 -0.00453853  0.00022361   -0.00024086 -0.00021666    0.02091611 -0.00000000
    2    3
  0.00239220 -0.00252592    0.00228333  0.00010707    0.00019440 -0.00215643
  0.00214077 -0.00008087   -0.00004896  0.00066579   -0.00235958 -0.00026595
  0.00013657 -0.00238849   -0.00214379 -0.00018020   -0.00221424 -0.00295541
    3    1
  0.00239220 -0.00252592    0.00214077 -0.00008087    0.00013657 -0.00238849
  0.00228333  0.00010707   -0.00004896  0.00066579   -0.00214379 -0.00018020
  0.00019440 -0.00215643   -0.00235958 -0.00026595   -0.00221424 -0.00295541
    3    2
  0.00239220  0.00252592    0.00214077  0.00008087    0.00013657  0.00238849
  0.00228333 -0.00010707   -0.00004896 -0.00066579   -0.00214379  0.00018020
  0.00019440  0.00215643   -0.00235958  0.00026595   -0.00221424  0.00295541
    3    3
  0.37622230  0.00000000    0.31578113  0.00000000    0.56320197  0.00000000
  0.31578113  0.00000000    0.34934558  0.00000000    0.59521285  0.00000000
  0.56320197  0.00000000    0.59521285  0.00000000    1.08602819  0.00000000

     Dynamical  Matrix in cartesian axes

     q = (   -1.194510861  -0.334448762   1.385675437 ) 

    1    1
  0.01630070 -0.00000000    0.00000792 -0.00021384   -0.00024086  0.00021666
  0.00000792  0.00021384    0.02043674  0.00000000   -0.00453853 -0.00022361
 -0.00024086 -0.00021666   -0.00453853  0.00022361    0.02091611 -0.00000000
    1    2
  0.00000944 -0.00423891   -0.00071655 -0.00125557    0.00077550 -0.00129250
 -0.00071655 -0.00125557   -0.00355713 -0.00011630   -0.00001045  0.00026961
  0.00077550 -0.00129250   -0.00001045  0.00026961    0.00374813 -0.00013412
    1    3
 -0.00004896  0.00066579    0.00214077 -0.00008087   -0.00235958 -0.00026595
  0.00228333  0.00010707    0.00239220 -0.00252592    0.00019440 -0.00215643
 -0.00214379 -0.00018020    0.00013657 -0.00238849   -0.00221424 -0.00295541
    2    1
  0.00000944  0.00423891   -0.00071655  0.00125557    0.00077550  0.00129250
 -0.00071655  0.00125557   -0.00355713  0.00011630   -0.00001045 -0.00026961
  0.00077550  0.00129250   -0.00001045 -0.00026961    0.00374813  0.00013412
    2    2
  0.01630070  0.00000000    0.00000792  0.00021384   -0.00024086 -0.00021666
  0.00000792 -0.00021384    0.02043674 -0.00000000   -0.00453853  0.00022361
 -0.00024086  0.00021666   -0.00453853 -0.00022361    0.02091611  0.00000000
    2    3
 -0.00004896 -0.00066579    0.00214077  0.00008087   -0.00235958  0.00026595
  0.00228333 -0.00010707    0.00239220  0.00252592    0.00019440  0.00215643
 -0.00214379  0.00018020    0.00013657  0.00238849   -0.00221424  0.00295541
    3    1
 -0.00004896 -0.00066579    0.00228333 -0.00010707   -0.00214379  0.00018020
  0.00214077  0.00008087    0.00239220  0.00252592    0.00013657  0.00238849
 -0.00235958  0.00026595    0.00019440  0.00215643   -0.00221424  0.00295541
    3    2
 -0.00004896  0.00066579    0.00228333  0.00010707   -0.00214379 -0.00018020
  0.00214077 -0.00008087    0.00239220 -0.00252592    0.00013657 -0.00238849
 -0.00235958 -0.00026595    0.00019440 -0.00215643   -0.00221424 -0.00295541
    3    3
  0.34934558  0.00000000    0.31578113  0.00000000    0.59521285  0.00000000
  0.31578113  0.00000000    0.37622230  0.00000000    0.56320197  0.00000000
  0.59521285  0.00000000    0.56320197  0.00000000    1.08602819  0.00000000

     Dynamical  Matrix in cartesian axes

     q = (    1.385675437  -1.194510861  -0.334448762 ) 

    1    1
  0.02091611 -0.00000000   -0.00024086 -0.00021666   -0.00453853  0.00022361
 -0.00024086  0.00021666    0.01630070 -0.00000000    0.00000792 -0.00021384
 -0.00453853 -0.00022361    0.00000792  0.00021384    0.02043674  0.00000000
    1    2
  0.00374813 -0.00013412    0.00077550 -0.00129250   -0.00001045  0.00026961
  0.00077550 -0.00129250    0.00000944 -0.00423891   -0.00071655 -0.00125557
 -0.00001045  0.00026961   -0.00071655 -0.00125557   -0.00355713 -0.00011630
    1    3
 -0.00221424 -0.00295541   -0.00214379 -0.00018020    0.00013657 -0.00238849
 -0.00235958 -0.00026595   -0.00004896  0.00066579    0.00214077 -0.00008087
  0.00019440 -0.00215643    0.00228333  0.00010707    0.00239220 -0.00252592
    2    1
  0.00374813  0.00013412    0.00077550  0.00129250   -0.00001045 -0.00026961
  0.00077550  0.00129250    0.00000944  0.00423891   -0.00071655  0.00125557
 -0.00001045 -0.00026961   -0.00071655  0.00125557   -0.00355713  0.00011630
    2    2
  0.02091611  0.00000000   -0.00024086  0.00021666   -0.00453853 -0.00022361
 -0.00024086 -0.00021666    0.01630070  0.00000000    0.00000792  0.00021384
 -0.00453853  0.00022361    0.00000792 -0.00021384    0.02043674 -0.00000000
    2    3
 -0.00221424  0.00295541   -0.00214379  0.00018020    0.00013657  0.00238849
 -0.00235958  0.00026595   -0.00004896 -0.00066579    0.00214077  0.00008087
  0.00019440  0.00215643    0.00228333 -0.00010707    0.00239220  0.00252592
    3    1
 -0.00221424  0.00295541   -0.00235958  0.00026595    0.00019440  0.00215643
 -0.00214379  0.00018020   -0.00004896 -0.00066579    0.00228333 -0.00010707
  0.00013657  0.00238849    0.00214077  0.00008087    0.00239220  0.00252592
    3    2
 -0.00221424 -0.00295541   -0.00235958 -0.00026595    0.00019440 -0.00215643
 -0.00214379 -0.00018020   -0.00004896  0.00066579    0.00228333  0.00010707
  0.00013657 -0.00238849    0.00214077 -0.00008087    0.00239220 -0.00252592
    3    3
  1.08602819  0.00000000    0.59521285  0.00000000    0.56320197  0.00000000
  0.59521285  0.00000000    0.34934558  0.00000000    0.31578113  0.00000000
  0.56320197  0.00000000    0.31578113  0.00000000    0.37622230  0.00000000

     Dynamical  Matrix in cartesian axes

     q = (   -0.334448762   1.385675437  -1.194510861 ) 

    1    1
  0.02043674  0.00000000   -0.00453853 -0.00022361    0.00000792  0.00021384
 -0.00453853  0.00022361    0.02091611 -0.00000000   -0.00024086 -0.00021666
  0.00000792 -0.00021384   -0.00024086  0.00021666    0.01630070 -0.00000000
    1    2
 -0.00355713 -0.00011630   -0.00001045  0.00026961   -0.00071655 -0.00125557
 -0.00001045  0.00026961    0.00374813 -0.00013412    0.00077550 -0.00129250
 -0.00071655 -0.00125557    0.00077550 -0.00129250    0.00000944 -0.00423891
    1    3
  0.00239220 -0.00252592    0.00019440 -0.00215643    0.00228333  0.00010707
  0.00013657 -0.00238849   -0.00221424 -0.00295541   -0.00214379 -0.00018020
  0.00214077 -0.00008087   -0.00235958 -0.00026595   -0.00004896  0.00066579
    2    1
 -0.00355713  0.00011630   -0.00001045 -0.00026961   -0.00071655  0.00125557
 -0.00001045 -0.00026961    0.00374813  0.00013412    0.00077550  0.00129250
 -0.00071655  0.00125557    0.00077550  0.00129250    0.00000944  0.00423891
    2    2
  0.02043674 -0.00000000   -0.00453853  0.00022361    0.00000792 -0.00021384
 -0.00453853 -0.00022361    0.02091611  0.00000000   -0.00024086  0.00021666
  0.00000792  0.00021384   -0.00024086 -0.00021666    0.01630070  0.00000000
    2    3
  0.00239220  0.00252592    0.00019440  0.00215643    0.00228333 -0.00010707
  0.00013657  0.00238849   -0.00221424  0.00295541   -0.00214379  0.00018020
  0.00214077  0.00008087   -0.00235958  0.00026595   -0.00004896 -0.00066579
    3    1
  0.00239220  0.00252592    0.00013657  0.00238849    0.00214077  0.00008087
  0.00019440  0.00215643   -0.00221424  0.00295541   -0.00235958  0.00026595
  0.00228333 -0.00010707   -0.00214379  0.00018020   -0.00004896 -0.00066579
    3    2
  0.00239220 -0.00252592    0.00013657 -0.00238849    0.00214077 -0.00008087
  0.00019440 -0.00215643   -0.00221424 -0.00295541   -0.00235958 -0.00026595
  0.00228333  0.00010707   -0.00214379 -0.00018020   -0.00004896  0.00066579
    3    3
  0.37622230  0.00000000    0.56320197  0.00000000    0.31578113  0.00000000
  0.56320197  0.00000000    1.08602819  0.00000000    0.59521285  0.00000000
  0.31578113  0.00000000    0.59521285  0.00000000    0.34934558  0.00000000

     Dynamical  Matrix in cartesian axes

     q = (    1.194510861  -1.385675437   0.334448762 ) 

    1    1
  0.01630070  0.00000000   -0.00024086 -0.00021666    0.00000792  0.00021384
 -0.00024086  0.00021666    0.02091611  0.00000000   -0.00453853 -0.00022361
  0.00000792 -0.00021384   -0.00453853  0.00022361    0.02043674 -0.00000000
    1    2
  0.00000944  0.00423891    0.00077550  0.00129250   -0.00071655  0.00125557
  0.00077550  0.00129250    0.00374813  0.00013412   -0.00001045 -0.00026961
 -0.00071655  0.00125557   -0.00001045 -0.00026961   -0.00355713  0.00011630
    1    3
 -0.00004896 -0.00066579   -0.00235958  0.00026595    0.00214077  0.00008087
 -0.00214379  0.00018020   -0.00221424  0.00295541    0.00013657  0.00238849
  0.00228333 -0.00010707    0.00019440  0.00215643    0.00239220  0.00252592
    2    1
  0.00000944 -0.00423891    0.00077550 -0.00129250   -0.00071655 -0.00125557
  0.00077550 -0.00129250    0.00374813 -0.00013412   -0.00001045  0.00026961
 -0.00071655 -0.00125557   -0.00001045  0.00026961   -0.00355713 -0.00011630
    2    2
  0.01630070 -0.00000000   -0.00024086  0.00021666    0.00000792 -0.00021384
 -0.00024086 -0.00021666    0.02091611 -0.00000000   -0.00453853  0.00022361
  0.00000792  0.00021384   -0.00453853 -0.00022361    0.02043674  0.00000000
    2    3
 -0.00004896  0.00066579   -0.00235958 -0.00026595    0.00214077 -0.00008087
 -0.00214379 -0.00018020   -0.00221424 -0.00295541    0.00013657 -0.00238849
  0.00228333  0.00010707    0.00019440 -0.00215643    0.00239220 -0.00252592
    3    1
 -0.00004896  0.00066579   -0.00214379 -0.00018020    0.00228333  0.00010707
 -0.00235958 -0.00026595   -0.00221424 -0.00295541    0.00019440 -0.00215643
  0.00214077 -0.00008087    0.00013657 -0.00238849    0.00239220 -0.00252592
    3    2
 -0.00004896 -0.00066579   -0.00214379  0.00018020    0.00228333 -0.00010707
 -0.00235958  0.00026595   -0.00221424  0.00295541    0.00019440  0.00215643
  0.00214077  0.00008087    0.00013657  0.00238849    0.00239220  0.00252592
    3    3
  0.34934558  0.00000000    0.59521285  0.00000000    0.31578113  0.00000000
  0.59521285  0.00000000    1.08602819  0.00000000    0.56320197  0.00000000
  0.31578113  0.00000000    0.56320197  0.00000000    0.37622230  0.00000000

     Dynamical  Matrix in cartesian axes

     q = (   -1.385675437   0.334448762   1.194510861 ) 

    1    1
  0.02091611  0.00000000   -0.00453853 -0.00022361   -0.00024086  0.00021666
 -0.00453853  0.00022361    0.02043674 -0.00000000    0.00000792 -0.00021384
 -0.00024086 -0.00021666    0.00000792  0.00021384    0.01630070  0.00000000
    1    2
  0.00374813  0.00013412   -0.00001045 -0.00026961    0.00077550  0.00129250
 -0.00001045 -0.00026961   -0.00355713  0.00011630   -0.00071655  0.00125557
  0.00077550  0.00129250   -0.00071655  0.00125557    0.00000944  0.00423891
    1    3
 -0.00221424  0.00295541    0.00013657  0.00238849   -0.00214379  0.00018020
  0.00019440  0.00215643    0.00239220  0.00252592    0.00228333 -0.00010707
 -0.00235958  0.00026595    0.00214077  0.00008087   -0.00004896 -0.00066579
    2    1
  0.00374813 -0.00013412   -0.00001045  0.00026961    0.00077550 -0.00129250
 -0.00001045  0.00026961   -0.00355713 -0.00011630   -0.00071655 -0.00125557
  0.00077550 -0.00129250   -0.00071655 -0.00125557    0.00000944 -0.00423891
    2    2
  0.02091611 -0.00000000   -0.00453853  0.00022361   -0.00024086 -0.00021666
 -0.00453853 -0.00022361    0.02043674  0.00000000    0.00000792  0.00021384
 -0.00024086  0.00021666    0.00000792 -0.00021384    0.01630070 -0.00000000
    2    3
 -0.00221424 -0.00295541    0.00013657 -0.00238849   -0.00214379 -0.00018020
  0.00019440 -0.00215643    0.00239220 -0.00252592    0.00228333  0.00010707
 -0.00235958 -0.00026595    0.00214077 -0.00008087   -0.00004896  0.00066579
    3    1
 -0.00221424 -0.00295541    0.00019440 -0.00215643   -0.00235958 -0.00026595
  0.00013657 -0.00238849    0.00239220 -0.00252592    0.00214077 -0.00008087
 -0.00214379 -0.00018020    0.00228333  0.00010707   -0.00004896  0.00066579
    3    2
 -0.00221424  0.00295541    0.00019440  0.00215643   -0.00235958  0.00026595
  0.00013657  0.00238849    0.00239220  0.00252592    0.00214077  0.00008087
 -0.00214379  0.00018020    0.00228333 -0.00010707   -0.00004896 -0.00066579
    3    3
  1.08602819  0.00000000    0.56320197  0.00000000    0.59521285  0.00000000
  0.56320197  0.00000000    0.37622230  0.00000000    0.31578113  0.00000000
  0.59521285  0.00000000    0.31578113  0.00000000    0.34934558  0.00000000

     Diagonalizing the dynamical matrix

     q = (   -0.334448762  -1.194510861   1.385675437 ) 

 **************************************************************************
     freq (    1) =       2.216292 [THz] =      73.927555 [cm-1]
 (  0.244112  0.112509  0.396074  0.373851  0.071224  0.238452 ) 
 (  0.244112 -0.112509  0.396074 -0.373851  0.071224 -0.238452 ) 
 ( -0.026570 -0.000000 -0.316873  0.000000  0.192987  0.000000 ) 
     freq (    2) =       2.692361 [THz] =      89.807490 [cm-1]
 ( -0.424164  0.233646  0.043848 -0.132344 -0.208311  0.441405 ) 
 ( -0.424164 -0.233646  0.043848  0.132344 -0.208311 -0.441405 ) 
 (  0.059091  0.000000 -0.105938 -0.000000  0.030570  0.000000 ) 
     freq (    3) =       2.820496 [THz] =      94.081617 [cm-1]
 ( -0.361854 -0.161641  0.314593  0.312771 -0.120237 -0.202231 ) 
 ( -0.361854  0.161641  0.314593 -0.312771 -0.120237  0.202231 ) 
 ( -0.030841  0.000000  0.377896 -0.000000 -0.194458  0.000000 ) 
     freq (    4) =       3.138391 [THz] =     104.685448 [cm-1]
 (  0.117451  0.085291 -0.146687  0.149567  0.251091  0.334071 ) 
 (  0.117451 -0.085291 -0.146687 -0.149567  0.251091 -0.334071 ) 
 ( -0.007287  0.000000  0.632923 -0.000000 -0.346615  0.000000 ) 
     freq (    5) =       3.253606 [THz] =     108.528615 [cm-1]
 (  0.140384  0.078989  0.462274 -0.458700  0.056226 -0.022437 ) 
 (  0.140384 -0.078989  0.462274  0.458700  0.056226  0.022437 ) 
 ( -0.069028 -0.000000  0.273478  0.000000 -0.114085  0.000000 ) 
     freq (    6) =       3.695321 [THz] =     123.262644 [cm-1]
 ( -0.020700  0.625847 -0.040301  0.098593  0.012867 -0.304873 ) 
 ( -0.020700 -0.625847 -0.040301 -0.098593  0.012867  0.304873 ) 
 (  0.031450  0.000000  0.058880 -0.000000 -0.049013  0.000000 ) 
     freq (    7) =       3.759026 [THz] =     125.387618 [cm-1]
 (  0.307864  0.019297 -0.046763  0.048327 -0.608139  0.045293 ) 
 (  0.307864 -0.019297 -0.046763 -0.048327 -0.608139 -0.045293 ) 
 (  0.016321 -0.000000  0.202451  0.000000 -0.125016  0.000000 ) 
     freq (    8) =       5.932169 [THz] =     197.875855 [cm-1]
 (  0.029031 -0.032407  0.056643 -0.007898  0.029459 -0.017172 ) 
 (  0.029031  0.032407  0.056643  0.007898  0.029459  0.017172 ) 
 (  0.895910  0.000000 -0.180558 -0.000000 -0.389987  0.000000 ) 
     freq (    9) =      29.862053 [THz] =     996.090878 [cm-1]
 (  0.001284 -0.001605 -0.000558  0.000030 -0.001548 -0.002006 ) 
 (  0.001284  0.001605 -0.000558 -0.000030 -0.001548  0.002006 ) 
 (  0.431419  0.000000  0.439462  0.000000  0.787863  0.000000 ) 
 **************************************************************************
