Dynamical matrix file
                                                                           
  1    3  0 17.0000000  0.0000000  0.0000000  0.0000000  0.0000000  0.0000000
Basis vectors
      0.387810316    0.678487001    0.678487001
      0.678487001    0.387810316    0.678487001
      0.678487001    0.678487001    0.387810316
           1  'Na  '    20954.103126620943     
    1    1      1.2601225305      1.2601225305      1.2601225305
    2    1      0.4846617875      0.4846617875      0.4846617875
    3    1      0.8723921590      0.8723921590      0.8723921590

     Dynamical  Matrix in cartesian axes

     q = (    0.668897523  -0.191164576  -0.191164576 ) 

    1    1
  0.01627672 -0.00000000   -0.00009833 -0.00001024   -0.00009833 -0.00001024
 -0.00009833  0.00001024    0.01152397 -0.00000000    0.00448235 -0.00000000
 -0.00009833  0.00001024    0.00448235 -0.00000000    0.01152397 -0.00000000
    1    2
 -0.00332001 -0.00021869   -0.00067418 -0.00129047   -0.00067418 -0.00129047
 -0.00067418 -0.00129047   -0.00004378 -0.00403857   -0.00081497 -0.00194373
 -0.00067418 -0.00129047   -0.00081497 -0.00194373   -0.00004378 -0.00403857
    1    3
 -0.00051705 -0.00408598   -0.00001645 -0.00222916   -0.00001645 -0.00222916
 -0.00000015 -0.00220756   -0.00154940 -0.00209140   -0.00220362  0.00004750
 -0.00000015 -0.00220756   -0.00220362  0.00004750   -0.00154940 -0.00209140
    2    1
 -0.00332001  0.00021869   -0.00067418  0.00129047   -0.00067418  0.00129047
 -0.00067418  0.00129047   -0.00004378  0.00403857   -0.00081497  0.00194373
 -0.00067418  0.00129047   -0.00081497  0.00194373   -0.00004378  0.00403857
    2    2
  0.01627672  0.00000000   -0.00009833  0.00001024   -0.00009833  0.00001024
 -0.00009833 -0.00001024    0.01152397  0.00000000    0.00448235  0.00000000
 -0.00009833 -0.00001024    0.00448235  0.00000000    0.01152397  0.00000000
    2    3
 -0.00051705  0.00408598   -0.00001645  0.00222916   -0.00001645  0.00222916
 -0.00000015  0.00220756   -0.00154940  0.00209140   -0.00220362 -0.00004750
 -0.00000015  0.00220756   -0.00220362 -0.00004750   -0.00154940  0.00209140
    3    1
 -0.00051705  0.00408598   -0.00000015  0.00220756   -0.00000015  0.00220756
 -0.00001645  0.00222916   -0.00154940  0.00209140   -0.00220362 -0.00004750
 -0.00001645  0.00222916   -0.00220362 -0.00004750   -0.00154940  0.00209140
    3    2
 -0.00051705 -0.00408598   -0.00000015 -0.00220756   -0.00000015 -0.00220756
 -0.00001645 -0.00222916   -0.00154940 -0.00209140   -0.00220362  0.00004750
 -0.00001645 -0.00222916   -0.00220362  0.00004750   -0.00154940 -0.00209140
    3    3
  0.01630334  0.00000000   -0.00016116  0.00000000   -0.00016116  0.00000000
 -0.00016116  0.00000000    0.01161053  0.00000000    0.00453019  0.00000000
 -0.00016116  0.00000000    0.00453019  0.00000000    0.01161053  0.00000000

     Dynamical  Matrix in cartesian axes

     q = (   -0.191164576  -0.191164576   0.668897523 ) 

    1    1
  0.01152397 -0.00000000    0.00448235 -0.00000000   -0.00009833  0.00001024
  0.00448235  0.00000000    0.01152397  0.00000000   -0.00009833  0.00001024
 -0.00009833 -0.00001024   -0.00009833 -0.00001024    0.01627672 -0.00000000
    1    2
 -0.00004378 -0.00403857   -0.00081497 -0.00194373   -0.00067418 -0.00129047
 -0.00081497 -0.00194373   -0.00004378 -0.00403857   -0.00067418 -0.00129047
 -0.00067418 -0.00129047   -0.00067418 -0.00129047   -0.00332001 -0.00021869
    1    3
 -0.00154940 -0.00209140   -0.00220362  0.00004750   -0.00000015 -0.00220756
 -0.00220362  0.00004750   -0.00154940 -0.00209140   -0.00000015 -0.00220756
 -0.00001645 -0.00222916   -0.00001645 -0.00222916   -0.00051705 -0.00408598
    2    1
 -0.00004378  0.00403857   -0.00081497  0.00194373   -0.00067418  0.00129047
 -0.00081497  0.00194373   -0.00004378  0.00403857   -0.00067418  0.00129047
 -0.00067418  0.00129047   -0.00067418  0.00129047   -0.00332001  0.00021869
    2    2
  0.01152397  0.00000000    0.00448235  0.00000000   -0.00009833 -0.00001024
  0.00448235 -0.00000000    0.01152397 -0.00000000   -0.00009833 -0.00001024
 -0.00009833  0.00001024   -0.00009833  0.00001024    0.01627672  0.00000000
    2    3
 -0.00154940  0.00209140   -0.00220362 -0.00004750   -0.00000015  0.00220756
 -0.00220362 -0.00004750   -0.00154940  0.00209140   -0.00000015  0.00220756
 -0.00001645  0.00222916   -0.00001645  0.00222916   -0.00051705  0.00408598
    3    1
 -0.00154940  0.00209140   -0.00220362 -0.00004750   -0.00001645  0.00222916
 -0.00220362 -0.00004750   -0.00154940  0.00209140   -0.00001645  0.00222916
 -0.00000015  0.00220756   -0.00000015  0.00220756   -0.00051705  0.00408598
    3    2
 -0.00154940 -0.00209140   -0.00220362  0.00004750   -0.00001645 -0.00222916
 -0.00220362  0.00004750   -0.00154940 -0.00209140   -0.00001645 -0.00222916
 -0.00000015 -0.00220756   -0.00000015 -0.00220756   -0.00051705 -0.00408598
    3    3
  0.01161053  0.00000000    0.00453019  0.00000000   -0.00016116  0.00000000
  0.00453019  0.00000000    0.01161053  0.00000000   -0.00016116  0.00000000
 -0.00016116  0.00000000   -0.00016116  0.00000000    0.01630334  0.00000000

     Dynamical  Matrix in cartesian axes

     q = (   -0.191164576   0.668897523  -0.191164576 ) 

    1    1
  0.01152397  0.00000000   -0.00009833  0.00001024    0.00448235 -0.00000000
 -0.00009833 -0.00001024    0.01627672 -0.00000000   -0.00009833 -0.00001024
  0.00448235  0.00000000   -0.00009833  0.00001024    0.01152397 -0.00000000
    1    2
 -0.00004378 -0.00403857   -0.00067418 -0.00129047   -0.00081497 -0.00194373
 -0.00067418 -0.00129047   -0.00332001 -0.00021869   -0.00067418 -0.00129047
 -0.00081497 -0.00194373   -0.00067418 -0.00129047   -0.00004378 -0.00403857
    1    3
 -0.00154940 -0.00209140   -0.00000015 -0.00220756   -0.00220362  0.00004750
 -0.00001645 -0.00222916   -0.00051705 -0.00408598   -0.00001645 -0.00222916
 -0.00220362  0.00004750   -0.00000015 -0.00220756   -0.00154940 -0.00209140
    2    1
 -0.00004378  0.00403857   -0.00067418  0.00129047   -0.00081497  0.00194373
 -0.00067418  0.00129047   -0.00332001  0.00021869   -0.00067418  0.00129047
 -0.00081497  0.00194373   -0.00067418  0.00129047   -0.00004378  0.00403857
    2    2
  0.01152397 -0.00000000   -0.00009833 -0.00001024    0.00448235  0.00000000
 -0.00009833  0.00001024    0.01627672  0.00000000   -0.00009833  0.00001024
  0.00448235 -0.00000000   -0.00009833 -0.00001024    0.01152397  0.00000000
    2    3
 -0.00154940  0.00209140   -0.00000015  0.00220756   -0.00220362 -0.00004750
 -0.00001645  0.00222916   -0.00051705  0.00408598   -0.00001645  0.00222916
 -0.00220362 -0.00004750   -0.00000015  0.00220756   -0.00154940  0.00209140
    3    1
 -0.00154940  0.00209140   -0.00001645  0.00222916   -0.00220362 -0.00004750
 -0.00000015  0.00220756   -0.00051705  0.00408598   -0.00000015  0.00220756
 -0.00220362 -0.00004750   -0.00001645  0.00222916   -0.00154940  0.00209140
    3    2
 -0.00154940 -0.00209140   -0.00001645 -0.00222916   -0.00220362  0.00004750
 -0.00000015 -0.00220756   -0.00051705 -0.00408598   -0.00000015 -0.00220756
 -0.00220362  0.00004750   -0.00001645 -0.00222916   -0.00154940 -0.00209140
    3    3
  0.01161053  0.00000000   -0.00016116  0.00000000    0.00453019  0.00000000
 -0.00016116  0.00000000    0.01630334  0.00000000   -0.00016116  0.00000000
  0.00453019  0.00000000   -0.00016116  0.00000000    0.01161053  0.00000000

     Dynamical  Matrix in cartesian axes

     q = (    0.191164576   0.191164576  -0.668897523 ) 

    1    1
  0.01152397  0.00000000    0.00448235  0.00000000   -0.00009833 -0.00001024
  0.00448235 -0.00000000    0.01152397 -0.00000000   -0.00009833 -0.00001024
 -0.00009833  0.00001024   -0.00009833  0.00001024    0.01627672  0.00000000
    1    2
 -0.00004378  0.00403857   -0.00081497  0.00194373   -0.00067418  0.00129047
 -0.00081497  0.00194373   -0.00004378  0.00403857   -0.00067418  0.00129047
 -0.00067418  0.00129047   -0.00067418  0.00129047   -0.00332001  0.00021869
    1    3
 -0.00154940  0.00209140   -0.00220362 -0.00004750   -0.00000015  0.00220756
 -0.00220362 -0.00004750   -0.00154940  0.00209140   -0.00000015  0.00220756
 -0.00001645  0.00222916   -0.00001645  0.00222916   -0.00051705  0.00408598
    2    1
 -0.00004378 -0.00403857   -0.00081497 -0.00194373   -0.00067418 -0.00129047
 -0.00081497 -0.00194373   -0.00004378 -0.00403857   -0.00067418 -0.00129047
 -0.00067418 -0.00129047   -0.00067418 -0.00129047   -0.00332001 -0.00021869
    2    2
  0.01152397 -0.00000000    0.00448235 -0.00000000   -0.00009833  0.00001024
  0.00448235  0.00000000    0.01152397  0.00000000   -0.00009833  0.00001024
 -0.00009833 -0.00001024   -0.00009833 -0.00001024    0.01627672 -0.00000000
    2    3
 -0.00154940 -0.00209140   -0.00220362  0.00004750   -0.00000015 -0.00220756
 -0.00220362  0.00004750   -0.00154940 -0.00209140   -0.00000015 -0.00220756
 -0.00001645 -0.00222916   -0.00001645 -0.00222916   -0.00051705 -0.00408598
    3    1
 -0.00154940 -0.00209140   -0.00220362  0.00004750   -0.00001645 -0.00222916
 -0.00220362  0.00004750   -0.00154940 -0.00209140   -0.00001645 -0.00222916
 -0.00000015 -0.00220756   -0.00000015 -0.00220756   -0.00051705 -0.00408598
    3    2
 -0.00154940  0.00209140   -0.00220362 -0.00004750   -0.00001645  0.00222916
 -0.00220362 -0.00004750   -0.00154940  0.00209140   -0.00001645  0.00222916
 -0.00000015  0.00220756   -0.00000015  0.00220756   -0.00051705  0.00408598
    3    3
  0.01161053  0.00000000    0.00453019  0.00000000   -0.00016116  0.00000000
  0.00453019  0.00000000    0.01161053  0.00000000   -0.00016116  0.00000000
 -0.00016116  0.00000000   -0.00016116  0.00000000    0.01630334  0.00000000

     Dynamical  Matrix in cartesian axes

     q = (    0.191164576  -0.668897523   0.191164576 ) 

    1    1
  0.01152397 -0.00000000   -0.00009833 -0.00001024    0.00448235  0.00000000
 -0.00009833  0.00001024    0.01627672  0.00000000   -0.00009833  0.00001024
  0.00448235 -0.00000000   -0.00009833 -0.00001024    0.01152397  0.00000000
    1    2
 -0.00004378  0.00403857   -0.00067418  0.00129047   -0.00081497  0.00194373
 -0.00067418  0.00129047   -0.00332001  0.00021869   -0.00067418  0.00129047
 -0.00081497  0.00194373   -0.00067418  0.00129047   -0.00004378  0.00403857
    1    3
 -0.00154940  0.00209140   -0.00000015  0.00220756   -0.00220362 -0.00004750
 -0.00001645  0.00222916   -0.00051705  0.00408598   -0.00001645  0.00222916
 -0.00220362 -0.00004750   -0.00000015  0.00220756   -0.00154940  0.00209140
    2    1
 -0.00004378 -0.00403857   -0.00067418 -0.00129047   -0.00081497 -0.00194373
 -0.00067418 -0.00129047   -0.00332001 -0.00021869   -0.00067418 -0.00129047
 -0.00081497 -0.00194373   -0.00067418 -0.00129047   -0.00004378 -0.00403857
    2    2
  0.01152397  0.00000000   -0.00009833  0.00001024    0.00448235 -0.00000000
 -0.00009833 -0.00001024    0.01627672 -0.00000000   -0.00009833 -0.00001024
  0.00448235  0.00000000   -0.00009833  0.00001024    0.01152397 -0.00000000
    2    3
 -0.00154940 -0.00209140   -0.00000015 -0.00220756   -0.00220362  0.00004750
 -0.00001645 -0.00222916   -0.00051705 -0.00408598   -0.00001645 -0.00222916
 -0.00220362  0.00004750   -0.00000015 -0.00220756   -0.00154940 -0.00209140
    3    1
 -0.00154940 -0.00209140   -0.00001645 -0.00222916   -0.00220362  0.00004750
 -0.00000015 -0.00220756   -0.00051705 -0.00408598   -0.00000015 -0.00220756
 -0.00220362  0.00004750   -0.00001645 -0.00222916   -0.00154940 -0.00209140
    3    2
 -0.00154940  0.00209140   -0.00001645  0.00222916   -0.00220362 -0.00004750
 -0.00000015  0.00220756   -0.00051705  0.00408598   -0.00000015  0.00220756
 -0.00220362 -0.00004750   -0.00001645  0.00222916   -0.00154940  0.00209140
    3    3
  0.01161053  0.00000000   -0.00016116  0.00000000    0.00453019  0.00000000
 -0.00016116  0.00000000    0.01630334  0.00000000   -0.00016116  0.00000000
  0.00453019  0.00000000   -0.00016116  0.00000000    0.01161053  0.00000000

     Dynamical  Matrix in cartesian axes

     q = (   -0.668897523   0.191164576   0.191164576 ) 

    1    1
  0.01627672  0.00000000   -0.00009833  0.00001024   -0.00009833  0.00001024
 -0.00009833 -0.00001024    0.01152397  0.00000000    0.00448235  0.00000000
 -0.00009833 -0.00001024    0.00448235  0.00000000    0.01152397  0.00000000
    1    2
 -0.00332001  0.00021869   -0.00067418  0.00129047   -0.00067418  0.00129047
 -0.00067418  0.00129047   -0.00004378  0.00403857   -0.00081497  0.00194373
 -0.00067418  0.00129047   -0.00081497  0.00194373   -0.00004378  0.00403857
    1    3
 -0.00051705  0.00408598   -0.00001645  0.00222916   -0.00001645  0.00222916
 -0.00000015  0.00220756   -0.00154940  0.00209140   -0.00220362 -0.00004750
 -0.00000015  0.00220756   -0.00220362 -0.00004750   -0.00154940  0.00209140
    2    1
 -0.00332001 -0.00021869   -0.00067418 -0.00129047   -0.00067418 -0.00129047
 -0.00067418 -0.00129047   -0.00004378 -0.00403857   -0.00081497 -0.00194373
 -0.00067418 -0.00129047   -0.00081497 -0.00194373   -0.00004378 -0.00403857
    2    2
  0.01627672 -0.00000000   -0.00009833 -0.00001024   -0.00009833 -0.00001024
 -0.00009833  0.00001024    0.01152397 -0.00000000    0.00448235 -0.00000000
 -0.00009833  0.00001024    0.00448235 -0.00000000    0.01152397 -0.00000000
    2    3
 -0.00051705 -0.00408598   -0.00001645 -0.00222916   -0.00001645 -0.00222916
 -0.00000015 -0.00220756   -0.00154940 -0.00209140   -0.00220362  0.00004750
 -0.00000015 -0.00220756   -0.00220362  0.00004750   -0.00154940 -0.00209140
    3    1
 -0.00051705 -0.00408598   -0.00000015 -0.00220756   -0.00000015 -0.00220756
 -0.00001645 -0.00222916   -0.00154940 -0.00209140   -0.00220362  0.00004750
 -0.00001645 -0.00222916   -0.00220362  0.00004750   -0.00154940 -0.00209140
    3    2
 -0.00051705  0.00408598   -0.00000015  0.00220756   -0.00000015  0.00220756
 -0.00001645  0.00222916   -0.00154940  0.00209140   -0.00220362 -0.00004750
 -0.00001645  0.00222916   -0.00220362 -0.00004750   -0.00154940  0.00209140
    3    3
  0.01630334  0.00000000   -0.00016116  0.00000000   -0.00016116  0.00000000
 -0.00016116  0.00000000    0.01161053  0.00000000    0.00453019  0.00000000
 -0.00016116  0.00000000    0.00453019  0.00000000    0.01161053  0.00000000

     Diagonalizing the dynamical matrix

     q = (    0.668897523  -0.191164576  -0.191164576 ) 

 **************************************************************************
     freq (    1) =       1.320258 [THz] =      44.039078 [cm-1]
 ( -0.000000 -0.000000  0.124159  0.389930 -0.124159 -0.389930 ) 
 ( -0.000000  0.000000  0.124159 -0.389930 -0.124159  0.389930 ) 
 ( -0.000000  0.000000  0.406298  0.000000 -0.406298  0.000000 ) 
     freq (    2) =       1.428766 [THz] =      47.658515 [cm-1]
 (  0.141524  0.211983  0.275245  0.241845  0.275245  0.241845 ) 
 (  0.141524 -0.211983  0.275245 -0.241845  0.275245 -0.241845 ) 
 (  0.333711  0.000000  0.332949  0.000000  0.332949  0.000000 ) 
     freq (    3) =       1.859707 [THz] =      62.033153 [cm-1]
 ( -0.000000  0.000000  0.399296  0.085458 -0.399296 -0.085458 ) 
 ( -0.000000 -0.000000  0.399296 -0.085458 -0.399296  0.085458 ) 
 (  0.000000 -0.000000 -0.408069  0.000000  0.408069  0.000000 ) 
     freq (    4) =       2.393673 [THz] =      79.844324 [cm-1]
 (  0.000000 -0.000000 -0.274130  0.301084  0.274130 -0.301084 ) 
 (  0.000000  0.000000 -0.274130 -0.301084  0.274130  0.301084 ) 
 (  0.000000  0.000000 -0.410368  0.000000  0.410368  0.000000 ) 
     freq (    5) =       2.578576 [THz] =      86.012041 [cm-1]
 ( -0.652416  0.149798  0.035964 -0.062280  0.035964 -0.062280 ) 
 ( -0.652416 -0.149798  0.035964  0.062280  0.035964  0.062280 ) 
 (  0.018988  0.000000  0.203444  0.000000  0.203444  0.000000 ) 
     freq (    6) =       2.638644 [THz] =      88.015681 [cm-1]
 ( -0.020335 -0.307610  0.225943  0.043052  0.225943  0.043052 ) 
 ( -0.020335  0.307610  0.225943 -0.043052  0.225943 -0.043052 ) 
 ( -0.746749 -0.000000  0.142611  0.000000  0.142611  0.000000 ) 
     freq (    7) =       2.953731 [THz] =      98.525864 [cm-1]
 (  0.231388  0.306598 -0.046194 -0.306836 -0.046194 -0.306836 ) 
 (  0.231388 -0.306598 -0.046194  0.306836 -0.046194  0.306836 ) 
 ( -0.255630  0.000000  0.356678 -0.000000  0.356678  0.000000 ) 
     freq (    8) =       3.409744 [THz] =     113.736825 [cm-1]
 ( -0.006295  0.200974  0.330389 -0.194830  0.330389 -0.194830 ) 
 ( -0.006295 -0.200974  0.330389  0.194830  0.330389  0.194830 ) 
 (  0.034674 -0.000000 -0.405878 -0.000000 -0.405878  0.000000 ) 
     freq (    9) =       3.755424 [THz] =     125.267451 [cm-1]
 ( -0.018180  0.451228 -0.102983  0.231671 -0.102983  0.231671 ) 
 ( -0.018180 -0.451228 -0.102983 -0.231671 -0.102983 -0.231671 ) 
 ( -0.513900  0.000000 -0.188313  0.000000 -0.188313  0.000000 ) 
 **************************************************************************
