Dynamical matrix file
                                                                           
  1    1  3  6.9545607  0.0000000  0.0000000  0.0000000  0.0000000  0.0000000
           1  'Na  '    20954.103126620943     
    1    1      0.0000000000      0.0000000000      0.0000000000

     Dynamical  Matrix in cartesian axes

     q = (   -0.125000000  -0.250000000   0.375000000 ) 

    1    1
  0.02328095  0.00000000    0.00443373  0.00000000   -0.00970522  0.00000000
  0.00443373  0.00000000    0.03185158  0.00000000   -0.02177459  0.00000000
 -0.00970522  0.00000000   -0.02177459  0.00000000    0.03577553  0.00000000

     Dynamical  Matrix in cartesian axes

     q = (   -0.250000000  -0.125000000   0.375000000 ) 

    1    1
  0.03185158  0.00000000    0.00443373  0.00000000   -0.02177459  0.00000000
  0.00443373  0.00000000    0.02328095  0.00000000   -0.00970522  0.00000000
 -0.02177459  0.00000000   -0.00970522  0.00000000    0.03577553  0.00000000

     Dynamical  Matrix in cartesian axes

     q = (   -0.125000000  -0.375000000   0.250000000 ) 

    1    1
  0.02328095  0.00000000    0.00970522  0.00000000   -0.00443373  0.00000000
  0.00970522  0.00000000    0.03577553  0.00000000   -0.02177459  0.00000000
 -0.00443373  0.00000000   -0.02177459  0.00000000    0.03185158  0.00000000

     Dynamical  Matrix in cartesian axes

     q = (    0.125000000  -0.375000000   0.250000000 ) 

    1    1
  0.02328095  0.00000000   -0.00970522  0.00000000    0.00443373  0.00000000
 -0.00970522  0.00000000    0.03577553  0.00000000   -0.02177459  0.00000000
  0.00443373  0.00000000   -0.02177459  0.00000000    0.03185158  0.00000000

     Dynamical  Matrix in cartesian axes

     q = (   -0.125000000   0.250000000  -0.375000000 ) 

    1    1
  0.02328095  0.00000000   -0.00443373  0.00000000    0.00970522  0.00000000
 -0.00443373  0.00000000    0.03185158  0.00000000   -0.02177459  0.00000000
  0.00970522  0.00000000   -0.02177459  0.00000000    0.03577553  0.00000000

     Dynamical  Matrix in cartesian axes

     q = (   -0.125000000   0.375000000  -0.250000000 ) 

    1    1
  0.02328095  0.00000000   -0.00970522  0.00000000    0.00443373  0.00000000
 -0.00970522  0.00000000    0.03577553  0.00000000   -0.02177459  0.00000000
  0.00443373  0.00000000   -0.02177459  0.00000000    0.03185158  0.00000000

     Dynamical  Matrix in cartesian axes

     q = (    0.125000000   0.250000000  -0.375000000 ) 

    1    1
  0.02328095  0.00000000    0.00443373  0.00000000   -0.00970522  0.00000000
  0.00443373  0.00000000    0.03185158  0.00000000   -0.02177459  0.00000000
 -0.00970522  0.00000000   -0.02177459  0.00000000    0.03577553  0.00000000

     Dynamical  Matrix in cartesian axes

     q = (    0.125000000   0.375000000  -0.250000000 ) 

    1    1
  0.02328095  0.00000000    0.00970522  0.00000000   -0.00443373  0.00000000
  0.00970522  0.00000000    0.03577553  0.00000000   -0.02177459  0.00000000
 -0.00443373  0.00000000   -0.02177459  0.00000000    0.03185158  0.00000000

     Dynamical  Matrix in cartesian axes

     q = (    0.250000000  -0.375000000  -0.125000000 ) 

    1    1
  0.03185158  0.00000000   -0.02177459  0.00000000   -0.00443373  0.00000000
 -0.02177459  0.00000000    0.03577553  0.00000000    0.00970522  0.00000000
 -0.00443373  0.00000000    0.00970522  0.00000000    0.02328095  0.00000000

     Dynamical  Matrix in cartesian axes

     q = (   -0.375000000   0.125000000  -0.250000000 ) 

    1    1
  0.03577553  0.00000000   -0.00970522  0.00000000    0.02177459  0.00000000
 -0.00970522  0.00000000    0.02328095  0.00000000   -0.00443373  0.00000000
  0.02177459  0.00000000   -0.00443373  0.00000000    0.03185158  0.00000000

     Dynamical  Matrix in cartesian axes

     q = (    0.375000000   0.125000000   0.250000000 ) 

    1    1
  0.03577553  0.00000000    0.00970522  0.00000000    0.02177459  0.00000000
  0.00970522  0.00000000    0.02328095  0.00000000    0.00443373  0.00000000
  0.02177459  0.00000000    0.00443373  0.00000000    0.03185158  0.00000000

     Dynamical  Matrix in cartesian axes

     q = (    0.250000000   0.125000000   0.375000000 ) 

    1    1
  0.03185158  0.00000000    0.00443373  0.00000000    0.02177459  0.00000000
  0.00443373  0.00000000    0.02328095  0.00000000    0.00970522  0.00000000
  0.02177459  0.00000000    0.00970522  0.00000000    0.03577553  0.00000000

     Dynamical  Matrix in cartesian axes

     q = (   -0.375000000  -0.125000000   0.250000000 ) 

    1    1
  0.03577553  0.00000000    0.00970522  0.00000000   -0.02177459  0.00000000
  0.00970522  0.00000000    0.02328095  0.00000000   -0.00443373  0.00000000
 -0.02177459  0.00000000   -0.00443373  0.00000000    0.03185158  0.00000000

     Dynamical  Matrix in cartesian axes

     q = (    0.375000000  -0.125000000  -0.250000000 ) 

    1    1
  0.03577553  0.00000000   -0.00970522  0.00000000   -0.02177459  0.00000000
 -0.00970522  0.00000000    0.02328095  0.00000000    0.00443373  0.00000000
 -0.02177459  0.00000000    0.00443373  0.00000000    0.03185158  0.00000000

     Dynamical  Matrix in cartesian axes

     q = (    0.125000000  -0.250000000  -0.375000000 ) 

    1    1
  0.02328095  0.00000000   -0.00443373  0.00000000   -0.00970522  0.00000000
 -0.00443373  0.00000000    0.03185158  0.00000000    0.02177459  0.00000000
 -0.00970522  0.00000000    0.02177459  0.00000000    0.03577553  0.00000000

     Dynamical  Matrix in cartesian axes

     q = (    0.250000000  -0.125000000  -0.375000000 ) 

    1    1
  0.03185158  0.00000000   -0.00443373  0.00000000   -0.02177459  0.00000000
 -0.00443373  0.00000000    0.02328095  0.00000000    0.00970522  0.00000000
 -0.02177459  0.00000000    0.00970522  0.00000000    0.03577553  0.00000000

     Dynamical  Matrix in cartesian axes

     q = (   -0.250000000   0.125000000  -0.375000000 ) 

    1    1
  0.03185158  0.00000000   -0.00443373  0.00000000    0.02177459  0.00000000
 -0.00443373  0.00000000    0.02328095  0.00000000   -0.00970522  0.00000000
  0.02177459  0.00000000   -0.00970522  0.00000000    0.03577553  0.00000000

     Dynamical  Matrix in cartesian axes

     q = (   -0.375000000  -0.250000000   0.125000000 ) 

    1    1
  0.03577553  0.00000000    0.02177459  0.00000000   -0.00970522  0.00000000
  0.02177459  0.00000000    0.03185158  0.00000000   -0.00443373  0.00000000
 -0.00970522  0.00000000   -0.00443373  0.00000000    0.02328095  0.00000000

     Dynamical  Matrix in cartesian axes

     q = (   -0.375000000   0.250000000  -0.125000000 ) 

    1    1
  0.03577553  0.00000000   -0.02177459  0.00000000    0.00970522  0.00000000
 -0.02177459  0.00000000    0.03185158  0.00000000   -0.00443373  0.00000000
  0.00970522  0.00000000   -0.00443373  0.00000000    0.02328095  0.00000000

     Dynamical  Matrix in cartesian axes

     q = (    0.375000000   0.250000000   0.125000000 ) 

    1    1
  0.03577553  0.00000000    0.02177459  0.00000000    0.00970522  0.00000000
  0.02177459  0.00000000    0.03185158  0.00000000    0.00443373  0.00000000
  0.00970522  0.00000000    0.00443373  0.00000000    0.02328095  0.00000000

     Dynamical  Matrix in cartesian axes

     q = (    0.250000000  -0.125000000   0.375000000 ) 

    1    1
  0.03185158  0.00000000   -0.00443373  0.00000000    0.02177459  0.00000000
 -0.00443373  0.00000000    0.02328095  0.00000000   -0.00970522  0.00000000
  0.02177459  0.00000000   -0.00970522  0.00000000    0.03577553  0.00000000

     Dynamical  Matrix in cartesian axes

     q = (   -0.250000000   0.375000000  -0.125000000 ) 

    1    1
  0.03185158  0.00000000   -0.02177459  0.00000000    0.00443373  0.00000000
 -0.02177459  0.00000000    0.03577553  0.00000000   -0.00970522  0.00000000
  0.00443373  0.00000000   -0.00970522  0.00000000    0.02328095  0.00000000

     Dynamical  Matrix in cartesian axes

     q = (    0.125000000  -0.375000000  -0.250000000 ) 

    1    1
  0.02328095  0.00000000   -0.00970522  0.00000000   -0.00443373  0.00000000
 -0.00970522  0.00000000    0.03577553  0.00000000    0.02177459  0.00000000
 -0.00443373  0.00000000    0.02177459  0.00000000    0.03185158  0.00000000

     Dynamical  Matrix in cartesian axes

     q = (    0.125000000   0.375000000   0.250000000 ) 

    1    1
  0.02328095  0.00000000    0.00970522  0.00000000    0.00443373  0.00000000
  0.00970522  0.00000000    0.03577553  0.00000000    0.02177459  0.00000000
  0.00443373  0.00000000    0.02177459  0.00000000    0.03185158  0.00000000

     Dynamical  Matrix in cartesian axes

     q = (    0.250000000   0.125000000  -0.375000000 ) 

    1    1
  0.03185158  0.00000000    0.00443373  0.00000000   -0.02177459  0.00000000
  0.00443373  0.00000000    0.02328095  0.00000000   -0.00970522  0.00000000
 -0.02177459  0.00000000   -0.00970522  0.00000000    0.03577553  0.00000000

     Dynamical  Matrix in cartesian axes

     q = (   -0.125000000  -0.250000000  -0.375000000 ) 

    1    1
  0.02328095  0.00000000    0.00443373  0.00000000    0.00970522  0.00000000
  0.00443373  0.00000000    0.03185158  0.00000000    0.02177459  0.00000000
  0.00970522  0.00000000    0.02177459  0.00000000    0.03577553  0.00000000

     Dynamical  Matrix in cartesian axes

     q = (   -0.250000000   0.125000000   0.375000000 ) 

    1    1
  0.03185158  0.00000000   -0.00443373  0.00000000   -0.02177459  0.00000000
 -0.00443373  0.00000000    0.02328095  0.00000000    0.00970522  0.00000000
 -0.02177459  0.00000000    0.00970522  0.00000000    0.03577553  0.00000000

     Dynamical  Matrix in cartesian axes

     q = (   -0.125000000   0.375000000   0.250000000 ) 

    1    1
  0.02328095  0.00000000   -0.00970522  0.00000000   -0.00443373  0.00000000
 -0.00970522  0.00000000    0.03577553  0.00000000    0.02177459  0.00000000
 -0.00443373  0.00000000    0.02177459  0.00000000    0.03185158  0.00000000

     Dynamical  Matrix in cartesian axes

     q = (   -0.125000000   0.250000000   0.375000000 ) 

    1    1
  0.02328095  0.00000000   -0.00443373  0.00000000   -0.00970522  0.00000000
 -0.00443373  0.00000000    0.03185158  0.00000000    0.02177459  0.00000000
 -0.00970522  0.00000000    0.02177459  0.00000000    0.03577553  0.00000000

     Dynamical  Matrix in cartesian axes

     q = (    0.125000000  -0.250000000   0.375000000 ) 

    1    1
  0.02328095  0.00000000   -0.00443373  0.00000000    0.00970522  0.00000000
 -0.00443373  0.00000000    0.03185158  0.00000000   -0.02177459  0.00000000
  0.00970522  0.00000000   -0.02177459  0.00000000    0.03577553  0.00000000

     Dynamical  Matrix in cartesian axes

     q = (   -0.125000000  -0.375000000  -0.250000000 ) 

    1    1
  0.02328095  0.00000000    0.00970522  0.00000000    0.00443373  0.00000000
  0.00970522  0.00000000    0.03577553  0.00000000    0.02177459  0.00000000
  0.00443373  0.00000000    0.02177459  0.00000000    0.03185158  0.00000000

     Dynamical  Matrix in cartesian axes

     q = (    0.125000000   0.250000000   0.375000000 ) 

    1    1
  0.02328095  0.00000000    0.00443373  0.00000000    0.00970522  0.00000000
  0.00443373  0.00000000    0.03185158  0.00000000    0.02177459  0.00000000
  0.00970522  0.00000000    0.02177459  0.00000000    0.03577553  0.00000000

     Dynamical  Matrix in cartesian axes

     q = (    0.375000000  -0.250000000  -0.125000000 ) 

    1    1
  0.03577553  0.00000000   -0.02177459  0.00000000   -0.00970522  0.00000000
 -0.02177459  0.00000000    0.03185158  0.00000000    0.00443373  0.00000000
 -0.00970522  0.00000000    0.00443373  0.00000000    0.02328095  0.00000000

     Dynamical  Matrix in cartesian axes

     q = (    0.250000000   0.375000000   0.125000000 ) 

    1    1
  0.03185158  0.00000000    0.02177459  0.00000000    0.00443373  0.00000000
  0.02177459  0.00000000    0.03577553  0.00000000    0.00970522  0.00000000
  0.00443373  0.00000000    0.00970522  0.00000000    0.02328095  0.00000000

     Dynamical  Matrix in cartesian axes

     q = (   -0.250000000  -0.375000000   0.125000000 ) 

    1    1
  0.03185158  0.00000000    0.02177459  0.00000000   -0.00443373  0.00000000
  0.02177459  0.00000000    0.03577553  0.00000000   -0.00970522  0.00000000
 -0.00443373  0.00000000   -0.00970522  0.00000000    0.02328095  0.00000000

     Dynamical  Matrix in cartesian axes

     q = (    0.375000000   0.250000000  -0.125000000 ) 

    1    1
  0.03577553  0.00000000    0.02177459  0.00000000   -0.00970522  0.00000000
  0.02177459  0.00000000    0.03185158  0.00000000   -0.00443373  0.00000000
 -0.00970522  0.00000000   -0.00443373  0.00000000    0.02328095  0.00000000

     Dynamical  Matrix in cartesian axes

     q = (   -0.375000000   0.250000000   0.125000000 ) 

    1    1
  0.03577553  0.00000000   -0.02177459  0.00000000   -0.00970522  0.00000000
 -0.02177459  0.00000000    0.03185158  0.00000000    0.00443373  0.00000000
 -0.00970522  0.00000000    0.00443373  0.00000000    0.02328095  0.00000000

     Dynamical  Matrix in cartesian axes

     q = (    0.375000000  -0.250000000   0.125000000 ) 

    1    1
  0.03577553  0.00000000   -0.02177459  0.00000000    0.00970522  0.00000000
 -0.02177459  0.00000000    0.03185158  0.00000000   -0.00443373  0.00000000
  0.00970522  0.00000000   -0.00443373  0.00000000    0.02328095  0.00000000

     Dynamical  Matrix in cartesian axes

     q = (   -0.375000000  -0.250000000  -0.125000000 ) 

    1    1
  0.03577553  0.00000000    0.02177459  0.00000000    0.00970522  0.00000000
  0.02177459  0.00000000    0.03185158  0.00000000    0.00443373  0.00000000
  0.00970522  0.00000000    0.00443373  0.00000000    0.02328095  0.00000000

     Dynamical  Matrix in cartesian axes

     q = (   -0.250000000  -0.125000000  -0.375000000 ) 

    1    1
  0.03185158  0.00000000    0.00443373  0.00000000    0.02177459  0.00000000
  0.00443373  0.00000000    0.02328095  0.00000000    0.00970522  0.00000000
  0.02177459  0.00000000    0.00970522  0.00000000    0.03577553  0.00000000

     Dynamical  Matrix in cartesian axes

     q = (    0.250000000  -0.375000000   0.125000000 ) 

    1    1
  0.03185158  0.00000000   -0.02177459  0.00000000    0.00443373  0.00000000
 -0.02177459  0.00000000    0.03577553  0.00000000   -0.00970522  0.00000000
  0.00443373  0.00000000   -0.00970522  0.00000000    0.02328095  0.00000000

     Dynamical  Matrix in cartesian axes

     q = (   -0.250000000  -0.375000000  -0.125000000 ) 

    1    1
  0.03185158  0.00000000    0.02177459  0.00000000    0.00443373  0.00000000
  0.02177459  0.00000000    0.03577553  0.00000000    0.00970522  0.00000000
  0.00443373  0.00000000    0.00970522  0.00000000    0.02328095  0.00000000

     Dynamical  Matrix in cartesian axes

     q = (    0.250000000   0.375000000  -0.125000000 ) 

    1    1
  0.03185158  0.00000000    0.02177459  0.00000000   -0.00443373  0.00000000
  0.02177459  0.00000000    0.03577553  0.00000000   -0.00970522  0.00000000
 -0.00443373  0.00000000   -0.00970522  0.00000000    0.02328095  0.00000000

     Dynamical  Matrix in cartesian axes

     q = (   -0.250000000   0.375000000   0.125000000 ) 

    1    1
  0.03185158  0.00000000   -0.02177459  0.00000000   -0.00443373  0.00000000
 -0.02177459  0.00000000    0.03577553  0.00000000    0.00970522  0.00000000
 -0.00443373  0.00000000    0.00970522  0.00000000    0.02328095  0.00000000

     Dynamical  Matrix in cartesian axes

     q = (   -0.375000000   0.125000000   0.250000000 ) 

    1    1
  0.03577553  0.00000000   -0.00970522  0.00000000   -0.02177459  0.00000000
 -0.00970522  0.00000000    0.02328095  0.00000000    0.00443373  0.00000000
 -0.02177459  0.00000000    0.00443373  0.00000000    0.03185158  0.00000000

     Dynamical  Matrix in cartesian axes

     q = (   -0.375000000  -0.125000000  -0.250000000 ) 

    1    1
  0.03577553  0.00000000    0.00970522  0.00000000    0.02177459  0.00000000
  0.00970522  0.00000000    0.02328095  0.00000000    0.00443373  0.00000000
  0.02177459  0.00000000    0.00443373  0.00000000    0.03185158  0.00000000

     Dynamical  Matrix in cartesian axes

     q = (    0.375000000  -0.125000000   0.250000000 ) 

    1    1
  0.03577553  0.00000000   -0.00970522  0.00000000    0.02177459  0.00000000
 -0.00970522  0.00000000    0.02328095  0.00000000   -0.00443373  0.00000000
  0.02177459  0.00000000   -0.00443373  0.00000000    0.03185158  0.00000000

     Dynamical  Matrix in cartesian axes

     q = (    0.375000000   0.125000000  -0.250000000 ) 

    1    1
  0.03577553  0.00000000    0.00970522  0.00000000   -0.02177459  0.00000000
  0.00970522  0.00000000    0.02328095  0.00000000   -0.00443373  0.00000000
 -0.02177459  0.00000000   -0.00443373  0.00000000    0.03185158  0.00000000

     Diagonalizing the dynamical matrix

     q = (   -0.125000000  -0.250000000   0.375000000 ) 

 **************************************************************************
     freq (    1) =       2.371453 [THz] =      79.103168 [cm-1]
 (  0.307932 -0.000000  0.653290 -0.000000  0.691658  0.000000 ) 
     freq (    2) =       3.325122 [THz] =     110.914120 [cm-1]
 (  0.909935  0.000000 -0.414529  0.000000 -0.013576  0.000000 ) 
     freq (    3) =       5.502267 [THz] =     183.535870 [cm-1]
 ( -0.277843  0.000000 -0.633544  0.000000  0.722098  0.000000 ) 
 **************************************************************************
