Dynamical matrix file
                                                                           
  1    1  3  6.9545607  0.0000000  0.0000000  0.0000000  0.0000000  0.0000000
           1  'Na  '    20954.103126620943     
    1    1      0.0000000000      0.0000000000      0.0000000000

     Dynamical  Matrix in cartesian axes

     q = (   -0.125000000   0.625000000  -0.500000000 ) 

    1    1
  0.03113033  0.00000000    0.00090158  0.00000000   -0.00776863  0.00000000
  0.00090158  0.00000000    0.04687330  0.00000000   -0.03416840  0.00000000
 -0.00776863  0.00000000   -0.03416840  0.00000000    0.04918146  0.00000000

     Dynamical  Matrix in cartesian axes

     q = (    0.625000000  -0.125000000  -0.500000000 ) 

    1    1
  0.04687330  0.00000000    0.00090158  0.00000000   -0.03416840  0.00000000
  0.00090158  0.00000000    0.03113033  0.00000000   -0.00776863  0.00000000
 -0.03416840  0.00000000   -0.00776863  0.00000000    0.04918146  0.00000000

     Dynamical  Matrix in cartesian axes

     q = (   -0.125000000   0.500000000  -0.625000000 ) 

    1    1
  0.03113033  0.00000000    0.00776863  0.00000000   -0.00090158  0.00000000
  0.00776863  0.00000000    0.04918146  0.00000000   -0.03416840  0.00000000
 -0.00090158  0.00000000   -0.03416840  0.00000000    0.04687330  0.00000000

     Dynamical  Matrix in cartesian axes

     q = (    0.125000000   0.500000000  -0.625000000 ) 

    1    1
  0.03113033  0.00000000   -0.00776863  0.00000000    0.00090158  0.00000000
 -0.00776863  0.00000000    0.04918146  0.00000000   -0.03416840  0.00000000
  0.00090158  0.00000000   -0.03416840  0.00000000    0.04687330  0.00000000

     Dynamical  Matrix in cartesian axes

     q = (   -0.125000000  -0.625000000   0.500000000 ) 

    1    1
  0.03113033  0.00000000   -0.00090158  0.00000000    0.00776863  0.00000000
 -0.00090158  0.00000000    0.04687330  0.00000000   -0.03416840  0.00000000
  0.00776863  0.00000000   -0.03416840  0.00000000    0.04918146  0.00000000

     Dynamical  Matrix in cartesian axes

     q = (   -0.125000000  -0.500000000   0.625000000 ) 

    1    1
  0.03113033  0.00000000   -0.00776863  0.00000000    0.00090158  0.00000000
 -0.00776863  0.00000000    0.04918146  0.00000000   -0.03416840  0.00000000
  0.00090158  0.00000000   -0.03416840  0.00000000    0.04687330  0.00000000

     Dynamical  Matrix in cartesian axes

     q = (    0.125000000  -0.625000000   0.500000000 ) 

    1    1
  0.03113033  0.00000000    0.00090158  0.00000000   -0.00776863  0.00000000
  0.00090158  0.00000000    0.04687330  0.00000000   -0.03416840  0.00000000
 -0.00776863  0.00000000   -0.03416840  0.00000000    0.04918146  0.00000000

     Dynamical  Matrix in cartesian axes

     q = (    0.125000000  -0.500000000   0.625000000 ) 

    1    1
  0.03113033  0.00000000    0.00776863  0.00000000   -0.00090158  0.00000000
  0.00776863  0.00000000    0.04918146  0.00000000   -0.03416840  0.00000000
 -0.00090158  0.00000000   -0.03416840  0.00000000    0.04687330  0.00000000

     Dynamical  Matrix in cartesian axes

     q = (   -0.625000000   0.500000000  -0.125000000 ) 

    1    1
  0.04687330  0.00000000   -0.03416840  0.00000000   -0.00090158  0.00000000
 -0.03416840  0.00000000    0.04918146  0.00000000    0.00776863  0.00000000
 -0.00090158  0.00000000    0.00776863  0.00000000    0.03113033  0.00000000

     Dynamical  Matrix in cartesian axes

     q = (    0.500000000   0.125000000   0.625000000 ) 

    1    1
  0.04918146  0.00000000   -0.00776863  0.00000000    0.03416840  0.00000000
 -0.00776863  0.00000000    0.03113033  0.00000000   -0.00090158  0.00000000
  0.03416840  0.00000000   -0.00090158  0.00000000    0.04687330  0.00000000

     Dynamical  Matrix in cartesian axes

     q = (   -0.500000000   0.125000000  -0.625000000 ) 

    1    1
  0.04918146  0.00000000    0.00776863  0.00000000    0.03416840  0.00000000
  0.00776863  0.00000000    0.03113033  0.00000000    0.00090158  0.00000000
  0.03416840  0.00000000    0.00090158  0.00000000    0.04687330  0.00000000

     Dynamical  Matrix in cartesian axes

     q = (   -0.625000000   0.125000000  -0.500000000 ) 

    1    1
  0.04687330  0.00000000    0.00090158  0.00000000    0.03416840  0.00000000
  0.00090158  0.00000000    0.03113033  0.00000000    0.00776863  0.00000000
  0.03416840  0.00000000    0.00776863  0.00000000    0.04918146  0.00000000

     Dynamical  Matrix in cartesian axes

     q = (    0.500000000  -0.125000000  -0.625000000 ) 

    1    1
  0.04918146  0.00000000    0.00776863  0.00000000   -0.03416840  0.00000000
  0.00776863  0.00000000    0.03113033  0.00000000   -0.00090158  0.00000000
 -0.03416840  0.00000000   -0.00090158  0.00000000    0.04687330  0.00000000

     Dynamical  Matrix in cartesian axes

     q = (   -0.500000000  -0.125000000   0.625000000 ) 

    1    1
  0.04918146  0.00000000   -0.00776863  0.00000000   -0.03416840  0.00000000
 -0.00776863  0.00000000    0.03113033  0.00000000    0.00090158  0.00000000
 -0.03416840  0.00000000    0.00090158  0.00000000    0.04687330  0.00000000

     Dynamical  Matrix in cartesian axes

     q = (    0.125000000   0.625000000   0.500000000 ) 

    1    1
  0.03113033  0.00000000   -0.00090158  0.00000000   -0.00776863  0.00000000
 -0.00090158  0.00000000    0.04687330  0.00000000    0.03416840  0.00000000
 -0.00776863  0.00000000    0.03416840  0.00000000    0.04918146  0.00000000

     Dynamical  Matrix in cartesian axes

     q = (   -0.625000000  -0.125000000   0.500000000 ) 

    1    1
  0.04687330  0.00000000   -0.00090158  0.00000000   -0.03416840  0.00000000
 -0.00090158  0.00000000    0.03113033  0.00000000    0.00776863  0.00000000
 -0.03416840  0.00000000    0.00776863  0.00000000    0.04918146  0.00000000

     Dynamical  Matrix in cartesian axes

     q = (    0.625000000   0.125000000   0.500000000 ) 

    1    1
  0.04687330  0.00000000   -0.00090158  0.00000000    0.03416840  0.00000000
 -0.00090158  0.00000000    0.03113033  0.00000000   -0.00776863  0.00000000
  0.03416840  0.00000000   -0.00776863  0.00000000    0.04918146  0.00000000

     Dynamical  Matrix in cartesian axes

     q = (    0.500000000   0.625000000   0.125000000 ) 

    1    1
  0.04918146  0.00000000    0.03416840  0.00000000   -0.00776863  0.00000000
  0.03416840  0.00000000    0.04687330  0.00000000   -0.00090158  0.00000000
 -0.00776863  0.00000000   -0.00090158  0.00000000    0.03113033  0.00000000

     Dynamical  Matrix in cartesian axes

     q = (    0.500000000  -0.625000000  -0.125000000 ) 

    1    1
  0.04918146  0.00000000   -0.03416840  0.00000000    0.00776863  0.00000000
 -0.03416840  0.00000000    0.04687330  0.00000000   -0.00090158  0.00000000
  0.00776863  0.00000000   -0.00090158  0.00000000    0.03113033  0.00000000

     Dynamical  Matrix in cartesian axes

     q = (   -0.500000000  -0.625000000   0.125000000 ) 

    1    1
  0.04918146  0.00000000    0.03416840  0.00000000    0.00776863  0.00000000
  0.03416840  0.00000000    0.04687330  0.00000000    0.00090158  0.00000000
  0.00776863  0.00000000    0.00090158  0.00000000    0.03113033  0.00000000

     Dynamical  Matrix in cartesian axes

     q = (   -0.625000000  -0.125000000  -0.500000000 ) 

    1    1
  0.04687330  0.00000000   -0.00090158  0.00000000    0.03416840  0.00000000
 -0.00090158  0.00000000    0.03113033  0.00000000   -0.00776863  0.00000000
  0.03416840  0.00000000   -0.00776863  0.00000000    0.04918146  0.00000000

     Dynamical  Matrix in cartesian axes

     q = (    0.625000000  -0.500000000  -0.125000000 ) 

    1    1
  0.04687330  0.00000000   -0.03416840  0.00000000    0.00090158  0.00000000
 -0.03416840  0.00000000    0.04918146  0.00000000   -0.00776863  0.00000000
  0.00090158  0.00000000   -0.00776863  0.00000000    0.03113033  0.00000000

     Dynamical  Matrix in cartesian axes

     q = (    0.125000000   0.500000000   0.625000000 ) 

    1    1
  0.03113033  0.00000000   -0.00776863  0.00000000   -0.00090158  0.00000000
 -0.00776863  0.00000000    0.04918146  0.00000000    0.03416840  0.00000000
 -0.00090158  0.00000000    0.03416840  0.00000000    0.04687330  0.00000000

     Dynamical  Matrix in cartesian axes

     q = (    0.125000000  -0.500000000  -0.625000000 ) 

    1    1
  0.03113033  0.00000000    0.00776863  0.00000000    0.00090158  0.00000000
  0.00776863  0.00000000    0.04918146  0.00000000    0.03416840  0.00000000
  0.00090158  0.00000000    0.03416840  0.00000000    0.04687330  0.00000000

     Dynamical  Matrix in cartesian axes

     q = (   -0.625000000   0.125000000   0.500000000 ) 

    1    1
  0.04687330  0.00000000    0.00090158  0.00000000   -0.03416840  0.00000000
  0.00090158  0.00000000    0.03113033  0.00000000   -0.00776863  0.00000000
 -0.03416840  0.00000000   -0.00776863  0.00000000    0.04918146  0.00000000

     Dynamical  Matrix in cartesian axes

     q = (   -0.125000000   0.625000000   0.500000000 ) 

    1    1
  0.03113033  0.00000000    0.00090158  0.00000000    0.00776863  0.00000000
  0.00090158  0.00000000    0.04687330  0.00000000    0.03416840  0.00000000
  0.00776863  0.00000000    0.03416840  0.00000000    0.04918146  0.00000000

     Dynamical  Matrix in cartesian axes

     q = (    0.625000000   0.125000000  -0.500000000 ) 

    1    1
  0.04687330  0.00000000   -0.00090158  0.00000000   -0.03416840  0.00000000
 -0.00090158  0.00000000    0.03113033  0.00000000    0.00776863  0.00000000
 -0.03416840  0.00000000    0.00776863  0.00000000    0.04918146  0.00000000

     Dynamical  Matrix in cartesian axes

     q = (   -0.125000000  -0.500000000  -0.625000000 ) 

    1    1
  0.03113033  0.00000000   -0.00776863  0.00000000   -0.00090158  0.00000000
 -0.00776863  0.00000000    0.04918146  0.00000000    0.03416840  0.00000000
 -0.00090158  0.00000000    0.03416840  0.00000000    0.04687330  0.00000000

     Dynamical  Matrix in cartesian axes

     q = (   -0.125000000  -0.625000000  -0.500000000 ) 

    1    1
  0.03113033  0.00000000   -0.00090158  0.00000000   -0.00776863  0.00000000
 -0.00090158  0.00000000    0.04687330  0.00000000    0.03416840  0.00000000
 -0.00776863  0.00000000    0.03416840  0.00000000    0.04918146  0.00000000

     Dynamical  Matrix in cartesian axes

     q = (    0.125000000   0.625000000  -0.500000000 ) 

    1    1
  0.03113033  0.00000000   -0.00090158  0.00000000    0.00776863  0.00000000
 -0.00090158  0.00000000    0.04687330  0.00000000   -0.03416840  0.00000000
  0.00776863  0.00000000   -0.03416840  0.00000000    0.04918146  0.00000000

     Dynamical  Matrix in cartesian axes

     q = (   -0.125000000   0.500000000   0.625000000 ) 

    1    1
  0.03113033  0.00000000    0.00776863  0.00000000    0.00090158  0.00000000
  0.00776863  0.00000000    0.04918146  0.00000000    0.03416840  0.00000000
  0.00090158  0.00000000    0.03416840  0.00000000    0.04687330  0.00000000

     Dynamical  Matrix in cartesian axes

     q = (    0.125000000  -0.625000000  -0.500000000 ) 

    1    1
  0.03113033  0.00000000    0.00090158  0.00000000    0.00776863  0.00000000
  0.00090158  0.00000000    0.04687330  0.00000000    0.03416840  0.00000000
  0.00776863  0.00000000    0.03416840  0.00000000    0.04918146  0.00000000

     Dynamical  Matrix in cartesian axes

     q = (   -0.500000000   0.625000000  -0.125000000 ) 

    1    1
  0.04918146  0.00000000   -0.03416840  0.00000000   -0.00776863  0.00000000
 -0.03416840  0.00000000    0.04687330  0.00000000    0.00090158  0.00000000
 -0.00776863  0.00000000    0.00090158  0.00000000    0.03113033  0.00000000

     Dynamical  Matrix in cartesian axes

     q = (   -0.625000000  -0.500000000   0.125000000 ) 

    1    1
  0.04687330  0.00000000    0.03416840  0.00000000    0.00090158  0.00000000
  0.03416840  0.00000000    0.04918146  0.00000000    0.00776863  0.00000000
  0.00090158  0.00000000    0.00776863  0.00000000    0.03113033  0.00000000

     Dynamical  Matrix in cartesian axes

     q = (    0.625000000   0.500000000   0.125000000 ) 

    1    1
  0.04687330  0.00000000    0.03416840  0.00000000   -0.00090158  0.00000000
  0.03416840  0.00000000    0.04918146  0.00000000   -0.00776863  0.00000000
 -0.00090158  0.00000000   -0.00776863  0.00000000    0.03113033  0.00000000

     Dynamical  Matrix in cartesian axes

     q = (   -0.500000000  -0.625000000  -0.125000000 ) 

    1    1
  0.04918146  0.00000000    0.03416840  0.00000000   -0.00776863  0.00000000
  0.03416840  0.00000000    0.04687330  0.00000000   -0.00090158  0.00000000
 -0.00776863  0.00000000   -0.00090158  0.00000000    0.03113033  0.00000000

     Dynamical  Matrix in cartesian axes

     q = (    0.500000000  -0.625000000   0.125000000 ) 

    1    1
  0.04918146  0.00000000   -0.03416840  0.00000000   -0.00776863  0.00000000
 -0.03416840  0.00000000    0.04687330  0.00000000    0.00090158  0.00000000
 -0.00776863  0.00000000    0.00090158  0.00000000    0.03113033  0.00000000

     Dynamical  Matrix in cartesian axes

     q = (   -0.500000000   0.625000000   0.125000000 ) 

    1    1
  0.04918146  0.00000000   -0.03416840  0.00000000    0.00776863  0.00000000
 -0.03416840  0.00000000    0.04687330  0.00000000   -0.00090158  0.00000000
  0.00776863  0.00000000   -0.00090158  0.00000000    0.03113033  0.00000000

     Dynamical  Matrix in cartesian axes

     q = (    0.500000000   0.625000000  -0.125000000 ) 

    1    1
  0.04918146  0.00000000    0.03416840  0.00000000    0.00776863  0.00000000
  0.03416840  0.00000000    0.04687330  0.00000000    0.00090158  0.00000000
  0.00776863  0.00000000    0.00090158  0.00000000    0.03113033  0.00000000

     Dynamical  Matrix in cartesian axes

     q = (    0.625000000  -0.125000000   0.500000000 ) 

    1    1
  0.04687330  0.00000000    0.00090158  0.00000000    0.03416840  0.00000000
  0.00090158  0.00000000    0.03113033  0.00000000    0.00776863  0.00000000
  0.03416840  0.00000000    0.00776863  0.00000000    0.04918146  0.00000000

     Dynamical  Matrix in cartesian axes

     q = (   -0.625000000   0.500000000   0.125000000 ) 

    1    1
  0.04687330  0.00000000   -0.03416840  0.00000000    0.00090158  0.00000000
 -0.03416840  0.00000000    0.04918146  0.00000000   -0.00776863  0.00000000
  0.00090158  0.00000000   -0.00776863  0.00000000    0.03113033  0.00000000

     Dynamical  Matrix in cartesian axes

     q = (    0.625000000   0.500000000  -0.125000000 ) 

    1    1
  0.04687330  0.00000000    0.03416840  0.00000000    0.00090158  0.00000000
  0.03416840  0.00000000    0.04918146  0.00000000    0.00776863  0.00000000
  0.00090158  0.00000000    0.00776863  0.00000000    0.03113033  0.00000000

     Dynamical  Matrix in cartesian axes

     q = (   -0.625000000  -0.500000000  -0.125000000 ) 

    1    1
  0.04687330  0.00000000    0.03416840  0.00000000   -0.00090158  0.00000000
  0.03416840  0.00000000    0.04918146  0.00000000   -0.00776863  0.00000000
 -0.00090158  0.00000000   -0.00776863  0.00000000    0.03113033  0.00000000

     Dynamical  Matrix in cartesian axes

     q = (    0.625000000  -0.500000000   0.125000000 ) 

    1    1
  0.04687330  0.00000000   -0.03416840  0.00000000   -0.00090158  0.00000000
 -0.03416840  0.00000000    0.04918146  0.00000000    0.00776863  0.00000000
 -0.00090158  0.00000000    0.00776863  0.00000000    0.03113033  0.00000000

     Dynamical  Matrix in cartesian axes

     q = (    0.500000000   0.125000000  -0.625000000 ) 

    1    1
  0.04918146  0.00000000   -0.00776863  0.00000000   -0.03416840  0.00000000
 -0.00776863  0.00000000    0.03113033  0.00000000    0.00090158  0.00000000
 -0.03416840  0.00000000    0.00090158  0.00000000    0.04687330  0.00000000

     Dynamical  Matrix in cartesian axes

     q = (    0.500000000  -0.125000000   0.625000000 ) 

    1    1
  0.04918146  0.00000000    0.00776863  0.00000000    0.03416840  0.00000000
  0.00776863  0.00000000    0.03113033  0.00000000    0.00090158  0.00000000
  0.03416840  0.00000000    0.00090158  0.00000000    0.04687330  0.00000000

     Dynamical  Matrix in cartesian axes

     q = (   -0.500000000  -0.125000000  -0.625000000 ) 

    1    1
  0.04918146  0.00000000   -0.00776863  0.00000000    0.03416840  0.00000000
 -0.00776863  0.00000000    0.03113033  0.00000000   -0.00090158  0.00000000
  0.03416840  0.00000000   -0.00090158  0.00000000    0.04687330  0.00000000

     Dynamical  Matrix in cartesian axes

     q = (   -0.500000000   0.125000000   0.625000000 ) 

    1    1
  0.04918146  0.00000000    0.00776863  0.00000000   -0.03416840  0.00000000
  0.00776863  0.00000000    0.03113033  0.00000000   -0.00090158  0.00000000
 -0.03416840  0.00000000   -0.00090158  0.00000000    0.04687330  0.00000000

     Diagonalizing the dynamical matrix

     q = (   -0.125000000   0.625000000  -0.500000000 ) 

 **************************************************************************
     freq (    1) =       2.549532 [THz] =      85.043237 [cm-1]
 (  0.255278 -0.000000  0.679100 -0.000000  0.688227  0.000000 ) 
     freq (    2) =       4.042329 [THz] =     134.837582 [cm-1]
 (  0.959426  0.000000 -0.266065  0.000000 -0.093335  0.000000 ) 
     freq (    3) =       6.546157 [THz] =     218.356300 [cm-1]
 ( -0.119730  0.000000 -0.684129  0.000000  0.719467  0.000000 ) 
 **************************************************************************
