Dynamical matrix file
                                                                           
  1    1  3  7.4108965  0.0000000  0.0000000  0.0000000  0.0000000  0.0000000
           1  'Na  '    20954.103126620943     
    1    1      0.0000000000      0.0000000000      0.0000000000

     Dynamical  Matrix in cartesian axes

     q = (   -0.125000000   0.750000000  -0.375000000 ) 

    1    1
  0.03225067  0.00000000   -0.00348543  0.00000000   -0.00718927  0.00000000
 -0.00348543  0.00000000    0.03667780  0.00000000   -0.01881113  0.00000000
 -0.00718927  0.00000000   -0.01881113  0.00000000    0.03927670  0.00000000

     Dynamical  Matrix in cartesian axes

     q = (    0.750000000  -0.125000000  -0.375000000 ) 

    1    1
  0.03667780  0.00000000   -0.00348543  0.00000000   -0.01881113  0.00000000
 -0.00348543  0.00000000    0.03225067  0.00000000   -0.00718927  0.00000000
 -0.01881113  0.00000000   -0.00718927  0.00000000    0.03927670  0.00000000

     Dynamical  Matrix in cartesian axes

     q = (   -0.125000000  -0.375000000   0.750000000 ) 

    1    1
  0.03225067  0.00000000   -0.00718927  0.00000000   -0.00348543  0.00000000
 -0.00718927  0.00000000    0.03927670  0.00000000   -0.01881113  0.00000000
 -0.00348543  0.00000000   -0.01881113  0.00000000    0.03667780  0.00000000

     Dynamical  Matrix in cartesian axes

     q = (    0.125000000  -0.375000000   0.750000000 ) 

    1    1
  0.03225067  0.00000000    0.00718927  0.00000000    0.00348543  0.00000000
  0.00718927  0.00000000    0.03927670  0.00000000   -0.01881113  0.00000000
  0.00348543  0.00000000   -0.01881113  0.00000000    0.03667780  0.00000000

     Dynamical  Matrix in cartesian axes

     q = (    0.750000000   0.125000000  -0.375000000 ) 

    1    1
  0.03667780  0.00000000    0.00348543  0.00000000   -0.01881113  0.00000000
  0.00348543  0.00000000    0.03225067  0.00000000    0.00718927  0.00000000
 -0.01881113  0.00000000    0.00718927  0.00000000    0.03927670  0.00000000

     Dynamical  Matrix in cartesian axes

     q = (   -0.125000000  -0.750000000  -0.375000000 ) 

    1    1
  0.03225067  0.00000000    0.00348543  0.00000000   -0.00718927  0.00000000
  0.00348543  0.00000000    0.03667780  0.00000000    0.01881113  0.00000000
 -0.00718927  0.00000000    0.01881113  0.00000000    0.03927670  0.00000000

     Dynamical  Matrix in cartesian axes

     q = (    0.125000000   0.750000000  -0.375000000 ) 

    1    1
  0.03225067  0.00000000    0.00348543  0.00000000    0.00718927  0.00000000
  0.00348543  0.00000000    0.03667780  0.00000000   -0.01881113  0.00000000
  0.00718927  0.00000000   -0.01881113  0.00000000    0.03927670  0.00000000

     Dynamical  Matrix in cartesian axes

     q = (    0.125000000  -0.750000000  -0.375000000 ) 

    1    1
  0.03225067  0.00000000   -0.00348543  0.00000000    0.00718927  0.00000000
 -0.00348543  0.00000000    0.03667780  0.00000000    0.01881113  0.00000000
  0.00718927  0.00000000    0.01881113  0.00000000    0.03927670  0.00000000

     Dynamical  Matrix in cartesian axes

     q = (   -0.750000000   0.375000000  -0.125000000 ) 

    1    1
  0.03667780  0.00000000   -0.01881113  0.00000000    0.00348543  0.00000000
 -0.01881113  0.00000000    0.03927670  0.00000000    0.00718927  0.00000000
  0.00348543  0.00000000    0.00718927  0.00000000    0.03225067  0.00000000

     Dynamical  Matrix in cartesian axes

     q = (    0.375000000   0.125000000   0.750000000 ) 

    1    1
  0.03927670  0.00000000   -0.00718927  0.00000000    0.01881113  0.00000000
 -0.00718927  0.00000000    0.03225067  0.00000000    0.00348543  0.00000000
  0.01881113  0.00000000    0.00348543  0.00000000    0.03667780  0.00000000

     Dynamical  Matrix in cartesian axes

     q = (   -0.375000000   0.125000000  -0.750000000 ) 

    1    1
  0.03927670  0.00000000    0.00718927  0.00000000    0.01881113  0.00000000
  0.00718927  0.00000000    0.03225067  0.00000000   -0.00348543  0.00000000
  0.01881113  0.00000000   -0.00348543  0.00000000    0.03667780  0.00000000

     Dynamical  Matrix in cartesian axes

     q = (   -0.125000000   0.375000000  -0.750000000 ) 

    1    1
  0.03225067  0.00000000    0.00718927  0.00000000    0.00348543  0.00000000
  0.00718927  0.00000000    0.03927670  0.00000000   -0.01881113  0.00000000
  0.00348543  0.00000000   -0.01881113  0.00000000    0.03667780  0.00000000

     Dynamical  Matrix in cartesian axes

     q = (    0.375000000  -0.125000000  -0.750000000 ) 

    1    1
  0.03927670  0.00000000    0.00718927  0.00000000   -0.01881113  0.00000000
  0.00718927  0.00000000    0.03225067  0.00000000    0.00348543  0.00000000
 -0.01881113  0.00000000    0.00348543  0.00000000    0.03667780  0.00000000

     Dynamical  Matrix in cartesian axes

     q = (   -0.375000000  -0.125000000   0.750000000 ) 

    1    1
  0.03927670  0.00000000   -0.00718927  0.00000000   -0.01881113  0.00000000
 -0.00718927  0.00000000    0.03225067  0.00000000   -0.00348543  0.00000000
 -0.01881113  0.00000000   -0.00348543  0.00000000    0.03667780  0.00000000

     Dynamical  Matrix in cartesian axes

     q = (    0.125000000   0.750000000   0.375000000 ) 

    1    1
  0.03225067  0.00000000    0.00348543  0.00000000   -0.00718927  0.00000000
  0.00348543  0.00000000    0.03667780  0.00000000    0.01881113  0.00000000
 -0.00718927  0.00000000    0.01881113  0.00000000    0.03927670  0.00000000

     Dynamical  Matrix in cartesian axes

     q = (   -0.750000000  -0.125000000   0.375000000 ) 

    1    1
  0.03667780  0.00000000    0.00348543  0.00000000   -0.01881113  0.00000000
  0.00348543  0.00000000    0.03225067  0.00000000    0.00718927  0.00000000
 -0.01881113  0.00000000    0.00718927  0.00000000    0.03927670  0.00000000

     Dynamical  Matrix in cartesian axes

     q = (    0.750000000   0.125000000   0.375000000 ) 

    1    1
  0.03667780  0.00000000    0.00348543  0.00000000    0.01881113  0.00000000
  0.00348543  0.00000000    0.03225067  0.00000000   -0.00718927  0.00000000
  0.01881113  0.00000000   -0.00718927  0.00000000    0.03927670  0.00000000

     Dynamical  Matrix in cartesian axes

     q = (    0.375000000   0.750000000   0.125000000 ) 

    1    1
  0.03927670  0.00000000    0.01881113  0.00000000   -0.00718927  0.00000000
  0.01881113  0.00000000    0.03667780  0.00000000    0.00348543  0.00000000
 -0.00718927  0.00000000    0.00348543  0.00000000    0.03225067  0.00000000

     Dynamical  Matrix in cartesian axes

     q = (    0.375000000  -0.750000000  -0.125000000 ) 

    1    1
  0.03927670  0.00000000   -0.01881113  0.00000000    0.00718927  0.00000000
 -0.01881113  0.00000000    0.03667780  0.00000000    0.00348543  0.00000000
  0.00718927  0.00000000    0.00348543  0.00000000    0.03225067  0.00000000

     Dynamical  Matrix in cartesian axes

     q = (   -0.375000000  -0.750000000   0.125000000 ) 

    1    1
  0.03927670  0.00000000    0.01881113  0.00000000    0.00718927  0.00000000
  0.01881113  0.00000000    0.03667780  0.00000000   -0.00348543  0.00000000
  0.00718927  0.00000000   -0.00348543  0.00000000    0.03225067  0.00000000

     Dynamical  Matrix in cartesian axes

     q = (    0.125000000   0.375000000  -0.750000000 ) 

    1    1
  0.03225067  0.00000000   -0.00718927  0.00000000   -0.00348543  0.00000000
 -0.00718927  0.00000000    0.03927670  0.00000000   -0.01881113  0.00000000
 -0.00348543  0.00000000   -0.01881113  0.00000000    0.03667780  0.00000000

     Dynamical  Matrix in cartesian axes

     q = (    0.750000000  -0.375000000  -0.125000000 ) 

    1    1
  0.03667780  0.00000000   -0.01881113  0.00000000   -0.00348543  0.00000000
 -0.01881113  0.00000000    0.03927670  0.00000000   -0.00718927  0.00000000
 -0.00348543  0.00000000   -0.00718927  0.00000000    0.03225067  0.00000000

     Dynamical  Matrix in cartesian axes

     q = (    0.125000000   0.375000000   0.750000000 ) 

    1    1
  0.03225067  0.00000000   -0.00718927  0.00000000    0.00348543  0.00000000
 -0.00718927  0.00000000    0.03927670  0.00000000    0.01881113  0.00000000
  0.00348543  0.00000000    0.01881113  0.00000000    0.03667780  0.00000000

     Dynamical  Matrix in cartesian axes

     q = (    0.125000000  -0.375000000  -0.750000000 ) 

    1    1
  0.03225067  0.00000000    0.00718927  0.00000000   -0.00348543  0.00000000
  0.00718927  0.00000000    0.03927670  0.00000000    0.01881113  0.00000000
 -0.00348543  0.00000000    0.01881113  0.00000000    0.03667780  0.00000000

     Dynamical  Matrix in cartesian axes

     q = (   -0.750000000   0.125000000   0.375000000 ) 

    1    1
  0.03667780  0.00000000   -0.00348543  0.00000000   -0.01881113  0.00000000
 -0.00348543  0.00000000    0.03225067  0.00000000   -0.00718927  0.00000000
 -0.01881113  0.00000000   -0.00718927  0.00000000    0.03927670  0.00000000

     Dynamical  Matrix in cartesian axes

     q = (   -0.125000000   0.750000000   0.375000000 ) 

    1    1
  0.03225067  0.00000000   -0.00348543  0.00000000    0.00718927  0.00000000
 -0.00348543  0.00000000    0.03667780  0.00000000    0.01881113  0.00000000
  0.00718927  0.00000000    0.01881113  0.00000000    0.03927670  0.00000000

     Dynamical  Matrix in cartesian axes

     q = (   -0.125000000  -0.750000000   0.375000000 ) 

    1    1
  0.03225067  0.00000000    0.00348543  0.00000000    0.00718927  0.00000000
  0.00348543  0.00000000    0.03667780  0.00000000   -0.01881113  0.00000000
  0.00718927  0.00000000   -0.01881113  0.00000000    0.03927670  0.00000000

     Dynamical  Matrix in cartesian axes

     q = (   -0.125000000  -0.375000000  -0.750000000 ) 

    1    1
  0.03225067  0.00000000   -0.00718927  0.00000000    0.00348543  0.00000000
 -0.00718927  0.00000000    0.03927670  0.00000000    0.01881113  0.00000000
  0.00348543  0.00000000    0.01881113  0.00000000    0.03667780  0.00000000

     Dynamical  Matrix in cartesian axes

     q = (   -0.750000000   0.125000000  -0.375000000 ) 

    1    1
  0.03667780  0.00000000   -0.00348543  0.00000000    0.01881113  0.00000000
 -0.00348543  0.00000000    0.03225067  0.00000000    0.00718927  0.00000000
  0.01881113  0.00000000    0.00718927  0.00000000    0.03927670  0.00000000

     Dynamical  Matrix in cartesian axes

     q = (    0.125000000  -0.750000000   0.375000000 ) 

    1    1
  0.03225067  0.00000000   -0.00348543  0.00000000   -0.00718927  0.00000000
 -0.00348543  0.00000000    0.03667780  0.00000000   -0.01881113  0.00000000
 -0.00718927  0.00000000   -0.01881113  0.00000000    0.03927670  0.00000000

     Dynamical  Matrix in cartesian axes

     q = (   -0.125000000   0.375000000   0.750000000 ) 

    1    1
  0.03225067  0.00000000    0.00718927  0.00000000   -0.00348543  0.00000000
  0.00718927  0.00000000    0.03927670  0.00000000    0.01881113  0.00000000
 -0.00348543  0.00000000    0.01881113  0.00000000    0.03667780  0.00000000

     Dynamical  Matrix in cartesian axes

     q = (   -0.750000000  -0.125000000  -0.375000000 ) 

    1    1
  0.03667780  0.00000000    0.00348543  0.00000000    0.01881113  0.00000000
  0.00348543  0.00000000    0.03225067  0.00000000   -0.00718927  0.00000000
  0.01881113  0.00000000   -0.00718927  0.00000000    0.03927670  0.00000000

     Dynamical  Matrix in cartesian axes

     q = (   -0.375000000   0.750000000  -0.125000000 ) 

    1    1
  0.03927670  0.00000000   -0.01881113  0.00000000   -0.00718927  0.00000000
 -0.01881113  0.00000000    0.03667780  0.00000000   -0.00348543  0.00000000
 -0.00718927  0.00000000   -0.00348543  0.00000000    0.03225067  0.00000000

     Dynamical  Matrix in cartesian axes

     q = (   -0.750000000  -0.375000000   0.125000000 ) 

    1    1
  0.03667780  0.00000000    0.01881113  0.00000000   -0.00348543  0.00000000
  0.01881113  0.00000000    0.03927670  0.00000000    0.00718927  0.00000000
 -0.00348543  0.00000000    0.00718927  0.00000000    0.03225067  0.00000000

     Dynamical  Matrix in cartesian axes

     q = (    0.750000000   0.375000000   0.125000000 ) 

    1    1
  0.03667780  0.00000000    0.01881113  0.00000000    0.00348543  0.00000000
  0.01881113  0.00000000    0.03927670  0.00000000   -0.00718927  0.00000000
  0.00348543  0.00000000   -0.00718927  0.00000000    0.03225067  0.00000000

     Dynamical  Matrix in cartesian axes

     q = (   -0.375000000  -0.750000000  -0.125000000 ) 

    1    1
  0.03927670  0.00000000    0.01881113  0.00000000   -0.00718927  0.00000000
  0.01881113  0.00000000    0.03667780  0.00000000    0.00348543  0.00000000
 -0.00718927  0.00000000    0.00348543  0.00000000    0.03225067  0.00000000

     Dynamical  Matrix in cartesian axes

     q = (    0.375000000  -0.750000000   0.125000000 ) 

    1    1
  0.03927670  0.00000000   -0.01881113  0.00000000   -0.00718927  0.00000000
 -0.01881113  0.00000000    0.03667780  0.00000000   -0.00348543  0.00000000
 -0.00718927  0.00000000   -0.00348543  0.00000000    0.03225067  0.00000000

     Dynamical  Matrix in cartesian axes

     q = (   -0.375000000   0.750000000   0.125000000 ) 

    1    1
  0.03927670  0.00000000   -0.01881113  0.00000000    0.00718927  0.00000000
 -0.01881113  0.00000000    0.03667780  0.00000000    0.00348543  0.00000000
  0.00718927  0.00000000    0.00348543  0.00000000    0.03225067  0.00000000

     Dynamical  Matrix in cartesian axes

     q = (    0.375000000   0.750000000  -0.125000000 ) 

    1    1
  0.03927670  0.00000000    0.01881113  0.00000000    0.00718927  0.00000000
  0.01881113  0.00000000    0.03667780  0.00000000   -0.00348543  0.00000000
  0.00718927  0.00000000   -0.00348543  0.00000000    0.03225067  0.00000000

     Dynamical  Matrix in cartesian axes

     q = (    0.750000000  -0.125000000   0.375000000 ) 

    1    1
  0.03667780  0.00000000   -0.00348543  0.00000000    0.01881113  0.00000000
 -0.00348543  0.00000000    0.03225067  0.00000000    0.00718927  0.00000000
  0.01881113  0.00000000    0.00718927  0.00000000    0.03927670  0.00000000

     Dynamical  Matrix in cartesian axes

     q = (   -0.750000000   0.375000000   0.125000000 ) 

    1    1
  0.03667780  0.00000000   -0.01881113  0.00000000   -0.00348543  0.00000000
 -0.01881113  0.00000000    0.03927670  0.00000000   -0.00718927  0.00000000
 -0.00348543  0.00000000   -0.00718927  0.00000000    0.03225067  0.00000000

     Dynamical  Matrix in cartesian axes

     q = (    0.750000000   0.375000000  -0.125000000 ) 

    1    1
  0.03667780  0.00000000    0.01881113  0.00000000   -0.00348543  0.00000000
  0.01881113  0.00000000    0.03927670  0.00000000    0.00718927  0.00000000
 -0.00348543  0.00000000    0.00718927  0.00000000    0.03225067  0.00000000

     Dynamical  Matrix in cartesian axes

     q = (   -0.750000000  -0.375000000  -0.125000000 ) 

    1    1
  0.03667780  0.00000000    0.01881113  0.00000000    0.00348543  0.00000000
  0.01881113  0.00000000    0.03927670  0.00000000   -0.00718927  0.00000000
  0.00348543  0.00000000   -0.00718927  0.00000000    0.03225067  0.00000000

     Dynamical  Matrix in cartesian axes

     q = (    0.750000000  -0.375000000   0.125000000 ) 

    1    1
  0.03667780  0.00000000   -0.01881113  0.00000000    0.00348543  0.00000000
 -0.01881113  0.00000000    0.03927670  0.00000000    0.00718927  0.00000000
  0.00348543  0.00000000    0.00718927  0.00000000    0.03225067  0.00000000

     Dynamical  Matrix in cartesian axes

     q = (    0.375000000   0.125000000  -0.750000000 ) 

    1    1
  0.03927670  0.00000000   -0.00718927  0.00000000   -0.01881113  0.00000000
 -0.00718927  0.00000000    0.03225067  0.00000000   -0.00348543  0.00000000
 -0.01881113  0.00000000   -0.00348543  0.00000000    0.03667780  0.00000000

     Dynamical  Matrix in cartesian axes

     q = (    0.375000000  -0.125000000   0.750000000 ) 

    1    1
  0.03927670  0.00000000    0.00718927  0.00000000    0.01881113  0.00000000
  0.00718927  0.00000000    0.03225067  0.00000000   -0.00348543  0.00000000
  0.01881113  0.00000000   -0.00348543  0.00000000    0.03667780  0.00000000

     Dynamical  Matrix in cartesian axes

     q = (   -0.375000000  -0.125000000  -0.750000000 ) 

    1    1
  0.03927670  0.00000000   -0.00718927  0.00000000    0.01881113  0.00000000
 -0.00718927  0.00000000    0.03225067  0.00000000    0.00348543  0.00000000
  0.01881113  0.00000000    0.00348543  0.00000000    0.03667780  0.00000000

     Dynamical  Matrix in cartesian axes

     q = (   -0.375000000   0.125000000   0.750000000 ) 

    1    1
  0.03927670  0.00000000    0.00718927  0.00000000   -0.01881113  0.00000000
  0.00718927  0.00000000    0.03225067  0.00000000    0.00348543  0.00000000
 -0.01881113  0.00000000    0.00348543  0.00000000    0.03667780  0.00000000

     Diagonalizing the dynamical matrix

     q = (   -0.125000000   0.750000000  -0.375000000 ) 

 **************************************************************************
     freq (    1) =       2.849432 [THz] =      95.046813 [cm-1]
 (  0.415045  0.000000  0.644964  0.000000  0.641685  0.000000 ) 
     freq (    2) =       4.269989 [THz] =     142.431511 [cm-1]
 (  0.901633  0.000000 -0.385882  0.000000 -0.195327  0.000000 ) 
     freq (    3) =       5.434820 [THz] =     181.286097 [cm-1]
 ( -0.121636  0.000000 -0.659634  0.000000  0.741679  0.000000 ) 
 **************************************************************************
