Dynamical matrix file
                                                                           
  1    1  2  8.6604022  0.0000000  0.0000000  0.0000000  0.0000000  0.0000000
           1  'Na  '    20954.103126620943     
    1    1      0.0000000000      0.0000000000      0.0000000000

     Dynamical  Matrix in cartesian axes

     q = (    0.625000000  -0.125000000   0.875000000 ) 

    1    1
  0.03635795  0.00000000   -0.01132489  0.00000000    0.01016150  0.00000000
 -0.01132489  0.00000000    0.07405973  0.00000000   -0.00369128  0.00000000
  0.01016150  0.00000000   -0.00369128  0.00000000    0.05125899  0.00000000

     Dynamical  Matrix in cartesian axes

     q = (    0.625000000  -0.125000000  -0.875000000 ) 

    1    1
  0.03635795  0.00000000   -0.01132489  0.00000000   -0.01016150  0.00000000
 -0.01132489  0.00000000    0.07405973  0.00000000    0.00369128  0.00000000
 -0.01016150  0.00000000    0.00369128  0.00000000    0.05125899  0.00000000

     Dynamical  Matrix in cartesian axes

     q = (    0.875000000   0.125000000   0.625000000 ) 

    1    1
  0.05125899  0.00000000    0.00369128  0.00000000    0.01016150  0.00000000
  0.00369128  0.00000000    0.07405973  0.00000000    0.01132489  0.00000000
  0.01016150  0.00000000    0.01132489  0.00000000    0.03635795  0.00000000

     Dynamical  Matrix in cartesian axes

     q = (    0.625000000   0.125000000   0.875000000 ) 

    1    1
  0.03635795  0.00000000    0.01132489  0.00000000    0.01016150  0.00000000
  0.01132489  0.00000000    0.07405973  0.00000000    0.00369128  0.00000000
  0.01016150  0.00000000    0.00369128  0.00000000    0.05125899  0.00000000

     Dynamical  Matrix in cartesian axes

     q = (    0.875000000  -0.125000000  -0.625000000 ) 

    1    1
  0.05125899  0.00000000   -0.00369128  0.00000000   -0.01016150  0.00000000
 -0.00369128  0.00000000    0.07405973  0.00000000    0.01132489  0.00000000
 -0.01016150  0.00000000    0.01132489  0.00000000    0.03635795  0.00000000

     Dynamical  Matrix in cartesian axes

     q = (    0.875000000  -0.125000000   0.625000000 ) 

    1    1
  0.05125899  0.00000000   -0.00369128  0.00000000    0.01016150  0.00000000
 -0.00369128  0.00000000    0.07405973  0.00000000   -0.01132489  0.00000000
  0.01016150  0.00000000   -0.01132489  0.00000000    0.03635795  0.00000000

     Dynamical  Matrix in cartesian axes

     q = (   -0.875000000  -0.125000000   0.625000000 ) 

    1    1
  0.05125899  0.00000000    0.00369128  0.00000000   -0.01016150  0.00000000
  0.00369128  0.00000000    0.07405973  0.00000000   -0.01132489  0.00000000
 -0.01016150  0.00000000   -0.01132489  0.00000000    0.03635795  0.00000000

     Dynamical  Matrix in cartesian axes

     q = (   -0.625000000  -0.125000000  -0.875000000 ) 

    1    1
  0.03635795  0.00000000    0.01132489  0.00000000    0.01016150  0.00000000
  0.01132489  0.00000000    0.07405973  0.00000000    0.00369128  0.00000000
  0.01016150  0.00000000    0.00369128  0.00000000    0.05125899  0.00000000

     Dynamical  Matrix in cartesian axes

     q = (   -0.875000000   0.125000000  -0.625000000 ) 

    1    1
  0.05125899  0.00000000   -0.00369128  0.00000000    0.01016150  0.00000000
 -0.00369128  0.00000000    0.07405973  0.00000000   -0.01132489  0.00000000
  0.01016150  0.00000000   -0.01132489  0.00000000    0.03635795  0.00000000

     Dynamical  Matrix in cartesian axes

     q = (   -0.625000000  -0.125000000   0.875000000 ) 

    1    1
  0.03635795  0.00000000    0.01132489  0.00000000   -0.01016150  0.00000000
  0.01132489  0.00000000    0.07405973  0.00000000   -0.00369128  0.00000000
 -0.01016150  0.00000000   -0.00369128  0.00000000    0.05125899  0.00000000

     Dynamical  Matrix in cartesian axes

     q = (   -0.875000000   0.125000000   0.625000000 ) 

    1    1
  0.05125899  0.00000000   -0.00369128  0.00000000   -0.01016150  0.00000000
 -0.00369128  0.00000000    0.07405973  0.00000000    0.01132489  0.00000000
 -0.01016150  0.00000000    0.01132489  0.00000000    0.03635795  0.00000000

     Dynamical  Matrix in cartesian axes

     q = (    0.875000000   0.125000000  -0.625000000 ) 

    1    1
  0.05125899  0.00000000    0.00369128  0.00000000   -0.01016150  0.00000000
  0.00369128  0.00000000    0.07405973  0.00000000   -0.01132489  0.00000000
 -0.01016150  0.00000000   -0.01132489  0.00000000    0.03635795  0.00000000

     Dynamical  Matrix in cartesian axes

     q = (   -0.625000000   0.125000000   0.875000000 ) 

    1    1
  0.03635795  0.00000000   -0.01132489  0.00000000   -0.01016150  0.00000000
 -0.01132489  0.00000000    0.07405973  0.00000000    0.00369128  0.00000000
 -0.01016150  0.00000000    0.00369128  0.00000000    0.05125899  0.00000000

     Dynamical  Matrix in cartesian axes

     q = (   -0.875000000  -0.125000000  -0.625000000 ) 

    1    1
  0.05125899  0.00000000    0.00369128  0.00000000    0.01016150  0.00000000
  0.00369128  0.00000000    0.07405973  0.00000000    0.01132489  0.00000000
  0.01016150  0.00000000    0.01132489  0.00000000    0.03635795  0.00000000

     Dynamical  Matrix in cartesian axes

     q = (    0.625000000   0.125000000  -0.875000000 ) 

    1    1
  0.03635795  0.00000000    0.01132489  0.00000000   -0.01016150  0.00000000
  0.01132489  0.00000000    0.07405973  0.00000000   -0.00369128  0.00000000
 -0.01016150  0.00000000   -0.00369128  0.00000000    0.05125899  0.00000000

     Dynamical  Matrix in cartesian axes

     q = (   -0.625000000   0.125000000  -0.875000000 ) 

    1    1
  0.03635795  0.00000000   -0.01132489  0.00000000    0.01016150  0.00000000
 -0.01132489  0.00000000    0.07405973  0.00000000   -0.00369128  0.00000000
  0.01016150  0.00000000   -0.00369128  0.00000000    0.05125899  0.00000000

     Dynamical  Matrix in cartesian axes

     q = (   -0.125000000   0.875000000   0.625000000 ) 

    1    1
  0.07405973  0.00000000   -0.00369128  0.00000000   -0.01132489  0.00000000
 -0.00369128  0.00000000    0.05125899  0.00000000    0.01016150  0.00000000
 -0.01132489  0.00000000    0.01016150  0.00000000    0.03635795  0.00000000

     Dynamical  Matrix in cartesian axes

     q = (    0.125000000   0.875000000  -0.625000000 ) 

    1    1
  0.07405973  0.00000000    0.00369128  0.00000000   -0.01132489  0.00000000
  0.00369128  0.00000000    0.05125899  0.00000000   -0.01016150  0.00000000
 -0.01132489  0.00000000   -0.01016150  0.00000000    0.03635795  0.00000000

     Dynamical  Matrix in cartesian axes

     q = (   -0.125000000  -0.875000000  -0.625000000 ) 

    1    1
  0.07405973  0.00000000    0.00369128  0.00000000    0.01132489  0.00000000
  0.00369128  0.00000000    0.05125899  0.00000000    0.01016150  0.00000000
  0.01132489  0.00000000    0.01016150  0.00000000    0.03635795  0.00000000

     Dynamical  Matrix in cartesian axes

     q = (   -0.125000000   0.625000000  -0.875000000 ) 

    1    1
  0.07405973  0.00000000   -0.01132489  0.00000000    0.00369128  0.00000000
 -0.01132489  0.00000000    0.03635795  0.00000000   -0.01016150  0.00000000
  0.00369128  0.00000000   -0.01016150  0.00000000    0.05125899  0.00000000

     Dynamical  Matrix in cartesian axes

     q = (    0.875000000   0.625000000  -0.125000000 ) 

    1    1
  0.05125899  0.00000000    0.01016150  0.00000000   -0.00369128  0.00000000
  0.01016150  0.00000000    0.03635795  0.00000000   -0.01132489  0.00000000
 -0.00369128  0.00000000   -0.01132489  0.00000000    0.07405973  0.00000000

     Dynamical  Matrix in cartesian axes

     q = (   -0.125000000   0.875000000  -0.625000000 ) 

    1    1
  0.07405973  0.00000000   -0.00369128  0.00000000    0.01132489  0.00000000
 -0.00369128  0.00000000    0.05125899  0.00000000   -0.01016150  0.00000000
  0.01132489  0.00000000   -0.01016150  0.00000000    0.03635795  0.00000000

     Dynamical  Matrix in cartesian axes

     q = (   -0.875000000  -0.625000000  -0.125000000 ) 

    1    1
  0.05125899  0.00000000    0.01016150  0.00000000    0.00369128  0.00000000
  0.01016150  0.00000000    0.03635795  0.00000000    0.01132489  0.00000000
  0.00369128  0.00000000    0.01132489  0.00000000    0.07405973  0.00000000

     Dynamical  Matrix in cartesian axes

     q = (   -0.875000000   0.625000000   0.125000000 ) 

    1    1
  0.05125899  0.00000000   -0.01016150  0.00000000   -0.00369128  0.00000000
 -0.01016150  0.00000000    0.03635795  0.00000000    0.01132489  0.00000000
 -0.00369128  0.00000000    0.01132489  0.00000000    0.07405973  0.00000000

     Dynamical  Matrix in cartesian axes

     q = (    0.125000000  -0.625000000   0.875000000 ) 

    1    1
  0.07405973  0.00000000   -0.01132489  0.00000000    0.00369128  0.00000000
 -0.01132489  0.00000000    0.03635795  0.00000000   -0.01016150  0.00000000
  0.00369128  0.00000000   -0.01016150  0.00000000    0.05125899  0.00000000

     Dynamical  Matrix in cartesian axes

     q = (    0.125000000  -0.875000000   0.625000000 ) 

    1    1
  0.07405973  0.00000000   -0.00369128  0.00000000    0.01132489  0.00000000
 -0.00369128  0.00000000    0.05125899  0.00000000   -0.01016150  0.00000000
  0.01132489  0.00000000   -0.01016150  0.00000000    0.03635795  0.00000000

     Dynamical  Matrix in cartesian axes

     q = (    0.625000000  -0.875000000   0.125000000 ) 

    1    1
  0.03635795  0.00000000   -0.01016150  0.00000000    0.01132489  0.00000000
 -0.01016150  0.00000000    0.05125899  0.00000000   -0.00369128  0.00000000
  0.01132489  0.00000000   -0.00369128  0.00000000    0.07405973  0.00000000

     Dynamical  Matrix in cartesian axes

     q = (   -0.875000000   0.625000000  -0.125000000 ) 

    1    1
  0.05125899  0.00000000   -0.01016150  0.00000000    0.00369128  0.00000000
 -0.01016150  0.00000000    0.03635795  0.00000000   -0.01132489  0.00000000
  0.00369128  0.00000000   -0.01132489  0.00000000    0.07405973  0.00000000

     Dynamical  Matrix in cartesian axes

     q = (    0.125000000   0.625000000   0.875000000 ) 

    1    1
  0.07405973  0.00000000    0.01132489  0.00000000    0.00369128  0.00000000
  0.01132489  0.00000000    0.03635795  0.00000000    0.01016150  0.00000000
  0.00369128  0.00000000    0.01016150  0.00000000    0.05125899  0.00000000

     Dynamical  Matrix in cartesian axes

     q = (   -0.125000000   0.625000000   0.875000000 ) 

    1    1
  0.07405973  0.00000000   -0.01132489  0.00000000   -0.00369128  0.00000000
 -0.01132489  0.00000000    0.03635795  0.00000000    0.01016150  0.00000000
 -0.00369128  0.00000000    0.01016150  0.00000000    0.05125899  0.00000000

     Dynamical  Matrix in cartesian axes

     q = (    0.125000000   0.625000000  -0.875000000 ) 

    1    1
  0.07405973  0.00000000    0.01132489  0.00000000   -0.00369128  0.00000000
  0.01132489  0.00000000    0.03635795  0.00000000   -0.01016150  0.00000000
 -0.00369128  0.00000000   -0.01016150  0.00000000    0.05125899  0.00000000

     Dynamical  Matrix in cartesian axes

     q = (   -0.125000000  -0.625000000  -0.875000000 ) 

    1    1
  0.07405973  0.00000000    0.01132489  0.00000000    0.00369128  0.00000000
  0.01132489  0.00000000    0.03635795  0.00000000    0.01016150  0.00000000
  0.00369128  0.00000000    0.01016150  0.00000000    0.05125899  0.00000000

     Dynamical  Matrix in cartesian axes

     q = (   -0.625000000  -0.875000000   0.125000000 ) 

    1    1
  0.03635795  0.00000000    0.01016150  0.00000000   -0.01132489  0.00000000
  0.01016150  0.00000000    0.05125899  0.00000000   -0.00369128  0.00000000
 -0.01132489  0.00000000   -0.00369128  0.00000000    0.07405973  0.00000000

     Dynamical  Matrix in cartesian axes

     q = (   -0.125000000  -0.625000000   0.875000000 ) 

    1    1
  0.07405973  0.00000000    0.01132489  0.00000000   -0.00369128  0.00000000
  0.01132489  0.00000000    0.03635795  0.00000000   -0.01016150  0.00000000
 -0.00369128  0.00000000   -0.01016150  0.00000000    0.05125899  0.00000000

     Dynamical  Matrix in cartesian axes

     q = (    0.875000000  -0.625000000   0.125000000 ) 

    1    1
  0.05125899  0.00000000   -0.01016150  0.00000000    0.00369128  0.00000000
 -0.01016150  0.00000000    0.03635795  0.00000000   -0.01132489  0.00000000
  0.00369128  0.00000000   -0.01132489  0.00000000    0.07405973  0.00000000

     Dynamical  Matrix in cartesian axes

     q = (    0.625000000   0.875000000   0.125000000 ) 

    1    1
  0.03635795  0.00000000    0.01016150  0.00000000    0.01132489  0.00000000
  0.01016150  0.00000000    0.05125899  0.00000000    0.00369128  0.00000000
  0.01132489  0.00000000    0.00369128  0.00000000    0.07405973  0.00000000

     Dynamical  Matrix in cartesian axes

     q = (    0.125000000  -0.625000000  -0.875000000 ) 

    1    1
  0.07405973  0.00000000   -0.01132489  0.00000000   -0.00369128  0.00000000
 -0.01132489  0.00000000    0.03635795  0.00000000    0.01016150  0.00000000
 -0.00369128  0.00000000    0.01016150  0.00000000    0.05125899  0.00000000

     Dynamical  Matrix in cartesian axes

     q = (    0.625000000   0.875000000  -0.125000000 ) 

    1    1
  0.03635795  0.00000000    0.01016150  0.00000000   -0.01132489  0.00000000
  0.01016150  0.00000000    0.05125899  0.00000000   -0.00369128  0.00000000
 -0.01132489  0.00000000   -0.00369128  0.00000000    0.07405973  0.00000000

     Dynamical  Matrix in cartesian axes

     q = (   -0.625000000  -0.875000000  -0.125000000 ) 

    1    1
  0.03635795  0.00000000    0.01016150  0.00000000    0.01132489  0.00000000
  0.01016150  0.00000000    0.05125899  0.00000000    0.00369128  0.00000000
  0.01132489  0.00000000    0.00369128  0.00000000    0.07405973  0.00000000

     Dynamical  Matrix in cartesian axes

     q = (   -0.625000000   0.875000000  -0.125000000 ) 

    1    1
  0.03635795  0.00000000   -0.01016150  0.00000000    0.01132489  0.00000000
 -0.01016150  0.00000000    0.05125899  0.00000000   -0.00369128  0.00000000
  0.01132489  0.00000000   -0.00369128  0.00000000    0.07405973  0.00000000

     Dynamical  Matrix in cartesian axes

     q = (    0.125000000  -0.875000000  -0.625000000 ) 

    1    1
  0.07405973  0.00000000   -0.00369128  0.00000000   -0.01132489  0.00000000
 -0.00369128  0.00000000    0.05125899  0.00000000    0.01016150  0.00000000
 -0.01132489  0.00000000    0.01016150  0.00000000    0.03635795  0.00000000

     Dynamical  Matrix in cartesian axes

     q = (   -0.125000000  -0.875000000   0.625000000 ) 

    1    1
  0.07405973  0.00000000    0.00369128  0.00000000   -0.01132489  0.00000000
  0.00369128  0.00000000    0.05125899  0.00000000   -0.01016150  0.00000000
 -0.01132489  0.00000000   -0.01016150  0.00000000    0.03635795  0.00000000

     Dynamical  Matrix in cartesian axes

     q = (    0.125000000   0.875000000   0.625000000 ) 

    1    1
  0.07405973  0.00000000    0.00369128  0.00000000    0.01132489  0.00000000
  0.00369128  0.00000000    0.05125899  0.00000000    0.01016150  0.00000000
  0.01132489  0.00000000    0.01016150  0.00000000    0.03635795  0.00000000

     Dynamical  Matrix in cartesian axes

     q = (    0.625000000  -0.875000000  -0.125000000 ) 

    1    1
  0.03635795  0.00000000   -0.01016150  0.00000000   -0.01132489  0.00000000
 -0.01016150  0.00000000    0.05125899  0.00000000    0.00369128  0.00000000
 -0.01132489  0.00000000    0.00369128  0.00000000    0.07405973  0.00000000

     Dynamical  Matrix in cartesian axes

     q = (   -0.875000000  -0.625000000   0.125000000 ) 

    1    1
  0.05125899  0.00000000    0.01016150  0.00000000   -0.00369128  0.00000000
  0.01016150  0.00000000    0.03635795  0.00000000   -0.01132489  0.00000000
 -0.00369128  0.00000000   -0.01132489  0.00000000    0.07405973  0.00000000

     Dynamical  Matrix in cartesian axes

     q = (   -0.625000000   0.875000000   0.125000000 ) 

    1    1
  0.03635795  0.00000000   -0.01016150  0.00000000   -0.01132489  0.00000000
 -0.01016150  0.00000000    0.05125899  0.00000000    0.00369128  0.00000000
 -0.01132489  0.00000000    0.00369128  0.00000000    0.07405973  0.00000000

     Dynamical  Matrix in cartesian axes

     q = (    0.875000000   0.625000000   0.125000000 ) 

    1    1
  0.05125899  0.00000000    0.01016150  0.00000000    0.00369128  0.00000000
  0.01016150  0.00000000    0.03635795  0.00000000    0.01132489  0.00000000
  0.00369128  0.00000000    0.01132489  0.00000000    0.07405973  0.00000000

     Dynamical  Matrix in cartesian axes

     q = (    0.875000000  -0.625000000  -0.125000000 ) 

    1    1
  0.05125899  0.00000000   -0.01016150  0.00000000   -0.00369128  0.00000000
 -0.01016150  0.00000000    0.03635795  0.00000000    0.01132489  0.00000000
 -0.00369128  0.00000000    0.01132489  0.00000000    0.07405973  0.00000000

     Diagonalizing the dynamical matrix

     q = (    0.625000000  -0.125000000   0.875000000 ) 

 **************************************************************************
     freq (    1) =       3.904245 [THz] =     130.231595 [cm-1]
 ( -0.900643  0.000000 -0.196858  0.000000  0.387414 -0.000000 ) 
     freq (    2) =       5.253709 [THz] =     175.244883 [cm-1]
 (  0.311105  0.000000  0.330360  0.000000  0.891110  0.000000 ) 
     freq (    3) =       6.376791 [THz] =     212.706838 [cm-1]
 (  0.303408  0.000000 -0.923098  0.000000  0.236293  0.000000 ) 
 **************************************************************************
