Dynamical matrix file
                                                                           
  1    1  3  8.2356328  0.0000000  0.0000000  0.0000000  0.0000000  0.0000000
           1  'Na  '    20954.103126620943     
    1    1      0.0000000000      0.0000000000      0.0000000000

     Dynamical  Matrix in cartesian axes

     q = (   -0.125000000   0.625000000  -0.500000000 ) 

    1    1
  0.01631977  0.00000000   -0.00019007  0.00000000   -0.00168136  0.00000000
 -0.00019007  0.00000000    0.01862852  0.00000000   -0.01024870  0.00000000
 -0.00168136  0.00000000   -0.01024870  0.00000000    0.01776684  0.00000000

     Dynamical  Matrix in cartesian axes

     q = (    0.625000000  -0.125000000  -0.500000000 ) 

    1    1
  0.01862852  0.00000000   -0.00019007  0.00000000   -0.01024870  0.00000000
 -0.00019007  0.00000000    0.01631977  0.00000000   -0.00168136  0.00000000
 -0.01024870  0.00000000   -0.00168136  0.00000000    0.01776684  0.00000000

     Dynamical  Matrix in cartesian axes

     q = (   -0.125000000   0.500000000  -0.625000000 ) 

    1    1
  0.01631977  0.00000000    0.00168136  0.00000000    0.00019007  0.00000000
  0.00168136  0.00000000    0.01776684  0.00000000   -0.01024870  0.00000000
  0.00019007  0.00000000   -0.01024870  0.00000000    0.01862852  0.00000000

     Dynamical  Matrix in cartesian axes

     q = (    0.125000000   0.500000000  -0.625000000 ) 

    1    1
  0.01631977  0.00000000   -0.00168136  0.00000000   -0.00019007  0.00000000
 -0.00168136  0.00000000    0.01776684  0.00000000   -0.01024870  0.00000000
 -0.00019007  0.00000000   -0.01024870  0.00000000    0.01862852  0.00000000

     Dynamical  Matrix in cartesian axes

     q = (   -0.125000000  -0.625000000   0.500000000 ) 

    1    1
  0.01631977  0.00000000    0.00019007  0.00000000    0.00168136  0.00000000
  0.00019007  0.00000000    0.01862852  0.00000000   -0.01024870  0.00000000
  0.00168136  0.00000000   -0.01024870  0.00000000    0.01776684  0.00000000

     Dynamical  Matrix in cartesian axes

     q = (   -0.125000000  -0.500000000   0.625000000 ) 

    1    1
  0.01631977  0.00000000   -0.00168136  0.00000000   -0.00019007  0.00000000
 -0.00168136  0.00000000    0.01776684  0.00000000   -0.01024870  0.00000000
 -0.00019007  0.00000000   -0.01024870  0.00000000    0.01862852  0.00000000

     Dynamical  Matrix in cartesian axes

     q = (    0.125000000  -0.625000000   0.500000000 ) 

    1    1
  0.01631977  0.00000000   -0.00019007  0.00000000   -0.00168136  0.00000000
 -0.00019007  0.00000000    0.01862852  0.00000000   -0.01024870  0.00000000
 -0.00168136  0.00000000   -0.01024870  0.00000000    0.01776684  0.00000000

     Dynamical  Matrix in cartesian axes

     q = (    0.125000000  -0.500000000   0.625000000 ) 

    1    1
  0.01631977  0.00000000    0.00168136  0.00000000    0.00019007  0.00000000
  0.00168136  0.00000000    0.01776684  0.00000000   -0.01024870  0.00000000
  0.00019007  0.00000000   -0.01024870  0.00000000    0.01862852  0.00000000

     Dynamical  Matrix in cartesian axes

     q = (   -0.625000000   0.500000000  -0.125000000 ) 

    1    1
  0.01862852  0.00000000   -0.01024870  0.00000000    0.00019007  0.00000000
 -0.01024870  0.00000000    0.01776684  0.00000000    0.00168136  0.00000000
  0.00019007  0.00000000    0.00168136  0.00000000    0.01631977  0.00000000

     Dynamical  Matrix in cartesian axes

     q = (    0.500000000   0.125000000   0.625000000 ) 

    1    1
  0.01776684  0.00000000   -0.00168136  0.00000000    0.01024870  0.00000000
 -0.00168136  0.00000000    0.01631977  0.00000000    0.00019007  0.00000000
  0.01024870  0.00000000    0.00019007  0.00000000    0.01862852  0.00000000

     Dynamical  Matrix in cartesian axes

     q = (   -0.500000000   0.125000000  -0.625000000 ) 

    1    1
  0.01776684  0.00000000    0.00168136  0.00000000    0.01024870  0.00000000
  0.00168136  0.00000000    0.01631977  0.00000000   -0.00019007  0.00000000
  0.01024870  0.00000000   -0.00019007  0.00000000    0.01862852  0.00000000

     Dynamical  Matrix in cartesian axes

     q = (   -0.625000000   0.125000000  -0.500000000 ) 

    1    1
  0.01862852  0.00000000   -0.00019007  0.00000000    0.01024870  0.00000000
 -0.00019007  0.00000000    0.01631977  0.00000000    0.00168136  0.00000000
  0.01024870  0.00000000    0.00168136  0.00000000    0.01776684  0.00000000

     Dynamical  Matrix in cartesian axes

     q = (    0.500000000  -0.125000000  -0.625000000 ) 

    1    1
  0.01776684  0.00000000    0.00168136  0.00000000   -0.01024870  0.00000000
  0.00168136  0.00000000    0.01631977  0.00000000    0.00019007  0.00000000
 -0.01024870  0.00000000    0.00019007  0.00000000    0.01862852  0.00000000

     Dynamical  Matrix in cartesian axes

     q = (   -0.500000000  -0.125000000   0.625000000 ) 

    1    1
  0.01776684  0.00000000   -0.00168136  0.00000000   -0.01024870  0.00000000
 -0.00168136  0.00000000    0.01631977  0.00000000   -0.00019007  0.00000000
 -0.01024870  0.00000000   -0.00019007  0.00000000    0.01862852  0.00000000

     Dynamical  Matrix in cartesian axes

     q = (    0.125000000   0.625000000   0.500000000 ) 

    1    1
  0.01631977  0.00000000    0.00019007  0.00000000   -0.00168136  0.00000000
  0.00019007  0.00000000    0.01862852  0.00000000    0.01024870  0.00000000
 -0.00168136  0.00000000    0.01024870  0.00000000    0.01776684  0.00000000

     Dynamical  Matrix in cartesian axes

     q = (   -0.625000000  -0.125000000   0.500000000 ) 

    1    1
  0.01862852  0.00000000    0.00019007  0.00000000   -0.01024870  0.00000000
  0.00019007  0.00000000    0.01631977  0.00000000    0.00168136  0.00000000
 -0.01024870  0.00000000    0.00168136  0.00000000    0.01776684  0.00000000

     Dynamical  Matrix in cartesian axes

     q = (    0.625000000   0.125000000   0.500000000 ) 

    1    1
  0.01862852  0.00000000    0.00019007  0.00000000    0.01024870  0.00000000
  0.00019007  0.00000000    0.01631977  0.00000000   -0.00168136  0.00000000
  0.01024870  0.00000000   -0.00168136  0.00000000    0.01776684  0.00000000

     Dynamical  Matrix in cartesian axes

     q = (    0.500000000   0.625000000   0.125000000 ) 

    1    1
  0.01776684  0.00000000    0.01024870  0.00000000   -0.00168136  0.00000000
  0.01024870  0.00000000    0.01862852  0.00000000    0.00019007  0.00000000
 -0.00168136  0.00000000    0.00019007  0.00000000    0.01631977  0.00000000

     Dynamical  Matrix in cartesian axes

     q = (    0.500000000  -0.625000000  -0.125000000 ) 

    1    1
  0.01776684  0.00000000   -0.01024870  0.00000000    0.00168136  0.00000000
 -0.01024870  0.00000000    0.01862852  0.00000000    0.00019007  0.00000000
  0.00168136  0.00000000    0.00019007  0.00000000    0.01631977  0.00000000

     Dynamical  Matrix in cartesian axes

     q = (   -0.500000000  -0.625000000   0.125000000 ) 

    1    1
  0.01776684  0.00000000    0.01024870  0.00000000    0.00168136  0.00000000
  0.01024870  0.00000000    0.01862852  0.00000000   -0.00019007  0.00000000
  0.00168136  0.00000000   -0.00019007  0.00000000    0.01631977  0.00000000

     Dynamical  Matrix in cartesian axes

     q = (   -0.625000000  -0.125000000  -0.500000000 ) 

    1    1
  0.01862852  0.00000000    0.00019007  0.00000000    0.01024870  0.00000000
  0.00019007  0.00000000    0.01631977  0.00000000   -0.00168136  0.00000000
  0.01024870  0.00000000   -0.00168136  0.00000000    0.01776684  0.00000000

     Dynamical  Matrix in cartesian axes

     q = (    0.625000000  -0.500000000  -0.125000000 ) 

    1    1
  0.01862852  0.00000000   -0.01024870  0.00000000   -0.00019007  0.00000000
 -0.01024870  0.00000000    0.01776684  0.00000000   -0.00168136  0.00000000
 -0.00019007  0.00000000   -0.00168136  0.00000000    0.01631977  0.00000000

     Dynamical  Matrix in cartesian axes

     q = (    0.125000000   0.500000000   0.625000000 ) 

    1    1
  0.01631977  0.00000000   -0.00168136  0.00000000    0.00019007  0.00000000
 -0.00168136  0.00000000    0.01776684  0.00000000    0.01024870  0.00000000
  0.00019007  0.00000000    0.01024870  0.00000000    0.01862852  0.00000000

     Dynamical  Matrix in cartesian axes

     q = (    0.125000000  -0.500000000  -0.625000000 ) 

    1    1
  0.01631977  0.00000000    0.00168136  0.00000000   -0.00019007  0.00000000
  0.00168136  0.00000000    0.01776684  0.00000000    0.01024870  0.00000000
 -0.00019007  0.00000000    0.01024870  0.00000000    0.01862852  0.00000000

     Dynamical  Matrix in cartesian axes

     q = (   -0.625000000   0.125000000   0.500000000 ) 

    1    1
  0.01862852  0.00000000   -0.00019007  0.00000000   -0.01024870  0.00000000
 -0.00019007  0.00000000    0.01631977  0.00000000   -0.00168136  0.00000000
 -0.01024870  0.00000000   -0.00168136  0.00000000    0.01776684  0.00000000

     Dynamical  Matrix in cartesian axes

     q = (   -0.125000000   0.625000000   0.500000000 ) 

    1    1
  0.01631977  0.00000000   -0.00019007  0.00000000    0.00168136  0.00000000
 -0.00019007  0.00000000    0.01862852  0.00000000    0.01024870  0.00000000
  0.00168136  0.00000000    0.01024870  0.00000000    0.01776684  0.00000000

     Dynamical  Matrix in cartesian axes

     q = (    0.625000000   0.125000000  -0.500000000 ) 

    1    1
  0.01862852  0.00000000    0.00019007  0.00000000   -0.01024870  0.00000000
  0.00019007  0.00000000    0.01631977  0.00000000    0.00168136  0.00000000
 -0.01024870  0.00000000    0.00168136  0.00000000    0.01776684  0.00000000

     Dynamical  Matrix in cartesian axes

     q = (   -0.125000000  -0.500000000  -0.625000000 ) 

    1    1
  0.01631977  0.00000000   -0.00168136  0.00000000    0.00019007  0.00000000
 -0.00168136  0.00000000    0.01776684  0.00000000    0.01024870  0.00000000
  0.00019007  0.00000000    0.01024870  0.00000000    0.01862852  0.00000000

     Dynamical  Matrix in cartesian axes

     q = (   -0.125000000  -0.625000000  -0.500000000 ) 

    1    1
  0.01631977  0.00000000    0.00019007  0.00000000   -0.00168136  0.00000000
  0.00019007  0.00000000    0.01862852  0.00000000    0.01024870  0.00000000
 -0.00168136  0.00000000    0.01024870  0.00000000    0.01776684  0.00000000

     Dynamical  Matrix in cartesian axes

     q = (    0.125000000   0.625000000  -0.500000000 ) 

    1    1
  0.01631977  0.00000000    0.00019007  0.00000000    0.00168136  0.00000000
  0.00019007  0.00000000    0.01862852  0.00000000   -0.01024870  0.00000000
  0.00168136  0.00000000   -0.01024870  0.00000000    0.01776684  0.00000000

     Dynamical  Matrix in cartesian axes

     q = (   -0.125000000   0.500000000   0.625000000 ) 

    1    1
  0.01631977  0.00000000    0.00168136  0.00000000   -0.00019007  0.00000000
  0.00168136  0.00000000    0.01776684  0.00000000    0.01024870  0.00000000
 -0.00019007  0.00000000    0.01024870  0.00000000    0.01862852  0.00000000

     Dynamical  Matrix in cartesian axes

     q = (    0.125000000  -0.625000000  -0.500000000 ) 

    1    1
  0.01631977  0.00000000   -0.00019007  0.00000000    0.00168136  0.00000000
 -0.00019007  0.00000000    0.01862852  0.00000000    0.01024870  0.00000000
  0.00168136  0.00000000    0.01024870  0.00000000    0.01776684  0.00000000

     Dynamical  Matrix in cartesian axes

     q = (   -0.500000000   0.625000000  -0.125000000 ) 

    1    1
  0.01776684  0.00000000   -0.01024870  0.00000000   -0.00168136  0.00000000
 -0.01024870  0.00000000    0.01862852  0.00000000   -0.00019007  0.00000000
 -0.00168136  0.00000000   -0.00019007  0.00000000    0.01631977  0.00000000

     Dynamical  Matrix in cartesian axes

     q = (   -0.625000000  -0.500000000   0.125000000 ) 

    1    1
  0.01862852  0.00000000    0.01024870  0.00000000   -0.00019007  0.00000000
  0.01024870  0.00000000    0.01776684  0.00000000    0.00168136  0.00000000
 -0.00019007  0.00000000    0.00168136  0.00000000    0.01631977  0.00000000

     Dynamical  Matrix in cartesian axes

     q = (    0.625000000   0.500000000   0.125000000 ) 

    1    1
  0.01862852  0.00000000    0.01024870  0.00000000    0.00019007  0.00000000
  0.01024870  0.00000000    0.01776684  0.00000000   -0.00168136  0.00000000
  0.00019007  0.00000000   -0.00168136  0.00000000    0.01631977  0.00000000

     Dynamical  Matrix in cartesian axes

     q = (   -0.500000000  -0.625000000  -0.125000000 ) 

    1    1
  0.01776684  0.00000000    0.01024870  0.00000000   -0.00168136  0.00000000
  0.01024870  0.00000000    0.01862852  0.00000000    0.00019007  0.00000000
 -0.00168136  0.00000000    0.00019007  0.00000000    0.01631977  0.00000000

     Dynamical  Matrix in cartesian axes

     q = (    0.500000000  -0.625000000   0.125000000 ) 

    1    1
  0.01776684  0.00000000   -0.01024870  0.00000000   -0.00168136  0.00000000
 -0.01024870  0.00000000    0.01862852  0.00000000   -0.00019007  0.00000000
 -0.00168136  0.00000000   -0.00019007  0.00000000    0.01631977  0.00000000

     Dynamical  Matrix in cartesian axes

     q = (   -0.500000000   0.625000000   0.125000000 ) 

    1    1
  0.01776684  0.00000000   -0.01024870  0.00000000    0.00168136  0.00000000
 -0.01024870  0.00000000    0.01862852  0.00000000    0.00019007  0.00000000
  0.00168136  0.00000000    0.00019007  0.00000000    0.01631977  0.00000000

     Dynamical  Matrix in cartesian axes

     q = (    0.500000000   0.625000000  -0.125000000 ) 

    1    1
  0.01776684  0.00000000    0.01024870  0.00000000    0.00168136  0.00000000
  0.01024870  0.00000000    0.01862852  0.00000000   -0.00019007  0.00000000
  0.00168136  0.00000000   -0.00019007  0.00000000    0.01631977  0.00000000

     Dynamical  Matrix in cartesian axes

     q = (    0.625000000  -0.125000000   0.500000000 ) 

    1    1
  0.01862852  0.00000000   -0.00019007  0.00000000    0.01024870  0.00000000
 -0.00019007  0.00000000    0.01631977  0.00000000    0.00168136  0.00000000
  0.01024870  0.00000000    0.00168136  0.00000000    0.01776684  0.00000000

     Dynamical  Matrix in cartesian axes

     q = (   -0.625000000   0.500000000   0.125000000 ) 

    1    1
  0.01862852  0.00000000   -0.01024870  0.00000000   -0.00019007  0.00000000
 -0.01024870  0.00000000    0.01776684  0.00000000   -0.00168136  0.00000000
 -0.00019007  0.00000000   -0.00168136  0.00000000    0.01631977  0.00000000

     Dynamical  Matrix in cartesian axes

     q = (    0.625000000   0.500000000  -0.125000000 ) 

    1    1
  0.01862852  0.00000000    0.01024870  0.00000000   -0.00019007  0.00000000
  0.01024870  0.00000000    0.01776684  0.00000000    0.00168136  0.00000000
 -0.00019007  0.00000000    0.00168136  0.00000000    0.01631977  0.00000000

     Dynamical  Matrix in cartesian axes

     q = (   -0.625000000  -0.500000000  -0.125000000 ) 

    1    1
  0.01862852  0.00000000    0.01024870  0.00000000    0.00019007  0.00000000
  0.01024870  0.00000000    0.01776684  0.00000000   -0.00168136  0.00000000
  0.00019007  0.00000000   -0.00168136  0.00000000    0.01631977  0.00000000

     Dynamical  Matrix in cartesian axes

     q = (    0.625000000  -0.500000000   0.125000000 ) 

    1    1
  0.01862852  0.00000000   -0.01024870  0.00000000    0.00019007  0.00000000
 -0.01024870  0.00000000    0.01776684  0.00000000    0.00168136  0.00000000
  0.00019007  0.00000000    0.00168136  0.00000000    0.01631977  0.00000000

     Dynamical  Matrix in cartesian axes

     q = (    0.500000000   0.125000000  -0.625000000 ) 

    1    1
  0.01776684  0.00000000   -0.00168136  0.00000000   -0.01024870  0.00000000
 -0.00168136  0.00000000    0.01631977  0.00000000   -0.00019007  0.00000000
 -0.01024870  0.00000000   -0.00019007  0.00000000    0.01862852  0.00000000

     Dynamical  Matrix in cartesian axes

     q = (    0.500000000  -0.125000000   0.625000000 ) 

    1    1
  0.01776684  0.00000000    0.00168136  0.00000000    0.01024870  0.00000000
  0.00168136  0.00000000    0.01631977  0.00000000   -0.00019007  0.00000000
  0.01024870  0.00000000   -0.00019007  0.00000000    0.01862852  0.00000000

     Dynamical  Matrix in cartesian axes

     q = (   -0.500000000  -0.125000000  -0.625000000 ) 

    1    1
  0.01776684  0.00000000   -0.00168136  0.00000000    0.01024870  0.00000000
 -0.00168136  0.00000000    0.01631977  0.00000000    0.00019007  0.00000000
  0.01024870  0.00000000    0.00019007  0.00000000    0.01862852  0.00000000

     Dynamical  Matrix in cartesian axes

     q = (   -0.500000000   0.125000000   0.625000000 ) 

    1    1
  0.01776684  0.00000000    0.00168136  0.00000000   -0.01024870  0.00000000
  0.00168136  0.00000000    0.01631977  0.00000000    0.00019007  0.00000000
 -0.01024870  0.00000000    0.00019007  0.00000000    0.01862852  0.00000000

     Diagonalizing the dynamical matrix

     q = (   -0.125000000   0.625000000  -0.500000000 ) 

 **************************************************************************
     freq (    1) =       1.997911 [THz] =      66.643128 [cm-1]
 (  0.155574 -0.000000  0.678089 -0.000000  0.718326  0.000000 ) 
     freq (    2) =       2.914437 [THz] =      97.215168 [cm-1]
 (  0.984222  0.000000 -0.168452  0.000000 -0.054146  0.000000 ) 
     freq (    3) =       3.839589 [THz] =     128.074889 [cm-1]
 ( -0.084288  0.000000 -0.715415  0.000000  0.693597  0.000000 ) 
 **************************************************************************
