Dynamical matrix file
                                                                           
  1    1  3  8.2356328  0.0000000  0.0000000  0.0000000  0.0000000  0.0000000
           1  'Na  '    20954.103126620943     
    1    1      0.0000000000      0.0000000000      0.0000000000

     Dynamical  Matrix in cartesian axes

     q = (   -0.125000000  -0.250000000   0.375000000 ) 

    1    1
  0.01324696  0.00000000    0.00258185  0.00000000   -0.00579577  0.00000000
  0.00258185  0.00000000    0.01333555  0.00000000   -0.00623794  0.00000000
 -0.00579577  0.00000000   -0.00623794  0.00000000    0.01417817  0.00000000

     Dynamical  Matrix in cartesian axes

     q = (   -0.250000000  -0.125000000   0.375000000 ) 

    1    1
  0.01333555  0.00000000    0.00258185  0.00000000   -0.00623794  0.00000000
  0.00258185  0.00000000    0.01324696  0.00000000   -0.00579577  0.00000000
 -0.00623794  0.00000000   -0.00579577  0.00000000    0.01417817  0.00000000

     Dynamical  Matrix in cartesian axes

     q = (   -0.125000000  -0.375000000   0.250000000 ) 

    1    1
  0.01324696  0.00000000    0.00579577  0.00000000   -0.00258185  0.00000000
  0.00579577  0.00000000    0.01417817  0.00000000   -0.00623794  0.00000000
 -0.00258185  0.00000000   -0.00623794  0.00000000    0.01333555  0.00000000

     Dynamical  Matrix in cartesian axes

     q = (    0.125000000  -0.375000000   0.250000000 ) 

    1    1
  0.01324696  0.00000000   -0.00579577  0.00000000    0.00258185  0.00000000
 -0.00579577  0.00000000    0.01417817  0.00000000   -0.00623794  0.00000000
  0.00258185  0.00000000   -0.00623794  0.00000000    0.01333555  0.00000000

     Dynamical  Matrix in cartesian axes

     q = (   -0.125000000   0.250000000  -0.375000000 ) 

    1    1
  0.01324696  0.00000000   -0.00258185  0.00000000    0.00579577  0.00000000
 -0.00258185  0.00000000    0.01333555  0.00000000   -0.00623794  0.00000000
  0.00579577  0.00000000   -0.00623794  0.00000000    0.01417817  0.00000000

     Dynamical  Matrix in cartesian axes

     q = (   -0.125000000   0.375000000  -0.250000000 ) 

    1    1
  0.01324696  0.00000000   -0.00579577  0.00000000    0.00258185  0.00000000
 -0.00579577  0.00000000    0.01417817  0.00000000   -0.00623794  0.00000000
  0.00258185  0.00000000   -0.00623794  0.00000000    0.01333555  0.00000000

     Dynamical  Matrix in cartesian axes

     q = (    0.125000000   0.250000000  -0.375000000 ) 

    1    1
  0.01324696  0.00000000    0.00258185  0.00000000   -0.00579577  0.00000000
  0.00258185  0.00000000    0.01333555  0.00000000   -0.00623794  0.00000000
 -0.00579577  0.00000000   -0.00623794  0.00000000    0.01417817  0.00000000

     Dynamical  Matrix in cartesian axes

     q = (    0.125000000   0.375000000  -0.250000000 ) 

    1    1
  0.01324696  0.00000000    0.00579577  0.00000000   -0.00258185  0.00000000
  0.00579577  0.00000000    0.01417817  0.00000000   -0.00623794  0.00000000
 -0.00258185  0.00000000   -0.00623794  0.00000000    0.01333555  0.00000000

     Dynamical  Matrix in cartesian axes

     q = (    0.250000000  -0.375000000  -0.125000000 ) 

    1    1
  0.01333555  0.00000000   -0.00623794  0.00000000   -0.00258185  0.00000000
 -0.00623794  0.00000000    0.01417817  0.00000000    0.00579577  0.00000000
 -0.00258185  0.00000000    0.00579577  0.00000000    0.01324696  0.00000000

     Dynamical  Matrix in cartesian axes

     q = (   -0.375000000   0.125000000  -0.250000000 ) 

    1    1
  0.01417817  0.00000000   -0.00579577  0.00000000    0.00623794  0.00000000
 -0.00579577  0.00000000    0.01324696  0.00000000   -0.00258185  0.00000000
  0.00623794  0.00000000   -0.00258185  0.00000000    0.01333555  0.00000000

     Dynamical  Matrix in cartesian axes

     q = (    0.375000000   0.125000000   0.250000000 ) 

    1    1
  0.01417817  0.00000000    0.00579577  0.00000000    0.00623794  0.00000000
  0.00579577  0.00000000    0.01324696  0.00000000    0.00258185  0.00000000
  0.00623794  0.00000000    0.00258185  0.00000000    0.01333555  0.00000000

     Dynamical  Matrix in cartesian axes

     q = (    0.250000000   0.125000000   0.375000000 ) 

    1    1
  0.01333555  0.00000000    0.00258185  0.00000000    0.00623794  0.00000000
  0.00258185  0.00000000    0.01324696  0.00000000    0.00579577  0.00000000
  0.00623794  0.00000000    0.00579577  0.00000000    0.01417817  0.00000000

     Dynamical  Matrix in cartesian axes

     q = (   -0.375000000  -0.125000000   0.250000000 ) 

    1    1
  0.01417817  0.00000000    0.00579577  0.00000000   -0.00623794  0.00000000
  0.00579577  0.00000000    0.01324696  0.00000000   -0.00258185  0.00000000
 -0.00623794  0.00000000   -0.00258185  0.00000000    0.01333555  0.00000000

     Dynamical  Matrix in cartesian axes

     q = (    0.375000000  -0.125000000  -0.250000000 ) 

    1    1
  0.01417817  0.00000000   -0.00579577  0.00000000   -0.00623794  0.00000000
 -0.00579577  0.00000000    0.01324696  0.00000000    0.00258185  0.00000000
 -0.00623794  0.00000000    0.00258185  0.00000000    0.01333555  0.00000000

     Dynamical  Matrix in cartesian axes

     q = (    0.125000000  -0.250000000  -0.375000000 ) 

    1    1
  0.01324696  0.00000000   -0.00258185  0.00000000   -0.00579577  0.00000000
 -0.00258185  0.00000000    0.01333555  0.00000000    0.00623794  0.00000000
 -0.00579577  0.00000000    0.00623794  0.00000000    0.01417817  0.00000000

     Dynamical  Matrix in cartesian axes

     q = (    0.250000000  -0.125000000  -0.375000000 ) 

    1    1
  0.01333555  0.00000000   -0.00258185  0.00000000   -0.00623794  0.00000000
 -0.00258185  0.00000000    0.01324696  0.00000000    0.00579577  0.00000000
 -0.00623794  0.00000000    0.00579577  0.00000000    0.01417817  0.00000000

     Dynamical  Matrix in cartesian axes

     q = (   -0.250000000   0.125000000  -0.375000000 ) 

    1    1
  0.01333555  0.00000000   -0.00258185  0.00000000    0.00623794  0.00000000
 -0.00258185  0.00000000    0.01324696  0.00000000   -0.00579577  0.00000000
  0.00623794  0.00000000   -0.00579577  0.00000000    0.01417817  0.00000000

     Dynamical  Matrix in cartesian axes

     q = (   -0.375000000  -0.250000000   0.125000000 ) 

    1    1
  0.01417817  0.00000000    0.00623794  0.00000000   -0.00579577  0.00000000
  0.00623794  0.00000000    0.01333555  0.00000000   -0.00258185  0.00000000
 -0.00579577  0.00000000   -0.00258185  0.00000000    0.01324696  0.00000000

     Dynamical  Matrix in cartesian axes

     q = (   -0.375000000   0.250000000  -0.125000000 ) 

    1    1
  0.01417817  0.00000000   -0.00623794  0.00000000    0.00579577  0.00000000
 -0.00623794  0.00000000    0.01333555  0.00000000   -0.00258185  0.00000000
  0.00579577  0.00000000   -0.00258185  0.00000000    0.01324696  0.00000000

     Dynamical  Matrix in cartesian axes

     q = (    0.375000000   0.250000000   0.125000000 ) 

    1    1
  0.01417817  0.00000000    0.00623794  0.00000000    0.00579577  0.00000000
  0.00623794  0.00000000    0.01333555  0.00000000    0.00258185  0.00000000
  0.00579577  0.00000000    0.00258185  0.00000000    0.01324696  0.00000000

     Dynamical  Matrix in cartesian axes

     q = (    0.250000000  -0.125000000   0.375000000 ) 

    1    1
  0.01333555  0.00000000   -0.00258185  0.00000000    0.00623794  0.00000000
 -0.00258185  0.00000000    0.01324696  0.00000000   -0.00579577  0.00000000
  0.00623794  0.00000000   -0.00579577  0.00000000    0.01417817  0.00000000

     Dynamical  Matrix in cartesian axes

     q = (   -0.250000000   0.375000000  -0.125000000 ) 

    1    1
  0.01333555  0.00000000   -0.00623794  0.00000000    0.00258185  0.00000000
 -0.00623794  0.00000000    0.01417817  0.00000000   -0.00579577  0.00000000
  0.00258185  0.00000000   -0.00579577  0.00000000    0.01324696  0.00000000

     Dynamical  Matrix in cartesian axes

     q = (    0.125000000  -0.375000000  -0.250000000 ) 

    1    1
  0.01324696  0.00000000   -0.00579577  0.00000000   -0.00258185  0.00000000
 -0.00579577  0.00000000    0.01417817  0.00000000    0.00623794  0.00000000
 -0.00258185  0.00000000    0.00623794  0.00000000    0.01333555  0.00000000

     Dynamical  Matrix in cartesian axes

     q = (    0.125000000   0.375000000   0.250000000 ) 

    1    1
  0.01324696  0.00000000    0.00579577  0.00000000    0.00258185  0.00000000
  0.00579577  0.00000000    0.01417817  0.00000000    0.00623794  0.00000000
  0.00258185  0.00000000    0.00623794  0.00000000    0.01333555  0.00000000

     Dynamical  Matrix in cartesian axes

     q = (    0.250000000   0.125000000  -0.375000000 ) 

    1    1
  0.01333555  0.00000000    0.00258185  0.00000000   -0.00623794  0.00000000
  0.00258185  0.00000000    0.01324696  0.00000000   -0.00579577  0.00000000
 -0.00623794  0.00000000   -0.00579577  0.00000000    0.01417817  0.00000000

     Dynamical  Matrix in cartesian axes

     q = (   -0.125000000  -0.250000000  -0.375000000 ) 

    1    1
  0.01324696  0.00000000    0.00258185  0.00000000    0.00579577  0.00000000
  0.00258185  0.00000000    0.01333555  0.00000000    0.00623794  0.00000000
  0.00579577  0.00000000    0.00623794  0.00000000    0.01417817  0.00000000

     Dynamical  Matrix in cartesian axes

     q = (   -0.250000000   0.125000000   0.375000000 ) 

    1    1
  0.01333555  0.00000000   -0.00258185  0.00000000   -0.00623794  0.00000000
 -0.00258185  0.00000000    0.01324696  0.00000000    0.00579577  0.00000000
 -0.00623794  0.00000000    0.00579577  0.00000000    0.01417817  0.00000000

     Dynamical  Matrix in cartesian axes

     q = (   -0.125000000   0.375000000   0.250000000 ) 

    1    1
  0.01324696  0.00000000   -0.00579577  0.00000000   -0.00258185  0.00000000
 -0.00579577  0.00000000    0.01417817  0.00000000    0.00623794  0.00000000
 -0.00258185  0.00000000    0.00623794  0.00000000    0.01333555  0.00000000

     Dynamical  Matrix in cartesian axes

     q = (   -0.125000000   0.250000000   0.375000000 ) 

    1    1
  0.01324696  0.00000000   -0.00258185  0.00000000   -0.00579577  0.00000000
 -0.00258185  0.00000000    0.01333555  0.00000000    0.00623794  0.00000000
 -0.00579577  0.00000000    0.00623794  0.00000000    0.01417817  0.00000000

     Dynamical  Matrix in cartesian axes

     q = (    0.125000000  -0.250000000   0.375000000 ) 

    1    1
  0.01324696  0.00000000   -0.00258185  0.00000000    0.00579577  0.00000000
 -0.00258185  0.00000000    0.01333555  0.00000000   -0.00623794  0.00000000
  0.00579577  0.00000000   -0.00623794  0.00000000    0.01417817  0.00000000

     Dynamical  Matrix in cartesian axes

     q = (   -0.125000000  -0.375000000  -0.250000000 ) 

    1    1
  0.01324696  0.00000000    0.00579577  0.00000000    0.00258185  0.00000000
  0.00579577  0.00000000    0.01417817  0.00000000    0.00623794  0.00000000
  0.00258185  0.00000000    0.00623794  0.00000000    0.01333555  0.00000000

     Dynamical  Matrix in cartesian axes

     q = (    0.125000000   0.250000000   0.375000000 ) 

    1    1
  0.01324696  0.00000000    0.00258185  0.00000000    0.00579577  0.00000000
  0.00258185  0.00000000    0.01333555  0.00000000    0.00623794  0.00000000
  0.00579577  0.00000000    0.00623794  0.00000000    0.01417817  0.00000000

     Dynamical  Matrix in cartesian axes

     q = (    0.375000000  -0.250000000  -0.125000000 ) 

    1    1
  0.01417817  0.00000000   -0.00623794  0.00000000   -0.00579577  0.00000000
 -0.00623794  0.00000000    0.01333555  0.00000000    0.00258185  0.00000000
 -0.00579577  0.00000000    0.00258185  0.00000000    0.01324696  0.00000000

     Dynamical  Matrix in cartesian axes

     q = (    0.250000000   0.375000000   0.125000000 ) 

    1    1
  0.01333555  0.00000000    0.00623794  0.00000000    0.00258185  0.00000000
  0.00623794  0.00000000    0.01417817  0.00000000    0.00579577  0.00000000
  0.00258185  0.00000000    0.00579577  0.00000000    0.01324696  0.00000000

     Dynamical  Matrix in cartesian axes

     q = (   -0.250000000  -0.375000000   0.125000000 ) 

    1    1
  0.01333555  0.00000000    0.00623794  0.00000000   -0.00258185  0.00000000
  0.00623794  0.00000000    0.01417817  0.00000000   -0.00579577  0.00000000
 -0.00258185  0.00000000   -0.00579577  0.00000000    0.01324696  0.00000000

     Dynamical  Matrix in cartesian axes

     q = (    0.375000000   0.250000000  -0.125000000 ) 

    1    1
  0.01417817  0.00000000    0.00623794  0.00000000   -0.00579577  0.00000000
  0.00623794  0.00000000    0.01333555  0.00000000   -0.00258185  0.00000000
 -0.00579577  0.00000000   -0.00258185  0.00000000    0.01324696  0.00000000

     Dynamical  Matrix in cartesian axes

     q = (   -0.375000000   0.250000000   0.125000000 ) 

    1    1
  0.01417817  0.00000000   -0.00623794  0.00000000   -0.00579577  0.00000000
 -0.00623794  0.00000000    0.01333555  0.00000000    0.00258185  0.00000000
 -0.00579577  0.00000000    0.00258185  0.00000000    0.01324696  0.00000000

     Dynamical  Matrix in cartesian axes

     q = (    0.375000000  -0.250000000   0.125000000 ) 

    1    1
  0.01417817  0.00000000   -0.00623794  0.00000000    0.00579577  0.00000000
 -0.00623794  0.00000000    0.01333555  0.00000000   -0.00258185  0.00000000
  0.00579577  0.00000000   -0.00258185  0.00000000    0.01324696  0.00000000

     Dynamical  Matrix in cartesian axes

     q = (   -0.375000000  -0.250000000  -0.125000000 ) 

    1    1
  0.01417817  0.00000000    0.00623794  0.00000000    0.00579577  0.00000000
  0.00623794  0.00000000    0.01333555  0.00000000    0.00258185  0.00000000
  0.00579577  0.00000000    0.00258185  0.00000000    0.01324696  0.00000000

     Dynamical  Matrix in cartesian axes

     q = (   -0.250000000  -0.125000000  -0.375000000 ) 

    1    1
  0.01333555  0.00000000    0.00258185  0.00000000    0.00623794  0.00000000
  0.00258185  0.00000000    0.01324696  0.00000000    0.00579577  0.00000000
  0.00623794  0.00000000    0.00579577  0.00000000    0.01417817  0.00000000

     Dynamical  Matrix in cartesian axes

     q = (    0.250000000  -0.375000000   0.125000000 ) 

    1    1
  0.01333555  0.00000000   -0.00623794  0.00000000    0.00258185  0.00000000
 -0.00623794  0.00000000    0.01417817  0.00000000   -0.00579577  0.00000000
  0.00258185  0.00000000   -0.00579577  0.00000000    0.01324696  0.00000000

     Dynamical  Matrix in cartesian axes

     q = (   -0.250000000  -0.375000000  -0.125000000 ) 

    1    1
  0.01333555  0.00000000    0.00623794  0.00000000    0.00258185  0.00000000
  0.00623794  0.00000000    0.01417817  0.00000000    0.00579577  0.00000000
  0.00258185  0.00000000    0.00579577  0.00000000    0.01324696  0.00000000

     Dynamical  Matrix in cartesian axes

     q = (    0.250000000   0.375000000  -0.125000000 ) 

    1    1
  0.01333555  0.00000000    0.00623794  0.00000000   -0.00258185  0.00000000
  0.00623794  0.00000000    0.01417817  0.00000000   -0.00579577  0.00000000
 -0.00258185  0.00000000   -0.00579577  0.00000000    0.01324696  0.00000000

     Dynamical  Matrix in cartesian axes

     q = (   -0.250000000   0.375000000   0.125000000 ) 

    1    1
  0.01333555  0.00000000   -0.00623794  0.00000000   -0.00258185  0.00000000
 -0.00623794  0.00000000    0.01417817  0.00000000    0.00579577  0.00000000
 -0.00258185  0.00000000    0.00579577  0.00000000    0.01324696  0.00000000

     Dynamical  Matrix in cartesian axes

     q = (   -0.375000000   0.125000000   0.250000000 ) 

    1    1
  0.01417817  0.00000000   -0.00579577  0.00000000   -0.00623794  0.00000000
 -0.00579577  0.00000000    0.01324696  0.00000000    0.00258185  0.00000000
 -0.00623794  0.00000000    0.00258185  0.00000000    0.01333555  0.00000000

     Dynamical  Matrix in cartesian axes

     q = (   -0.375000000  -0.125000000  -0.250000000 ) 

    1    1
  0.01417817  0.00000000    0.00579577  0.00000000    0.00623794  0.00000000
  0.00579577  0.00000000    0.01324696  0.00000000    0.00258185  0.00000000
  0.00623794  0.00000000    0.00258185  0.00000000    0.01333555  0.00000000

     Dynamical  Matrix in cartesian axes

     q = (    0.375000000  -0.125000000   0.250000000 ) 

    1    1
  0.01417817  0.00000000   -0.00579577  0.00000000    0.00623794  0.00000000
 -0.00579577  0.00000000    0.01324696  0.00000000   -0.00258185  0.00000000
  0.00623794  0.00000000   -0.00258185  0.00000000    0.01333555  0.00000000

     Dynamical  Matrix in cartesian axes

     q = (    0.375000000   0.125000000  -0.250000000 ) 

    1    1
  0.01417817  0.00000000    0.00579577  0.00000000   -0.00623794  0.00000000
  0.00579577  0.00000000    0.01324696  0.00000000   -0.00258185  0.00000000
 -0.00623794  0.00000000   -0.00258185  0.00000000    0.01333555  0.00000000

     Diagonalizing the dynamical matrix

     q = (   -0.125000000  -0.250000000   0.375000000 ) 

 **************************************************************************
     freq (    1) =       1.827335 [THz] =      60.953320 [cm-1]
 (  0.440037 -0.000000  0.507335 -0.000000  0.740931  0.000000 ) 
     freq (    2) =       2.352478 [THz] =      78.470222 [cm-1]
 (  0.738642  0.000000 -0.673717  0.000000  0.022633  0.000000 ) 
     freq (    3) =       3.490001 [THz] =     116.413905 [cm-1]
 ( -0.510661  0.000000 -0.537324  0.000000  0.671200  0.000000 ) 
 **************************************************************************
