Dynamical matrix file
                                                                           
  1    1  3  7.2693199  0.0000000  0.0000000  0.0000000  0.0000000  0.0000000
           1  'Na  '    20954.103126620943     
    1    1      0.0000000000      0.0000000000      0.0000000000

     Dynamical  Matrix in cartesian axes

     q = (   -0.125000000   0.625000000  -0.500000000 ) 

    1    1
  0.02751682  0.00000000    0.00104429  0.00000000   -0.00617706  0.00000000
  0.00104429  0.00000000    0.03707407  0.00000000   -0.02463902  0.00000000
 -0.00617706  0.00000000   -0.02463902  0.00000000    0.03826946  0.00000000

     Dynamical  Matrix in cartesian axes

     q = (    0.625000000  -0.125000000  -0.500000000 ) 

    1    1
  0.03707407  0.00000000    0.00104429  0.00000000   -0.02463902  0.00000000
  0.00104429  0.00000000    0.02751682  0.00000000   -0.00617706  0.00000000
 -0.02463902  0.00000000   -0.00617706  0.00000000    0.03826946  0.00000000

     Dynamical  Matrix in cartesian axes

     q = (   -0.125000000   0.500000000  -0.625000000 ) 

    1    1
  0.02751682  0.00000000    0.00617706  0.00000000   -0.00104429  0.00000000
  0.00617706  0.00000000    0.03826946  0.00000000   -0.02463902  0.00000000
 -0.00104429  0.00000000   -0.02463902  0.00000000    0.03707407  0.00000000

     Dynamical  Matrix in cartesian axes

     q = (    0.125000000   0.500000000  -0.625000000 ) 

    1    1
  0.02751682  0.00000000   -0.00617706  0.00000000    0.00104429  0.00000000
 -0.00617706  0.00000000    0.03826946  0.00000000   -0.02463902  0.00000000
  0.00104429  0.00000000   -0.02463902  0.00000000    0.03707407  0.00000000

     Dynamical  Matrix in cartesian axes

     q = (   -0.125000000  -0.625000000   0.500000000 ) 

    1    1
  0.02751682  0.00000000   -0.00104429  0.00000000    0.00617706  0.00000000
 -0.00104429  0.00000000    0.03707407  0.00000000   -0.02463902  0.00000000
  0.00617706  0.00000000   -0.02463902  0.00000000    0.03826946  0.00000000

     Dynamical  Matrix in cartesian axes

     q = (   -0.125000000  -0.500000000   0.625000000 ) 

    1    1
  0.02751682  0.00000000   -0.00617706  0.00000000    0.00104429  0.00000000
 -0.00617706  0.00000000    0.03826946  0.00000000   -0.02463902  0.00000000
  0.00104429  0.00000000   -0.02463902  0.00000000    0.03707407  0.00000000

     Dynamical  Matrix in cartesian axes

     q = (    0.125000000  -0.625000000   0.500000000 ) 

    1    1
  0.02751682  0.00000000    0.00104429  0.00000000   -0.00617706  0.00000000
  0.00104429  0.00000000    0.03707407  0.00000000   -0.02463902  0.00000000
 -0.00617706  0.00000000   -0.02463902  0.00000000    0.03826946  0.00000000

     Dynamical  Matrix in cartesian axes

     q = (    0.125000000  -0.500000000   0.625000000 ) 

    1    1
  0.02751682  0.00000000    0.00617706  0.00000000   -0.00104429  0.00000000
  0.00617706  0.00000000    0.03826946  0.00000000   -0.02463902  0.00000000
 -0.00104429  0.00000000   -0.02463902  0.00000000    0.03707407  0.00000000

     Dynamical  Matrix in cartesian axes

     q = (   -0.625000000   0.500000000  -0.125000000 ) 

    1    1
  0.03707407  0.00000000   -0.02463902  0.00000000   -0.00104429  0.00000000
 -0.02463902  0.00000000    0.03826946  0.00000000    0.00617706  0.00000000
 -0.00104429  0.00000000    0.00617706  0.00000000    0.02751682  0.00000000

     Dynamical  Matrix in cartesian axes

     q = (    0.500000000   0.125000000   0.625000000 ) 

    1    1
  0.03826946  0.00000000   -0.00617706  0.00000000    0.02463902  0.00000000
 -0.00617706  0.00000000    0.02751682  0.00000000   -0.00104429  0.00000000
  0.02463902  0.00000000   -0.00104429  0.00000000    0.03707407  0.00000000

     Dynamical  Matrix in cartesian axes

     q = (   -0.500000000   0.125000000  -0.625000000 ) 

    1    1
  0.03826946  0.00000000    0.00617706  0.00000000    0.02463902  0.00000000
  0.00617706  0.00000000    0.02751682  0.00000000    0.00104429  0.00000000
  0.02463902  0.00000000    0.00104429  0.00000000    0.03707407  0.00000000

     Dynamical  Matrix in cartesian axes

     q = (   -0.625000000   0.125000000  -0.500000000 ) 

    1    1
  0.03707407  0.00000000    0.00104429  0.00000000    0.02463902  0.00000000
  0.00104429  0.00000000    0.02751682  0.00000000    0.00617706  0.00000000
  0.02463902  0.00000000    0.00617706  0.00000000    0.03826946  0.00000000

     Dynamical  Matrix in cartesian axes

     q = (    0.500000000  -0.125000000  -0.625000000 ) 

    1    1
  0.03826946  0.00000000    0.00617706  0.00000000   -0.02463902  0.00000000
  0.00617706  0.00000000    0.02751682  0.00000000   -0.00104429  0.00000000
 -0.02463902  0.00000000   -0.00104429  0.00000000    0.03707407  0.00000000

     Dynamical  Matrix in cartesian axes

     q = (   -0.500000000  -0.125000000   0.625000000 ) 

    1    1
  0.03826946  0.00000000   -0.00617706  0.00000000   -0.02463902  0.00000000
 -0.00617706  0.00000000    0.02751682  0.00000000    0.00104429  0.00000000
 -0.02463902  0.00000000    0.00104429  0.00000000    0.03707407  0.00000000

     Dynamical  Matrix in cartesian axes

     q = (    0.125000000   0.625000000   0.500000000 ) 

    1    1
  0.02751682  0.00000000   -0.00104429  0.00000000   -0.00617706  0.00000000
 -0.00104429  0.00000000    0.03707407  0.00000000    0.02463902  0.00000000
 -0.00617706  0.00000000    0.02463902  0.00000000    0.03826946  0.00000000

     Dynamical  Matrix in cartesian axes

     q = (   -0.625000000  -0.125000000   0.500000000 ) 

    1    1
  0.03707407  0.00000000   -0.00104429  0.00000000   -0.02463902  0.00000000
 -0.00104429  0.00000000    0.02751682  0.00000000    0.00617706  0.00000000
 -0.02463902  0.00000000    0.00617706  0.00000000    0.03826946  0.00000000

     Dynamical  Matrix in cartesian axes

     q = (    0.625000000   0.125000000   0.500000000 ) 

    1    1
  0.03707407  0.00000000   -0.00104429  0.00000000    0.02463902  0.00000000
 -0.00104429  0.00000000    0.02751682  0.00000000   -0.00617706  0.00000000
  0.02463902  0.00000000   -0.00617706  0.00000000    0.03826946  0.00000000

     Dynamical  Matrix in cartesian axes

     q = (    0.500000000   0.625000000   0.125000000 ) 

    1    1
  0.03826946  0.00000000    0.02463902  0.00000000   -0.00617706  0.00000000
  0.02463902  0.00000000    0.03707407  0.00000000   -0.00104429  0.00000000
 -0.00617706  0.00000000   -0.00104429  0.00000000    0.02751682  0.00000000

     Dynamical  Matrix in cartesian axes

     q = (    0.500000000  -0.625000000  -0.125000000 ) 

    1    1
  0.03826946  0.00000000   -0.02463902  0.00000000    0.00617706  0.00000000
 -0.02463902  0.00000000    0.03707407  0.00000000   -0.00104429  0.00000000
  0.00617706  0.00000000   -0.00104429  0.00000000    0.02751682  0.00000000

     Dynamical  Matrix in cartesian axes

     q = (   -0.500000000  -0.625000000   0.125000000 ) 

    1    1
  0.03826946  0.00000000    0.02463902  0.00000000    0.00617706  0.00000000
  0.02463902  0.00000000    0.03707407  0.00000000    0.00104429  0.00000000
  0.00617706  0.00000000    0.00104429  0.00000000    0.02751682  0.00000000

     Dynamical  Matrix in cartesian axes

     q = (   -0.625000000  -0.125000000  -0.500000000 ) 

    1    1
  0.03707407  0.00000000   -0.00104429  0.00000000    0.02463902  0.00000000
 -0.00104429  0.00000000    0.02751682  0.00000000   -0.00617706  0.00000000
  0.02463902  0.00000000   -0.00617706  0.00000000    0.03826946  0.00000000

     Dynamical  Matrix in cartesian axes

     q = (    0.625000000  -0.500000000  -0.125000000 ) 

    1    1
  0.03707407  0.00000000   -0.02463902  0.00000000    0.00104429  0.00000000
 -0.02463902  0.00000000    0.03826946  0.00000000   -0.00617706  0.00000000
  0.00104429  0.00000000   -0.00617706  0.00000000    0.02751682  0.00000000

     Dynamical  Matrix in cartesian axes

     q = (    0.125000000   0.500000000   0.625000000 ) 

    1    1
  0.02751682  0.00000000   -0.00617706  0.00000000   -0.00104429  0.00000000
 -0.00617706  0.00000000    0.03826946  0.00000000    0.02463902  0.00000000
 -0.00104429  0.00000000    0.02463902  0.00000000    0.03707407  0.00000000

     Dynamical  Matrix in cartesian axes

     q = (    0.125000000  -0.500000000  -0.625000000 ) 

    1    1
  0.02751682  0.00000000    0.00617706  0.00000000    0.00104429  0.00000000
  0.00617706  0.00000000    0.03826946  0.00000000    0.02463902  0.00000000
  0.00104429  0.00000000    0.02463902  0.00000000    0.03707407  0.00000000

     Dynamical  Matrix in cartesian axes

     q = (   -0.625000000   0.125000000   0.500000000 ) 

    1    1
  0.03707407  0.00000000    0.00104429  0.00000000   -0.02463902  0.00000000
  0.00104429  0.00000000    0.02751682  0.00000000   -0.00617706  0.00000000
 -0.02463902  0.00000000   -0.00617706  0.00000000    0.03826946  0.00000000

     Dynamical  Matrix in cartesian axes

     q = (   -0.125000000   0.625000000   0.500000000 ) 

    1    1
  0.02751682  0.00000000    0.00104429  0.00000000    0.00617706  0.00000000
  0.00104429  0.00000000    0.03707407  0.00000000    0.02463902  0.00000000
  0.00617706  0.00000000    0.02463902  0.00000000    0.03826946  0.00000000

     Dynamical  Matrix in cartesian axes

     q = (    0.625000000   0.125000000  -0.500000000 ) 

    1    1
  0.03707407  0.00000000   -0.00104429  0.00000000   -0.02463902  0.00000000
 -0.00104429  0.00000000    0.02751682  0.00000000    0.00617706  0.00000000
 -0.02463902  0.00000000    0.00617706  0.00000000    0.03826946  0.00000000

     Dynamical  Matrix in cartesian axes

     q = (   -0.125000000  -0.500000000  -0.625000000 ) 

    1    1
  0.02751682  0.00000000   -0.00617706  0.00000000   -0.00104429  0.00000000
 -0.00617706  0.00000000    0.03826946  0.00000000    0.02463902  0.00000000
 -0.00104429  0.00000000    0.02463902  0.00000000    0.03707407  0.00000000

     Dynamical  Matrix in cartesian axes

     q = (   -0.125000000  -0.625000000  -0.500000000 ) 

    1    1
  0.02751682  0.00000000   -0.00104429  0.00000000   -0.00617706  0.00000000
 -0.00104429  0.00000000    0.03707407  0.00000000    0.02463902  0.00000000
 -0.00617706  0.00000000    0.02463902  0.00000000    0.03826946  0.00000000

     Dynamical  Matrix in cartesian axes

     q = (    0.125000000   0.625000000  -0.500000000 ) 

    1    1
  0.02751682  0.00000000   -0.00104429  0.00000000    0.00617706  0.00000000
 -0.00104429  0.00000000    0.03707407  0.00000000   -0.02463902  0.00000000
  0.00617706  0.00000000   -0.02463902  0.00000000    0.03826946  0.00000000

     Dynamical  Matrix in cartesian axes

     q = (   -0.125000000   0.500000000   0.625000000 ) 

    1    1
  0.02751682  0.00000000    0.00617706  0.00000000    0.00104429  0.00000000
  0.00617706  0.00000000    0.03826946  0.00000000    0.02463902  0.00000000
  0.00104429  0.00000000    0.02463902  0.00000000    0.03707407  0.00000000

     Dynamical  Matrix in cartesian axes

     q = (    0.125000000  -0.625000000  -0.500000000 ) 

    1    1
  0.02751682  0.00000000    0.00104429  0.00000000    0.00617706  0.00000000
  0.00104429  0.00000000    0.03707407  0.00000000    0.02463902  0.00000000
  0.00617706  0.00000000    0.02463902  0.00000000    0.03826946  0.00000000

     Dynamical  Matrix in cartesian axes

     q = (   -0.500000000   0.625000000  -0.125000000 ) 

    1    1
  0.03826946  0.00000000   -0.02463902  0.00000000   -0.00617706  0.00000000
 -0.02463902  0.00000000    0.03707407  0.00000000    0.00104429  0.00000000
 -0.00617706  0.00000000    0.00104429  0.00000000    0.02751682  0.00000000

     Dynamical  Matrix in cartesian axes

     q = (   -0.625000000  -0.500000000   0.125000000 ) 

    1    1
  0.03707407  0.00000000    0.02463902  0.00000000    0.00104429  0.00000000
  0.02463902  0.00000000    0.03826946  0.00000000    0.00617706  0.00000000
  0.00104429  0.00000000    0.00617706  0.00000000    0.02751682  0.00000000

     Dynamical  Matrix in cartesian axes

     q = (    0.625000000   0.500000000   0.125000000 ) 

    1    1
  0.03707407  0.00000000    0.02463902  0.00000000   -0.00104429  0.00000000
  0.02463902  0.00000000    0.03826946  0.00000000   -0.00617706  0.00000000
 -0.00104429  0.00000000   -0.00617706  0.00000000    0.02751682  0.00000000

     Dynamical  Matrix in cartesian axes

     q = (   -0.500000000  -0.625000000  -0.125000000 ) 

    1    1
  0.03826946  0.00000000    0.02463902  0.00000000   -0.00617706  0.00000000
  0.02463902  0.00000000    0.03707407  0.00000000   -0.00104429  0.00000000
 -0.00617706  0.00000000   -0.00104429  0.00000000    0.02751682  0.00000000

     Dynamical  Matrix in cartesian axes

     q = (    0.500000000  -0.625000000   0.125000000 ) 

    1    1
  0.03826946  0.00000000   -0.02463902  0.00000000   -0.00617706  0.00000000
 -0.02463902  0.00000000    0.03707407  0.00000000    0.00104429  0.00000000
 -0.00617706  0.00000000    0.00104429  0.00000000    0.02751682  0.00000000

     Dynamical  Matrix in cartesian axes

     q = (   -0.500000000   0.625000000   0.125000000 ) 

    1    1
  0.03826946  0.00000000   -0.02463902  0.00000000    0.00617706  0.00000000
 -0.02463902  0.00000000    0.03707407  0.00000000   -0.00104429  0.00000000
  0.00617706  0.00000000   -0.00104429  0.00000000    0.02751682  0.00000000

     Dynamical  Matrix in cartesian axes

     q = (    0.500000000   0.625000000  -0.125000000 ) 

    1    1
  0.03826946  0.00000000    0.02463902  0.00000000    0.00617706  0.00000000
  0.02463902  0.00000000    0.03707407  0.00000000    0.00104429  0.00000000
  0.00617706  0.00000000    0.00104429  0.00000000    0.02751682  0.00000000

     Dynamical  Matrix in cartesian axes

     q = (    0.625000000  -0.125000000   0.500000000 ) 

    1    1
  0.03707407  0.00000000    0.00104429  0.00000000    0.02463902  0.00000000
  0.00104429  0.00000000    0.02751682  0.00000000    0.00617706  0.00000000
  0.02463902  0.00000000    0.00617706  0.00000000    0.03826946  0.00000000

     Dynamical  Matrix in cartesian axes

     q = (   -0.625000000   0.500000000   0.125000000 ) 

    1    1
  0.03707407  0.00000000   -0.02463902  0.00000000    0.00104429  0.00000000
 -0.02463902  0.00000000    0.03826946  0.00000000   -0.00617706  0.00000000
  0.00104429  0.00000000   -0.00617706  0.00000000    0.02751682  0.00000000

     Dynamical  Matrix in cartesian axes

     q = (    0.625000000   0.500000000  -0.125000000 ) 

    1    1
  0.03707407  0.00000000    0.02463902  0.00000000    0.00104429  0.00000000
  0.02463902  0.00000000    0.03826946  0.00000000    0.00617706  0.00000000
  0.00104429  0.00000000    0.00617706  0.00000000    0.02751682  0.00000000

     Dynamical  Matrix in cartesian axes

     q = (   -0.625000000  -0.500000000  -0.125000000 ) 

    1    1
  0.03707407  0.00000000    0.02463902  0.00000000   -0.00104429  0.00000000
  0.02463902  0.00000000    0.03826946  0.00000000   -0.00617706  0.00000000
 -0.00104429  0.00000000   -0.00617706  0.00000000    0.02751682  0.00000000

     Dynamical  Matrix in cartesian axes

     q = (    0.625000000  -0.500000000   0.125000000 ) 

    1    1
  0.03707407  0.00000000   -0.02463902  0.00000000   -0.00104429  0.00000000
 -0.02463902  0.00000000    0.03826946  0.00000000    0.00617706  0.00000000
 -0.00104429  0.00000000    0.00617706  0.00000000    0.02751682  0.00000000

     Dynamical  Matrix in cartesian axes

     q = (    0.500000000   0.125000000  -0.625000000 ) 

    1    1
  0.03826946  0.00000000   -0.00617706  0.00000000   -0.02463902  0.00000000
 -0.00617706  0.00000000    0.02751682  0.00000000    0.00104429  0.00000000
 -0.02463902  0.00000000    0.00104429  0.00000000    0.03707407  0.00000000

     Dynamical  Matrix in cartesian axes

     q = (    0.500000000  -0.125000000   0.625000000 ) 

    1    1
  0.03826946  0.00000000    0.00617706  0.00000000    0.02463902  0.00000000
  0.00617706  0.00000000    0.02751682  0.00000000    0.00104429  0.00000000
  0.02463902  0.00000000    0.00104429  0.00000000    0.03707407  0.00000000

     Dynamical  Matrix in cartesian axes

     q = (   -0.500000000  -0.125000000  -0.625000000 ) 

    1    1
  0.03826946  0.00000000   -0.00617706  0.00000000    0.02463902  0.00000000
 -0.00617706  0.00000000    0.02751682  0.00000000   -0.00104429  0.00000000
  0.02463902  0.00000000   -0.00104429  0.00000000    0.03707407  0.00000000

     Dynamical  Matrix in cartesian axes

     q = (   -0.500000000   0.125000000   0.625000000 ) 

    1    1
  0.03826946  0.00000000    0.00617706  0.00000000   -0.02463902  0.00000000
  0.00617706  0.00000000    0.02751682  0.00000000   -0.00104429  0.00000000
 -0.02463902  0.00000000   -0.00104429  0.00000000    0.03707407  0.00000000

     Diagonalizing the dynamical matrix

     q = (   -0.125000000   0.625000000  -0.500000000 ) 

 **************************************************************************
     freq (    1) =       2.506864 [THz] =      83.619972 [cm-1]
 (  0.233937 -0.000000  0.678780 -0.000000  0.696082  0.000000 ) 
     freq (    2) =       3.777324 [THz] =     125.997956 [cm-1]
 (  0.961475  0.000000 -0.267818  0.000000 -0.061968  0.000000 ) 
     freq (    3) =       5.707551 [THz] =     190.383400 [cm-1]
 ( -0.144361  0.000000 -0.683762  0.000000  0.715283  0.000000 ) 
 **************************************************************************
