Dynamical matrix file
                                                                           
  1    1  3  7.2693199  0.0000000  0.0000000  0.0000000  0.0000000  0.0000000
           1  'Na  '    20954.103126620943     
    1    1      0.0000000000      0.0000000000      0.0000000000

     Dynamical  Matrix in cartesian axes

     q = (   -0.125000000  -0.250000000   0.375000000 ) 

    1    1
  0.01924198  0.00000000    0.00256800  0.00000000   -0.00718651  0.00000000
  0.00256800  0.00000000    0.02376151  0.00000000   -0.01727321  0.00000000
 -0.00718651  0.00000000   -0.01727321  0.00000000    0.02729127  0.00000000

     Dynamical  Matrix in cartesian axes

     q = (   -0.250000000  -0.125000000   0.375000000 ) 

    1    1
  0.02376151  0.00000000    0.00256800  0.00000000   -0.01727321  0.00000000
  0.00256800  0.00000000    0.01924198  0.00000000   -0.00718651  0.00000000
 -0.01727321  0.00000000   -0.00718651  0.00000000    0.02729127  0.00000000

     Dynamical  Matrix in cartesian axes

     q = (   -0.125000000  -0.375000000   0.250000000 ) 

    1    1
  0.01924198  0.00000000    0.00718651  0.00000000   -0.00256800  0.00000000
  0.00718651  0.00000000    0.02729127  0.00000000   -0.01727321  0.00000000
 -0.00256800  0.00000000   -0.01727321  0.00000000    0.02376151  0.00000000

     Dynamical  Matrix in cartesian axes

     q = (    0.125000000  -0.375000000   0.250000000 ) 

    1    1
  0.01924198  0.00000000   -0.00718651  0.00000000    0.00256800  0.00000000
 -0.00718651  0.00000000    0.02729127  0.00000000   -0.01727321  0.00000000
  0.00256800  0.00000000   -0.01727321  0.00000000    0.02376151  0.00000000

     Dynamical  Matrix in cartesian axes

     q = (   -0.125000000   0.250000000  -0.375000000 ) 

    1    1
  0.01924198  0.00000000   -0.00256800  0.00000000    0.00718651  0.00000000
 -0.00256800  0.00000000    0.02376151  0.00000000   -0.01727321  0.00000000
  0.00718651  0.00000000   -0.01727321  0.00000000    0.02729127  0.00000000

     Dynamical  Matrix in cartesian axes

     q = (   -0.125000000   0.375000000  -0.250000000 ) 

    1    1
  0.01924198  0.00000000   -0.00718651  0.00000000    0.00256800  0.00000000
 -0.00718651  0.00000000    0.02729127  0.00000000   -0.01727321  0.00000000
  0.00256800  0.00000000   -0.01727321  0.00000000    0.02376151  0.00000000

     Dynamical  Matrix in cartesian axes

     q = (    0.125000000   0.250000000  -0.375000000 ) 

    1    1
  0.01924198  0.00000000    0.00256800  0.00000000   -0.00718651  0.00000000
  0.00256800  0.00000000    0.02376151  0.00000000   -0.01727321  0.00000000
 -0.00718651  0.00000000   -0.01727321  0.00000000    0.02729127  0.00000000

     Dynamical  Matrix in cartesian axes

     q = (    0.125000000   0.375000000  -0.250000000 ) 

    1    1
  0.01924198  0.00000000    0.00718651  0.00000000   -0.00256800  0.00000000
  0.00718651  0.00000000    0.02729127  0.00000000   -0.01727321  0.00000000
 -0.00256800  0.00000000   -0.01727321  0.00000000    0.02376151  0.00000000

     Dynamical  Matrix in cartesian axes

     q = (    0.250000000  -0.375000000  -0.125000000 ) 

    1    1
  0.02376151  0.00000000   -0.01727321  0.00000000   -0.00256800  0.00000000
 -0.01727321  0.00000000    0.02729127  0.00000000    0.00718651  0.00000000
 -0.00256800  0.00000000    0.00718651  0.00000000    0.01924198  0.00000000

     Dynamical  Matrix in cartesian axes

     q = (   -0.375000000   0.125000000  -0.250000000 ) 

    1    1
  0.02729127  0.00000000   -0.00718651  0.00000000    0.01727321  0.00000000
 -0.00718651  0.00000000    0.01924198  0.00000000   -0.00256800  0.00000000
  0.01727321  0.00000000   -0.00256800  0.00000000    0.02376151  0.00000000

     Dynamical  Matrix in cartesian axes

     q = (    0.375000000   0.125000000   0.250000000 ) 

    1    1
  0.02729127  0.00000000    0.00718651  0.00000000    0.01727321  0.00000000
  0.00718651  0.00000000    0.01924198  0.00000000    0.00256800  0.00000000
  0.01727321  0.00000000    0.00256800  0.00000000    0.02376151  0.00000000

     Dynamical  Matrix in cartesian axes

     q = (    0.250000000   0.125000000   0.375000000 ) 

    1    1
  0.02376151  0.00000000    0.00256800  0.00000000    0.01727321  0.00000000
  0.00256800  0.00000000    0.01924198  0.00000000    0.00718651  0.00000000
  0.01727321  0.00000000    0.00718651  0.00000000    0.02729127  0.00000000

     Dynamical  Matrix in cartesian axes

     q = (   -0.375000000  -0.125000000   0.250000000 ) 

    1    1
  0.02729127  0.00000000    0.00718651  0.00000000   -0.01727321  0.00000000
  0.00718651  0.00000000    0.01924198  0.00000000   -0.00256800  0.00000000
 -0.01727321  0.00000000   -0.00256800  0.00000000    0.02376151  0.00000000

     Dynamical  Matrix in cartesian axes

     q = (    0.375000000  -0.125000000  -0.250000000 ) 

    1    1
  0.02729127  0.00000000   -0.00718651  0.00000000   -0.01727321  0.00000000
 -0.00718651  0.00000000    0.01924198  0.00000000    0.00256800  0.00000000
 -0.01727321  0.00000000    0.00256800  0.00000000    0.02376151  0.00000000

     Dynamical  Matrix in cartesian axes

     q = (    0.125000000  -0.250000000  -0.375000000 ) 

    1    1
  0.01924198  0.00000000   -0.00256800  0.00000000   -0.00718651  0.00000000
 -0.00256800  0.00000000    0.02376151  0.00000000    0.01727321  0.00000000
 -0.00718651  0.00000000    0.01727321  0.00000000    0.02729127  0.00000000

     Dynamical  Matrix in cartesian axes

     q = (    0.250000000  -0.125000000  -0.375000000 ) 

    1    1
  0.02376151  0.00000000   -0.00256800  0.00000000   -0.01727321  0.00000000
 -0.00256800  0.00000000    0.01924198  0.00000000    0.00718651  0.00000000
 -0.01727321  0.00000000    0.00718651  0.00000000    0.02729127  0.00000000

     Dynamical  Matrix in cartesian axes

     q = (   -0.250000000   0.125000000  -0.375000000 ) 

    1    1
  0.02376151  0.00000000   -0.00256800  0.00000000    0.01727321  0.00000000
 -0.00256800  0.00000000    0.01924198  0.00000000   -0.00718651  0.00000000
  0.01727321  0.00000000   -0.00718651  0.00000000    0.02729127  0.00000000

     Dynamical  Matrix in cartesian axes

     q = (   -0.375000000  -0.250000000   0.125000000 ) 

    1    1
  0.02729127  0.00000000    0.01727321  0.00000000   -0.00718651  0.00000000
  0.01727321  0.00000000    0.02376151  0.00000000   -0.00256800  0.00000000
 -0.00718651  0.00000000   -0.00256800  0.00000000    0.01924198  0.00000000

     Dynamical  Matrix in cartesian axes

     q = (   -0.375000000   0.250000000  -0.125000000 ) 

    1    1
  0.02729127  0.00000000   -0.01727321  0.00000000    0.00718651  0.00000000
 -0.01727321  0.00000000    0.02376151  0.00000000   -0.00256800  0.00000000
  0.00718651  0.00000000   -0.00256800  0.00000000    0.01924198  0.00000000

     Dynamical  Matrix in cartesian axes

     q = (    0.375000000   0.250000000   0.125000000 ) 

    1    1
  0.02729127  0.00000000    0.01727321  0.00000000    0.00718651  0.00000000
  0.01727321  0.00000000    0.02376151  0.00000000    0.00256800  0.00000000
  0.00718651  0.00000000    0.00256800  0.00000000    0.01924198  0.00000000

     Dynamical  Matrix in cartesian axes

     q = (    0.250000000  -0.125000000   0.375000000 ) 

    1    1
  0.02376151  0.00000000   -0.00256800  0.00000000    0.01727321  0.00000000
 -0.00256800  0.00000000    0.01924198  0.00000000   -0.00718651  0.00000000
  0.01727321  0.00000000   -0.00718651  0.00000000    0.02729127  0.00000000

     Dynamical  Matrix in cartesian axes

     q = (   -0.250000000   0.375000000  -0.125000000 ) 

    1    1
  0.02376151  0.00000000   -0.01727321  0.00000000    0.00256800  0.00000000
 -0.01727321  0.00000000    0.02729127  0.00000000   -0.00718651  0.00000000
  0.00256800  0.00000000   -0.00718651  0.00000000    0.01924198  0.00000000

     Dynamical  Matrix in cartesian axes

     q = (    0.125000000  -0.375000000  -0.250000000 ) 

    1    1
  0.01924198  0.00000000   -0.00718651  0.00000000   -0.00256800  0.00000000
 -0.00718651  0.00000000    0.02729127  0.00000000    0.01727321  0.00000000
 -0.00256800  0.00000000    0.01727321  0.00000000    0.02376151  0.00000000

     Dynamical  Matrix in cartesian axes

     q = (    0.125000000   0.375000000   0.250000000 ) 

    1    1
  0.01924198  0.00000000    0.00718651  0.00000000    0.00256800  0.00000000
  0.00718651  0.00000000    0.02729127  0.00000000    0.01727321  0.00000000
  0.00256800  0.00000000    0.01727321  0.00000000    0.02376151  0.00000000

     Dynamical  Matrix in cartesian axes

     q = (    0.250000000   0.125000000  -0.375000000 ) 

    1    1
  0.02376151  0.00000000    0.00256800  0.00000000   -0.01727321  0.00000000
  0.00256800  0.00000000    0.01924198  0.00000000   -0.00718651  0.00000000
 -0.01727321  0.00000000   -0.00718651  0.00000000    0.02729127  0.00000000

     Dynamical  Matrix in cartesian axes

     q = (   -0.125000000  -0.250000000  -0.375000000 ) 

    1    1
  0.01924198  0.00000000    0.00256800  0.00000000    0.00718651  0.00000000
  0.00256800  0.00000000    0.02376151  0.00000000    0.01727321  0.00000000
  0.00718651  0.00000000    0.01727321  0.00000000    0.02729127  0.00000000

     Dynamical  Matrix in cartesian axes

     q = (   -0.250000000   0.125000000   0.375000000 ) 

    1    1
  0.02376151  0.00000000   -0.00256800  0.00000000   -0.01727321  0.00000000
 -0.00256800  0.00000000    0.01924198  0.00000000    0.00718651  0.00000000
 -0.01727321  0.00000000    0.00718651  0.00000000    0.02729127  0.00000000

     Dynamical  Matrix in cartesian axes

     q = (   -0.125000000   0.375000000   0.250000000 ) 

    1    1
  0.01924198  0.00000000   -0.00718651  0.00000000   -0.00256800  0.00000000
 -0.00718651  0.00000000    0.02729127  0.00000000    0.01727321  0.00000000
 -0.00256800  0.00000000    0.01727321  0.00000000    0.02376151  0.00000000

     Dynamical  Matrix in cartesian axes

     q = (   -0.125000000   0.250000000   0.375000000 ) 

    1    1
  0.01924198  0.00000000   -0.00256800  0.00000000   -0.00718651  0.00000000
 -0.00256800  0.00000000    0.02376151  0.00000000    0.01727321  0.00000000
 -0.00718651  0.00000000    0.01727321  0.00000000    0.02729127  0.00000000

     Dynamical  Matrix in cartesian axes

     q = (    0.125000000  -0.250000000   0.375000000 ) 

    1    1
  0.01924198  0.00000000   -0.00256800  0.00000000    0.00718651  0.00000000
 -0.00256800  0.00000000    0.02376151  0.00000000   -0.01727321  0.00000000
  0.00718651  0.00000000   -0.01727321  0.00000000    0.02729127  0.00000000

     Dynamical  Matrix in cartesian axes

     q = (   -0.125000000  -0.375000000  -0.250000000 ) 

    1    1
  0.01924198  0.00000000    0.00718651  0.00000000    0.00256800  0.00000000
  0.00718651  0.00000000    0.02729127  0.00000000    0.01727321  0.00000000
  0.00256800  0.00000000    0.01727321  0.00000000    0.02376151  0.00000000

     Dynamical  Matrix in cartesian axes

     q = (    0.125000000   0.250000000   0.375000000 ) 

    1    1
  0.01924198  0.00000000    0.00256800  0.00000000    0.00718651  0.00000000
  0.00256800  0.00000000    0.02376151  0.00000000    0.01727321  0.00000000
  0.00718651  0.00000000    0.01727321  0.00000000    0.02729127  0.00000000

     Dynamical  Matrix in cartesian axes

     q = (    0.375000000  -0.250000000  -0.125000000 ) 

    1    1
  0.02729127  0.00000000   -0.01727321  0.00000000   -0.00718651  0.00000000
 -0.01727321  0.00000000    0.02376151  0.00000000    0.00256800  0.00000000
 -0.00718651  0.00000000    0.00256800  0.00000000    0.01924198  0.00000000

     Dynamical  Matrix in cartesian axes

     q = (    0.250000000   0.375000000   0.125000000 ) 

    1    1
  0.02376151  0.00000000    0.01727321  0.00000000    0.00256800  0.00000000
  0.01727321  0.00000000    0.02729127  0.00000000    0.00718651  0.00000000
  0.00256800  0.00000000    0.00718651  0.00000000    0.01924198  0.00000000

     Dynamical  Matrix in cartesian axes

     q = (   -0.250000000  -0.375000000   0.125000000 ) 

    1    1
  0.02376151  0.00000000    0.01727321  0.00000000   -0.00256800  0.00000000
  0.01727321  0.00000000    0.02729127  0.00000000   -0.00718651  0.00000000
 -0.00256800  0.00000000   -0.00718651  0.00000000    0.01924198  0.00000000

     Dynamical  Matrix in cartesian axes

     q = (    0.375000000   0.250000000  -0.125000000 ) 

    1    1
  0.02729127  0.00000000    0.01727321  0.00000000   -0.00718651  0.00000000
  0.01727321  0.00000000    0.02376151  0.00000000   -0.00256800  0.00000000
 -0.00718651  0.00000000   -0.00256800  0.00000000    0.01924198  0.00000000

     Dynamical  Matrix in cartesian axes

     q = (   -0.375000000   0.250000000   0.125000000 ) 

    1    1
  0.02729127  0.00000000   -0.01727321  0.00000000   -0.00718651  0.00000000
 -0.01727321  0.00000000    0.02376151  0.00000000    0.00256800  0.00000000
 -0.00718651  0.00000000    0.00256800  0.00000000    0.01924198  0.00000000

     Dynamical  Matrix in cartesian axes

     q = (    0.375000000  -0.250000000   0.125000000 ) 

    1    1
  0.02729127  0.00000000   -0.01727321  0.00000000    0.00718651  0.00000000
 -0.01727321  0.00000000    0.02376151  0.00000000   -0.00256800  0.00000000
  0.00718651  0.00000000   -0.00256800  0.00000000    0.01924198  0.00000000

     Dynamical  Matrix in cartesian axes

     q = (   -0.375000000  -0.250000000  -0.125000000 ) 

    1    1
  0.02729127  0.00000000    0.01727321  0.00000000    0.00718651  0.00000000
  0.01727321  0.00000000    0.02376151  0.00000000    0.00256800  0.00000000
  0.00718651  0.00000000    0.00256800  0.00000000    0.01924198  0.00000000

     Dynamical  Matrix in cartesian axes

     q = (   -0.250000000  -0.125000000  -0.375000000 ) 

    1    1
  0.02376151  0.00000000    0.00256800  0.00000000    0.01727321  0.00000000
  0.00256800  0.00000000    0.01924198  0.00000000    0.00718651  0.00000000
  0.01727321  0.00000000    0.00718651  0.00000000    0.02729127  0.00000000

     Dynamical  Matrix in cartesian axes

     q = (    0.250000000  -0.375000000   0.125000000 ) 

    1    1
  0.02376151  0.00000000   -0.01727321  0.00000000    0.00256800  0.00000000
 -0.01727321  0.00000000    0.02729127  0.00000000   -0.00718651  0.00000000
  0.00256800  0.00000000   -0.00718651  0.00000000    0.01924198  0.00000000

     Dynamical  Matrix in cartesian axes

     q = (   -0.250000000  -0.375000000  -0.125000000 ) 

    1    1
  0.02376151  0.00000000    0.01727321  0.00000000    0.00256800  0.00000000
  0.01727321  0.00000000    0.02729127  0.00000000    0.00718651  0.00000000
  0.00256800  0.00000000    0.00718651  0.00000000    0.01924198  0.00000000

     Dynamical  Matrix in cartesian axes

     q = (    0.250000000   0.375000000  -0.125000000 ) 

    1    1
  0.02376151  0.00000000    0.01727321  0.00000000   -0.00256800  0.00000000
  0.01727321  0.00000000    0.02729127  0.00000000   -0.00718651  0.00000000
 -0.00256800  0.00000000   -0.00718651  0.00000000    0.01924198  0.00000000

     Dynamical  Matrix in cartesian axes

     q = (   -0.250000000   0.375000000   0.125000000 ) 

    1    1
  0.02376151  0.00000000   -0.01727321  0.00000000   -0.00256800  0.00000000
 -0.01727321  0.00000000    0.02729127  0.00000000    0.00718651  0.00000000
 -0.00256800  0.00000000    0.00718651  0.00000000    0.01924198  0.00000000

     Dynamical  Matrix in cartesian axes

     q = (   -0.375000000   0.125000000   0.250000000 ) 

    1    1
  0.02729127  0.00000000   -0.00718651  0.00000000   -0.01727321  0.00000000
 -0.00718651  0.00000000    0.01924198  0.00000000    0.00256800  0.00000000
 -0.01727321  0.00000000    0.00256800  0.00000000    0.02376151  0.00000000

     Dynamical  Matrix in cartesian axes

     q = (   -0.375000000  -0.125000000  -0.250000000 ) 

    1    1
  0.02729127  0.00000000    0.00718651  0.00000000    0.01727321  0.00000000
  0.00718651  0.00000000    0.01924198  0.00000000    0.00256800  0.00000000
  0.01727321  0.00000000    0.00256800  0.00000000    0.02376151  0.00000000

     Dynamical  Matrix in cartesian axes

     q = (    0.375000000  -0.125000000   0.250000000 ) 

    1    1
  0.02729127  0.00000000   -0.00718651  0.00000000    0.01727321  0.00000000
 -0.00718651  0.00000000    0.01924198  0.00000000   -0.00256800  0.00000000
  0.01727321  0.00000000   -0.00256800  0.00000000    0.02376151  0.00000000

     Dynamical  Matrix in cartesian axes

     q = (    0.375000000   0.125000000  -0.250000000 ) 

    1    1
  0.02729127  0.00000000    0.00718651  0.00000000   -0.01727321  0.00000000
  0.00718651  0.00000000    0.01924198  0.00000000   -0.00256800  0.00000000
 -0.01727321  0.00000000   -0.00256800  0.00000000    0.02376151  0.00000000

     Diagonalizing the dynamical matrix

     q = (   -0.125000000  -0.250000000   0.375000000 ) 

 **************************************************************************
     freq (    1) =       1.949140 [THz] =      65.016326 [cm-1]
 (  0.267078 -0.000000  0.678594 -0.000000  0.684236  0.000000 ) 
     freq (    2) =       3.056640 [THz] =     101.958540 [cm-1]
 (  0.925726  0.000000 -0.377955  0.000000  0.013500  0.000000 ) 
     freq (    3) =       4.813101 [THz] =     160.547759 [cm-1]
 ( -0.267772  0.000000 -0.629809  0.000000  0.729135  0.000000 ) 
 **************************************************************************
