Dynamical matrix file
                                                                           
  1    1  2  7.6456000  0.0000000  0.0000000  0.0000000  0.0000000  0.0000000
           1  'Al  '    24592.588541212976     
    1    1      0.0000000000      0.0000000000      0.0000000000

     Dynamical  Matrix in cartesian axes

     q = (    0.600000000   0.800000000   0.300000000 ) 

    1    1
  0.09151556  0.00000000    0.03351993  0.00000000    0.04262387  0.00000000
  0.03351993  0.00000000    0.10311178  0.00000000    0.02215071  0.00000000
  0.04262387  0.00000000    0.02215071  0.00000000    0.12980677  0.00000000

     Dynamical  Matrix in cartesian axes

     q = (   -0.600000000  -0.800000000   0.300000000 ) 

    1    1
  0.09151556  0.00000000    0.03351993  0.00000000   -0.04262387  0.00000000
  0.03351993  0.00000000    0.10311178  0.00000000   -0.02215071  0.00000000
 -0.04262387  0.00000000   -0.02215071  0.00000000    0.12980677  0.00000000

     Dynamical  Matrix in cartesian axes

     q = (   -0.600000000   0.800000000  -0.300000000 ) 

    1    1
  0.09151556  0.00000000   -0.03351993  0.00000000    0.04262387  0.00000000
 -0.03351993  0.00000000    0.10311178  0.00000000   -0.02215071  0.00000000
  0.04262387  0.00000000   -0.02215071  0.00000000    0.12980677  0.00000000

     Dynamical  Matrix in cartesian axes

     q = (    0.600000000  -0.800000000  -0.300000000 ) 

    1    1
  0.09151556  0.00000000   -0.03351993  0.00000000   -0.04262387  0.00000000
 -0.03351993  0.00000000    0.10311178  0.00000000    0.02215071  0.00000000
 -0.04262387  0.00000000    0.02215071  0.00000000    0.12980677  0.00000000

     Dynamical  Matrix in cartesian axes

     q = (    0.800000000   0.600000000  -0.300000000 ) 

    1    1
  0.10311178  0.00000000    0.03351993  0.00000000   -0.02215071  0.00000000
  0.03351993  0.00000000    0.09151556  0.00000000   -0.04262387  0.00000000
 -0.02215071  0.00000000   -0.04262387  0.00000000    0.12980677  0.00000000

     Dynamical  Matrix in cartesian axes

     q = (   -0.800000000  -0.600000000  -0.300000000 ) 

    1    1
  0.10311178  0.00000000    0.03351993  0.00000000    0.02215071  0.00000000
  0.03351993  0.00000000    0.09151556  0.00000000    0.04262387  0.00000000
  0.02215071  0.00000000    0.04262387  0.00000000    0.12980677  0.00000000

     Dynamical  Matrix in cartesian axes

     q = (    0.800000000  -0.600000000   0.300000000 ) 

    1    1
  0.10311178  0.00000000   -0.03351993  0.00000000    0.02215071  0.00000000
 -0.03351993  0.00000000    0.09151556  0.00000000   -0.04262387  0.00000000
  0.02215071  0.00000000   -0.04262387  0.00000000    0.12980677  0.00000000

     Dynamical  Matrix in cartesian axes

     q = (   -0.800000000   0.600000000   0.300000000 ) 

    1    1
  0.10311178  0.00000000   -0.03351993  0.00000000   -0.02215071  0.00000000
 -0.03351993  0.00000000    0.09151556  0.00000000    0.04262387  0.00000000
 -0.02215071  0.00000000    0.04262387  0.00000000    0.12980677  0.00000000

     Dynamical  Matrix in cartesian axes

     q = (    0.300000000  -0.800000000   0.600000000 ) 

    1    1
  0.12980677  0.00000000   -0.02215071  0.00000000    0.04262387  0.00000000
 -0.02215071  0.00000000    0.10311178  0.00000000   -0.03351993  0.00000000
  0.04262387  0.00000000   -0.03351993  0.00000000    0.09151556  0.00000000

     Dynamical  Matrix in cartesian axes

     q = (   -0.300000000  -0.800000000  -0.600000000 ) 

    1    1
  0.12980677  0.00000000    0.02215071  0.00000000    0.04262387  0.00000000
  0.02215071  0.00000000    0.10311178  0.00000000    0.03351993  0.00000000
  0.04262387  0.00000000    0.03351993  0.00000000    0.09151556  0.00000000

     Dynamical  Matrix in cartesian axes

     q = (    0.300000000   0.800000000  -0.600000000 ) 

    1    1
  0.12980677  0.00000000    0.02215071  0.00000000   -0.04262387  0.00000000
  0.02215071  0.00000000    0.10311178  0.00000000   -0.03351993  0.00000000
 -0.04262387  0.00000000   -0.03351993  0.00000000    0.09151556  0.00000000

     Dynamical  Matrix in cartesian axes

     q = (   -0.300000000   0.800000000   0.600000000 ) 

    1    1
  0.12980677  0.00000000   -0.02215071  0.00000000   -0.04262387  0.00000000
 -0.02215071  0.00000000    0.10311178  0.00000000    0.03351993  0.00000000
 -0.04262387  0.00000000    0.03351993  0.00000000    0.09151556  0.00000000

     Dynamical  Matrix in cartesian axes

     q = (   -0.600000000   0.300000000   0.800000000 ) 

    1    1
  0.09151556  0.00000000   -0.04262387  0.00000000   -0.03351993  0.00000000
 -0.04262387  0.00000000    0.12980677  0.00000000    0.02215071  0.00000000
 -0.03351993  0.00000000    0.02215071  0.00000000    0.10311178  0.00000000

     Dynamical  Matrix in cartesian axes

     q = (   -0.600000000  -0.300000000  -0.800000000 ) 

    1    1
  0.09151556  0.00000000    0.04262387  0.00000000    0.03351993  0.00000000
  0.04262387  0.00000000    0.12980677  0.00000000    0.02215071  0.00000000
  0.03351993  0.00000000    0.02215071  0.00000000    0.10311178  0.00000000

     Dynamical  Matrix in cartesian axes

     q = (    0.600000000   0.300000000  -0.800000000 ) 

    1    1
  0.09151556  0.00000000    0.04262387  0.00000000   -0.03351993  0.00000000
  0.04262387  0.00000000    0.12980677  0.00000000   -0.02215071  0.00000000
 -0.03351993  0.00000000   -0.02215071  0.00000000    0.10311178  0.00000000

     Dynamical  Matrix in cartesian axes

     q = (    0.600000000  -0.300000000   0.800000000 ) 

    1    1
  0.09151556  0.00000000   -0.04262387  0.00000000    0.03351993  0.00000000
 -0.04262387  0.00000000    0.12980677  0.00000000   -0.02215071  0.00000000
  0.03351993  0.00000000   -0.02215071  0.00000000    0.10311178  0.00000000

     Dynamical  Matrix in cartesian axes

     q = (    0.800000000   0.300000000   0.600000000 ) 

    1    1
  0.10311178  0.00000000    0.02215071  0.00000000    0.03351993  0.00000000
  0.02215071  0.00000000    0.12980677  0.00000000    0.04262387  0.00000000
  0.03351993  0.00000000    0.04262387  0.00000000    0.09151556  0.00000000

     Dynamical  Matrix in cartesian axes

     q = (   -0.800000000   0.300000000  -0.600000000 ) 

    1    1
  0.10311178  0.00000000   -0.02215071  0.00000000    0.03351993  0.00000000
 -0.02215071  0.00000000    0.12980677  0.00000000   -0.04262387  0.00000000
  0.03351993  0.00000000   -0.04262387  0.00000000    0.09151556  0.00000000

     Dynamical  Matrix in cartesian axes

     q = (    0.800000000  -0.300000000  -0.600000000 ) 

    1    1
  0.10311178  0.00000000   -0.02215071  0.00000000   -0.03351993  0.00000000
 -0.02215071  0.00000000    0.12980677  0.00000000    0.04262387  0.00000000
 -0.03351993  0.00000000    0.04262387  0.00000000    0.09151556  0.00000000

     Dynamical  Matrix in cartesian axes

     q = (   -0.800000000  -0.300000000   0.600000000 ) 

    1    1
  0.10311178  0.00000000    0.02215071  0.00000000   -0.03351993  0.00000000
  0.02215071  0.00000000    0.12980677  0.00000000   -0.04262387  0.00000000
 -0.03351993  0.00000000   -0.04262387  0.00000000    0.09151556  0.00000000

     Dynamical  Matrix in cartesian axes

     q = (    0.300000000   0.600000000   0.800000000 ) 

    1    1
  0.12980677  0.00000000    0.04262387  0.00000000    0.02215071  0.00000000
  0.04262387  0.00000000    0.09151556  0.00000000    0.03351993  0.00000000
  0.02215071  0.00000000    0.03351993  0.00000000    0.10311178  0.00000000

     Dynamical  Matrix in cartesian axes

     q = (    0.300000000  -0.600000000  -0.800000000 ) 

    1    1
  0.12980677  0.00000000   -0.04262387  0.00000000   -0.02215071  0.00000000
 -0.04262387  0.00000000    0.09151556  0.00000000    0.03351993  0.00000000
 -0.02215071  0.00000000    0.03351993  0.00000000    0.10311178  0.00000000

     Dynamical  Matrix in cartesian axes

     q = (   -0.300000000  -0.600000000   0.800000000 ) 

    1    1
  0.12980677  0.00000000    0.04262387  0.00000000   -0.02215071  0.00000000
  0.04262387  0.00000000    0.09151556  0.00000000   -0.03351993  0.00000000
 -0.02215071  0.00000000   -0.03351993  0.00000000    0.10311178  0.00000000

     Dynamical  Matrix in cartesian axes

     q = (   -0.300000000   0.600000000  -0.800000000 ) 

    1    1
  0.12980677  0.00000000   -0.04262387  0.00000000    0.02215071  0.00000000
 -0.04262387  0.00000000    0.09151556  0.00000000   -0.03351993  0.00000000
  0.02215071  0.00000000   -0.03351993  0.00000000    0.10311178  0.00000000

     Dynamical  Matrix in cartesian axes

     q = (   -0.600000000  -0.800000000  -0.300000000 ) 

    1    1
  0.09151556  0.00000000    0.03351993  0.00000000    0.04262387  0.00000000
  0.03351993  0.00000000    0.10311178  0.00000000    0.02215071  0.00000000
  0.04262387  0.00000000    0.02215071  0.00000000    0.12980677  0.00000000

     Dynamical  Matrix in cartesian axes

     q = (    0.600000000   0.800000000  -0.300000000 ) 

    1    1
  0.09151556  0.00000000    0.03351993  0.00000000   -0.04262387  0.00000000
  0.03351993  0.00000000    0.10311178  0.00000000   -0.02215071  0.00000000
 -0.04262387  0.00000000   -0.02215071  0.00000000    0.12980677  0.00000000

     Dynamical  Matrix in cartesian axes

     q = (    0.600000000  -0.800000000   0.300000000 ) 

    1    1
  0.09151556  0.00000000   -0.03351993  0.00000000    0.04262387  0.00000000
 -0.03351993  0.00000000    0.10311178  0.00000000   -0.02215071  0.00000000
  0.04262387  0.00000000   -0.02215071  0.00000000    0.12980677  0.00000000

     Dynamical  Matrix in cartesian axes

     q = (   -0.600000000   0.800000000   0.300000000 ) 

    1    1
  0.09151556  0.00000000   -0.03351993  0.00000000   -0.04262387  0.00000000
 -0.03351993  0.00000000    0.10311178  0.00000000    0.02215071  0.00000000
 -0.04262387  0.00000000    0.02215071  0.00000000    0.12980677  0.00000000

     Dynamical  Matrix in cartesian axes

     q = (   -0.800000000  -0.600000000   0.300000000 ) 

    1    1
  0.10311178  0.00000000    0.03351993  0.00000000   -0.02215071  0.00000000
  0.03351993  0.00000000    0.09151556  0.00000000   -0.04262387  0.00000000
 -0.02215071  0.00000000   -0.04262387  0.00000000    0.12980677  0.00000000

     Dynamical  Matrix in cartesian axes

     q = (    0.800000000   0.600000000   0.300000000 ) 

    1    1
  0.10311178  0.00000000    0.03351993  0.00000000    0.02215071  0.00000000
  0.03351993  0.00000000    0.09151556  0.00000000    0.04262387  0.00000000
  0.02215071  0.00000000    0.04262387  0.00000000    0.12980677  0.00000000

     Dynamical  Matrix in cartesian axes

     q = (   -0.800000000   0.600000000  -0.300000000 ) 

    1    1
  0.10311178  0.00000000   -0.03351993  0.00000000    0.02215071  0.00000000
 -0.03351993  0.00000000    0.09151556  0.00000000   -0.04262387  0.00000000
  0.02215071  0.00000000   -0.04262387  0.00000000    0.12980677  0.00000000

     Dynamical  Matrix in cartesian axes

     q = (    0.800000000  -0.600000000  -0.300000000 ) 

    1    1
  0.10311178  0.00000000   -0.03351993  0.00000000   -0.02215071  0.00000000
 -0.03351993  0.00000000    0.09151556  0.00000000    0.04262387  0.00000000
 -0.02215071  0.00000000    0.04262387  0.00000000    0.12980677  0.00000000

     Dynamical  Matrix in cartesian axes

     q = (   -0.300000000   0.800000000  -0.600000000 ) 

    1    1
  0.12980677  0.00000000   -0.02215071  0.00000000    0.04262387  0.00000000
 -0.02215071  0.00000000    0.10311178  0.00000000   -0.03351993  0.00000000
  0.04262387  0.00000000   -0.03351993  0.00000000    0.09151556  0.00000000

     Dynamical  Matrix in cartesian axes

     q = (    0.300000000   0.800000000   0.600000000 ) 

    1    1
  0.12980677  0.00000000    0.02215071  0.00000000    0.04262387  0.00000000
  0.02215071  0.00000000    0.10311178  0.00000000    0.03351993  0.00000000
  0.04262387  0.00000000    0.03351993  0.00000000    0.09151556  0.00000000

     Dynamical  Matrix in cartesian axes

     q = (   -0.300000000  -0.800000000   0.600000000 ) 

    1    1
  0.12980677  0.00000000    0.02215071  0.00000000   -0.04262387  0.00000000
  0.02215071  0.00000000    0.10311178  0.00000000   -0.03351993  0.00000000
 -0.04262387  0.00000000   -0.03351993  0.00000000    0.09151556  0.00000000

     Dynamical  Matrix in cartesian axes

     q = (    0.300000000  -0.800000000  -0.600000000 ) 

    1    1
  0.12980677  0.00000000   -0.02215071  0.00000000   -0.04262387  0.00000000
 -0.02215071  0.00000000    0.10311178  0.00000000    0.03351993  0.00000000
 -0.04262387  0.00000000    0.03351993  0.00000000    0.09151556  0.00000000

     Dynamical  Matrix in cartesian axes

     q = (    0.600000000  -0.300000000  -0.800000000 ) 

    1    1
  0.09151556  0.00000000   -0.04262387  0.00000000   -0.03351993  0.00000000
 -0.04262387  0.00000000    0.12980677  0.00000000    0.02215071  0.00000000
 -0.03351993  0.00000000    0.02215071  0.00000000    0.10311178  0.00000000

     Dynamical  Matrix in cartesian axes

     q = (    0.600000000   0.300000000   0.800000000 ) 

    1    1
  0.09151556  0.00000000    0.04262387  0.00000000    0.03351993  0.00000000
  0.04262387  0.00000000    0.12980677  0.00000000    0.02215071  0.00000000
  0.03351993  0.00000000    0.02215071  0.00000000    0.10311178  0.00000000

     Dynamical  Matrix in cartesian axes

     q = (   -0.600000000  -0.300000000   0.800000000 ) 

    1    1
  0.09151556  0.00000000    0.04262387  0.00000000   -0.03351993  0.00000000
  0.04262387  0.00000000    0.12980677  0.00000000   -0.02215071  0.00000000
 -0.03351993  0.00000000   -0.02215071  0.00000000    0.10311178  0.00000000

     Dynamical  Matrix in cartesian axes

     q = (   -0.600000000   0.300000000  -0.800000000 ) 

    1    1
  0.09151556  0.00000000   -0.04262387  0.00000000    0.03351993  0.00000000
 -0.04262387  0.00000000    0.12980677  0.00000000   -0.02215071  0.00000000
  0.03351993  0.00000000   -0.02215071  0.00000000    0.10311178  0.00000000

     Dynamical  Matrix in cartesian axes

     q = (   -0.800000000  -0.300000000  -0.600000000 ) 

    1    1
  0.10311178  0.00000000    0.02215071  0.00000000    0.03351993  0.00000000
  0.02215071  0.00000000    0.12980677  0.00000000    0.04262387  0.00000000
  0.03351993  0.00000000    0.04262387  0.00000000    0.09151556  0.00000000

     Dynamical  Matrix in cartesian axes

     q = (    0.800000000  -0.300000000   0.600000000 ) 

    1    1
  0.10311178  0.00000000   -0.02215071  0.00000000    0.03351993  0.00000000
 -0.02215071  0.00000000    0.12980677  0.00000000   -0.04262387  0.00000000
  0.03351993  0.00000000   -0.04262387  0.00000000    0.09151556  0.00000000

     Dynamical  Matrix in cartesian axes

     q = (   -0.800000000   0.300000000   0.600000000 ) 

    1    1
  0.10311178  0.00000000   -0.02215071  0.00000000   -0.03351993  0.00000000
 -0.02215071  0.00000000    0.12980677  0.00000000    0.04262387  0.00000000
 -0.03351993  0.00000000    0.04262387  0.00000000    0.09151556  0.00000000

     Dynamical  Matrix in cartesian axes

     q = (    0.800000000   0.300000000  -0.600000000 ) 

    1    1
  0.10311178  0.00000000    0.02215071  0.00000000   -0.03351993  0.00000000
  0.02215071  0.00000000    0.12980677  0.00000000   -0.04262387  0.00000000
 -0.03351993  0.00000000   -0.04262387  0.00000000    0.09151556  0.00000000

     Dynamical  Matrix in cartesian axes

     q = (   -0.300000000  -0.600000000  -0.800000000 ) 

    1    1
  0.12980677  0.00000000    0.04262387  0.00000000    0.02215071  0.00000000
  0.04262387  0.00000000    0.09151556  0.00000000    0.03351993  0.00000000
  0.02215071  0.00000000    0.03351993  0.00000000    0.10311178  0.00000000

     Dynamical  Matrix in cartesian axes

     q = (   -0.300000000   0.600000000   0.800000000 ) 

    1    1
  0.12980677  0.00000000   -0.04262387  0.00000000   -0.02215071  0.00000000
 -0.04262387  0.00000000    0.09151556  0.00000000    0.03351993  0.00000000
 -0.02215071  0.00000000    0.03351993  0.00000000    0.10311178  0.00000000

     Dynamical  Matrix in cartesian axes

     q = (    0.300000000   0.600000000  -0.800000000 ) 

    1    1
  0.12980677  0.00000000    0.04262387  0.00000000   -0.02215071  0.00000000
  0.04262387  0.00000000    0.09151556  0.00000000   -0.03351993  0.00000000
 -0.02215071  0.00000000   -0.03351993  0.00000000    0.10311178  0.00000000

     Dynamical  Matrix in cartesian axes

     q = (    0.300000000  -0.600000000   0.800000000 ) 

    1    1
  0.12980677  0.00000000   -0.04262387  0.00000000    0.02215071  0.00000000
 -0.04262387  0.00000000    0.09151556  0.00000000   -0.03351993  0.00000000
  0.02215071  0.00000000   -0.03351993  0.00000000    0.10311178  0.00000000

     Diagonalizing the dynamical matrix

     q = (    0.600000000   0.800000000   0.300000000 ) 

 **************************************************************************
     freq (    1) =       4.973061 [THz] =     165.883451 [cm-1]
 ( -0.832069  0.000000  0.427784  0.000000  0.353075  0.000000 ) 
     freq (    2) =       6.355487 [THz] =     211.996239 [cm-1]
 ( -0.140854  0.000000 -0.778641  0.000000  0.611456  0.000000 ) 
     freq (    3) =       8.812382 [THz] =     293.949423 [cm-1]
 (  0.536490  0.000000  0.459041  0.000000  0.708138  0.000000 ) 
 **************************************************************************
