Dynamical matrix file
                                                                           
  1    1  3  6.8050906  0.0000000  0.0000000  0.0000000  0.0000000  0.0000000
           1  'Na  '    20954.103126620943     
    1    1      0.0000000000      0.0000000000      0.0000000000

     Dynamical  Matrix in cartesian axes

     q = (   -0.125000000   0.750000000  -0.375000000 ) 

    1    1
  0.04425026  0.00000000   -0.00423719  0.00000000   -0.01488788  0.00000000
 -0.00423719  0.00000000    0.05273620  0.00000000   -0.02928537  0.00000000
 -0.01488788  0.00000000   -0.02928537  0.00000000    0.06135896  0.00000000

     Dynamical  Matrix in cartesian axes

     q = (    0.750000000  -0.125000000  -0.375000000 ) 

    1    1
  0.05273620  0.00000000   -0.00423719  0.00000000   -0.02928537  0.00000000
 -0.00423719  0.00000000    0.04425026  0.00000000   -0.01488788  0.00000000
 -0.02928537  0.00000000   -0.01488788  0.00000000    0.06135896  0.00000000

     Dynamical  Matrix in cartesian axes

     q = (   -0.125000000  -0.375000000   0.750000000 ) 

    1    1
  0.04425026  0.00000000   -0.01488788  0.00000000   -0.00423719  0.00000000
 -0.01488788  0.00000000    0.06135896  0.00000000   -0.02928537  0.00000000
 -0.00423719  0.00000000   -0.02928537  0.00000000    0.05273620  0.00000000

     Dynamical  Matrix in cartesian axes

     q = (    0.125000000  -0.375000000   0.750000000 ) 

    1    1
  0.04425026  0.00000000    0.01488788  0.00000000    0.00423719  0.00000000
  0.01488788  0.00000000    0.06135896  0.00000000   -0.02928537  0.00000000
  0.00423719  0.00000000   -0.02928537  0.00000000    0.05273620  0.00000000

     Dynamical  Matrix in cartesian axes

     q = (    0.750000000   0.125000000  -0.375000000 ) 

    1    1
  0.05273620  0.00000000    0.00423719  0.00000000   -0.02928537  0.00000000
  0.00423719  0.00000000    0.04425026  0.00000000    0.01488788  0.00000000
 -0.02928537  0.00000000    0.01488788  0.00000000    0.06135896  0.00000000

     Dynamical  Matrix in cartesian axes

     q = (   -0.125000000  -0.750000000  -0.375000000 ) 

    1    1
  0.04425026  0.00000000    0.00423719  0.00000000   -0.01488788  0.00000000
  0.00423719  0.00000000    0.05273620  0.00000000    0.02928537  0.00000000
 -0.01488788  0.00000000    0.02928537  0.00000000    0.06135896  0.00000000

     Dynamical  Matrix in cartesian axes

     q = (    0.125000000   0.750000000  -0.375000000 ) 

    1    1
  0.04425026  0.00000000    0.00423719  0.00000000    0.01488788  0.00000000
  0.00423719  0.00000000    0.05273620  0.00000000   -0.02928537  0.00000000
  0.01488788  0.00000000   -0.02928537  0.00000000    0.06135896  0.00000000

     Dynamical  Matrix in cartesian axes

     q = (    0.125000000  -0.750000000  -0.375000000 ) 

    1    1
  0.04425026  0.00000000   -0.00423719  0.00000000    0.01488788  0.00000000
 -0.00423719  0.00000000    0.05273620  0.00000000    0.02928537  0.00000000
  0.01488788  0.00000000    0.02928537  0.00000000    0.06135896  0.00000000

     Dynamical  Matrix in cartesian axes

     q = (   -0.750000000   0.375000000  -0.125000000 ) 

    1    1
  0.05273620  0.00000000   -0.02928537  0.00000000    0.00423719  0.00000000
 -0.02928537  0.00000000    0.06135896  0.00000000    0.01488788  0.00000000
  0.00423719  0.00000000    0.01488788  0.00000000    0.04425026  0.00000000

     Dynamical  Matrix in cartesian axes

     q = (    0.375000000   0.125000000   0.750000000 ) 

    1    1
  0.06135896  0.00000000   -0.01488788  0.00000000    0.02928537  0.00000000
 -0.01488788  0.00000000    0.04425026  0.00000000    0.00423719  0.00000000
  0.02928537  0.00000000    0.00423719  0.00000000    0.05273620  0.00000000

     Dynamical  Matrix in cartesian axes

     q = (   -0.375000000   0.125000000  -0.750000000 ) 

    1    1
  0.06135896  0.00000000    0.01488788  0.00000000    0.02928537  0.00000000
  0.01488788  0.00000000    0.04425026  0.00000000   -0.00423719  0.00000000
  0.02928537  0.00000000   -0.00423719  0.00000000    0.05273620  0.00000000

     Dynamical  Matrix in cartesian axes

     q = (   -0.125000000   0.375000000  -0.750000000 ) 

    1    1
  0.04425026  0.00000000    0.01488788  0.00000000    0.00423719  0.00000000
  0.01488788  0.00000000    0.06135896  0.00000000   -0.02928537  0.00000000
  0.00423719  0.00000000   -0.02928537  0.00000000    0.05273620  0.00000000

     Dynamical  Matrix in cartesian axes

     q = (    0.375000000  -0.125000000  -0.750000000 ) 

    1    1
  0.06135896  0.00000000    0.01488788  0.00000000   -0.02928537  0.00000000
  0.01488788  0.00000000    0.04425026  0.00000000    0.00423719  0.00000000
 -0.02928537  0.00000000    0.00423719  0.00000000    0.05273620  0.00000000

     Dynamical  Matrix in cartesian axes

     q = (   -0.375000000  -0.125000000   0.750000000 ) 

    1    1
  0.06135896  0.00000000   -0.01488788  0.00000000   -0.02928537  0.00000000
 -0.01488788  0.00000000    0.04425026  0.00000000   -0.00423719  0.00000000
 -0.02928537  0.00000000   -0.00423719  0.00000000    0.05273620  0.00000000

     Dynamical  Matrix in cartesian axes

     q = (    0.125000000   0.750000000   0.375000000 ) 

    1    1
  0.04425026  0.00000000    0.00423719  0.00000000   -0.01488788  0.00000000
  0.00423719  0.00000000    0.05273620  0.00000000    0.02928537  0.00000000
 -0.01488788  0.00000000    0.02928537  0.00000000    0.06135896  0.00000000

     Dynamical  Matrix in cartesian axes

     q = (   -0.750000000  -0.125000000   0.375000000 ) 

    1    1
  0.05273620  0.00000000    0.00423719  0.00000000   -0.02928537  0.00000000
  0.00423719  0.00000000    0.04425026  0.00000000    0.01488788  0.00000000
 -0.02928537  0.00000000    0.01488788  0.00000000    0.06135896  0.00000000

     Dynamical  Matrix in cartesian axes

     q = (    0.750000000   0.125000000   0.375000000 ) 

    1    1
  0.05273620  0.00000000    0.00423719  0.00000000    0.02928537  0.00000000
  0.00423719  0.00000000    0.04425026  0.00000000   -0.01488788  0.00000000
  0.02928537  0.00000000   -0.01488788  0.00000000    0.06135896  0.00000000

     Dynamical  Matrix in cartesian axes

     q = (    0.375000000   0.750000000   0.125000000 ) 

    1    1
  0.06135896  0.00000000    0.02928537  0.00000000   -0.01488788  0.00000000
  0.02928537  0.00000000    0.05273620  0.00000000    0.00423719  0.00000000
 -0.01488788  0.00000000    0.00423719  0.00000000    0.04425026  0.00000000

     Dynamical  Matrix in cartesian axes

     q = (    0.375000000  -0.750000000  -0.125000000 ) 

    1    1
  0.06135896  0.00000000   -0.02928537  0.00000000    0.01488788  0.00000000
 -0.02928537  0.00000000    0.05273620  0.00000000    0.00423719  0.00000000
  0.01488788  0.00000000    0.00423719  0.00000000    0.04425026  0.00000000

     Dynamical  Matrix in cartesian axes

     q = (   -0.375000000  -0.750000000   0.125000000 ) 

    1    1
  0.06135896  0.00000000    0.02928537  0.00000000    0.01488788  0.00000000
  0.02928537  0.00000000    0.05273620  0.00000000   -0.00423719  0.00000000
  0.01488788  0.00000000   -0.00423719  0.00000000    0.04425026  0.00000000

     Dynamical  Matrix in cartesian axes

     q = (    0.125000000   0.375000000  -0.750000000 ) 

    1    1
  0.04425026  0.00000000   -0.01488788  0.00000000   -0.00423719  0.00000000
 -0.01488788  0.00000000    0.06135896  0.00000000   -0.02928537  0.00000000
 -0.00423719  0.00000000   -0.02928537  0.00000000    0.05273620  0.00000000

     Dynamical  Matrix in cartesian axes

     q = (    0.750000000  -0.375000000  -0.125000000 ) 

    1    1
  0.05273620  0.00000000   -0.02928537  0.00000000   -0.00423719  0.00000000
 -0.02928537  0.00000000    0.06135896  0.00000000   -0.01488788  0.00000000
 -0.00423719  0.00000000   -0.01488788  0.00000000    0.04425026  0.00000000

     Dynamical  Matrix in cartesian axes

     q = (    0.125000000   0.375000000   0.750000000 ) 

    1    1
  0.04425026  0.00000000   -0.01488788  0.00000000    0.00423719  0.00000000
 -0.01488788  0.00000000    0.06135896  0.00000000    0.02928537  0.00000000
  0.00423719  0.00000000    0.02928537  0.00000000    0.05273620  0.00000000

     Dynamical  Matrix in cartesian axes

     q = (    0.125000000  -0.375000000  -0.750000000 ) 

    1    1
  0.04425026  0.00000000    0.01488788  0.00000000   -0.00423719  0.00000000
  0.01488788  0.00000000    0.06135896  0.00000000    0.02928537  0.00000000
 -0.00423719  0.00000000    0.02928537  0.00000000    0.05273620  0.00000000

     Dynamical  Matrix in cartesian axes

     q = (   -0.750000000   0.125000000   0.375000000 ) 

    1    1
  0.05273620  0.00000000   -0.00423719  0.00000000   -0.02928537  0.00000000
 -0.00423719  0.00000000    0.04425026  0.00000000   -0.01488788  0.00000000
 -0.02928537  0.00000000   -0.01488788  0.00000000    0.06135896  0.00000000

     Dynamical  Matrix in cartesian axes

     q = (   -0.125000000   0.750000000   0.375000000 ) 

    1    1
  0.04425026  0.00000000   -0.00423719  0.00000000    0.01488788  0.00000000
 -0.00423719  0.00000000    0.05273620  0.00000000    0.02928537  0.00000000
  0.01488788  0.00000000    0.02928537  0.00000000    0.06135896  0.00000000

     Dynamical  Matrix in cartesian axes

     q = (   -0.125000000  -0.750000000   0.375000000 ) 

    1    1
  0.04425026  0.00000000    0.00423719  0.00000000    0.01488788  0.00000000
  0.00423719  0.00000000    0.05273620  0.00000000   -0.02928537  0.00000000
  0.01488788  0.00000000   -0.02928537  0.00000000    0.06135896  0.00000000

     Dynamical  Matrix in cartesian axes

     q = (   -0.125000000  -0.375000000  -0.750000000 ) 

    1    1
  0.04425026  0.00000000   -0.01488788  0.00000000    0.00423719  0.00000000
 -0.01488788  0.00000000    0.06135896  0.00000000    0.02928537  0.00000000
  0.00423719  0.00000000    0.02928537  0.00000000    0.05273620  0.00000000

     Dynamical  Matrix in cartesian axes

     q = (   -0.750000000   0.125000000  -0.375000000 ) 

    1    1
  0.05273620  0.00000000   -0.00423719  0.00000000    0.02928537  0.00000000
 -0.00423719  0.00000000    0.04425026  0.00000000    0.01488788  0.00000000
  0.02928537  0.00000000    0.01488788  0.00000000    0.06135896  0.00000000

     Dynamical  Matrix in cartesian axes

     q = (    0.125000000  -0.750000000   0.375000000 ) 

    1    1
  0.04425026  0.00000000   -0.00423719  0.00000000   -0.01488788  0.00000000
 -0.00423719  0.00000000    0.05273620  0.00000000   -0.02928537  0.00000000
 -0.01488788  0.00000000   -0.02928537  0.00000000    0.06135896  0.00000000

     Dynamical  Matrix in cartesian axes

     q = (   -0.125000000   0.375000000   0.750000000 ) 

    1    1
  0.04425026  0.00000000    0.01488788  0.00000000   -0.00423719  0.00000000
  0.01488788  0.00000000    0.06135896  0.00000000    0.02928537  0.00000000
 -0.00423719  0.00000000    0.02928537  0.00000000    0.05273620  0.00000000

     Dynamical  Matrix in cartesian axes

     q = (   -0.750000000  -0.125000000  -0.375000000 ) 

    1    1
  0.05273620  0.00000000    0.00423719  0.00000000    0.02928537  0.00000000
  0.00423719  0.00000000    0.04425026  0.00000000   -0.01488788  0.00000000
  0.02928537  0.00000000   -0.01488788  0.00000000    0.06135896  0.00000000

     Dynamical  Matrix in cartesian axes

     q = (   -0.375000000   0.750000000  -0.125000000 ) 

    1    1
  0.06135896  0.00000000   -0.02928537  0.00000000   -0.01488788  0.00000000
 -0.02928537  0.00000000    0.05273620  0.00000000   -0.00423719  0.00000000
 -0.01488788  0.00000000   -0.00423719  0.00000000    0.04425026  0.00000000

     Dynamical  Matrix in cartesian axes

     q = (   -0.750000000  -0.375000000   0.125000000 ) 

    1    1
  0.05273620  0.00000000    0.02928537  0.00000000   -0.00423719  0.00000000
  0.02928537  0.00000000    0.06135896  0.00000000    0.01488788  0.00000000
 -0.00423719  0.00000000    0.01488788  0.00000000    0.04425026  0.00000000

     Dynamical  Matrix in cartesian axes

     q = (    0.750000000   0.375000000   0.125000000 ) 

    1    1
  0.05273620  0.00000000    0.02928537  0.00000000    0.00423719  0.00000000
  0.02928537  0.00000000    0.06135896  0.00000000   -0.01488788  0.00000000
  0.00423719  0.00000000   -0.01488788  0.00000000    0.04425026  0.00000000

     Dynamical  Matrix in cartesian axes

     q = (   -0.375000000  -0.750000000  -0.125000000 ) 

    1    1
  0.06135896  0.00000000    0.02928537  0.00000000   -0.01488788  0.00000000
  0.02928537  0.00000000    0.05273620  0.00000000    0.00423719  0.00000000
 -0.01488788  0.00000000    0.00423719  0.00000000    0.04425026  0.00000000

     Dynamical  Matrix in cartesian axes

     q = (    0.375000000  -0.750000000   0.125000000 ) 

    1    1
  0.06135896  0.00000000   -0.02928537  0.00000000   -0.01488788  0.00000000
 -0.02928537  0.00000000    0.05273620  0.00000000   -0.00423719  0.00000000
 -0.01488788  0.00000000   -0.00423719  0.00000000    0.04425026  0.00000000

     Dynamical  Matrix in cartesian axes

     q = (   -0.375000000   0.750000000   0.125000000 ) 

    1    1
  0.06135896  0.00000000   -0.02928537  0.00000000    0.01488788  0.00000000
 -0.02928537  0.00000000    0.05273620  0.00000000    0.00423719  0.00000000
  0.01488788  0.00000000    0.00423719  0.00000000    0.04425026  0.00000000

     Dynamical  Matrix in cartesian axes

     q = (    0.375000000   0.750000000  -0.125000000 ) 

    1    1
  0.06135896  0.00000000    0.02928537  0.00000000    0.01488788  0.00000000
  0.02928537  0.00000000    0.05273620  0.00000000   -0.00423719  0.00000000
  0.01488788  0.00000000   -0.00423719  0.00000000    0.04425026  0.00000000

     Dynamical  Matrix in cartesian axes

     q = (    0.750000000  -0.125000000   0.375000000 ) 

    1    1
  0.05273620  0.00000000   -0.00423719  0.00000000    0.02928537  0.00000000
 -0.00423719  0.00000000    0.04425026  0.00000000    0.01488788  0.00000000
  0.02928537  0.00000000    0.01488788  0.00000000    0.06135896  0.00000000

     Dynamical  Matrix in cartesian axes

     q = (   -0.750000000   0.375000000   0.125000000 ) 

    1    1
  0.05273620  0.00000000   -0.02928537  0.00000000   -0.00423719  0.00000000
 -0.02928537  0.00000000    0.06135896  0.00000000   -0.01488788  0.00000000
 -0.00423719  0.00000000   -0.01488788  0.00000000    0.04425026  0.00000000

     Dynamical  Matrix in cartesian axes

     q = (    0.750000000   0.375000000  -0.125000000 ) 

    1    1
  0.05273620  0.00000000    0.02928537  0.00000000   -0.00423719  0.00000000
  0.02928537  0.00000000    0.06135896  0.00000000    0.01488788  0.00000000
 -0.00423719  0.00000000    0.01488788  0.00000000    0.04425026  0.00000000

     Dynamical  Matrix in cartesian axes

     q = (   -0.750000000  -0.375000000  -0.125000000 ) 

    1    1
  0.05273620  0.00000000    0.02928537  0.00000000    0.00423719  0.00000000
  0.02928537  0.00000000    0.06135896  0.00000000   -0.01488788  0.00000000
  0.00423719  0.00000000   -0.01488788  0.00000000    0.04425026  0.00000000

     Dynamical  Matrix in cartesian axes

     q = (    0.750000000  -0.375000000   0.125000000 ) 

    1    1
  0.05273620  0.00000000   -0.02928537  0.00000000    0.00423719  0.00000000
 -0.02928537  0.00000000    0.06135896  0.00000000    0.01488788  0.00000000
  0.00423719  0.00000000    0.01488788  0.00000000    0.04425026  0.00000000

     Dynamical  Matrix in cartesian axes

     q = (    0.375000000   0.125000000  -0.750000000 ) 

    1    1
  0.06135896  0.00000000   -0.01488788  0.00000000   -0.02928537  0.00000000
 -0.01488788  0.00000000    0.04425026  0.00000000   -0.00423719  0.00000000
 -0.02928537  0.00000000   -0.00423719  0.00000000    0.05273620  0.00000000

     Dynamical  Matrix in cartesian axes

     q = (    0.375000000  -0.125000000   0.750000000 ) 

    1    1
  0.06135896  0.00000000    0.01488788  0.00000000    0.02928537  0.00000000
  0.01488788  0.00000000    0.04425026  0.00000000   -0.00423719  0.00000000
  0.02928537  0.00000000   -0.00423719  0.00000000    0.05273620  0.00000000

     Dynamical  Matrix in cartesian axes

     q = (   -0.375000000  -0.125000000  -0.750000000 ) 

    1    1
  0.06135896  0.00000000   -0.01488788  0.00000000    0.02928537  0.00000000
 -0.01488788  0.00000000    0.04425026  0.00000000    0.00423719  0.00000000
  0.02928537  0.00000000    0.00423719  0.00000000    0.05273620  0.00000000

     Dynamical  Matrix in cartesian axes

     q = (   -0.375000000   0.125000000   0.750000000 ) 

    1    1
  0.06135896  0.00000000    0.01488788  0.00000000   -0.02928537  0.00000000
  0.01488788  0.00000000    0.04425026  0.00000000    0.00423719  0.00000000
 -0.02928537  0.00000000    0.00423719  0.00000000    0.05273620  0.00000000

     Diagonalizing the dynamical matrix

     q = (   -0.125000000   0.750000000  -0.375000000 ) 

 **************************************************************************
     freq (    1) =       3.227540 [THz] =     107.659133 [cm-1]
 (  0.489366  0.000000  0.617447  0.000000  0.615858  0.000000 ) 
     freq (    2) =       5.070911 [THz] =     169.147370 [cm-1]
 (  0.848618  0.000000 -0.499859  0.000000 -0.173171  0.000000 ) 
     freq (    3) =       6.756942 [THz] =     225.387336 [cm-1]
 ( -0.200918  0.000000 -0.607372  0.000000  0.768591  0.000000 ) 
 **************************************************************************
