Dynamical matrix file
                                                                           
  1    1  2  7.6456000  0.0000000  0.0000000  0.0000000  0.0000000  0.0000000
           1  'Al  '    24592.588541212976     
    1    1      0.0000000000      0.0000000000      0.0000000000

     Dynamical  Matrix in cartesian axes

     q = (    0.583333333  -0.083333333   0.916666667 ) 

    1    1
  0.09250432  0.00000000   -0.01521382  0.00000000    0.01538726  0.00000000
 -0.01521382  0.00000000    0.15172146  0.00000000   -0.00214945  0.00000000
  0.01538726  0.00000000   -0.00214945  0.00000000    0.11971554  0.00000000

     Dynamical  Matrix in cartesian axes

     q = (    0.583333333  -0.083333333  -0.916666667 ) 

    1    1
  0.09250432  0.00000000   -0.01521382  0.00000000   -0.01538726  0.00000000
 -0.01521382  0.00000000    0.15172146  0.00000000    0.00214945  0.00000000
 -0.01538726  0.00000000    0.00214945  0.00000000    0.11971554  0.00000000

     Dynamical  Matrix in cartesian axes

     q = (    0.583333333   0.083333333   0.916666667 ) 

    1    1
  0.09250432  0.00000000    0.01521382  0.00000000    0.01538726  0.00000000
  0.01521382  0.00000000    0.15172146  0.00000000    0.00214945  0.00000000
  0.01538726  0.00000000    0.00214945  0.00000000    0.11971554  0.00000000

     Dynamical  Matrix in cartesian axes

     q = (    0.583333333   0.083333333  -0.916666667 ) 

    1    1
  0.09250432  0.00000000    0.01521382  0.00000000   -0.01538726  0.00000000
  0.01521382  0.00000000    0.15172146  0.00000000   -0.00214945  0.00000000
 -0.01538726  0.00000000   -0.00214945  0.00000000    0.11971554  0.00000000

     Dynamical  Matrix in cartesian axes

     q = (   -0.916666667  -0.083333333   0.583333333 ) 

    1    1
  0.11971554  0.00000000    0.00214945  0.00000000   -0.01538726  0.00000000
  0.00214945  0.00000000    0.15172146  0.00000000   -0.01521382  0.00000000
 -0.01538726  0.00000000   -0.01521382  0.00000000    0.09250432  0.00000000

     Dynamical  Matrix in cartesian axes

     q = (   -0.583333333  -0.083333333  -0.916666667 ) 

    1    1
  0.09250432  0.00000000    0.01521382  0.00000000    0.01538726  0.00000000
  0.01521382  0.00000000    0.15172146  0.00000000    0.00214945  0.00000000
  0.01538726  0.00000000    0.00214945  0.00000000    0.11971554  0.00000000

     Dynamical  Matrix in cartesian axes

     q = (   -0.583333333  -0.083333333   0.916666667 ) 

    1    1
  0.09250432  0.00000000    0.01521382  0.00000000   -0.01538726  0.00000000
  0.01521382  0.00000000    0.15172146  0.00000000   -0.00214945  0.00000000
 -0.01538726  0.00000000   -0.00214945  0.00000000    0.11971554  0.00000000

     Dynamical  Matrix in cartesian axes

     q = (    0.916666667  -0.083333333   0.583333333 ) 

    1    1
  0.11971554  0.00000000   -0.00214945  0.00000000    0.01538726  0.00000000
 -0.00214945  0.00000000    0.15172146  0.00000000   -0.01521382  0.00000000
  0.01538726  0.00000000   -0.01521382  0.00000000    0.09250432  0.00000000

     Dynamical  Matrix in cartesian axes

     q = (   -0.916666667   0.083333333  -0.583333333 ) 

    1    1
  0.11971554  0.00000000   -0.00214945  0.00000000    0.01538726  0.00000000
 -0.00214945  0.00000000    0.15172146  0.00000000   -0.01521382  0.00000000
  0.01538726  0.00000000   -0.01521382  0.00000000    0.09250432  0.00000000

     Dynamical  Matrix in cartesian axes

     q = (   -0.916666667  -0.083333333  -0.583333333 ) 

    1    1
  0.11971554  0.00000000    0.00214945  0.00000000    0.01538726  0.00000000
  0.00214945  0.00000000    0.15172146  0.00000000    0.01521382  0.00000000
  0.01538726  0.00000000    0.01521382  0.00000000    0.09250432  0.00000000

     Dynamical  Matrix in cartesian axes

     q = (   -0.916666667   0.083333333   0.583333333 ) 

    1    1
  0.11971554  0.00000000   -0.00214945  0.00000000   -0.01538726  0.00000000
 -0.00214945  0.00000000    0.15172146  0.00000000    0.01521382  0.00000000
 -0.01538726  0.00000000    0.01521382  0.00000000    0.09250432  0.00000000

     Dynamical  Matrix in cartesian axes

     q = (    0.916666667   0.083333333  -0.583333333 ) 

    1    1
  0.11971554  0.00000000    0.00214945  0.00000000   -0.01538726  0.00000000
  0.00214945  0.00000000    0.15172146  0.00000000   -0.01521382  0.00000000
 -0.01538726  0.00000000   -0.01521382  0.00000000    0.09250432  0.00000000

     Dynamical  Matrix in cartesian axes

     q = (   -0.583333333   0.083333333   0.916666667 ) 

    1    1
  0.09250432  0.00000000   -0.01521382  0.00000000   -0.01538726  0.00000000
 -0.01521382  0.00000000    0.15172146  0.00000000    0.00214945  0.00000000
 -0.01538726  0.00000000    0.00214945  0.00000000    0.11971554  0.00000000

     Dynamical  Matrix in cartesian axes

     q = (    0.916666667  -0.083333333  -0.583333333 ) 

    1    1
  0.11971554  0.00000000   -0.00214945  0.00000000   -0.01538726  0.00000000
 -0.00214945  0.00000000    0.15172146  0.00000000    0.01521382  0.00000000
 -0.01538726  0.00000000    0.01521382  0.00000000    0.09250432  0.00000000

     Dynamical  Matrix in cartesian axes

     q = (    0.916666667   0.083333333   0.583333333 ) 

    1    1
  0.11971554  0.00000000    0.00214945  0.00000000    0.01538726  0.00000000
  0.00214945  0.00000000    0.15172146  0.00000000    0.01521382  0.00000000
  0.01538726  0.00000000    0.01521382  0.00000000    0.09250432  0.00000000

     Dynamical  Matrix in cartesian axes

     q = (   -0.583333333   0.083333333  -0.916666667 ) 

    1    1
  0.09250432  0.00000000   -0.01521382  0.00000000    0.01538726  0.00000000
 -0.01521382  0.00000000    0.15172146  0.00000000   -0.00214945  0.00000000
  0.01538726  0.00000000   -0.00214945  0.00000000    0.11971554  0.00000000

     Dynamical  Matrix in cartesian axes

     q = (   -0.083333333   0.916666667   0.583333333 ) 

    1    1
  0.15172146  0.00000000   -0.00214945  0.00000000   -0.01521382  0.00000000
 -0.00214945  0.00000000    0.11971554  0.00000000    0.01538726  0.00000000
 -0.01521382  0.00000000    0.01538726  0.00000000    0.09250432  0.00000000

     Dynamical  Matrix in cartesian axes

     q = (    0.083333333   0.916666667  -0.583333333 ) 

    1    1
  0.15172146  0.00000000    0.00214945  0.00000000   -0.01521382  0.00000000
  0.00214945  0.00000000    0.11971554  0.00000000   -0.01538726  0.00000000
 -0.01521382  0.00000000   -0.01538726  0.00000000    0.09250432  0.00000000

     Dynamical  Matrix in cartesian axes

     q = (   -0.083333333  -0.916666667  -0.583333333 ) 

    1    1
  0.15172146  0.00000000    0.00214945  0.00000000    0.01521382  0.00000000
  0.00214945  0.00000000    0.11971554  0.00000000    0.01538726  0.00000000
  0.01521382  0.00000000    0.01538726  0.00000000    0.09250432  0.00000000

     Dynamical  Matrix in cartesian axes

     q = (   -0.083333333   0.583333333  -0.916666667 ) 

    1    1
  0.15172146  0.00000000   -0.01521382  0.00000000    0.00214945  0.00000000
 -0.01521382  0.00000000    0.09250432  0.00000000   -0.01538726  0.00000000
  0.00214945  0.00000000   -0.01538726  0.00000000    0.11971554  0.00000000

     Dynamical  Matrix in cartesian axes

     q = (    0.916666667   0.583333333  -0.083333333 ) 

    1    1
  0.11971554  0.00000000    0.01538726  0.00000000   -0.00214945  0.00000000
  0.01538726  0.00000000    0.09250432  0.00000000   -0.01521382  0.00000000
 -0.00214945  0.00000000   -0.01521382  0.00000000    0.15172146  0.00000000

     Dynamical  Matrix in cartesian axes

     q = (   -0.083333333   0.916666667  -0.583333333 ) 

    1    1
  0.15172146  0.00000000   -0.00214945  0.00000000    0.01521382  0.00000000
 -0.00214945  0.00000000    0.11971554  0.00000000   -0.01538726  0.00000000
  0.01521382  0.00000000   -0.01538726  0.00000000    0.09250432  0.00000000

     Dynamical  Matrix in cartesian axes

     q = (   -0.916666667  -0.583333333  -0.083333333 ) 

    1    1
  0.11971554  0.00000000    0.01538726  0.00000000    0.00214945  0.00000000
  0.01538726  0.00000000    0.09250432  0.00000000    0.01521382  0.00000000
  0.00214945  0.00000000    0.01521382  0.00000000    0.15172146  0.00000000

     Dynamical  Matrix in cartesian axes

     q = (   -0.916666667   0.583333333   0.083333333 ) 

    1    1
  0.11971554  0.00000000   -0.01538726  0.00000000   -0.00214945  0.00000000
 -0.01538726  0.00000000    0.09250432  0.00000000    0.01521382  0.00000000
 -0.00214945  0.00000000    0.01521382  0.00000000    0.15172146  0.00000000

     Dynamical  Matrix in cartesian axes

     q = (    0.083333333  -0.583333333   0.916666667 ) 

    1    1
  0.15172146  0.00000000   -0.01521382  0.00000000    0.00214945  0.00000000
 -0.01521382  0.00000000    0.09250432  0.00000000   -0.01538726  0.00000000
  0.00214945  0.00000000   -0.01538726  0.00000000    0.11971554  0.00000000

     Dynamical  Matrix in cartesian axes

     q = (    0.083333333  -0.916666667   0.583333333 ) 

    1    1
  0.15172146  0.00000000   -0.00214945  0.00000000    0.01521382  0.00000000
 -0.00214945  0.00000000    0.11971554  0.00000000   -0.01538726  0.00000000
  0.01521382  0.00000000   -0.01538726  0.00000000    0.09250432  0.00000000

     Dynamical  Matrix in cartesian axes

     q = (    0.583333333  -0.916666667   0.083333333 ) 

    1    1
  0.09250432  0.00000000   -0.01538726  0.00000000    0.01521382  0.00000000
 -0.01538726  0.00000000    0.11971554  0.00000000   -0.00214945  0.00000000
  0.01521382  0.00000000   -0.00214945  0.00000000    0.15172146  0.00000000

     Dynamical  Matrix in cartesian axes

     q = (   -0.916666667   0.583333333  -0.083333333 ) 

    1    1
  0.11971554  0.00000000   -0.01538726  0.00000000    0.00214945  0.00000000
 -0.01538726  0.00000000    0.09250432  0.00000000   -0.01521382  0.00000000
  0.00214945  0.00000000   -0.01521382  0.00000000    0.15172146  0.00000000

     Dynamical  Matrix in cartesian axes

     q = (    0.083333333   0.583333333   0.916666667 ) 

    1    1
  0.15172146  0.00000000    0.01521382  0.00000000    0.00214945  0.00000000
  0.01521382  0.00000000    0.09250432  0.00000000    0.01538726  0.00000000
  0.00214945  0.00000000    0.01538726  0.00000000    0.11971554  0.00000000

     Dynamical  Matrix in cartesian axes

     q = (   -0.083333333   0.583333333   0.916666667 ) 

    1    1
  0.15172146  0.00000000   -0.01521382  0.00000000   -0.00214945  0.00000000
 -0.01521382  0.00000000    0.09250432  0.00000000    0.01538726  0.00000000
 -0.00214945  0.00000000    0.01538726  0.00000000    0.11971554  0.00000000

     Dynamical  Matrix in cartesian axes

     q = (    0.083333333   0.583333333  -0.916666667 ) 

    1    1
  0.15172146  0.00000000    0.01521382  0.00000000   -0.00214945  0.00000000
  0.01521382  0.00000000    0.09250432  0.00000000   -0.01538726  0.00000000
 -0.00214945  0.00000000   -0.01538726  0.00000000    0.11971554  0.00000000

     Dynamical  Matrix in cartesian axes

     q = (   -0.083333333  -0.583333333  -0.916666667 ) 

    1    1
  0.15172146  0.00000000    0.01521382  0.00000000    0.00214945  0.00000000
  0.01521382  0.00000000    0.09250432  0.00000000    0.01538726  0.00000000
  0.00214945  0.00000000    0.01538726  0.00000000    0.11971554  0.00000000

     Dynamical  Matrix in cartesian axes

     q = (   -0.583333333  -0.916666667   0.083333333 ) 

    1    1
  0.09250432  0.00000000    0.01538726  0.00000000   -0.01521382  0.00000000
  0.01538726  0.00000000    0.11971554  0.00000000   -0.00214945  0.00000000
 -0.01521382  0.00000000   -0.00214945  0.00000000    0.15172146  0.00000000

     Dynamical  Matrix in cartesian axes

     q = (   -0.083333333  -0.583333333   0.916666667 ) 

    1    1
  0.15172146  0.00000000    0.01521382  0.00000000   -0.00214945  0.00000000
  0.01521382  0.00000000    0.09250432  0.00000000   -0.01538726  0.00000000
 -0.00214945  0.00000000   -0.01538726  0.00000000    0.11971554  0.00000000

     Dynamical  Matrix in cartesian axes

     q = (    0.916666667  -0.583333333   0.083333333 ) 

    1    1
  0.11971554  0.00000000   -0.01538726  0.00000000    0.00214945  0.00000000
 -0.01538726  0.00000000    0.09250432  0.00000000   -0.01521382  0.00000000
  0.00214945  0.00000000   -0.01521382  0.00000000    0.15172146  0.00000000

     Dynamical  Matrix in cartesian axes

     q = (    0.583333333   0.916666667   0.083333333 ) 

    1    1
  0.09250432  0.00000000    0.01538726  0.00000000    0.01521382  0.00000000
  0.01538726  0.00000000    0.11971554  0.00000000    0.00214945  0.00000000
  0.01521382  0.00000000    0.00214945  0.00000000    0.15172146  0.00000000

     Dynamical  Matrix in cartesian axes

     q = (    0.083333333  -0.583333333  -0.916666667 ) 

    1    1
  0.15172146  0.00000000   -0.01521382  0.00000000   -0.00214945  0.00000000
 -0.01521382  0.00000000    0.09250432  0.00000000    0.01538726  0.00000000
 -0.00214945  0.00000000    0.01538726  0.00000000    0.11971554  0.00000000

     Dynamical  Matrix in cartesian axes

     q = (    0.583333333   0.916666667  -0.083333333 ) 

    1    1
  0.09250432  0.00000000    0.01538726  0.00000000   -0.01521382  0.00000000
  0.01538726  0.00000000    0.11971554  0.00000000   -0.00214945  0.00000000
 -0.01521382  0.00000000   -0.00214945  0.00000000    0.15172146  0.00000000

     Dynamical  Matrix in cartesian axes

     q = (   -0.583333333   0.916666667  -0.083333333 ) 

    1    1
  0.09250432  0.00000000   -0.01538726  0.00000000    0.01521382  0.00000000
 -0.01538726  0.00000000    0.11971554  0.00000000   -0.00214945  0.00000000
  0.01521382  0.00000000   -0.00214945  0.00000000    0.15172146  0.00000000

     Dynamical  Matrix in cartesian axes

     q = (   -0.583333333   0.916666667   0.083333333 ) 

    1    1
  0.09250432  0.00000000   -0.01538726  0.00000000   -0.01521382  0.00000000
 -0.01538726  0.00000000    0.11971554  0.00000000    0.00214945  0.00000000
 -0.01521382  0.00000000    0.00214945  0.00000000    0.15172146  0.00000000

     Dynamical  Matrix in cartesian axes

     q = (    0.083333333  -0.916666667  -0.583333333 ) 

    1    1
  0.15172146  0.00000000   -0.00214945  0.00000000   -0.01521382  0.00000000
 -0.00214945  0.00000000    0.11971554  0.00000000    0.01538726  0.00000000
 -0.01521382  0.00000000    0.01538726  0.00000000    0.09250432  0.00000000

     Dynamical  Matrix in cartesian axes

     q = (   -0.083333333  -0.916666667   0.583333333 ) 

    1    1
  0.15172146  0.00000000    0.00214945  0.00000000   -0.01521382  0.00000000
  0.00214945  0.00000000    0.11971554  0.00000000   -0.01538726  0.00000000
 -0.01521382  0.00000000   -0.01538726  0.00000000    0.09250432  0.00000000

     Dynamical  Matrix in cartesian axes

     q = (    0.083333333   0.916666667   0.583333333 ) 

    1    1
  0.15172146  0.00000000    0.00214945  0.00000000    0.01521382  0.00000000
  0.00214945  0.00000000    0.11971554  0.00000000    0.01538726  0.00000000
  0.01521382  0.00000000    0.01538726  0.00000000    0.09250432  0.00000000

     Dynamical  Matrix in cartesian axes

     q = (    0.583333333  -0.916666667  -0.083333333 ) 

    1    1
  0.09250432  0.00000000   -0.01538726  0.00000000   -0.01521382  0.00000000
 -0.01538726  0.00000000    0.11971554  0.00000000    0.00214945  0.00000000
 -0.01521382  0.00000000    0.00214945  0.00000000    0.15172146  0.00000000

     Dynamical  Matrix in cartesian axes

     q = (   -0.916666667  -0.583333333   0.083333333 ) 

    1    1
  0.11971554  0.00000000    0.01538726  0.00000000   -0.00214945  0.00000000
  0.01538726  0.00000000    0.09250432  0.00000000   -0.01521382  0.00000000
 -0.00214945  0.00000000   -0.01521382  0.00000000    0.15172146  0.00000000

     Dynamical  Matrix in cartesian axes

     q = (   -0.583333333  -0.916666667  -0.083333333 ) 

    1    1
  0.09250432  0.00000000    0.01538726  0.00000000    0.01521382  0.00000000
  0.01538726  0.00000000    0.11971554  0.00000000    0.00214945  0.00000000
  0.01521382  0.00000000    0.00214945  0.00000000    0.15172146  0.00000000

     Dynamical  Matrix in cartesian axes

     q = (    0.916666667   0.583333333   0.083333333 ) 

    1    1
  0.11971554  0.00000000    0.01538726  0.00000000    0.00214945  0.00000000
  0.01538726  0.00000000    0.09250432  0.00000000    0.01521382  0.00000000
  0.00214945  0.00000000    0.01521382  0.00000000    0.15172146  0.00000000

     Dynamical  Matrix in cartesian axes

     q = (    0.916666667  -0.583333333  -0.083333333 ) 

    1    1
  0.11971554  0.00000000   -0.01538726  0.00000000   -0.00214945  0.00000000
 -0.01538726  0.00000000    0.09250432  0.00000000    0.01521382  0.00000000
 -0.00214945  0.00000000    0.01521382  0.00000000    0.15172146  0.00000000

     Diagonalizing the dynamical matrix

     q = (    0.583333333  -0.083333333   0.916666667 ) 

 **************************************************************************
     freq (    1) =       6.045906 [THz] =     201.669711 [cm-1]
 ( -0.909218  0.000000 -0.189855  0.000000  0.370510 -0.000000 ) 
     freq (    2) =       7.402515 [THz] =     246.921320 [cm-1]
 (  0.319877  0.000000  0.251030  0.000000  0.913599  0.000000 ) 
     freq (    3) =       8.295681 [THz] =     276.714132 [cm-1]
 (  0.266461  0.000000 -0.949178  0.000000  0.167511  0.000000 ) 
 **************************************************************************
