Dynamical matrix file
                                                                           
  1    1  2  7.6456000  0.0000000  0.0000000  0.0000000  0.0000000  0.0000000
           1  'Al  '    24592.588541212976     
    1    1      0.0000000000      0.0000000000      0.0000000000

     Dynamical  Matrix in cartesian axes

     q = (   -0.250000000   0.416666667  -0.083333333 ) 

    1    1
  0.05205593  0.00000000   -0.03248771  0.00000000    0.00999264  0.00000000
 -0.03248771  0.00000000    0.08229917  0.00000000   -0.01254899  0.00000000
  0.00999264  0.00000000   -0.01254899  0.00000000    0.04389920  0.00000000

     Dynamical  Matrix in cartesian axes

     q = (   -0.250000000   0.416666667   0.083333333 ) 

    1    1
  0.05205593  0.00000000   -0.03248771  0.00000000   -0.00999264  0.00000000
 -0.03248771  0.00000000    0.08229917  0.00000000    0.01254899  0.00000000
 -0.00999264  0.00000000    0.01254899  0.00000000    0.04389920  0.00000000

     Dynamical  Matrix in cartesian axes

     q = (   -0.083333333  -0.416666667  -0.250000000 ) 

    1    1
  0.04389920  0.00000000    0.01254899  0.00000000    0.00999264  0.00000000
  0.01254899  0.00000000    0.08229917  0.00000000    0.03248771  0.00000000
  0.00999264  0.00000000    0.03248771  0.00000000    0.05205593  0.00000000

     Dynamical  Matrix in cartesian axes

     q = (   -0.250000000  -0.416666667  -0.083333333 ) 

    1    1
  0.05205593  0.00000000    0.03248771  0.00000000    0.00999264  0.00000000
  0.03248771  0.00000000    0.08229917  0.00000000    0.01254899  0.00000000
  0.00999264  0.00000000    0.01254899  0.00000000    0.04389920  0.00000000

     Dynamical  Matrix in cartesian axes

     q = (    0.083333333   0.416666667  -0.250000000 ) 

    1    1
  0.04389920  0.00000000    0.01254899  0.00000000   -0.00999264  0.00000000
  0.01254899  0.00000000    0.08229917  0.00000000   -0.03248771  0.00000000
 -0.00999264  0.00000000   -0.03248771  0.00000000    0.05205593  0.00000000

     Dynamical  Matrix in cartesian axes

     q = (    0.250000000   0.416666667   0.083333333 ) 

    1    1
  0.05205593  0.00000000    0.03248771  0.00000000    0.00999264  0.00000000
  0.03248771  0.00000000    0.08229917  0.00000000    0.01254899  0.00000000
  0.00999264  0.00000000    0.01254899  0.00000000    0.04389920  0.00000000

     Dynamical  Matrix in cartesian axes

     q = (    0.250000000   0.416666667  -0.083333333 ) 

    1    1
  0.05205593  0.00000000    0.03248771  0.00000000   -0.00999264  0.00000000
  0.03248771  0.00000000    0.08229917  0.00000000   -0.01254899  0.00000000
 -0.00999264  0.00000000   -0.01254899  0.00000000    0.04389920  0.00000000

     Dynamical  Matrix in cartesian axes

     q = (   -0.083333333   0.416666667  -0.250000000 ) 

    1    1
  0.04389920  0.00000000   -0.01254899  0.00000000    0.00999264  0.00000000
 -0.01254899  0.00000000    0.08229917  0.00000000   -0.03248771  0.00000000
  0.00999264  0.00000000   -0.03248771  0.00000000    0.05205593  0.00000000

     Dynamical  Matrix in cartesian axes

     q = (    0.083333333  -0.416666667   0.250000000 ) 

    1    1
  0.04389920  0.00000000   -0.01254899  0.00000000    0.00999264  0.00000000
 -0.01254899  0.00000000    0.08229917  0.00000000   -0.03248771  0.00000000
  0.00999264  0.00000000   -0.03248771  0.00000000    0.05205593  0.00000000

     Dynamical  Matrix in cartesian axes

     q = (    0.083333333   0.416666667   0.250000000 ) 

    1    1
  0.04389920  0.00000000    0.01254899  0.00000000    0.00999264  0.00000000
  0.01254899  0.00000000    0.08229917  0.00000000    0.03248771  0.00000000
  0.00999264  0.00000000    0.03248771  0.00000000    0.05205593  0.00000000

     Dynamical  Matrix in cartesian axes

     q = (    0.083333333  -0.416666667  -0.250000000 ) 

    1    1
  0.04389920  0.00000000   -0.01254899  0.00000000   -0.00999264  0.00000000
 -0.01254899  0.00000000    0.08229917  0.00000000    0.03248771  0.00000000
 -0.00999264  0.00000000    0.03248771  0.00000000    0.05205593  0.00000000

     Dynamical  Matrix in cartesian axes

     q = (   -0.083333333  -0.416666667   0.250000000 ) 

    1    1
  0.04389920  0.00000000    0.01254899  0.00000000   -0.00999264  0.00000000
  0.01254899  0.00000000    0.08229917  0.00000000   -0.03248771  0.00000000
 -0.00999264  0.00000000   -0.03248771  0.00000000    0.05205593  0.00000000

     Dynamical  Matrix in cartesian axes

     q = (    0.250000000  -0.416666667  -0.083333333 ) 

    1    1
  0.05205593  0.00000000   -0.03248771  0.00000000   -0.00999264  0.00000000
 -0.03248771  0.00000000    0.08229917  0.00000000    0.01254899  0.00000000
 -0.00999264  0.00000000    0.01254899  0.00000000    0.04389920  0.00000000

     Dynamical  Matrix in cartesian axes

     q = (   -0.083333333   0.416666667   0.250000000 ) 

    1    1
  0.04389920  0.00000000   -0.01254899  0.00000000   -0.00999264  0.00000000
 -0.01254899  0.00000000    0.08229917  0.00000000    0.03248771  0.00000000
 -0.00999264  0.00000000    0.03248771  0.00000000    0.05205593  0.00000000

     Dynamical  Matrix in cartesian axes

     q = (   -0.250000000  -0.416666667   0.083333333 ) 

    1    1
  0.05205593  0.00000000    0.03248771  0.00000000   -0.00999264  0.00000000
  0.03248771  0.00000000    0.08229917  0.00000000   -0.01254899  0.00000000
 -0.00999264  0.00000000   -0.01254899  0.00000000    0.04389920  0.00000000

     Dynamical  Matrix in cartesian axes

     q = (    0.250000000  -0.416666667   0.083333333 ) 

    1    1
  0.05205593  0.00000000   -0.03248771  0.00000000    0.00999264  0.00000000
 -0.03248771  0.00000000    0.08229917  0.00000000   -0.01254899  0.00000000
  0.00999264  0.00000000   -0.01254899  0.00000000    0.04389920  0.00000000

     Dynamical  Matrix in cartesian axes

     q = (    0.416666667  -0.083333333  -0.250000000 ) 

    1    1
  0.08229917  0.00000000   -0.01254899  0.00000000   -0.03248771  0.00000000
 -0.01254899  0.00000000    0.04389920  0.00000000    0.00999264  0.00000000
 -0.03248771  0.00000000    0.00999264  0.00000000    0.05205593  0.00000000

     Dynamical  Matrix in cartesian axes

     q = (   -0.416666667  -0.083333333   0.250000000 ) 

    1    1
  0.08229917  0.00000000    0.01254899  0.00000000   -0.03248771  0.00000000
  0.01254899  0.00000000    0.04389920  0.00000000   -0.00999264  0.00000000
 -0.03248771  0.00000000   -0.00999264  0.00000000    0.05205593  0.00000000

     Dynamical  Matrix in cartesian axes

     q = (    0.416666667   0.083333333   0.250000000 ) 

    1    1
  0.08229917  0.00000000    0.01254899  0.00000000    0.03248771  0.00000000
  0.01254899  0.00000000    0.04389920  0.00000000    0.00999264  0.00000000
  0.03248771  0.00000000    0.00999264  0.00000000    0.05205593  0.00000000

     Dynamical  Matrix in cartesian axes

     q = (    0.416666667  -0.250000000   0.083333333 ) 

    1    1
  0.08229917  0.00000000   -0.03248771  0.00000000    0.01254899  0.00000000
 -0.03248771  0.00000000    0.05205593  0.00000000   -0.00999264  0.00000000
  0.01254899  0.00000000   -0.00999264  0.00000000    0.04389920  0.00000000

     Dynamical  Matrix in cartesian axes

     q = (   -0.083333333  -0.250000000   0.416666667 ) 

    1    1
  0.04389920  0.00000000    0.00999264  0.00000000   -0.01254899  0.00000000
  0.00999264  0.00000000    0.05205593  0.00000000   -0.03248771  0.00000000
 -0.01254899  0.00000000   -0.03248771  0.00000000    0.08229917  0.00000000

     Dynamical  Matrix in cartesian axes

     q = (    0.416666667  -0.083333333   0.250000000 ) 

    1    1
  0.08229917  0.00000000   -0.01254899  0.00000000    0.03248771  0.00000000
 -0.01254899  0.00000000    0.04389920  0.00000000   -0.00999264  0.00000000
  0.03248771  0.00000000   -0.00999264  0.00000000    0.05205593  0.00000000

     Dynamical  Matrix in cartesian axes

     q = (    0.083333333   0.250000000   0.416666667 ) 

    1    1
  0.04389920  0.00000000    0.00999264  0.00000000    0.01254899  0.00000000
  0.00999264  0.00000000    0.05205593  0.00000000    0.03248771  0.00000000
  0.01254899  0.00000000    0.03248771  0.00000000    0.08229917  0.00000000

     Dynamical  Matrix in cartesian axes

     q = (    0.083333333  -0.250000000  -0.416666667 ) 

    1    1
  0.04389920  0.00000000   -0.00999264  0.00000000   -0.01254899  0.00000000
 -0.00999264  0.00000000    0.05205593  0.00000000    0.03248771  0.00000000
 -0.01254899  0.00000000    0.03248771  0.00000000    0.08229917  0.00000000

     Dynamical  Matrix in cartesian axes

     q = (   -0.416666667   0.250000000  -0.083333333 ) 

    1    1
  0.08229917  0.00000000   -0.03248771  0.00000000    0.01254899  0.00000000
 -0.03248771  0.00000000    0.05205593  0.00000000   -0.00999264  0.00000000
  0.01254899  0.00000000   -0.00999264  0.00000000    0.04389920  0.00000000

     Dynamical  Matrix in cartesian axes

     q = (   -0.416666667   0.083333333  -0.250000000 ) 

    1    1
  0.08229917  0.00000000   -0.01254899  0.00000000    0.03248771  0.00000000
 -0.01254899  0.00000000    0.04389920  0.00000000   -0.00999264  0.00000000
  0.03248771  0.00000000   -0.00999264  0.00000000    0.05205593  0.00000000

     Dynamical  Matrix in cartesian axes

     q = (   -0.250000000   0.083333333  -0.416666667 ) 

    1    1
  0.05205593  0.00000000   -0.00999264  0.00000000    0.03248771  0.00000000
 -0.00999264  0.00000000    0.04389920  0.00000000   -0.01254899  0.00000000
  0.03248771  0.00000000   -0.01254899  0.00000000    0.08229917  0.00000000

     Dynamical  Matrix in cartesian axes

     q = (    0.083333333  -0.250000000   0.416666667 ) 

    1    1
  0.04389920  0.00000000   -0.00999264  0.00000000    0.01254899  0.00000000
 -0.00999264  0.00000000    0.05205593  0.00000000   -0.03248771  0.00000000
  0.01254899  0.00000000   -0.03248771  0.00000000    0.08229917  0.00000000

     Dynamical  Matrix in cartesian axes

     q = (   -0.416666667  -0.250000000  -0.083333333 ) 

    1    1
  0.08229917  0.00000000    0.03248771  0.00000000    0.01254899  0.00000000
  0.03248771  0.00000000    0.05205593  0.00000000    0.00999264  0.00000000
  0.01254899  0.00000000    0.00999264  0.00000000    0.04389920  0.00000000

     Dynamical  Matrix in cartesian axes

     q = (    0.416666667  -0.250000000  -0.083333333 ) 

    1    1
  0.08229917  0.00000000   -0.03248771  0.00000000   -0.01254899  0.00000000
 -0.03248771  0.00000000    0.05205593  0.00000000    0.00999264  0.00000000
 -0.01254899  0.00000000    0.00999264  0.00000000    0.04389920  0.00000000

     Dynamical  Matrix in cartesian axes

     q = (   -0.416666667  -0.250000000   0.083333333 ) 

    1    1
  0.08229917  0.00000000    0.03248771  0.00000000   -0.01254899  0.00000000
  0.03248771  0.00000000    0.05205593  0.00000000   -0.00999264  0.00000000
 -0.01254899  0.00000000   -0.00999264  0.00000000    0.04389920  0.00000000

     Dynamical  Matrix in cartesian axes

     q = (    0.416666667   0.250000000   0.083333333 ) 

    1    1
  0.08229917  0.00000000    0.03248771  0.00000000    0.01254899  0.00000000
  0.03248771  0.00000000    0.05205593  0.00000000    0.00999264  0.00000000
  0.01254899  0.00000000    0.00999264  0.00000000    0.04389920  0.00000000

     Dynamical  Matrix in cartesian axes

     q = (    0.250000000   0.083333333  -0.416666667 ) 

    1    1
  0.05205593  0.00000000    0.00999264  0.00000000   -0.03248771  0.00000000
  0.00999264  0.00000000    0.04389920  0.00000000   -0.01254899  0.00000000
 -0.03248771  0.00000000   -0.01254899  0.00000000    0.08229917  0.00000000

     Dynamical  Matrix in cartesian axes

     q = (    0.416666667   0.250000000  -0.083333333 ) 

    1    1
  0.08229917  0.00000000    0.03248771  0.00000000   -0.01254899  0.00000000
  0.03248771  0.00000000    0.05205593  0.00000000   -0.00999264  0.00000000
 -0.01254899  0.00000000   -0.00999264  0.00000000    0.04389920  0.00000000

     Dynamical  Matrix in cartesian axes

     q = (   -0.083333333   0.250000000  -0.416666667 ) 

    1    1
  0.04389920  0.00000000   -0.00999264  0.00000000    0.01254899  0.00000000
 -0.00999264  0.00000000    0.05205593  0.00000000   -0.03248771  0.00000000
  0.01254899  0.00000000   -0.03248771  0.00000000    0.08229917  0.00000000

     Dynamical  Matrix in cartesian axes

     q = (   -0.250000000  -0.083333333  -0.416666667 ) 

    1    1
  0.05205593  0.00000000    0.00999264  0.00000000    0.03248771  0.00000000
  0.00999264  0.00000000    0.04389920  0.00000000    0.01254899  0.00000000
  0.03248771  0.00000000    0.01254899  0.00000000    0.08229917  0.00000000

     Dynamical  Matrix in cartesian axes

     q = (   -0.416666667   0.250000000   0.083333333 ) 

    1    1
  0.08229917  0.00000000   -0.03248771  0.00000000   -0.01254899  0.00000000
 -0.03248771  0.00000000    0.05205593  0.00000000    0.00999264  0.00000000
 -0.01254899  0.00000000    0.00999264  0.00000000    0.04389920  0.00000000

     Dynamical  Matrix in cartesian axes

     q = (   -0.250000000  -0.083333333   0.416666667 ) 

    1    1
  0.05205593  0.00000000    0.00999264  0.00000000   -0.03248771  0.00000000
  0.00999264  0.00000000    0.04389920  0.00000000   -0.01254899  0.00000000
 -0.03248771  0.00000000   -0.01254899  0.00000000    0.08229917  0.00000000

     Dynamical  Matrix in cartesian axes

     q = (    0.250000000  -0.083333333   0.416666667 ) 

    1    1
  0.05205593  0.00000000   -0.00999264  0.00000000    0.03248771  0.00000000
 -0.00999264  0.00000000    0.04389920  0.00000000   -0.01254899  0.00000000
  0.03248771  0.00000000   -0.01254899  0.00000000    0.08229917  0.00000000

     Dynamical  Matrix in cartesian axes

     q = (    0.250000000  -0.083333333  -0.416666667 ) 

    1    1
  0.05205593  0.00000000   -0.00999264  0.00000000   -0.03248771  0.00000000
 -0.00999264  0.00000000    0.04389920  0.00000000    0.01254899  0.00000000
 -0.03248771  0.00000000    0.01254899  0.00000000    0.08229917  0.00000000

     Dynamical  Matrix in cartesian axes

     q = (   -0.416666667   0.083333333   0.250000000 ) 

    1    1
  0.08229917  0.00000000   -0.01254899  0.00000000   -0.03248771  0.00000000
 -0.01254899  0.00000000    0.04389920  0.00000000    0.00999264  0.00000000
 -0.03248771  0.00000000    0.00999264  0.00000000    0.05205593  0.00000000

     Dynamical  Matrix in cartesian axes

     q = (    0.416666667   0.083333333  -0.250000000 ) 

    1    1
  0.08229917  0.00000000    0.01254899  0.00000000   -0.03248771  0.00000000
  0.01254899  0.00000000    0.04389920  0.00000000   -0.00999264  0.00000000
 -0.03248771  0.00000000   -0.00999264  0.00000000    0.05205593  0.00000000

     Dynamical  Matrix in cartesian axes

     q = (   -0.416666667  -0.083333333  -0.250000000 ) 

    1    1
  0.08229917  0.00000000    0.01254899  0.00000000    0.03248771  0.00000000
  0.01254899  0.00000000    0.04389920  0.00000000    0.00999264  0.00000000
  0.03248771  0.00000000    0.00999264  0.00000000    0.05205593  0.00000000

     Dynamical  Matrix in cartesian axes

     q = (   -0.250000000   0.083333333   0.416666667 ) 

    1    1
  0.05205593  0.00000000   -0.00999264  0.00000000   -0.03248771  0.00000000
 -0.00999264  0.00000000    0.04389920  0.00000000    0.01254899  0.00000000
 -0.03248771  0.00000000    0.01254899  0.00000000    0.08229917  0.00000000

     Dynamical  Matrix in cartesian axes

     q = (    0.083333333   0.250000000  -0.416666667 ) 

    1    1
  0.04389920  0.00000000    0.00999264  0.00000000   -0.01254899  0.00000000
  0.00999264  0.00000000    0.05205593  0.00000000   -0.03248771  0.00000000
 -0.01254899  0.00000000   -0.03248771  0.00000000    0.08229917  0.00000000

     Dynamical  Matrix in cartesian axes

     q = (    0.250000000   0.083333333   0.416666667 ) 

    1    1
  0.05205593  0.00000000    0.00999264  0.00000000    0.03248771  0.00000000
  0.00999264  0.00000000    0.04389920  0.00000000    0.01254899  0.00000000
  0.03248771  0.00000000    0.01254899  0.00000000    0.08229917  0.00000000

     Dynamical  Matrix in cartesian axes

     q = (   -0.083333333  -0.250000000  -0.416666667 ) 

    1    1
  0.04389920  0.00000000    0.00999264  0.00000000    0.01254899  0.00000000
  0.00999264  0.00000000    0.05205593  0.00000000    0.03248771  0.00000000
  0.01254899  0.00000000    0.03248771  0.00000000    0.08229917  0.00000000

     Dynamical  Matrix in cartesian axes

     q = (   -0.083333333   0.250000000   0.416666667 ) 

    1    1
  0.04389920  0.00000000   -0.00999264  0.00000000   -0.01254899  0.00000000
 -0.00999264  0.00000000    0.05205593  0.00000000    0.03248771  0.00000000
 -0.01254899  0.00000000    0.03248771  0.00000000    0.08229917  0.00000000

     Diagonalizing the dynamical matrix

     q = (   -0.250000000   0.416666667  -0.083333333 ) 

 **************************************************************************
     freq (    1) =       3.696040 [THz] =     123.286621 [cm-1]
 (  0.850316  0.000000  0.495554  0.000000 -0.177170  0.000000 ) 
     freq (    2) =       4.204535 [THz] =     140.248176 [cm-1]
 (  0.022864  0.000000  0.301546  0.000000  0.953177  0.000000 ) 
     freq (    3) =       6.863665 [THz] =     228.947216 [cm-1]
 (  0.525776  0.000000 -0.814552  0.000000  0.245079  0.000000 ) 
 **************************************************************************
