Dynamical matrix file
                                                                           
  1    1  2  7.6456000  0.0000000  0.0000000  0.0000000  0.0000000  0.0000000
           1  'Al  '    24592.588541212976     
    1    1      0.0000000000      0.0000000000      0.0000000000

     Dynamical  Matrix in cartesian axes

     q = (    0.583333333  -0.250000000   0.916666667 ) 

    1    1
  0.09106626  0.00000000   -0.03878409  0.00000000    0.01501790  0.00000000
 -0.03878409  0.00000000    0.13954604  0.00000000   -0.00748882  0.00000000
  0.01501790  0.00000000   -0.00748882  0.00000000    0.11027180  0.00000000

     Dynamical  Matrix in cartesian axes

     q = (    0.583333333  -0.250000000  -0.916666667 ) 

    1    1
  0.09106626  0.00000000   -0.03878409  0.00000000   -0.01501790  0.00000000
 -0.03878409  0.00000000    0.13954604  0.00000000    0.00748882  0.00000000
 -0.01501790  0.00000000    0.00748882  0.00000000    0.11027180  0.00000000

     Dynamical  Matrix in cartesian axes

     q = (    0.583333333   0.250000000   0.916666667 ) 

    1    1
  0.09106626  0.00000000    0.03878409  0.00000000    0.01501790  0.00000000
  0.03878409  0.00000000    0.13954604  0.00000000    0.00748882  0.00000000
  0.01501790  0.00000000    0.00748882  0.00000000    0.11027180  0.00000000

     Dynamical  Matrix in cartesian axes

     q = (    0.583333333   0.250000000  -0.916666667 ) 

    1    1
  0.09106626  0.00000000    0.03878409  0.00000000   -0.01501790  0.00000000
  0.03878409  0.00000000    0.13954604  0.00000000   -0.00748882  0.00000000
 -0.01501790  0.00000000   -0.00748882  0.00000000    0.11027180  0.00000000

     Dynamical  Matrix in cartesian axes

     q = (   -0.916666667  -0.250000000   0.583333333 ) 

    1    1
  0.11027180  0.00000000    0.00748882  0.00000000   -0.01501790  0.00000000
  0.00748882  0.00000000    0.13954604  0.00000000   -0.03878409  0.00000000
 -0.01501790  0.00000000   -0.03878409  0.00000000    0.09106626  0.00000000

     Dynamical  Matrix in cartesian axes

     q = (   -0.583333333  -0.250000000  -0.916666667 ) 

    1    1
  0.09106626  0.00000000    0.03878409  0.00000000    0.01501790  0.00000000
  0.03878409  0.00000000    0.13954604  0.00000000    0.00748882  0.00000000
  0.01501790  0.00000000    0.00748882  0.00000000    0.11027180  0.00000000

     Dynamical  Matrix in cartesian axes

     q = (   -0.583333333  -0.250000000   0.916666667 ) 

    1    1
  0.09106626  0.00000000    0.03878409  0.00000000   -0.01501790  0.00000000
  0.03878409  0.00000000    0.13954604  0.00000000   -0.00748882  0.00000000
 -0.01501790  0.00000000   -0.00748882  0.00000000    0.11027180  0.00000000

     Dynamical  Matrix in cartesian axes

     q = (    0.916666667  -0.250000000   0.583333333 ) 

    1    1
  0.11027180  0.00000000   -0.00748882  0.00000000    0.01501790  0.00000000
 -0.00748882  0.00000000    0.13954604  0.00000000   -0.03878409  0.00000000
  0.01501790  0.00000000   -0.03878409  0.00000000    0.09106626  0.00000000

     Dynamical  Matrix in cartesian axes

     q = (   -0.916666667   0.250000000  -0.583333333 ) 

    1    1
  0.11027180  0.00000000   -0.00748882  0.00000000    0.01501790  0.00000000
 -0.00748882  0.00000000    0.13954604  0.00000000   -0.03878409  0.00000000
  0.01501790  0.00000000   -0.03878409  0.00000000    0.09106626  0.00000000

     Dynamical  Matrix in cartesian axes

     q = (   -0.916666667  -0.250000000  -0.583333333 ) 

    1    1
  0.11027180  0.00000000    0.00748882  0.00000000    0.01501790  0.00000000
  0.00748882  0.00000000    0.13954604  0.00000000    0.03878409  0.00000000
  0.01501790  0.00000000    0.03878409  0.00000000    0.09106626  0.00000000

     Dynamical  Matrix in cartesian axes

     q = (   -0.916666667   0.250000000   0.583333333 ) 

    1    1
  0.11027180  0.00000000   -0.00748882  0.00000000   -0.01501790  0.00000000
 -0.00748882  0.00000000    0.13954604  0.00000000    0.03878409  0.00000000
 -0.01501790  0.00000000    0.03878409  0.00000000    0.09106626  0.00000000

     Dynamical  Matrix in cartesian axes

     q = (    0.916666667   0.250000000  -0.583333333 ) 

    1    1
  0.11027180  0.00000000    0.00748882  0.00000000   -0.01501790  0.00000000
  0.00748882  0.00000000    0.13954604  0.00000000   -0.03878409  0.00000000
 -0.01501790  0.00000000   -0.03878409  0.00000000    0.09106626  0.00000000

     Dynamical  Matrix in cartesian axes

     q = (   -0.583333333   0.250000000   0.916666667 ) 

    1    1
  0.09106626  0.00000000   -0.03878409  0.00000000   -0.01501790  0.00000000
 -0.03878409  0.00000000    0.13954604  0.00000000    0.00748882  0.00000000
 -0.01501790  0.00000000    0.00748882  0.00000000    0.11027180  0.00000000

     Dynamical  Matrix in cartesian axes

     q = (    0.916666667  -0.250000000  -0.583333333 ) 

    1    1
  0.11027180  0.00000000   -0.00748882  0.00000000   -0.01501790  0.00000000
 -0.00748882  0.00000000    0.13954604  0.00000000    0.03878409  0.00000000
 -0.01501790  0.00000000    0.03878409  0.00000000    0.09106626  0.00000000

     Dynamical  Matrix in cartesian axes

     q = (    0.916666667   0.250000000   0.583333333 ) 

    1    1
  0.11027180  0.00000000    0.00748882  0.00000000    0.01501790  0.00000000
  0.00748882  0.00000000    0.13954604  0.00000000    0.03878409  0.00000000
  0.01501790  0.00000000    0.03878409  0.00000000    0.09106626  0.00000000

     Dynamical  Matrix in cartesian axes

     q = (   -0.583333333   0.250000000  -0.916666667 ) 

    1    1
  0.09106626  0.00000000   -0.03878409  0.00000000    0.01501790  0.00000000
 -0.03878409  0.00000000    0.13954604  0.00000000   -0.00748882  0.00000000
  0.01501790  0.00000000   -0.00748882  0.00000000    0.11027180  0.00000000

     Dynamical  Matrix in cartesian axes

     q = (   -0.250000000   0.916666667   0.583333333 ) 

    1    1
  0.13954604  0.00000000   -0.00748882  0.00000000   -0.03878409  0.00000000
 -0.00748882  0.00000000    0.11027180  0.00000000    0.01501790  0.00000000
 -0.03878409  0.00000000    0.01501790  0.00000000    0.09106626  0.00000000

     Dynamical  Matrix in cartesian axes

     q = (    0.250000000   0.916666667  -0.583333333 ) 

    1    1
  0.13954604  0.00000000    0.00748882  0.00000000   -0.03878409  0.00000000
  0.00748882  0.00000000    0.11027180  0.00000000   -0.01501790  0.00000000
 -0.03878409  0.00000000   -0.01501790  0.00000000    0.09106626  0.00000000

     Dynamical  Matrix in cartesian axes

     q = (   -0.250000000  -0.916666667  -0.583333333 ) 

    1    1
  0.13954604  0.00000000    0.00748882  0.00000000    0.03878409  0.00000000
  0.00748882  0.00000000    0.11027180  0.00000000    0.01501790  0.00000000
  0.03878409  0.00000000    0.01501790  0.00000000    0.09106626  0.00000000

     Dynamical  Matrix in cartesian axes

     q = (   -0.250000000   0.583333333  -0.916666667 ) 

    1    1
  0.13954604  0.00000000   -0.03878409  0.00000000    0.00748882  0.00000000
 -0.03878409  0.00000000    0.09106626  0.00000000   -0.01501790  0.00000000
  0.00748882  0.00000000   -0.01501790  0.00000000    0.11027180  0.00000000

     Dynamical  Matrix in cartesian axes

     q = (    0.916666667   0.583333333  -0.250000000 ) 

    1    1
  0.11027180  0.00000000    0.01501790  0.00000000   -0.00748882  0.00000000
  0.01501790  0.00000000    0.09106626  0.00000000   -0.03878409  0.00000000
 -0.00748882  0.00000000   -0.03878409  0.00000000    0.13954604  0.00000000

     Dynamical  Matrix in cartesian axes

     q = (   -0.250000000   0.916666667  -0.583333333 ) 

    1    1
  0.13954604  0.00000000   -0.00748882  0.00000000    0.03878409  0.00000000
 -0.00748882  0.00000000    0.11027180  0.00000000   -0.01501790  0.00000000
  0.03878409  0.00000000   -0.01501790  0.00000000    0.09106626  0.00000000

     Dynamical  Matrix in cartesian axes

     q = (   -0.916666667  -0.583333333  -0.250000000 ) 

    1    1
  0.11027180  0.00000000    0.01501790  0.00000000    0.00748882  0.00000000
  0.01501790  0.00000000    0.09106626  0.00000000    0.03878409  0.00000000
  0.00748882  0.00000000    0.03878409  0.00000000    0.13954604  0.00000000

     Dynamical  Matrix in cartesian axes

     q = (   -0.916666667   0.583333333   0.250000000 ) 

    1    1
  0.11027180  0.00000000   -0.01501790  0.00000000   -0.00748882  0.00000000
 -0.01501790  0.00000000    0.09106626  0.00000000    0.03878409  0.00000000
 -0.00748882  0.00000000    0.03878409  0.00000000    0.13954604  0.00000000

     Dynamical  Matrix in cartesian axes

     q = (    0.250000000  -0.583333333   0.916666667 ) 

    1    1
  0.13954604  0.00000000   -0.03878409  0.00000000    0.00748882  0.00000000
 -0.03878409  0.00000000    0.09106626  0.00000000   -0.01501790  0.00000000
  0.00748882  0.00000000   -0.01501790  0.00000000    0.11027180  0.00000000

     Dynamical  Matrix in cartesian axes

     q = (    0.250000000  -0.916666667   0.583333333 ) 

    1    1
  0.13954604  0.00000000   -0.00748882  0.00000000    0.03878409  0.00000000
 -0.00748882  0.00000000    0.11027180  0.00000000   -0.01501790  0.00000000
  0.03878409  0.00000000   -0.01501790  0.00000000    0.09106626  0.00000000

     Dynamical  Matrix in cartesian axes

     q = (    0.583333333  -0.916666667   0.250000000 ) 

    1    1
  0.09106626  0.00000000   -0.01501790  0.00000000    0.03878409  0.00000000
 -0.01501790  0.00000000    0.11027180  0.00000000   -0.00748882  0.00000000
  0.03878409  0.00000000   -0.00748882  0.00000000    0.13954604  0.00000000

     Dynamical  Matrix in cartesian axes

     q = (   -0.916666667   0.583333333  -0.250000000 ) 

    1    1
  0.11027180  0.00000000   -0.01501790  0.00000000    0.00748882  0.00000000
 -0.01501790  0.00000000    0.09106626  0.00000000   -0.03878409  0.00000000
  0.00748882  0.00000000   -0.03878409  0.00000000    0.13954604  0.00000000

     Dynamical  Matrix in cartesian axes

     q = (    0.250000000   0.583333333   0.916666667 ) 

    1    1
  0.13954604  0.00000000    0.03878409  0.00000000    0.00748882  0.00000000
  0.03878409  0.00000000    0.09106626  0.00000000    0.01501790  0.00000000
  0.00748882  0.00000000    0.01501790  0.00000000    0.11027180  0.00000000

     Dynamical  Matrix in cartesian axes

     q = (   -0.250000000   0.583333333   0.916666667 ) 

    1    1
  0.13954604  0.00000000   -0.03878409  0.00000000   -0.00748882  0.00000000
 -0.03878409  0.00000000    0.09106626  0.00000000    0.01501790  0.00000000
 -0.00748882  0.00000000    0.01501790  0.00000000    0.11027180  0.00000000

     Dynamical  Matrix in cartesian axes

     q = (    0.250000000   0.583333333  -0.916666667 ) 

    1    1
  0.13954604  0.00000000    0.03878409  0.00000000   -0.00748882  0.00000000
  0.03878409  0.00000000    0.09106626  0.00000000   -0.01501790  0.00000000
 -0.00748882  0.00000000   -0.01501790  0.00000000    0.11027180  0.00000000

     Dynamical  Matrix in cartesian axes

     q = (   -0.250000000  -0.583333333  -0.916666667 ) 

    1    1
  0.13954604  0.00000000    0.03878409  0.00000000    0.00748882  0.00000000
  0.03878409  0.00000000    0.09106626  0.00000000    0.01501790  0.00000000
  0.00748882  0.00000000    0.01501790  0.00000000    0.11027180  0.00000000

     Dynamical  Matrix in cartesian axes

     q = (   -0.583333333  -0.916666667   0.250000000 ) 

    1    1
  0.09106626  0.00000000    0.01501790  0.00000000   -0.03878409  0.00000000
  0.01501790  0.00000000    0.11027180  0.00000000   -0.00748882  0.00000000
 -0.03878409  0.00000000   -0.00748882  0.00000000    0.13954604  0.00000000

     Dynamical  Matrix in cartesian axes

     q = (   -0.250000000  -0.583333333   0.916666667 ) 

    1    1
  0.13954604  0.00000000    0.03878409  0.00000000   -0.00748882  0.00000000
  0.03878409  0.00000000    0.09106626  0.00000000   -0.01501790  0.00000000
 -0.00748882  0.00000000   -0.01501790  0.00000000    0.11027180  0.00000000

     Dynamical  Matrix in cartesian axes

     q = (    0.916666667  -0.583333333   0.250000000 ) 

    1    1
  0.11027180  0.00000000   -0.01501790  0.00000000    0.00748882  0.00000000
 -0.01501790  0.00000000    0.09106626  0.00000000   -0.03878409  0.00000000
  0.00748882  0.00000000   -0.03878409  0.00000000    0.13954604  0.00000000

     Dynamical  Matrix in cartesian axes

     q = (    0.583333333   0.916666667   0.250000000 ) 

    1    1
  0.09106626  0.00000000    0.01501790  0.00000000    0.03878409  0.00000000
  0.01501790  0.00000000    0.11027180  0.00000000    0.00748882  0.00000000
  0.03878409  0.00000000    0.00748882  0.00000000    0.13954604  0.00000000

     Dynamical  Matrix in cartesian axes

     q = (    0.250000000  -0.583333333  -0.916666667 ) 

    1    1
  0.13954604  0.00000000   -0.03878409  0.00000000   -0.00748882  0.00000000
 -0.03878409  0.00000000    0.09106626  0.00000000    0.01501790  0.00000000
 -0.00748882  0.00000000    0.01501790  0.00000000    0.11027180  0.00000000

     Dynamical  Matrix in cartesian axes

     q = (    0.583333333   0.916666667  -0.250000000 ) 

    1    1
  0.09106626  0.00000000    0.01501790  0.00000000   -0.03878409  0.00000000
  0.01501790  0.00000000    0.11027180  0.00000000   -0.00748882  0.00000000
 -0.03878409  0.00000000   -0.00748882  0.00000000    0.13954604  0.00000000

     Dynamical  Matrix in cartesian axes

     q = (   -0.583333333   0.916666667  -0.250000000 ) 

    1    1
  0.09106626  0.00000000   -0.01501790  0.00000000    0.03878409  0.00000000
 -0.01501790  0.00000000    0.11027180  0.00000000   -0.00748882  0.00000000
  0.03878409  0.00000000   -0.00748882  0.00000000    0.13954604  0.00000000

     Dynamical  Matrix in cartesian axes

     q = (   -0.583333333   0.916666667   0.250000000 ) 

    1    1
  0.09106626  0.00000000   -0.01501790  0.00000000   -0.03878409  0.00000000
 -0.01501790  0.00000000    0.11027180  0.00000000    0.00748882  0.00000000
 -0.03878409  0.00000000    0.00748882  0.00000000    0.13954604  0.00000000

     Dynamical  Matrix in cartesian axes

     q = (    0.250000000  -0.916666667  -0.583333333 ) 

    1    1
  0.13954604  0.00000000   -0.00748882  0.00000000   -0.03878409  0.00000000
 -0.00748882  0.00000000    0.11027180  0.00000000    0.01501790  0.00000000
 -0.03878409  0.00000000    0.01501790  0.00000000    0.09106626  0.00000000

     Dynamical  Matrix in cartesian axes

     q = (   -0.250000000  -0.916666667   0.583333333 ) 

    1    1
  0.13954604  0.00000000    0.00748882  0.00000000   -0.03878409  0.00000000
  0.00748882  0.00000000    0.11027180  0.00000000   -0.01501790  0.00000000
 -0.03878409  0.00000000   -0.01501790  0.00000000    0.09106626  0.00000000

     Dynamical  Matrix in cartesian axes

     q = (    0.250000000   0.916666667   0.583333333 ) 

    1    1
  0.13954604  0.00000000    0.00748882  0.00000000    0.03878409  0.00000000
  0.00748882  0.00000000    0.11027180  0.00000000    0.01501790  0.00000000
  0.03878409  0.00000000    0.01501790  0.00000000    0.09106626  0.00000000

     Dynamical  Matrix in cartesian axes

     q = (    0.583333333  -0.916666667  -0.250000000 ) 

    1    1
  0.09106626  0.00000000   -0.01501790  0.00000000   -0.03878409  0.00000000
 -0.01501790  0.00000000    0.11027180  0.00000000    0.00748882  0.00000000
 -0.03878409  0.00000000    0.00748882  0.00000000    0.13954604  0.00000000

     Dynamical  Matrix in cartesian axes

     q = (   -0.916666667  -0.583333333   0.250000000 ) 

    1    1
  0.11027180  0.00000000    0.01501790  0.00000000   -0.00748882  0.00000000
  0.01501790  0.00000000    0.09106626  0.00000000   -0.03878409  0.00000000
 -0.00748882  0.00000000   -0.03878409  0.00000000    0.13954604  0.00000000

     Dynamical  Matrix in cartesian axes

     q = (   -0.583333333  -0.916666667  -0.250000000 ) 

    1    1
  0.09106626  0.00000000    0.01501790  0.00000000    0.03878409  0.00000000
  0.01501790  0.00000000    0.11027180  0.00000000    0.00748882  0.00000000
  0.03878409  0.00000000    0.00748882  0.00000000    0.13954604  0.00000000

     Dynamical  Matrix in cartesian axes

     q = (    0.916666667   0.583333333   0.250000000 ) 

    1    1
  0.11027180  0.00000000    0.01501790  0.00000000    0.00748882  0.00000000
  0.01501790  0.00000000    0.09106626  0.00000000    0.03878409  0.00000000
  0.00748882  0.00000000    0.03878409  0.00000000    0.13954604  0.00000000

     Dynamical  Matrix in cartesian axes

     q = (    0.916666667  -0.583333333  -0.250000000 ) 

    1    1
  0.11027180  0.00000000   -0.01501790  0.00000000   -0.00748882  0.00000000
 -0.01501790  0.00000000    0.09106626  0.00000000    0.03878409  0.00000000
 -0.00748882  0.00000000    0.03878409  0.00000000    0.13954604  0.00000000

     Diagonalizing the dynamical matrix

     q = (    0.583333333  -0.250000000   0.916666667 ) 

 **************************************************************************
     freq (    1) =       5.444688 [THz] =     181.615234 [cm-1]
 (  0.867633  0.000000  0.442673  0.000000 -0.226391  0.000000 ) 
     freq (    2) =       6.922895 [THz] =     230.922934 [cm-1]
 (  0.077927  0.000000  0.328631  0.000000  0.941238  0.000000 ) 
     freq (    3) =       8.511761 [THz] =     283.921778 [cm-1]
 (  0.491060  0.000000 -0.834291  0.000000  0.250635  0.000000 ) 
 **************************************************************************
