Dynamical matrix file
                                                                           
  1    1  2  7.6456000  0.0000000  0.0000000  0.0000000  0.0000000  0.0000000
           1  'Al  '    24592.588541212976     
    1    1      0.0000000000      0.0000000000      0.0000000000

     Dynamical  Matrix in cartesian axes

     q = (    0.583333333  -0.083333333   0.750000000 ) 

    1    1
  0.09833181  0.00000000   -0.01423136  0.00000000    0.03965573  0.00000000
 -0.01423136  0.00000000    0.14070180  0.00000000   -0.00828580  0.00000000
  0.03965573  0.00000000   -0.00828580  0.00000000    0.11781349  0.00000000

     Dynamical  Matrix in cartesian axes

     q = (    0.583333333  -0.083333333  -0.750000000 ) 

    1    1
  0.09833181  0.00000000   -0.01423136  0.00000000   -0.03965573  0.00000000
 -0.01423136  0.00000000    0.14070180  0.00000000    0.00828580  0.00000000
 -0.03965573  0.00000000    0.00828580  0.00000000    0.11781349  0.00000000

     Dynamical  Matrix in cartesian axes

     q = (    0.750000000   0.083333333   0.583333333 ) 

    1    1
  0.11781349  0.00000000    0.00828580  0.00000000    0.03965573  0.00000000
  0.00828580  0.00000000    0.14070180  0.00000000    0.01423136  0.00000000
  0.03965573  0.00000000    0.01423136  0.00000000    0.09833181  0.00000000

     Dynamical  Matrix in cartesian axes

     q = (    0.583333333   0.083333333   0.750000000 ) 

    1    1
  0.09833181  0.00000000    0.01423136  0.00000000    0.03965573  0.00000000
  0.01423136  0.00000000    0.14070180  0.00000000    0.00828580  0.00000000
  0.03965573  0.00000000    0.00828580  0.00000000    0.11781349  0.00000000

     Dynamical  Matrix in cartesian axes

     q = (   -0.750000000  -0.083333333   0.583333333 ) 

    1    1
  0.11781349  0.00000000    0.00828580  0.00000000   -0.03965573  0.00000000
  0.00828580  0.00000000    0.14070180  0.00000000   -0.01423136  0.00000000
 -0.03965573  0.00000000   -0.01423136  0.00000000    0.09833181  0.00000000

     Dynamical  Matrix in cartesian axes

     q = (   -0.583333333  -0.083333333  -0.750000000 ) 

    1    1
  0.09833181  0.00000000    0.01423136  0.00000000    0.03965573  0.00000000
  0.01423136  0.00000000    0.14070180  0.00000000    0.00828580  0.00000000
  0.03965573  0.00000000    0.00828580  0.00000000    0.11781349  0.00000000

     Dynamical  Matrix in cartesian axes

     q = (   -0.583333333  -0.083333333   0.750000000 ) 

    1    1
  0.09833181  0.00000000    0.01423136  0.00000000   -0.03965573  0.00000000
  0.01423136  0.00000000    0.14070180  0.00000000   -0.00828580  0.00000000
 -0.03965573  0.00000000   -0.00828580  0.00000000    0.11781349  0.00000000

     Dynamical  Matrix in cartesian axes

     q = (    0.750000000  -0.083333333   0.583333333 ) 

    1    1
  0.11781349  0.00000000   -0.00828580  0.00000000    0.03965573  0.00000000
 -0.00828580  0.00000000    0.14070180  0.00000000   -0.01423136  0.00000000
  0.03965573  0.00000000   -0.01423136  0.00000000    0.09833181  0.00000000

     Dynamical  Matrix in cartesian axes

     q = (   -0.750000000   0.083333333  -0.583333333 ) 

    1    1
  0.11781349  0.00000000   -0.00828580  0.00000000    0.03965573  0.00000000
 -0.00828580  0.00000000    0.14070180  0.00000000   -0.01423136  0.00000000
  0.03965573  0.00000000   -0.01423136  0.00000000    0.09833181  0.00000000

     Dynamical  Matrix in cartesian axes

     q = (   -0.750000000  -0.083333333  -0.583333333 ) 

    1    1
  0.11781349  0.00000000    0.00828580  0.00000000    0.03965573  0.00000000
  0.00828580  0.00000000    0.14070180  0.00000000    0.01423136  0.00000000
  0.03965573  0.00000000    0.01423136  0.00000000    0.09833181  0.00000000

     Dynamical  Matrix in cartesian axes

     q = (   -0.750000000   0.083333333   0.583333333 ) 

    1    1
  0.11781349  0.00000000   -0.00828580  0.00000000   -0.03965573  0.00000000
 -0.00828580  0.00000000    0.14070180  0.00000000    0.01423136  0.00000000
 -0.03965573  0.00000000    0.01423136  0.00000000    0.09833181  0.00000000

     Dynamical  Matrix in cartesian axes

     q = (    0.750000000   0.083333333  -0.583333333 ) 

    1    1
  0.11781349  0.00000000    0.00828580  0.00000000   -0.03965573  0.00000000
  0.00828580  0.00000000    0.14070180  0.00000000   -0.01423136  0.00000000
 -0.03965573  0.00000000   -0.01423136  0.00000000    0.09833181  0.00000000

     Dynamical  Matrix in cartesian axes

     q = (   -0.583333333   0.083333333   0.750000000 ) 

    1    1
  0.09833181  0.00000000   -0.01423136  0.00000000   -0.03965573  0.00000000
 -0.01423136  0.00000000    0.14070180  0.00000000    0.00828580  0.00000000
 -0.03965573  0.00000000    0.00828580  0.00000000    0.11781349  0.00000000

     Dynamical  Matrix in cartesian axes

     q = (    0.750000000  -0.083333333  -0.583333333 ) 

    1    1
  0.11781349  0.00000000   -0.00828580  0.00000000   -0.03965573  0.00000000
 -0.00828580  0.00000000    0.14070180  0.00000000    0.01423136  0.00000000
 -0.03965573  0.00000000    0.01423136  0.00000000    0.09833181  0.00000000

     Dynamical  Matrix in cartesian axes

     q = (    0.583333333   0.083333333  -0.750000000 ) 

    1    1
  0.09833181  0.00000000    0.01423136  0.00000000   -0.03965573  0.00000000
  0.01423136  0.00000000    0.14070180  0.00000000   -0.00828580  0.00000000
 -0.03965573  0.00000000   -0.00828580  0.00000000    0.11781349  0.00000000

     Dynamical  Matrix in cartesian axes

     q = (   -0.583333333   0.083333333  -0.750000000 ) 

    1    1
  0.09833181  0.00000000   -0.01423136  0.00000000    0.03965573  0.00000000
 -0.01423136  0.00000000    0.14070180  0.00000000   -0.00828580  0.00000000
  0.03965573  0.00000000   -0.00828580  0.00000000    0.11781349  0.00000000

     Dynamical  Matrix in cartesian axes

     q = (   -0.083333333   0.750000000   0.583333333 ) 

    1    1
  0.14070180  0.00000000   -0.00828580  0.00000000   -0.01423136  0.00000000
 -0.00828580  0.00000000    0.11781349  0.00000000    0.03965573  0.00000000
 -0.01423136  0.00000000    0.03965573  0.00000000    0.09833181  0.00000000

     Dynamical  Matrix in cartesian axes

     q = (    0.083333333   0.750000000  -0.583333333 ) 

    1    1
  0.14070180  0.00000000    0.00828580  0.00000000   -0.01423136  0.00000000
  0.00828580  0.00000000    0.11781349  0.00000000   -0.03965573  0.00000000
 -0.01423136  0.00000000   -0.03965573  0.00000000    0.09833181  0.00000000

     Dynamical  Matrix in cartesian axes

     q = (   -0.083333333  -0.750000000  -0.583333333 ) 

    1    1
  0.14070180  0.00000000    0.00828580  0.00000000    0.01423136  0.00000000
  0.00828580  0.00000000    0.11781349  0.00000000    0.03965573  0.00000000
  0.01423136  0.00000000    0.03965573  0.00000000    0.09833181  0.00000000

     Dynamical  Matrix in cartesian axes

     q = (   -0.083333333   0.583333333  -0.750000000 ) 

    1    1
  0.14070180  0.00000000   -0.01423136  0.00000000    0.00828580  0.00000000
 -0.01423136  0.00000000    0.09833181  0.00000000   -0.03965573  0.00000000
  0.00828580  0.00000000   -0.03965573  0.00000000    0.11781349  0.00000000

     Dynamical  Matrix in cartesian axes

     q = (    0.750000000   0.583333333  -0.083333333 ) 

    1    1
  0.11781349  0.00000000    0.03965573  0.00000000   -0.00828580  0.00000000
  0.03965573  0.00000000    0.09833181  0.00000000   -0.01423136  0.00000000
 -0.00828580  0.00000000   -0.01423136  0.00000000    0.14070180  0.00000000

     Dynamical  Matrix in cartesian axes

     q = (   -0.083333333   0.750000000  -0.583333333 ) 

    1    1
  0.14070180  0.00000000   -0.00828580  0.00000000    0.01423136  0.00000000
 -0.00828580  0.00000000    0.11781349  0.00000000   -0.03965573  0.00000000
  0.01423136  0.00000000   -0.03965573  0.00000000    0.09833181  0.00000000

     Dynamical  Matrix in cartesian axes

     q = (   -0.750000000  -0.583333333  -0.083333333 ) 

    1    1
  0.11781349  0.00000000    0.03965573  0.00000000    0.00828580  0.00000000
  0.03965573  0.00000000    0.09833181  0.00000000    0.01423136  0.00000000
  0.00828580  0.00000000    0.01423136  0.00000000    0.14070180  0.00000000

     Dynamical  Matrix in cartesian axes

     q = (   -0.750000000   0.583333333   0.083333333 ) 

    1    1
  0.11781349  0.00000000   -0.03965573  0.00000000   -0.00828580  0.00000000
 -0.03965573  0.00000000    0.09833181  0.00000000    0.01423136  0.00000000
 -0.00828580  0.00000000    0.01423136  0.00000000    0.14070180  0.00000000

     Dynamical  Matrix in cartesian axes

     q = (    0.083333333  -0.583333333   0.750000000 ) 

    1    1
  0.14070180  0.00000000   -0.01423136  0.00000000    0.00828580  0.00000000
 -0.01423136  0.00000000    0.09833181  0.00000000   -0.03965573  0.00000000
  0.00828580  0.00000000   -0.03965573  0.00000000    0.11781349  0.00000000

     Dynamical  Matrix in cartesian axes

     q = (    0.083333333  -0.750000000   0.583333333 ) 

    1    1
  0.14070180  0.00000000   -0.00828580  0.00000000    0.01423136  0.00000000
 -0.00828580  0.00000000    0.11781349  0.00000000   -0.03965573  0.00000000
  0.01423136  0.00000000   -0.03965573  0.00000000    0.09833181  0.00000000

     Dynamical  Matrix in cartesian axes

     q = (    0.583333333  -0.750000000   0.083333333 ) 

    1    1
  0.09833181  0.00000000   -0.03965573  0.00000000    0.01423136  0.00000000
 -0.03965573  0.00000000    0.11781349  0.00000000   -0.00828580  0.00000000
  0.01423136  0.00000000   -0.00828580  0.00000000    0.14070180  0.00000000

     Dynamical  Matrix in cartesian axes

     q = (   -0.750000000   0.583333333  -0.083333333 ) 

    1    1
  0.11781349  0.00000000   -0.03965573  0.00000000    0.00828580  0.00000000
 -0.03965573  0.00000000    0.09833181  0.00000000   -0.01423136  0.00000000
  0.00828580  0.00000000   -0.01423136  0.00000000    0.14070180  0.00000000

     Dynamical  Matrix in cartesian axes

     q = (    0.083333333   0.583333333   0.750000000 ) 

    1    1
  0.14070180  0.00000000    0.01423136  0.00000000    0.00828580  0.00000000
  0.01423136  0.00000000    0.09833181  0.00000000    0.03965573  0.00000000
  0.00828580  0.00000000    0.03965573  0.00000000    0.11781349  0.00000000

     Dynamical  Matrix in cartesian axes

     q = (   -0.083333333   0.583333333   0.750000000 ) 

    1    1
  0.14070180  0.00000000   -0.01423136  0.00000000   -0.00828580  0.00000000
 -0.01423136  0.00000000    0.09833181  0.00000000    0.03965573  0.00000000
 -0.00828580  0.00000000    0.03965573  0.00000000    0.11781349  0.00000000

     Dynamical  Matrix in cartesian axes

     q = (    0.083333333   0.583333333  -0.750000000 ) 

    1    1
  0.14070180  0.00000000    0.01423136  0.00000000   -0.00828580  0.00000000
  0.01423136  0.00000000    0.09833181  0.00000000   -0.03965573  0.00000000
 -0.00828580  0.00000000   -0.03965573  0.00000000    0.11781349  0.00000000

     Dynamical  Matrix in cartesian axes

     q = (   -0.083333333  -0.583333333  -0.750000000 ) 

    1    1
  0.14070180  0.00000000    0.01423136  0.00000000    0.00828580  0.00000000
  0.01423136  0.00000000    0.09833181  0.00000000    0.03965573  0.00000000
  0.00828580  0.00000000    0.03965573  0.00000000    0.11781349  0.00000000

     Dynamical  Matrix in cartesian axes

     q = (   -0.583333333  -0.750000000   0.083333333 ) 

    1    1
  0.09833181  0.00000000    0.03965573  0.00000000   -0.01423136  0.00000000
  0.03965573  0.00000000    0.11781349  0.00000000   -0.00828580  0.00000000
 -0.01423136  0.00000000   -0.00828580  0.00000000    0.14070180  0.00000000

     Dynamical  Matrix in cartesian axes

     q = (   -0.083333333  -0.583333333   0.750000000 ) 

    1    1
  0.14070180  0.00000000    0.01423136  0.00000000   -0.00828580  0.00000000
  0.01423136  0.00000000    0.09833181  0.00000000   -0.03965573  0.00000000
 -0.00828580  0.00000000   -0.03965573  0.00000000    0.11781349  0.00000000

     Dynamical  Matrix in cartesian axes

     q = (    0.750000000  -0.583333333   0.083333333 ) 

    1    1
  0.11781349  0.00000000   -0.03965573  0.00000000    0.00828580  0.00000000
 -0.03965573  0.00000000    0.09833181  0.00000000   -0.01423136  0.00000000
  0.00828580  0.00000000   -0.01423136  0.00000000    0.14070180  0.00000000

     Dynamical  Matrix in cartesian axes

     q = (    0.583333333   0.750000000   0.083333333 ) 

    1    1
  0.09833181  0.00000000    0.03965573  0.00000000    0.01423136  0.00000000
  0.03965573  0.00000000    0.11781349  0.00000000    0.00828580  0.00000000
  0.01423136  0.00000000    0.00828580  0.00000000    0.14070180  0.00000000

     Dynamical  Matrix in cartesian axes

     q = (    0.083333333  -0.583333333  -0.750000000 ) 

    1    1
  0.14070180  0.00000000   -0.01423136  0.00000000   -0.00828580  0.00000000
 -0.01423136  0.00000000    0.09833181  0.00000000    0.03965573  0.00000000
 -0.00828580  0.00000000    0.03965573  0.00000000    0.11781349  0.00000000

     Dynamical  Matrix in cartesian axes

     q = (    0.583333333   0.750000000  -0.083333333 ) 

    1    1
  0.09833181  0.00000000    0.03965573  0.00000000   -0.01423136  0.00000000
  0.03965573  0.00000000    0.11781349  0.00000000   -0.00828580  0.00000000
 -0.01423136  0.00000000   -0.00828580  0.00000000    0.14070180  0.00000000

     Dynamical  Matrix in cartesian axes

     q = (   -0.583333333   0.750000000  -0.083333333 ) 

    1    1
  0.09833181  0.00000000   -0.03965573  0.00000000    0.01423136  0.00000000
 -0.03965573  0.00000000    0.11781349  0.00000000   -0.00828580  0.00000000
  0.01423136  0.00000000   -0.00828580  0.00000000    0.14070180  0.00000000

     Dynamical  Matrix in cartesian axes

     q = (   -0.583333333   0.750000000   0.083333333 ) 

    1    1
  0.09833181  0.00000000   -0.03965573  0.00000000   -0.01423136  0.00000000
 -0.03965573  0.00000000    0.11781349  0.00000000    0.00828580  0.00000000
 -0.01423136  0.00000000    0.00828580  0.00000000    0.14070180  0.00000000

     Dynamical  Matrix in cartesian axes

     q = (    0.083333333  -0.750000000  -0.583333333 ) 

    1    1
  0.14070180  0.00000000   -0.00828580  0.00000000   -0.01423136  0.00000000
 -0.00828580  0.00000000    0.11781349  0.00000000    0.03965573  0.00000000
 -0.01423136  0.00000000    0.03965573  0.00000000    0.09833181  0.00000000

     Dynamical  Matrix in cartesian axes

     q = (   -0.083333333  -0.750000000   0.583333333 ) 

    1    1
  0.14070180  0.00000000    0.00828580  0.00000000   -0.01423136  0.00000000
  0.00828580  0.00000000    0.11781349  0.00000000   -0.03965573  0.00000000
 -0.01423136  0.00000000   -0.03965573  0.00000000    0.09833181  0.00000000

     Dynamical  Matrix in cartesian axes

     q = (    0.083333333   0.750000000   0.583333333 ) 

    1    1
  0.14070180  0.00000000    0.00828580  0.00000000    0.01423136  0.00000000
  0.00828580  0.00000000    0.11781349  0.00000000    0.03965573  0.00000000
  0.01423136  0.00000000    0.03965573  0.00000000    0.09833181  0.00000000

     Dynamical  Matrix in cartesian axes

     q = (    0.583333333  -0.750000000  -0.083333333 ) 

    1    1
  0.09833181  0.00000000   -0.03965573  0.00000000   -0.01423136  0.00000000
 -0.03965573  0.00000000    0.11781349  0.00000000    0.00828580  0.00000000
 -0.01423136  0.00000000    0.00828580  0.00000000    0.14070180  0.00000000

     Dynamical  Matrix in cartesian axes

     q = (   -0.750000000  -0.583333333   0.083333333 ) 

    1    1
  0.11781349  0.00000000    0.03965573  0.00000000   -0.00828580  0.00000000
  0.03965573  0.00000000    0.09833181  0.00000000   -0.01423136  0.00000000
 -0.00828580  0.00000000   -0.01423136  0.00000000    0.14070180  0.00000000

     Dynamical  Matrix in cartesian axes

     q = (   -0.583333333  -0.750000000  -0.083333333 ) 

    1    1
  0.09833181  0.00000000    0.03965573  0.00000000    0.01423136  0.00000000
  0.03965573  0.00000000    0.11781349  0.00000000    0.00828580  0.00000000
  0.01423136  0.00000000    0.00828580  0.00000000    0.14070180  0.00000000

     Dynamical  Matrix in cartesian axes

     q = (    0.750000000   0.583333333   0.083333333 ) 

    1    1
  0.11781349  0.00000000    0.03965573  0.00000000    0.00828580  0.00000000
  0.03965573  0.00000000    0.09833181  0.00000000    0.01423136  0.00000000
  0.00828580  0.00000000    0.01423136  0.00000000    0.14070180  0.00000000

     Dynamical  Matrix in cartesian axes

     q = (    0.750000000  -0.583333333  -0.083333333 ) 

    1    1
  0.11781349  0.00000000   -0.03965573  0.00000000   -0.00828580  0.00000000
 -0.03965573  0.00000000    0.09833181  0.00000000    0.01423136  0.00000000
 -0.00828580  0.00000000    0.01423136  0.00000000    0.14070180  0.00000000

     Diagonalizing the dynamical matrix

     q = (    0.583333333  -0.083333333   0.750000000 ) 

 **************************************************************************
     freq (    1) =       5.418663 [THz] =     180.747150 [cm-1]
 (  0.793767  0.000000  0.085241  0.000000 -0.602219  0.000000 ) 
     freq (    2) =       7.544518 [THz] =     251.658039 [cm-1]
 ( -0.318329  0.000000 -0.785469  0.000000 -0.530758  0.000000 ) 
     freq (    3) =       8.412178 [THz] =     280.600055 [cm-1]
 ( -0.518267  0.000000  0.613002  0.000000 -0.596345  0.000000 ) 
 **************************************************************************
