Dynamical matrix file
                                                                           
  1    1  2  7.6456000  0.0000000  0.0000000  0.0000000  0.0000000  0.0000000
           1  'Al  '    24592.588541212976     
    1    1      0.0000000000      0.0000000000      0.0000000000

     Dynamical  Matrix in cartesian axes

     q = (    0.416666667  -0.083333333   0.583333333 ) 

    1    1
  0.08784565  0.00000000   -0.01445577  0.00000000    0.04914282  0.00000000
 -0.01445577  0.00000000    0.09090089  0.00000000   -0.01270962  0.00000000
  0.04914282  0.00000000   -0.01270962  0.00000000    0.11633930  0.00000000

     Dynamical  Matrix in cartesian axes

     q = (    0.416666667  -0.083333333  -0.583333333 ) 

    1    1
  0.08784565  0.00000000   -0.01445577  0.00000000   -0.04914282  0.00000000
 -0.01445577  0.00000000    0.09090089  0.00000000    0.01270962  0.00000000
 -0.04914282  0.00000000    0.01270962  0.00000000    0.11633930  0.00000000

     Dynamical  Matrix in cartesian axes

     q = (    0.583333333   0.083333333   0.416666667 ) 

    1    1
  0.11633930  0.00000000    0.01270962  0.00000000    0.04914282  0.00000000
  0.01270962  0.00000000    0.09090089  0.00000000    0.01445577  0.00000000
  0.04914282  0.00000000    0.01445577  0.00000000    0.08784565  0.00000000

     Dynamical  Matrix in cartesian axes

     q = (    0.416666667   0.083333333   0.583333333 ) 

    1    1
  0.08784565  0.00000000    0.01445577  0.00000000    0.04914282  0.00000000
  0.01445577  0.00000000    0.09090089  0.00000000    0.01270962  0.00000000
  0.04914282  0.00000000    0.01270962  0.00000000    0.11633930  0.00000000

     Dynamical  Matrix in cartesian axes

     q = (   -0.583333333  -0.083333333   0.416666667 ) 

    1    1
  0.11633930  0.00000000    0.01270962  0.00000000   -0.04914282  0.00000000
  0.01270962  0.00000000    0.09090089  0.00000000   -0.01445577  0.00000000
 -0.04914282  0.00000000   -0.01445577  0.00000000    0.08784565  0.00000000

     Dynamical  Matrix in cartesian axes

     q = (   -0.416666667  -0.083333333  -0.583333333 ) 

    1    1
  0.08784565  0.00000000    0.01445577  0.00000000    0.04914282  0.00000000
  0.01445577  0.00000000    0.09090089  0.00000000    0.01270962  0.00000000
  0.04914282  0.00000000    0.01270962  0.00000000    0.11633930  0.00000000

     Dynamical  Matrix in cartesian axes

     q = (   -0.416666667  -0.083333333   0.583333333 ) 

    1    1
  0.08784565  0.00000000    0.01445577  0.00000000   -0.04914282  0.00000000
  0.01445577  0.00000000    0.09090089  0.00000000   -0.01270962  0.00000000
 -0.04914282  0.00000000   -0.01270962  0.00000000    0.11633930  0.00000000

     Dynamical  Matrix in cartesian axes

     q = (    0.583333333  -0.083333333   0.416666667 ) 

    1    1
  0.11633930  0.00000000   -0.01270962  0.00000000    0.04914282  0.00000000
 -0.01270962  0.00000000    0.09090089  0.00000000   -0.01445577  0.00000000
  0.04914282  0.00000000   -0.01445577  0.00000000    0.08784565  0.00000000

     Dynamical  Matrix in cartesian axes

     q = (   -0.583333333   0.083333333  -0.416666667 ) 

    1    1
  0.11633930  0.00000000   -0.01270962  0.00000000    0.04914282  0.00000000
 -0.01270962  0.00000000    0.09090089  0.00000000   -0.01445577  0.00000000
  0.04914282  0.00000000   -0.01445577  0.00000000    0.08784565  0.00000000

     Dynamical  Matrix in cartesian axes

     q = (   -0.583333333  -0.083333333  -0.416666667 ) 

    1    1
  0.11633930  0.00000000    0.01270962  0.00000000    0.04914282  0.00000000
  0.01270962  0.00000000    0.09090089  0.00000000    0.01445577  0.00000000
  0.04914282  0.00000000    0.01445577  0.00000000    0.08784565  0.00000000

     Dynamical  Matrix in cartesian axes

     q = (   -0.583333333   0.083333333   0.416666667 ) 

    1    1
  0.11633930  0.00000000   -0.01270962  0.00000000   -0.04914282  0.00000000
 -0.01270962  0.00000000    0.09090089  0.00000000    0.01445577  0.00000000
 -0.04914282  0.00000000    0.01445577  0.00000000    0.08784565  0.00000000

     Dynamical  Matrix in cartesian axes

     q = (    0.583333333   0.083333333  -0.416666667 ) 

    1    1
  0.11633930  0.00000000    0.01270962  0.00000000   -0.04914282  0.00000000
  0.01270962  0.00000000    0.09090089  0.00000000   -0.01445577  0.00000000
 -0.04914282  0.00000000   -0.01445577  0.00000000    0.08784565  0.00000000

     Dynamical  Matrix in cartesian axes

     q = (   -0.416666667   0.083333333   0.583333333 ) 

    1    1
  0.08784565  0.00000000   -0.01445577  0.00000000   -0.04914282  0.00000000
 -0.01445577  0.00000000    0.09090089  0.00000000    0.01270962  0.00000000
 -0.04914282  0.00000000    0.01270962  0.00000000    0.11633930  0.00000000

     Dynamical  Matrix in cartesian axes

     q = (    0.583333333  -0.083333333  -0.416666667 ) 

    1    1
  0.11633930  0.00000000   -0.01270962  0.00000000   -0.04914282  0.00000000
 -0.01270962  0.00000000    0.09090089  0.00000000    0.01445577  0.00000000
 -0.04914282  0.00000000    0.01445577  0.00000000    0.08784565  0.00000000

     Dynamical  Matrix in cartesian axes

     q = (    0.416666667   0.083333333  -0.583333333 ) 

    1    1
  0.08784565  0.00000000    0.01445577  0.00000000   -0.04914282  0.00000000
  0.01445577  0.00000000    0.09090089  0.00000000   -0.01270962  0.00000000
 -0.04914282  0.00000000   -0.01270962  0.00000000    0.11633930  0.00000000

     Dynamical  Matrix in cartesian axes

     q = (   -0.416666667   0.083333333  -0.583333333 ) 

    1    1
  0.08784565  0.00000000   -0.01445577  0.00000000    0.04914282  0.00000000
 -0.01445577  0.00000000    0.09090089  0.00000000   -0.01270962  0.00000000
  0.04914282  0.00000000   -0.01270962  0.00000000    0.11633930  0.00000000

     Dynamical  Matrix in cartesian axes

     q = (   -0.083333333   0.583333333   0.416666667 ) 

    1    1
  0.09090089  0.00000000   -0.01270962  0.00000000   -0.01445577  0.00000000
 -0.01270962  0.00000000    0.11633930  0.00000000    0.04914282  0.00000000
 -0.01445577  0.00000000    0.04914282  0.00000000    0.08784565  0.00000000

     Dynamical  Matrix in cartesian axes

     q = (    0.083333333   0.583333333  -0.416666667 ) 

    1    1
  0.09090089  0.00000000    0.01270962  0.00000000   -0.01445577  0.00000000
  0.01270962  0.00000000    0.11633930  0.00000000   -0.04914282  0.00000000
 -0.01445577  0.00000000   -0.04914282  0.00000000    0.08784565  0.00000000

     Dynamical  Matrix in cartesian axes

     q = (   -0.083333333  -0.583333333  -0.416666667 ) 

    1    1
  0.09090089  0.00000000    0.01270962  0.00000000    0.01445577  0.00000000
  0.01270962  0.00000000    0.11633930  0.00000000    0.04914282  0.00000000
  0.01445577  0.00000000    0.04914282  0.00000000    0.08784565  0.00000000

     Dynamical  Matrix in cartesian axes

     q = (   -0.083333333   0.416666667  -0.583333333 ) 

    1    1
  0.09090089  0.00000000   -0.01445577  0.00000000    0.01270962  0.00000000
 -0.01445577  0.00000000    0.08784565  0.00000000   -0.04914282  0.00000000
  0.01270962  0.00000000   -0.04914282  0.00000000    0.11633930  0.00000000

     Dynamical  Matrix in cartesian axes

     q = (    0.583333333   0.416666667  -0.083333333 ) 

    1    1
  0.11633930  0.00000000    0.04914282  0.00000000   -0.01270962  0.00000000
  0.04914282  0.00000000    0.08784565  0.00000000   -0.01445577  0.00000000
 -0.01270962  0.00000000   -0.01445577  0.00000000    0.09090089  0.00000000

     Dynamical  Matrix in cartesian axes

     q = (   -0.083333333   0.583333333  -0.416666667 ) 

    1    1
  0.09090089  0.00000000   -0.01270962  0.00000000    0.01445577  0.00000000
 -0.01270962  0.00000000    0.11633930  0.00000000   -0.04914282  0.00000000
  0.01445577  0.00000000   -0.04914282  0.00000000    0.08784565  0.00000000

     Dynamical  Matrix in cartesian axes

     q = (   -0.583333333  -0.416666667  -0.083333333 ) 

    1    1
  0.11633930  0.00000000    0.04914282  0.00000000    0.01270962  0.00000000
  0.04914282  0.00000000    0.08784565  0.00000000    0.01445577  0.00000000
  0.01270962  0.00000000    0.01445577  0.00000000    0.09090089  0.00000000

     Dynamical  Matrix in cartesian axes

     q = (   -0.583333333   0.416666667   0.083333333 ) 

    1    1
  0.11633930  0.00000000   -0.04914282  0.00000000   -0.01270962  0.00000000
 -0.04914282  0.00000000    0.08784565  0.00000000    0.01445577  0.00000000
 -0.01270962  0.00000000    0.01445577  0.00000000    0.09090089  0.00000000

     Dynamical  Matrix in cartesian axes

     q = (    0.083333333  -0.416666667   0.583333333 ) 

    1    1
  0.09090089  0.00000000   -0.01445577  0.00000000    0.01270962  0.00000000
 -0.01445577  0.00000000    0.08784565  0.00000000   -0.04914282  0.00000000
  0.01270962  0.00000000   -0.04914282  0.00000000    0.11633930  0.00000000

     Dynamical  Matrix in cartesian axes

     q = (    0.083333333  -0.583333333   0.416666667 ) 

    1    1
  0.09090089  0.00000000   -0.01270962  0.00000000    0.01445577  0.00000000
 -0.01270962  0.00000000    0.11633930  0.00000000   -0.04914282  0.00000000
  0.01445577  0.00000000   -0.04914282  0.00000000    0.08784565  0.00000000

     Dynamical  Matrix in cartesian axes

     q = (    0.416666667  -0.583333333   0.083333333 ) 

    1    1
  0.08784565  0.00000000   -0.04914282  0.00000000    0.01445577  0.00000000
 -0.04914282  0.00000000    0.11633930  0.00000000   -0.01270962  0.00000000
  0.01445577  0.00000000   -0.01270962  0.00000000    0.09090089  0.00000000

     Dynamical  Matrix in cartesian axes

     q = (   -0.583333333   0.416666667  -0.083333333 ) 

    1    1
  0.11633930  0.00000000   -0.04914282  0.00000000    0.01270962  0.00000000
 -0.04914282  0.00000000    0.08784565  0.00000000   -0.01445577  0.00000000
  0.01270962  0.00000000   -0.01445577  0.00000000    0.09090089  0.00000000

     Dynamical  Matrix in cartesian axes

     q = (    0.083333333   0.416666667   0.583333333 ) 

    1    1
  0.09090089  0.00000000    0.01445577  0.00000000    0.01270962  0.00000000
  0.01445577  0.00000000    0.08784565  0.00000000    0.04914282  0.00000000
  0.01270962  0.00000000    0.04914282  0.00000000    0.11633930  0.00000000

     Dynamical  Matrix in cartesian axes

     q = (   -0.083333333   0.416666667   0.583333333 ) 

    1    1
  0.09090089  0.00000000   -0.01445577  0.00000000   -0.01270962  0.00000000
 -0.01445577  0.00000000    0.08784565  0.00000000    0.04914282  0.00000000
 -0.01270962  0.00000000    0.04914282  0.00000000    0.11633930  0.00000000

     Dynamical  Matrix in cartesian axes

     q = (    0.083333333   0.416666667  -0.583333333 ) 

    1    1
  0.09090089  0.00000000    0.01445577  0.00000000   -0.01270962  0.00000000
  0.01445577  0.00000000    0.08784565  0.00000000   -0.04914282  0.00000000
 -0.01270962  0.00000000   -0.04914282  0.00000000    0.11633930  0.00000000

     Dynamical  Matrix in cartesian axes

     q = (   -0.083333333  -0.416666667  -0.583333333 ) 

    1    1
  0.09090089  0.00000000    0.01445577  0.00000000    0.01270962  0.00000000
  0.01445577  0.00000000    0.08784565  0.00000000    0.04914282  0.00000000
  0.01270962  0.00000000    0.04914282  0.00000000    0.11633930  0.00000000

     Dynamical  Matrix in cartesian axes

     q = (   -0.416666667  -0.583333333   0.083333333 ) 

    1    1
  0.08784565  0.00000000    0.04914282  0.00000000   -0.01445577  0.00000000
  0.04914282  0.00000000    0.11633930  0.00000000   -0.01270962  0.00000000
 -0.01445577  0.00000000   -0.01270962  0.00000000    0.09090089  0.00000000

     Dynamical  Matrix in cartesian axes

     q = (   -0.083333333  -0.416666667   0.583333333 ) 

    1    1
  0.09090089  0.00000000    0.01445577  0.00000000   -0.01270962  0.00000000
  0.01445577  0.00000000    0.08784565  0.00000000   -0.04914282  0.00000000
 -0.01270962  0.00000000   -0.04914282  0.00000000    0.11633930  0.00000000

     Dynamical  Matrix in cartesian axes

     q = (    0.583333333  -0.416666667   0.083333333 ) 

    1    1
  0.11633930  0.00000000   -0.04914282  0.00000000    0.01270962  0.00000000
 -0.04914282  0.00000000    0.08784565  0.00000000   -0.01445577  0.00000000
  0.01270962  0.00000000   -0.01445577  0.00000000    0.09090089  0.00000000

     Dynamical  Matrix in cartesian axes

     q = (    0.416666667   0.583333333   0.083333333 ) 

    1    1
  0.08784565  0.00000000    0.04914282  0.00000000    0.01445577  0.00000000
  0.04914282  0.00000000    0.11633930  0.00000000    0.01270962  0.00000000
  0.01445577  0.00000000    0.01270962  0.00000000    0.09090089  0.00000000

     Dynamical  Matrix in cartesian axes

     q = (    0.083333333  -0.416666667  -0.583333333 ) 

    1    1
  0.09090089  0.00000000   -0.01445577  0.00000000   -0.01270962  0.00000000
 -0.01445577  0.00000000    0.08784565  0.00000000    0.04914282  0.00000000
 -0.01270962  0.00000000    0.04914282  0.00000000    0.11633930  0.00000000

     Dynamical  Matrix in cartesian axes

     q = (    0.416666667   0.583333333  -0.083333333 ) 

    1    1
  0.08784565  0.00000000    0.04914282  0.00000000   -0.01445577  0.00000000
  0.04914282  0.00000000    0.11633930  0.00000000   -0.01270962  0.00000000
 -0.01445577  0.00000000   -0.01270962  0.00000000    0.09090089  0.00000000

     Dynamical  Matrix in cartesian axes

     q = (   -0.416666667   0.583333333  -0.083333333 ) 

    1    1
  0.08784565  0.00000000   -0.04914282  0.00000000    0.01445577  0.00000000
 -0.04914282  0.00000000    0.11633930  0.00000000   -0.01270962  0.00000000
  0.01445577  0.00000000   -0.01270962  0.00000000    0.09090089  0.00000000

     Dynamical  Matrix in cartesian axes

     q = (   -0.416666667   0.583333333   0.083333333 ) 

    1    1
  0.08784565  0.00000000   -0.04914282  0.00000000   -0.01445577  0.00000000
 -0.04914282  0.00000000    0.11633930  0.00000000    0.01270962  0.00000000
 -0.01445577  0.00000000    0.01270962  0.00000000    0.09090089  0.00000000

     Dynamical  Matrix in cartesian axes

     q = (    0.083333333  -0.583333333  -0.416666667 ) 

    1    1
  0.09090089  0.00000000   -0.01270962  0.00000000   -0.01445577  0.00000000
 -0.01270962  0.00000000    0.11633930  0.00000000    0.04914282  0.00000000
 -0.01445577  0.00000000    0.04914282  0.00000000    0.08784565  0.00000000

     Dynamical  Matrix in cartesian axes

     q = (   -0.083333333  -0.583333333   0.416666667 ) 

    1    1
  0.09090089  0.00000000    0.01270962  0.00000000   -0.01445577  0.00000000
  0.01270962  0.00000000    0.11633930  0.00000000   -0.04914282  0.00000000
 -0.01445577  0.00000000   -0.04914282  0.00000000    0.08784565  0.00000000

     Dynamical  Matrix in cartesian axes

     q = (    0.083333333   0.583333333   0.416666667 ) 

    1    1
  0.09090089  0.00000000    0.01270962  0.00000000    0.01445577  0.00000000
  0.01270962  0.00000000    0.11633930  0.00000000    0.04914282  0.00000000
  0.01445577  0.00000000    0.04914282  0.00000000    0.08784565  0.00000000

     Dynamical  Matrix in cartesian axes

     q = (    0.416666667  -0.583333333  -0.083333333 ) 

    1    1
  0.08784565  0.00000000   -0.04914282  0.00000000   -0.01445577  0.00000000
 -0.04914282  0.00000000    0.11633930  0.00000000    0.01270962  0.00000000
 -0.01445577  0.00000000    0.01270962  0.00000000    0.09090089  0.00000000

     Dynamical  Matrix in cartesian axes

     q = (   -0.583333333  -0.416666667   0.083333333 ) 

    1    1
  0.11633930  0.00000000    0.04914282  0.00000000   -0.01270962  0.00000000
  0.04914282  0.00000000    0.08784565  0.00000000   -0.01445577  0.00000000
 -0.01270962  0.00000000   -0.01445577  0.00000000    0.09090089  0.00000000

     Dynamical  Matrix in cartesian axes

     q = (   -0.416666667  -0.583333333  -0.083333333 ) 

    1    1
  0.08784565  0.00000000    0.04914282  0.00000000    0.01445577  0.00000000
  0.04914282  0.00000000    0.11633930  0.00000000    0.01270962  0.00000000
  0.01445577  0.00000000    0.01270962  0.00000000    0.09090089  0.00000000

     Dynamical  Matrix in cartesian axes

     q = (    0.583333333   0.416666667   0.083333333 ) 

    1    1
  0.11633930  0.00000000    0.04914282  0.00000000    0.01270962  0.00000000
  0.04914282  0.00000000    0.08784565  0.00000000    0.01445577  0.00000000
  0.01270962  0.00000000    0.01445577  0.00000000    0.09090089  0.00000000

     Dynamical  Matrix in cartesian axes

     q = (    0.583333333  -0.416666667  -0.083333333 ) 

    1    1
  0.11633930  0.00000000   -0.04914282  0.00000000   -0.01270962  0.00000000
 -0.04914282  0.00000000    0.08784565  0.00000000    0.01445577  0.00000000
 -0.01270962  0.00000000    0.01445577  0.00000000    0.09090089  0.00000000

     Diagonalizing the dynamical matrix

     q = (    0.416666667  -0.083333333   0.583333333 ) 

 **************************************************************************
     freq (    1) =       4.714754 [THz] =     157.267267 [cm-1]
 ( -0.806525  0.000000 -0.105613  0.000000  0.581690  0.000000 ) 
     freq (    2) =       6.154051 [THz] =     205.277033 [cm-1]
 (  0.075753  0.000000  0.957342  0.000000  0.278850  0.000000 ) 
     freq (    3) =       8.352507 [THz] =     278.609653 [cm-1]
 (  0.586327  0.000000 -0.268964  0.000000  0.764120  0.000000 ) 
 **************************************************************************
