Dynamical matrix file
                                                                           
  1    1  2  7.6456000  0.0000000  0.0000000  0.0000000  0.0000000  0.0000000
           1  'Al  '    24592.588541212976     
    1    1      0.0000000000      0.0000000000      0.0000000000

     Dynamical  Matrix in cartesian axes

     q = (    0.750000000  -0.083333333   0.916666667 ) 

    1    1
  0.08670131  0.00000000   -0.01045939  0.00000000    0.01105541  0.00000000
 -0.01045939  0.00000000    0.17924948  0.00000000   -0.00260082  0.00000000
  0.01105541  0.00000000   -0.00260082  0.00000000    0.09254672  0.00000000

     Dynamical  Matrix in cartesian axes

     q = (    0.750000000  -0.083333333  -0.916666667 ) 

    1    1
  0.08670131  0.00000000   -0.01045939  0.00000000   -0.01105541  0.00000000
 -0.01045939  0.00000000    0.17924948  0.00000000    0.00260082  0.00000000
 -0.01105541  0.00000000    0.00260082  0.00000000    0.09254672  0.00000000

     Dynamical  Matrix in cartesian axes

     q = (    0.916666667   0.083333333   0.750000000 ) 

    1    1
  0.09254672  0.00000000    0.00260082  0.00000000    0.01105541  0.00000000
  0.00260082  0.00000000    0.17924948  0.00000000    0.01045939  0.00000000
  0.01105541  0.00000000    0.01045939  0.00000000    0.08670131  0.00000000

     Dynamical  Matrix in cartesian axes

     q = (    0.750000000   0.083333333   0.916666667 ) 

    1    1
  0.08670131  0.00000000    0.01045939  0.00000000    0.01105541  0.00000000
  0.01045939  0.00000000    0.17924948  0.00000000    0.00260082  0.00000000
  0.01105541  0.00000000    0.00260082  0.00000000    0.09254672  0.00000000

     Dynamical  Matrix in cartesian axes

     q = (   -0.916666667  -0.083333333   0.750000000 ) 

    1    1
  0.09254672  0.00000000    0.00260082  0.00000000   -0.01105541  0.00000000
  0.00260082  0.00000000    0.17924948  0.00000000   -0.01045939  0.00000000
 -0.01105541  0.00000000   -0.01045939  0.00000000    0.08670131  0.00000000

     Dynamical  Matrix in cartesian axes

     q = (   -0.750000000  -0.083333333  -0.916666667 ) 

    1    1
  0.08670131  0.00000000    0.01045939  0.00000000    0.01105541  0.00000000
  0.01045939  0.00000000    0.17924948  0.00000000    0.00260082  0.00000000
  0.01105541  0.00000000    0.00260082  0.00000000    0.09254672  0.00000000

     Dynamical  Matrix in cartesian axes

     q = (   -0.750000000  -0.083333333   0.916666667 ) 

    1    1
  0.08670131  0.00000000    0.01045939  0.00000000   -0.01105541  0.00000000
  0.01045939  0.00000000    0.17924948  0.00000000   -0.00260082  0.00000000
 -0.01105541  0.00000000   -0.00260082  0.00000000    0.09254672  0.00000000

     Dynamical  Matrix in cartesian axes

     q = (    0.916666667  -0.083333333   0.750000000 ) 

    1    1
  0.09254672  0.00000000   -0.00260082  0.00000000    0.01105541  0.00000000
 -0.00260082  0.00000000    0.17924948  0.00000000   -0.01045939  0.00000000
  0.01105541  0.00000000   -0.01045939  0.00000000    0.08670131  0.00000000

     Dynamical  Matrix in cartesian axes

     q = (   -0.916666667   0.083333333  -0.750000000 ) 

    1    1
  0.09254672  0.00000000   -0.00260082  0.00000000    0.01105541  0.00000000
 -0.00260082  0.00000000    0.17924948  0.00000000   -0.01045939  0.00000000
  0.01105541  0.00000000   -0.01045939  0.00000000    0.08670131  0.00000000

     Dynamical  Matrix in cartesian axes

     q = (   -0.916666667  -0.083333333  -0.750000000 ) 

    1    1
  0.09254672  0.00000000    0.00260082  0.00000000    0.01105541  0.00000000
  0.00260082  0.00000000    0.17924948  0.00000000    0.01045939  0.00000000
  0.01105541  0.00000000    0.01045939  0.00000000    0.08670131  0.00000000

     Dynamical  Matrix in cartesian axes

     q = (   -0.916666667   0.083333333   0.750000000 ) 

    1    1
  0.09254672  0.00000000   -0.00260082  0.00000000   -0.01105541  0.00000000
 -0.00260082  0.00000000    0.17924948  0.00000000    0.01045939  0.00000000
 -0.01105541  0.00000000    0.01045939  0.00000000    0.08670131  0.00000000

     Dynamical  Matrix in cartesian axes

     q = (    0.916666667   0.083333333  -0.750000000 ) 

    1    1
  0.09254672  0.00000000    0.00260082  0.00000000   -0.01105541  0.00000000
  0.00260082  0.00000000    0.17924948  0.00000000   -0.01045939  0.00000000
 -0.01105541  0.00000000   -0.01045939  0.00000000    0.08670131  0.00000000

     Dynamical  Matrix in cartesian axes

     q = (   -0.750000000   0.083333333   0.916666667 ) 

    1    1
  0.08670131  0.00000000   -0.01045939  0.00000000   -0.01105541  0.00000000
 -0.01045939  0.00000000    0.17924948  0.00000000    0.00260082  0.00000000
 -0.01105541  0.00000000    0.00260082  0.00000000    0.09254672  0.00000000

     Dynamical  Matrix in cartesian axes

     q = (    0.916666667  -0.083333333  -0.750000000 ) 

    1    1
  0.09254672  0.00000000   -0.00260082  0.00000000   -0.01105541  0.00000000
 -0.00260082  0.00000000    0.17924948  0.00000000    0.01045939  0.00000000
 -0.01105541  0.00000000    0.01045939  0.00000000    0.08670131  0.00000000

     Dynamical  Matrix in cartesian axes

     q = (    0.750000000   0.083333333  -0.916666667 ) 

    1    1
  0.08670131  0.00000000    0.01045939  0.00000000   -0.01105541  0.00000000
  0.01045939  0.00000000    0.17924948  0.00000000   -0.00260082  0.00000000
 -0.01105541  0.00000000   -0.00260082  0.00000000    0.09254672  0.00000000

     Dynamical  Matrix in cartesian axes

     q = (   -0.750000000   0.083333333  -0.916666667 ) 

    1    1
  0.08670131  0.00000000   -0.01045939  0.00000000    0.01105541  0.00000000
 -0.01045939  0.00000000    0.17924948  0.00000000   -0.00260082  0.00000000
  0.01105541  0.00000000   -0.00260082  0.00000000    0.09254672  0.00000000

     Dynamical  Matrix in cartesian axes

     q = (   -0.083333333   0.916666667   0.750000000 ) 

    1    1
  0.17924948  0.00000000   -0.00260082  0.00000000   -0.01045939  0.00000000
 -0.00260082  0.00000000    0.09254672  0.00000000    0.01105541  0.00000000
 -0.01045939  0.00000000    0.01105541  0.00000000    0.08670131  0.00000000

     Dynamical  Matrix in cartesian axes

     q = (    0.083333333   0.916666667  -0.750000000 ) 

    1    1
  0.17924948  0.00000000    0.00260082  0.00000000   -0.01045939  0.00000000
  0.00260082  0.00000000    0.09254672  0.00000000   -0.01105541  0.00000000
 -0.01045939  0.00000000   -0.01105541  0.00000000    0.08670131  0.00000000

     Dynamical  Matrix in cartesian axes

     q = (   -0.083333333  -0.916666667  -0.750000000 ) 

    1    1
  0.17924948  0.00000000    0.00260082  0.00000000    0.01045939  0.00000000
  0.00260082  0.00000000    0.09254672  0.00000000    0.01105541  0.00000000
  0.01045939  0.00000000    0.01105541  0.00000000    0.08670131  0.00000000

     Dynamical  Matrix in cartesian axes

     q = (   -0.083333333   0.750000000  -0.916666667 ) 

    1    1
  0.17924948  0.00000000   -0.01045939  0.00000000    0.00260082  0.00000000
 -0.01045939  0.00000000    0.08670131  0.00000000   -0.01105541  0.00000000
  0.00260082  0.00000000   -0.01105541  0.00000000    0.09254672  0.00000000

     Dynamical  Matrix in cartesian axes

     q = (    0.916666667   0.750000000  -0.083333333 ) 

    1    1
  0.09254672  0.00000000    0.01105541  0.00000000   -0.00260082  0.00000000
  0.01105541  0.00000000    0.08670131  0.00000000   -0.01045939  0.00000000
 -0.00260082  0.00000000   -0.01045939  0.00000000    0.17924948  0.00000000

     Dynamical  Matrix in cartesian axes

     q = (   -0.083333333   0.916666667  -0.750000000 ) 

    1    1
  0.17924948  0.00000000   -0.00260082  0.00000000    0.01045939  0.00000000
 -0.00260082  0.00000000    0.09254672  0.00000000   -0.01105541  0.00000000
  0.01045939  0.00000000   -0.01105541  0.00000000    0.08670131  0.00000000

     Dynamical  Matrix in cartesian axes

     q = (   -0.916666667  -0.750000000  -0.083333333 ) 

    1    1
  0.09254672  0.00000000    0.01105541  0.00000000    0.00260082  0.00000000
  0.01105541  0.00000000    0.08670131  0.00000000    0.01045939  0.00000000
  0.00260082  0.00000000    0.01045939  0.00000000    0.17924948  0.00000000

     Dynamical  Matrix in cartesian axes

     q = (   -0.916666667   0.750000000   0.083333333 ) 

    1    1
  0.09254672  0.00000000   -0.01105541  0.00000000   -0.00260082  0.00000000
 -0.01105541  0.00000000    0.08670131  0.00000000    0.01045939  0.00000000
 -0.00260082  0.00000000    0.01045939  0.00000000    0.17924948  0.00000000

     Dynamical  Matrix in cartesian axes

     q = (    0.083333333  -0.750000000   0.916666667 ) 

    1    1
  0.17924948  0.00000000   -0.01045939  0.00000000    0.00260082  0.00000000
 -0.01045939  0.00000000    0.08670131  0.00000000   -0.01105541  0.00000000
  0.00260082  0.00000000   -0.01105541  0.00000000    0.09254672  0.00000000

     Dynamical  Matrix in cartesian axes

     q = (    0.083333333  -0.916666667   0.750000000 ) 

    1    1
  0.17924948  0.00000000   -0.00260082  0.00000000    0.01045939  0.00000000
 -0.00260082  0.00000000    0.09254672  0.00000000   -0.01105541  0.00000000
  0.01045939  0.00000000   -0.01105541  0.00000000    0.08670131  0.00000000

     Dynamical  Matrix in cartesian axes

     q = (    0.750000000  -0.916666667   0.083333333 ) 

    1    1
  0.08670131  0.00000000   -0.01105541  0.00000000    0.01045939  0.00000000
 -0.01105541  0.00000000    0.09254672  0.00000000   -0.00260082  0.00000000
  0.01045939  0.00000000   -0.00260082  0.00000000    0.17924948  0.00000000

     Dynamical  Matrix in cartesian axes

     q = (   -0.916666667   0.750000000  -0.083333333 ) 

    1    1
  0.09254672  0.00000000   -0.01105541  0.00000000    0.00260082  0.00000000
 -0.01105541  0.00000000    0.08670131  0.00000000   -0.01045939  0.00000000
  0.00260082  0.00000000   -0.01045939  0.00000000    0.17924948  0.00000000

     Dynamical  Matrix in cartesian axes

     q = (    0.083333333   0.750000000   0.916666667 ) 

    1    1
  0.17924948  0.00000000    0.01045939  0.00000000    0.00260082  0.00000000
  0.01045939  0.00000000    0.08670131  0.00000000    0.01105541  0.00000000
  0.00260082  0.00000000    0.01105541  0.00000000    0.09254672  0.00000000

     Dynamical  Matrix in cartesian axes

     q = (   -0.083333333   0.750000000   0.916666667 ) 

    1    1
  0.17924948  0.00000000   -0.01045939  0.00000000   -0.00260082  0.00000000
 -0.01045939  0.00000000    0.08670131  0.00000000    0.01105541  0.00000000
 -0.00260082  0.00000000    0.01105541  0.00000000    0.09254672  0.00000000

     Dynamical  Matrix in cartesian axes

     q = (    0.083333333   0.750000000  -0.916666667 ) 

    1    1
  0.17924948  0.00000000    0.01045939  0.00000000   -0.00260082  0.00000000
  0.01045939  0.00000000    0.08670131  0.00000000   -0.01105541  0.00000000
 -0.00260082  0.00000000   -0.01105541  0.00000000    0.09254672  0.00000000

     Dynamical  Matrix in cartesian axes

     q = (   -0.083333333  -0.750000000  -0.916666667 ) 

    1    1
  0.17924948  0.00000000    0.01045939  0.00000000    0.00260082  0.00000000
  0.01045939  0.00000000    0.08670131  0.00000000    0.01105541  0.00000000
  0.00260082  0.00000000    0.01105541  0.00000000    0.09254672  0.00000000

     Dynamical  Matrix in cartesian axes

     q = (   -0.750000000  -0.916666667   0.083333333 ) 

    1    1
  0.08670131  0.00000000    0.01105541  0.00000000   -0.01045939  0.00000000
  0.01105541  0.00000000    0.09254672  0.00000000   -0.00260082  0.00000000
 -0.01045939  0.00000000   -0.00260082  0.00000000    0.17924948  0.00000000

     Dynamical  Matrix in cartesian axes

     q = (   -0.083333333  -0.750000000   0.916666667 ) 

    1    1
  0.17924948  0.00000000    0.01045939  0.00000000   -0.00260082  0.00000000
  0.01045939  0.00000000    0.08670131  0.00000000   -0.01105541  0.00000000
 -0.00260082  0.00000000   -0.01105541  0.00000000    0.09254672  0.00000000

     Dynamical  Matrix in cartesian axes

     q = (    0.916666667  -0.750000000   0.083333333 ) 

    1    1
  0.09254672  0.00000000   -0.01105541  0.00000000    0.00260082  0.00000000
 -0.01105541  0.00000000    0.08670131  0.00000000   -0.01045939  0.00000000
  0.00260082  0.00000000   -0.01045939  0.00000000    0.17924948  0.00000000

     Dynamical  Matrix in cartesian axes

     q = (    0.750000000   0.916666667   0.083333333 ) 

    1    1
  0.08670131  0.00000000    0.01105541  0.00000000    0.01045939  0.00000000
  0.01105541  0.00000000    0.09254672  0.00000000    0.00260082  0.00000000
  0.01045939  0.00000000    0.00260082  0.00000000    0.17924948  0.00000000

     Dynamical  Matrix in cartesian axes

     q = (    0.083333333  -0.750000000  -0.916666667 ) 

    1    1
  0.17924948  0.00000000   -0.01045939  0.00000000   -0.00260082  0.00000000
 -0.01045939  0.00000000    0.08670131  0.00000000    0.01105541  0.00000000
 -0.00260082  0.00000000    0.01105541  0.00000000    0.09254672  0.00000000

     Dynamical  Matrix in cartesian axes

     q = (    0.750000000   0.916666667  -0.083333333 ) 

    1    1
  0.08670131  0.00000000    0.01105541  0.00000000   -0.01045939  0.00000000
  0.01105541  0.00000000    0.09254672  0.00000000   -0.00260082  0.00000000
 -0.01045939  0.00000000   -0.00260082  0.00000000    0.17924948  0.00000000

     Dynamical  Matrix in cartesian axes

     q = (   -0.750000000   0.916666667  -0.083333333 ) 

    1    1
  0.08670131  0.00000000   -0.01105541  0.00000000    0.01045939  0.00000000
 -0.01105541  0.00000000    0.09254672  0.00000000   -0.00260082  0.00000000
  0.01045939  0.00000000   -0.00260082  0.00000000    0.17924948  0.00000000

     Dynamical  Matrix in cartesian axes

     q = (   -0.750000000   0.916666667   0.083333333 ) 

    1    1
  0.08670131  0.00000000   -0.01105541  0.00000000   -0.01045939  0.00000000
 -0.01105541  0.00000000    0.09254672  0.00000000    0.00260082  0.00000000
 -0.01045939  0.00000000    0.00260082  0.00000000    0.17924948  0.00000000

     Dynamical  Matrix in cartesian axes

     q = (    0.083333333  -0.916666667  -0.750000000 ) 

    1    1
  0.17924948  0.00000000   -0.00260082  0.00000000   -0.01045939  0.00000000
 -0.00260082  0.00000000    0.09254672  0.00000000    0.01105541  0.00000000
 -0.01045939  0.00000000    0.01105541  0.00000000    0.08670131  0.00000000

     Dynamical  Matrix in cartesian axes

     q = (   -0.083333333  -0.916666667   0.750000000 ) 

    1    1
  0.17924948  0.00000000    0.00260082  0.00000000   -0.01045939  0.00000000
  0.00260082  0.00000000    0.09254672  0.00000000   -0.01105541  0.00000000
 -0.01045939  0.00000000   -0.01105541  0.00000000    0.08670131  0.00000000

     Dynamical  Matrix in cartesian axes

     q = (    0.083333333   0.916666667   0.750000000 ) 

    1    1
  0.17924948  0.00000000    0.00260082  0.00000000    0.01045939  0.00000000
  0.00260082  0.00000000    0.09254672  0.00000000    0.01105541  0.00000000
  0.01045939  0.00000000    0.01105541  0.00000000    0.08670131  0.00000000

     Dynamical  Matrix in cartesian axes

     q = (    0.750000000  -0.916666667  -0.083333333 ) 

    1    1
  0.08670131  0.00000000   -0.01105541  0.00000000   -0.01045939  0.00000000
 -0.01105541  0.00000000    0.09254672  0.00000000    0.00260082  0.00000000
 -0.01045939  0.00000000    0.00260082  0.00000000    0.17924948  0.00000000

     Dynamical  Matrix in cartesian axes

     q = (   -0.916666667  -0.750000000   0.083333333 ) 

    1    1
  0.09254672  0.00000000    0.01105541  0.00000000   -0.00260082  0.00000000
  0.01105541  0.00000000    0.08670131  0.00000000   -0.01045939  0.00000000
 -0.00260082  0.00000000   -0.01045939  0.00000000    0.17924948  0.00000000

     Dynamical  Matrix in cartesian axes

     q = (   -0.750000000  -0.916666667  -0.083333333 ) 

    1    1
  0.08670131  0.00000000    0.01105541  0.00000000    0.01045939  0.00000000
  0.01105541  0.00000000    0.09254672  0.00000000    0.00260082  0.00000000
  0.01045939  0.00000000    0.00260082  0.00000000    0.17924948  0.00000000

     Dynamical  Matrix in cartesian axes

     q = (    0.916666667   0.750000000   0.083333333 ) 

    1    1
  0.09254672  0.00000000    0.01105541  0.00000000    0.00260082  0.00000000
  0.01105541  0.00000000    0.08670131  0.00000000    0.01045939  0.00000000
  0.00260082  0.00000000    0.01045939  0.00000000    0.17924948  0.00000000

     Dynamical  Matrix in cartesian axes

     q = (    0.916666667  -0.750000000  -0.083333333 ) 

    1    1
  0.09254672  0.00000000   -0.01105541  0.00000000   -0.00260082  0.00000000
 -0.01105541  0.00000000    0.08670131  0.00000000    0.01045939  0.00000000
 -0.00260082  0.00000000    0.01045939  0.00000000    0.17924948  0.00000000

     Diagonalizing the dynamical matrix

     q = (    0.750000000  -0.083333333   0.916666667 ) 

 **************************************************************************
     freq (    1) =       5.848912 [THz] =     195.098690 [cm-1]
 (  0.805254  0.000000  0.067876  0.000000 -0.589032  0.000000 ) 
     freq (    2) =       6.639950 [THz] =     221.484876 [cm-1]
 (  0.581529  0.000000  0.103468 -0.000000  0.806919  0.000000 ) 
     freq (    3) =       8.914822 [THz] =     297.366439 [cm-1]
 (  0.115716 -0.000000 -0.992314  0.000000  0.043846 -0.000000 ) 
 **************************************************************************
