Dynamical matrix file
                                                                           
  1    1  2  7.6456000  0.0000000  0.0000000  0.0000000  0.0000000  0.0000000
           1  'Al  '    24592.588541212976     
    1    1      0.0000000000      0.0000000000      0.0000000000

     Dynamical  Matrix in cartesian axes

     q = (   -0.333333333   0.500000000  -0.166666667 ) 

    1    1
  0.07381630  0.00000000   -0.04281076  0.00000000    0.02526574  0.00000000
 -0.04281076  0.00000000    0.10053804  0.00000000   -0.02608050  0.00000000
  0.02526574  0.00000000   -0.02608050  0.00000000    0.07062127  0.00000000

     Dynamical  Matrix in cartesian axes

     q = (   -0.333333333   0.500000000   0.166666667 ) 

    1    1
  0.07381630  0.00000000   -0.04281076  0.00000000   -0.02526574  0.00000000
 -0.04281076  0.00000000    0.10053804  0.00000000    0.02608050  0.00000000
 -0.02526574  0.00000000    0.02608050  0.00000000    0.07062127  0.00000000

     Dynamical  Matrix in cartesian axes

     q = (   -0.166666667  -0.500000000  -0.333333333 ) 

    1    1
  0.07062127  0.00000000    0.02608050  0.00000000    0.02526574  0.00000000
  0.02608050  0.00000000    0.10053804  0.00000000    0.04281076  0.00000000
  0.02526574  0.00000000    0.04281076  0.00000000    0.07381630  0.00000000

     Dynamical  Matrix in cartesian axes

     q = (   -0.333333333  -0.500000000  -0.166666667 ) 

    1    1
  0.07381630  0.00000000    0.04281076  0.00000000    0.02526574  0.00000000
  0.04281076  0.00000000    0.10053804  0.00000000    0.02608050  0.00000000
  0.02526574  0.00000000    0.02608050  0.00000000    0.07062127  0.00000000

     Dynamical  Matrix in cartesian axes

     q = (    0.166666667   0.500000000  -0.333333333 ) 

    1    1
  0.07062127  0.00000000    0.02608050  0.00000000   -0.02526574  0.00000000
  0.02608050  0.00000000    0.10053804  0.00000000   -0.04281076  0.00000000
 -0.02526574  0.00000000   -0.04281076  0.00000000    0.07381630  0.00000000

     Dynamical  Matrix in cartesian axes

     q = (    0.333333333   0.500000000   0.166666667 ) 

    1    1
  0.07381630  0.00000000    0.04281076  0.00000000    0.02526574  0.00000000
  0.04281076  0.00000000    0.10053804  0.00000000    0.02608050  0.00000000
  0.02526574  0.00000000    0.02608050  0.00000000    0.07062127  0.00000000

     Dynamical  Matrix in cartesian axes

     q = (    0.333333333   0.500000000  -0.166666667 ) 

    1    1
  0.07381630  0.00000000    0.04281076  0.00000000   -0.02526574  0.00000000
  0.04281076  0.00000000    0.10053804  0.00000000   -0.02608050  0.00000000
 -0.02526574  0.00000000   -0.02608050  0.00000000    0.07062127  0.00000000

     Dynamical  Matrix in cartesian axes

     q = (   -0.166666667   0.500000000  -0.333333333 ) 

    1    1
  0.07062127  0.00000000   -0.02608050  0.00000000    0.02526574  0.00000000
 -0.02608050  0.00000000    0.10053804  0.00000000   -0.04281076  0.00000000
  0.02526574  0.00000000   -0.04281076  0.00000000    0.07381630  0.00000000

     Dynamical  Matrix in cartesian axes

     q = (    0.166666667  -0.500000000   0.333333333 ) 

    1    1
  0.07062127  0.00000000   -0.02608050  0.00000000    0.02526574  0.00000000
 -0.02608050  0.00000000    0.10053804  0.00000000   -0.04281076  0.00000000
  0.02526574  0.00000000   -0.04281076  0.00000000    0.07381630  0.00000000

     Dynamical  Matrix in cartesian axes

     q = (    0.166666667   0.500000000   0.333333333 ) 

    1    1
  0.07062127  0.00000000    0.02608050  0.00000000    0.02526574  0.00000000
  0.02608050  0.00000000    0.10053804  0.00000000    0.04281076  0.00000000
  0.02526574  0.00000000    0.04281076  0.00000000    0.07381630  0.00000000

     Dynamical  Matrix in cartesian axes

     q = (    0.166666667  -0.500000000  -0.333333333 ) 

    1    1
  0.07062127  0.00000000   -0.02608050  0.00000000   -0.02526574  0.00000000
 -0.02608050  0.00000000    0.10053804  0.00000000    0.04281076  0.00000000
 -0.02526574  0.00000000    0.04281076  0.00000000    0.07381630  0.00000000

     Dynamical  Matrix in cartesian axes

     q = (   -0.166666667  -0.500000000   0.333333333 ) 

    1    1
  0.07062127  0.00000000    0.02608050  0.00000000   -0.02526574  0.00000000
  0.02608050  0.00000000    0.10053804  0.00000000   -0.04281076  0.00000000
 -0.02526574  0.00000000   -0.04281076  0.00000000    0.07381630  0.00000000

     Dynamical  Matrix in cartesian axes

     q = (    0.333333333  -0.500000000  -0.166666667 ) 

    1    1
  0.07381630  0.00000000   -0.04281076  0.00000000   -0.02526574  0.00000000
 -0.04281076  0.00000000    0.10053804  0.00000000    0.02608050  0.00000000
 -0.02526574  0.00000000    0.02608050  0.00000000    0.07062127  0.00000000

     Dynamical  Matrix in cartesian axes

     q = (   -0.166666667   0.500000000   0.333333333 ) 

    1    1
  0.07062127  0.00000000   -0.02608050  0.00000000   -0.02526574  0.00000000
 -0.02608050  0.00000000    0.10053804  0.00000000    0.04281076  0.00000000
 -0.02526574  0.00000000    0.04281076  0.00000000    0.07381630  0.00000000

     Dynamical  Matrix in cartesian axes

     q = (   -0.333333333  -0.500000000   0.166666667 ) 

    1    1
  0.07381630  0.00000000    0.04281076  0.00000000   -0.02526574  0.00000000
  0.04281076  0.00000000    0.10053804  0.00000000   -0.02608050  0.00000000
 -0.02526574  0.00000000   -0.02608050  0.00000000    0.07062127  0.00000000

     Dynamical  Matrix in cartesian axes

     q = (    0.333333333  -0.500000000   0.166666667 ) 

    1    1
  0.07381630  0.00000000   -0.04281076  0.00000000    0.02526574  0.00000000
 -0.04281076  0.00000000    0.10053804  0.00000000   -0.02608050  0.00000000
  0.02526574  0.00000000   -0.02608050  0.00000000    0.07062127  0.00000000

     Dynamical  Matrix in cartesian axes

     q = (    0.500000000  -0.166666667  -0.333333333 ) 

    1    1
  0.10053804  0.00000000   -0.02608050  0.00000000   -0.04281076  0.00000000
 -0.02608050  0.00000000    0.07062127  0.00000000    0.02526574  0.00000000
 -0.04281076  0.00000000    0.02526574  0.00000000    0.07381630  0.00000000

     Dynamical  Matrix in cartesian axes

     q = (   -0.500000000  -0.166666667   0.333333333 ) 

    1    1
  0.10053804  0.00000000    0.02608050  0.00000000   -0.04281076  0.00000000
  0.02608050  0.00000000    0.07062127  0.00000000   -0.02526574  0.00000000
 -0.04281076  0.00000000   -0.02526574  0.00000000    0.07381630  0.00000000

     Dynamical  Matrix in cartesian axes

     q = (    0.500000000   0.166666667   0.333333333 ) 

    1    1
  0.10053804  0.00000000    0.02608050  0.00000000    0.04281076  0.00000000
  0.02608050  0.00000000    0.07062127  0.00000000    0.02526574  0.00000000
  0.04281076  0.00000000    0.02526574  0.00000000    0.07381630  0.00000000

     Dynamical  Matrix in cartesian axes

     q = (    0.500000000  -0.333333333   0.166666667 ) 

    1    1
  0.10053804  0.00000000   -0.04281076  0.00000000    0.02608050  0.00000000
 -0.04281076  0.00000000    0.07381630  0.00000000   -0.02526574  0.00000000
  0.02608050  0.00000000   -0.02526574  0.00000000    0.07062127  0.00000000

     Dynamical  Matrix in cartesian axes

     q = (   -0.166666667  -0.333333333   0.500000000 ) 

    1    1
  0.07062127  0.00000000    0.02526574  0.00000000   -0.02608050  0.00000000
  0.02526574  0.00000000    0.07381630  0.00000000   -0.04281076  0.00000000
 -0.02608050  0.00000000   -0.04281076  0.00000000    0.10053804  0.00000000

     Dynamical  Matrix in cartesian axes

     q = (    0.500000000  -0.166666667   0.333333333 ) 

    1    1
  0.10053804  0.00000000   -0.02608050  0.00000000    0.04281076  0.00000000
 -0.02608050  0.00000000    0.07062127  0.00000000   -0.02526574  0.00000000
  0.04281076  0.00000000   -0.02526574  0.00000000    0.07381630  0.00000000

     Dynamical  Matrix in cartesian axes

     q = (    0.166666667   0.333333333   0.500000000 ) 

    1    1
  0.07062127  0.00000000    0.02526574  0.00000000    0.02608050  0.00000000
  0.02526574  0.00000000    0.07381630  0.00000000    0.04281076  0.00000000
  0.02608050  0.00000000    0.04281076  0.00000000    0.10053804  0.00000000

     Dynamical  Matrix in cartesian axes

     q = (    0.166666667  -0.333333333  -0.500000000 ) 

    1    1
  0.07062127  0.00000000   -0.02526574  0.00000000   -0.02608050  0.00000000
 -0.02526574  0.00000000    0.07381630  0.00000000    0.04281076  0.00000000
 -0.02608050  0.00000000    0.04281076  0.00000000    0.10053804  0.00000000

     Dynamical  Matrix in cartesian axes

     q = (   -0.500000000   0.333333333  -0.166666667 ) 

    1    1
  0.10053804  0.00000000   -0.04281076  0.00000000    0.02608050  0.00000000
 -0.04281076  0.00000000    0.07381630  0.00000000   -0.02526574  0.00000000
  0.02608050  0.00000000   -0.02526574  0.00000000    0.07062127  0.00000000

     Dynamical  Matrix in cartesian axes

     q = (   -0.500000000   0.166666667  -0.333333333 ) 

    1    1
  0.10053804  0.00000000   -0.02608050  0.00000000    0.04281076  0.00000000
 -0.02608050  0.00000000    0.07062127  0.00000000   -0.02526574  0.00000000
  0.04281076  0.00000000   -0.02526574  0.00000000    0.07381630  0.00000000

     Dynamical  Matrix in cartesian axes

     q = (   -0.333333333   0.166666667  -0.500000000 ) 

    1    1
  0.07381630  0.00000000   -0.02526574  0.00000000    0.04281076  0.00000000
 -0.02526574  0.00000000    0.07062127  0.00000000   -0.02608050  0.00000000
  0.04281076  0.00000000   -0.02608050  0.00000000    0.10053804  0.00000000

     Dynamical  Matrix in cartesian axes

     q = (    0.166666667  -0.333333333   0.500000000 ) 

    1    1
  0.07062127  0.00000000   -0.02526574  0.00000000    0.02608050  0.00000000
 -0.02526574  0.00000000    0.07381630  0.00000000   -0.04281076  0.00000000
  0.02608050  0.00000000   -0.04281076  0.00000000    0.10053804  0.00000000

     Dynamical  Matrix in cartesian axes

     q = (   -0.500000000  -0.333333333  -0.166666667 ) 

    1    1
  0.10053804  0.00000000    0.04281076  0.00000000    0.02608050  0.00000000
  0.04281076  0.00000000    0.07381630  0.00000000    0.02526574  0.00000000
  0.02608050  0.00000000    0.02526574  0.00000000    0.07062127  0.00000000

     Dynamical  Matrix in cartesian axes

     q = (    0.500000000  -0.333333333  -0.166666667 ) 

    1    1
  0.10053804  0.00000000   -0.04281076  0.00000000   -0.02608050  0.00000000
 -0.04281076  0.00000000    0.07381630  0.00000000    0.02526574  0.00000000
 -0.02608050  0.00000000    0.02526574  0.00000000    0.07062127  0.00000000

     Dynamical  Matrix in cartesian axes

     q = (   -0.500000000  -0.333333333   0.166666667 ) 

    1    1
  0.10053804  0.00000000    0.04281076  0.00000000   -0.02608050  0.00000000
  0.04281076  0.00000000    0.07381630  0.00000000   -0.02526574  0.00000000
 -0.02608050  0.00000000   -0.02526574  0.00000000    0.07062127  0.00000000

     Dynamical  Matrix in cartesian axes

     q = (    0.500000000   0.333333333   0.166666667 ) 

    1    1
  0.10053804  0.00000000    0.04281076  0.00000000    0.02608050  0.00000000
  0.04281076  0.00000000    0.07381630  0.00000000    0.02526574  0.00000000
  0.02608050  0.00000000    0.02526574  0.00000000    0.07062127  0.00000000

     Dynamical  Matrix in cartesian axes

     q = (    0.333333333   0.166666667  -0.500000000 ) 

    1    1
  0.07381630  0.00000000    0.02526574  0.00000000   -0.04281076  0.00000000
  0.02526574  0.00000000    0.07062127  0.00000000   -0.02608050  0.00000000
 -0.04281076  0.00000000   -0.02608050  0.00000000    0.10053804  0.00000000

     Dynamical  Matrix in cartesian axes

     q = (    0.500000000   0.333333333  -0.166666667 ) 

    1    1
  0.10053804  0.00000000    0.04281076  0.00000000   -0.02608050  0.00000000
  0.04281076  0.00000000    0.07381630  0.00000000   -0.02526574  0.00000000
 -0.02608050  0.00000000   -0.02526574  0.00000000    0.07062127  0.00000000

     Dynamical  Matrix in cartesian axes

     q = (   -0.166666667   0.333333333  -0.500000000 ) 

    1    1
  0.07062127  0.00000000   -0.02526574  0.00000000    0.02608050  0.00000000
 -0.02526574  0.00000000    0.07381630  0.00000000   -0.04281076  0.00000000
  0.02608050  0.00000000   -0.04281076  0.00000000    0.10053804  0.00000000

     Dynamical  Matrix in cartesian axes

     q = (   -0.333333333  -0.166666667  -0.500000000 ) 

    1    1
  0.07381630  0.00000000    0.02526574  0.00000000    0.04281076  0.00000000
  0.02526574  0.00000000    0.07062127  0.00000000    0.02608050  0.00000000
  0.04281076  0.00000000    0.02608050  0.00000000    0.10053804  0.00000000

     Dynamical  Matrix in cartesian axes

     q = (   -0.500000000   0.333333333   0.166666667 ) 

    1    1
  0.10053804  0.00000000   -0.04281076  0.00000000   -0.02608050  0.00000000
 -0.04281076  0.00000000    0.07381630  0.00000000    0.02526574  0.00000000
 -0.02608050  0.00000000    0.02526574  0.00000000    0.07062127  0.00000000

     Dynamical  Matrix in cartesian axes

     q = (   -0.333333333  -0.166666667   0.500000000 ) 

    1    1
  0.07381630  0.00000000    0.02526574  0.00000000   -0.04281076  0.00000000
  0.02526574  0.00000000    0.07062127  0.00000000   -0.02608050  0.00000000
 -0.04281076  0.00000000   -0.02608050  0.00000000    0.10053804  0.00000000

     Dynamical  Matrix in cartesian axes

     q = (    0.333333333  -0.166666667   0.500000000 ) 

    1    1
  0.07381630  0.00000000   -0.02526574  0.00000000    0.04281076  0.00000000
 -0.02526574  0.00000000    0.07062127  0.00000000   -0.02608050  0.00000000
  0.04281076  0.00000000   -0.02608050  0.00000000    0.10053804  0.00000000

     Dynamical  Matrix in cartesian axes

     q = (    0.333333333  -0.166666667  -0.500000000 ) 

    1    1
  0.07381630  0.00000000   -0.02526574  0.00000000   -0.04281076  0.00000000
 -0.02526574  0.00000000    0.07062127  0.00000000    0.02608050  0.00000000
 -0.04281076  0.00000000    0.02608050  0.00000000    0.10053804  0.00000000

     Dynamical  Matrix in cartesian axes

     q = (   -0.500000000   0.166666667   0.333333333 ) 

    1    1
  0.10053804  0.00000000   -0.02608050  0.00000000   -0.04281076  0.00000000
 -0.02608050  0.00000000    0.07062127  0.00000000    0.02526574  0.00000000
 -0.04281076  0.00000000    0.02526574  0.00000000    0.07381630  0.00000000

     Dynamical  Matrix in cartesian axes

     q = (    0.500000000   0.166666667  -0.333333333 ) 

    1    1
  0.10053804  0.00000000    0.02608050  0.00000000   -0.04281076  0.00000000
  0.02608050  0.00000000    0.07062127  0.00000000   -0.02526574  0.00000000
 -0.04281076  0.00000000   -0.02526574  0.00000000    0.07381630  0.00000000

     Dynamical  Matrix in cartesian axes

     q = (   -0.500000000  -0.166666667  -0.333333333 ) 

    1    1
  0.10053804  0.00000000    0.02608050  0.00000000    0.04281076  0.00000000
  0.02608050  0.00000000    0.07062127  0.00000000    0.02526574  0.00000000
  0.04281076  0.00000000    0.02526574  0.00000000    0.07381630  0.00000000

     Dynamical  Matrix in cartesian axes

     q = (   -0.333333333   0.166666667   0.500000000 ) 

    1    1
  0.07381630  0.00000000   -0.02526574  0.00000000   -0.04281076  0.00000000
 -0.02526574  0.00000000    0.07062127  0.00000000    0.02608050  0.00000000
 -0.04281076  0.00000000    0.02608050  0.00000000    0.10053804  0.00000000

     Dynamical  Matrix in cartesian axes

     q = (    0.166666667   0.333333333  -0.500000000 ) 

    1    1
  0.07062127  0.00000000    0.02526574  0.00000000   -0.02608050  0.00000000
  0.02526574  0.00000000    0.07381630  0.00000000   -0.04281076  0.00000000
 -0.02608050  0.00000000   -0.04281076  0.00000000    0.10053804  0.00000000

     Dynamical  Matrix in cartesian axes

     q = (    0.333333333   0.166666667   0.500000000 ) 

    1    1
  0.07381630  0.00000000    0.02526574  0.00000000    0.04281076  0.00000000
  0.02526574  0.00000000    0.07062127  0.00000000    0.02608050  0.00000000
  0.04281076  0.00000000    0.02608050  0.00000000    0.10053804  0.00000000

     Dynamical  Matrix in cartesian axes

     q = (   -0.166666667  -0.333333333  -0.500000000 ) 

    1    1
  0.07062127  0.00000000    0.02526574  0.00000000    0.02608050  0.00000000
  0.02526574  0.00000000    0.07381630  0.00000000    0.04281076  0.00000000
  0.02608050  0.00000000    0.04281076  0.00000000    0.10053804  0.00000000

     Dynamical  Matrix in cartesian axes

     q = (   -0.166666667   0.333333333   0.500000000 ) 

    1    1
  0.07062127  0.00000000   -0.02526574  0.00000000   -0.02608050  0.00000000
 -0.02526574  0.00000000    0.07381630  0.00000000    0.04281076  0.00000000
 -0.02608050  0.00000000    0.04281076  0.00000000    0.10053804  0.00000000

     Diagonalizing the dynamical matrix

     q = (   -0.333333333   0.500000000  -0.166666667 ) 

 **************************************************************************
     freq (    1) =       4.237112 [THz] =     141.334832 [cm-1]
 (  0.832819  0.000000  0.467112  0.000000 -0.297017  0.000000 ) 
     freq (    2) =       4.943131 [THz] =     164.885090 [cm-1]
 (  0.017729  0.000000  0.513788  0.000000  0.857734  0.000000 ) 
     freq (    3) =       8.088556 [THz] =     269.805178 [cm-1]
 (  0.553262  0.000000 -0.719603  0.000000  0.419611  0.000000 ) 
 **************************************************************************
