Dynamical matrix file
                                                                           
  1    1  2  7.6456000  0.0000000  0.0000000  0.0000000  0.0000000  0.0000000
           1  'Al  '    24592.588541212976     
    1    1      0.0000000000      0.0000000000      0.0000000000

     Dynamical  Matrix in cartesian axes

     q = (    0.583333333  -0.416666667   0.750000000 ) 

    1    1
  0.08996717  0.00000000   -0.04944771  0.00000000    0.03989799  0.00000000
 -0.04944771  0.00000000    0.10982173  0.00000000   -0.03512390  0.00000000
  0.03989799  0.00000000   -0.03512390  0.00000000    0.09430598  0.00000000

     Dynamical  Matrix in cartesian axes

     q = (    0.583333333  -0.416666667  -0.750000000 ) 

    1    1
  0.08996717  0.00000000   -0.04944771  0.00000000   -0.03989799  0.00000000
 -0.04944771  0.00000000    0.10982173  0.00000000    0.03512390  0.00000000
 -0.03989799  0.00000000    0.03512390  0.00000000    0.09430598  0.00000000

     Dynamical  Matrix in cartesian axes

     q = (    0.750000000   0.416666667   0.583333333 ) 

    1    1
  0.09430598  0.00000000    0.03512390  0.00000000    0.03989799  0.00000000
  0.03512390  0.00000000    0.10982173  0.00000000    0.04944771  0.00000000
  0.03989799  0.00000000    0.04944771  0.00000000    0.08996717  0.00000000

     Dynamical  Matrix in cartesian axes

     q = (    0.583333333   0.416666667   0.750000000 ) 

    1    1
  0.08996717  0.00000000    0.04944771  0.00000000    0.03989799  0.00000000
  0.04944771  0.00000000    0.10982173  0.00000000    0.03512390  0.00000000
  0.03989799  0.00000000    0.03512390  0.00000000    0.09430598  0.00000000

     Dynamical  Matrix in cartesian axes

     q = (   -0.750000000  -0.416666667   0.583333333 ) 

    1    1
  0.09430598  0.00000000    0.03512390  0.00000000   -0.03989799  0.00000000
  0.03512390  0.00000000    0.10982173  0.00000000   -0.04944771  0.00000000
 -0.03989799  0.00000000   -0.04944771  0.00000000    0.08996717  0.00000000

     Dynamical  Matrix in cartesian axes

     q = (   -0.583333333  -0.416666667  -0.750000000 ) 

    1    1
  0.08996717  0.00000000    0.04944771  0.00000000    0.03989799  0.00000000
  0.04944771  0.00000000    0.10982173  0.00000000    0.03512390  0.00000000
  0.03989799  0.00000000    0.03512390  0.00000000    0.09430598  0.00000000

     Dynamical  Matrix in cartesian axes

     q = (   -0.583333333  -0.416666667   0.750000000 ) 

    1    1
  0.08996717  0.00000000    0.04944771  0.00000000   -0.03989799  0.00000000
  0.04944771  0.00000000    0.10982173  0.00000000   -0.03512390  0.00000000
 -0.03989799  0.00000000   -0.03512390  0.00000000    0.09430598  0.00000000

     Dynamical  Matrix in cartesian axes

     q = (    0.750000000  -0.416666667   0.583333333 ) 

    1    1
  0.09430598  0.00000000   -0.03512390  0.00000000    0.03989799  0.00000000
 -0.03512390  0.00000000    0.10982173  0.00000000   -0.04944771  0.00000000
  0.03989799  0.00000000   -0.04944771  0.00000000    0.08996717  0.00000000

     Dynamical  Matrix in cartesian axes

     q = (   -0.750000000   0.416666667  -0.583333333 ) 

    1    1
  0.09430598  0.00000000   -0.03512390  0.00000000    0.03989799  0.00000000
 -0.03512390  0.00000000    0.10982173  0.00000000   -0.04944771  0.00000000
  0.03989799  0.00000000   -0.04944771  0.00000000    0.08996717  0.00000000

     Dynamical  Matrix in cartesian axes

     q = (   -0.750000000  -0.416666667  -0.583333333 ) 

    1    1
  0.09430598  0.00000000    0.03512390  0.00000000    0.03989799  0.00000000
  0.03512390  0.00000000    0.10982173  0.00000000    0.04944771  0.00000000
  0.03989799  0.00000000    0.04944771  0.00000000    0.08996717  0.00000000

     Dynamical  Matrix in cartesian axes

     q = (   -0.750000000   0.416666667   0.583333333 ) 

    1    1
  0.09430598  0.00000000   -0.03512390  0.00000000   -0.03989799  0.00000000
 -0.03512390  0.00000000    0.10982173  0.00000000    0.04944771  0.00000000
 -0.03989799  0.00000000    0.04944771  0.00000000    0.08996717  0.00000000

     Dynamical  Matrix in cartesian axes

     q = (    0.750000000   0.416666667  -0.583333333 ) 

    1    1
  0.09430598  0.00000000    0.03512390  0.00000000   -0.03989799  0.00000000
  0.03512390  0.00000000    0.10982173  0.00000000   -0.04944771  0.00000000
 -0.03989799  0.00000000   -0.04944771  0.00000000    0.08996717  0.00000000

     Dynamical  Matrix in cartesian axes

     q = (   -0.583333333   0.416666667   0.750000000 ) 

    1    1
  0.08996717  0.00000000   -0.04944771  0.00000000   -0.03989799  0.00000000
 -0.04944771  0.00000000    0.10982173  0.00000000    0.03512390  0.00000000
 -0.03989799  0.00000000    0.03512390  0.00000000    0.09430598  0.00000000

     Dynamical  Matrix in cartesian axes

     q = (    0.750000000  -0.416666667  -0.583333333 ) 

    1    1
  0.09430598  0.00000000   -0.03512390  0.00000000   -0.03989799  0.00000000
 -0.03512390  0.00000000    0.10982173  0.00000000    0.04944771  0.00000000
 -0.03989799  0.00000000    0.04944771  0.00000000    0.08996717  0.00000000

     Dynamical  Matrix in cartesian axes

     q = (    0.583333333   0.416666667  -0.750000000 ) 

    1    1
  0.08996717  0.00000000    0.04944771  0.00000000   -0.03989799  0.00000000
  0.04944771  0.00000000    0.10982173  0.00000000   -0.03512390  0.00000000
 -0.03989799  0.00000000   -0.03512390  0.00000000    0.09430598  0.00000000

     Dynamical  Matrix in cartesian axes

     q = (   -0.583333333   0.416666667  -0.750000000 ) 

    1    1
  0.08996717  0.00000000   -0.04944771  0.00000000    0.03989799  0.00000000
 -0.04944771  0.00000000    0.10982173  0.00000000   -0.03512390  0.00000000
  0.03989799  0.00000000   -0.03512390  0.00000000    0.09430598  0.00000000

     Dynamical  Matrix in cartesian axes

     q = (   -0.416666667   0.750000000   0.583333333 ) 

    1    1
  0.10982173  0.00000000   -0.03512390  0.00000000   -0.04944771  0.00000000
 -0.03512390  0.00000000    0.09430598  0.00000000    0.03989799  0.00000000
 -0.04944771  0.00000000    0.03989799  0.00000000    0.08996717  0.00000000

     Dynamical  Matrix in cartesian axes

     q = (    0.416666667   0.750000000  -0.583333333 ) 

    1    1
  0.10982173  0.00000000    0.03512390  0.00000000   -0.04944771  0.00000000
  0.03512390  0.00000000    0.09430598  0.00000000   -0.03989799  0.00000000
 -0.04944771  0.00000000   -0.03989799  0.00000000    0.08996717  0.00000000

     Dynamical  Matrix in cartesian axes

     q = (   -0.416666667  -0.750000000  -0.583333333 ) 

    1    1
  0.10982173  0.00000000    0.03512390  0.00000000    0.04944771  0.00000000
  0.03512390  0.00000000    0.09430598  0.00000000    0.03989799  0.00000000
  0.04944771  0.00000000    0.03989799  0.00000000    0.08996717  0.00000000

     Dynamical  Matrix in cartesian axes

     q = (   -0.416666667   0.583333333  -0.750000000 ) 

    1    1
  0.10982173  0.00000000   -0.04944771  0.00000000    0.03512390  0.00000000
 -0.04944771  0.00000000    0.08996717  0.00000000   -0.03989799  0.00000000
  0.03512390  0.00000000   -0.03989799  0.00000000    0.09430598  0.00000000

     Dynamical  Matrix in cartesian axes

     q = (    0.750000000   0.583333333  -0.416666667 ) 

    1    1
  0.09430598  0.00000000    0.03989799  0.00000000   -0.03512390  0.00000000
  0.03989799  0.00000000    0.08996717  0.00000000   -0.04944771  0.00000000
 -0.03512390  0.00000000   -0.04944771  0.00000000    0.10982173  0.00000000

     Dynamical  Matrix in cartesian axes

     q = (   -0.416666667   0.750000000  -0.583333333 ) 

    1    1
  0.10982173  0.00000000   -0.03512390  0.00000000    0.04944771  0.00000000
 -0.03512390  0.00000000    0.09430598  0.00000000   -0.03989799  0.00000000
  0.04944771  0.00000000   -0.03989799  0.00000000    0.08996717  0.00000000

     Dynamical  Matrix in cartesian axes

     q = (   -0.750000000  -0.583333333  -0.416666667 ) 

    1    1
  0.09430598  0.00000000    0.03989799  0.00000000    0.03512390  0.00000000
  0.03989799  0.00000000    0.08996717  0.00000000    0.04944771  0.00000000
  0.03512390  0.00000000    0.04944771  0.00000000    0.10982173  0.00000000

     Dynamical  Matrix in cartesian axes

     q = (   -0.750000000   0.583333333   0.416666667 ) 

    1    1
  0.09430598  0.00000000   -0.03989799  0.00000000   -0.03512390  0.00000000
 -0.03989799  0.00000000    0.08996717  0.00000000    0.04944771  0.00000000
 -0.03512390  0.00000000    0.04944771  0.00000000    0.10982173  0.00000000

     Dynamical  Matrix in cartesian axes

     q = (    0.416666667  -0.583333333   0.750000000 ) 

    1    1
  0.10982173  0.00000000   -0.04944771  0.00000000    0.03512390  0.00000000
 -0.04944771  0.00000000    0.08996717  0.00000000   -0.03989799  0.00000000
  0.03512390  0.00000000   -0.03989799  0.00000000    0.09430598  0.00000000

     Dynamical  Matrix in cartesian axes

     q = (    0.416666667  -0.750000000   0.583333333 ) 

    1    1
  0.10982173  0.00000000   -0.03512390  0.00000000    0.04944771  0.00000000
 -0.03512390  0.00000000    0.09430598  0.00000000   -0.03989799  0.00000000
  0.04944771  0.00000000   -0.03989799  0.00000000    0.08996717  0.00000000

     Dynamical  Matrix in cartesian axes

     q = (    0.583333333  -0.750000000   0.416666667 ) 

    1    1
  0.08996717  0.00000000   -0.03989799  0.00000000    0.04944771  0.00000000
 -0.03989799  0.00000000    0.09430598  0.00000000   -0.03512390  0.00000000
  0.04944771  0.00000000   -0.03512390  0.00000000    0.10982173  0.00000000

     Dynamical  Matrix in cartesian axes

     q = (   -0.750000000   0.583333333  -0.416666667 ) 

    1    1
  0.09430598  0.00000000   -0.03989799  0.00000000    0.03512390  0.00000000
 -0.03989799  0.00000000    0.08996717  0.00000000   -0.04944771  0.00000000
  0.03512390  0.00000000   -0.04944771  0.00000000    0.10982173  0.00000000

     Dynamical  Matrix in cartesian axes

     q = (    0.416666667   0.583333333   0.750000000 ) 

    1    1
  0.10982173  0.00000000    0.04944771  0.00000000    0.03512390  0.00000000
  0.04944771  0.00000000    0.08996717  0.00000000    0.03989799  0.00000000
  0.03512390  0.00000000    0.03989799  0.00000000    0.09430598  0.00000000

     Dynamical  Matrix in cartesian axes

     q = (   -0.416666667   0.583333333   0.750000000 ) 

    1    1
  0.10982173  0.00000000   -0.04944771  0.00000000   -0.03512390  0.00000000
 -0.04944771  0.00000000    0.08996717  0.00000000    0.03989799  0.00000000
 -0.03512390  0.00000000    0.03989799  0.00000000    0.09430598  0.00000000

     Dynamical  Matrix in cartesian axes

     q = (    0.416666667   0.583333333  -0.750000000 ) 

    1    1
  0.10982173  0.00000000    0.04944771  0.00000000   -0.03512390  0.00000000
  0.04944771  0.00000000    0.08996717  0.00000000   -0.03989799  0.00000000
 -0.03512390  0.00000000   -0.03989799  0.00000000    0.09430598  0.00000000

     Dynamical  Matrix in cartesian axes

     q = (   -0.416666667  -0.583333333  -0.750000000 ) 

    1    1
  0.10982173  0.00000000    0.04944771  0.00000000    0.03512390  0.00000000
  0.04944771  0.00000000    0.08996717  0.00000000    0.03989799  0.00000000
  0.03512390  0.00000000    0.03989799  0.00000000    0.09430598  0.00000000

     Dynamical  Matrix in cartesian axes

     q = (   -0.583333333  -0.750000000   0.416666667 ) 

    1    1
  0.08996717  0.00000000    0.03989799  0.00000000   -0.04944771  0.00000000
  0.03989799  0.00000000    0.09430598  0.00000000   -0.03512390  0.00000000
 -0.04944771  0.00000000   -0.03512390  0.00000000    0.10982173  0.00000000

     Dynamical  Matrix in cartesian axes

     q = (   -0.416666667  -0.583333333   0.750000000 ) 

    1    1
  0.10982173  0.00000000    0.04944771  0.00000000   -0.03512390  0.00000000
  0.04944771  0.00000000    0.08996717  0.00000000   -0.03989799  0.00000000
 -0.03512390  0.00000000   -0.03989799  0.00000000    0.09430598  0.00000000

     Dynamical  Matrix in cartesian axes

     q = (    0.750000000  -0.583333333   0.416666667 ) 

    1    1
  0.09430598  0.00000000   -0.03989799  0.00000000    0.03512390  0.00000000
 -0.03989799  0.00000000    0.08996717  0.00000000   -0.04944771  0.00000000
  0.03512390  0.00000000   -0.04944771  0.00000000    0.10982173  0.00000000

     Dynamical  Matrix in cartesian axes

     q = (    0.583333333   0.750000000   0.416666667 ) 

    1    1
  0.08996717  0.00000000    0.03989799  0.00000000    0.04944771  0.00000000
  0.03989799  0.00000000    0.09430598  0.00000000    0.03512390  0.00000000
  0.04944771  0.00000000    0.03512390  0.00000000    0.10982173  0.00000000

     Dynamical  Matrix in cartesian axes

     q = (    0.416666667  -0.583333333  -0.750000000 ) 

    1    1
  0.10982173  0.00000000   -0.04944771  0.00000000   -0.03512390  0.00000000
 -0.04944771  0.00000000    0.08996717  0.00000000    0.03989799  0.00000000
 -0.03512390  0.00000000    0.03989799  0.00000000    0.09430598  0.00000000

     Dynamical  Matrix in cartesian axes

     q = (    0.583333333   0.750000000  -0.416666667 ) 

    1    1
  0.08996717  0.00000000    0.03989799  0.00000000   -0.04944771  0.00000000
  0.03989799  0.00000000    0.09430598  0.00000000   -0.03512390  0.00000000
 -0.04944771  0.00000000   -0.03512390  0.00000000    0.10982173  0.00000000

     Dynamical  Matrix in cartesian axes

     q = (   -0.583333333   0.750000000  -0.416666667 ) 

    1    1
  0.08996717  0.00000000   -0.03989799  0.00000000    0.04944771  0.00000000
 -0.03989799  0.00000000    0.09430598  0.00000000   -0.03512390  0.00000000
  0.04944771  0.00000000   -0.03512390  0.00000000    0.10982173  0.00000000

     Dynamical  Matrix in cartesian axes

     q = (   -0.583333333   0.750000000   0.416666667 ) 

    1    1
  0.08996717  0.00000000   -0.03989799  0.00000000   -0.04944771  0.00000000
 -0.03989799  0.00000000    0.09430598  0.00000000    0.03512390  0.00000000
 -0.04944771  0.00000000    0.03512390  0.00000000    0.10982173  0.00000000

     Dynamical  Matrix in cartesian axes

     q = (    0.416666667  -0.750000000  -0.583333333 ) 

    1    1
  0.10982173  0.00000000   -0.03512390  0.00000000   -0.04944771  0.00000000
 -0.03512390  0.00000000    0.09430598  0.00000000    0.03989799  0.00000000
 -0.04944771  0.00000000    0.03989799  0.00000000    0.08996717  0.00000000

     Dynamical  Matrix in cartesian axes

     q = (   -0.416666667  -0.750000000   0.583333333 ) 

    1    1
  0.10982173  0.00000000    0.03512390  0.00000000   -0.04944771  0.00000000
  0.03512390  0.00000000    0.09430598  0.00000000   -0.03989799  0.00000000
 -0.04944771  0.00000000   -0.03989799  0.00000000    0.08996717  0.00000000

     Dynamical  Matrix in cartesian axes

     q = (    0.416666667   0.750000000   0.583333333 ) 

    1    1
  0.10982173  0.00000000    0.03512390  0.00000000    0.04944771  0.00000000
  0.03512390  0.00000000    0.09430598  0.00000000    0.03989799  0.00000000
  0.04944771  0.00000000    0.03989799  0.00000000    0.08996717  0.00000000

     Dynamical  Matrix in cartesian axes

     q = (    0.583333333  -0.750000000  -0.416666667 ) 

    1    1
  0.08996717  0.00000000   -0.03989799  0.00000000   -0.04944771  0.00000000
 -0.03989799  0.00000000    0.09430598  0.00000000    0.03512390  0.00000000
 -0.04944771  0.00000000    0.03512390  0.00000000    0.10982173  0.00000000

     Dynamical  Matrix in cartesian axes

     q = (   -0.750000000  -0.583333333   0.416666667 ) 

    1    1
  0.09430598  0.00000000    0.03989799  0.00000000   -0.03512390  0.00000000
  0.03989799  0.00000000    0.08996717  0.00000000   -0.04944771  0.00000000
 -0.03512390  0.00000000   -0.04944771  0.00000000    0.10982173  0.00000000

     Dynamical  Matrix in cartesian axes

     q = (   -0.583333333  -0.750000000  -0.416666667 ) 

    1    1
  0.08996717  0.00000000    0.03989799  0.00000000    0.04944771  0.00000000
  0.03989799  0.00000000    0.09430598  0.00000000    0.03512390  0.00000000
  0.04944771  0.00000000    0.03512390  0.00000000    0.10982173  0.00000000

     Dynamical  Matrix in cartesian axes

     q = (    0.750000000   0.583333333   0.416666667 ) 

    1    1
  0.09430598  0.00000000    0.03989799  0.00000000    0.03512390  0.00000000
  0.03989799  0.00000000    0.08996717  0.00000000    0.04944771  0.00000000
  0.03512390  0.00000000    0.04944771  0.00000000    0.10982173  0.00000000

     Dynamical  Matrix in cartesian axes

     q = (    0.750000000  -0.583333333  -0.416666667 ) 

    1    1
  0.09430598  0.00000000   -0.03989799  0.00000000   -0.03512390  0.00000000
 -0.03989799  0.00000000    0.08996717  0.00000000    0.04944771  0.00000000
 -0.03512390  0.00000000    0.04944771  0.00000000    0.10982173  0.00000000

     Diagonalizing the dynamical matrix

     q = (    0.583333333  -0.416666667   0.750000000 ) 

 **************************************************************************
     freq (    1) =       4.502785 [THz] =     150.196731 [cm-1]
 (  0.822727  0.000000  0.439540  0.000000 -0.360452  0.000000 ) 
     freq (    2) =       5.393293 [THz] =     179.900887 [cm-1]
 (  0.004355  0.000000  0.629218  0.000000  0.777217  0.000000 ) 
     freq (    3) =       8.948007 [THz] =     298.473381 [cm-1]
 (  0.568420  0.000000 -0.641007  0.000000  0.515760  0.000000 ) 
 **************************************************************************
