Dynamical matrix file
                                                                           
  1    1  2  7.6456000  0.0000000  0.0000000  0.0000000  0.0000000  0.0000000
           1  'Al  '    24592.588541212976     
    1    1      0.0000000000      0.0000000000      0.0000000000

     Dynamical  Matrix in cartesian axes

     q = (    0.500000000  -0.166666667   0.666666667 ) 

    1    1
  0.09669375  0.00000000   -0.02844908  0.00000000    0.04858776  0.00000000
 -0.02844908  0.00000000    0.11551089  0.00000000   -0.02087886  0.00000000
  0.04858776  0.00000000   -0.02087886  0.00000000    0.11850130  0.00000000

     Dynamical  Matrix in cartesian axes

     q = (    0.500000000  -0.166666667  -0.666666667 ) 

    1    1
  0.09669375  0.00000000   -0.02844908  0.00000000   -0.04858776  0.00000000
 -0.02844908  0.00000000    0.11551089  0.00000000    0.02087886  0.00000000
 -0.04858776  0.00000000    0.02087886  0.00000000    0.11850130  0.00000000

     Dynamical  Matrix in cartesian axes

     q = (    0.666666667   0.166666667   0.500000000 ) 

    1    1
  0.11850130  0.00000000    0.02087886  0.00000000    0.04858776  0.00000000
  0.02087886  0.00000000    0.11551089  0.00000000    0.02844908  0.00000000
  0.04858776  0.00000000    0.02844908  0.00000000    0.09669375  0.00000000

     Dynamical  Matrix in cartesian axes

     q = (    0.500000000   0.166666667   0.666666667 ) 

    1    1
  0.09669375  0.00000000    0.02844908  0.00000000    0.04858776  0.00000000
  0.02844908  0.00000000    0.11551089  0.00000000    0.02087886  0.00000000
  0.04858776  0.00000000    0.02087886  0.00000000    0.11850130  0.00000000

     Dynamical  Matrix in cartesian axes

     q = (   -0.666666667  -0.166666667   0.500000000 ) 

    1    1
  0.11850130  0.00000000    0.02087886  0.00000000   -0.04858776  0.00000000
  0.02087886  0.00000000    0.11551089  0.00000000   -0.02844908  0.00000000
 -0.04858776  0.00000000   -0.02844908  0.00000000    0.09669375  0.00000000

     Dynamical  Matrix in cartesian axes

     q = (   -0.500000000  -0.166666667  -0.666666667 ) 

    1    1
  0.09669375  0.00000000    0.02844908  0.00000000    0.04858776  0.00000000
  0.02844908  0.00000000    0.11551089  0.00000000    0.02087886  0.00000000
  0.04858776  0.00000000    0.02087886  0.00000000    0.11850130  0.00000000

     Dynamical  Matrix in cartesian axes

     q = (   -0.500000000  -0.166666667   0.666666667 ) 

    1    1
  0.09669375  0.00000000    0.02844908  0.00000000   -0.04858776  0.00000000
  0.02844908  0.00000000    0.11551089  0.00000000   -0.02087886  0.00000000
 -0.04858776  0.00000000   -0.02087886  0.00000000    0.11850130  0.00000000

     Dynamical  Matrix in cartesian axes

     q = (    0.666666667  -0.166666667   0.500000000 ) 

    1    1
  0.11850130  0.00000000   -0.02087886  0.00000000    0.04858776  0.00000000
 -0.02087886  0.00000000    0.11551089  0.00000000   -0.02844908  0.00000000
  0.04858776  0.00000000   -0.02844908  0.00000000    0.09669375  0.00000000

     Dynamical  Matrix in cartesian axes

     q = (   -0.666666667   0.166666667  -0.500000000 ) 

    1    1
  0.11850130  0.00000000   -0.02087886  0.00000000    0.04858776  0.00000000
 -0.02087886  0.00000000    0.11551089  0.00000000   -0.02844908  0.00000000
  0.04858776  0.00000000   -0.02844908  0.00000000    0.09669375  0.00000000

     Dynamical  Matrix in cartesian axes

     q = (   -0.666666667  -0.166666667  -0.500000000 ) 

    1    1
  0.11850130  0.00000000    0.02087886  0.00000000    0.04858776  0.00000000
  0.02087886  0.00000000    0.11551089  0.00000000    0.02844908  0.00000000
  0.04858776  0.00000000    0.02844908  0.00000000    0.09669375  0.00000000

     Dynamical  Matrix in cartesian axes

     q = (   -0.666666667   0.166666667   0.500000000 ) 

    1    1
  0.11850130  0.00000000   -0.02087886  0.00000000   -0.04858776  0.00000000
 -0.02087886  0.00000000    0.11551089  0.00000000    0.02844908  0.00000000
 -0.04858776  0.00000000    0.02844908  0.00000000    0.09669375  0.00000000

     Dynamical  Matrix in cartesian axes

     q = (    0.666666667   0.166666667  -0.500000000 ) 

    1    1
  0.11850130  0.00000000    0.02087886  0.00000000   -0.04858776  0.00000000
  0.02087886  0.00000000    0.11551089  0.00000000   -0.02844908  0.00000000
 -0.04858776  0.00000000   -0.02844908  0.00000000    0.09669375  0.00000000

     Dynamical  Matrix in cartesian axes

     q = (   -0.500000000   0.166666667   0.666666667 ) 

    1    1
  0.09669375  0.00000000   -0.02844908  0.00000000   -0.04858776  0.00000000
 -0.02844908  0.00000000    0.11551089  0.00000000    0.02087886  0.00000000
 -0.04858776  0.00000000    0.02087886  0.00000000    0.11850130  0.00000000

     Dynamical  Matrix in cartesian axes

     q = (    0.666666667  -0.166666667  -0.500000000 ) 

    1    1
  0.11850130  0.00000000   -0.02087886  0.00000000   -0.04858776  0.00000000
 -0.02087886  0.00000000    0.11551089  0.00000000    0.02844908  0.00000000
 -0.04858776  0.00000000    0.02844908  0.00000000    0.09669375  0.00000000

     Dynamical  Matrix in cartesian axes

     q = (    0.500000000   0.166666667  -0.666666667 ) 

    1    1
  0.09669375  0.00000000    0.02844908  0.00000000   -0.04858776  0.00000000
  0.02844908  0.00000000    0.11551089  0.00000000   -0.02087886  0.00000000
 -0.04858776  0.00000000   -0.02087886  0.00000000    0.11850130  0.00000000

     Dynamical  Matrix in cartesian axes

     q = (   -0.500000000   0.166666667  -0.666666667 ) 

    1    1
  0.09669375  0.00000000   -0.02844908  0.00000000    0.04858776  0.00000000
 -0.02844908  0.00000000    0.11551089  0.00000000   -0.02087886  0.00000000
  0.04858776  0.00000000   -0.02087886  0.00000000    0.11850130  0.00000000

     Dynamical  Matrix in cartesian axes

     q = (   -0.166666667   0.666666667   0.500000000 ) 

    1    1
  0.11551089  0.00000000   -0.02087886  0.00000000   -0.02844908  0.00000000
 -0.02087886  0.00000000    0.11850130  0.00000000    0.04858776  0.00000000
 -0.02844908  0.00000000    0.04858776  0.00000000    0.09669375  0.00000000

     Dynamical  Matrix in cartesian axes

     q = (    0.166666667   0.666666667  -0.500000000 ) 

    1    1
  0.11551089  0.00000000    0.02087886  0.00000000   -0.02844908  0.00000000
  0.02087886  0.00000000    0.11850130  0.00000000   -0.04858776  0.00000000
 -0.02844908  0.00000000   -0.04858776  0.00000000    0.09669375  0.00000000

     Dynamical  Matrix in cartesian axes

     q = (   -0.166666667  -0.666666667  -0.500000000 ) 

    1    1
  0.11551089  0.00000000    0.02087886  0.00000000    0.02844908  0.00000000
  0.02087886  0.00000000    0.11850130  0.00000000    0.04858776  0.00000000
  0.02844908  0.00000000    0.04858776  0.00000000    0.09669375  0.00000000

     Dynamical  Matrix in cartesian axes

     q = (   -0.166666667   0.500000000  -0.666666667 ) 

    1    1
  0.11551089  0.00000000   -0.02844908  0.00000000    0.02087886  0.00000000
 -0.02844908  0.00000000    0.09669375  0.00000000   -0.04858776  0.00000000
  0.02087886  0.00000000   -0.04858776  0.00000000    0.11850130  0.00000000

     Dynamical  Matrix in cartesian axes

     q = (    0.666666667   0.500000000  -0.166666667 ) 

    1    1
  0.11850130  0.00000000    0.04858776  0.00000000   -0.02087886  0.00000000
  0.04858776  0.00000000    0.09669375  0.00000000   -0.02844908  0.00000000
 -0.02087886  0.00000000   -0.02844908  0.00000000    0.11551089  0.00000000

     Dynamical  Matrix in cartesian axes

     q = (   -0.166666667   0.666666667  -0.500000000 ) 

    1    1
  0.11551089  0.00000000   -0.02087886  0.00000000    0.02844908  0.00000000
 -0.02087886  0.00000000    0.11850130  0.00000000   -0.04858776  0.00000000
  0.02844908  0.00000000   -0.04858776  0.00000000    0.09669375  0.00000000

     Dynamical  Matrix in cartesian axes

     q = (   -0.666666667  -0.500000000  -0.166666667 ) 

    1    1
  0.11850130  0.00000000    0.04858776  0.00000000    0.02087886  0.00000000
  0.04858776  0.00000000    0.09669375  0.00000000    0.02844908  0.00000000
  0.02087886  0.00000000    0.02844908  0.00000000    0.11551089  0.00000000

     Dynamical  Matrix in cartesian axes

     q = (   -0.666666667   0.500000000   0.166666667 ) 

    1    1
  0.11850130  0.00000000   -0.04858776  0.00000000   -0.02087886  0.00000000
 -0.04858776  0.00000000    0.09669375  0.00000000    0.02844908  0.00000000
 -0.02087886  0.00000000    0.02844908  0.00000000    0.11551089  0.00000000

     Dynamical  Matrix in cartesian axes

     q = (    0.166666667  -0.500000000   0.666666667 ) 

    1    1
  0.11551089  0.00000000   -0.02844908  0.00000000    0.02087886  0.00000000
 -0.02844908  0.00000000    0.09669375  0.00000000   -0.04858776  0.00000000
  0.02087886  0.00000000   -0.04858776  0.00000000    0.11850130  0.00000000

     Dynamical  Matrix in cartesian axes

     q = (    0.166666667  -0.666666667   0.500000000 ) 

    1    1
  0.11551089  0.00000000   -0.02087886  0.00000000    0.02844908  0.00000000
 -0.02087886  0.00000000    0.11850130  0.00000000   -0.04858776  0.00000000
  0.02844908  0.00000000   -0.04858776  0.00000000    0.09669375  0.00000000

     Dynamical  Matrix in cartesian axes

     q = (    0.500000000  -0.666666667   0.166666667 ) 

    1    1
  0.09669375  0.00000000   -0.04858776  0.00000000    0.02844908  0.00000000
 -0.04858776  0.00000000    0.11850130  0.00000000   -0.02087886  0.00000000
  0.02844908  0.00000000   -0.02087886  0.00000000    0.11551089  0.00000000

     Dynamical  Matrix in cartesian axes

     q = (   -0.666666667   0.500000000  -0.166666667 ) 

    1    1
  0.11850130  0.00000000   -0.04858776  0.00000000    0.02087886  0.00000000
 -0.04858776  0.00000000    0.09669375  0.00000000   -0.02844908  0.00000000
  0.02087886  0.00000000   -0.02844908  0.00000000    0.11551089  0.00000000

     Dynamical  Matrix in cartesian axes

     q = (    0.166666667   0.500000000   0.666666667 ) 

    1    1
  0.11551089  0.00000000    0.02844908  0.00000000    0.02087886  0.00000000
  0.02844908  0.00000000    0.09669375  0.00000000    0.04858776  0.00000000
  0.02087886  0.00000000    0.04858776  0.00000000    0.11850130  0.00000000

     Dynamical  Matrix in cartesian axes

     q = (   -0.166666667   0.500000000   0.666666667 ) 

    1    1
  0.11551089  0.00000000   -0.02844908  0.00000000   -0.02087886  0.00000000
 -0.02844908  0.00000000    0.09669375  0.00000000    0.04858776  0.00000000
 -0.02087886  0.00000000    0.04858776  0.00000000    0.11850130  0.00000000

     Dynamical  Matrix in cartesian axes

     q = (    0.166666667   0.500000000  -0.666666667 ) 

    1    1
  0.11551089  0.00000000    0.02844908  0.00000000   -0.02087886  0.00000000
  0.02844908  0.00000000    0.09669375  0.00000000   -0.04858776  0.00000000
 -0.02087886  0.00000000   -0.04858776  0.00000000    0.11850130  0.00000000

     Dynamical  Matrix in cartesian axes

     q = (   -0.166666667  -0.500000000  -0.666666667 ) 

    1    1
  0.11551089  0.00000000    0.02844908  0.00000000    0.02087886  0.00000000
  0.02844908  0.00000000    0.09669375  0.00000000    0.04858776  0.00000000
  0.02087886  0.00000000    0.04858776  0.00000000    0.11850130  0.00000000

     Dynamical  Matrix in cartesian axes

     q = (   -0.500000000  -0.666666667   0.166666667 ) 

    1    1
  0.09669375  0.00000000    0.04858776  0.00000000   -0.02844908  0.00000000
  0.04858776  0.00000000    0.11850130  0.00000000   -0.02087886  0.00000000
 -0.02844908  0.00000000   -0.02087886  0.00000000    0.11551089  0.00000000

     Dynamical  Matrix in cartesian axes

     q = (   -0.166666667  -0.500000000   0.666666667 ) 

    1    1
  0.11551089  0.00000000    0.02844908  0.00000000   -0.02087886  0.00000000
  0.02844908  0.00000000    0.09669375  0.00000000   -0.04858776  0.00000000
 -0.02087886  0.00000000   -0.04858776  0.00000000    0.11850130  0.00000000

     Dynamical  Matrix in cartesian axes

     q = (    0.666666667  -0.500000000   0.166666667 ) 

    1    1
  0.11850130  0.00000000   -0.04858776  0.00000000    0.02087886  0.00000000
 -0.04858776  0.00000000    0.09669375  0.00000000   -0.02844908  0.00000000
  0.02087886  0.00000000   -0.02844908  0.00000000    0.11551089  0.00000000

     Dynamical  Matrix in cartesian axes

     q = (    0.500000000   0.666666667   0.166666667 ) 

    1    1
  0.09669375  0.00000000    0.04858776  0.00000000    0.02844908  0.00000000
  0.04858776  0.00000000    0.11850130  0.00000000    0.02087886  0.00000000
  0.02844908  0.00000000    0.02087886  0.00000000    0.11551089  0.00000000

     Dynamical  Matrix in cartesian axes

     q = (    0.166666667  -0.500000000  -0.666666667 ) 

    1    1
  0.11551089  0.00000000   -0.02844908  0.00000000   -0.02087886  0.00000000
 -0.02844908  0.00000000    0.09669375  0.00000000    0.04858776  0.00000000
 -0.02087886  0.00000000    0.04858776  0.00000000    0.11850130  0.00000000

     Dynamical  Matrix in cartesian axes

     q = (    0.500000000   0.666666667  -0.166666667 ) 

    1    1
  0.09669375  0.00000000    0.04858776  0.00000000   -0.02844908  0.00000000
  0.04858776  0.00000000    0.11850130  0.00000000   -0.02087886  0.00000000
 -0.02844908  0.00000000   -0.02087886  0.00000000    0.11551089  0.00000000

     Dynamical  Matrix in cartesian axes

     q = (   -0.500000000   0.666666667  -0.166666667 ) 

    1    1
  0.09669375  0.00000000   -0.04858776  0.00000000    0.02844908  0.00000000
 -0.04858776  0.00000000    0.11850130  0.00000000   -0.02087886  0.00000000
  0.02844908  0.00000000   -0.02087886  0.00000000    0.11551089  0.00000000

     Dynamical  Matrix in cartesian axes

     q = (   -0.500000000   0.666666667   0.166666667 ) 

    1    1
  0.09669375  0.00000000   -0.04858776  0.00000000   -0.02844908  0.00000000
 -0.04858776  0.00000000    0.11850130  0.00000000    0.02087886  0.00000000
 -0.02844908  0.00000000    0.02087886  0.00000000    0.11551089  0.00000000

     Dynamical  Matrix in cartesian axes

     q = (    0.166666667  -0.666666667  -0.500000000 ) 

    1    1
  0.11551089  0.00000000   -0.02087886  0.00000000   -0.02844908  0.00000000
 -0.02087886  0.00000000    0.11850130  0.00000000    0.04858776  0.00000000
 -0.02844908  0.00000000    0.04858776  0.00000000    0.09669375  0.00000000

     Dynamical  Matrix in cartesian axes

     q = (   -0.166666667  -0.666666667   0.500000000 ) 

    1    1
  0.11551089  0.00000000    0.02087886  0.00000000   -0.02844908  0.00000000
  0.02087886  0.00000000    0.11850130  0.00000000   -0.04858776  0.00000000
 -0.02844908  0.00000000   -0.04858776  0.00000000    0.09669375  0.00000000

     Dynamical  Matrix in cartesian axes

     q = (    0.166666667   0.666666667   0.500000000 ) 

    1    1
  0.11551089  0.00000000    0.02087886  0.00000000    0.02844908  0.00000000
  0.02087886  0.00000000    0.11850130  0.00000000    0.04858776  0.00000000
  0.02844908  0.00000000    0.04858776  0.00000000    0.09669375  0.00000000

     Dynamical  Matrix in cartesian axes

     q = (    0.500000000  -0.666666667  -0.166666667 ) 

    1    1
  0.09669375  0.00000000   -0.04858776  0.00000000   -0.02844908  0.00000000
 -0.04858776  0.00000000    0.11850130  0.00000000    0.02087886  0.00000000
 -0.02844908  0.00000000    0.02087886  0.00000000    0.11551089  0.00000000

     Dynamical  Matrix in cartesian axes

     q = (   -0.666666667  -0.500000000   0.166666667 ) 

    1    1
  0.11850130  0.00000000    0.04858776  0.00000000   -0.02087886  0.00000000
  0.04858776  0.00000000    0.09669375  0.00000000   -0.02844908  0.00000000
 -0.02087886  0.00000000   -0.02844908  0.00000000    0.11551089  0.00000000

     Dynamical  Matrix in cartesian axes

     q = (   -0.500000000  -0.666666667  -0.166666667 ) 

    1    1
  0.09669375  0.00000000    0.04858776  0.00000000    0.02844908  0.00000000
  0.04858776  0.00000000    0.11850130  0.00000000    0.02087886  0.00000000
  0.02844908  0.00000000    0.02087886  0.00000000    0.11551089  0.00000000

     Dynamical  Matrix in cartesian axes

     q = (    0.666666667   0.500000000   0.166666667 ) 

    1    1
  0.11850130  0.00000000    0.04858776  0.00000000    0.02087886  0.00000000
  0.04858776  0.00000000    0.09669375  0.00000000    0.02844908  0.00000000
  0.02087886  0.00000000    0.02844908  0.00000000    0.11551089  0.00000000

     Dynamical  Matrix in cartesian axes

     q = (    0.666666667  -0.500000000  -0.166666667 ) 

    1    1
  0.11850130  0.00000000   -0.04858776  0.00000000   -0.02087886  0.00000000
 -0.04858776  0.00000000    0.09669375  0.00000000    0.02844908  0.00000000
 -0.02087886  0.00000000    0.02844908  0.00000000    0.11551089  0.00000000

     Diagonalizing the dynamical matrix

     q = (    0.500000000  -0.166666667   0.666666667 ) 

 **************************************************************************
     freq (    1) =       4.966718 [THz] =     165.671874 [cm-1]
 (  0.804652  0.000000  0.187133 -0.000000 -0.563485  0.000000 ) 
     freq (    2) =       6.568411 [THz] =     219.098611 [cm-1]
 ( -0.153963  0.000000 -0.850810  0.000000 -0.502411  0.000000 ) 
     freq (    3) =       8.816435 [THz] =     294.084605 [cm-1]
 (  0.573437  0.000000 -0.491022  0.000000  0.655795  0.000000 ) 
 **************************************************************************
