Dynamical matrix file
                                                                           
  1    1  2  7.6456000  0.0000000  0.0000000  0.0000000  0.0000000  0.0000000
           1  'Al  '    24592.588541212976     
    1    1      0.0000000000      0.0000000000      0.0000000000

     Dynamical  Matrix in cartesian axes

     q = (    0.666666667  -0.333333333   0.833333333 ) 

    1    1
  0.08385685  0.00000000   -0.03953412  0.00000000    0.02665083  0.00000000
 -0.03953412  0.00000000    0.13219693  0.00000000   -0.02047970  0.00000000
  0.02665083  0.00000000   -0.02047970  0.00000000    0.08965832  0.00000000

     Dynamical  Matrix in cartesian axes

     q = (    0.666666667  -0.333333333  -0.833333333 ) 

    1    1
  0.08385685  0.00000000   -0.03953412  0.00000000   -0.02665083  0.00000000
 -0.03953412  0.00000000    0.13219693  0.00000000    0.02047970  0.00000000
 -0.02665083  0.00000000    0.02047970  0.00000000    0.08965832  0.00000000

     Dynamical  Matrix in cartesian axes

     q = (    0.833333333   0.333333333   0.666666667 ) 

    1    1
  0.08965832  0.00000000    0.02047970  0.00000000    0.02665083  0.00000000
  0.02047970  0.00000000    0.13219693  0.00000000    0.03953412  0.00000000
  0.02665083  0.00000000    0.03953412  0.00000000    0.08385685  0.00000000

     Dynamical  Matrix in cartesian axes

     q = (    0.666666667   0.333333333   0.833333333 ) 

    1    1
  0.08385685  0.00000000    0.03953412  0.00000000    0.02665083  0.00000000
  0.03953412  0.00000000    0.13219693  0.00000000    0.02047970  0.00000000
  0.02665083  0.00000000    0.02047970  0.00000000    0.08965832  0.00000000

     Dynamical  Matrix in cartesian axes

     q = (   -0.833333333  -0.333333333   0.666666667 ) 

    1    1
  0.08965832  0.00000000    0.02047970  0.00000000   -0.02665083  0.00000000
  0.02047970  0.00000000    0.13219693  0.00000000   -0.03953412  0.00000000
 -0.02665083  0.00000000   -0.03953412  0.00000000    0.08385685  0.00000000

     Dynamical  Matrix in cartesian axes

     q = (   -0.666666667  -0.333333333  -0.833333333 ) 

    1    1
  0.08385685  0.00000000    0.03953412  0.00000000    0.02665083  0.00000000
  0.03953412  0.00000000    0.13219693  0.00000000    0.02047970  0.00000000
  0.02665083  0.00000000    0.02047970  0.00000000    0.08965832  0.00000000

     Dynamical  Matrix in cartesian axes

     q = (   -0.666666667  -0.333333333   0.833333333 ) 

    1    1
  0.08385685  0.00000000    0.03953412  0.00000000   -0.02665083  0.00000000
  0.03953412  0.00000000    0.13219693  0.00000000   -0.02047970  0.00000000
 -0.02665083  0.00000000   -0.02047970  0.00000000    0.08965832  0.00000000

     Dynamical  Matrix in cartesian axes

     q = (    0.833333333  -0.333333333   0.666666667 ) 

    1    1
  0.08965832  0.00000000   -0.02047970  0.00000000    0.02665083  0.00000000
 -0.02047970  0.00000000    0.13219693  0.00000000   -0.03953412  0.00000000
  0.02665083  0.00000000   -0.03953412  0.00000000    0.08385685  0.00000000

     Dynamical  Matrix in cartesian axes

     q = (   -0.833333333   0.333333333  -0.666666667 ) 

    1    1
  0.08965832  0.00000000   -0.02047970  0.00000000    0.02665083  0.00000000
 -0.02047970  0.00000000    0.13219693  0.00000000   -0.03953412  0.00000000
  0.02665083  0.00000000   -0.03953412  0.00000000    0.08385685  0.00000000

     Dynamical  Matrix in cartesian axes

     q = (   -0.833333333  -0.333333333  -0.666666667 ) 

    1    1
  0.08965832  0.00000000    0.02047970  0.00000000    0.02665083  0.00000000
  0.02047970  0.00000000    0.13219693  0.00000000    0.03953412  0.00000000
  0.02665083  0.00000000    0.03953412  0.00000000    0.08385685  0.00000000

     Dynamical  Matrix in cartesian axes

     q = (   -0.833333333   0.333333333   0.666666667 ) 

    1    1
  0.08965832  0.00000000   -0.02047970  0.00000000   -0.02665083  0.00000000
 -0.02047970  0.00000000    0.13219693  0.00000000    0.03953412  0.00000000
 -0.02665083  0.00000000    0.03953412  0.00000000    0.08385685  0.00000000

     Dynamical  Matrix in cartesian axes

     q = (    0.833333333   0.333333333  -0.666666667 ) 

    1    1
  0.08965832  0.00000000    0.02047970  0.00000000   -0.02665083  0.00000000
  0.02047970  0.00000000    0.13219693  0.00000000   -0.03953412  0.00000000
 -0.02665083  0.00000000   -0.03953412  0.00000000    0.08385685  0.00000000

     Dynamical  Matrix in cartesian axes

     q = (   -0.666666667   0.333333333   0.833333333 ) 

    1    1
  0.08385685  0.00000000   -0.03953412  0.00000000   -0.02665083  0.00000000
 -0.03953412  0.00000000    0.13219693  0.00000000    0.02047970  0.00000000
 -0.02665083  0.00000000    0.02047970  0.00000000    0.08965832  0.00000000

     Dynamical  Matrix in cartesian axes

     q = (    0.833333333  -0.333333333  -0.666666667 ) 

    1    1
  0.08965832  0.00000000   -0.02047970  0.00000000   -0.02665083  0.00000000
 -0.02047970  0.00000000    0.13219693  0.00000000    0.03953412  0.00000000
 -0.02665083  0.00000000    0.03953412  0.00000000    0.08385685  0.00000000

     Dynamical  Matrix in cartesian axes

     q = (    0.666666667   0.333333333  -0.833333333 ) 

    1    1
  0.08385685  0.00000000    0.03953412  0.00000000   -0.02665083  0.00000000
  0.03953412  0.00000000    0.13219693  0.00000000   -0.02047970  0.00000000
 -0.02665083  0.00000000   -0.02047970  0.00000000    0.08965832  0.00000000

     Dynamical  Matrix in cartesian axes

     q = (   -0.666666667   0.333333333  -0.833333333 ) 

    1    1
  0.08385685  0.00000000   -0.03953412  0.00000000    0.02665083  0.00000000
 -0.03953412  0.00000000    0.13219693  0.00000000   -0.02047970  0.00000000
  0.02665083  0.00000000   -0.02047970  0.00000000    0.08965832  0.00000000

     Dynamical  Matrix in cartesian axes

     q = (   -0.333333333   0.833333333   0.666666667 ) 

    1    1
  0.13219693  0.00000000   -0.02047970  0.00000000   -0.03953412  0.00000000
 -0.02047970  0.00000000    0.08965832  0.00000000    0.02665083  0.00000000
 -0.03953412  0.00000000    0.02665083  0.00000000    0.08385685  0.00000000

     Dynamical  Matrix in cartesian axes

     q = (    0.333333333   0.833333333  -0.666666667 ) 

    1    1
  0.13219693  0.00000000    0.02047970  0.00000000   -0.03953412  0.00000000
  0.02047970  0.00000000    0.08965832  0.00000000   -0.02665083  0.00000000
 -0.03953412  0.00000000   -0.02665083  0.00000000    0.08385685  0.00000000

     Dynamical  Matrix in cartesian axes

     q = (   -0.333333333  -0.833333333  -0.666666667 ) 

    1    1
  0.13219693  0.00000000    0.02047970  0.00000000    0.03953412  0.00000000
  0.02047970  0.00000000    0.08965832  0.00000000    0.02665083  0.00000000
  0.03953412  0.00000000    0.02665083  0.00000000    0.08385685  0.00000000

     Dynamical  Matrix in cartesian axes

     q = (   -0.333333333   0.666666667  -0.833333333 ) 

    1    1
  0.13219693  0.00000000   -0.03953412  0.00000000    0.02047970  0.00000000
 -0.03953412  0.00000000    0.08385685  0.00000000   -0.02665083  0.00000000
  0.02047970  0.00000000   -0.02665083  0.00000000    0.08965832  0.00000000

     Dynamical  Matrix in cartesian axes

     q = (    0.833333333   0.666666667  -0.333333333 ) 

    1    1
  0.08965832  0.00000000    0.02665083  0.00000000   -0.02047970  0.00000000
  0.02665083  0.00000000    0.08385685  0.00000000   -0.03953412  0.00000000
 -0.02047970  0.00000000   -0.03953412  0.00000000    0.13219693  0.00000000

     Dynamical  Matrix in cartesian axes

     q = (   -0.333333333   0.833333333  -0.666666667 ) 

    1    1
  0.13219693  0.00000000   -0.02047970  0.00000000    0.03953412  0.00000000
 -0.02047970  0.00000000    0.08965832  0.00000000   -0.02665083  0.00000000
  0.03953412  0.00000000   -0.02665083  0.00000000    0.08385685  0.00000000

     Dynamical  Matrix in cartesian axes

     q = (   -0.833333333  -0.666666667  -0.333333333 ) 

    1    1
  0.08965832  0.00000000    0.02665083  0.00000000    0.02047970  0.00000000
  0.02665083  0.00000000    0.08385685  0.00000000    0.03953412  0.00000000
  0.02047970  0.00000000    0.03953412  0.00000000    0.13219693  0.00000000

     Dynamical  Matrix in cartesian axes

     q = (   -0.833333333   0.666666667   0.333333333 ) 

    1    1
  0.08965832  0.00000000   -0.02665083  0.00000000   -0.02047970  0.00000000
 -0.02665083  0.00000000    0.08385685  0.00000000    0.03953412  0.00000000
 -0.02047970  0.00000000    0.03953412  0.00000000    0.13219693  0.00000000

     Dynamical  Matrix in cartesian axes

     q = (    0.333333333  -0.666666667   0.833333333 ) 

    1    1
  0.13219693  0.00000000   -0.03953412  0.00000000    0.02047970  0.00000000
 -0.03953412  0.00000000    0.08385685  0.00000000   -0.02665083  0.00000000
  0.02047970  0.00000000   -0.02665083  0.00000000    0.08965832  0.00000000

     Dynamical  Matrix in cartesian axes

     q = (    0.333333333  -0.833333333   0.666666667 ) 

    1    1
  0.13219693  0.00000000   -0.02047970  0.00000000    0.03953412  0.00000000
 -0.02047970  0.00000000    0.08965832  0.00000000   -0.02665083  0.00000000
  0.03953412  0.00000000   -0.02665083  0.00000000    0.08385685  0.00000000

     Dynamical  Matrix in cartesian axes

     q = (    0.666666667  -0.833333333   0.333333333 ) 

    1    1
  0.08385685  0.00000000   -0.02665083  0.00000000    0.03953412  0.00000000
 -0.02665083  0.00000000    0.08965832  0.00000000   -0.02047970  0.00000000
  0.03953412  0.00000000   -0.02047970  0.00000000    0.13219693  0.00000000

     Dynamical  Matrix in cartesian axes

     q = (   -0.833333333   0.666666667  -0.333333333 ) 

    1    1
  0.08965832  0.00000000   -0.02665083  0.00000000    0.02047970  0.00000000
 -0.02665083  0.00000000    0.08385685  0.00000000   -0.03953412  0.00000000
  0.02047970  0.00000000   -0.03953412  0.00000000    0.13219693  0.00000000

     Dynamical  Matrix in cartesian axes

     q = (    0.333333333   0.666666667   0.833333333 ) 

    1    1
  0.13219693  0.00000000    0.03953412  0.00000000    0.02047970  0.00000000
  0.03953412  0.00000000    0.08385685  0.00000000    0.02665083  0.00000000
  0.02047970  0.00000000    0.02665083  0.00000000    0.08965832  0.00000000

     Dynamical  Matrix in cartesian axes

     q = (   -0.333333333   0.666666667   0.833333333 ) 

    1    1
  0.13219693  0.00000000   -0.03953412  0.00000000   -0.02047970  0.00000000
 -0.03953412  0.00000000    0.08385685  0.00000000    0.02665083  0.00000000
 -0.02047970  0.00000000    0.02665083  0.00000000    0.08965832  0.00000000

     Dynamical  Matrix in cartesian axes

     q = (    0.333333333   0.666666667  -0.833333333 ) 

    1    1
  0.13219693  0.00000000    0.03953412  0.00000000   -0.02047970  0.00000000
  0.03953412  0.00000000    0.08385685  0.00000000   -0.02665083  0.00000000
 -0.02047970  0.00000000   -0.02665083  0.00000000    0.08965832  0.00000000

     Dynamical  Matrix in cartesian axes

     q = (   -0.333333333  -0.666666667  -0.833333333 ) 

    1    1
  0.13219693  0.00000000    0.03953412  0.00000000    0.02047970  0.00000000
  0.03953412  0.00000000    0.08385685  0.00000000    0.02665083  0.00000000
  0.02047970  0.00000000    0.02665083  0.00000000    0.08965832  0.00000000

     Dynamical  Matrix in cartesian axes

     q = (   -0.666666667  -0.833333333   0.333333333 ) 

    1    1
  0.08385685  0.00000000    0.02665083  0.00000000   -0.03953412  0.00000000
  0.02665083  0.00000000    0.08965832  0.00000000   -0.02047970  0.00000000
 -0.03953412  0.00000000   -0.02047970  0.00000000    0.13219693  0.00000000

     Dynamical  Matrix in cartesian axes

     q = (   -0.333333333  -0.666666667   0.833333333 ) 

    1    1
  0.13219693  0.00000000    0.03953412  0.00000000   -0.02047970  0.00000000
  0.03953412  0.00000000    0.08385685  0.00000000   -0.02665083  0.00000000
 -0.02047970  0.00000000   -0.02665083  0.00000000    0.08965832  0.00000000

     Dynamical  Matrix in cartesian axes

     q = (    0.833333333  -0.666666667   0.333333333 ) 

    1    1
  0.08965832  0.00000000   -0.02665083  0.00000000    0.02047970  0.00000000
 -0.02665083  0.00000000    0.08385685  0.00000000   -0.03953412  0.00000000
  0.02047970  0.00000000   -0.03953412  0.00000000    0.13219693  0.00000000

     Dynamical  Matrix in cartesian axes

     q = (    0.666666667   0.833333333   0.333333333 ) 

    1    1
  0.08385685  0.00000000    0.02665083  0.00000000    0.03953412  0.00000000
  0.02665083  0.00000000    0.08965832  0.00000000    0.02047970  0.00000000
  0.03953412  0.00000000    0.02047970  0.00000000    0.13219693  0.00000000

     Dynamical  Matrix in cartesian axes

     q = (    0.333333333  -0.666666667  -0.833333333 ) 

    1    1
  0.13219693  0.00000000   -0.03953412  0.00000000   -0.02047970  0.00000000
 -0.03953412  0.00000000    0.08385685  0.00000000    0.02665083  0.00000000
 -0.02047970  0.00000000    0.02665083  0.00000000    0.08965832  0.00000000

     Dynamical  Matrix in cartesian axes

     q = (    0.666666667   0.833333333  -0.333333333 ) 

    1    1
  0.08385685  0.00000000    0.02665083  0.00000000   -0.03953412  0.00000000
  0.02665083  0.00000000    0.08965832  0.00000000   -0.02047970  0.00000000
 -0.03953412  0.00000000   -0.02047970  0.00000000    0.13219693  0.00000000

     Dynamical  Matrix in cartesian axes

     q = (   -0.666666667   0.833333333  -0.333333333 ) 

    1    1
  0.08385685  0.00000000   -0.02665083  0.00000000    0.03953412  0.00000000
 -0.02665083  0.00000000    0.08965832  0.00000000   -0.02047970  0.00000000
  0.03953412  0.00000000   -0.02047970  0.00000000    0.13219693  0.00000000

     Dynamical  Matrix in cartesian axes

     q = (   -0.666666667   0.833333333   0.333333333 ) 

    1    1
  0.08385685  0.00000000   -0.02665083  0.00000000   -0.03953412  0.00000000
 -0.02665083  0.00000000    0.08965832  0.00000000    0.02047970  0.00000000
 -0.03953412  0.00000000    0.02047970  0.00000000    0.13219693  0.00000000

     Dynamical  Matrix in cartesian axes

     q = (    0.333333333  -0.833333333  -0.666666667 ) 

    1    1
  0.13219693  0.00000000   -0.02047970  0.00000000   -0.03953412  0.00000000
 -0.02047970  0.00000000    0.08965832  0.00000000    0.02665083  0.00000000
 -0.03953412  0.00000000    0.02665083  0.00000000    0.08385685  0.00000000

     Dynamical  Matrix in cartesian axes

     q = (   -0.333333333  -0.833333333   0.666666667 ) 

    1    1
  0.13219693  0.00000000    0.02047970  0.00000000   -0.03953412  0.00000000
  0.02047970  0.00000000    0.08965832  0.00000000   -0.02665083  0.00000000
 -0.03953412  0.00000000   -0.02665083  0.00000000    0.08385685  0.00000000

     Dynamical  Matrix in cartesian axes

     q = (    0.333333333   0.833333333   0.666666667 ) 

    1    1
  0.13219693  0.00000000    0.02047970  0.00000000    0.03953412  0.00000000
  0.02047970  0.00000000    0.08965832  0.00000000    0.02665083  0.00000000
  0.03953412  0.00000000    0.02665083  0.00000000    0.08385685  0.00000000

     Dynamical  Matrix in cartesian axes

     q = (    0.666666667  -0.833333333  -0.333333333 ) 

    1    1
  0.08385685  0.00000000   -0.02665083  0.00000000   -0.03953412  0.00000000
 -0.02665083  0.00000000    0.08965832  0.00000000    0.02047970  0.00000000
 -0.03953412  0.00000000    0.02047970  0.00000000    0.13219693  0.00000000

     Dynamical  Matrix in cartesian axes

     q = (   -0.833333333  -0.666666667   0.333333333 ) 

    1    1
  0.08965832  0.00000000    0.02665083  0.00000000   -0.02047970  0.00000000
  0.02665083  0.00000000    0.08385685  0.00000000   -0.03953412  0.00000000
 -0.02047970  0.00000000   -0.03953412  0.00000000    0.13219693  0.00000000

     Dynamical  Matrix in cartesian axes

     q = (   -0.666666667  -0.833333333  -0.333333333 ) 

    1    1
  0.08385685  0.00000000    0.02665083  0.00000000    0.03953412  0.00000000
  0.02665083  0.00000000    0.08965832  0.00000000    0.02047970  0.00000000
  0.03953412  0.00000000    0.02047970  0.00000000    0.13219693  0.00000000

     Dynamical  Matrix in cartesian axes

     q = (    0.833333333   0.666666667   0.333333333 ) 

    1    1
  0.08965832  0.00000000    0.02665083  0.00000000    0.02047970  0.00000000
  0.02665083  0.00000000    0.08385685  0.00000000    0.03953412  0.00000000
  0.02047970  0.00000000    0.03953412  0.00000000    0.13219693  0.00000000

     Dynamical  Matrix in cartesian axes

     q = (    0.833333333  -0.666666667  -0.333333333 ) 

    1    1
  0.08965832  0.00000000   -0.02665083  0.00000000   -0.02047970  0.00000000
 -0.02665083  0.00000000    0.08385685  0.00000000    0.03953412  0.00000000
 -0.02047970  0.00000000    0.03953412  0.00000000    0.13219693  0.00000000

     Diagonalizing the dynamical matrix

     q = (    0.666666667  -0.333333333   0.833333333 ) 

 **************************************************************************
     freq (    1) =       4.909659 [THz] =     163.768581 [cm-1]
 (  0.834675  0.000000  0.304874  0.000000 -0.458660  0.000000 ) 
     freq (    2) =       6.078631 [THz] =     202.761288 [cm-1]
 (  0.244179  0.000000  0.541620  0.000000  0.804378  0.000000 ) 
     freq (    3) =       8.572496 [THz] =     285.947677 [cm-1]
 (  0.493654  0.000000 -0.783390  0.000000  0.377633  0.000000 ) 
 **************************************************************************
