Dynamical matrix file
                                                                           
  1    1  2  7.6456000  0.0000000  0.0000000  0.0000000  0.0000000  0.0000000
           1  'Al  '    24592.588541212976     
    1    1      0.0000000000      0.0000000000      0.0000000000

     Dynamical  Matrix in cartesian axes

     q = (    0.750000000  -0.250000000   0.916666667 ) 

    1    1
  0.07876990  0.00000000   -0.02645288  0.00000000    0.01179750  0.00000000
 -0.02645288  0.00000000    0.15752279  0.00000000   -0.00768856  0.00000000
  0.01179750  0.00000000   -0.00768856  0.00000000    0.08312649  0.00000000

     Dynamical  Matrix in cartesian axes

     q = (    0.750000000  -0.250000000  -0.916666667 ) 

    1    1
  0.07876990  0.00000000   -0.02645288  0.00000000   -0.01179750  0.00000000
 -0.02645288  0.00000000    0.15752279  0.00000000    0.00768856  0.00000000
 -0.01179750  0.00000000    0.00768856  0.00000000    0.08312649  0.00000000

     Dynamical  Matrix in cartesian axes

     q = (    0.916666667   0.250000000   0.750000000 ) 

    1    1
  0.08312649  0.00000000    0.00768856  0.00000000    0.01179750  0.00000000
  0.00768856  0.00000000    0.15752279  0.00000000    0.02645288  0.00000000
  0.01179750  0.00000000    0.02645288  0.00000000    0.07876990  0.00000000

     Dynamical  Matrix in cartesian axes

     q = (    0.750000000   0.250000000   0.916666667 ) 

    1    1
  0.07876990  0.00000000    0.02645288  0.00000000    0.01179750  0.00000000
  0.02645288  0.00000000    0.15752279  0.00000000    0.00768856  0.00000000
  0.01179750  0.00000000    0.00768856  0.00000000    0.08312649  0.00000000

     Dynamical  Matrix in cartesian axes

     q = (   -0.916666667  -0.250000000   0.750000000 ) 

    1    1
  0.08312649  0.00000000    0.00768856  0.00000000   -0.01179750  0.00000000
  0.00768856  0.00000000    0.15752279  0.00000000   -0.02645288  0.00000000
 -0.01179750  0.00000000   -0.02645288  0.00000000    0.07876990  0.00000000

     Dynamical  Matrix in cartesian axes

     q = (   -0.750000000  -0.250000000  -0.916666667 ) 

    1    1
  0.07876990  0.00000000    0.02645288  0.00000000    0.01179750  0.00000000
  0.02645288  0.00000000    0.15752279  0.00000000    0.00768856  0.00000000
  0.01179750  0.00000000    0.00768856  0.00000000    0.08312649  0.00000000

     Dynamical  Matrix in cartesian axes

     q = (   -0.750000000  -0.250000000   0.916666667 ) 

    1    1
  0.07876990  0.00000000    0.02645288  0.00000000   -0.01179750  0.00000000
  0.02645288  0.00000000    0.15752279  0.00000000   -0.00768856  0.00000000
 -0.01179750  0.00000000   -0.00768856  0.00000000    0.08312649  0.00000000

     Dynamical  Matrix in cartesian axes

     q = (    0.916666667  -0.250000000   0.750000000 ) 

    1    1
  0.08312649  0.00000000   -0.00768856  0.00000000    0.01179750  0.00000000
 -0.00768856  0.00000000    0.15752279  0.00000000   -0.02645288  0.00000000
  0.01179750  0.00000000   -0.02645288  0.00000000    0.07876990  0.00000000

     Dynamical  Matrix in cartesian axes

     q = (   -0.916666667   0.250000000  -0.750000000 ) 

    1    1
  0.08312649  0.00000000   -0.00768856  0.00000000    0.01179750  0.00000000
 -0.00768856  0.00000000    0.15752279  0.00000000   -0.02645288  0.00000000
  0.01179750  0.00000000   -0.02645288  0.00000000    0.07876990  0.00000000

     Dynamical  Matrix in cartesian axes

     q = (   -0.916666667  -0.250000000  -0.750000000 ) 

    1    1
  0.08312649  0.00000000    0.00768856  0.00000000    0.01179750  0.00000000
  0.00768856  0.00000000    0.15752279  0.00000000    0.02645288  0.00000000
  0.01179750  0.00000000    0.02645288  0.00000000    0.07876990  0.00000000

     Dynamical  Matrix in cartesian axes

     q = (   -0.916666667   0.250000000   0.750000000 ) 

    1    1
  0.08312649  0.00000000   -0.00768856  0.00000000   -0.01179750  0.00000000
 -0.00768856  0.00000000    0.15752279  0.00000000    0.02645288  0.00000000
 -0.01179750  0.00000000    0.02645288  0.00000000    0.07876990  0.00000000

     Dynamical  Matrix in cartesian axes

     q = (    0.916666667   0.250000000  -0.750000000 ) 

    1    1
  0.08312649  0.00000000    0.00768856  0.00000000   -0.01179750  0.00000000
  0.00768856  0.00000000    0.15752279  0.00000000   -0.02645288  0.00000000
 -0.01179750  0.00000000   -0.02645288  0.00000000    0.07876990  0.00000000

     Dynamical  Matrix in cartesian axes

     q = (   -0.750000000   0.250000000   0.916666667 ) 

    1    1
  0.07876990  0.00000000   -0.02645288  0.00000000   -0.01179750  0.00000000
 -0.02645288  0.00000000    0.15752279  0.00000000    0.00768856  0.00000000
 -0.01179750  0.00000000    0.00768856  0.00000000    0.08312649  0.00000000

     Dynamical  Matrix in cartesian axes

     q = (    0.916666667  -0.250000000  -0.750000000 ) 

    1    1
  0.08312649  0.00000000   -0.00768856  0.00000000   -0.01179750  0.00000000
 -0.00768856  0.00000000    0.15752279  0.00000000    0.02645288  0.00000000
 -0.01179750  0.00000000    0.02645288  0.00000000    0.07876990  0.00000000

     Dynamical  Matrix in cartesian axes

     q = (    0.750000000   0.250000000  -0.916666667 ) 

    1    1
  0.07876990  0.00000000    0.02645288  0.00000000   -0.01179750  0.00000000
  0.02645288  0.00000000    0.15752279  0.00000000   -0.00768856  0.00000000
 -0.01179750  0.00000000   -0.00768856  0.00000000    0.08312649  0.00000000

     Dynamical  Matrix in cartesian axes

     q = (   -0.750000000   0.250000000  -0.916666667 ) 

    1    1
  0.07876990  0.00000000   -0.02645288  0.00000000    0.01179750  0.00000000
 -0.02645288  0.00000000    0.15752279  0.00000000   -0.00768856  0.00000000
  0.01179750  0.00000000   -0.00768856  0.00000000    0.08312649  0.00000000

     Dynamical  Matrix in cartesian axes

     q = (   -0.250000000   0.916666667   0.750000000 ) 

    1    1
  0.15752279  0.00000000   -0.00768856  0.00000000   -0.02645288  0.00000000
 -0.00768856  0.00000000    0.08312649  0.00000000    0.01179750  0.00000000
 -0.02645288  0.00000000    0.01179750  0.00000000    0.07876990  0.00000000

     Dynamical  Matrix in cartesian axes

     q = (    0.250000000   0.916666667  -0.750000000 ) 

    1    1
  0.15752279  0.00000000    0.00768856  0.00000000   -0.02645288  0.00000000
  0.00768856  0.00000000    0.08312649  0.00000000   -0.01179750  0.00000000
 -0.02645288  0.00000000   -0.01179750  0.00000000    0.07876990  0.00000000

     Dynamical  Matrix in cartesian axes

     q = (   -0.250000000  -0.916666667  -0.750000000 ) 

    1    1
  0.15752279  0.00000000    0.00768856  0.00000000    0.02645288  0.00000000
  0.00768856  0.00000000    0.08312649  0.00000000    0.01179750  0.00000000
  0.02645288  0.00000000    0.01179750  0.00000000    0.07876990  0.00000000

     Dynamical  Matrix in cartesian axes

     q = (   -0.250000000   0.750000000  -0.916666667 ) 

    1    1
  0.15752279  0.00000000   -0.02645288  0.00000000    0.00768856  0.00000000
 -0.02645288  0.00000000    0.07876990  0.00000000   -0.01179750  0.00000000
  0.00768856  0.00000000   -0.01179750  0.00000000    0.08312649  0.00000000

     Dynamical  Matrix in cartesian axes

     q = (    0.916666667   0.750000000  -0.250000000 ) 

    1    1
  0.08312649  0.00000000    0.01179750  0.00000000   -0.00768856  0.00000000
  0.01179750  0.00000000    0.07876990  0.00000000   -0.02645288  0.00000000
 -0.00768856  0.00000000   -0.02645288  0.00000000    0.15752279  0.00000000

     Dynamical  Matrix in cartesian axes

     q = (   -0.250000000   0.916666667  -0.750000000 ) 

    1    1
  0.15752279  0.00000000   -0.00768856  0.00000000    0.02645288  0.00000000
 -0.00768856  0.00000000    0.08312649  0.00000000   -0.01179750  0.00000000
  0.02645288  0.00000000   -0.01179750  0.00000000    0.07876990  0.00000000

     Dynamical  Matrix in cartesian axes

     q = (   -0.916666667  -0.750000000  -0.250000000 ) 

    1    1
  0.08312649  0.00000000    0.01179750  0.00000000    0.00768856  0.00000000
  0.01179750  0.00000000    0.07876990  0.00000000    0.02645288  0.00000000
  0.00768856  0.00000000    0.02645288  0.00000000    0.15752279  0.00000000

     Dynamical  Matrix in cartesian axes

     q = (   -0.916666667   0.750000000   0.250000000 ) 

    1    1
  0.08312649  0.00000000   -0.01179750  0.00000000   -0.00768856  0.00000000
 -0.01179750  0.00000000    0.07876990  0.00000000    0.02645288  0.00000000
 -0.00768856  0.00000000    0.02645288  0.00000000    0.15752279  0.00000000

     Dynamical  Matrix in cartesian axes

     q = (    0.250000000  -0.750000000   0.916666667 ) 

    1    1
  0.15752279  0.00000000   -0.02645288  0.00000000    0.00768856  0.00000000
 -0.02645288  0.00000000    0.07876990  0.00000000   -0.01179750  0.00000000
  0.00768856  0.00000000   -0.01179750  0.00000000    0.08312649  0.00000000

     Dynamical  Matrix in cartesian axes

     q = (    0.250000000  -0.916666667   0.750000000 ) 

    1    1
  0.15752279  0.00000000   -0.00768856  0.00000000    0.02645288  0.00000000
 -0.00768856  0.00000000    0.08312649  0.00000000   -0.01179750  0.00000000
  0.02645288  0.00000000   -0.01179750  0.00000000    0.07876990  0.00000000

     Dynamical  Matrix in cartesian axes

     q = (    0.750000000  -0.916666667   0.250000000 ) 

    1    1
  0.07876990  0.00000000   -0.01179750  0.00000000    0.02645288  0.00000000
 -0.01179750  0.00000000    0.08312649  0.00000000   -0.00768856  0.00000000
  0.02645288  0.00000000   -0.00768856  0.00000000    0.15752279  0.00000000

     Dynamical  Matrix in cartesian axes

     q = (   -0.916666667   0.750000000  -0.250000000 ) 

    1    1
  0.08312649  0.00000000   -0.01179750  0.00000000    0.00768856  0.00000000
 -0.01179750  0.00000000    0.07876990  0.00000000   -0.02645288  0.00000000
  0.00768856  0.00000000   -0.02645288  0.00000000    0.15752279  0.00000000

     Dynamical  Matrix in cartesian axes

     q = (    0.250000000   0.750000000   0.916666667 ) 

    1    1
  0.15752279  0.00000000    0.02645288  0.00000000    0.00768856  0.00000000
  0.02645288  0.00000000    0.07876990  0.00000000    0.01179750  0.00000000
  0.00768856  0.00000000    0.01179750  0.00000000    0.08312649  0.00000000

     Dynamical  Matrix in cartesian axes

     q = (   -0.250000000   0.750000000   0.916666667 ) 

    1    1
  0.15752279  0.00000000   -0.02645288  0.00000000   -0.00768856  0.00000000
 -0.02645288  0.00000000    0.07876990  0.00000000    0.01179750  0.00000000
 -0.00768856  0.00000000    0.01179750  0.00000000    0.08312649  0.00000000

     Dynamical  Matrix in cartesian axes

     q = (    0.250000000   0.750000000  -0.916666667 ) 

    1    1
  0.15752279  0.00000000    0.02645288  0.00000000   -0.00768856  0.00000000
  0.02645288  0.00000000    0.07876990  0.00000000   -0.01179750  0.00000000
 -0.00768856  0.00000000   -0.01179750  0.00000000    0.08312649  0.00000000

     Dynamical  Matrix in cartesian axes

     q = (   -0.250000000  -0.750000000  -0.916666667 ) 

    1    1
  0.15752279  0.00000000    0.02645288  0.00000000    0.00768856  0.00000000
  0.02645288  0.00000000    0.07876990  0.00000000    0.01179750  0.00000000
  0.00768856  0.00000000    0.01179750  0.00000000    0.08312649  0.00000000

     Dynamical  Matrix in cartesian axes

     q = (   -0.750000000  -0.916666667   0.250000000 ) 

    1    1
  0.07876990  0.00000000    0.01179750  0.00000000   -0.02645288  0.00000000
  0.01179750  0.00000000    0.08312649  0.00000000   -0.00768856  0.00000000
 -0.02645288  0.00000000   -0.00768856  0.00000000    0.15752279  0.00000000

     Dynamical  Matrix in cartesian axes

     q = (   -0.250000000  -0.750000000   0.916666667 ) 

    1    1
  0.15752279  0.00000000    0.02645288  0.00000000   -0.00768856  0.00000000
  0.02645288  0.00000000    0.07876990  0.00000000   -0.01179750  0.00000000
 -0.00768856  0.00000000   -0.01179750  0.00000000    0.08312649  0.00000000

     Dynamical  Matrix in cartesian axes

     q = (    0.916666667  -0.750000000   0.250000000 ) 

    1    1
  0.08312649  0.00000000   -0.01179750  0.00000000    0.00768856  0.00000000
 -0.01179750  0.00000000    0.07876990  0.00000000   -0.02645288  0.00000000
  0.00768856  0.00000000   -0.02645288  0.00000000    0.15752279  0.00000000

     Dynamical  Matrix in cartesian axes

     q = (    0.750000000   0.916666667   0.250000000 ) 

    1    1
  0.07876990  0.00000000    0.01179750  0.00000000    0.02645288  0.00000000
  0.01179750  0.00000000    0.08312649  0.00000000    0.00768856  0.00000000
  0.02645288  0.00000000    0.00768856  0.00000000    0.15752279  0.00000000

     Dynamical  Matrix in cartesian axes

     q = (    0.250000000  -0.750000000  -0.916666667 ) 

    1    1
  0.15752279  0.00000000   -0.02645288  0.00000000   -0.00768856  0.00000000
 -0.02645288  0.00000000    0.07876990  0.00000000    0.01179750  0.00000000
 -0.00768856  0.00000000    0.01179750  0.00000000    0.08312649  0.00000000

     Dynamical  Matrix in cartesian axes

     q = (    0.750000000   0.916666667  -0.250000000 ) 

    1    1
  0.07876990  0.00000000    0.01179750  0.00000000   -0.02645288  0.00000000
  0.01179750  0.00000000    0.08312649  0.00000000   -0.00768856  0.00000000
 -0.02645288  0.00000000   -0.00768856  0.00000000    0.15752279  0.00000000

     Dynamical  Matrix in cartesian axes

     q = (   -0.750000000   0.916666667  -0.250000000 ) 

    1    1
  0.07876990  0.00000000   -0.01179750  0.00000000    0.02645288  0.00000000
 -0.01179750  0.00000000    0.08312649  0.00000000   -0.00768856  0.00000000
  0.02645288  0.00000000   -0.00768856  0.00000000    0.15752279  0.00000000

     Dynamical  Matrix in cartesian axes

     q = (   -0.750000000   0.916666667   0.250000000 ) 

    1    1
  0.07876990  0.00000000   -0.01179750  0.00000000   -0.02645288  0.00000000
 -0.01179750  0.00000000    0.08312649  0.00000000    0.00768856  0.00000000
 -0.02645288  0.00000000    0.00768856  0.00000000    0.15752279  0.00000000

     Dynamical  Matrix in cartesian axes

     q = (    0.250000000  -0.916666667  -0.750000000 ) 

    1    1
  0.15752279  0.00000000   -0.00768856  0.00000000   -0.02645288  0.00000000
 -0.00768856  0.00000000    0.08312649  0.00000000    0.01179750  0.00000000
 -0.02645288  0.00000000    0.01179750  0.00000000    0.07876990  0.00000000

     Dynamical  Matrix in cartesian axes

     q = (   -0.250000000  -0.916666667   0.750000000 ) 

    1    1
  0.15752279  0.00000000    0.00768856  0.00000000   -0.02645288  0.00000000
  0.00768856  0.00000000    0.08312649  0.00000000   -0.01179750  0.00000000
 -0.02645288  0.00000000   -0.01179750  0.00000000    0.07876990  0.00000000

     Dynamical  Matrix in cartesian axes

     q = (    0.250000000   0.916666667   0.750000000 ) 

    1    1
  0.15752279  0.00000000    0.00768856  0.00000000    0.02645288  0.00000000
  0.00768856  0.00000000    0.08312649  0.00000000    0.01179750  0.00000000
  0.02645288  0.00000000    0.01179750  0.00000000    0.07876990  0.00000000

     Dynamical  Matrix in cartesian axes

     q = (    0.750000000  -0.916666667  -0.250000000 ) 

    1    1
  0.07876990  0.00000000   -0.01179750  0.00000000   -0.02645288  0.00000000
 -0.01179750  0.00000000    0.08312649  0.00000000    0.00768856  0.00000000
 -0.02645288  0.00000000    0.00768856  0.00000000    0.15752279  0.00000000

     Dynamical  Matrix in cartesian axes

     q = (   -0.916666667  -0.750000000   0.250000000 ) 

    1    1
  0.08312649  0.00000000    0.01179750  0.00000000   -0.00768856  0.00000000
  0.01179750  0.00000000    0.07876990  0.00000000   -0.02645288  0.00000000
 -0.00768856  0.00000000   -0.02645288  0.00000000    0.15752279  0.00000000

     Dynamical  Matrix in cartesian axes

     q = (   -0.750000000  -0.916666667  -0.250000000 ) 

    1    1
  0.07876990  0.00000000    0.01179750  0.00000000    0.02645288  0.00000000
  0.01179750  0.00000000    0.08312649  0.00000000    0.00768856  0.00000000
  0.02645288  0.00000000    0.00768856  0.00000000    0.15752279  0.00000000

     Dynamical  Matrix in cartesian axes

     q = (    0.916666667   0.750000000   0.250000000 ) 

    1    1
  0.08312649  0.00000000    0.01179750  0.00000000    0.00768856  0.00000000
  0.01179750  0.00000000    0.07876990  0.00000000    0.02645288  0.00000000
  0.00768856  0.00000000    0.02645288  0.00000000    0.15752279  0.00000000

     Dynamical  Matrix in cartesian axes

     q = (    0.916666667  -0.750000000  -0.250000000 ) 

    1    1
  0.08312649  0.00000000   -0.01179750  0.00000000   -0.00768856  0.00000000
 -0.01179750  0.00000000    0.07876990  0.00000000    0.02645288  0.00000000
 -0.00768856  0.00000000    0.02645288  0.00000000    0.15752279  0.00000000

     Diagonalizing the dynamical matrix

     q = (    0.750000000  -0.250000000   0.916666667 ) 

 **************************************************************************
     freq (    1) =       5.376535 [THz] =     179.341914 [cm-1]
 ( -0.850287  0.000000 -0.204306  0.000000  0.485047 -0.000000 ) 
     freq (    2) =       6.178799 [THz] =     206.102562 [cm-1]
 (  0.432024  0.000000  0.255437  0.000000  0.864932  0.000000 ) 
     freq (    3) =       8.572624 [THz] =     285.951969 [cm-1]
 (  0.300610  0.000000 -0.944992  0.000000  0.128930  0.000000 ) 
 **************************************************************************
