Dynamical matrix file
                                                                           
  1    1  2  7.6456000  0.0000000  0.0000000  0.0000000  0.0000000  0.0000000
           1  'Al  '    24592.588541212976     
    1    1      0.0000000000      0.0000000000      0.0000000000

     Dynamical  Matrix in cartesian axes

     q = (    0.583333333  -0.250000000   0.750000000 ) 

    1    1
  0.09510533  0.00000000   -0.03832004  0.00000000    0.04044589  0.00000000
 -0.03832004  0.00000000    0.12985610  0.00000000   -0.02332196  0.00000000
  0.04044589  0.00000000   -0.02332196  0.00000000    0.10856758  0.00000000

     Dynamical  Matrix in cartesian axes

     q = (    0.583333333  -0.250000000  -0.750000000 ) 

    1    1
  0.09510533  0.00000000   -0.03832004  0.00000000   -0.04044589  0.00000000
 -0.03832004  0.00000000    0.12985610  0.00000000    0.02332196  0.00000000
 -0.04044589  0.00000000    0.02332196  0.00000000    0.10856758  0.00000000

     Dynamical  Matrix in cartesian axes

     q = (    0.750000000   0.250000000   0.583333333 ) 

    1    1
  0.10856758  0.00000000    0.02332196  0.00000000    0.04044589  0.00000000
  0.02332196  0.00000000    0.12985610  0.00000000    0.03832004  0.00000000
  0.04044589  0.00000000    0.03832004  0.00000000    0.09510533  0.00000000

     Dynamical  Matrix in cartesian axes

     q = (    0.583333333   0.250000000   0.750000000 ) 

    1    1
  0.09510533  0.00000000    0.03832004  0.00000000    0.04044589  0.00000000
  0.03832004  0.00000000    0.12985610  0.00000000    0.02332196  0.00000000
  0.04044589  0.00000000    0.02332196  0.00000000    0.10856758  0.00000000

     Dynamical  Matrix in cartesian axes

     q = (   -0.750000000  -0.250000000   0.583333333 ) 

    1    1
  0.10856758  0.00000000    0.02332196  0.00000000   -0.04044589  0.00000000
  0.02332196  0.00000000    0.12985610  0.00000000   -0.03832004  0.00000000
 -0.04044589  0.00000000   -0.03832004  0.00000000    0.09510533  0.00000000

     Dynamical  Matrix in cartesian axes

     q = (   -0.583333333  -0.250000000  -0.750000000 ) 

    1    1
  0.09510533  0.00000000    0.03832004  0.00000000    0.04044589  0.00000000
  0.03832004  0.00000000    0.12985610  0.00000000    0.02332196  0.00000000
  0.04044589  0.00000000    0.02332196  0.00000000    0.10856758  0.00000000

     Dynamical  Matrix in cartesian axes

     q = (   -0.583333333  -0.250000000   0.750000000 ) 

    1    1
  0.09510533  0.00000000    0.03832004  0.00000000   -0.04044589  0.00000000
  0.03832004  0.00000000    0.12985610  0.00000000   -0.02332196  0.00000000
 -0.04044589  0.00000000   -0.02332196  0.00000000    0.10856758  0.00000000

     Dynamical  Matrix in cartesian axes

     q = (    0.750000000  -0.250000000   0.583333333 ) 

    1    1
  0.10856758  0.00000000   -0.02332196  0.00000000    0.04044589  0.00000000
 -0.02332196  0.00000000    0.12985610  0.00000000   -0.03832004  0.00000000
  0.04044589  0.00000000   -0.03832004  0.00000000    0.09510533  0.00000000

     Dynamical  Matrix in cartesian axes

     q = (   -0.750000000   0.250000000  -0.583333333 ) 

    1    1
  0.10856758  0.00000000   -0.02332196  0.00000000    0.04044589  0.00000000
 -0.02332196  0.00000000    0.12985610  0.00000000   -0.03832004  0.00000000
  0.04044589  0.00000000   -0.03832004  0.00000000    0.09510533  0.00000000

     Dynamical  Matrix in cartesian axes

     q = (   -0.750000000  -0.250000000  -0.583333333 ) 

    1    1
  0.10856758  0.00000000    0.02332196  0.00000000    0.04044589  0.00000000
  0.02332196  0.00000000    0.12985610  0.00000000    0.03832004  0.00000000
  0.04044589  0.00000000    0.03832004  0.00000000    0.09510533  0.00000000

     Dynamical  Matrix in cartesian axes

     q = (   -0.750000000   0.250000000   0.583333333 ) 

    1    1
  0.10856758  0.00000000   -0.02332196  0.00000000   -0.04044589  0.00000000
 -0.02332196  0.00000000    0.12985610  0.00000000    0.03832004  0.00000000
 -0.04044589  0.00000000    0.03832004  0.00000000    0.09510533  0.00000000

     Dynamical  Matrix in cartesian axes

     q = (    0.750000000   0.250000000  -0.583333333 ) 

    1    1
  0.10856758  0.00000000    0.02332196  0.00000000   -0.04044589  0.00000000
  0.02332196  0.00000000    0.12985610  0.00000000   -0.03832004  0.00000000
 -0.04044589  0.00000000   -0.03832004  0.00000000    0.09510533  0.00000000

     Dynamical  Matrix in cartesian axes

     q = (   -0.583333333   0.250000000   0.750000000 ) 

    1    1
  0.09510533  0.00000000   -0.03832004  0.00000000   -0.04044589  0.00000000
 -0.03832004  0.00000000    0.12985610  0.00000000    0.02332196  0.00000000
 -0.04044589  0.00000000    0.02332196  0.00000000    0.10856758  0.00000000

     Dynamical  Matrix in cartesian axes

     q = (    0.750000000  -0.250000000  -0.583333333 ) 

    1    1
  0.10856758  0.00000000   -0.02332196  0.00000000   -0.04044589  0.00000000
 -0.02332196  0.00000000    0.12985610  0.00000000    0.03832004  0.00000000
 -0.04044589  0.00000000    0.03832004  0.00000000    0.09510533  0.00000000

     Dynamical  Matrix in cartesian axes

     q = (    0.583333333   0.250000000  -0.750000000 ) 

    1    1
  0.09510533  0.00000000    0.03832004  0.00000000   -0.04044589  0.00000000
  0.03832004  0.00000000    0.12985610  0.00000000   -0.02332196  0.00000000
 -0.04044589  0.00000000   -0.02332196  0.00000000    0.10856758  0.00000000

     Dynamical  Matrix in cartesian axes

     q = (   -0.583333333   0.250000000  -0.750000000 ) 

    1    1
  0.09510533  0.00000000   -0.03832004  0.00000000    0.04044589  0.00000000
 -0.03832004  0.00000000    0.12985610  0.00000000   -0.02332196  0.00000000
  0.04044589  0.00000000   -0.02332196  0.00000000    0.10856758  0.00000000

     Dynamical  Matrix in cartesian axes

     q = (   -0.250000000   0.750000000   0.583333333 ) 

    1    1
  0.12985610  0.00000000   -0.02332196  0.00000000   -0.03832004  0.00000000
 -0.02332196  0.00000000    0.10856758  0.00000000    0.04044589  0.00000000
 -0.03832004  0.00000000    0.04044589  0.00000000    0.09510533  0.00000000

     Dynamical  Matrix in cartesian axes

     q = (    0.250000000   0.750000000  -0.583333333 ) 

    1    1
  0.12985610  0.00000000    0.02332196  0.00000000   -0.03832004  0.00000000
  0.02332196  0.00000000    0.10856758  0.00000000   -0.04044589  0.00000000
 -0.03832004  0.00000000   -0.04044589  0.00000000    0.09510533  0.00000000

     Dynamical  Matrix in cartesian axes

     q = (   -0.250000000  -0.750000000  -0.583333333 ) 

    1    1
  0.12985610  0.00000000    0.02332196  0.00000000    0.03832004  0.00000000
  0.02332196  0.00000000    0.10856758  0.00000000    0.04044589  0.00000000
  0.03832004  0.00000000    0.04044589  0.00000000    0.09510533  0.00000000

     Dynamical  Matrix in cartesian axes

     q = (   -0.250000000   0.583333333  -0.750000000 ) 

    1    1
  0.12985610  0.00000000   -0.03832004  0.00000000    0.02332196  0.00000000
 -0.03832004  0.00000000    0.09510533  0.00000000   -0.04044589  0.00000000
  0.02332196  0.00000000   -0.04044589  0.00000000    0.10856758  0.00000000

     Dynamical  Matrix in cartesian axes

     q = (    0.750000000   0.583333333  -0.250000000 ) 

    1    1
  0.10856758  0.00000000    0.04044589  0.00000000   -0.02332196  0.00000000
  0.04044589  0.00000000    0.09510533  0.00000000   -0.03832004  0.00000000
 -0.02332196  0.00000000   -0.03832004  0.00000000    0.12985610  0.00000000

     Dynamical  Matrix in cartesian axes

     q = (   -0.250000000   0.750000000  -0.583333333 ) 

    1    1
  0.12985610  0.00000000   -0.02332196  0.00000000    0.03832004  0.00000000
 -0.02332196  0.00000000    0.10856758  0.00000000   -0.04044589  0.00000000
  0.03832004  0.00000000   -0.04044589  0.00000000    0.09510533  0.00000000

     Dynamical  Matrix in cartesian axes

     q = (   -0.750000000  -0.583333333  -0.250000000 ) 

    1    1
  0.10856758  0.00000000    0.04044589  0.00000000    0.02332196  0.00000000
  0.04044589  0.00000000    0.09510533  0.00000000    0.03832004  0.00000000
  0.02332196  0.00000000    0.03832004  0.00000000    0.12985610  0.00000000

     Dynamical  Matrix in cartesian axes

     q = (   -0.750000000   0.583333333   0.250000000 ) 

    1    1
  0.10856758  0.00000000   -0.04044589  0.00000000   -0.02332196  0.00000000
 -0.04044589  0.00000000    0.09510533  0.00000000    0.03832004  0.00000000
 -0.02332196  0.00000000    0.03832004  0.00000000    0.12985610  0.00000000

     Dynamical  Matrix in cartesian axes

     q = (    0.250000000  -0.583333333   0.750000000 ) 

    1    1
  0.12985610  0.00000000   -0.03832004  0.00000000    0.02332196  0.00000000
 -0.03832004  0.00000000    0.09510533  0.00000000   -0.04044589  0.00000000
  0.02332196  0.00000000   -0.04044589  0.00000000    0.10856758  0.00000000

     Dynamical  Matrix in cartesian axes

     q = (    0.250000000  -0.750000000   0.583333333 ) 

    1    1
  0.12985610  0.00000000   -0.02332196  0.00000000    0.03832004  0.00000000
 -0.02332196  0.00000000    0.10856758  0.00000000   -0.04044589  0.00000000
  0.03832004  0.00000000   -0.04044589  0.00000000    0.09510533  0.00000000

     Dynamical  Matrix in cartesian axes

     q = (    0.583333333  -0.750000000   0.250000000 ) 

    1    1
  0.09510533  0.00000000   -0.04044589  0.00000000    0.03832004  0.00000000
 -0.04044589  0.00000000    0.10856758  0.00000000   -0.02332196  0.00000000
  0.03832004  0.00000000   -0.02332196  0.00000000    0.12985610  0.00000000

     Dynamical  Matrix in cartesian axes

     q = (   -0.750000000   0.583333333  -0.250000000 ) 

    1    1
  0.10856758  0.00000000   -0.04044589  0.00000000    0.02332196  0.00000000
 -0.04044589  0.00000000    0.09510533  0.00000000   -0.03832004  0.00000000
  0.02332196  0.00000000   -0.03832004  0.00000000    0.12985610  0.00000000

     Dynamical  Matrix in cartesian axes

     q = (    0.250000000   0.583333333   0.750000000 ) 

    1    1
  0.12985610  0.00000000    0.03832004  0.00000000    0.02332196  0.00000000
  0.03832004  0.00000000    0.09510533  0.00000000    0.04044589  0.00000000
  0.02332196  0.00000000    0.04044589  0.00000000    0.10856758  0.00000000

     Dynamical  Matrix in cartesian axes

     q = (   -0.250000000   0.583333333   0.750000000 ) 

    1    1
  0.12985610  0.00000000   -0.03832004  0.00000000   -0.02332196  0.00000000
 -0.03832004  0.00000000    0.09510533  0.00000000    0.04044589  0.00000000
 -0.02332196  0.00000000    0.04044589  0.00000000    0.10856758  0.00000000

     Dynamical  Matrix in cartesian axes

     q = (    0.250000000   0.583333333  -0.750000000 ) 

    1    1
  0.12985610  0.00000000    0.03832004  0.00000000   -0.02332196  0.00000000
  0.03832004  0.00000000    0.09510533  0.00000000   -0.04044589  0.00000000
 -0.02332196  0.00000000   -0.04044589  0.00000000    0.10856758  0.00000000

     Dynamical  Matrix in cartesian axes

     q = (   -0.250000000  -0.583333333  -0.750000000 ) 

    1    1
  0.12985610  0.00000000    0.03832004  0.00000000    0.02332196  0.00000000
  0.03832004  0.00000000    0.09510533  0.00000000    0.04044589  0.00000000
  0.02332196  0.00000000    0.04044589  0.00000000    0.10856758  0.00000000

     Dynamical  Matrix in cartesian axes

     q = (   -0.583333333  -0.750000000   0.250000000 ) 

    1    1
  0.09510533  0.00000000    0.04044589  0.00000000   -0.03832004  0.00000000
  0.04044589  0.00000000    0.10856758  0.00000000   -0.02332196  0.00000000
 -0.03832004  0.00000000   -0.02332196  0.00000000    0.12985610  0.00000000

     Dynamical  Matrix in cartesian axes

     q = (   -0.250000000  -0.583333333   0.750000000 ) 

    1    1
  0.12985610  0.00000000    0.03832004  0.00000000   -0.02332196  0.00000000
  0.03832004  0.00000000    0.09510533  0.00000000   -0.04044589  0.00000000
 -0.02332196  0.00000000   -0.04044589  0.00000000    0.10856758  0.00000000

     Dynamical  Matrix in cartesian axes

     q = (    0.750000000  -0.583333333   0.250000000 ) 

    1    1
  0.10856758  0.00000000   -0.04044589  0.00000000    0.02332196  0.00000000
 -0.04044589  0.00000000    0.09510533  0.00000000   -0.03832004  0.00000000
  0.02332196  0.00000000   -0.03832004  0.00000000    0.12985610  0.00000000

     Dynamical  Matrix in cartesian axes

     q = (    0.583333333   0.750000000   0.250000000 ) 

    1    1
  0.09510533  0.00000000    0.04044589  0.00000000    0.03832004  0.00000000
  0.04044589  0.00000000    0.10856758  0.00000000    0.02332196  0.00000000
  0.03832004  0.00000000    0.02332196  0.00000000    0.12985610  0.00000000

     Dynamical  Matrix in cartesian axes

     q = (    0.250000000  -0.583333333  -0.750000000 ) 

    1    1
  0.12985610  0.00000000   -0.03832004  0.00000000   -0.02332196  0.00000000
 -0.03832004  0.00000000    0.09510533  0.00000000    0.04044589  0.00000000
 -0.02332196  0.00000000    0.04044589  0.00000000    0.10856758  0.00000000

     Dynamical  Matrix in cartesian axes

     q = (    0.583333333   0.750000000  -0.250000000 ) 

    1    1
  0.09510533  0.00000000    0.04044589  0.00000000   -0.03832004  0.00000000
  0.04044589  0.00000000    0.10856758  0.00000000   -0.02332196  0.00000000
 -0.03832004  0.00000000   -0.02332196  0.00000000    0.12985610  0.00000000

     Dynamical  Matrix in cartesian axes

     q = (   -0.583333333   0.750000000  -0.250000000 ) 

    1    1
  0.09510533  0.00000000   -0.04044589  0.00000000    0.03832004  0.00000000
 -0.04044589  0.00000000    0.10856758  0.00000000   -0.02332196  0.00000000
  0.03832004  0.00000000   -0.02332196  0.00000000    0.12985610  0.00000000

     Dynamical  Matrix in cartesian axes

     q = (   -0.583333333   0.750000000   0.250000000 ) 

    1    1
  0.09510533  0.00000000   -0.04044589  0.00000000   -0.03832004  0.00000000
 -0.04044589  0.00000000    0.10856758  0.00000000    0.02332196  0.00000000
 -0.03832004  0.00000000    0.02332196  0.00000000    0.12985610  0.00000000

     Dynamical  Matrix in cartesian axes

     q = (    0.250000000  -0.750000000  -0.583333333 ) 

    1    1
  0.12985610  0.00000000   -0.02332196  0.00000000   -0.03832004  0.00000000
 -0.02332196  0.00000000    0.10856758  0.00000000    0.04044589  0.00000000
 -0.03832004  0.00000000    0.04044589  0.00000000    0.09510533  0.00000000

     Dynamical  Matrix in cartesian axes

     q = (   -0.250000000  -0.750000000   0.583333333 ) 

    1    1
  0.12985610  0.00000000    0.02332196  0.00000000   -0.03832004  0.00000000
  0.02332196  0.00000000    0.10856758  0.00000000   -0.04044589  0.00000000
 -0.03832004  0.00000000   -0.04044589  0.00000000    0.09510533  0.00000000

     Dynamical  Matrix in cartesian axes

     q = (    0.250000000   0.750000000   0.583333333 ) 

    1    1
  0.12985610  0.00000000    0.02332196  0.00000000    0.03832004  0.00000000
  0.02332196  0.00000000    0.10856758  0.00000000    0.04044589  0.00000000
  0.03832004  0.00000000    0.04044589  0.00000000    0.09510533  0.00000000

     Dynamical  Matrix in cartesian axes

     q = (    0.583333333  -0.750000000  -0.250000000 ) 

    1    1
  0.09510533  0.00000000   -0.04044589  0.00000000   -0.03832004  0.00000000
 -0.04044589  0.00000000    0.10856758  0.00000000    0.02332196  0.00000000
 -0.03832004  0.00000000    0.02332196  0.00000000    0.12985610  0.00000000

     Dynamical  Matrix in cartesian axes

     q = (   -0.750000000  -0.583333333   0.250000000 ) 

    1    1
  0.10856758  0.00000000    0.04044589  0.00000000   -0.02332196  0.00000000
  0.04044589  0.00000000    0.09510533  0.00000000   -0.03832004  0.00000000
 -0.02332196  0.00000000   -0.03832004  0.00000000    0.12985610  0.00000000

     Dynamical  Matrix in cartesian axes

     q = (   -0.583333333  -0.750000000  -0.250000000 ) 

    1    1
  0.09510533  0.00000000    0.04044589  0.00000000    0.03832004  0.00000000
  0.04044589  0.00000000    0.10856758  0.00000000    0.02332196  0.00000000
  0.03832004  0.00000000    0.02332196  0.00000000    0.12985610  0.00000000

     Dynamical  Matrix in cartesian axes

     q = (    0.750000000   0.583333333   0.250000000 ) 

    1    1
  0.10856758  0.00000000    0.04044589  0.00000000    0.02332196  0.00000000
  0.04044589  0.00000000    0.09510533  0.00000000    0.03832004  0.00000000
  0.02332196  0.00000000    0.03832004  0.00000000    0.12985610  0.00000000

     Dynamical  Matrix in cartesian axes

     q = (    0.750000000  -0.583333333  -0.250000000 ) 

    1    1
  0.10856758  0.00000000   -0.04044589  0.00000000   -0.02332196  0.00000000
 -0.04044589  0.00000000    0.09510533  0.00000000    0.03832004  0.00000000
 -0.02332196  0.00000000    0.03832004  0.00000000    0.12985610  0.00000000

     Diagonalizing the dynamical matrix

     q = (    0.583333333  -0.250000000   0.750000000 ) 

 **************************************************************************
     freq (    1) =       5.006927 [THz] =     167.013113 [cm-1]
 (  0.813517  0.000000  0.261475  0.000000 -0.519442  0.000000 ) 
     freq (    2) =       6.514755 [THz] =     217.308824 [cm-1]
 (  0.204818  0.000000  0.707158  0.000000  0.676740  0.000000 ) 
     freq (    3) =       8.903533 [THz] =     296.989889 [cm-1]
 (  0.544278  0.000000 -0.656931  0.000000  0.521730  0.000000 ) 
 **************************************************************************
