Dynamical matrix file
                                                                           
  1    1  2  7.6456000  0.0000000  0.0000000  0.0000000  0.0000000  0.0000000
           1  'Al  '    24592.588541212976     
    1    1      0.0000000000      0.0000000000      0.0000000000

     Dynamical  Matrix in cartesian axes

     q = (    0.666666667  -0.166666667   0.833333333 ) 

    1    1
  0.09181201  0.00000000   -0.02454679  0.00000000    0.02647992  0.00000000
 -0.02454679  0.00000000    0.15548536  0.00000000   -0.01065719  0.00000000
  0.02647992  0.00000000   -0.01065719  0.00000000    0.10299332  0.00000000

     Dynamical  Matrix in cartesian axes

     q = (    0.666666667  -0.166666667  -0.833333333 ) 

    1    1
  0.09181201  0.00000000   -0.02454679  0.00000000   -0.02647992  0.00000000
 -0.02454679  0.00000000    0.15548536  0.00000000    0.01065719  0.00000000
 -0.02647992  0.00000000    0.01065719  0.00000000    0.10299332  0.00000000

     Dynamical  Matrix in cartesian axes

     q = (    0.833333333   0.166666667   0.666666667 ) 

    1    1
  0.10299332  0.00000000    0.01065719  0.00000000    0.02647992  0.00000000
  0.01065719  0.00000000    0.15548536  0.00000000    0.02454679  0.00000000
  0.02647992  0.00000000    0.02454679  0.00000000    0.09181201  0.00000000

     Dynamical  Matrix in cartesian axes

     q = (    0.666666667   0.166666667   0.833333333 ) 

    1    1
  0.09181201  0.00000000    0.02454679  0.00000000    0.02647992  0.00000000
  0.02454679  0.00000000    0.15548536  0.00000000    0.01065719  0.00000000
  0.02647992  0.00000000    0.01065719  0.00000000    0.10299332  0.00000000

     Dynamical  Matrix in cartesian axes

     q = (   -0.833333333  -0.166666667   0.666666667 ) 

    1    1
  0.10299332  0.00000000    0.01065719  0.00000000   -0.02647992  0.00000000
  0.01065719  0.00000000    0.15548536  0.00000000   -0.02454679  0.00000000
 -0.02647992  0.00000000   -0.02454679  0.00000000    0.09181201  0.00000000

     Dynamical  Matrix in cartesian axes

     q = (   -0.666666667  -0.166666667  -0.833333333 ) 

    1    1
  0.09181201  0.00000000    0.02454679  0.00000000    0.02647992  0.00000000
  0.02454679  0.00000000    0.15548536  0.00000000    0.01065719  0.00000000
  0.02647992  0.00000000    0.01065719  0.00000000    0.10299332  0.00000000

     Dynamical  Matrix in cartesian axes

     q = (   -0.666666667  -0.166666667   0.833333333 ) 

    1    1
  0.09181201  0.00000000    0.02454679  0.00000000   -0.02647992  0.00000000
  0.02454679  0.00000000    0.15548536  0.00000000   -0.01065719  0.00000000
 -0.02647992  0.00000000   -0.01065719  0.00000000    0.10299332  0.00000000

     Dynamical  Matrix in cartesian axes

     q = (    0.833333333  -0.166666667   0.666666667 ) 

    1    1
  0.10299332  0.00000000   -0.01065719  0.00000000    0.02647992  0.00000000
 -0.01065719  0.00000000    0.15548536  0.00000000   -0.02454679  0.00000000
  0.02647992  0.00000000   -0.02454679  0.00000000    0.09181201  0.00000000

     Dynamical  Matrix in cartesian axes

     q = (   -0.833333333   0.166666667  -0.666666667 ) 

    1    1
  0.10299332  0.00000000   -0.01065719  0.00000000    0.02647992  0.00000000
 -0.01065719  0.00000000    0.15548536  0.00000000   -0.02454679  0.00000000
  0.02647992  0.00000000   -0.02454679  0.00000000    0.09181201  0.00000000

     Dynamical  Matrix in cartesian axes

     q = (   -0.833333333  -0.166666667  -0.666666667 ) 

    1    1
  0.10299332  0.00000000    0.01065719  0.00000000    0.02647992  0.00000000
  0.01065719  0.00000000    0.15548536  0.00000000    0.02454679  0.00000000
  0.02647992  0.00000000    0.02454679  0.00000000    0.09181201  0.00000000

     Dynamical  Matrix in cartesian axes

     q = (   -0.833333333   0.166666667   0.666666667 ) 

    1    1
  0.10299332  0.00000000   -0.01065719  0.00000000   -0.02647992  0.00000000
 -0.01065719  0.00000000    0.15548536  0.00000000    0.02454679  0.00000000
 -0.02647992  0.00000000    0.02454679  0.00000000    0.09181201  0.00000000

     Dynamical  Matrix in cartesian axes

     q = (    0.833333333   0.166666667  -0.666666667 ) 

    1    1
  0.10299332  0.00000000    0.01065719  0.00000000   -0.02647992  0.00000000
  0.01065719  0.00000000    0.15548536  0.00000000   -0.02454679  0.00000000
 -0.02647992  0.00000000   -0.02454679  0.00000000    0.09181201  0.00000000

     Dynamical  Matrix in cartesian axes

     q = (   -0.666666667   0.166666667   0.833333333 ) 

    1    1
  0.09181201  0.00000000   -0.02454679  0.00000000   -0.02647992  0.00000000
 -0.02454679  0.00000000    0.15548536  0.00000000    0.01065719  0.00000000
 -0.02647992  0.00000000    0.01065719  0.00000000    0.10299332  0.00000000

     Dynamical  Matrix in cartesian axes

     q = (    0.833333333  -0.166666667  -0.666666667 ) 

    1    1
  0.10299332  0.00000000   -0.01065719  0.00000000   -0.02647992  0.00000000
 -0.01065719  0.00000000    0.15548536  0.00000000    0.02454679  0.00000000
 -0.02647992  0.00000000    0.02454679  0.00000000    0.09181201  0.00000000

     Dynamical  Matrix in cartesian axes

     q = (    0.666666667   0.166666667  -0.833333333 ) 

    1    1
  0.09181201  0.00000000    0.02454679  0.00000000   -0.02647992  0.00000000
  0.02454679  0.00000000    0.15548536  0.00000000   -0.01065719  0.00000000
 -0.02647992  0.00000000   -0.01065719  0.00000000    0.10299332  0.00000000

     Dynamical  Matrix in cartesian axes

     q = (   -0.666666667   0.166666667  -0.833333333 ) 

    1    1
  0.09181201  0.00000000   -0.02454679  0.00000000    0.02647992  0.00000000
 -0.02454679  0.00000000    0.15548536  0.00000000   -0.01065719  0.00000000
  0.02647992  0.00000000   -0.01065719  0.00000000    0.10299332  0.00000000

     Dynamical  Matrix in cartesian axes

     q = (   -0.166666667   0.833333333   0.666666667 ) 

    1    1
  0.15548536  0.00000000   -0.01065719  0.00000000   -0.02454679  0.00000000
 -0.01065719  0.00000000    0.10299332  0.00000000    0.02647992  0.00000000
 -0.02454679  0.00000000    0.02647992  0.00000000    0.09181201  0.00000000

     Dynamical  Matrix in cartesian axes

     q = (    0.166666667   0.833333333  -0.666666667 ) 

    1    1
  0.15548536  0.00000000    0.01065719  0.00000000   -0.02454679  0.00000000
  0.01065719  0.00000000    0.10299332  0.00000000   -0.02647992  0.00000000
 -0.02454679  0.00000000   -0.02647992  0.00000000    0.09181201  0.00000000

     Dynamical  Matrix in cartesian axes

     q = (   -0.166666667  -0.833333333  -0.666666667 ) 

    1    1
  0.15548536  0.00000000    0.01065719  0.00000000    0.02454679  0.00000000
  0.01065719  0.00000000    0.10299332  0.00000000    0.02647992  0.00000000
  0.02454679  0.00000000    0.02647992  0.00000000    0.09181201  0.00000000

     Dynamical  Matrix in cartesian axes

     q = (   -0.166666667   0.666666667  -0.833333333 ) 

    1    1
  0.15548536  0.00000000   -0.02454679  0.00000000    0.01065719  0.00000000
 -0.02454679  0.00000000    0.09181201  0.00000000   -0.02647992  0.00000000
  0.01065719  0.00000000   -0.02647992  0.00000000    0.10299332  0.00000000

     Dynamical  Matrix in cartesian axes

     q = (    0.833333333   0.666666667  -0.166666667 ) 

    1    1
  0.10299332  0.00000000    0.02647992  0.00000000   -0.01065719  0.00000000
  0.02647992  0.00000000    0.09181201  0.00000000   -0.02454679  0.00000000
 -0.01065719  0.00000000   -0.02454679  0.00000000    0.15548536  0.00000000

     Dynamical  Matrix in cartesian axes

     q = (   -0.166666667   0.833333333  -0.666666667 ) 

    1    1
  0.15548536  0.00000000   -0.01065719  0.00000000    0.02454679  0.00000000
 -0.01065719  0.00000000    0.10299332  0.00000000   -0.02647992  0.00000000
  0.02454679  0.00000000   -0.02647992  0.00000000    0.09181201  0.00000000

     Dynamical  Matrix in cartesian axes

     q = (   -0.833333333  -0.666666667  -0.166666667 ) 

    1    1
  0.10299332  0.00000000    0.02647992  0.00000000    0.01065719  0.00000000
  0.02647992  0.00000000    0.09181201  0.00000000    0.02454679  0.00000000
  0.01065719  0.00000000    0.02454679  0.00000000    0.15548536  0.00000000

     Dynamical  Matrix in cartesian axes

     q = (   -0.833333333   0.666666667   0.166666667 ) 

    1    1
  0.10299332  0.00000000   -0.02647992  0.00000000   -0.01065719  0.00000000
 -0.02647992  0.00000000    0.09181201  0.00000000    0.02454679  0.00000000
 -0.01065719  0.00000000    0.02454679  0.00000000    0.15548536  0.00000000

     Dynamical  Matrix in cartesian axes

     q = (    0.166666667  -0.666666667   0.833333333 ) 

    1    1
  0.15548536  0.00000000   -0.02454679  0.00000000    0.01065719  0.00000000
 -0.02454679  0.00000000    0.09181201  0.00000000   -0.02647992  0.00000000
  0.01065719  0.00000000   -0.02647992  0.00000000    0.10299332  0.00000000

     Dynamical  Matrix in cartesian axes

     q = (    0.166666667  -0.833333333   0.666666667 ) 

    1    1
  0.15548536  0.00000000   -0.01065719  0.00000000    0.02454679  0.00000000
 -0.01065719  0.00000000    0.10299332  0.00000000   -0.02647992  0.00000000
  0.02454679  0.00000000   -0.02647992  0.00000000    0.09181201  0.00000000

     Dynamical  Matrix in cartesian axes

     q = (    0.666666667  -0.833333333   0.166666667 ) 

    1    1
  0.09181201  0.00000000   -0.02647992  0.00000000    0.02454679  0.00000000
 -0.02647992  0.00000000    0.10299332  0.00000000   -0.01065719  0.00000000
  0.02454679  0.00000000   -0.01065719  0.00000000    0.15548536  0.00000000

     Dynamical  Matrix in cartesian axes

     q = (   -0.833333333   0.666666667  -0.166666667 ) 

    1    1
  0.10299332  0.00000000   -0.02647992  0.00000000    0.01065719  0.00000000
 -0.02647992  0.00000000    0.09181201  0.00000000   -0.02454679  0.00000000
  0.01065719  0.00000000   -0.02454679  0.00000000    0.15548536  0.00000000

     Dynamical  Matrix in cartesian axes

     q = (    0.166666667   0.666666667   0.833333333 ) 

    1    1
  0.15548536  0.00000000    0.02454679  0.00000000    0.01065719  0.00000000
  0.02454679  0.00000000    0.09181201  0.00000000    0.02647992  0.00000000
  0.01065719  0.00000000    0.02647992  0.00000000    0.10299332  0.00000000

     Dynamical  Matrix in cartesian axes

     q = (   -0.166666667   0.666666667   0.833333333 ) 

    1    1
  0.15548536  0.00000000   -0.02454679  0.00000000   -0.01065719  0.00000000
 -0.02454679  0.00000000    0.09181201  0.00000000    0.02647992  0.00000000
 -0.01065719  0.00000000    0.02647992  0.00000000    0.10299332  0.00000000

     Dynamical  Matrix in cartesian axes

     q = (    0.166666667   0.666666667  -0.833333333 ) 

    1    1
  0.15548536  0.00000000    0.02454679  0.00000000   -0.01065719  0.00000000
  0.02454679  0.00000000    0.09181201  0.00000000   -0.02647992  0.00000000
 -0.01065719  0.00000000   -0.02647992  0.00000000    0.10299332  0.00000000

     Dynamical  Matrix in cartesian axes

     q = (   -0.166666667  -0.666666667  -0.833333333 ) 

    1    1
  0.15548536  0.00000000    0.02454679  0.00000000    0.01065719  0.00000000
  0.02454679  0.00000000    0.09181201  0.00000000    0.02647992  0.00000000
  0.01065719  0.00000000    0.02647992  0.00000000    0.10299332  0.00000000

     Dynamical  Matrix in cartesian axes

     q = (   -0.666666667  -0.833333333   0.166666667 ) 

    1    1
  0.09181201  0.00000000    0.02647992  0.00000000   -0.02454679  0.00000000
  0.02647992  0.00000000    0.10299332  0.00000000   -0.01065719  0.00000000
 -0.02454679  0.00000000   -0.01065719  0.00000000    0.15548536  0.00000000

     Dynamical  Matrix in cartesian axes

     q = (   -0.166666667  -0.666666667   0.833333333 ) 

    1    1
  0.15548536  0.00000000    0.02454679  0.00000000   -0.01065719  0.00000000
  0.02454679  0.00000000    0.09181201  0.00000000   -0.02647992  0.00000000
 -0.01065719  0.00000000   -0.02647992  0.00000000    0.10299332  0.00000000

     Dynamical  Matrix in cartesian axes

     q = (    0.833333333  -0.666666667   0.166666667 ) 

    1    1
  0.10299332  0.00000000   -0.02647992  0.00000000    0.01065719  0.00000000
 -0.02647992  0.00000000    0.09181201  0.00000000   -0.02454679  0.00000000
  0.01065719  0.00000000   -0.02454679  0.00000000    0.15548536  0.00000000

     Dynamical  Matrix in cartesian axes

     q = (    0.666666667   0.833333333   0.166666667 ) 

    1    1
  0.09181201  0.00000000    0.02647992  0.00000000    0.02454679  0.00000000
  0.02647992  0.00000000    0.10299332  0.00000000    0.01065719  0.00000000
  0.02454679  0.00000000    0.01065719  0.00000000    0.15548536  0.00000000

     Dynamical  Matrix in cartesian axes

     q = (    0.166666667  -0.666666667  -0.833333333 ) 

    1    1
  0.15548536  0.00000000   -0.02454679  0.00000000   -0.01065719  0.00000000
 -0.02454679  0.00000000    0.09181201  0.00000000    0.02647992  0.00000000
 -0.01065719  0.00000000    0.02647992  0.00000000    0.10299332  0.00000000

     Dynamical  Matrix in cartesian axes

     q = (    0.666666667   0.833333333  -0.166666667 ) 

    1    1
  0.09181201  0.00000000    0.02647992  0.00000000   -0.02454679  0.00000000
  0.02647992  0.00000000    0.10299332  0.00000000   -0.01065719  0.00000000
 -0.02454679  0.00000000   -0.01065719  0.00000000    0.15548536  0.00000000

     Dynamical  Matrix in cartesian axes

     q = (   -0.666666667   0.833333333  -0.166666667 ) 

    1    1
  0.09181201  0.00000000   -0.02647992  0.00000000    0.02454679  0.00000000
 -0.02647992  0.00000000    0.10299332  0.00000000   -0.01065719  0.00000000
  0.02454679  0.00000000   -0.01065719  0.00000000    0.15548536  0.00000000

     Dynamical  Matrix in cartesian axes

     q = (   -0.666666667   0.833333333   0.166666667 ) 

    1    1
  0.09181201  0.00000000   -0.02647992  0.00000000   -0.02454679  0.00000000
 -0.02647992  0.00000000    0.10299332  0.00000000    0.01065719  0.00000000
 -0.02454679  0.00000000    0.01065719  0.00000000    0.15548536  0.00000000

     Dynamical  Matrix in cartesian axes

     q = (    0.166666667  -0.833333333  -0.666666667 ) 

    1    1
  0.15548536  0.00000000   -0.01065719  0.00000000   -0.02454679  0.00000000
 -0.01065719  0.00000000    0.10299332  0.00000000    0.02647992  0.00000000
 -0.02454679  0.00000000    0.02647992  0.00000000    0.09181201  0.00000000

     Dynamical  Matrix in cartesian axes

     q = (   -0.166666667  -0.833333333   0.666666667 ) 

    1    1
  0.15548536  0.00000000    0.01065719  0.00000000   -0.02454679  0.00000000
  0.01065719  0.00000000    0.10299332  0.00000000   -0.02647992  0.00000000
 -0.02454679  0.00000000   -0.02647992  0.00000000    0.09181201  0.00000000

     Dynamical  Matrix in cartesian axes

     q = (    0.166666667   0.833333333   0.666666667 ) 

    1    1
  0.15548536  0.00000000    0.01065719  0.00000000    0.02454679  0.00000000
  0.01065719  0.00000000    0.10299332  0.00000000    0.02647992  0.00000000
  0.02454679  0.00000000    0.02647992  0.00000000    0.09181201  0.00000000

     Dynamical  Matrix in cartesian axes

     q = (    0.666666667  -0.833333333  -0.166666667 ) 

    1    1
  0.09181201  0.00000000   -0.02647992  0.00000000   -0.02454679  0.00000000
 -0.02647992  0.00000000    0.10299332  0.00000000    0.01065719  0.00000000
 -0.02454679  0.00000000    0.01065719  0.00000000    0.15548536  0.00000000

     Dynamical  Matrix in cartesian axes

     q = (   -0.833333333  -0.666666667   0.166666667 ) 

    1    1
  0.10299332  0.00000000    0.02647992  0.00000000   -0.01065719  0.00000000
  0.02647992  0.00000000    0.09181201  0.00000000   -0.02454679  0.00000000
 -0.01065719  0.00000000   -0.02454679  0.00000000    0.15548536  0.00000000

     Dynamical  Matrix in cartesian axes

     q = (   -0.666666667  -0.833333333  -0.166666667 ) 

    1    1
  0.09181201  0.00000000    0.02647992  0.00000000    0.02454679  0.00000000
  0.02647992  0.00000000    0.10299332  0.00000000    0.01065719  0.00000000
  0.02454679  0.00000000    0.01065719  0.00000000    0.15548536  0.00000000

     Dynamical  Matrix in cartesian axes

     q = (    0.833333333   0.666666667   0.166666667 ) 

    1    1
  0.10299332  0.00000000    0.02647992  0.00000000    0.01065719  0.00000000
  0.02647992  0.00000000    0.09181201  0.00000000    0.02454679  0.00000000
  0.01065719  0.00000000    0.02454679  0.00000000    0.15548536  0.00000000

     Dynamical  Matrix in cartesian axes

     q = (    0.833333333  -0.666666667  -0.166666667 ) 

    1    1
  0.10299332  0.00000000   -0.02647992  0.00000000   -0.01065719  0.00000000
 -0.02647992  0.00000000    0.09181201  0.00000000    0.02454679  0.00000000
 -0.01065719  0.00000000    0.02454679  0.00000000    0.15548536  0.00000000

     Diagonalizing the dynamical matrix

     q = (    0.666666667  -0.166666667   0.833333333 ) 

 **************************************************************************
     freq (    1) =       5.484935 [THz] =     182.957732 [cm-1]
 (  0.807291  0.000000  0.157889  0.000000 -0.568640  0.000000 ) 
     freq (    2) =       7.033328 [THz] =     234.606558 [cm-1]
 (  0.454155  0.000000  0.449094 -0.000000  0.769453  0.000000 ) 
     freq (    3) =       8.637636 [THz] =     288.120527 [cm-1]
 (  0.376861 -0.000000 -0.879424  0.000000  0.290843 -0.000000 ) 
 **************************************************************************
