Dynamical matrix file
                                                                           
  1    1  2  7.6456000  0.0000000  0.0000000  0.0000000  0.0000000  0.0000000
           1  'Al  '    24592.588541212976     
    1    1      0.0000000000      0.0000000000      0.0000000000

     Dynamical  Matrix in cartesian axes

     q = (   -0.250000000   0.583333333  -0.083333333 ) 

    1    1
  0.06538393  0.00000000   -0.03301639  0.00000000    0.01146915  0.00000000
 -0.03301639  0.00000000    0.12324458  0.00000000   -0.01245933  0.00000000
  0.01146915  0.00000000   -0.01245933  0.00000000    0.06509383  0.00000000

     Dynamical  Matrix in cartesian axes

     q = (   -0.250000000   0.583333333   0.083333333 ) 

    1    1
  0.06538393  0.00000000   -0.03301639  0.00000000   -0.01146915  0.00000000
 -0.03301639  0.00000000    0.12324458  0.00000000    0.01245933  0.00000000
 -0.01146915  0.00000000    0.01245933  0.00000000    0.06509383  0.00000000

     Dynamical  Matrix in cartesian axes

     q = (   -0.083333333  -0.583333333  -0.250000000 ) 

    1    1
  0.06509383  0.00000000    0.01245933  0.00000000    0.01146915  0.00000000
  0.01245933  0.00000000    0.12324458  0.00000000    0.03301639  0.00000000
  0.01146915  0.00000000    0.03301639  0.00000000    0.06538393  0.00000000

     Dynamical  Matrix in cartesian axes

     q = (   -0.250000000  -0.583333333  -0.083333333 ) 

    1    1
  0.06538393  0.00000000    0.03301639  0.00000000    0.01146915  0.00000000
  0.03301639  0.00000000    0.12324458  0.00000000    0.01245933  0.00000000
  0.01146915  0.00000000    0.01245933  0.00000000    0.06509383  0.00000000

     Dynamical  Matrix in cartesian axes

     q = (    0.083333333   0.583333333  -0.250000000 ) 

    1    1
  0.06509383  0.00000000    0.01245933  0.00000000   -0.01146915  0.00000000
  0.01245933  0.00000000    0.12324458  0.00000000   -0.03301639  0.00000000
 -0.01146915  0.00000000   -0.03301639  0.00000000    0.06538393  0.00000000

     Dynamical  Matrix in cartesian axes

     q = (    0.250000000   0.583333333   0.083333333 ) 

    1    1
  0.06538393  0.00000000    0.03301639  0.00000000    0.01146915  0.00000000
  0.03301639  0.00000000    0.12324458  0.00000000    0.01245933  0.00000000
  0.01146915  0.00000000    0.01245933  0.00000000    0.06509383  0.00000000

     Dynamical  Matrix in cartesian axes

     q = (    0.250000000   0.583333333  -0.083333333 ) 

    1    1
  0.06538393  0.00000000    0.03301639  0.00000000   -0.01146915  0.00000000
  0.03301639  0.00000000    0.12324458  0.00000000   -0.01245933  0.00000000
 -0.01146915  0.00000000   -0.01245933  0.00000000    0.06509383  0.00000000

     Dynamical  Matrix in cartesian axes

     q = (   -0.083333333   0.583333333  -0.250000000 ) 

    1    1
  0.06509383  0.00000000   -0.01245933  0.00000000    0.01146915  0.00000000
 -0.01245933  0.00000000    0.12324458  0.00000000   -0.03301639  0.00000000
  0.01146915  0.00000000   -0.03301639  0.00000000    0.06538393  0.00000000

     Dynamical  Matrix in cartesian axes

     q = (    0.083333333  -0.583333333   0.250000000 ) 

    1    1
  0.06509383  0.00000000   -0.01245933  0.00000000    0.01146915  0.00000000
 -0.01245933  0.00000000    0.12324458  0.00000000   -0.03301639  0.00000000
  0.01146915  0.00000000   -0.03301639  0.00000000    0.06538393  0.00000000

     Dynamical  Matrix in cartesian axes

     q = (    0.083333333   0.583333333   0.250000000 ) 

    1    1
  0.06509383  0.00000000    0.01245933  0.00000000    0.01146915  0.00000000
  0.01245933  0.00000000    0.12324458  0.00000000    0.03301639  0.00000000
  0.01146915  0.00000000    0.03301639  0.00000000    0.06538393  0.00000000

     Dynamical  Matrix in cartesian axes

     q = (    0.083333333  -0.583333333  -0.250000000 ) 

    1    1
  0.06509383  0.00000000   -0.01245933  0.00000000   -0.01146915  0.00000000
 -0.01245933  0.00000000    0.12324458  0.00000000    0.03301639  0.00000000
 -0.01146915  0.00000000    0.03301639  0.00000000    0.06538393  0.00000000

     Dynamical  Matrix in cartesian axes

     q = (   -0.083333333  -0.583333333   0.250000000 ) 

    1    1
  0.06509383  0.00000000    0.01245933  0.00000000   -0.01146915  0.00000000
  0.01245933  0.00000000    0.12324458  0.00000000   -0.03301639  0.00000000
 -0.01146915  0.00000000   -0.03301639  0.00000000    0.06538393  0.00000000

     Dynamical  Matrix in cartesian axes

     q = (    0.250000000  -0.583333333  -0.083333333 ) 

    1    1
  0.06538393  0.00000000   -0.03301639  0.00000000   -0.01146915  0.00000000
 -0.03301639  0.00000000    0.12324458  0.00000000    0.01245933  0.00000000
 -0.01146915  0.00000000    0.01245933  0.00000000    0.06509383  0.00000000

     Dynamical  Matrix in cartesian axes

     q = (   -0.083333333   0.583333333   0.250000000 ) 

    1    1
  0.06509383  0.00000000   -0.01245933  0.00000000   -0.01146915  0.00000000
 -0.01245933  0.00000000    0.12324458  0.00000000    0.03301639  0.00000000
 -0.01146915  0.00000000    0.03301639  0.00000000    0.06538393  0.00000000

     Dynamical  Matrix in cartesian axes

     q = (   -0.250000000  -0.583333333   0.083333333 ) 

    1    1
  0.06538393  0.00000000    0.03301639  0.00000000   -0.01146915  0.00000000
  0.03301639  0.00000000    0.12324458  0.00000000   -0.01245933  0.00000000
 -0.01146915  0.00000000   -0.01245933  0.00000000    0.06509383  0.00000000

     Dynamical  Matrix in cartesian axes

     q = (    0.250000000  -0.583333333   0.083333333 ) 

    1    1
  0.06538393  0.00000000   -0.03301639  0.00000000    0.01146915  0.00000000
 -0.03301639  0.00000000    0.12324458  0.00000000   -0.01245933  0.00000000
  0.01146915  0.00000000   -0.01245933  0.00000000    0.06509383  0.00000000

     Dynamical  Matrix in cartesian axes

     q = (    0.583333333  -0.083333333  -0.250000000 ) 

    1    1
  0.12324458  0.00000000   -0.01245933  0.00000000   -0.03301639  0.00000000
 -0.01245933  0.00000000    0.06509383  0.00000000    0.01146915  0.00000000
 -0.03301639  0.00000000    0.01146915  0.00000000    0.06538393  0.00000000

     Dynamical  Matrix in cartesian axes

     q = (   -0.583333333  -0.083333333   0.250000000 ) 

    1    1
  0.12324458  0.00000000    0.01245933  0.00000000   -0.03301639  0.00000000
  0.01245933  0.00000000    0.06509383  0.00000000   -0.01146915  0.00000000
 -0.03301639  0.00000000   -0.01146915  0.00000000    0.06538393  0.00000000

     Dynamical  Matrix in cartesian axes

     q = (    0.583333333   0.083333333   0.250000000 ) 

    1    1
  0.12324458  0.00000000    0.01245933  0.00000000    0.03301639  0.00000000
  0.01245933  0.00000000    0.06509383  0.00000000    0.01146915  0.00000000
  0.03301639  0.00000000    0.01146915  0.00000000    0.06538393  0.00000000

     Dynamical  Matrix in cartesian axes

     q = (    0.583333333  -0.250000000   0.083333333 ) 

    1    1
  0.12324458  0.00000000   -0.03301639  0.00000000    0.01245933  0.00000000
 -0.03301639  0.00000000    0.06538393  0.00000000   -0.01146915  0.00000000
  0.01245933  0.00000000   -0.01146915  0.00000000    0.06509383  0.00000000

     Dynamical  Matrix in cartesian axes

     q = (   -0.083333333  -0.250000000   0.583333333 ) 

    1    1
  0.06509383  0.00000000    0.01146915  0.00000000   -0.01245933  0.00000000
  0.01146915  0.00000000    0.06538393  0.00000000   -0.03301639  0.00000000
 -0.01245933  0.00000000   -0.03301639  0.00000000    0.12324458  0.00000000

     Dynamical  Matrix in cartesian axes

     q = (    0.583333333  -0.083333333   0.250000000 ) 

    1    1
  0.12324458  0.00000000   -0.01245933  0.00000000    0.03301639  0.00000000
 -0.01245933  0.00000000    0.06509383  0.00000000   -0.01146915  0.00000000
  0.03301639  0.00000000   -0.01146915  0.00000000    0.06538393  0.00000000

     Dynamical  Matrix in cartesian axes

     q = (    0.083333333   0.250000000   0.583333333 ) 

    1    1
  0.06509383  0.00000000    0.01146915  0.00000000    0.01245933  0.00000000
  0.01146915  0.00000000    0.06538393  0.00000000    0.03301639  0.00000000
  0.01245933  0.00000000    0.03301639  0.00000000    0.12324458  0.00000000

     Dynamical  Matrix in cartesian axes

     q = (    0.083333333  -0.250000000  -0.583333333 ) 

    1    1
  0.06509383  0.00000000   -0.01146915  0.00000000   -0.01245933  0.00000000
 -0.01146915  0.00000000    0.06538393  0.00000000    0.03301639  0.00000000
 -0.01245933  0.00000000    0.03301639  0.00000000    0.12324458  0.00000000

     Dynamical  Matrix in cartesian axes

     q = (   -0.583333333   0.250000000  -0.083333333 ) 

    1    1
  0.12324458  0.00000000   -0.03301639  0.00000000    0.01245933  0.00000000
 -0.03301639  0.00000000    0.06538393  0.00000000   -0.01146915  0.00000000
  0.01245933  0.00000000   -0.01146915  0.00000000    0.06509383  0.00000000

     Dynamical  Matrix in cartesian axes

     q = (   -0.583333333   0.083333333  -0.250000000 ) 

    1    1
  0.12324458  0.00000000   -0.01245933  0.00000000    0.03301639  0.00000000
 -0.01245933  0.00000000    0.06509383  0.00000000   -0.01146915  0.00000000
  0.03301639  0.00000000   -0.01146915  0.00000000    0.06538393  0.00000000

     Dynamical  Matrix in cartesian axes

     q = (   -0.250000000   0.083333333  -0.583333333 ) 

    1    1
  0.06538393  0.00000000   -0.01146915  0.00000000    0.03301639  0.00000000
 -0.01146915  0.00000000    0.06509383  0.00000000   -0.01245933  0.00000000
  0.03301639  0.00000000   -0.01245933  0.00000000    0.12324458  0.00000000

     Dynamical  Matrix in cartesian axes

     q = (    0.083333333  -0.250000000   0.583333333 ) 

    1    1
  0.06509383  0.00000000   -0.01146915  0.00000000    0.01245933  0.00000000
 -0.01146915  0.00000000    0.06538393  0.00000000   -0.03301639  0.00000000
  0.01245933  0.00000000   -0.03301639  0.00000000    0.12324458  0.00000000

     Dynamical  Matrix in cartesian axes

     q = (   -0.583333333  -0.250000000  -0.083333333 ) 

    1    1
  0.12324458  0.00000000    0.03301639  0.00000000    0.01245933  0.00000000
  0.03301639  0.00000000    0.06538393  0.00000000    0.01146915  0.00000000
  0.01245933  0.00000000    0.01146915  0.00000000    0.06509383  0.00000000

     Dynamical  Matrix in cartesian axes

     q = (    0.583333333  -0.250000000  -0.083333333 ) 

    1    1
  0.12324458  0.00000000   -0.03301639  0.00000000   -0.01245933  0.00000000
 -0.03301639  0.00000000    0.06538393  0.00000000    0.01146915  0.00000000
 -0.01245933  0.00000000    0.01146915  0.00000000    0.06509383  0.00000000

     Dynamical  Matrix in cartesian axes

     q = (   -0.583333333  -0.250000000   0.083333333 ) 

    1    1
  0.12324458  0.00000000    0.03301639  0.00000000   -0.01245933  0.00000000
  0.03301639  0.00000000    0.06538393  0.00000000   -0.01146915  0.00000000
 -0.01245933  0.00000000   -0.01146915  0.00000000    0.06509383  0.00000000

     Dynamical  Matrix in cartesian axes

     q = (    0.583333333   0.250000000   0.083333333 ) 

    1    1
  0.12324458  0.00000000    0.03301639  0.00000000    0.01245933  0.00000000
  0.03301639  0.00000000    0.06538393  0.00000000    0.01146915  0.00000000
  0.01245933  0.00000000    0.01146915  0.00000000    0.06509383  0.00000000

     Dynamical  Matrix in cartesian axes

     q = (    0.250000000   0.083333333  -0.583333333 ) 

    1    1
  0.06538393  0.00000000    0.01146915  0.00000000   -0.03301639  0.00000000
  0.01146915  0.00000000    0.06509383  0.00000000   -0.01245933  0.00000000
 -0.03301639  0.00000000   -0.01245933  0.00000000    0.12324458  0.00000000

     Dynamical  Matrix in cartesian axes

     q = (    0.583333333   0.250000000  -0.083333333 ) 

    1    1
  0.12324458  0.00000000    0.03301639  0.00000000   -0.01245933  0.00000000
  0.03301639  0.00000000    0.06538393  0.00000000   -0.01146915  0.00000000
 -0.01245933  0.00000000   -0.01146915  0.00000000    0.06509383  0.00000000

     Dynamical  Matrix in cartesian axes

     q = (   -0.083333333   0.250000000  -0.583333333 ) 

    1    1
  0.06509383  0.00000000   -0.01146915  0.00000000    0.01245933  0.00000000
 -0.01146915  0.00000000    0.06538393  0.00000000   -0.03301639  0.00000000
  0.01245933  0.00000000   -0.03301639  0.00000000    0.12324458  0.00000000

     Dynamical  Matrix in cartesian axes

     q = (   -0.250000000  -0.083333333  -0.583333333 ) 

    1    1
  0.06538393  0.00000000    0.01146915  0.00000000    0.03301639  0.00000000
  0.01146915  0.00000000    0.06509383  0.00000000    0.01245933  0.00000000
  0.03301639  0.00000000    0.01245933  0.00000000    0.12324458  0.00000000

     Dynamical  Matrix in cartesian axes

     q = (   -0.583333333   0.250000000   0.083333333 ) 

    1    1
  0.12324458  0.00000000   -0.03301639  0.00000000   -0.01245933  0.00000000
 -0.03301639  0.00000000    0.06538393  0.00000000    0.01146915  0.00000000
 -0.01245933  0.00000000    0.01146915  0.00000000    0.06509383  0.00000000

     Dynamical  Matrix in cartesian axes

     q = (   -0.250000000  -0.083333333   0.583333333 ) 

    1    1
  0.06538393  0.00000000    0.01146915  0.00000000   -0.03301639  0.00000000
  0.01146915  0.00000000    0.06509383  0.00000000   -0.01245933  0.00000000
 -0.03301639  0.00000000   -0.01245933  0.00000000    0.12324458  0.00000000

     Dynamical  Matrix in cartesian axes

     q = (    0.250000000  -0.083333333   0.583333333 ) 

    1    1
  0.06538393  0.00000000   -0.01146915  0.00000000    0.03301639  0.00000000
 -0.01146915  0.00000000    0.06509383  0.00000000   -0.01245933  0.00000000
  0.03301639  0.00000000   -0.01245933  0.00000000    0.12324458  0.00000000

     Dynamical  Matrix in cartesian axes

     q = (    0.250000000  -0.083333333  -0.583333333 ) 

    1    1
  0.06538393  0.00000000   -0.01146915  0.00000000   -0.03301639  0.00000000
 -0.01146915  0.00000000    0.06509383  0.00000000    0.01245933  0.00000000
 -0.03301639  0.00000000    0.01245933  0.00000000    0.12324458  0.00000000

     Dynamical  Matrix in cartesian axes

     q = (   -0.583333333   0.083333333   0.250000000 ) 

    1    1
  0.12324458  0.00000000   -0.01245933  0.00000000   -0.03301639  0.00000000
 -0.01245933  0.00000000    0.06509383  0.00000000    0.01146915  0.00000000
 -0.03301639  0.00000000    0.01146915  0.00000000    0.06538393  0.00000000

     Dynamical  Matrix in cartesian axes

     q = (    0.583333333   0.083333333  -0.250000000 ) 

    1    1
  0.12324458  0.00000000    0.01245933  0.00000000   -0.03301639  0.00000000
  0.01245933  0.00000000    0.06509383  0.00000000   -0.01146915  0.00000000
 -0.03301639  0.00000000   -0.01146915  0.00000000    0.06538393  0.00000000

     Dynamical  Matrix in cartesian axes

     q = (   -0.583333333  -0.083333333  -0.250000000 ) 

    1    1
  0.12324458  0.00000000    0.01245933  0.00000000    0.03301639  0.00000000
  0.01245933  0.00000000    0.06509383  0.00000000    0.01146915  0.00000000
  0.03301639  0.00000000    0.01146915  0.00000000    0.06538393  0.00000000

     Dynamical  Matrix in cartesian axes

     q = (   -0.250000000   0.083333333   0.583333333 ) 

    1    1
  0.06538393  0.00000000   -0.01146915  0.00000000   -0.03301639  0.00000000
 -0.01146915  0.00000000    0.06509383  0.00000000    0.01245933  0.00000000
 -0.03301639  0.00000000    0.01245933  0.00000000    0.12324458  0.00000000

     Dynamical  Matrix in cartesian axes

     q = (    0.083333333   0.250000000  -0.583333333 ) 

    1    1
  0.06509383  0.00000000    0.01146915  0.00000000   -0.01245933  0.00000000
  0.01146915  0.00000000    0.06538393  0.00000000   -0.03301639  0.00000000
 -0.01245933  0.00000000   -0.03301639  0.00000000    0.12324458  0.00000000

     Dynamical  Matrix in cartesian axes

     q = (    0.250000000   0.083333333   0.583333333 ) 

    1    1
  0.06538393  0.00000000    0.01146915  0.00000000    0.03301639  0.00000000
  0.01146915  0.00000000    0.06509383  0.00000000    0.01245933  0.00000000
  0.03301639  0.00000000    0.01245933  0.00000000    0.12324458  0.00000000

     Dynamical  Matrix in cartesian axes

     q = (   -0.083333333  -0.250000000  -0.583333333 ) 

    1    1
  0.06509383  0.00000000    0.01146915  0.00000000    0.01245933  0.00000000
  0.01146915  0.00000000    0.06538393  0.00000000    0.03301639  0.00000000
  0.01245933  0.00000000    0.03301639  0.00000000    0.12324458  0.00000000

     Dynamical  Matrix in cartesian axes

     q = (   -0.083333333   0.250000000   0.583333333 ) 

    1    1
  0.06509383  0.00000000   -0.01146915  0.00000000   -0.01245933  0.00000000
 -0.01146915  0.00000000    0.06538393  0.00000000    0.03301639  0.00000000
 -0.01245933  0.00000000    0.03301639  0.00000000    0.12324458  0.00000000

     Diagonalizing the dynamical matrix

     q = (   -0.250000000   0.583333333  -0.083333333 ) 

 **************************************************************************
     freq (    1) =       4.614489 [THz] =     153.922800 [cm-1]
 (  0.875104  0.000000  0.326505  0.000000 -0.357194  0.000000 ) 
     freq (    2) =       5.296027 [THz] =     176.656456 [cm-1]
 (  0.249099  0.000000  0.328900  0.000000  0.910920  0.000000 ) 
     freq (    3) =       7.894325 [THz] =     263.326323 [cm-1]
 (  0.414901  0.000000 -0.886126  0.000000  0.206489  0.000000 ) 
 **************************************************************************
