Dynamical matrix file
                                                                           
  1    1  2  8.5720406  0.0000000  0.0000000  0.0000000  0.0000000  0.0000000
           1  'Na  '    20954.103126620943     
    1    1      0.0000000000      0.0000000000      0.0000000000

     Dynamical  Matrix in cartesian axes

     q = (    0.625000000  -0.125000000   0.875000000 ) 

    1    1
  0.03829396  0.00000000   -0.01206784  0.00000000    0.01098337  0.00000000
 -0.01206784  0.00000000    0.07843187  0.00000000   -0.00401553  0.00000000
  0.01098337  0.00000000   -0.00401553  0.00000000    0.05409646  0.00000000

     Dynamical  Matrix in cartesian axes

     q = (    0.625000000  -0.125000000  -0.875000000 ) 

    1    1
  0.03829396  0.00000000   -0.01206784  0.00000000   -0.01098337  0.00000000
 -0.01206784  0.00000000    0.07843187  0.00000000    0.00401553  0.00000000
 -0.01098337  0.00000000    0.00401553  0.00000000    0.05409646  0.00000000

     Dynamical  Matrix in cartesian axes

     q = (    0.875000000   0.125000000   0.625000000 ) 

    1    1
  0.05409646  0.00000000    0.00401553  0.00000000    0.01098337  0.00000000
  0.00401553  0.00000000    0.07843187  0.00000000    0.01206784  0.00000000
  0.01098337  0.00000000    0.01206784  0.00000000    0.03829396  0.00000000

     Dynamical  Matrix in cartesian axes

     q = (    0.625000000   0.125000000   0.875000000 ) 

    1    1
  0.03829396  0.00000000    0.01206784  0.00000000    0.01098337  0.00000000
  0.01206784  0.00000000    0.07843187  0.00000000    0.00401553  0.00000000
  0.01098337  0.00000000    0.00401553  0.00000000    0.05409646  0.00000000

     Dynamical  Matrix in cartesian axes

     q = (    0.875000000  -0.125000000  -0.625000000 ) 

    1    1
  0.05409646  0.00000000   -0.00401553  0.00000000   -0.01098337  0.00000000
 -0.00401553  0.00000000    0.07843187  0.00000000    0.01206784  0.00000000
 -0.01098337  0.00000000    0.01206784  0.00000000    0.03829396  0.00000000

     Dynamical  Matrix in cartesian axes

     q = (    0.875000000  -0.125000000   0.625000000 ) 

    1    1
  0.05409646  0.00000000   -0.00401553  0.00000000    0.01098337  0.00000000
 -0.00401553  0.00000000    0.07843187  0.00000000   -0.01206784  0.00000000
  0.01098337  0.00000000   -0.01206784  0.00000000    0.03829396  0.00000000

     Dynamical  Matrix in cartesian axes

     q = (   -0.875000000  -0.125000000   0.625000000 ) 

    1    1
  0.05409646  0.00000000    0.00401553  0.00000000   -0.01098337  0.00000000
  0.00401553  0.00000000    0.07843187  0.00000000   -0.01206784  0.00000000
 -0.01098337  0.00000000   -0.01206784  0.00000000    0.03829396  0.00000000

     Dynamical  Matrix in cartesian axes

     q = (   -0.625000000  -0.125000000  -0.875000000 ) 

    1    1
  0.03829396  0.00000000    0.01206784  0.00000000    0.01098337  0.00000000
  0.01206784  0.00000000    0.07843187  0.00000000    0.00401553  0.00000000
  0.01098337  0.00000000    0.00401553  0.00000000    0.05409646  0.00000000

     Dynamical  Matrix in cartesian axes

     q = (   -0.875000000   0.125000000  -0.625000000 ) 

    1    1
  0.05409646  0.00000000   -0.00401553  0.00000000    0.01098337  0.00000000
 -0.00401553  0.00000000    0.07843187  0.00000000   -0.01206784  0.00000000
  0.01098337  0.00000000   -0.01206784  0.00000000    0.03829396  0.00000000

     Dynamical  Matrix in cartesian axes

     q = (   -0.625000000  -0.125000000   0.875000000 ) 

    1    1
  0.03829396  0.00000000    0.01206784  0.00000000   -0.01098337  0.00000000
  0.01206784  0.00000000    0.07843187  0.00000000   -0.00401553  0.00000000
 -0.01098337  0.00000000   -0.00401553  0.00000000    0.05409646  0.00000000

     Dynamical  Matrix in cartesian axes

     q = (   -0.875000000   0.125000000   0.625000000 ) 

    1    1
  0.05409646  0.00000000   -0.00401553  0.00000000   -0.01098337  0.00000000
 -0.00401553  0.00000000    0.07843187  0.00000000    0.01206784  0.00000000
 -0.01098337  0.00000000    0.01206784  0.00000000    0.03829396  0.00000000

     Dynamical  Matrix in cartesian axes

     q = (    0.875000000   0.125000000  -0.625000000 ) 

    1    1
  0.05409646  0.00000000    0.00401553  0.00000000   -0.01098337  0.00000000
  0.00401553  0.00000000    0.07843187  0.00000000   -0.01206784  0.00000000
 -0.01098337  0.00000000   -0.01206784  0.00000000    0.03829396  0.00000000

     Dynamical  Matrix in cartesian axes

     q = (   -0.625000000   0.125000000   0.875000000 ) 

    1    1
  0.03829396  0.00000000   -0.01206784  0.00000000   -0.01098337  0.00000000
 -0.01206784  0.00000000    0.07843187  0.00000000    0.00401553  0.00000000
 -0.01098337  0.00000000    0.00401553  0.00000000    0.05409646  0.00000000

     Dynamical  Matrix in cartesian axes

     q = (   -0.875000000  -0.125000000  -0.625000000 ) 

    1    1
  0.05409646  0.00000000    0.00401553  0.00000000    0.01098337  0.00000000
  0.00401553  0.00000000    0.07843187  0.00000000    0.01206784  0.00000000
  0.01098337  0.00000000    0.01206784  0.00000000    0.03829396  0.00000000

     Dynamical  Matrix in cartesian axes

     q = (    0.625000000   0.125000000  -0.875000000 ) 

    1    1
  0.03829396  0.00000000    0.01206784  0.00000000   -0.01098337  0.00000000
  0.01206784  0.00000000    0.07843187  0.00000000   -0.00401553  0.00000000
 -0.01098337  0.00000000   -0.00401553  0.00000000    0.05409646  0.00000000

     Dynamical  Matrix in cartesian axes

     q = (   -0.625000000   0.125000000  -0.875000000 ) 

    1    1
  0.03829396  0.00000000   -0.01206784  0.00000000    0.01098337  0.00000000
 -0.01206784  0.00000000    0.07843187  0.00000000   -0.00401553  0.00000000
  0.01098337  0.00000000   -0.00401553  0.00000000    0.05409646  0.00000000

     Dynamical  Matrix in cartesian axes

     q = (   -0.125000000   0.875000000   0.625000000 ) 

    1    1
  0.07843187  0.00000000   -0.00401553  0.00000000   -0.01206784  0.00000000
 -0.00401553  0.00000000    0.05409646  0.00000000    0.01098337  0.00000000
 -0.01206784  0.00000000    0.01098337  0.00000000    0.03829396  0.00000000

     Dynamical  Matrix in cartesian axes

     q = (    0.125000000   0.875000000  -0.625000000 ) 

    1    1
  0.07843187  0.00000000    0.00401553  0.00000000   -0.01206784  0.00000000
  0.00401553  0.00000000    0.05409646  0.00000000   -0.01098337  0.00000000
 -0.01206784  0.00000000   -0.01098337  0.00000000    0.03829396  0.00000000

     Dynamical  Matrix in cartesian axes

     q = (   -0.125000000  -0.875000000  -0.625000000 ) 

    1    1
  0.07843187  0.00000000    0.00401553  0.00000000    0.01206784  0.00000000
  0.00401553  0.00000000    0.05409646  0.00000000    0.01098337  0.00000000
  0.01206784  0.00000000    0.01098337  0.00000000    0.03829396  0.00000000

     Dynamical  Matrix in cartesian axes

     q = (   -0.125000000   0.625000000  -0.875000000 ) 

    1    1
  0.07843187  0.00000000   -0.01206784  0.00000000    0.00401553  0.00000000
 -0.01206784  0.00000000    0.03829396  0.00000000   -0.01098337  0.00000000
  0.00401553  0.00000000   -0.01098337  0.00000000    0.05409646  0.00000000

     Dynamical  Matrix in cartesian axes

     q = (    0.875000000   0.625000000  -0.125000000 ) 

    1    1
  0.05409646  0.00000000    0.01098337  0.00000000   -0.00401553  0.00000000
  0.01098337  0.00000000    0.03829396  0.00000000   -0.01206784  0.00000000
 -0.00401553  0.00000000   -0.01206784  0.00000000    0.07843187  0.00000000

     Dynamical  Matrix in cartesian axes

     q = (   -0.125000000   0.875000000  -0.625000000 ) 

    1    1
  0.07843187  0.00000000   -0.00401553  0.00000000    0.01206784  0.00000000
 -0.00401553  0.00000000    0.05409646  0.00000000   -0.01098337  0.00000000
  0.01206784  0.00000000   -0.01098337  0.00000000    0.03829396  0.00000000

     Dynamical  Matrix in cartesian axes

     q = (   -0.875000000  -0.625000000  -0.125000000 ) 

    1    1
  0.05409646  0.00000000    0.01098337  0.00000000    0.00401553  0.00000000
  0.01098337  0.00000000    0.03829396  0.00000000    0.01206784  0.00000000
  0.00401553  0.00000000    0.01206784  0.00000000    0.07843187  0.00000000

     Dynamical  Matrix in cartesian axes

     q = (   -0.875000000   0.625000000   0.125000000 ) 

    1    1
  0.05409646  0.00000000   -0.01098337  0.00000000   -0.00401553  0.00000000
 -0.01098337  0.00000000    0.03829396  0.00000000    0.01206784  0.00000000
 -0.00401553  0.00000000    0.01206784  0.00000000    0.07843187  0.00000000

     Dynamical  Matrix in cartesian axes

     q = (    0.125000000  -0.625000000   0.875000000 ) 

    1    1
  0.07843187  0.00000000   -0.01206784  0.00000000    0.00401553  0.00000000
 -0.01206784  0.00000000    0.03829396  0.00000000   -0.01098337  0.00000000
  0.00401553  0.00000000   -0.01098337  0.00000000    0.05409646  0.00000000

     Dynamical  Matrix in cartesian axes

     q = (    0.125000000  -0.875000000   0.625000000 ) 

    1    1
  0.07843187  0.00000000   -0.00401553  0.00000000    0.01206784  0.00000000
 -0.00401553  0.00000000    0.05409646  0.00000000   -0.01098337  0.00000000
  0.01206784  0.00000000   -0.01098337  0.00000000    0.03829396  0.00000000

     Dynamical  Matrix in cartesian axes

     q = (    0.625000000  -0.875000000   0.125000000 ) 

    1    1
  0.03829396  0.00000000   -0.01098337  0.00000000    0.01206784  0.00000000
 -0.01098337  0.00000000    0.05409646  0.00000000   -0.00401553  0.00000000
  0.01206784  0.00000000   -0.00401553  0.00000000    0.07843187  0.00000000

     Dynamical  Matrix in cartesian axes

     q = (   -0.875000000   0.625000000  -0.125000000 ) 

    1    1
  0.05409646  0.00000000   -0.01098337  0.00000000    0.00401553  0.00000000
 -0.01098337  0.00000000    0.03829396  0.00000000   -0.01206784  0.00000000
  0.00401553  0.00000000   -0.01206784  0.00000000    0.07843187  0.00000000

     Dynamical  Matrix in cartesian axes

     q = (    0.125000000   0.625000000   0.875000000 ) 

    1    1
  0.07843187  0.00000000    0.01206784  0.00000000    0.00401553  0.00000000
  0.01206784  0.00000000    0.03829396  0.00000000    0.01098337  0.00000000
  0.00401553  0.00000000    0.01098337  0.00000000    0.05409646  0.00000000

     Dynamical  Matrix in cartesian axes

     q = (   -0.125000000   0.625000000   0.875000000 ) 

    1    1
  0.07843187  0.00000000   -0.01206784  0.00000000   -0.00401553  0.00000000
 -0.01206784  0.00000000    0.03829396  0.00000000    0.01098337  0.00000000
 -0.00401553  0.00000000    0.01098337  0.00000000    0.05409646  0.00000000

     Dynamical  Matrix in cartesian axes

     q = (    0.125000000   0.625000000  -0.875000000 ) 

    1    1
  0.07843187  0.00000000    0.01206784  0.00000000   -0.00401553  0.00000000
  0.01206784  0.00000000    0.03829396  0.00000000   -0.01098337  0.00000000
 -0.00401553  0.00000000   -0.01098337  0.00000000    0.05409646  0.00000000

     Dynamical  Matrix in cartesian axes

     q = (   -0.125000000  -0.625000000  -0.875000000 ) 

    1    1
  0.07843187  0.00000000    0.01206784  0.00000000    0.00401553  0.00000000
  0.01206784  0.00000000    0.03829396  0.00000000    0.01098337  0.00000000
  0.00401553  0.00000000    0.01098337  0.00000000    0.05409646  0.00000000

     Dynamical  Matrix in cartesian axes

     q = (   -0.625000000  -0.875000000   0.125000000 ) 

    1    1
  0.03829396  0.00000000    0.01098337  0.00000000   -0.01206784  0.00000000
  0.01098337  0.00000000    0.05409646  0.00000000   -0.00401553  0.00000000
 -0.01206784  0.00000000   -0.00401553  0.00000000    0.07843187  0.00000000

     Dynamical  Matrix in cartesian axes

     q = (   -0.125000000  -0.625000000   0.875000000 ) 

    1    1
  0.07843187  0.00000000    0.01206784  0.00000000   -0.00401553  0.00000000
  0.01206784  0.00000000    0.03829396  0.00000000   -0.01098337  0.00000000
 -0.00401553  0.00000000   -0.01098337  0.00000000    0.05409646  0.00000000

     Dynamical  Matrix in cartesian axes

     q = (    0.875000000  -0.625000000   0.125000000 ) 

    1    1
  0.05409646  0.00000000   -0.01098337  0.00000000    0.00401553  0.00000000
 -0.01098337  0.00000000    0.03829396  0.00000000   -0.01206784  0.00000000
  0.00401553  0.00000000   -0.01206784  0.00000000    0.07843187  0.00000000

     Dynamical  Matrix in cartesian axes

     q = (    0.625000000   0.875000000   0.125000000 ) 

    1    1
  0.03829396  0.00000000    0.01098337  0.00000000    0.01206784  0.00000000
  0.01098337  0.00000000    0.05409646  0.00000000    0.00401553  0.00000000
  0.01206784  0.00000000    0.00401553  0.00000000    0.07843187  0.00000000

     Dynamical  Matrix in cartesian axes

     q = (    0.125000000  -0.625000000  -0.875000000 ) 

    1    1
  0.07843187  0.00000000   -0.01206784  0.00000000   -0.00401553  0.00000000
 -0.01206784  0.00000000    0.03829396  0.00000000    0.01098337  0.00000000
 -0.00401553  0.00000000    0.01098337  0.00000000    0.05409646  0.00000000

     Dynamical  Matrix in cartesian axes

     q = (    0.625000000   0.875000000  -0.125000000 ) 

    1    1
  0.03829396  0.00000000    0.01098337  0.00000000   -0.01206784  0.00000000
  0.01098337  0.00000000    0.05409646  0.00000000   -0.00401553  0.00000000
 -0.01206784  0.00000000   -0.00401553  0.00000000    0.07843187  0.00000000

     Dynamical  Matrix in cartesian axes

     q = (   -0.625000000  -0.875000000  -0.125000000 ) 

    1    1
  0.03829396  0.00000000    0.01098337  0.00000000    0.01206784  0.00000000
  0.01098337  0.00000000    0.05409646  0.00000000    0.00401553  0.00000000
  0.01206784  0.00000000    0.00401553  0.00000000    0.07843187  0.00000000

     Dynamical  Matrix in cartesian axes

     q = (   -0.625000000   0.875000000  -0.125000000 ) 

    1    1
  0.03829396  0.00000000   -0.01098337  0.00000000    0.01206784  0.00000000
 -0.01098337  0.00000000    0.05409646  0.00000000   -0.00401553  0.00000000
  0.01206784  0.00000000   -0.00401553  0.00000000    0.07843187  0.00000000

     Dynamical  Matrix in cartesian axes

     q = (    0.125000000  -0.875000000  -0.625000000 ) 

    1    1
  0.07843187  0.00000000   -0.00401553  0.00000000   -0.01206784  0.00000000
 -0.00401553  0.00000000    0.05409646  0.00000000    0.01098337  0.00000000
 -0.01206784  0.00000000    0.01098337  0.00000000    0.03829396  0.00000000

     Dynamical  Matrix in cartesian axes

     q = (   -0.125000000  -0.875000000   0.625000000 ) 

    1    1
  0.07843187  0.00000000    0.00401553  0.00000000   -0.01206784  0.00000000
  0.00401553  0.00000000    0.05409646  0.00000000   -0.01098337  0.00000000
 -0.01206784  0.00000000   -0.01098337  0.00000000    0.03829396  0.00000000

     Dynamical  Matrix in cartesian axes

     q = (    0.125000000   0.875000000   0.625000000 ) 

    1    1
  0.07843187  0.00000000    0.00401553  0.00000000    0.01206784  0.00000000
  0.00401553  0.00000000    0.05409646  0.00000000    0.01098337  0.00000000
  0.01206784  0.00000000    0.01098337  0.00000000    0.03829396  0.00000000

     Dynamical  Matrix in cartesian axes

     q = (    0.625000000  -0.875000000  -0.125000000 ) 

    1    1
  0.03829396  0.00000000   -0.01098337  0.00000000   -0.01206784  0.00000000
 -0.01098337  0.00000000    0.05409646  0.00000000    0.00401553  0.00000000
 -0.01206784  0.00000000    0.00401553  0.00000000    0.07843187  0.00000000

     Dynamical  Matrix in cartesian axes

     q = (   -0.875000000  -0.625000000   0.125000000 ) 

    1    1
  0.05409646  0.00000000    0.01098337  0.00000000   -0.00401553  0.00000000
  0.01098337  0.00000000    0.03829396  0.00000000   -0.01206784  0.00000000
 -0.00401553  0.00000000   -0.01206784  0.00000000    0.07843187  0.00000000

     Dynamical  Matrix in cartesian axes

     q = (   -0.625000000   0.875000000   0.125000000 ) 

    1    1
  0.03829396  0.00000000   -0.01098337  0.00000000   -0.01206784  0.00000000
 -0.01098337  0.00000000    0.05409646  0.00000000    0.00401553  0.00000000
 -0.01206784  0.00000000    0.00401553  0.00000000    0.07843187  0.00000000

     Dynamical  Matrix in cartesian axes

     q = (    0.875000000   0.625000000   0.125000000 ) 

    1    1
  0.05409646  0.00000000    0.01098337  0.00000000    0.00401553  0.00000000
  0.01098337  0.00000000    0.03829396  0.00000000    0.01206784  0.00000000
  0.00401553  0.00000000    0.01206784  0.00000000    0.07843187  0.00000000

     Dynamical  Matrix in cartesian axes

     q = (    0.875000000  -0.625000000  -0.125000000 ) 

    1    1
  0.05409646  0.00000000   -0.01098337  0.00000000   -0.00401553  0.00000000
 -0.01098337  0.00000000    0.03829396  0.00000000    0.01206784  0.00000000
 -0.00401553  0.00000000    0.01206784  0.00000000    0.07843187  0.00000000

     Diagonalizing the dynamical matrix

     q = (    0.625000000  -0.125000000   0.875000000 ) 

 **************************************************************************
     freq (    1) =       3.994329 [THz] =     133.236465 [cm-1]
 ( -0.899131  0.000000 -0.195139  0.000000  0.391770 -0.000000 ) 
     freq (    2) =       5.400599 [THz] =     180.144596 [cm-1]
 (  0.314296  0.000000  0.335076  0.000000  0.888224  0.000000 ) 
     freq (    3) =       6.565878 [THz] =     219.014101 [cm-1]
 (  0.304600  0.000000 -0.921762  0.000000  0.239947  0.000000 ) 
 **************************************************************************
