Dynamical matrix file
                                                                           
  1    1  2  8.4912860  0.0000000  0.0000000  0.0000000  0.0000000  0.0000000
           1  'Na  '    20954.103126620943     
    1    1      0.0000000000      0.0000000000      0.0000000000

     Dynamical  Matrix in cartesian axes

     q = (    0.625000000  -0.125000000   0.875000000 ) 

    1    1
  0.04019719  0.00000000   -0.01279725  0.00000000    0.01179811  0.00000000
 -0.01279725  0.00000000    0.08268348  0.00000000   -0.00433132  0.00000000
  0.01179811  0.00000000   -0.00433132  0.00000000    0.05684730  0.00000000

     Dynamical  Matrix in cartesian axes

     q = (    0.625000000  -0.125000000  -0.875000000 ) 

    1    1
  0.04019719  0.00000000   -0.01279725  0.00000000   -0.01179811  0.00000000
 -0.01279725  0.00000000    0.08268348  0.00000000    0.00433132  0.00000000
 -0.01179811  0.00000000    0.00433132  0.00000000    0.05684730  0.00000000

     Dynamical  Matrix in cartesian axes

     q = (    0.875000000   0.125000000   0.625000000 ) 

    1    1
  0.05684730  0.00000000    0.00433132  0.00000000    0.01179811  0.00000000
  0.00433132  0.00000000    0.08268348  0.00000000    0.01279725  0.00000000
  0.01179811  0.00000000    0.01279725  0.00000000    0.04019719  0.00000000

     Dynamical  Matrix in cartesian axes

     q = (    0.625000000   0.125000000   0.875000000 ) 

    1    1
  0.04019719  0.00000000    0.01279725  0.00000000    0.01179811  0.00000000
  0.01279725  0.00000000    0.08268348  0.00000000    0.00433132  0.00000000
  0.01179811  0.00000000    0.00433132  0.00000000    0.05684730  0.00000000

     Dynamical  Matrix in cartesian axes

     q = (    0.875000000  -0.125000000  -0.625000000 ) 

    1    1
  0.05684730  0.00000000   -0.00433132  0.00000000   -0.01179811  0.00000000
 -0.00433132  0.00000000    0.08268348  0.00000000    0.01279725  0.00000000
 -0.01179811  0.00000000    0.01279725  0.00000000    0.04019719  0.00000000

     Dynamical  Matrix in cartesian axes

     q = (    0.875000000  -0.125000000   0.625000000 ) 

    1    1
  0.05684730  0.00000000   -0.00433132  0.00000000    0.01179811  0.00000000
 -0.00433132  0.00000000    0.08268348  0.00000000   -0.01279725  0.00000000
  0.01179811  0.00000000   -0.01279725  0.00000000    0.04019719  0.00000000

     Dynamical  Matrix in cartesian axes

     q = (   -0.875000000  -0.125000000   0.625000000 ) 

    1    1
  0.05684730  0.00000000    0.00433132  0.00000000   -0.01179811  0.00000000
  0.00433132  0.00000000    0.08268348  0.00000000   -0.01279725  0.00000000
 -0.01179811  0.00000000   -0.01279725  0.00000000    0.04019719  0.00000000

     Dynamical  Matrix in cartesian axes

     q = (   -0.625000000  -0.125000000  -0.875000000 ) 

    1    1
  0.04019719  0.00000000    0.01279725  0.00000000    0.01179811  0.00000000
  0.01279725  0.00000000    0.08268348  0.00000000    0.00433132  0.00000000
  0.01179811  0.00000000    0.00433132  0.00000000    0.05684730  0.00000000

     Dynamical  Matrix in cartesian axes

     q = (   -0.875000000   0.125000000  -0.625000000 ) 

    1    1
  0.05684730  0.00000000   -0.00433132  0.00000000    0.01179811  0.00000000
 -0.00433132  0.00000000    0.08268348  0.00000000   -0.01279725  0.00000000
  0.01179811  0.00000000   -0.01279725  0.00000000    0.04019719  0.00000000

     Dynamical  Matrix in cartesian axes

     q = (   -0.625000000  -0.125000000   0.875000000 ) 

    1    1
  0.04019719  0.00000000    0.01279725  0.00000000   -0.01179811  0.00000000
  0.01279725  0.00000000    0.08268348  0.00000000   -0.00433132  0.00000000
 -0.01179811  0.00000000   -0.00433132  0.00000000    0.05684730  0.00000000

     Dynamical  Matrix in cartesian axes

     q = (   -0.875000000   0.125000000   0.625000000 ) 

    1    1
  0.05684730  0.00000000   -0.00433132  0.00000000   -0.01179811  0.00000000
 -0.00433132  0.00000000    0.08268348  0.00000000    0.01279725  0.00000000
 -0.01179811  0.00000000    0.01279725  0.00000000    0.04019719  0.00000000

     Dynamical  Matrix in cartesian axes

     q = (    0.875000000   0.125000000  -0.625000000 ) 

    1    1
  0.05684730  0.00000000    0.00433132  0.00000000   -0.01179811  0.00000000
  0.00433132  0.00000000    0.08268348  0.00000000   -0.01279725  0.00000000
 -0.01179811  0.00000000   -0.01279725  0.00000000    0.04019719  0.00000000

     Dynamical  Matrix in cartesian axes

     q = (   -0.625000000   0.125000000   0.875000000 ) 

    1    1
  0.04019719  0.00000000   -0.01279725  0.00000000   -0.01179811  0.00000000
 -0.01279725  0.00000000    0.08268348  0.00000000    0.00433132  0.00000000
 -0.01179811  0.00000000    0.00433132  0.00000000    0.05684730  0.00000000

     Dynamical  Matrix in cartesian axes

     q = (   -0.875000000  -0.125000000  -0.625000000 ) 

    1    1
  0.05684730  0.00000000    0.00433132  0.00000000    0.01179811  0.00000000
  0.00433132  0.00000000    0.08268348  0.00000000    0.01279725  0.00000000
  0.01179811  0.00000000    0.01279725  0.00000000    0.04019719  0.00000000

     Dynamical  Matrix in cartesian axes

     q = (    0.625000000   0.125000000  -0.875000000 ) 

    1    1
  0.04019719  0.00000000    0.01279725  0.00000000   -0.01179811  0.00000000
  0.01279725  0.00000000    0.08268348  0.00000000   -0.00433132  0.00000000
 -0.01179811  0.00000000   -0.00433132  0.00000000    0.05684730  0.00000000

     Dynamical  Matrix in cartesian axes

     q = (   -0.625000000   0.125000000  -0.875000000 ) 

    1    1
  0.04019719  0.00000000   -0.01279725  0.00000000    0.01179811  0.00000000
 -0.01279725  0.00000000    0.08268348  0.00000000   -0.00433132  0.00000000
  0.01179811  0.00000000   -0.00433132  0.00000000    0.05684730  0.00000000

     Dynamical  Matrix in cartesian axes

     q = (   -0.125000000   0.875000000   0.625000000 ) 

    1    1
  0.08268348  0.00000000   -0.00433132  0.00000000   -0.01279725  0.00000000
 -0.00433132  0.00000000    0.05684730  0.00000000    0.01179811  0.00000000
 -0.01279725  0.00000000    0.01179811  0.00000000    0.04019719  0.00000000

     Dynamical  Matrix in cartesian axes

     q = (    0.125000000   0.875000000  -0.625000000 ) 

    1    1
  0.08268348  0.00000000    0.00433132  0.00000000   -0.01279725  0.00000000
  0.00433132  0.00000000    0.05684730  0.00000000   -0.01179811  0.00000000
 -0.01279725  0.00000000   -0.01179811  0.00000000    0.04019719  0.00000000

     Dynamical  Matrix in cartesian axes

     q = (   -0.125000000  -0.875000000  -0.625000000 ) 

    1    1
  0.08268348  0.00000000    0.00433132  0.00000000    0.01279725  0.00000000
  0.00433132  0.00000000    0.05684730  0.00000000    0.01179811  0.00000000
  0.01279725  0.00000000    0.01179811  0.00000000    0.04019719  0.00000000

     Dynamical  Matrix in cartesian axes

     q = (   -0.125000000   0.625000000  -0.875000000 ) 

    1    1
  0.08268348  0.00000000   -0.01279725  0.00000000    0.00433132  0.00000000
 -0.01279725  0.00000000    0.04019719  0.00000000   -0.01179811  0.00000000
  0.00433132  0.00000000   -0.01179811  0.00000000    0.05684730  0.00000000

     Dynamical  Matrix in cartesian axes

     q = (    0.875000000   0.625000000  -0.125000000 ) 

    1    1
  0.05684730  0.00000000    0.01179811  0.00000000   -0.00433132  0.00000000
  0.01179811  0.00000000    0.04019719  0.00000000   -0.01279725  0.00000000
 -0.00433132  0.00000000   -0.01279725  0.00000000    0.08268348  0.00000000

     Dynamical  Matrix in cartesian axes

     q = (   -0.125000000   0.875000000  -0.625000000 ) 

    1    1
  0.08268348  0.00000000   -0.00433132  0.00000000    0.01279725  0.00000000
 -0.00433132  0.00000000    0.05684730  0.00000000   -0.01179811  0.00000000
  0.01279725  0.00000000   -0.01179811  0.00000000    0.04019719  0.00000000

     Dynamical  Matrix in cartesian axes

     q = (   -0.875000000  -0.625000000  -0.125000000 ) 

    1    1
  0.05684730  0.00000000    0.01179811  0.00000000    0.00433132  0.00000000
  0.01179811  0.00000000    0.04019719  0.00000000    0.01279725  0.00000000
  0.00433132  0.00000000    0.01279725  0.00000000    0.08268348  0.00000000

     Dynamical  Matrix in cartesian axes

     q = (   -0.875000000   0.625000000   0.125000000 ) 

    1    1
  0.05684730  0.00000000   -0.01179811  0.00000000   -0.00433132  0.00000000
 -0.01179811  0.00000000    0.04019719  0.00000000    0.01279725  0.00000000
 -0.00433132  0.00000000    0.01279725  0.00000000    0.08268348  0.00000000

     Dynamical  Matrix in cartesian axes

     q = (    0.125000000  -0.625000000   0.875000000 ) 

    1    1
  0.08268348  0.00000000   -0.01279725  0.00000000    0.00433132  0.00000000
 -0.01279725  0.00000000    0.04019719  0.00000000   -0.01179811  0.00000000
  0.00433132  0.00000000   -0.01179811  0.00000000    0.05684730  0.00000000

     Dynamical  Matrix in cartesian axes

     q = (    0.125000000  -0.875000000   0.625000000 ) 

    1    1
  0.08268348  0.00000000   -0.00433132  0.00000000    0.01279725  0.00000000
 -0.00433132  0.00000000    0.05684730  0.00000000   -0.01179811  0.00000000
  0.01279725  0.00000000   -0.01179811  0.00000000    0.04019719  0.00000000

     Dynamical  Matrix in cartesian axes

     q = (    0.625000000  -0.875000000   0.125000000 ) 

    1    1
  0.04019719  0.00000000   -0.01179811  0.00000000    0.01279725  0.00000000
 -0.01179811  0.00000000    0.05684730  0.00000000   -0.00433132  0.00000000
  0.01279725  0.00000000   -0.00433132  0.00000000    0.08268348  0.00000000

     Dynamical  Matrix in cartesian axes

     q = (   -0.875000000   0.625000000  -0.125000000 ) 

    1    1
  0.05684730  0.00000000   -0.01179811  0.00000000    0.00433132  0.00000000
 -0.01179811  0.00000000    0.04019719  0.00000000   -0.01279725  0.00000000
  0.00433132  0.00000000   -0.01279725  0.00000000    0.08268348  0.00000000

     Dynamical  Matrix in cartesian axes

     q = (    0.125000000   0.625000000   0.875000000 ) 

    1    1
  0.08268348  0.00000000    0.01279725  0.00000000    0.00433132  0.00000000
  0.01279725  0.00000000    0.04019719  0.00000000    0.01179811  0.00000000
  0.00433132  0.00000000    0.01179811  0.00000000    0.05684730  0.00000000

     Dynamical  Matrix in cartesian axes

     q = (   -0.125000000   0.625000000   0.875000000 ) 

    1    1
  0.08268348  0.00000000   -0.01279725  0.00000000   -0.00433132  0.00000000
 -0.01279725  0.00000000    0.04019719  0.00000000    0.01179811  0.00000000
 -0.00433132  0.00000000    0.01179811  0.00000000    0.05684730  0.00000000

     Dynamical  Matrix in cartesian axes

     q = (    0.125000000   0.625000000  -0.875000000 ) 

    1    1
  0.08268348  0.00000000    0.01279725  0.00000000   -0.00433132  0.00000000
  0.01279725  0.00000000    0.04019719  0.00000000   -0.01179811  0.00000000
 -0.00433132  0.00000000   -0.01179811  0.00000000    0.05684730  0.00000000

     Dynamical  Matrix in cartesian axes

     q = (   -0.125000000  -0.625000000  -0.875000000 ) 

    1    1
  0.08268348  0.00000000    0.01279725  0.00000000    0.00433132  0.00000000
  0.01279725  0.00000000    0.04019719  0.00000000    0.01179811  0.00000000
  0.00433132  0.00000000    0.01179811  0.00000000    0.05684730  0.00000000

     Dynamical  Matrix in cartesian axes

     q = (   -0.625000000  -0.875000000   0.125000000 ) 

    1    1
  0.04019719  0.00000000    0.01179811  0.00000000   -0.01279725  0.00000000
  0.01179811  0.00000000    0.05684730  0.00000000   -0.00433132  0.00000000
 -0.01279725  0.00000000   -0.00433132  0.00000000    0.08268348  0.00000000

     Dynamical  Matrix in cartesian axes

     q = (   -0.125000000  -0.625000000   0.875000000 ) 

    1    1
  0.08268348  0.00000000    0.01279725  0.00000000   -0.00433132  0.00000000
  0.01279725  0.00000000    0.04019719  0.00000000   -0.01179811  0.00000000
 -0.00433132  0.00000000   -0.01179811  0.00000000    0.05684730  0.00000000

     Dynamical  Matrix in cartesian axes

     q = (    0.875000000  -0.625000000   0.125000000 ) 

    1    1
  0.05684730  0.00000000   -0.01179811  0.00000000    0.00433132  0.00000000
 -0.01179811  0.00000000    0.04019719  0.00000000   -0.01279725  0.00000000
  0.00433132  0.00000000   -0.01279725  0.00000000    0.08268348  0.00000000

     Dynamical  Matrix in cartesian axes

     q = (    0.625000000   0.875000000   0.125000000 ) 

    1    1
  0.04019719  0.00000000    0.01179811  0.00000000    0.01279725  0.00000000
  0.01179811  0.00000000    0.05684730  0.00000000    0.00433132  0.00000000
  0.01279725  0.00000000    0.00433132  0.00000000    0.08268348  0.00000000

     Dynamical  Matrix in cartesian axes

     q = (    0.125000000  -0.625000000  -0.875000000 ) 

    1    1
  0.08268348  0.00000000   -0.01279725  0.00000000   -0.00433132  0.00000000
 -0.01279725  0.00000000    0.04019719  0.00000000    0.01179811  0.00000000
 -0.00433132  0.00000000    0.01179811  0.00000000    0.05684730  0.00000000

     Dynamical  Matrix in cartesian axes

     q = (    0.625000000   0.875000000  -0.125000000 ) 

    1    1
  0.04019719  0.00000000    0.01179811  0.00000000   -0.01279725  0.00000000
  0.01179811  0.00000000    0.05684730  0.00000000   -0.00433132  0.00000000
 -0.01279725  0.00000000   -0.00433132  0.00000000    0.08268348  0.00000000

     Dynamical  Matrix in cartesian axes

     q = (   -0.625000000  -0.875000000  -0.125000000 ) 

    1    1
  0.04019719  0.00000000    0.01179811  0.00000000    0.01279725  0.00000000
  0.01179811  0.00000000    0.05684730  0.00000000    0.00433132  0.00000000
  0.01279725  0.00000000    0.00433132  0.00000000    0.08268348  0.00000000

     Dynamical  Matrix in cartesian axes

     q = (   -0.625000000   0.875000000  -0.125000000 ) 

    1    1
  0.04019719  0.00000000   -0.01179811  0.00000000    0.01279725  0.00000000
 -0.01179811  0.00000000    0.05684730  0.00000000   -0.00433132  0.00000000
  0.01279725  0.00000000   -0.00433132  0.00000000    0.08268348  0.00000000

     Dynamical  Matrix in cartesian axes

     q = (    0.125000000  -0.875000000  -0.625000000 ) 

    1    1
  0.08268348  0.00000000   -0.00433132  0.00000000   -0.01279725  0.00000000
 -0.00433132  0.00000000    0.05684730  0.00000000    0.01179811  0.00000000
 -0.01279725  0.00000000    0.01179811  0.00000000    0.04019719  0.00000000

     Dynamical  Matrix in cartesian axes

     q = (   -0.125000000  -0.875000000   0.625000000 ) 

    1    1
  0.08268348  0.00000000    0.00433132  0.00000000   -0.01279725  0.00000000
  0.00433132  0.00000000    0.05684730  0.00000000   -0.01179811  0.00000000
 -0.01279725  0.00000000   -0.01179811  0.00000000    0.04019719  0.00000000

     Dynamical  Matrix in cartesian axes

     q = (    0.125000000   0.875000000   0.625000000 ) 

    1    1
  0.08268348  0.00000000    0.00433132  0.00000000    0.01279725  0.00000000
  0.00433132  0.00000000    0.05684730  0.00000000    0.01179811  0.00000000
  0.01279725  0.00000000    0.01179811  0.00000000    0.04019719  0.00000000

     Dynamical  Matrix in cartesian axes

     q = (    0.625000000  -0.875000000  -0.125000000 ) 

    1    1
  0.04019719  0.00000000   -0.01179811  0.00000000   -0.01279725  0.00000000
 -0.01179811  0.00000000    0.05684730  0.00000000    0.00433132  0.00000000
 -0.01279725  0.00000000    0.00433132  0.00000000    0.08268348  0.00000000

     Dynamical  Matrix in cartesian axes

     q = (   -0.875000000  -0.625000000   0.125000000 ) 

    1    1
  0.05684730  0.00000000    0.01179811  0.00000000   -0.00433132  0.00000000
  0.01179811  0.00000000    0.04019719  0.00000000   -0.01279725  0.00000000
 -0.00433132  0.00000000   -0.01279725  0.00000000    0.08268348  0.00000000

     Dynamical  Matrix in cartesian axes

     q = (   -0.625000000   0.875000000   0.125000000 ) 

    1    1
  0.04019719  0.00000000   -0.01179811  0.00000000   -0.01279725  0.00000000
 -0.01179811  0.00000000    0.05684730  0.00000000    0.00433132  0.00000000
 -0.01279725  0.00000000    0.00433132  0.00000000    0.08268348  0.00000000

     Dynamical  Matrix in cartesian axes

     q = (    0.875000000   0.625000000   0.125000000 ) 

    1    1
  0.05684730  0.00000000    0.01179811  0.00000000    0.00433132  0.00000000
  0.01179811  0.00000000    0.04019719  0.00000000    0.01279725  0.00000000
  0.00433132  0.00000000    0.01279725  0.00000000    0.08268348  0.00000000

     Dynamical  Matrix in cartesian axes

     q = (    0.875000000  -0.625000000  -0.125000000 ) 

    1    1
  0.05684730  0.00000000   -0.01179811  0.00000000   -0.00433132  0.00000000
 -0.01179811  0.00000000    0.04019719  0.00000000    0.01279725  0.00000000
 -0.00433132  0.00000000    0.01279725  0.00000000    0.08268348  0.00000000

     Diagonalizing the dynamical matrix

     q = (    0.625000000  -0.125000000   0.875000000 ) 

 **************************************************************************
     freq (    1) =       4.080076 [THz] =     136.096691 [cm-1]
 ( -0.897559  0.000000 -0.193657  0.000000  0.396086 -0.000000 ) 
     freq (    2) =       5.539832 [THz] =     184.788897 [cm-1]
 (  0.317487  0.000000  0.339461  0.000000  0.885420  0.000000 ) 
     freq (    3) =       6.745000 [THz] =     224.988970 [cm-1]
 (  0.305923  0.000000 -0.920469  0.000000  0.243203  0.000000 ) 
 **************************************************************************
