Dynamical matrix file
                                                                           
  1    1  3  6.7397750  0.0000000  0.0000000  0.0000000  0.0000000  0.0000000
           1  'Na  '    20954.103126620943     
    1    1      0.0000000000      0.0000000000      0.0000000000

     Dynamical  Matrix in cartesian axes

     q = (   -0.125000000  -0.250000000   0.375000000 ) 

    1    1
  0.02641514  0.00000000    0.00511880  0.00000000   -0.01170958  0.00000000
  0.00511880  0.00000000    0.03832138  0.00000000   -0.02790208  0.00000000
 -0.01170958  0.00000000   -0.02790208  0.00000000    0.04450517  0.00000000

     Dynamical  Matrix in cartesian axes

     q = (   -0.250000000  -0.125000000   0.375000000 ) 

    1    1
  0.03832138  0.00000000    0.00511880  0.00000000   -0.02790208  0.00000000
  0.00511880  0.00000000    0.02641514  0.00000000   -0.01170958  0.00000000
 -0.02790208  0.00000000   -0.01170958  0.00000000    0.04450517  0.00000000

     Dynamical  Matrix in cartesian axes

     q = (   -0.125000000  -0.375000000   0.250000000 ) 

    1    1
  0.02641514  0.00000000    0.01170958  0.00000000   -0.00511880  0.00000000
  0.01170958  0.00000000    0.04450517  0.00000000   -0.02790208  0.00000000
 -0.00511880  0.00000000   -0.02790208  0.00000000    0.03832138  0.00000000

     Dynamical  Matrix in cartesian axes

     q = (    0.125000000  -0.375000000   0.250000000 ) 

    1    1
  0.02641514  0.00000000   -0.01170958  0.00000000    0.00511880  0.00000000
 -0.01170958  0.00000000    0.04450517  0.00000000   -0.02790208  0.00000000
  0.00511880  0.00000000   -0.02790208  0.00000000    0.03832138  0.00000000

     Dynamical  Matrix in cartesian axes

     q = (   -0.125000000   0.250000000  -0.375000000 ) 

    1    1
  0.02641514  0.00000000   -0.00511880  0.00000000    0.01170958  0.00000000
 -0.00511880  0.00000000    0.03832138  0.00000000   -0.02790208  0.00000000
  0.01170958  0.00000000   -0.02790208  0.00000000    0.04450517  0.00000000

     Dynamical  Matrix in cartesian axes

     q = (   -0.125000000   0.375000000  -0.250000000 ) 

    1    1
  0.02641514  0.00000000   -0.01170958  0.00000000    0.00511880  0.00000000
 -0.01170958  0.00000000    0.04450517  0.00000000   -0.02790208  0.00000000
  0.00511880  0.00000000   -0.02790208  0.00000000    0.03832138  0.00000000

     Dynamical  Matrix in cartesian axes

     q = (    0.125000000   0.250000000  -0.375000000 ) 

    1    1
  0.02641514  0.00000000    0.00511880  0.00000000   -0.01170958  0.00000000
  0.00511880  0.00000000    0.03832138  0.00000000   -0.02790208  0.00000000
 -0.01170958  0.00000000   -0.02790208  0.00000000    0.04450517  0.00000000

     Dynamical  Matrix in cartesian axes

     q = (    0.125000000   0.375000000  -0.250000000 ) 

    1    1
  0.02641514  0.00000000    0.01170958  0.00000000   -0.00511880  0.00000000
  0.01170958  0.00000000    0.04450517  0.00000000   -0.02790208  0.00000000
 -0.00511880  0.00000000   -0.02790208  0.00000000    0.03832138  0.00000000

     Dynamical  Matrix in cartesian axes

     q = (    0.250000000  -0.375000000  -0.125000000 ) 

    1    1
  0.03832138  0.00000000   -0.02790208  0.00000000   -0.00511880  0.00000000
 -0.02790208  0.00000000    0.04450517  0.00000000    0.01170958  0.00000000
 -0.00511880  0.00000000    0.01170958  0.00000000    0.02641514  0.00000000

     Dynamical  Matrix in cartesian axes

     q = (   -0.375000000   0.125000000  -0.250000000 ) 

    1    1
  0.04450517  0.00000000   -0.01170958  0.00000000    0.02790208  0.00000000
 -0.01170958  0.00000000    0.02641514  0.00000000   -0.00511880  0.00000000
  0.02790208  0.00000000   -0.00511880  0.00000000    0.03832138  0.00000000

     Dynamical  Matrix in cartesian axes

     q = (    0.375000000   0.125000000   0.250000000 ) 

    1    1
  0.04450517  0.00000000    0.01170958  0.00000000    0.02790208  0.00000000
  0.01170958  0.00000000    0.02641514  0.00000000    0.00511880  0.00000000
  0.02790208  0.00000000    0.00511880  0.00000000    0.03832138  0.00000000

     Dynamical  Matrix in cartesian axes

     q = (    0.250000000   0.125000000   0.375000000 ) 

    1    1
  0.03832138  0.00000000    0.00511880  0.00000000    0.02790208  0.00000000
  0.00511880  0.00000000    0.02641514  0.00000000    0.01170958  0.00000000
  0.02790208  0.00000000    0.01170958  0.00000000    0.04450517  0.00000000

     Dynamical  Matrix in cartesian axes

     q = (   -0.375000000  -0.125000000   0.250000000 ) 

    1    1
  0.04450517  0.00000000    0.01170958  0.00000000   -0.02790208  0.00000000
  0.01170958  0.00000000    0.02641514  0.00000000   -0.00511880  0.00000000
 -0.02790208  0.00000000   -0.00511880  0.00000000    0.03832138  0.00000000

     Dynamical  Matrix in cartesian axes

     q = (    0.375000000  -0.125000000  -0.250000000 ) 

    1    1
  0.04450517  0.00000000   -0.01170958  0.00000000   -0.02790208  0.00000000
 -0.01170958  0.00000000    0.02641514  0.00000000    0.00511880  0.00000000
 -0.02790208  0.00000000    0.00511880  0.00000000    0.03832138  0.00000000

     Dynamical  Matrix in cartesian axes

     q = (    0.125000000  -0.250000000  -0.375000000 ) 

    1    1
  0.02641514  0.00000000   -0.00511880  0.00000000   -0.01170958  0.00000000
 -0.00511880  0.00000000    0.03832138  0.00000000    0.02790208  0.00000000
 -0.01170958  0.00000000    0.02790208  0.00000000    0.04450517  0.00000000

     Dynamical  Matrix in cartesian axes

     q = (    0.250000000  -0.125000000  -0.375000000 ) 

    1    1
  0.03832138  0.00000000   -0.00511880  0.00000000   -0.02790208  0.00000000
 -0.00511880  0.00000000    0.02641514  0.00000000    0.01170958  0.00000000
 -0.02790208  0.00000000    0.01170958  0.00000000    0.04450517  0.00000000

     Dynamical  Matrix in cartesian axes

     q = (   -0.250000000   0.125000000  -0.375000000 ) 

    1    1
  0.03832138  0.00000000   -0.00511880  0.00000000    0.02790208  0.00000000
 -0.00511880  0.00000000    0.02641514  0.00000000   -0.01170958  0.00000000
  0.02790208  0.00000000   -0.01170958  0.00000000    0.04450517  0.00000000

     Dynamical  Matrix in cartesian axes

     q = (   -0.375000000  -0.250000000   0.125000000 ) 

    1    1
  0.04450517  0.00000000    0.02790208  0.00000000   -0.01170958  0.00000000
  0.02790208  0.00000000    0.03832138  0.00000000   -0.00511880  0.00000000
 -0.01170958  0.00000000   -0.00511880  0.00000000    0.02641514  0.00000000

     Dynamical  Matrix in cartesian axes

     q = (   -0.375000000   0.250000000  -0.125000000 ) 

    1    1
  0.04450517  0.00000000   -0.02790208  0.00000000    0.01170958  0.00000000
 -0.02790208  0.00000000    0.03832138  0.00000000   -0.00511880  0.00000000
  0.01170958  0.00000000   -0.00511880  0.00000000    0.02641514  0.00000000

     Dynamical  Matrix in cartesian axes

     q = (    0.375000000   0.250000000   0.125000000 ) 

    1    1
  0.04450517  0.00000000    0.02790208  0.00000000    0.01170958  0.00000000
  0.02790208  0.00000000    0.03832138  0.00000000    0.00511880  0.00000000
  0.01170958  0.00000000    0.00511880  0.00000000    0.02641514  0.00000000

     Dynamical  Matrix in cartesian axes

     q = (    0.250000000  -0.125000000   0.375000000 ) 

    1    1
  0.03832138  0.00000000   -0.00511880  0.00000000    0.02790208  0.00000000
 -0.00511880  0.00000000    0.02641514  0.00000000   -0.01170958  0.00000000
  0.02790208  0.00000000   -0.01170958  0.00000000    0.04450517  0.00000000

     Dynamical  Matrix in cartesian axes

     q = (   -0.250000000   0.375000000  -0.125000000 ) 

    1    1
  0.03832138  0.00000000   -0.02790208  0.00000000    0.00511880  0.00000000
 -0.02790208  0.00000000    0.04450517  0.00000000   -0.01170958  0.00000000
  0.00511880  0.00000000   -0.01170958  0.00000000    0.02641514  0.00000000

     Dynamical  Matrix in cartesian axes

     q = (    0.125000000  -0.375000000  -0.250000000 ) 

    1    1
  0.02641514  0.00000000   -0.01170958  0.00000000   -0.00511880  0.00000000
 -0.01170958  0.00000000    0.04450517  0.00000000    0.02790208  0.00000000
 -0.00511880  0.00000000    0.02790208  0.00000000    0.03832138  0.00000000

     Dynamical  Matrix in cartesian axes

     q = (    0.125000000   0.375000000   0.250000000 ) 

    1    1
  0.02641514  0.00000000    0.01170958  0.00000000    0.00511880  0.00000000
  0.01170958  0.00000000    0.04450517  0.00000000    0.02790208  0.00000000
  0.00511880  0.00000000    0.02790208  0.00000000    0.03832138  0.00000000

     Dynamical  Matrix in cartesian axes

     q = (    0.250000000   0.125000000  -0.375000000 ) 

    1    1
  0.03832138  0.00000000    0.00511880  0.00000000   -0.02790208  0.00000000
  0.00511880  0.00000000    0.02641514  0.00000000   -0.01170958  0.00000000
 -0.02790208  0.00000000   -0.01170958  0.00000000    0.04450517  0.00000000

     Dynamical  Matrix in cartesian axes

     q = (   -0.125000000  -0.250000000  -0.375000000 ) 

    1    1
  0.02641514  0.00000000    0.00511880  0.00000000    0.01170958  0.00000000
  0.00511880  0.00000000    0.03832138  0.00000000    0.02790208  0.00000000
  0.01170958  0.00000000    0.02790208  0.00000000    0.04450517  0.00000000

     Dynamical  Matrix in cartesian axes

     q = (   -0.250000000   0.125000000   0.375000000 ) 

    1    1
  0.03832138  0.00000000   -0.00511880  0.00000000   -0.02790208  0.00000000
 -0.00511880  0.00000000    0.02641514  0.00000000    0.01170958  0.00000000
 -0.02790208  0.00000000    0.01170958  0.00000000    0.04450517  0.00000000

     Dynamical  Matrix in cartesian axes

     q = (   -0.125000000   0.375000000   0.250000000 ) 

    1    1
  0.02641514  0.00000000   -0.01170958  0.00000000   -0.00511880  0.00000000
 -0.01170958  0.00000000    0.04450517  0.00000000    0.02790208  0.00000000
 -0.00511880  0.00000000    0.02790208  0.00000000    0.03832138  0.00000000

     Dynamical  Matrix in cartesian axes

     q = (   -0.125000000   0.250000000   0.375000000 ) 

    1    1
  0.02641514  0.00000000   -0.00511880  0.00000000   -0.01170958  0.00000000
 -0.00511880  0.00000000    0.03832138  0.00000000    0.02790208  0.00000000
 -0.01170958  0.00000000    0.02790208  0.00000000    0.04450517  0.00000000

     Dynamical  Matrix in cartesian axes

     q = (    0.125000000  -0.250000000   0.375000000 ) 

    1    1
  0.02641514  0.00000000   -0.00511880  0.00000000    0.01170958  0.00000000
 -0.00511880  0.00000000    0.03832138  0.00000000   -0.02790208  0.00000000
  0.01170958  0.00000000   -0.02790208  0.00000000    0.04450517  0.00000000

     Dynamical  Matrix in cartesian axes

     q = (   -0.125000000  -0.375000000  -0.250000000 ) 

    1    1
  0.02641514  0.00000000    0.01170958  0.00000000    0.00511880  0.00000000
  0.01170958  0.00000000    0.04450517  0.00000000    0.02790208  0.00000000
  0.00511880  0.00000000    0.02790208  0.00000000    0.03832138  0.00000000

     Dynamical  Matrix in cartesian axes

     q = (    0.125000000   0.250000000   0.375000000 ) 

    1    1
  0.02641514  0.00000000    0.00511880  0.00000000    0.01170958  0.00000000
  0.00511880  0.00000000    0.03832138  0.00000000    0.02790208  0.00000000
  0.01170958  0.00000000    0.02790208  0.00000000    0.04450517  0.00000000

     Dynamical  Matrix in cartesian axes

     q = (    0.375000000  -0.250000000  -0.125000000 ) 

    1    1
  0.04450517  0.00000000   -0.02790208  0.00000000   -0.01170958  0.00000000
 -0.02790208  0.00000000    0.03832138  0.00000000    0.00511880  0.00000000
 -0.01170958  0.00000000    0.00511880  0.00000000    0.02641514  0.00000000

     Dynamical  Matrix in cartesian axes

     q = (    0.250000000   0.375000000   0.125000000 ) 

    1    1
  0.03832138  0.00000000    0.02790208  0.00000000    0.00511880  0.00000000
  0.02790208  0.00000000    0.04450517  0.00000000    0.01170958  0.00000000
  0.00511880  0.00000000    0.01170958  0.00000000    0.02641514  0.00000000

     Dynamical  Matrix in cartesian axes

     q = (   -0.250000000  -0.375000000   0.125000000 ) 

    1    1
  0.03832138  0.00000000    0.02790208  0.00000000   -0.00511880  0.00000000
  0.02790208  0.00000000    0.04450517  0.00000000   -0.01170958  0.00000000
 -0.00511880  0.00000000   -0.01170958  0.00000000    0.02641514  0.00000000

     Dynamical  Matrix in cartesian axes

     q = (    0.375000000   0.250000000  -0.125000000 ) 

    1    1
  0.04450517  0.00000000    0.02790208  0.00000000   -0.01170958  0.00000000
  0.02790208  0.00000000    0.03832138  0.00000000   -0.00511880  0.00000000
 -0.01170958  0.00000000   -0.00511880  0.00000000    0.02641514  0.00000000

     Dynamical  Matrix in cartesian axes

     q = (   -0.375000000   0.250000000   0.125000000 ) 

    1    1
  0.04450517  0.00000000   -0.02790208  0.00000000   -0.01170958  0.00000000
 -0.02790208  0.00000000    0.03832138  0.00000000    0.00511880  0.00000000
 -0.01170958  0.00000000    0.00511880  0.00000000    0.02641514  0.00000000

     Dynamical  Matrix in cartesian axes

     q = (    0.375000000  -0.250000000   0.125000000 ) 

    1    1
  0.04450517  0.00000000   -0.02790208  0.00000000    0.01170958  0.00000000
 -0.02790208  0.00000000    0.03832138  0.00000000   -0.00511880  0.00000000
  0.01170958  0.00000000   -0.00511880  0.00000000    0.02641514  0.00000000

     Dynamical  Matrix in cartesian axes

     q = (   -0.375000000  -0.250000000  -0.125000000 ) 

    1    1
  0.04450517  0.00000000    0.02790208  0.00000000    0.01170958  0.00000000
  0.02790208  0.00000000    0.03832138  0.00000000    0.00511880  0.00000000
  0.01170958  0.00000000    0.00511880  0.00000000    0.02641514  0.00000000

     Dynamical  Matrix in cartesian axes

     q = (   -0.250000000  -0.125000000  -0.375000000 ) 

    1    1
  0.03832138  0.00000000    0.00511880  0.00000000    0.02790208  0.00000000
  0.00511880  0.00000000    0.02641514  0.00000000    0.01170958  0.00000000
  0.02790208  0.00000000    0.01170958  0.00000000    0.04450517  0.00000000

     Dynamical  Matrix in cartesian axes

     q = (    0.250000000  -0.375000000   0.125000000 ) 

    1    1
  0.03832138  0.00000000   -0.02790208  0.00000000    0.00511880  0.00000000
 -0.02790208  0.00000000    0.04450517  0.00000000   -0.01170958  0.00000000
  0.00511880  0.00000000   -0.01170958  0.00000000    0.02641514  0.00000000

     Dynamical  Matrix in cartesian axes

     q = (   -0.250000000  -0.375000000  -0.125000000 ) 

    1    1
  0.03832138  0.00000000    0.02790208  0.00000000    0.00511880  0.00000000
  0.02790208  0.00000000    0.04450517  0.00000000    0.01170958  0.00000000
  0.00511880  0.00000000    0.01170958  0.00000000    0.02641514  0.00000000

     Dynamical  Matrix in cartesian axes

     q = (    0.250000000   0.375000000  -0.125000000 ) 

    1    1
  0.03832138  0.00000000    0.02790208  0.00000000   -0.00511880  0.00000000
  0.02790208  0.00000000    0.04450517  0.00000000   -0.01170958  0.00000000
 -0.00511880  0.00000000   -0.01170958  0.00000000    0.02641514  0.00000000

     Dynamical  Matrix in cartesian axes

     q = (   -0.250000000   0.375000000   0.125000000 ) 

    1    1
  0.03832138  0.00000000   -0.02790208  0.00000000   -0.00511880  0.00000000
 -0.02790208  0.00000000    0.04450517  0.00000000    0.01170958  0.00000000
 -0.00511880  0.00000000    0.01170958  0.00000000    0.02641514  0.00000000

     Dynamical  Matrix in cartesian axes

     q = (   -0.375000000   0.125000000   0.250000000 ) 

    1    1
  0.04450517  0.00000000   -0.01170958  0.00000000   -0.02790208  0.00000000
 -0.01170958  0.00000000    0.02641514  0.00000000    0.00511880  0.00000000
 -0.02790208  0.00000000    0.00511880  0.00000000    0.03832138  0.00000000

     Dynamical  Matrix in cartesian axes

     q = (   -0.375000000  -0.125000000  -0.250000000 ) 

    1    1
  0.04450517  0.00000000    0.01170958  0.00000000    0.02790208  0.00000000
  0.01170958  0.00000000    0.02641514  0.00000000    0.00511880  0.00000000
  0.02790208  0.00000000    0.00511880  0.00000000    0.03832138  0.00000000

     Dynamical  Matrix in cartesian axes

     q = (    0.375000000  -0.125000000   0.250000000 ) 

    1    1
  0.04450517  0.00000000   -0.01170958  0.00000000    0.02790208  0.00000000
 -0.01170958  0.00000000    0.02641514  0.00000000   -0.00511880  0.00000000
  0.02790208  0.00000000   -0.00511880  0.00000000    0.03832138  0.00000000

     Dynamical  Matrix in cartesian axes

     q = (    0.375000000   0.125000000  -0.250000000 ) 

    1    1
  0.04450517  0.00000000    0.01170958  0.00000000   -0.02790208  0.00000000
  0.01170958  0.00000000    0.02641514  0.00000000   -0.00511880  0.00000000
 -0.02790208  0.00000000   -0.00511880  0.00000000    0.03832138  0.00000000

     Diagonalizing the dynamical matrix

     q = (   -0.125000000  -0.250000000   0.375000000 ) 

 **************************************************************************
     freq (    1) =       2.488910 [THz] =      83.021093 [cm-1]
 (  0.318664 -0.000000  0.659531 -0.000000  0.680788  0.000000 ) 
     freq (    2) =       3.561646 [THz] =     118.803706 [cm-1]
 (  0.912900  0.000000 -0.406833  0.000000 -0.033181  0.000000 ) 
     freq (    3) =       6.127375 [THz] =     204.387239 [cm-1]
 ( -0.255083  0.000000 -0.632064  0.000000  0.731729  0.000000 ) 
 **************************************************************************
