Dynamical matrix file
                                                                           
  1    1  3  7.1500000  0.0000000  0.0000000  0.0000000  0.0000000  0.0000000
           1  'Na  '    20954.103126620943     
    1    1      0.0000000000      0.0000000000      0.0000000000

     Dynamical  Matrix in cartesian axes

     q = (   -0.166666667   0.666666667  -0.500000000 ) 

    1    1
  0.02585300  0.00000000   -0.00086347  0.00000000   -0.00823623  0.00000000
 -0.00086347  0.00000000    0.03357731  0.00000000   -0.02478278  0.00000000
 -0.00823623  0.00000000   -0.02478278  0.00000000    0.03650532  0.00000000

     Dynamical  Matrix in cartesian axes

     q = (    0.666666667  -0.166666667  -0.500000000 ) 

    1    1
  0.03357731  0.00000000   -0.00086347  0.00000000   -0.02478278  0.00000000
 -0.00086347  0.00000000    0.02585300  0.00000000   -0.00823623  0.00000000
 -0.02478278  0.00000000   -0.00823623  0.00000000    0.03650532  0.00000000

     Dynamical  Matrix in cartesian axes

     q = (   -0.166666667   0.500000000  -0.666666667 ) 

    1    1
  0.02585300  0.00000000    0.00823623  0.00000000    0.00086347  0.00000000
  0.00823623  0.00000000    0.03650532  0.00000000   -0.02478278  0.00000000
  0.00086347  0.00000000   -0.02478278  0.00000000    0.03357731  0.00000000

     Dynamical  Matrix in cartesian axes

     q = (    0.166666667   0.500000000  -0.666666667 ) 

    1    1
  0.02585300  0.00000000   -0.00823623  0.00000000   -0.00086347  0.00000000
 -0.00823623  0.00000000    0.03650532  0.00000000   -0.02478278  0.00000000
 -0.00086347  0.00000000   -0.02478278  0.00000000    0.03357731  0.00000000

     Dynamical  Matrix in cartesian axes

     q = (   -0.166666667  -0.500000000   0.666666667 ) 

    1    1
  0.02585300  0.00000000   -0.00823623  0.00000000   -0.00086347  0.00000000
 -0.00823623  0.00000000    0.03650532  0.00000000   -0.02478278  0.00000000
 -0.00086347  0.00000000   -0.02478278  0.00000000    0.03357731  0.00000000

     Dynamical  Matrix in cartesian axes

     q = (    0.166666667  -0.500000000   0.666666667 ) 

    1    1
  0.02585300  0.00000000    0.00823623  0.00000000    0.00086347  0.00000000
  0.00823623  0.00000000    0.03650532  0.00000000   -0.02478278  0.00000000
  0.00086347  0.00000000   -0.02478278  0.00000000    0.03357731  0.00000000

     Dynamical  Matrix in cartesian axes

     q = (    0.166666667  -0.666666667   0.500000000 ) 

    1    1
  0.02585300  0.00000000   -0.00086347  0.00000000   -0.00823623  0.00000000
 -0.00086347  0.00000000    0.03357731  0.00000000   -0.02478278  0.00000000
 -0.00823623  0.00000000   -0.02478278  0.00000000    0.03650532  0.00000000

     Dynamical  Matrix in cartesian axes

     q = (   -0.166666667  -0.666666667   0.500000000 ) 

    1    1
  0.02585300  0.00000000    0.00086347  0.00000000    0.00823623  0.00000000
  0.00086347  0.00000000    0.03357731  0.00000000   -0.02478278  0.00000000
  0.00823623  0.00000000   -0.02478278  0.00000000    0.03650532  0.00000000

     Dynamical  Matrix in cartesian axes

     q = (   -0.500000000  -0.666666667  -0.166666667 ) 

    1    1
  0.03650532  0.00000000    0.02478278  0.00000000   -0.00823623  0.00000000
  0.02478278  0.00000000    0.03357731  0.00000000    0.00086347  0.00000000
 -0.00823623  0.00000000    0.00086347  0.00000000    0.02585300  0.00000000

     Dynamical  Matrix in cartesian axes

     q = (    0.500000000  -0.666666667   0.166666667 ) 

    1    1
  0.03650532  0.00000000   -0.02478278  0.00000000   -0.00823623  0.00000000
 -0.02478278  0.00000000    0.03357731  0.00000000   -0.00086347  0.00000000
 -0.00823623  0.00000000   -0.00086347  0.00000000    0.02585300  0.00000000

     Dynamical  Matrix in cartesian axes

     q = (   -0.500000000   0.666666667   0.166666667 ) 

    1    1
  0.03650532  0.00000000   -0.02478278  0.00000000    0.00823623  0.00000000
 -0.02478278  0.00000000    0.03357731  0.00000000    0.00086347  0.00000000
  0.00823623  0.00000000    0.00086347  0.00000000    0.02585300  0.00000000

     Dynamical  Matrix in cartesian axes

     q = (    0.500000000   0.666666667  -0.166666667 ) 

    1    1
  0.03650532  0.00000000    0.02478278  0.00000000    0.00823623  0.00000000
  0.02478278  0.00000000    0.03357731  0.00000000   -0.00086347  0.00000000
  0.00823623  0.00000000   -0.00086347  0.00000000    0.02585300  0.00000000

     Dynamical  Matrix in cartesian axes

     q = (    0.666666667  -0.166666667   0.500000000 ) 

    1    1
  0.03357731  0.00000000   -0.00086347  0.00000000    0.02478278  0.00000000
 -0.00086347  0.00000000    0.02585300  0.00000000    0.00823623  0.00000000
  0.02478278  0.00000000    0.00823623  0.00000000    0.03650532  0.00000000

     Dynamical  Matrix in cartesian axes

     q = (    0.666666667  -0.500000000  -0.166666667 ) 

    1    1
  0.03357731  0.00000000   -0.02478278  0.00000000   -0.00086347  0.00000000
 -0.02478278  0.00000000    0.03650532  0.00000000   -0.00823623  0.00000000
 -0.00086347  0.00000000   -0.00823623  0.00000000    0.02585300  0.00000000

     Dynamical  Matrix in cartesian axes

     q = (   -0.166666667  -0.500000000  -0.666666667 ) 

    1    1
  0.02585300  0.00000000   -0.00823623  0.00000000    0.00086347  0.00000000
 -0.00823623  0.00000000    0.03650532  0.00000000    0.02478278  0.00000000
  0.00086347  0.00000000    0.02478278  0.00000000    0.03357731  0.00000000

     Dynamical  Matrix in cartesian axes

     q = (   -0.166666667   0.500000000   0.666666667 ) 

    1    1
  0.02585300  0.00000000    0.00823623  0.00000000   -0.00086347  0.00000000
  0.00823623  0.00000000    0.03650532  0.00000000    0.02478278  0.00000000
 -0.00086347  0.00000000    0.02478278  0.00000000    0.03357731  0.00000000

     Dynamical  Matrix in cartesian axes

     q = (    0.666666667   0.166666667  -0.500000000 ) 

    1    1
  0.03357731  0.00000000    0.00086347  0.00000000   -0.02478278  0.00000000
  0.00086347  0.00000000    0.02585300  0.00000000    0.00823623  0.00000000
 -0.02478278  0.00000000    0.00823623  0.00000000    0.03650532  0.00000000

     Dynamical  Matrix in cartesian axes

     q = (    0.166666667   0.666666667  -0.500000000 ) 

    1    1
  0.02585300  0.00000000    0.00086347  0.00000000    0.00823623  0.00000000
  0.00086347  0.00000000    0.03357731  0.00000000   -0.02478278  0.00000000
  0.00823623  0.00000000   -0.02478278  0.00000000    0.03650532  0.00000000

     Dynamical  Matrix in cartesian axes

     q = (    0.666666667   0.500000000   0.166666667 ) 

    1    1
  0.03357731  0.00000000    0.02478278  0.00000000    0.00086347  0.00000000
  0.02478278  0.00000000    0.03650532  0.00000000   -0.00823623  0.00000000
  0.00086347  0.00000000   -0.00823623  0.00000000    0.02585300  0.00000000

     Dynamical  Matrix in cartesian axes

     q = (   -0.666666667   0.500000000  -0.166666667 ) 

    1    1
  0.03357731  0.00000000   -0.02478278  0.00000000    0.00086347  0.00000000
 -0.02478278  0.00000000    0.03650532  0.00000000    0.00823623  0.00000000
  0.00086347  0.00000000    0.00823623  0.00000000    0.02585300  0.00000000

     Dynamical  Matrix in cartesian axes

     q = (    0.500000000   0.166666667   0.666666667 ) 

    1    1
  0.03650532  0.00000000   -0.00823623  0.00000000    0.02478278  0.00000000
 -0.00823623  0.00000000    0.02585300  0.00000000    0.00086347  0.00000000
  0.02478278  0.00000000    0.00086347  0.00000000    0.03357731  0.00000000

     Dynamical  Matrix in cartesian axes

     q = (   -0.500000000   0.166666667  -0.666666667 ) 

    1    1
  0.03650532  0.00000000    0.00823623  0.00000000    0.02478278  0.00000000
  0.00823623  0.00000000    0.02585300  0.00000000   -0.00086347  0.00000000
  0.02478278  0.00000000   -0.00086347  0.00000000    0.03357731  0.00000000

     Dynamical  Matrix in cartesian axes

     q = (    0.500000000   0.666666667   0.166666667 ) 

    1    1
  0.03650532  0.00000000    0.02478278  0.00000000   -0.00823623  0.00000000
  0.02478278  0.00000000    0.03357731  0.00000000    0.00086347  0.00000000
 -0.00823623  0.00000000    0.00086347  0.00000000    0.02585300  0.00000000

     Dynamical  Matrix in cartesian axes

     q = (    0.500000000  -0.166666667  -0.666666667 ) 

    1    1
  0.03650532  0.00000000    0.00823623  0.00000000   -0.02478278  0.00000000
  0.00823623  0.00000000    0.02585300  0.00000000    0.00086347  0.00000000
 -0.02478278  0.00000000    0.00086347  0.00000000    0.03357731  0.00000000

     Dynamical  Matrix in cartesian axes

     q = (   -0.666666667   0.166666667   0.500000000 ) 

    1    1
  0.03357731  0.00000000   -0.00086347  0.00000000   -0.02478278  0.00000000
 -0.00086347  0.00000000    0.02585300  0.00000000   -0.00823623  0.00000000
 -0.02478278  0.00000000   -0.00823623  0.00000000    0.03650532  0.00000000

     Dynamical  Matrix in cartesian axes

     q = (   -0.166666667   0.666666667   0.500000000 ) 

    1    1
  0.02585300  0.00000000   -0.00086347  0.00000000    0.00823623  0.00000000
 -0.00086347  0.00000000    0.03357731  0.00000000    0.02478278  0.00000000
  0.00823623  0.00000000    0.02478278  0.00000000    0.03650532  0.00000000

     Dynamical  Matrix in cartesian axes

     q = (   -0.500000000  -0.166666667   0.666666667 ) 

    1    1
  0.03650532  0.00000000   -0.00823623  0.00000000   -0.02478278  0.00000000
 -0.00823623  0.00000000    0.02585300  0.00000000   -0.00086347  0.00000000
 -0.02478278  0.00000000   -0.00086347  0.00000000    0.03357731  0.00000000

     Dynamical  Matrix in cartesian axes

     q = (    0.166666667   0.666666667   0.500000000 ) 

    1    1
  0.02585300  0.00000000    0.00086347  0.00000000   -0.00823623  0.00000000
  0.00086347  0.00000000    0.03357731  0.00000000    0.02478278  0.00000000
 -0.00823623  0.00000000    0.02478278  0.00000000    0.03650532  0.00000000

     Dynamical  Matrix in cartesian axes

     q = (   -0.500000000   0.666666667  -0.166666667 ) 

    1    1
  0.03650532  0.00000000   -0.02478278  0.00000000   -0.00823623  0.00000000
 -0.02478278  0.00000000    0.03357731  0.00000000   -0.00086347  0.00000000
 -0.00823623  0.00000000   -0.00086347  0.00000000    0.02585300  0.00000000

     Dynamical  Matrix in cartesian axes

     q = (   -0.666666667  -0.166666667  -0.500000000 ) 

    1    1
  0.03357731  0.00000000    0.00086347  0.00000000    0.02478278  0.00000000
  0.00086347  0.00000000    0.02585300  0.00000000   -0.00823623  0.00000000
  0.02478278  0.00000000   -0.00823623  0.00000000    0.03650532  0.00000000

     Dynamical  Matrix in cartesian axes

     q = (   -0.666666667  -0.166666667   0.500000000 ) 

    1    1
  0.03357731  0.00000000    0.00086347  0.00000000   -0.02478278  0.00000000
  0.00086347  0.00000000    0.02585300  0.00000000    0.00823623  0.00000000
 -0.02478278  0.00000000    0.00823623  0.00000000    0.03650532  0.00000000

     Dynamical  Matrix in cartesian axes

     q = (    0.666666667   0.166666667   0.500000000 ) 

    1    1
  0.03357731  0.00000000    0.00086347  0.00000000    0.02478278  0.00000000
  0.00086347  0.00000000    0.02585300  0.00000000   -0.00823623  0.00000000
  0.02478278  0.00000000   -0.00823623  0.00000000    0.03650532  0.00000000

     Dynamical  Matrix in cartesian axes

     q = (    0.166666667  -0.666666667  -0.500000000 ) 

    1    1
  0.02585300  0.00000000   -0.00086347  0.00000000    0.00823623  0.00000000
 -0.00086347  0.00000000    0.03357731  0.00000000    0.02478278  0.00000000
  0.00823623  0.00000000    0.02478278  0.00000000    0.03650532  0.00000000

     Dynamical  Matrix in cartesian axes

     q = (   -0.666666667   0.166666667  -0.500000000 ) 

    1    1
  0.03357731  0.00000000   -0.00086347  0.00000000    0.02478278  0.00000000
 -0.00086347  0.00000000    0.02585300  0.00000000    0.00823623  0.00000000
  0.02478278  0.00000000    0.00823623  0.00000000    0.03650532  0.00000000

     Dynamical  Matrix in cartesian axes

     q = (    0.500000000  -0.666666667  -0.166666667 ) 

    1    1
  0.03650532  0.00000000   -0.02478278  0.00000000    0.00823623  0.00000000
 -0.02478278  0.00000000    0.03357731  0.00000000    0.00086347  0.00000000
  0.00823623  0.00000000    0.00086347  0.00000000    0.02585300  0.00000000

     Dynamical  Matrix in cartesian axes

     q = (   -0.500000000  -0.666666667   0.166666667 ) 

    1    1
  0.03650532  0.00000000    0.02478278  0.00000000    0.00823623  0.00000000
  0.02478278  0.00000000    0.03357731  0.00000000   -0.00086347  0.00000000
  0.00823623  0.00000000   -0.00086347  0.00000000    0.02585300  0.00000000

     Dynamical  Matrix in cartesian axes

     q = (   -0.166666667  -0.666666667  -0.500000000 ) 

    1    1
  0.02585300  0.00000000    0.00086347  0.00000000   -0.00823623  0.00000000
  0.00086347  0.00000000    0.03357731  0.00000000    0.02478278  0.00000000
 -0.00823623  0.00000000    0.02478278  0.00000000    0.03650532  0.00000000

     Dynamical  Matrix in cartesian axes

     q = (   -0.666666667  -0.500000000   0.166666667 ) 

    1    1
  0.03357731  0.00000000    0.02478278  0.00000000   -0.00086347  0.00000000
  0.02478278  0.00000000    0.03650532  0.00000000    0.00823623  0.00000000
 -0.00086347  0.00000000    0.00823623  0.00000000    0.02585300  0.00000000

     Dynamical  Matrix in cartesian axes

     q = (    0.166666667   0.500000000   0.666666667 ) 

    1    1
  0.02585300  0.00000000   -0.00823623  0.00000000    0.00086347  0.00000000
 -0.00823623  0.00000000    0.03650532  0.00000000    0.02478278  0.00000000
  0.00086347  0.00000000    0.02478278  0.00000000    0.03357731  0.00000000

     Dynamical  Matrix in cartesian axes

     q = (    0.166666667  -0.500000000  -0.666666667 ) 

    1    1
  0.02585300  0.00000000    0.00823623  0.00000000   -0.00086347  0.00000000
  0.00823623  0.00000000    0.03650532  0.00000000    0.02478278  0.00000000
 -0.00086347  0.00000000    0.02478278  0.00000000    0.03357731  0.00000000

     Dynamical  Matrix in cartesian axes

     q = (   -0.666666667   0.500000000   0.166666667 ) 

    1    1
  0.03357731  0.00000000   -0.02478278  0.00000000   -0.00086347  0.00000000
 -0.02478278  0.00000000    0.03650532  0.00000000   -0.00823623  0.00000000
 -0.00086347  0.00000000   -0.00823623  0.00000000    0.02585300  0.00000000

     Dynamical  Matrix in cartesian axes

     q = (    0.666666667   0.500000000  -0.166666667 ) 

    1    1
  0.03357731  0.00000000    0.02478278  0.00000000   -0.00086347  0.00000000
  0.02478278  0.00000000    0.03650532  0.00000000    0.00823623  0.00000000
 -0.00086347  0.00000000    0.00823623  0.00000000    0.02585300  0.00000000

     Dynamical  Matrix in cartesian axes

     q = (   -0.666666667  -0.500000000  -0.166666667 ) 

    1    1
  0.03357731  0.00000000    0.02478278  0.00000000    0.00086347  0.00000000
  0.02478278  0.00000000    0.03650532  0.00000000   -0.00823623  0.00000000
  0.00086347  0.00000000   -0.00823623  0.00000000    0.02585300  0.00000000

     Dynamical  Matrix in cartesian axes

     q = (    0.666666667  -0.500000000   0.166666667 ) 

    1    1
  0.03357731  0.00000000   -0.02478278  0.00000000    0.00086347  0.00000000
 -0.02478278  0.00000000    0.03650532  0.00000000    0.00823623  0.00000000
  0.00086347  0.00000000    0.00823623  0.00000000    0.02585300  0.00000000

     Dynamical  Matrix in cartesian axes

     q = (    0.500000000   0.166666667  -0.666666667 ) 

    1    1
  0.03650532  0.00000000   -0.00823623  0.00000000   -0.02478278  0.00000000
 -0.00823623  0.00000000    0.02585300  0.00000000   -0.00086347  0.00000000
 -0.02478278  0.00000000   -0.00086347  0.00000000    0.03357731  0.00000000

     Dynamical  Matrix in cartesian axes

     q = (    0.500000000  -0.166666667   0.666666667 ) 

    1    1
  0.03650532  0.00000000    0.00823623  0.00000000    0.02478278  0.00000000
  0.00823623  0.00000000    0.02585300  0.00000000   -0.00086347  0.00000000
  0.02478278  0.00000000   -0.00086347  0.00000000    0.03357731  0.00000000

     Dynamical  Matrix in cartesian axes

     q = (   -0.500000000  -0.166666667  -0.666666667 ) 

    1    1
  0.03650532  0.00000000   -0.00823623  0.00000000    0.02478278  0.00000000
 -0.00823623  0.00000000    0.02585300  0.00000000    0.00086347  0.00000000
  0.02478278  0.00000000    0.00086347  0.00000000    0.03357731  0.00000000

     Dynamical  Matrix in cartesian axes

     q = (   -0.500000000   0.166666667   0.666666667 ) 

    1    1
  0.03650532  0.00000000    0.00823623  0.00000000   -0.02478278  0.00000000
  0.00823623  0.00000000    0.02585300  0.00000000    0.00086347  0.00000000
 -0.02478278  0.00000000    0.00086347  0.00000000    0.03357731  0.00000000

     Diagonalizing the dynamical matrix

     q = (   -0.166666667   0.666666667  -0.500000000 ) 

 **************************************************************************
     freq (    1) =       2.025562 [THz] =      67.565461 [cm-1]
 (  0.340074 -0.000000  0.659540 -0.000000  0.670341  0.000000 ) 
     freq (    2) =       3.752983 [THz] =     125.186052 [cm-1]
 (  0.927293  0.000000 -0.353774  0.000000 -0.122357  0.000000 ) 
     freq (    3) =       5.600373 [THz] =     186.808342 [cm-1]
 ( -0.156450  0.000000 -0.663213  0.000000  0.731896  0.000000 ) 
 **************************************************************************
