Dynamical matrix file
                                                                           
  1    1  2  9.5776251  0.0000000  0.0000000  0.0000000  0.0000000  0.0000000
           1  'Na  '    20954.103126620943     
    1    1      0.0000000000      0.0000000000      0.0000000000

     Dynamical  Matrix in cartesian axes

     q = (    0.625000000  -0.125000000   0.875000000 ) 

    1    1
  0.02290798  0.00000000   -0.00585614  0.00000000    0.00432465  0.00000000
 -0.00585614  0.00000000    0.04179071  0.00000000   -0.00139736  0.00000000
  0.00432465  0.00000000   -0.00139736  0.00000000    0.03023272  0.00000000

     Dynamical  Matrix in cartesian axes

     q = (    0.625000000  -0.125000000  -0.875000000 ) 

    1    1
  0.02290798  0.00000000   -0.00585614  0.00000000   -0.00432465  0.00000000
 -0.00585614  0.00000000    0.04179071  0.00000000    0.00139736  0.00000000
 -0.00432465  0.00000000    0.00139736  0.00000000    0.03023272  0.00000000

     Dynamical  Matrix in cartesian axes

     q = (    0.875000000   0.125000000   0.625000000 ) 

    1    1
  0.03023272  0.00000000    0.00139736  0.00000000    0.00432465  0.00000000
  0.00139736  0.00000000    0.04179071  0.00000000    0.00585614  0.00000000
  0.00432465  0.00000000    0.00585614  0.00000000    0.02290798  0.00000000

     Dynamical  Matrix in cartesian axes

     q = (    0.625000000   0.125000000   0.875000000 ) 

    1    1
  0.02290798  0.00000000    0.00585614  0.00000000    0.00432465  0.00000000
  0.00585614  0.00000000    0.04179071  0.00000000    0.00139736  0.00000000
  0.00432465  0.00000000    0.00139736  0.00000000    0.03023272  0.00000000

     Dynamical  Matrix in cartesian axes

     q = (    0.875000000  -0.125000000  -0.625000000 ) 

    1    1
  0.03023272  0.00000000   -0.00139736  0.00000000   -0.00432465  0.00000000
 -0.00139736  0.00000000    0.04179071  0.00000000    0.00585614  0.00000000
 -0.00432465  0.00000000    0.00585614  0.00000000    0.02290798  0.00000000

     Dynamical  Matrix in cartesian axes

     q = (    0.875000000  -0.125000000   0.625000000 ) 

    1    1
  0.03023272  0.00000000   -0.00139736  0.00000000    0.00432465  0.00000000
 -0.00139736  0.00000000    0.04179071  0.00000000   -0.00585614  0.00000000
  0.00432465  0.00000000   -0.00585614  0.00000000    0.02290798  0.00000000

     Dynamical  Matrix in cartesian axes

     q = (   -0.875000000  -0.125000000   0.625000000 ) 

    1    1
  0.03023272  0.00000000    0.00139736  0.00000000   -0.00432465  0.00000000
  0.00139736  0.00000000    0.04179071  0.00000000   -0.00585614  0.00000000
 -0.00432465  0.00000000   -0.00585614  0.00000000    0.02290798  0.00000000

     Dynamical  Matrix in cartesian axes

     q = (   -0.625000000  -0.125000000  -0.875000000 ) 

    1    1
  0.02290798  0.00000000    0.00585614  0.00000000    0.00432465  0.00000000
  0.00585614  0.00000000    0.04179071  0.00000000    0.00139736  0.00000000
  0.00432465  0.00000000    0.00139736  0.00000000    0.03023272  0.00000000

     Dynamical  Matrix in cartesian axes

     q = (   -0.875000000   0.125000000  -0.625000000 ) 

    1    1
  0.03023272  0.00000000   -0.00139736  0.00000000    0.00432465  0.00000000
 -0.00139736  0.00000000    0.04179071  0.00000000   -0.00585614  0.00000000
  0.00432465  0.00000000   -0.00585614  0.00000000    0.02290798  0.00000000

     Dynamical  Matrix in cartesian axes

     q = (   -0.625000000  -0.125000000   0.875000000 ) 

    1    1
  0.02290798  0.00000000    0.00585614  0.00000000   -0.00432465  0.00000000
  0.00585614  0.00000000    0.04179071  0.00000000   -0.00139736  0.00000000
 -0.00432465  0.00000000   -0.00139736  0.00000000    0.03023272  0.00000000

     Dynamical  Matrix in cartesian axes

     q = (   -0.875000000   0.125000000   0.625000000 ) 

    1    1
  0.03023272  0.00000000   -0.00139736  0.00000000   -0.00432465  0.00000000
 -0.00139736  0.00000000    0.04179071  0.00000000    0.00585614  0.00000000
 -0.00432465  0.00000000    0.00585614  0.00000000    0.02290798  0.00000000

     Dynamical  Matrix in cartesian axes

     q = (    0.875000000   0.125000000  -0.625000000 ) 

    1    1
  0.03023272  0.00000000    0.00139736  0.00000000   -0.00432465  0.00000000
  0.00139736  0.00000000    0.04179071  0.00000000   -0.00585614  0.00000000
 -0.00432465  0.00000000   -0.00585614  0.00000000    0.02290798  0.00000000

     Dynamical  Matrix in cartesian axes

     q = (   -0.625000000   0.125000000   0.875000000 ) 

    1    1
  0.02290798  0.00000000   -0.00585614  0.00000000   -0.00432465  0.00000000
 -0.00585614  0.00000000    0.04179071  0.00000000    0.00139736  0.00000000
 -0.00432465  0.00000000    0.00139736  0.00000000    0.03023272  0.00000000

     Dynamical  Matrix in cartesian axes

     q = (   -0.875000000  -0.125000000  -0.625000000 ) 

    1    1
  0.03023272  0.00000000    0.00139736  0.00000000    0.00432465  0.00000000
  0.00139736  0.00000000    0.04179071  0.00000000    0.00585614  0.00000000
  0.00432465  0.00000000    0.00585614  0.00000000    0.02290798  0.00000000

     Dynamical  Matrix in cartesian axes

     q = (    0.625000000   0.125000000  -0.875000000 ) 

    1    1
  0.02290798  0.00000000    0.00585614  0.00000000   -0.00432465  0.00000000
  0.00585614  0.00000000    0.04179071  0.00000000   -0.00139736  0.00000000
 -0.00432465  0.00000000   -0.00139736  0.00000000    0.03023272  0.00000000

     Dynamical  Matrix in cartesian axes

     q = (   -0.625000000   0.125000000  -0.875000000 ) 

    1    1
  0.02290798  0.00000000   -0.00585614  0.00000000    0.00432465  0.00000000
 -0.00585614  0.00000000    0.04179071  0.00000000   -0.00139736  0.00000000
  0.00432465  0.00000000   -0.00139736  0.00000000    0.03023272  0.00000000

     Dynamical  Matrix in cartesian axes

     q = (   -0.125000000   0.875000000   0.625000000 ) 

    1    1
  0.04179071  0.00000000   -0.00139736  0.00000000   -0.00585614  0.00000000
 -0.00139736  0.00000000    0.03023272  0.00000000    0.00432465  0.00000000
 -0.00585614  0.00000000    0.00432465  0.00000000    0.02290798  0.00000000

     Dynamical  Matrix in cartesian axes

     q = (    0.125000000   0.875000000  -0.625000000 ) 

    1    1
  0.04179071  0.00000000    0.00139736  0.00000000   -0.00585614  0.00000000
  0.00139736  0.00000000    0.03023272  0.00000000   -0.00432465  0.00000000
 -0.00585614  0.00000000   -0.00432465  0.00000000    0.02290798  0.00000000

     Dynamical  Matrix in cartesian axes

     q = (   -0.125000000  -0.875000000  -0.625000000 ) 

    1    1
  0.04179071  0.00000000    0.00139736  0.00000000    0.00585614  0.00000000
  0.00139736  0.00000000    0.03023272  0.00000000    0.00432465  0.00000000
  0.00585614  0.00000000    0.00432465  0.00000000    0.02290798  0.00000000

     Dynamical  Matrix in cartesian axes

     q = (   -0.125000000   0.625000000  -0.875000000 ) 

    1    1
  0.04179071  0.00000000   -0.00585614  0.00000000    0.00139736  0.00000000
 -0.00585614  0.00000000    0.02290798  0.00000000   -0.00432465  0.00000000
  0.00139736  0.00000000   -0.00432465  0.00000000    0.03023272  0.00000000

     Dynamical  Matrix in cartesian axes

     q = (    0.875000000   0.625000000  -0.125000000 ) 

    1    1
  0.03023272  0.00000000    0.00432465  0.00000000   -0.00139736  0.00000000
  0.00432465  0.00000000    0.02290798  0.00000000   -0.00585614  0.00000000
 -0.00139736  0.00000000   -0.00585614  0.00000000    0.04179071  0.00000000

     Dynamical  Matrix in cartesian axes

     q = (   -0.125000000   0.875000000  -0.625000000 ) 

    1    1
  0.04179071  0.00000000   -0.00139736  0.00000000    0.00585614  0.00000000
 -0.00139736  0.00000000    0.03023272  0.00000000   -0.00432465  0.00000000
  0.00585614  0.00000000   -0.00432465  0.00000000    0.02290798  0.00000000

     Dynamical  Matrix in cartesian axes

     q = (   -0.875000000  -0.625000000  -0.125000000 ) 

    1    1
  0.03023272  0.00000000    0.00432465  0.00000000    0.00139736  0.00000000
  0.00432465  0.00000000    0.02290798  0.00000000    0.00585614  0.00000000
  0.00139736  0.00000000    0.00585614  0.00000000    0.04179071  0.00000000

     Dynamical  Matrix in cartesian axes

     q = (   -0.875000000   0.625000000   0.125000000 ) 

    1    1
  0.03023272  0.00000000   -0.00432465  0.00000000   -0.00139736  0.00000000
 -0.00432465  0.00000000    0.02290798  0.00000000    0.00585614  0.00000000
 -0.00139736  0.00000000    0.00585614  0.00000000    0.04179071  0.00000000

     Dynamical  Matrix in cartesian axes

     q = (    0.125000000  -0.625000000   0.875000000 ) 

    1    1
  0.04179071  0.00000000   -0.00585614  0.00000000    0.00139736  0.00000000
 -0.00585614  0.00000000    0.02290798  0.00000000   -0.00432465  0.00000000
  0.00139736  0.00000000   -0.00432465  0.00000000    0.03023272  0.00000000

     Dynamical  Matrix in cartesian axes

     q = (    0.125000000  -0.875000000   0.625000000 ) 

    1    1
  0.04179071  0.00000000   -0.00139736  0.00000000    0.00585614  0.00000000
 -0.00139736  0.00000000    0.03023272  0.00000000   -0.00432465  0.00000000
  0.00585614  0.00000000   -0.00432465  0.00000000    0.02290798  0.00000000

     Dynamical  Matrix in cartesian axes

     q = (    0.625000000  -0.875000000   0.125000000 ) 

    1    1
  0.02290798  0.00000000   -0.00432465  0.00000000    0.00585614  0.00000000
 -0.00432465  0.00000000    0.03023272  0.00000000   -0.00139736  0.00000000
  0.00585614  0.00000000   -0.00139736  0.00000000    0.04179071  0.00000000

     Dynamical  Matrix in cartesian axes

     q = (   -0.875000000   0.625000000  -0.125000000 ) 

    1    1
  0.03023272  0.00000000   -0.00432465  0.00000000    0.00139736  0.00000000
 -0.00432465  0.00000000    0.02290798  0.00000000   -0.00585614  0.00000000
  0.00139736  0.00000000   -0.00585614  0.00000000    0.04179071  0.00000000

     Dynamical  Matrix in cartesian axes

     q = (    0.125000000   0.625000000   0.875000000 ) 

    1    1
  0.04179071  0.00000000    0.00585614  0.00000000    0.00139736  0.00000000
  0.00585614  0.00000000    0.02290798  0.00000000    0.00432465  0.00000000
  0.00139736  0.00000000    0.00432465  0.00000000    0.03023272  0.00000000

     Dynamical  Matrix in cartesian axes

     q = (   -0.125000000   0.625000000   0.875000000 ) 

    1    1
  0.04179071  0.00000000   -0.00585614  0.00000000   -0.00139736  0.00000000
 -0.00585614  0.00000000    0.02290798  0.00000000    0.00432465  0.00000000
 -0.00139736  0.00000000    0.00432465  0.00000000    0.03023272  0.00000000

     Dynamical  Matrix in cartesian axes

     q = (    0.125000000   0.625000000  -0.875000000 ) 

    1    1
  0.04179071  0.00000000    0.00585614  0.00000000   -0.00139736  0.00000000
  0.00585614  0.00000000    0.02290798  0.00000000   -0.00432465  0.00000000
 -0.00139736  0.00000000   -0.00432465  0.00000000    0.03023272  0.00000000

     Dynamical  Matrix in cartesian axes

     q = (   -0.125000000  -0.625000000  -0.875000000 ) 

    1    1
  0.04179071  0.00000000    0.00585614  0.00000000    0.00139736  0.00000000
  0.00585614  0.00000000    0.02290798  0.00000000    0.00432465  0.00000000
  0.00139736  0.00000000    0.00432465  0.00000000    0.03023272  0.00000000

     Dynamical  Matrix in cartesian axes

     q = (   -0.625000000  -0.875000000   0.125000000 ) 

    1    1
  0.02290798  0.00000000    0.00432465  0.00000000   -0.00585614  0.00000000
  0.00432465  0.00000000    0.03023272  0.00000000   -0.00139736  0.00000000
 -0.00585614  0.00000000   -0.00139736  0.00000000    0.04179071  0.00000000

     Dynamical  Matrix in cartesian axes

     q = (   -0.125000000  -0.625000000   0.875000000 ) 

    1    1
  0.04179071  0.00000000    0.00585614  0.00000000   -0.00139736  0.00000000
  0.00585614  0.00000000    0.02290798  0.00000000   -0.00432465  0.00000000
 -0.00139736  0.00000000   -0.00432465  0.00000000    0.03023272  0.00000000

     Dynamical  Matrix in cartesian axes

     q = (    0.875000000  -0.625000000   0.125000000 ) 

    1    1
  0.03023272  0.00000000   -0.00432465  0.00000000    0.00139736  0.00000000
 -0.00432465  0.00000000    0.02290798  0.00000000   -0.00585614  0.00000000
  0.00139736  0.00000000   -0.00585614  0.00000000    0.04179071  0.00000000

     Dynamical  Matrix in cartesian axes

     q = (    0.625000000   0.875000000   0.125000000 ) 

    1    1
  0.02290798  0.00000000    0.00432465  0.00000000    0.00585614  0.00000000
  0.00432465  0.00000000    0.03023272  0.00000000    0.00139736  0.00000000
  0.00585614  0.00000000    0.00139736  0.00000000    0.04179071  0.00000000

     Dynamical  Matrix in cartesian axes

     q = (    0.125000000  -0.625000000  -0.875000000 ) 

    1    1
  0.04179071  0.00000000   -0.00585614  0.00000000   -0.00139736  0.00000000
 -0.00585614  0.00000000    0.02290798  0.00000000    0.00432465  0.00000000
 -0.00139736  0.00000000    0.00432465  0.00000000    0.03023272  0.00000000

     Dynamical  Matrix in cartesian axes

     q = (    0.625000000   0.875000000  -0.125000000 ) 

    1    1
  0.02290798  0.00000000    0.00432465  0.00000000   -0.00585614  0.00000000
  0.00432465  0.00000000    0.03023272  0.00000000   -0.00139736  0.00000000
 -0.00585614  0.00000000   -0.00139736  0.00000000    0.04179071  0.00000000

     Dynamical  Matrix in cartesian axes

     q = (   -0.625000000  -0.875000000  -0.125000000 ) 

    1    1
  0.02290798  0.00000000    0.00432465  0.00000000    0.00585614  0.00000000
  0.00432465  0.00000000    0.03023272  0.00000000    0.00139736  0.00000000
  0.00585614  0.00000000    0.00139736  0.00000000    0.04179071  0.00000000

     Dynamical  Matrix in cartesian axes

     q = (   -0.625000000   0.875000000  -0.125000000 ) 

    1    1
  0.02290798  0.00000000   -0.00432465  0.00000000    0.00585614  0.00000000
 -0.00432465  0.00000000    0.03023272  0.00000000   -0.00139736  0.00000000
  0.00585614  0.00000000   -0.00139736  0.00000000    0.04179071  0.00000000

     Dynamical  Matrix in cartesian axes

     q = (    0.125000000  -0.875000000  -0.625000000 ) 

    1    1
  0.04179071  0.00000000   -0.00139736  0.00000000   -0.00585614  0.00000000
 -0.00139736  0.00000000    0.03023272  0.00000000    0.00432465  0.00000000
 -0.00585614  0.00000000    0.00432465  0.00000000    0.02290798  0.00000000

     Dynamical  Matrix in cartesian axes

     q = (   -0.125000000  -0.875000000   0.625000000 ) 

    1    1
  0.04179071  0.00000000    0.00139736  0.00000000   -0.00585614  0.00000000
  0.00139736  0.00000000    0.03023272  0.00000000   -0.00432465  0.00000000
 -0.00585614  0.00000000   -0.00432465  0.00000000    0.02290798  0.00000000

     Dynamical  Matrix in cartesian axes

     q = (    0.125000000   0.875000000   0.625000000 ) 

    1    1
  0.04179071  0.00000000    0.00139736  0.00000000    0.00585614  0.00000000
  0.00139736  0.00000000    0.03023272  0.00000000    0.00432465  0.00000000
  0.00585614  0.00000000    0.00432465  0.00000000    0.02290798  0.00000000

     Dynamical  Matrix in cartesian axes

     q = (    0.625000000  -0.875000000  -0.125000000 ) 

    1    1
  0.02290798  0.00000000   -0.00432465  0.00000000   -0.00585614  0.00000000
 -0.00432465  0.00000000    0.03023272  0.00000000    0.00139736  0.00000000
 -0.00585614  0.00000000    0.00139736  0.00000000    0.04179071  0.00000000

     Dynamical  Matrix in cartesian axes

     q = (   -0.875000000  -0.625000000   0.125000000 ) 

    1    1
  0.03023272  0.00000000    0.00432465  0.00000000   -0.00139736  0.00000000
  0.00432465  0.00000000    0.02290798  0.00000000   -0.00585614  0.00000000
 -0.00139736  0.00000000   -0.00585614  0.00000000    0.04179071  0.00000000

     Dynamical  Matrix in cartesian axes

     q = (   -0.625000000   0.875000000   0.125000000 ) 

    1    1
  0.02290798  0.00000000   -0.00432465  0.00000000   -0.00585614  0.00000000
 -0.00432465  0.00000000    0.03023272  0.00000000    0.00139736  0.00000000
 -0.00585614  0.00000000    0.00139736  0.00000000    0.04179071  0.00000000

     Dynamical  Matrix in cartesian axes

     q = (    0.875000000   0.625000000   0.125000000 ) 

    1    1
  0.03023272  0.00000000    0.00432465  0.00000000    0.00139736  0.00000000
  0.00432465  0.00000000    0.02290798  0.00000000    0.00585614  0.00000000
  0.00139736  0.00000000    0.00585614  0.00000000    0.04179071  0.00000000

     Dynamical  Matrix in cartesian axes

     q = (    0.875000000  -0.625000000  -0.125000000 ) 

    1    1
  0.03023272  0.00000000   -0.00432465  0.00000000   -0.00139736  0.00000000
 -0.00432465  0.00000000    0.02290798  0.00000000    0.00585614  0.00000000
 -0.00139736  0.00000000    0.00585614  0.00000000    0.04179071  0.00000000

     Diagonalizing the dynamical matrix

     q = (    0.625000000  -0.125000000   0.875000000 ) 

 **************************************************************************
     freq (    1) =       3.200518 [THz] =     106.757792 [cm-1]
 ( -0.910756  0.000000 -0.220674  0.000000  0.349037 -0.000000 ) 
     freq (    2) =       4.011259 [THz] =     133.801214 [cm-1]
 (  0.284550  0.000000  0.277162  0.000000  0.917721  0.000000 ) 
     freq (    3) =       4.764427 [THz] =     158.924167 [cm-1]
 (  0.299257  0.000000 -0.935139  0.000000  0.189634  0.000000 ) 
 **************************************************************************
