Dynamical matrix file
                                                                           
  1    1  2  9.8824574  0.0000000  0.0000000  0.0000000  0.0000000  0.0000000
           1  'Na  '    20954.103126620943     
    1    1      0.0000000000      0.0000000000      0.0000000000

     Dynamical  Matrix in cartesian axes

     q = (    0.625000000  -0.375000000   0.875000000 ) 

    1    1
  0.01351015  0.00000000   -0.00773884  0.00000000    0.00339983  0.00000000
 -0.00773884  0.00000000    0.01984072  0.00000000   -0.00327658  0.00000000
  0.00339983  0.00000000   -0.00327658  0.00000000    0.01736815  0.00000000

     Dynamical  Matrix in cartesian axes

     q = (    0.625000000   0.375000000   0.875000000 ) 

    1    1
  0.01351015  0.00000000    0.00773884  0.00000000    0.00339983  0.00000000
  0.00773884  0.00000000    0.01984072  0.00000000    0.00327658  0.00000000
  0.00339983  0.00000000    0.00327658  0.00000000    0.01736815  0.00000000

     Dynamical  Matrix in cartesian axes

     q = (    0.625000000  -0.375000000  -0.875000000 ) 

    1    1
  0.01351015  0.00000000   -0.00773884  0.00000000   -0.00339983  0.00000000
 -0.00773884  0.00000000    0.01984072  0.00000000    0.00327658  0.00000000
 -0.00339983  0.00000000    0.00327658  0.00000000    0.01736815  0.00000000

     Dynamical  Matrix in cartesian axes

     q = (    0.625000000   0.375000000  -0.875000000 ) 

    1    1
  0.01351015  0.00000000    0.00773884  0.00000000   -0.00339983  0.00000000
  0.00773884  0.00000000    0.01984072  0.00000000   -0.00327658  0.00000000
 -0.00339983  0.00000000   -0.00327658  0.00000000    0.01736815  0.00000000

     Dynamical  Matrix in cartesian axes

     q = (   -0.625000000  -0.875000000   0.375000000 ) 

    1    1
  0.01351015  0.00000000    0.00339983  0.00000000   -0.00773884  0.00000000
  0.00339983  0.00000000    0.01736815  0.00000000   -0.00327658  0.00000000
 -0.00773884  0.00000000   -0.00327658  0.00000000    0.01984072  0.00000000

     Dynamical  Matrix in cartesian axes

     q = (   -0.625000000  -0.875000000  -0.375000000 ) 

    1    1
  0.01351015  0.00000000    0.00339983  0.00000000    0.00773884  0.00000000
  0.00339983  0.00000000    0.01736815  0.00000000    0.00327658  0.00000000
  0.00773884  0.00000000    0.00327658  0.00000000    0.01984072  0.00000000

     Dynamical  Matrix in cartesian axes

     q = (   -0.625000000   0.875000000   0.375000000 ) 

    1    1
  0.01351015  0.00000000   -0.00339983  0.00000000   -0.00773884  0.00000000
 -0.00339983  0.00000000    0.01736815  0.00000000    0.00327658  0.00000000
 -0.00773884  0.00000000    0.00327658  0.00000000    0.01984072  0.00000000

     Dynamical  Matrix in cartesian axes

     q = (   -0.625000000   0.875000000  -0.375000000 ) 

    1    1
  0.01351015  0.00000000   -0.00339983  0.00000000    0.00773884  0.00000000
 -0.00339983  0.00000000    0.01736815  0.00000000   -0.00327658  0.00000000
  0.00773884  0.00000000   -0.00327658  0.00000000    0.01984072  0.00000000

     Dynamical  Matrix in cartesian axes

     q = (   -0.625000000   0.375000000  -0.875000000 ) 

    1    1
  0.01351015  0.00000000   -0.00773884  0.00000000    0.00339983  0.00000000
 -0.00773884  0.00000000    0.01984072  0.00000000   -0.00327658  0.00000000
  0.00339983  0.00000000   -0.00327658  0.00000000    0.01736815  0.00000000

     Dynamical  Matrix in cartesian axes

     q = (   -0.625000000   0.375000000   0.875000000 ) 

    1    1
  0.01351015  0.00000000   -0.00773884  0.00000000   -0.00339983  0.00000000
 -0.00773884  0.00000000    0.01984072  0.00000000    0.00327658  0.00000000
 -0.00339983  0.00000000    0.00327658  0.00000000    0.01736815  0.00000000

     Dynamical  Matrix in cartesian axes

     q = (    0.875000000  -0.375000000  -0.625000000 ) 

    1    1
  0.01736815  0.00000000   -0.00327658  0.00000000   -0.00339983  0.00000000
 -0.00327658  0.00000000    0.01984072  0.00000000    0.00773884  0.00000000
 -0.00339983  0.00000000    0.00773884  0.00000000    0.01351015  0.00000000

     Dynamical  Matrix in cartesian axes

     q = (   -0.875000000  -0.375000000   0.625000000 ) 

    1    1
  0.01736815  0.00000000    0.00327658  0.00000000   -0.00339983  0.00000000
  0.00327658  0.00000000    0.01984072  0.00000000   -0.00773884  0.00000000
 -0.00339983  0.00000000   -0.00773884  0.00000000    0.01351015  0.00000000

     Dynamical  Matrix in cartesian axes

     q = (    0.875000000   0.375000000   0.625000000 ) 

    1    1
  0.01736815  0.00000000    0.00327658  0.00000000    0.00339983  0.00000000
  0.00327658  0.00000000    0.01984072  0.00000000    0.00773884  0.00000000
  0.00339983  0.00000000    0.00773884  0.00000000    0.01351015  0.00000000

     Dynamical  Matrix in cartesian axes

     q = (   -0.875000000   0.375000000   0.625000000 ) 

    1    1
  0.01736815  0.00000000   -0.00327658  0.00000000   -0.00339983  0.00000000
 -0.00327658  0.00000000    0.01984072  0.00000000    0.00773884  0.00000000
 -0.00339983  0.00000000    0.00773884  0.00000000    0.01351015  0.00000000

     Dynamical  Matrix in cartesian axes

     q = (    0.875000000   0.375000000  -0.625000000 ) 

    1    1
  0.01736815  0.00000000    0.00327658  0.00000000   -0.00339983  0.00000000
  0.00327658  0.00000000    0.01984072  0.00000000   -0.00773884  0.00000000
 -0.00339983  0.00000000   -0.00773884  0.00000000    0.01351015  0.00000000

     Dynamical  Matrix in cartesian axes

     q = (   -0.875000000   0.375000000  -0.625000000 ) 

    1    1
  0.01736815  0.00000000   -0.00327658  0.00000000    0.00339983  0.00000000
 -0.00327658  0.00000000    0.01984072  0.00000000   -0.00773884  0.00000000
  0.00339983  0.00000000   -0.00773884  0.00000000    0.01351015  0.00000000

     Dynamical  Matrix in cartesian axes

     q = (   -0.375000000   0.875000000   0.625000000 ) 

    1    1
  0.01984072  0.00000000   -0.00327658  0.00000000   -0.00773884  0.00000000
 -0.00327658  0.00000000    0.01736815  0.00000000    0.00339983  0.00000000
 -0.00773884  0.00000000    0.00339983  0.00000000    0.01351015  0.00000000

     Dynamical  Matrix in cartesian axes

     q = (    0.375000000   0.875000000  -0.625000000 ) 

    1    1
  0.01984072  0.00000000    0.00327658  0.00000000   -0.00773884  0.00000000
  0.00327658  0.00000000    0.01736815  0.00000000   -0.00339983  0.00000000
 -0.00773884  0.00000000   -0.00339983  0.00000000    0.01351015  0.00000000

     Dynamical  Matrix in cartesian axes

     q = (   -0.375000000  -0.875000000  -0.625000000 ) 

    1    1
  0.01984072  0.00000000    0.00327658  0.00000000    0.00773884  0.00000000
  0.00327658  0.00000000    0.01736815  0.00000000    0.00339983  0.00000000
  0.00773884  0.00000000    0.00339983  0.00000000    0.01351015  0.00000000

     Dynamical  Matrix in cartesian axes

     q = (   -0.375000000   0.625000000  -0.875000000 ) 

    1    1
  0.01984072  0.00000000   -0.00773884  0.00000000    0.00327658  0.00000000
 -0.00773884  0.00000000    0.01351015  0.00000000   -0.00339983  0.00000000
  0.00327658  0.00000000   -0.00339983  0.00000000    0.01736815  0.00000000

     Dynamical  Matrix in cartesian axes

     q = (    0.875000000   0.625000000  -0.375000000 ) 

    1    1
  0.01736815  0.00000000    0.00339983  0.00000000   -0.00327658  0.00000000
  0.00339983  0.00000000    0.01351015  0.00000000   -0.00773884  0.00000000
 -0.00327658  0.00000000   -0.00773884  0.00000000    0.01984072  0.00000000

     Dynamical  Matrix in cartesian axes

     q = (    0.875000000  -0.625000000   0.375000000 ) 

    1    1
  0.01736815  0.00000000   -0.00339983  0.00000000    0.00327658  0.00000000
 -0.00339983  0.00000000    0.01351015  0.00000000   -0.00773884  0.00000000
  0.00327658  0.00000000   -0.00773884  0.00000000    0.01984072  0.00000000

     Dynamical  Matrix in cartesian axes

     q = (   -0.875000000  -0.625000000  -0.375000000 ) 

    1    1
  0.01736815  0.00000000    0.00339983  0.00000000    0.00327658  0.00000000
  0.00339983  0.00000000    0.01351015  0.00000000    0.00773884  0.00000000
  0.00327658  0.00000000    0.00773884  0.00000000    0.01984072  0.00000000

     Dynamical  Matrix in cartesian axes

     q = (   -0.875000000   0.625000000   0.375000000 ) 

    1    1
  0.01736815  0.00000000   -0.00339983  0.00000000   -0.00327658  0.00000000
 -0.00339983  0.00000000    0.01351015  0.00000000    0.00773884  0.00000000
 -0.00327658  0.00000000    0.00773884  0.00000000    0.01984072  0.00000000

     Dynamical  Matrix in cartesian axes

     q = (   -0.375000000   0.875000000  -0.625000000 ) 

    1    1
  0.01984072  0.00000000   -0.00327658  0.00000000    0.00773884  0.00000000
 -0.00327658  0.00000000    0.01736815  0.00000000   -0.00339983  0.00000000
  0.00773884  0.00000000   -0.00339983  0.00000000    0.01351015  0.00000000

     Dynamical  Matrix in cartesian axes

     q = (    0.375000000  -0.625000000   0.875000000 ) 

    1    1
  0.01984072  0.00000000   -0.00773884  0.00000000    0.00327658  0.00000000
 -0.00773884  0.00000000    0.01351015  0.00000000   -0.00339983  0.00000000
  0.00327658  0.00000000   -0.00339983  0.00000000    0.01736815  0.00000000

     Dynamical  Matrix in cartesian axes

     q = (   -0.875000000   0.625000000  -0.375000000 ) 

    1    1
  0.01736815  0.00000000   -0.00339983  0.00000000    0.00327658  0.00000000
 -0.00339983  0.00000000    0.01351015  0.00000000   -0.00773884  0.00000000
  0.00327658  0.00000000   -0.00773884  0.00000000    0.01984072  0.00000000

     Dynamical  Matrix in cartesian axes

     q = (    0.375000000  -0.875000000   0.625000000 ) 

    1    1
  0.01984072  0.00000000   -0.00327658  0.00000000    0.00773884  0.00000000
 -0.00327658  0.00000000    0.01736815  0.00000000   -0.00339983  0.00000000
  0.00773884  0.00000000   -0.00339983  0.00000000    0.01351015  0.00000000

     Dynamical  Matrix in cartesian axes

     q = (    0.375000000   0.625000000   0.875000000 ) 

    1    1
  0.01984072  0.00000000    0.00773884  0.00000000    0.00327658  0.00000000
  0.00773884  0.00000000    0.01351015  0.00000000    0.00339983  0.00000000
  0.00327658  0.00000000    0.00339983  0.00000000    0.01736815  0.00000000

     Dynamical  Matrix in cartesian axes

     q = (   -0.375000000   0.625000000   0.875000000 ) 

    1    1
  0.01984072  0.00000000   -0.00773884  0.00000000   -0.00327658  0.00000000
 -0.00773884  0.00000000    0.01351015  0.00000000    0.00339983  0.00000000
 -0.00327658  0.00000000    0.00339983  0.00000000    0.01736815  0.00000000

     Dynamical  Matrix in cartesian axes

     q = (    0.375000000   0.625000000  -0.875000000 ) 

    1    1
  0.01984072  0.00000000    0.00773884  0.00000000   -0.00327658  0.00000000
  0.00773884  0.00000000    0.01351015  0.00000000   -0.00339983  0.00000000
 -0.00327658  0.00000000   -0.00339983  0.00000000    0.01736815  0.00000000

     Dynamical  Matrix in cartesian axes

     q = (   -0.375000000  -0.625000000  -0.875000000 ) 

    1    1
  0.01984072  0.00000000    0.00773884  0.00000000    0.00327658  0.00000000
  0.00773884  0.00000000    0.01351015  0.00000000    0.00339983  0.00000000
  0.00327658  0.00000000    0.00339983  0.00000000    0.01736815  0.00000000

     Dynamical  Matrix in cartesian axes

     q = (    0.625000000  -0.875000000   0.375000000 ) 

    1    1
  0.01351015  0.00000000   -0.00339983  0.00000000    0.00773884  0.00000000
 -0.00339983  0.00000000    0.01736815  0.00000000   -0.00327658  0.00000000
  0.00773884  0.00000000   -0.00327658  0.00000000    0.01984072  0.00000000

     Dynamical  Matrix in cartesian axes

     q = (   -0.375000000  -0.625000000   0.875000000 ) 

    1    1
  0.01984072  0.00000000    0.00773884  0.00000000   -0.00327658  0.00000000
  0.00773884  0.00000000    0.01351015  0.00000000   -0.00339983  0.00000000
 -0.00327658  0.00000000   -0.00339983  0.00000000    0.01736815  0.00000000

     Dynamical  Matrix in cartesian axes

     q = (   -0.625000000  -0.375000000  -0.875000000 ) 

    1    1
  0.01351015  0.00000000    0.00773884  0.00000000    0.00339983  0.00000000
  0.00773884  0.00000000    0.01984072  0.00000000    0.00327658  0.00000000
  0.00339983  0.00000000    0.00327658  0.00000000    0.01736815  0.00000000

     Dynamical  Matrix in cartesian axes

     q = (    0.625000000   0.875000000   0.375000000 ) 

    1    1
  0.01351015  0.00000000    0.00339983  0.00000000    0.00773884  0.00000000
  0.00339983  0.00000000    0.01736815  0.00000000    0.00327658  0.00000000
  0.00773884  0.00000000    0.00327658  0.00000000    0.01984072  0.00000000

     Dynamical  Matrix in cartesian axes

     q = (    0.375000000  -0.625000000  -0.875000000 ) 

    1    1
  0.01984072  0.00000000   -0.00773884  0.00000000   -0.00327658  0.00000000
 -0.00773884  0.00000000    0.01351015  0.00000000    0.00339983  0.00000000
 -0.00327658  0.00000000    0.00339983  0.00000000    0.01736815  0.00000000

     Dynamical  Matrix in cartesian axes

     q = (    0.625000000   0.875000000  -0.375000000 ) 

    1    1
  0.01351015  0.00000000    0.00339983  0.00000000   -0.00773884  0.00000000
  0.00339983  0.00000000    0.01736815  0.00000000   -0.00327658  0.00000000
 -0.00773884  0.00000000   -0.00327658  0.00000000    0.01984072  0.00000000

     Dynamical  Matrix in cartesian axes

     q = (    0.875000000  -0.375000000   0.625000000 ) 

    1    1
  0.01736815  0.00000000   -0.00327658  0.00000000    0.00339983  0.00000000
 -0.00327658  0.00000000    0.01984072  0.00000000   -0.00773884  0.00000000
  0.00339983  0.00000000   -0.00773884  0.00000000    0.01351015  0.00000000

     Dynamical  Matrix in cartesian axes

     q = (   -0.625000000  -0.375000000   0.875000000 ) 

    1    1
  0.01351015  0.00000000    0.00773884  0.00000000   -0.00339983  0.00000000
  0.00773884  0.00000000    0.01984072  0.00000000   -0.00327658  0.00000000
 -0.00339983  0.00000000   -0.00327658  0.00000000    0.01736815  0.00000000

     Dynamical  Matrix in cartesian axes

     q = (    0.375000000  -0.875000000  -0.625000000 ) 

    1    1
  0.01984072  0.00000000   -0.00327658  0.00000000   -0.00773884  0.00000000
 -0.00327658  0.00000000    0.01736815  0.00000000    0.00339983  0.00000000
 -0.00773884  0.00000000    0.00339983  0.00000000    0.01351015  0.00000000

     Dynamical  Matrix in cartesian axes

     q = (   -0.375000000  -0.875000000   0.625000000 ) 

    1    1
  0.01984072  0.00000000    0.00327658  0.00000000   -0.00773884  0.00000000
  0.00327658  0.00000000    0.01736815  0.00000000   -0.00339983  0.00000000
 -0.00773884  0.00000000   -0.00339983  0.00000000    0.01351015  0.00000000

     Dynamical  Matrix in cartesian axes

     q = (    0.375000000   0.875000000   0.625000000 ) 

    1    1
  0.01984072  0.00000000    0.00327658  0.00000000    0.00773884  0.00000000
  0.00327658  0.00000000    0.01736815  0.00000000    0.00339983  0.00000000
  0.00773884  0.00000000    0.00339983  0.00000000    0.01351015  0.00000000

     Dynamical  Matrix in cartesian axes

     q = (    0.625000000  -0.875000000  -0.375000000 ) 

    1    1
  0.01351015  0.00000000   -0.00339983  0.00000000   -0.00773884  0.00000000
 -0.00339983  0.00000000    0.01736815  0.00000000    0.00327658  0.00000000
 -0.00773884  0.00000000    0.00327658  0.00000000    0.01984072  0.00000000

     Dynamical  Matrix in cartesian axes

     q = (   -0.875000000  -0.625000000   0.375000000 ) 

    1    1
  0.01736815  0.00000000    0.00339983  0.00000000   -0.00327658  0.00000000
  0.00339983  0.00000000    0.01351015  0.00000000   -0.00773884  0.00000000
 -0.00327658  0.00000000   -0.00773884  0.00000000    0.01984072  0.00000000

     Dynamical  Matrix in cartesian axes

     q = (   -0.875000000  -0.375000000  -0.625000000 ) 

    1    1
  0.01736815  0.00000000    0.00327658  0.00000000    0.00339983  0.00000000
  0.00327658  0.00000000    0.01984072  0.00000000    0.00773884  0.00000000
  0.00339983  0.00000000    0.00773884  0.00000000    0.01351015  0.00000000

     Dynamical  Matrix in cartesian axes

     q = (    0.875000000   0.625000000   0.375000000 ) 

    1    1
  0.01736815  0.00000000    0.00339983  0.00000000    0.00327658  0.00000000
  0.00339983  0.00000000    0.01351015  0.00000000    0.00773884  0.00000000
  0.00327658  0.00000000    0.00773884  0.00000000    0.01984072  0.00000000

     Dynamical  Matrix in cartesian axes

     q = (    0.875000000  -0.625000000  -0.375000000 ) 

    1    1
  0.01736815  0.00000000   -0.00339983  0.00000000   -0.00327658  0.00000000
 -0.00339983  0.00000000    0.01351015  0.00000000    0.00773884  0.00000000
 -0.00327658  0.00000000    0.00773884  0.00000000    0.01984072  0.00000000

     Diagonalizing the dynamical matrix

     q = (    0.625000000  -0.375000000   0.875000000 ) 

 **************************************************************************
     freq (    1) =       2.056616 [THz] =      68.601314 [cm-1]
 (  0.842310  0.000000  0.524343  0.000000 -0.124810  0.000000 ) 
     freq (    2) =       2.812813 [THz] =      93.825338 [cm-1]
 ( -0.131369  0.000000  0.424295  0.000000  0.895944  0.000000 ) 
     freq (    3) =       3.749058 [THz] =     125.055099 [cm-1]
 (  0.522739  0.000000 -0.738267  0.000000  0.426270  0.000000 ) 
 **************************************************************************
