Dynamical matrix file
                                                                           
  1    1  2  8.4162477  0.0000000  0.0000000  0.0000000  0.0000000  0.0000000
           1  'Na  '    20954.103126620943     
    1    1      0.0000000000      0.0000000000      0.0000000000

     Dynamical  Matrix in cartesian axes

     q = (    0.625000000  -0.125000000   0.875000000 ) 

    1    1
  0.04197928  0.00000000   -0.01351333  0.00000000    0.01258100  0.00000000
 -0.01351333  0.00000000    0.08676471  0.00000000   -0.00463988  0.00000000
  0.01258100  0.00000000   -0.00463988  0.00000000    0.05942665  0.00000000

     Dynamical  Matrix in cartesian axes

     q = (    0.625000000  -0.125000000  -0.875000000 ) 

    1    1
  0.04197928  0.00000000   -0.01351333  0.00000000   -0.01258100  0.00000000
 -0.01351333  0.00000000    0.08676471  0.00000000    0.00463988  0.00000000
 -0.01258100  0.00000000    0.00463988  0.00000000    0.05942665  0.00000000

     Dynamical  Matrix in cartesian axes

     q = (    0.875000000   0.125000000   0.625000000 ) 

    1    1
  0.05942665  0.00000000    0.00463988  0.00000000    0.01258100  0.00000000
  0.00463988  0.00000000    0.08676471  0.00000000    0.01351333  0.00000000
  0.01258100  0.00000000    0.01351333  0.00000000    0.04197928  0.00000000

     Dynamical  Matrix in cartesian axes

     q = (    0.625000000   0.125000000   0.875000000 ) 

    1    1
  0.04197928  0.00000000    0.01351333  0.00000000    0.01258100  0.00000000
  0.01351333  0.00000000    0.08676471  0.00000000    0.00463988  0.00000000
  0.01258100  0.00000000    0.00463988  0.00000000    0.05942665  0.00000000

     Dynamical  Matrix in cartesian axes

     q = (    0.875000000  -0.125000000  -0.625000000 ) 

    1    1
  0.05942665  0.00000000   -0.00463988  0.00000000   -0.01258100  0.00000000
 -0.00463988  0.00000000    0.08676471  0.00000000    0.01351333  0.00000000
 -0.01258100  0.00000000    0.01351333  0.00000000    0.04197928  0.00000000

     Dynamical  Matrix in cartesian axes

     q = (    0.875000000  -0.125000000   0.625000000 ) 

    1    1
  0.05942665  0.00000000   -0.00463988  0.00000000    0.01258100  0.00000000
 -0.00463988  0.00000000    0.08676471  0.00000000   -0.01351333  0.00000000
  0.01258100  0.00000000   -0.01351333  0.00000000    0.04197928  0.00000000

     Dynamical  Matrix in cartesian axes

     q = (   -0.875000000  -0.125000000   0.625000000 ) 

    1    1
  0.05942665  0.00000000    0.00463988  0.00000000   -0.01258100  0.00000000
  0.00463988  0.00000000    0.08676471  0.00000000   -0.01351333  0.00000000
 -0.01258100  0.00000000   -0.01351333  0.00000000    0.04197928  0.00000000

     Dynamical  Matrix in cartesian axes

     q = (   -0.625000000  -0.125000000  -0.875000000 ) 

    1    1
  0.04197928  0.00000000    0.01351333  0.00000000    0.01258100  0.00000000
  0.01351333  0.00000000    0.08676471  0.00000000    0.00463988  0.00000000
  0.01258100  0.00000000    0.00463988  0.00000000    0.05942665  0.00000000

     Dynamical  Matrix in cartesian axes

     q = (   -0.875000000   0.125000000  -0.625000000 ) 

    1    1
  0.05942665  0.00000000   -0.00463988  0.00000000    0.01258100  0.00000000
 -0.00463988  0.00000000    0.08676471  0.00000000   -0.01351333  0.00000000
  0.01258100  0.00000000   -0.01351333  0.00000000    0.04197928  0.00000000

     Dynamical  Matrix in cartesian axes

     q = (   -0.625000000  -0.125000000   0.875000000 ) 

    1    1
  0.04197928  0.00000000    0.01351333  0.00000000   -0.01258100  0.00000000
  0.01351333  0.00000000    0.08676471  0.00000000   -0.00463988  0.00000000
 -0.01258100  0.00000000   -0.00463988  0.00000000    0.05942665  0.00000000

     Dynamical  Matrix in cartesian axes

     q = (   -0.875000000   0.125000000   0.625000000 ) 

    1    1
  0.05942665  0.00000000   -0.00463988  0.00000000   -0.01258100  0.00000000
 -0.00463988  0.00000000    0.08676471  0.00000000    0.01351333  0.00000000
 -0.01258100  0.00000000    0.01351333  0.00000000    0.04197928  0.00000000

     Dynamical  Matrix in cartesian axes

     q = (    0.875000000   0.125000000  -0.625000000 ) 

    1    1
  0.05942665  0.00000000    0.00463988  0.00000000   -0.01258100  0.00000000
  0.00463988  0.00000000    0.08676471  0.00000000   -0.01351333  0.00000000
 -0.01258100  0.00000000   -0.01351333  0.00000000    0.04197928  0.00000000

     Dynamical  Matrix in cartesian axes

     q = (   -0.625000000   0.125000000   0.875000000 ) 

    1    1
  0.04197928  0.00000000   -0.01351333  0.00000000   -0.01258100  0.00000000
 -0.01351333  0.00000000    0.08676471  0.00000000    0.00463988  0.00000000
 -0.01258100  0.00000000    0.00463988  0.00000000    0.05942665  0.00000000

     Dynamical  Matrix in cartesian axes

     q = (   -0.875000000  -0.125000000  -0.625000000 ) 

    1    1
  0.05942665  0.00000000    0.00463988  0.00000000    0.01258100  0.00000000
  0.00463988  0.00000000    0.08676471  0.00000000    0.01351333  0.00000000
  0.01258100  0.00000000    0.01351333  0.00000000    0.04197928  0.00000000

     Dynamical  Matrix in cartesian axes

     q = (    0.625000000   0.125000000  -0.875000000 ) 

    1    1
  0.04197928  0.00000000    0.01351333  0.00000000   -0.01258100  0.00000000
  0.01351333  0.00000000    0.08676471  0.00000000   -0.00463988  0.00000000
 -0.01258100  0.00000000   -0.00463988  0.00000000    0.05942665  0.00000000

     Dynamical  Matrix in cartesian axes

     q = (   -0.625000000   0.125000000  -0.875000000 ) 

    1    1
  0.04197928  0.00000000   -0.01351333  0.00000000    0.01258100  0.00000000
 -0.01351333  0.00000000    0.08676471  0.00000000   -0.00463988  0.00000000
  0.01258100  0.00000000   -0.00463988  0.00000000    0.05942665  0.00000000

     Dynamical  Matrix in cartesian axes

     q = (   -0.125000000   0.875000000   0.625000000 ) 

    1    1
  0.08676471  0.00000000   -0.00463988  0.00000000   -0.01351333  0.00000000
 -0.00463988  0.00000000    0.05942665  0.00000000    0.01258100  0.00000000
 -0.01351333  0.00000000    0.01258100  0.00000000    0.04197928  0.00000000

     Dynamical  Matrix in cartesian axes

     q = (    0.125000000   0.875000000  -0.625000000 ) 

    1    1
  0.08676471  0.00000000    0.00463988  0.00000000   -0.01351333  0.00000000
  0.00463988  0.00000000    0.05942665  0.00000000   -0.01258100  0.00000000
 -0.01351333  0.00000000   -0.01258100  0.00000000    0.04197928  0.00000000

     Dynamical  Matrix in cartesian axes

     q = (   -0.125000000  -0.875000000  -0.625000000 ) 

    1    1
  0.08676471  0.00000000    0.00463988  0.00000000    0.01351333  0.00000000
  0.00463988  0.00000000    0.05942665  0.00000000    0.01258100  0.00000000
  0.01351333  0.00000000    0.01258100  0.00000000    0.04197928  0.00000000

     Dynamical  Matrix in cartesian axes

     q = (   -0.125000000   0.625000000  -0.875000000 ) 

    1    1
  0.08676471  0.00000000   -0.01351333  0.00000000    0.00463988  0.00000000
 -0.01351333  0.00000000    0.04197928  0.00000000   -0.01258100  0.00000000
  0.00463988  0.00000000   -0.01258100  0.00000000    0.05942665  0.00000000

     Dynamical  Matrix in cartesian axes

     q = (    0.875000000   0.625000000  -0.125000000 ) 

    1    1
  0.05942665  0.00000000    0.01258100  0.00000000   -0.00463988  0.00000000
  0.01258100  0.00000000    0.04197928  0.00000000   -0.01351333  0.00000000
 -0.00463988  0.00000000   -0.01351333  0.00000000    0.08676471  0.00000000

     Dynamical  Matrix in cartesian axes

     q = (   -0.125000000   0.875000000  -0.625000000 ) 

    1    1
  0.08676471  0.00000000   -0.00463988  0.00000000    0.01351333  0.00000000
 -0.00463988  0.00000000    0.05942665  0.00000000   -0.01258100  0.00000000
  0.01351333  0.00000000   -0.01258100  0.00000000    0.04197928  0.00000000

     Dynamical  Matrix in cartesian axes

     q = (   -0.875000000  -0.625000000  -0.125000000 ) 

    1    1
  0.05942665  0.00000000    0.01258100  0.00000000    0.00463988  0.00000000
  0.01258100  0.00000000    0.04197928  0.00000000    0.01351333  0.00000000
  0.00463988  0.00000000    0.01351333  0.00000000    0.08676471  0.00000000

     Dynamical  Matrix in cartesian axes

     q = (   -0.875000000   0.625000000   0.125000000 ) 

    1    1
  0.05942665  0.00000000   -0.01258100  0.00000000   -0.00463988  0.00000000
 -0.01258100  0.00000000    0.04197928  0.00000000    0.01351333  0.00000000
 -0.00463988  0.00000000    0.01351333  0.00000000    0.08676471  0.00000000

     Dynamical  Matrix in cartesian axes

     q = (    0.125000000  -0.625000000   0.875000000 ) 

    1    1
  0.08676471  0.00000000   -0.01351333  0.00000000    0.00463988  0.00000000
 -0.01351333  0.00000000    0.04197928  0.00000000   -0.01258100  0.00000000
  0.00463988  0.00000000   -0.01258100  0.00000000    0.05942665  0.00000000

     Dynamical  Matrix in cartesian axes

     q = (    0.125000000  -0.875000000   0.625000000 ) 

    1    1
  0.08676471  0.00000000   -0.00463988  0.00000000    0.01351333  0.00000000
 -0.00463988  0.00000000    0.05942665  0.00000000   -0.01258100  0.00000000
  0.01351333  0.00000000   -0.01258100  0.00000000    0.04197928  0.00000000

     Dynamical  Matrix in cartesian axes

     q = (    0.625000000  -0.875000000   0.125000000 ) 

    1    1
  0.04197928  0.00000000   -0.01258100  0.00000000    0.01351333  0.00000000
 -0.01258100  0.00000000    0.05942665  0.00000000   -0.00463988  0.00000000
  0.01351333  0.00000000   -0.00463988  0.00000000    0.08676471  0.00000000

     Dynamical  Matrix in cartesian axes

     q = (   -0.875000000   0.625000000  -0.125000000 ) 

    1    1
  0.05942665  0.00000000   -0.01258100  0.00000000    0.00463988  0.00000000
 -0.01258100  0.00000000    0.04197928  0.00000000   -0.01351333  0.00000000
  0.00463988  0.00000000   -0.01351333  0.00000000    0.08676471  0.00000000

     Dynamical  Matrix in cartesian axes

     q = (    0.125000000   0.625000000   0.875000000 ) 

    1    1
  0.08676471  0.00000000    0.01351333  0.00000000    0.00463988  0.00000000
  0.01351333  0.00000000    0.04197928  0.00000000    0.01258100  0.00000000
  0.00463988  0.00000000    0.01258100  0.00000000    0.05942665  0.00000000

     Dynamical  Matrix in cartesian axes

     q = (   -0.125000000   0.625000000   0.875000000 ) 

    1    1
  0.08676471  0.00000000   -0.01351333  0.00000000   -0.00463988  0.00000000
 -0.01351333  0.00000000    0.04197928  0.00000000    0.01258100  0.00000000
 -0.00463988  0.00000000    0.01258100  0.00000000    0.05942665  0.00000000

     Dynamical  Matrix in cartesian axes

     q = (    0.125000000   0.625000000  -0.875000000 ) 

    1    1
  0.08676471  0.00000000    0.01351333  0.00000000   -0.00463988  0.00000000
  0.01351333  0.00000000    0.04197928  0.00000000   -0.01258100  0.00000000
 -0.00463988  0.00000000   -0.01258100  0.00000000    0.05942665  0.00000000

     Dynamical  Matrix in cartesian axes

     q = (   -0.125000000  -0.625000000  -0.875000000 ) 

    1    1
  0.08676471  0.00000000    0.01351333  0.00000000    0.00463988  0.00000000
  0.01351333  0.00000000    0.04197928  0.00000000    0.01258100  0.00000000
  0.00463988  0.00000000    0.01258100  0.00000000    0.05942665  0.00000000

     Dynamical  Matrix in cartesian axes

     q = (   -0.625000000  -0.875000000   0.125000000 ) 

    1    1
  0.04197928  0.00000000    0.01258100  0.00000000   -0.01351333  0.00000000
  0.01258100  0.00000000    0.05942665  0.00000000   -0.00463988  0.00000000
 -0.01351333  0.00000000   -0.00463988  0.00000000    0.08676471  0.00000000

     Dynamical  Matrix in cartesian axes

     q = (   -0.125000000  -0.625000000   0.875000000 ) 

    1    1
  0.08676471  0.00000000    0.01351333  0.00000000   -0.00463988  0.00000000
  0.01351333  0.00000000    0.04197928  0.00000000   -0.01258100  0.00000000
 -0.00463988  0.00000000   -0.01258100  0.00000000    0.05942665  0.00000000

     Dynamical  Matrix in cartesian axes

     q = (    0.875000000  -0.625000000   0.125000000 ) 

    1    1
  0.05942665  0.00000000   -0.01258100  0.00000000    0.00463988  0.00000000
 -0.01258100  0.00000000    0.04197928  0.00000000   -0.01351333  0.00000000
  0.00463988  0.00000000   -0.01351333  0.00000000    0.08676471  0.00000000

     Dynamical  Matrix in cartesian axes

     q = (    0.625000000   0.875000000   0.125000000 ) 

    1    1
  0.04197928  0.00000000    0.01258100  0.00000000    0.01351333  0.00000000
  0.01258100  0.00000000    0.05942665  0.00000000    0.00463988  0.00000000
  0.01351333  0.00000000    0.00463988  0.00000000    0.08676471  0.00000000

     Dynamical  Matrix in cartesian axes

     q = (    0.125000000  -0.625000000  -0.875000000 ) 

    1    1
  0.08676471  0.00000000   -0.01351333  0.00000000   -0.00463988  0.00000000
 -0.01351333  0.00000000    0.04197928  0.00000000    0.01258100  0.00000000
 -0.00463988  0.00000000    0.01258100  0.00000000    0.05942665  0.00000000

     Dynamical  Matrix in cartesian axes

     q = (    0.625000000   0.875000000  -0.125000000 ) 

    1    1
  0.04197928  0.00000000    0.01258100  0.00000000   -0.01351333  0.00000000
  0.01258100  0.00000000    0.05942665  0.00000000   -0.00463988  0.00000000
 -0.01351333  0.00000000   -0.00463988  0.00000000    0.08676471  0.00000000

     Dynamical  Matrix in cartesian axes

     q = (   -0.625000000  -0.875000000  -0.125000000 ) 

    1    1
  0.04197928  0.00000000    0.01258100  0.00000000    0.01351333  0.00000000
  0.01258100  0.00000000    0.05942665  0.00000000    0.00463988  0.00000000
  0.01351333  0.00000000    0.00463988  0.00000000    0.08676471  0.00000000

     Dynamical  Matrix in cartesian axes

     q = (   -0.625000000   0.875000000  -0.125000000 ) 

    1    1
  0.04197928  0.00000000   -0.01258100  0.00000000    0.01351333  0.00000000
 -0.01258100  0.00000000    0.05942665  0.00000000   -0.00463988  0.00000000
  0.01351333  0.00000000   -0.00463988  0.00000000    0.08676471  0.00000000

     Dynamical  Matrix in cartesian axes

     q = (    0.125000000  -0.875000000  -0.625000000 ) 

    1    1
  0.08676471  0.00000000   -0.00463988  0.00000000   -0.01351333  0.00000000
 -0.00463988  0.00000000    0.05942665  0.00000000    0.01258100  0.00000000
 -0.01351333  0.00000000    0.01258100  0.00000000    0.04197928  0.00000000

     Dynamical  Matrix in cartesian axes

     q = (   -0.125000000  -0.875000000   0.625000000 ) 

    1    1
  0.08676471  0.00000000    0.00463988  0.00000000   -0.01351333  0.00000000
  0.00463988  0.00000000    0.05942665  0.00000000   -0.01258100  0.00000000
 -0.01351333  0.00000000   -0.01258100  0.00000000    0.04197928  0.00000000

     Dynamical  Matrix in cartesian axes

     q = (    0.125000000   0.875000000   0.625000000 ) 

    1    1
  0.08676471  0.00000000    0.00463988  0.00000000    0.01351333  0.00000000
  0.00463988  0.00000000    0.05942665  0.00000000    0.01258100  0.00000000
  0.01351333  0.00000000    0.01258100  0.00000000    0.04197928  0.00000000

     Dynamical  Matrix in cartesian axes

     q = (    0.625000000  -0.875000000  -0.125000000 ) 

    1    1
  0.04197928  0.00000000   -0.01258100  0.00000000   -0.01351333  0.00000000
 -0.01258100  0.00000000    0.05942665  0.00000000    0.00463988  0.00000000
 -0.01351333  0.00000000    0.00463988  0.00000000    0.08676471  0.00000000

     Dynamical  Matrix in cartesian axes

     q = (   -0.875000000  -0.625000000   0.125000000 ) 

    1    1
  0.05942665  0.00000000    0.01258100  0.00000000   -0.00463988  0.00000000
  0.01258100  0.00000000    0.04197928  0.00000000   -0.01351333  0.00000000
 -0.00463988  0.00000000   -0.01351333  0.00000000    0.08676471  0.00000000

     Dynamical  Matrix in cartesian axes

     q = (   -0.625000000   0.875000000   0.125000000 ) 

    1    1
  0.04197928  0.00000000   -0.01258100  0.00000000   -0.01351333  0.00000000
 -0.01258100  0.00000000    0.05942665  0.00000000    0.00463988  0.00000000
 -0.01351333  0.00000000    0.00463988  0.00000000    0.08676471  0.00000000

     Dynamical  Matrix in cartesian axes

     q = (    0.875000000   0.625000000   0.125000000 ) 

    1    1
  0.05942665  0.00000000    0.01258100  0.00000000    0.00463988  0.00000000
  0.01258100  0.00000000    0.04197928  0.00000000    0.01351333  0.00000000
  0.00463988  0.00000000    0.01351333  0.00000000    0.08676471  0.00000000

     Dynamical  Matrix in cartesian axes

     q = (    0.875000000  -0.625000000  -0.125000000 ) 

    1    1
  0.05942665  0.00000000   -0.01258100  0.00000000   -0.00463988  0.00000000
 -0.01258100  0.00000000    0.04197928  0.00000000    0.01351333  0.00000000
 -0.00463988  0.00000000    0.01351333  0.00000000    0.08676471  0.00000000

     Diagonalizing the dynamical matrix

     q = (    0.625000000  -0.125000000   0.875000000 ) 

 **************************************************************************
     freq (    1) =       4.157490 [THz] =     138.678935 [cm-1]
 ( -0.896149  0.000000 -0.192392  0.000000  0.399878 -0.000000 ) 
     freq (    2) =       5.667613 [THz] =     189.051234 [cm-1]
 (  0.320408  0.000000  0.342909  0.000000  0.883036  0.000000 ) 
     freq (    3) =       6.912739 [THz] =     230.584156 [cm-1]
 (  0.307011  0.000000 -0.919455  0.000000  0.245654  0.000000 ) 
 **************************************************************************
