Dynamical matrix file
                                                                           
  1    1  2  8.4162477  0.0000000  0.0000000  0.0000000  0.0000000  0.0000000
           1  'Na  '    20954.103126620943     
    1    1      0.0000000000      0.0000000000      0.0000000000

     Dynamical  Matrix in cartesian axes

     q = (    0.625000000  -0.375000000   0.875000000 ) 

    1    1
  0.04043420  0.00000000   -0.02752352  0.00000000    0.01407866  0.00000000
 -0.02752352  0.00000000    0.06085967  0.00000000   -0.01343265  0.00000000
  0.01407866  0.00000000   -0.01343265  0.00000000    0.05077082  0.00000000

     Dynamical  Matrix in cartesian axes

     q = (    0.625000000  -0.375000000  -0.875000000 ) 

    1    1
  0.04043420  0.00000000   -0.02752352  0.00000000   -0.01407866  0.00000000
 -0.02752352  0.00000000    0.06085967  0.00000000    0.01343265  0.00000000
 -0.01407866  0.00000000    0.01343265  0.00000000    0.05077082  0.00000000

     Dynamical  Matrix in cartesian axes

     q = (    0.875000000   0.375000000   0.625000000 ) 

    1    1
  0.05077082  0.00000000    0.01343265  0.00000000    0.01407866  0.00000000
  0.01343265  0.00000000    0.06085967  0.00000000    0.02752352  0.00000000
  0.01407866  0.00000000    0.02752352  0.00000000    0.04043420  0.00000000

     Dynamical  Matrix in cartesian axes

     q = (    0.625000000   0.375000000   0.875000000 ) 

    1    1
  0.04043420  0.00000000    0.02752352  0.00000000    0.01407866  0.00000000
  0.02752352  0.00000000    0.06085967  0.00000000    0.01343265  0.00000000
  0.01407866  0.00000000    0.01343265  0.00000000    0.05077082  0.00000000

     Dynamical  Matrix in cartesian axes

     q = (    0.875000000  -0.375000000  -0.625000000 ) 

    1    1
  0.05077082  0.00000000   -0.01343265  0.00000000   -0.01407866  0.00000000
 -0.01343265  0.00000000    0.06085967  0.00000000    0.02752352  0.00000000
 -0.01407866  0.00000000    0.02752352  0.00000000    0.04043420  0.00000000

     Dynamical  Matrix in cartesian axes

     q = (    0.875000000  -0.375000000   0.625000000 ) 

    1    1
  0.05077082  0.00000000   -0.01343265  0.00000000    0.01407866  0.00000000
 -0.01343265  0.00000000    0.06085967  0.00000000   -0.02752352  0.00000000
  0.01407866  0.00000000   -0.02752352  0.00000000    0.04043420  0.00000000

     Dynamical  Matrix in cartesian axes

     q = (   -0.875000000  -0.375000000   0.625000000 ) 

    1    1
  0.05077082  0.00000000    0.01343265  0.00000000   -0.01407866  0.00000000
  0.01343265  0.00000000    0.06085967  0.00000000   -0.02752352  0.00000000
 -0.01407866  0.00000000   -0.02752352  0.00000000    0.04043420  0.00000000

     Dynamical  Matrix in cartesian axes

     q = (   -0.625000000  -0.375000000  -0.875000000 ) 

    1    1
  0.04043420  0.00000000    0.02752352  0.00000000    0.01407866  0.00000000
  0.02752352  0.00000000    0.06085967  0.00000000    0.01343265  0.00000000
  0.01407866  0.00000000    0.01343265  0.00000000    0.05077082  0.00000000

     Dynamical  Matrix in cartesian axes

     q = (   -0.875000000   0.375000000  -0.625000000 ) 

    1    1
  0.05077082  0.00000000   -0.01343265  0.00000000    0.01407866  0.00000000
 -0.01343265  0.00000000    0.06085967  0.00000000   -0.02752352  0.00000000
  0.01407866  0.00000000   -0.02752352  0.00000000    0.04043420  0.00000000

     Dynamical  Matrix in cartesian axes

     q = (   -0.625000000  -0.375000000   0.875000000 ) 

    1    1
  0.04043420  0.00000000    0.02752352  0.00000000   -0.01407866  0.00000000
  0.02752352  0.00000000    0.06085967  0.00000000   -0.01343265  0.00000000
 -0.01407866  0.00000000   -0.01343265  0.00000000    0.05077082  0.00000000

     Dynamical  Matrix in cartesian axes

     q = (   -0.875000000   0.375000000   0.625000000 ) 

    1    1
  0.05077082  0.00000000   -0.01343265  0.00000000   -0.01407866  0.00000000
 -0.01343265  0.00000000    0.06085967  0.00000000    0.02752352  0.00000000
 -0.01407866  0.00000000    0.02752352  0.00000000    0.04043420  0.00000000

     Dynamical  Matrix in cartesian axes

     q = (    0.875000000   0.375000000  -0.625000000 ) 

    1    1
  0.05077082  0.00000000    0.01343265  0.00000000   -0.01407866  0.00000000
  0.01343265  0.00000000    0.06085967  0.00000000   -0.02752352  0.00000000
 -0.01407866  0.00000000   -0.02752352  0.00000000    0.04043420  0.00000000

     Dynamical  Matrix in cartesian axes

     q = (   -0.625000000   0.375000000   0.875000000 ) 

    1    1
  0.04043420  0.00000000   -0.02752352  0.00000000   -0.01407866  0.00000000
 -0.02752352  0.00000000    0.06085967  0.00000000    0.01343265  0.00000000
 -0.01407866  0.00000000    0.01343265  0.00000000    0.05077082  0.00000000

     Dynamical  Matrix in cartesian axes

     q = (   -0.875000000  -0.375000000  -0.625000000 ) 

    1    1
  0.05077082  0.00000000    0.01343265  0.00000000    0.01407866  0.00000000
  0.01343265  0.00000000    0.06085967  0.00000000    0.02752352  0.00000000
  0.01407866  0.00000000    0.02752352  0.00000000    0.04043420  0.00000000

     Dynamical  Matrix in cartesian axes

     q = (    0.625000000   0.375000000  -0.875000000 ) 

    1    1
  0.04043420  0.00000000    0.02752352  0.00000000   -0.01407866  0.00000000
  0.02752352  0.00000000    0.06085967  0.00000000   -0.01343265  0.00000000
 -0.01407866  0.00000000   -0.01343265  0.00000000    0.05077082  0.00000000

     Dynamical  Matrix in cartesian axes

     q = (   -0.625000000   0.375000000  -0.875000000 ) 

    1    1
  0.04043420  0.00000000   -0.02752352  0.00000000    0.01407866  0.00000000
 -0.02752352  0.00000000    0.06085967  0.00000000   -0.01343265  0.00000000
  0.01407866  0.00000000   -0.01343265  0.00000000    0.05077082  0.00000000

     Dynamical  Matrix in cartesian axes

     q = (   -0.375000000   0.875000000   0.625000000 ) 

    1    1
  0.06085967  0.00000000   -0.01343265  0.00000000   -0.02752352  0.00000000
 -0.01343265  0.00000000    0.05077082  0.00000000    0.01407866  0.00000000
 -0.02752352  0.00000000    0.01407866  0.00000000    0.04043420  0.00000000

     Dynamical  Matrix in cartesian axes

     q = (    0.375000000   0.875000000  -0.625000000 ) 

    1    1
  0.06085967  0.00000000    0.01343265  0.00000000   -0.02752352  0.00000000
  0.01343265  0.00000000    0.05077082  0.00000000   -0.01407866  0.00000000
 -0.02752352  0.00000000   -0.01407866  0.00000000    0.04043420  0.00000000

     Dynamical  Matrix in cartesian axes

     q = (   -0.375000000  -0.875000000  -0.625000000 ) 

    1    1
  0.06085967  0.00000000    0.01343265  0.00000000    0.02752352  0.00000000
  0.01343265  0.00000000    0.05077082  0.00000000    0.01407866  0.00000000
  0.02752352  0.00000000    0.01407866  0.00000000    0.04043420  0.00000000

     Dynamical  Matrix in cartesian axes

     q = (   -0.375000000   0.625000000  -0.875000000 ) 

    1    1
  0.06085967  0.00000000   -0.02752352  0.00000000    0.01343265  0.00000000
 -0.02752352  0.00000000    0.04043420  0.00000000   -0.01407866  0.00000000
  0.01343265  0.00000000   -0.01407866  0.00000000    0.05077082  0.00000000

     Dynamical  Matrix in cartesian axes

     q = (    0.875000000   0.625000000  -0.375000000 ) 

    1    1
  0.05077082  0.00000000    0.01407866  0.00000000   -0.01343265  0.00000000
  0.01407866  0.00000000    0.04043420  0.00000000   -0.02752352  0.00000000
 -0.01343265  0.00000000   -0.02752352  0.00000000    0.06085967  0.00000000

     Dynamical  Matrix in cartesian axes

     q = (   -0.375000000   0.875000000  -0.625000000 ) 

    1    1
  0.06085967  0.00000000   -0.01343265  0.00000000    0.02752352  0.00000000
 -0.01343265  0.00000000    0.05077082  0.00000000   -0.01407866  0.00000000
  0.02752352  0.00000000   -0.01407866  0.00000000    0.04043420  0.00000000

     Dynamical  Matrix in cartesian axes

     q = (   -0.875000000  -0.625000000  -0.375000000 ) 

    1    1
  0.05077082  0.00000000    0.01407866  0.00000000    0.01343265  0.00000000
  0.01407866  0.00000000    0.04043420  0.00000000    0.02752352  0.00000000
  0.01343265  0.00000000    0.02752352  0.00000000    0.06085967  0.00000000

     Dynamical  Matrix in cartesian axes

     q = (   -0.875000000   0.625000000   0.375000000 ) 

    1    1
  0.05077082  0.00000000   -0.01407866  0.00000000   -0.01343265  0.00000000
 -0.01407866  0.00000000    0.04043420  0.00000000    0.02752352  0.00000000
 -0.01343265  0.00000000    0.02752352  0.00000000    0.06085967  0.00000000

     Dynamical  Matrix in cartesian axes

     q = (    0.375000000  -0.625000000   0.875000000 ) 

    1    1
  0.06085967  0.00000000   -0.02752352  0.00000000    0.01343265  0.00000000
 -0.02752352  0.00000000    0.04043420  0.00000000   -0.01407866  0.00000000
  0.01343265  0.00000000   -0.01407866  0.00000000    0.05077082  0.00000000

     Dynamical  Matrix in cartesian axes

     q = (    0.375000000  -0.875000000   0.625000000 ) 

    1    1
  0.06085967  0.00000000   -0.01343265  0.00000000    0.02752352  0.00000000
 -0.01343265  0.00000000    0.05077082  0.00000000   -0.01407866  0.00000000
  0.02752352  0.00000000   -0.01407866  0.00000000    0.04043420  0.00000000

     Dynamical  Matrix in cartesian axes

     q = (    0.625000000  -0.875000000   0.375000000 ) 

    1    1
  0.04043420  0.00000000   -0.01407866  0.00000000    0.02752352  0.00000000
 -0.01407866  0.00000000    0.05077082  0.00000000   -0.01343265  0.00000000
  0.02752352  0.00000000   -0.01343265  0.00000000    0.06085967  0.00000000

     Dynamical  Matrix in cartesian axes

     q = (   -0.875000000   0.625000000  -0.375000000 ) 

    1    1
  0.05077082  0.00000000   -0.01407866  0.00000000    0.01343265  0.00000000
 -0.01407866  0.00000000    0.04043420  0.00000000   -0.02752352  0.00000000
  0.01343265  0.00000000   -0.02752352  0.00000000    0.06085967  0.00000000

     Dynamical  Matrix in cartesian axes

     q = (    0.375000000   0.625000000   0.875000000 ) 

    1    1
  0.06085967  0.00000000    0.02752352  0.00000000    0.01343265  0.00000000
  0.02752352  0.00000000    0.04043420  0.00000000    0.01407866  0.00000000
  0.01343265  0.00000000    0.01407866  0.00000000    0.05077082  0.00000000

     Dynamical  Matrix in cartesian axes

     q = (   -0.375000000   0.625000000   0.875000000 ) 

    1    1
  0.06085967  0.00000000   -0.02752352  0.00000000   -0.01343265  0.00000000
 -0.02752352  0.00000000    0.04043420  0.00000000    0.01407866  0.00000000
 -0.01343265  0.00000000    0.01407866  0.00000000    0.05077082  0.00000000

     Dynamical  Matrix in cartesian axes

     q = (    0.375000000   0.625000000  -0.875000000 ) 

    1    1
  0.06085967  0.00000000    0.02752352  0.00000000   -0.01343265  0.00000000
  0.02752352  0.00000000    0.04043420  0.00000000   -0.01407866  0.00000000
 -0.01343265  0.00000000   -0.01407866  0.00000000    0.05077082  0.00000000

     Dynamical  Matrix in cartesian axes

     q = (   -0.375000000  -0.625000000  -0.875000000 ) 

    1    1
  0.06085967  0.00000000    0.02752352  0.00000000    0.01343265  0.00000000
  0.02752352  0.00000000    0.04043420  0.00000000    0.01407866  0.00000000
  0.01343265  0.00000000    0.01407866  0.00000000    0.05077082  0.00000000

     Dynamical  Matrix in cartesian axes

     q = (   -0.625000000  -0.875000000   0.375000000 ) 

    1    1
  0.04043420  0.00000000    0.01407866  0.00000000   -0.02752352  0.00000000
  0.01407866  0.00000000    0.05077082  0.00000000   -0.01343265  0.00000000
 -0.02752352  0.00000000   -0.01343265  0.00000000    0.06085967  0.00000000

     Dynamical  Matrix in cartesian axes

     q = (   -0.375000000  -0.625000000   0.875000000 ) 

    1    1
  0.06085967  0.00000000    0.02752352  0.00000000   -0.01343265  0.00000000
  0.02752352  0.00000000    0.04043420  0.00000000   -0.01407866  0.00000000
 -0.01343265  0.00000000   -0.01407866  0.00000000    0.05077082  0.00000000

     Dynamical  Matrix in cartesian axes

     q = (    0.875000000  -0.625000000   0.375000000 ) 

    1    1
  0.05077082  0.00000000   -0.01407866  0.00000000    0.01343265  0.00000000
 -0.01407866  0.00000000    0.04043420  0.00000000   -0.02752352  0.00000000
  0.01343265  0.00000000   -0.02752352  0.00000000    0.06085967  0.00000000

     Dynamical  Matrix in cartesian axes

     q = (    0.625000000   0.875000000   0.375000000 ) 

    1    1
  0.04043420  0.00000000    0.01407866  0.00000000    0.02752352  0.00000000
  0.01407866  0.00000000    0.05077082  0.00000000    0.01343265  0.00000000
  0.02752352  0.00000000    0.01343265  0.00000000    0.06085967  0.00000000

     Dynamical  Matrix in cartesian axes

     q = (    0.375000000  -0.625000000  -0.875000000 ) 

    1    1
  0.06085967  0.00000000   -0.02752352  0.00000000   -0.01343265  0.00000000
 -0.02752352  0.00000000    0.04043420  0.00000000    0.01407866  0.00000000
 -0.01343265  0.00000000    0.01407866  0.00000000    0.05077082  0.00000000

     Dynamical  Matrix in cartesian axes

     q = (    0.625000000   0.875000000  -0.375000000 ) 

    1    1
  0.04043420  0.00000000    0.01407866  0.00000000   -0.02752352  0.00000000
  0.01407866  0.00000000    0.05077082  0.00000000   -0.01343265  0.00000000
 -0.02752352  0.00000000   -0.01343265  0.00000000    0.06085967  0.00000000

     Dynamical  Matrix in cartesian axes

     q = (   -0.625000000  -0.875000000  -0.375000000 ) 

    1    1
  0.04043420  0.00000000    0.01407866  0.00000000    0.02752352  0.00000000
  0.01407866  0.00000000    0.05077082  0.00000000    0.01343265  0.00000000
  0.02752352  0.00000000    0.01343265  0.00000000    0.06085967  0.00000000

     Dynamical  Matrix in cartesian axes

     q = (   -0.625000000   0.875000000  -0.375000000 ) 

    1    1
  0.04043420  0.00000000   -0.01407866  0.00000000    0.02752352  0.00000000
 -0.01407866  0.00000000    0.05077082  0.00000000   -0.01343265  0.00000000
  0.02752352  0.00000000   -0.01343265  0.00000000    0.06085967  0.00000000

     Dynamical  Matrix in cartesian axes

     q = (    0.375000000  -0.875000000  -0.625000000 ) 

    1    1
  0.06085967  0.00000000   -0.01343265  0.00000000   -0.02752352  0.00000000
 -0.01343265  0.00000000    0.05077082  0.00000000    0.01407866  0.00000000
 -0.02752352  0.00000000    0.01407866  0.00000000    0.04043420  0.00000000

     Dynamical  Matrix in cartesian axes

     q = (   -0.375000000  -0.875000000   0.625000000 ) 

    1    1
  0.06085967  0.00000000    0.01343265  0.00000000   -0.02752352  0.00000000
  0.01343265  0.00000000    0.05077082  0.00000000   -0.01407866  0.00000000
 -0.02752352  0.00000000   -0.01407866  0.00000000    0.04043420  0.00000000

     Dynamical  Matrix in cartesian axes

     q = (    0.375000000   0.875000000   0.625000000 ) 

    1    1
  0.06085967  0.00000000    0.01343265  0.00000000    0.02752352  0.00000000
  0.01343265  0.00000000    0.05077082  0.00000000    0.01407866  0.00000000
  0.02752352  0.00000000    0.01407866  0.00000000    0.04043420  0.00000000

     Dynamical  Matrix in cartesian axes

     q = (    0.625000000  -0.875000000  -0.375000000 ) 

    1    1
  0.04043420  0.00000000   -0.01407866  0.00000000   -0.02752352  0.00000000
 -0.01407866  0.00000000    0.05077082  0.00000000    0.01343265  0.00000000
 -0.02752352  0.00000000    0.01343265  0.00000000    0.06085967  0.00000000

     Dynamical  Matrix in cartesian axes

     q = (   -0.875000000  -0.625000000   0.375000000 ) 

    1    1
  0.05077082  0.00000000    0.01407866  0.00000000   -0.01343265  0.00000000
  0.01407866  0.00000000    0.04043420  0.00000000   -0.02752352  0.00000000
 -0.01343265  0.00000000   -0.02752352  0.00000000    0.06085967  0.00000000

     Dynamical  Matrix in cartesian axes

     q = (   -0.625000000   0.875000000   0.375000000 ) 

    1    1
  0.04043420  0.00000000   -0.01407866  0.00000000   -0.02752352  0.00000000
 -0.01407866  0.00000000    0.05077082  0.00000000    0.01343265  0.00000000
 -0.02752352  0.00000000    0.01343265  0.00000000    0.06085967  0.00000000

     Dynamical  Matrix in cartesian axes

     q = (    0.875000000   0.625000000   0.375000000 ) 

    1    1
  0.05077082  0.00000000    0.01407866  0.00000000    0.01343265  0.00000000
  0.01407866  0.00000000    0.04043420  0.00000000    0.02752352  0.00000000
  0.01343265  0.00000000    0.02752352  0.00000000    0.06085967  0.00000000

     Dynamical  Matrix in cartesian axes

     q = (    0.875000000  -0.625000000  -0.375000000 ) 

    1    1
  0.05077082  0.00000000   -0.01407866  0.00000000   -0.01343265  0.00000000
 -0.01407866  0.00000000    0.04043420  0.00000000    0.02752352  0.00000000
 -0.01343265  0.00000000    0.02752352  0.00000000    0.06085967  0.00000000

     Diagonalizing the dynamical matrix

     q = (    0.625000000  -0.375000000   0.875000000 ) 

 **************************************************************************
     freq (    1) =       3.266649 [THz] =     108.963686 [cm-1]
 (  0.838608  0.000000  0.520777  0.000000 -0.159777  0.000000 ) 
     freq (    2) =       4.654825 [THz] =     155.268260 [cm-1]
 ( -0.116049  0.000000  0.457375  0.000000  0.881669  0.000000 ) 
     freq (    3) =       6.797422 [THz] =     226.737594 [cm-1]
 (  0.532231  0.000000 -0.720833  0.000000  0.443994  0.000000 ) 
 **************************************************************************
