Dynamical matrix file
                                                                           
  1    1  3  8.0017007  0.0000000  0.0000000  0.0000000  0.0000000  0.0000000
           1  'Na  '    20954.103126620943     
    1    1      0.0000000000      0.0000000000      0.0000000000

     Dynamical  Matrix in cartesian axes

     q = (   -0.125000000   0.750000000  -0.375000000 ) 

    1    1
  0.02046761  0.00000000   -0.00223380  0.00000000   -0.00317171  0.00000000
 -0.00223380  0.00000000    0.02264004  0.00000000   -0.01106094  0.00000000
 -0.00317171  0.00000000   -0.01106094  0.00000000    0.02206864  0.00000000

     Dynamical  Matrix in cartesian axes

     q = (    0.750000000  -0.125000000  -0.375000000 ) 

    1    1
  0.02264004  0.00000000   -0.00223380  0.00000000   -0.01106094  0.00000000
 -0.00223380  0.00000000    0.02046761  0.00000000   -0.00317171  0.00000000
 -0.01106094  0.00000000   -0.00317171  0.00000000    0.02206864  0.00000000

     Dynamical  Matrix in cartesian axes

     q = (   -0.125000000  -0.375000000   0.750000000 ) 

    1    1
  0.02046761  0.00000000   -0.00317171  0.00000000   -0.00223380  0.00000000
 -0.00317171  0.00000000    0.02206864  0.00000000   -0.01106094  0.00000000
 -0.00223380  0.00000000   -0.01106094  0.00000000    0.02264004  0.00000000

     Dynamical  Matrix in cartesian axes

     q = (    0.125000000  -0.375000000   0.750000000 ) 

    1    1
  0.02046761  0.00000000    0.00317171  0.00000000    0.00223380  0.00000000
  0.00317171  0.00000000    0.02206864  0.00000000   -0.01106094  0.00000000
  0.00223380  0.00000000   -0.01106094  0.00000000    0.02264004  0.00000000

     Dynamical  Matrix in cartesian axes

     q = (    0.750000000   0.125000000  -0.375000000 ) 

    1    1
  0.02264004  0.00000000    0.00223380  0.00000000   -0.01106094  0.00000000
  0.00223380  0.00000000    0.02046761  0.00000000    0.00317171  0.00000000
 -0.01106094  0.00000000    0.00317171  0.00000000    0.02206864  0.00000000

     Dynamical  Matrix in cartesian axes

     q = (   -0.125000000  -0.750000000  -0.375000000 ) 

    1    1
  0.02046761  0.00000000    0.00223380  0.00000000   -0.00317171  0.00000000
  0.00223380  0.00000000    0.02264004  0.00000000    0.01106094  0.00000000
 -0.00317171  0.00000000    0.01106094  0.00000000    0.02206864  0.00000000

     Dynamical  Matrix in cartesian axes

     q = (    0.125000000   0.750000000  -0.375000000 ) 

    1    1
  0.02046761  0.00000000    0.00223380  0.00000000    0.00317171  0.00000000
  0.00223380  0.00000000    0.02264004  0.00000000   -0.01106094  0.00000000
  0.00317171  0.00000000   -0.01106094  0.00000000    0.02206864  0.00000000

     Dynamical  Matrix in cartesian axes

     q = (    0.125000000  -0.750000000  -0.375000000 ) 

    1    1
  0.02046761  0.00000000   -0.00223380  0.00000000    0.00317171  0.00000000
 -0.00223380  0.00000000    0.02264004  0.00000000    0.01106094  0.00000000
  0.00317171  0.00000000    0.01106094  0.00000000    0.02206864  0.00000000

     Dynamical  Matrix in cartesian axes

     q = (   -0.750000000   0.375000000  -0.125000000 ) 

    1    1
  0.02264004  0.00000000   -0.01106094  0.00000000    0.00223380  0.00000000
 -0.01106094  0.00000000    0.02206864  0.00000000    0.00317171  0.00000000
  0.00223380  0.00000000    0.00317171  0.00000000    0.02046761  0.00000000

     Dynamical  Matrix in cartesian axes

     q = (    0.375000000   0.125000000   0.750000000 ) 

    1    1
  0.02206864  0.00000000   -0.00317171  0.00000000    0.01106094  0.00000000
 -0.00317171  0.00000000    0.02046761  0.00000000    0.00223380  0.00000000
  0.01106094  0.00000000    0.00223380  0.00000000    0.02264004  0.00000000

     Dynamical  Matrix in cartesian axes

     q = (   -0.375000000   0.125000000  -0.750000000 ) 

    1    1
  0.02206864  0.00000000    0.00317171  0.00000000    0.01106094  0.00000000
  0.00317171  0.00000000    0.02046761  0.00000000   -0.00223380  0.00000000
  0.01106094  0.00000000   -0.00223380  0.00000000    0.02264004  0.00000000

     Dynamical  Matrix in cartesian axes

     q = (   -0.125000000   0.375000000  -0.750000000 ) 

    1    1
  0.02046761  0.00000000    0.00317171  0.00000000    0.00223380  0.00000000
  0.00317171  0.00000000    0.02206864  0.00000000   -0.01106094  0.00000000
  0.00223380  0.00000000   -0.01106094  0.00000000    0.02264004  0.00000000

     Dynamical  Matrix in cartesian axes

     q = (    0.375000000  -0.125000000  -0.750000000 ) 

    1    1
  0.02206864  0.00000000    0.00317171  0.00000000   -0.01106094  0.00000000
  0.00317171  0.00000000    0.02046761  0.00000000    0.00223380  0.00000000
 -0.01106094  0.00000000    0.00223380  0.00000000    0.02264004  0.00000000

     Dynamical  Matrix in cartesian axes

     q = (   -0.375000000  -0.125000000   0.750000000 ) 

    1    1
  0.02206864  0.00000000   -0.00317171  0.00000000   -0.01106094  0.00000000
 -0.00317171  0.00000000    0.02046761  0.00000000   -0.00223380  0.00000000
 -0.01106094  0.00000000   -0.00223380  0.00000000    0.02264004  0.00000000

     Dynamical  Matrix in cartesian axes

     q = (    0.125000000   0.750000000   0.375000000 ) 

    1    1
  0.02046761  0.00000000    0.00223380  0.00000000   -0.00317171  0.00000000
  0.00223380  0.00000000    0.02264004  0.00000000    0.01106094  0.00000000
 -0.00317171  0.00000000    0.01106094  0.00000000    0.02206864  0.00000000

     Dynamical  Matrix in cartesian axes

     q = (   -0.750000000  -0.125000000   0.375000000 ) 

    1    1
  0.02264004  0.00000000    0.00223380  0.00000000   -0.01106094  0.00000000
  0.00223380  0.00000000    0.02046761  0.00000000    0.00317171  0.00000000
 -0.01106094  0.00000000    0.00317171  0.00000000    0.02206864  0.00000000

     Dynamical  Matrix in cartesian axes

     q = (    0.750000000   0.125000000   0.375000000 ) 

    1    1
  0.02264004  0.00000000    0.00223380  0.00000000    0.01106094  0.00000000
  0.00223380  0.00000000    0.02046761  0.00000000   -0.00317171  0.00000000
  0.01106094  0.00000000   -0.00317171  0.00000000    0.02206864  0.00000000

     Dynamical  Matrix in cartesian axes

     q = (    0.375000000   0.750000000   0.125000000 ) 

    1    1
  0.02206864  0.00000000    0.01106094  0.00000000   -0.00317171  0.00000000
  0.01106094  0.00000000    0.02264004  0.00000000    0.00223380  0.00000000
 -0.00317171  0.00000000    0.00223380  0.00000000    0.02046761  0.00000000

     Dynamical  Matrix in cartesian axes

     q = (    0.375000000  -0.750000000  -0.125000000 ) 

    1    1
  0.02206864  0.00000000   -0.01106094  0.00000000    0.00317171  0.00000000
 -0.01106094  0.00000000    0.02264004  0.00000000    0.00223380  0.00000000
  0.00317171  0.00000000    0.00223380  0.00000000    0.02046761  0.00000000

     Dynamical  Matrix in cartesian axes

     q = (   -0.375000000  -0.750000000   0.125000000 ) 

    1    1
  0.02206864  0.00000000    0.01106094  0.00000000    0.00317171  0.00000000
  0.01106094  0.00000000    0.02264004  0.00000000   -0.00223380  0.00000000
  0.00317171  0.00000000   -0.00223380  0.00000000    0.02046761  0.00000000

     Dynamical  Matrix in cartesian axes

     q = (    0.125000000   0.375000000  -0.750000000 ) 

    1    1
  0.02046761  0.00000000   -0.00317171  0.00000000   -0.00223380  0.00000000
 -0.00317171  0.00000000    0.02206864  0.00000000   -0.01106094  0.00000000
 -0.00223380  0.00000000   -0.01106094  0.00000000    0.02264004  0.00000000

     Dynamical  Matrix in cartesian axes

     q = (    0.750000000  -0.375000000  -0.125000000 ) 

    1    1
  0.02264004  0.00000000   -0.01106094  0.00000000   -0.00223380  0.00000000
 -0.01106094  0.00000000    0.02206864  0.00000000   -0.00317171  0.00000000
 -0.00223380  0.00000000   -0.00317171  0.00000000    0.02046761  0.00000000

     Dynamical  Matrix in cartesian axes

     q = (    0.125000000   0.375000000   0.750000000 ) 

    1    1
  0.02046761  0.00000000   -0.00317171  0.00000000    0.00223380  0.00000000
 -0.00317171  0.00000000    0.02206864  0.00000000    0.01106094  0.00000000
  0.00223380  0.00000000    0.01106094  0.00000000    0.02264004  0.00000000

     Dynamical  Matrix in cartesian axes

     q = (    0.125000000  -0.375000000  -0.750000000 ) 

    1    1
  0.02046761  0.00000000    0.00317171  0.00000000   -0.00223380  0.00000000
  0.00317171  0.00000000    0.02206864  0.00000000    0.01106094  0.00000000
 -0.00223380  0.00000000    0.01106094  0.00000000    0.02264004  0.00000000

     Dynamical  Matrix in cartesian axes

     q = (   -0.750000000   0.125000000   0.375000000 ) 

    1    1
  0.02264004  0.00000000   -0.00223380  0.00000000   -0.01106094  0.00000000
 -0.00223380  0.00000000    0.02046761  0.00000000   -0.00317171  0.00000000
 -0.01106094  0.00000000   -0.00317171  0.00000000    0.02206864  0.00000000

     Dynamical  Matrix in cartesian axes

     q = (   -0.125000000   0.750000000   0.375000000 ) 

    1    1
  0.02046761  0.00000000   -0.00223380  0.00000000    0.00317171  0.00000000
 -0.00223380  0.00000000    0.02264004  0.00000000    0.01106094  0.00000000
  0.00317171  0.00000000    0.01106094  0.00000000    0.02206864  0.00000000

     Dynamical  Matrix in cartesian axes

     q = (   -0.125000000  -0.750000000   0.375000000 ) 

    1    1
  0.02046761  0.00000000    0.00223380  0.00000000    0.00317171  0.00000000
  0.00223380  0.00000000    0.02264004  0.00000000   -0.01106094  0.00000000
  0.00317171  0.00000000   -0.01106094  0.00000000    0.02206864  0.00000000

     Dynamical  Matrix in cartesian axes

     q = (   -0.125000000  -0.375000000  -0.750000000 ) 

    1    1
  0.02046761  0.00000000   -0.00317171  0.00000000    0.00223380  0.00000000
 -0.00317171  0.00000000    0.02206864  0.00000000    0.01106094  0.00000000
  0.00223380  0.00000000    0.01106094  0.00000000    0.02264004  0.00000000

     Dynamical  Matrix in cartesian axes

     q = (   -0.750000000   0.125000000  -0.375000000 ) 

    1    1
  0.02264004  0.00000000   -0.00223380  0.00000000    0.01106094  0.00000000
 -0.00223380  0.00000000    0.02046761  0.00000000    0.00317171  0.00000000
  0.01106094  0.00000000    0.00317171  0.00000000    0.02206864  0.00000000

     Dynamical  Matrix in cartesian axes

     q = (    0.125000000  -0.750000000   0.375000000 ) 

    1    1
  0.02046761  0.00000000   -0.00223380  0.00000000   -0.00317171  0.00000000
 -0.00223380  0.00000000    0.02264004  0.00000000   -0.01106094  0.00000000
 -0.00317171  0.00000000   -0.01106094  0.00000000    0.02206864  0.00000000

     Dynamical  Matrix in cartesian axes

     q = (   -0.125000000   0.375000000   0.750000000 ) 

    1    1
  0.02046761  0.00000000    0.00317171  0.00000000   -0.00223380  0.00000000
  0.00317171  0.00000000    0.02206864  0.00000000    0.01106094  0.00000000
 -0.00223380  0.00000000    0.01106094  0.00000000    0.02264004  0.00000000

     Dynamical  Matrix in cartesian axes

     q = (   -0.750000000  -0.125000000  -0.375000000 ) 

    1    1
  0.02264004  0.00000000    0.00223380  0.00000000    0.01106094  0.00000000
  0.00223380  0.00000000    0.02046761  0.00000000   -0.00317171  0.00000000
  0.01106094  0.00000000   -0.00317171  0.00000000    0.02206864  0.00000000

     Dynamical  Matrix in cartesian axes

     q = (   -0.375000000   0.750000000  -0.125000000 ) 

    1    1
  0.02206864  0.00000000   -0.01106094  0.00000000   -0.00317171  0.00000000
 -0.01106094  0.00000000    0.02264004  0.00000000   -0.00223380  0.00000000
 -0.00317171  0.00000000   -0.00223380  0.00000000    0.02046761  0.00000000

     Dynamical  Matrix in cartesian axes

     q = (   -0.750000000  -0.375000000   0.125000000 ) 

    1    1
  0.02264004  0.00000000    0.01106094  0.00000000   -0.00223380  0.00000000
  0.01106094  0.00000000    0.02206864  0.00000000    0.00317171  0.00000000
 -0.00223380  0.00000000    0.00317171  0.00000000    0.02046761  0.00000000

     Dynamical  Matrix in cartesian axes

     q = (    0.750000000   0.375000000   0.125000000 ) 

    1    1
  0.02264004  0.00000000    0.01106094  0.00000000    0.00223380  0.00000000
  0.01106094  0.00000000    0.02206864  0.00000000   -0.00317171  0.00000000
  0.00223380  0.00000000   -0.00317171  0.00000000    0.02046761  0.00000000

     Dynamical  Matrix in cartesian axes

     q = (   -0.375000000  -0.750000000  -0.125000000 ) 

    1    1
  0.02206864  0.00000000    0.01106094  0.00000000   -0.00317171  0.00000000
  0.01106094  0.00000000    0.02264004  0.00000000    0.00223380  0.00000000
 -0.00317171  0.00000000    0.00223380  0.00000000    0.02046761  0.00000000

     Dynamical  Matrix in cartesian axes

     q = (    0.375000000  -0.750000000   0.125000000 ) 

    1    1
  0.02206864  0.00000000   -0.01106094  0.00000000   -0.00317171  0.00000000
 -0.01106094  0.00000000    0.02264004  0.00000000   -0.00223380  0.00000000
 -0.00317171  0.00000000   -0.00223380  0.00000000    0.02046761  0.00000000

     Dynamical  Matrix in cartesian axes

     q = (   -0.375000000   0.750000000   0.125000000 ) 

    1    1
  0.02206864  0.00000000   -0.01106094  0.00000000    0.00317171  0.00000000
 -0.01106094  0.00000000    0.02264004  0.00000000    0.00223380  0.00000000
  0.00317171  0.00000000    0.00223380  0.00000000    0.02046761  0.00000000

     Dynamical  Matrix in cartesian axes

     q = (    0.375000000   0.750000000  -0.125000000 ) 

    1    1
  0.02206864  0.00000000    0.01106094  0.00000000    0.00317171  0.00000000
  0.01106094  0.00000000    0.02264004  0.00000000   -0.00223380  0.00000000
  0.00317171  0.00000000   -0.00223380  0.00000000    0.02046761  0.00000000

     Dynamical  Matrix in cartesian axes

     q = (    0.750000000  -0.125000000   0.375000000 ) 

    1    1
  0.02264004  0.00000000   -0.00223380  0.00000000    0.01106094  0.00000000
 -0.00223380  0.00000000    0.02046761  0.00000000    0.00317171  0.00000000
  0.01106094  0.00000000    0.00317171  0.00000000    0.02206864  0.00000000

     Dynamical  Matrix in cartesian axes

     q = (   -0.750000000   0.375000000   0.125000000 ) 

    1    1
  0.02264004  0.00000000   -0.01106094  0.00000000   -0.00223380  0.00000000
 -0.01106094  0.00000000    0.02206864  0.00000000   -0.00317171  0.00000000
 -0.00223380  0.00000000   -0.00317171  0.00000000    0.02046761  0.00000000

     Dynamical  Matrix in cartesian axes

     q = (    0.750000000   0.375000000  -0.125000000 ) 

    1    1
  0.02264004  0.00000000    0.01106094  0.00000000   -0.00223380  0.00000000
  0.01106094  0.00000000    0.02206864  0.00000000    0.00317171  0.00000000
 -0.00223380  0.00000000    0.00317171  0.00000000    0.02046761  0.00000000

     Dynamical  Matrix in cartesian axes

     q = (   -0.750000000  -0.375000000  -0.125000000 ) 

    1    1
  0.02264004  0.00000000    0.01106094  0.00000000    0.00223380  0.00000000
  0.01106094  0.00000000    0.02206864  0.00000000   -0.00317171  0.00000000
  0.00223380  0.00000000   -0.00317171  0.00000000    0.02046761  0.00000000

     Dynamical  Matrix in cartesian axes

     q = (    0.750000000  -0.375000000   0.125000000 ) 

    1    1
  0.02264004  0.00000000   -0.01106094  0.00000000    0.00223380  0.00000000
 -0.01106094  0.00000000    0.02206864  0.00000000    0.00317171  0.00000000
  0.00223380  0.00000000    0.00317171  0.00000000    0.02046761  0.00000000

     Dynamical  Matrix in cartesian axes

     q = (    0.375000000   0.125000000  -0.750000000 ) 

    1    1
  0.02206864  0.00000000   -0.00317171  0.00000000   -0.01106094  0.00000000
 -0.00317171  0.00000000    0.02046761  0.00000000   -0.00223380  0.00000000
 -0.01106094  0.00000000   -0.00223380  0.00000000    0.02264004  0.00000000

     Dynamical  Matrix in cartesian axes

     q = (    0.375000000  -0.125000000   0.750000000 ) 

    1    1
  0.02206864  0.00000000    0.00317171  0.00000000    0.01106094  0.00000000
  0.00317171  0.00000000    0.02046761  0.00000000   -0.00223380  0.00000000
  0.01106094  0.00000000   -0.00223380  0.00000000    0.02264004  0.00000000

     Dynamical  Matrix in cartesian axes

     q = (   -0.375000000  -0.125000000  -0.750000000 ) 

    1    1
  0.02206864  0.00000000   -0.00317171  0.00000000    0.01106094  0.00000000
 -0.00317171  0.00000000    0.02046761  0.00000000    0.00223380  0.00000000
  0.01106094  0.00000000    0.00223380  0.00000000    0.02264004  0.00000000

     Dynamical  Matrix in cartesian axes

     q = (   -0.375000000   0.125000000   0.750000000 ) 

    1    1
  0.02206864  0.00000000    0.00317171  0.00000000   -0.01106094  0.00000000
  0.00317171  0.00000000    0.02046761  0.00000000    0.00223380  0.00000000
 -0.01106094  0.00000000    0.00223380  0.00000000    0.02264004  0.00000000

     Diagonalizing the dynamical matrix

     q = (   -0.125000000   0.750000000  -0.375000000 ) 

 **************************************************************************
     freq (    1) =       2.261212 [THz] =      75.425903 [cm-1]
 ( -0.341202  0.000000 -0.649629  0.000000 -0.679384  0.000000 ) 
     freq (    2) =       3.357706 [THz] =     112.001015 [cm-1]
 (  0.938672  0.000000 -0.273734  0.000000 -0.209677  0.000000 ) 
     freq (    3) =       4.156575 [THz] =     138.648433 [cm-1]
 (  0.049759  0.000000  0.709261  0.000000 -0.703188  0.000000 ) 
 **************************************************************************
