Dynamical matrix file
                                                                           
  1    1  3  8.0017007  0.0000000  0.0000000  0.0000000  0.0000000  0.0000000
           1  'Na  '    20954.103126620943     
    1    1      0.0000000000      0.0000000000      0.0000000000

     Dynamical  Matrix in cartesian axes

     q = (   -0.125000000  -0.250000000   0.375000000 ) 

    1    1
  0.01138534  0.00000000    0.00189681  0.00000000   -0.00283302  0.00000000
  0.00189681  0.00000000    0.01553233  0.00000000   -0.00790951  0.00000000
 -0.00283302  0.00000000   -0.00790951  0.00000000    0.01334001  0.00000000

     Dynamical  Matrix in cartesian axes

     q = (   -0.250000000  -0.125000000   0.375000000 ) 

    1    1
  0.01553233  0.00000000    0.00189681  0.00000000   -0.00790951  0.00000000
  0.00189681  0.00000000    0.01138534  0.00000000   -0.00283302  0.00000000
 -0.00790951  0.00000000   -0.00283302  0.00000000    0.01334001  0.00000000

     Dynamical  Matrix in cartesian axes

     q = (   -0.125000000  -0.375000000   0.250000000 ) 

    1    1
  0.01138534  0.00000000    0.00283302  0.00000000   -0.00189681  0.00000000
  0.00283302  0.00000000    0.01334001  0.00000000   -0.00790951  0.00000000
 -0.00189681  0.00000000   -0.00790951  0.00000000    0.01553233  0.00000000

     Dynamical  Matrix in cartesian axes

     q = (    0.125000000  -0.375000000   0.250000000 ) 

    1    1
  0.01138534  0.00000000   -0.00283302  0.00000000    0.00189681  0.00000000
 -0.00283302  0.00000000    0.01334001  0.00000000   -0.00790951  0.00000000
  0.00189681  0.00000000   -0.00790951  0.00000000    0.01553233  0.00000000

     Dynamical  Matrix in cartesian axes

     q = (   -0.125000000   0.250000000  -0.375000000 ) 

    1    1
  0.01138534  0.00000000   -0.00189681  0.00000000    0.00283302  0.00000000
 -0.00189681  0.00000000    0.01553233  0.00000000   -0.00790951  0.00000000
  0.00283302  0.00000000   -0.00790951  0.00000000    0.01334001  0.00000000

     Dynamical  Matrix in cartesian axes

     q = (   -0.125000000   0.375000000  -0.250000000 ) 

    1    1
  0.01138534  0.00000000   -0.00283302  0.00000000    0.00189681  0.00000000
 -0.00283302  0.00000000    0.01334001  0.00000000   -0.00790951  0.00000000
  0.00189681  0.00000000   -0.00790951  0.00000000    0.01553233  0.00000000

     Dynamical  Matrix in cartesian axes

     q = (    0.125000000   0.250000000  -0.375000000 ) 

    1    1
  0.01138534  0.00000000    0.00189681  0.00000000   -0.00283302  0.00000000
  0.00189681  0.00000000    0.01553233  0.00000000   -0.00790951  0.00000000
 -0.00283302  0.00000000   -0.00790951  0.00000000    0.01334001  0.00000000

     Dynamical  Matrix in cartesian axes

     q = (    0.125000000   0.375000000  -0.250000000 ) 

    1    1
  0.01138534  0.00000000    0.00283302  0.00000000   -0.00189681  0.00000000
  0.00283302  0.00000000    0.01334001  0.00000000   -0.00790951  0.00000000
 -0.00189681  0.00000000   -0.00790951  0.00000000    0.01553233  0.00000000

     Dynamical  Matrix in cartesian axes

     q = (    0.250000000  -0.375000000  -0.125000000 ) 

    1    1
  0.01553233  0.00000000   -0.00790951  0.00000000   -0.00189681  0.00000000
 -0.00790951  0.00000000    0.01334001  0.00000000    0.00283302  0.00000000
 -0.00189681  0.00000000    0.00283302  0.00000000    0.01138534  0.00000000

     Dynamical  Matrix in cartesian axes

     q = (   -0.375000000   0.125000000  -0.250000000 ) 

    1    1
  0.01334001  0.00000000   -0.00283302  0.00000000    0.00790951  0.00000000
 -0.00283302  0.00000000    0.01138534  0.00000000   -0.00189681  0.00000000
  0.00790951  0.00000000   -0.00189681  0.00000000    0.01553233  0.00000000

     Dynamical  Matrix in cartesian axes

     q = (    0.375000000   0.125000000   0.250000000 ) 

    1    1
  0.01334001  0.00000000    0.00283302  0.00000000    0.00790951  0.00000000
  0.00283302  0.00000000    0.01138534  0.00000000    0.00189681  0.00000000
  0.00790951  0.00000000    0.00189681  0.00000000    0.01553233  0.00000000

     Dynamical  Matrix in cartesian axes

     q = (    0.250000000   0.125000000   0.375000000 ) 

    1    1
  0.01553233  0.00000000    0.00189681  0.00000000    0.00790951  0.00000000
  0.00189681  0.00000000    0.01138534  0.00000000    0.00283302  0.00000000
  0.00790951  0.00000000    0.00283302  0.00000000    0.01334001  0.00000000

     Dynamical  Matrix in cartesian axes

     q = (   -0.375000000  -0.125000000   0.250000000 ) 

    1    1
  0.01334001  0.00000000    0.00283302  0.00000000   -0.00790951  0.00000000
  0.00283302  0.00000000    0.01138534  0.00000000   -0.00189681  0.00000000
 -0.00790951  0.00000000   -0.00189681  0.00000000    0.01553233  0.00000000

     Dynamical  Matrix in cartesian axes

     q = (    0.375000000  -0.125000000  -0.250000000 ) 

    1    1
  0.01334001  0.00000000   -0.00283302  0.00000000   -0.00790951  0.00000000
 -0.00283302  0.00000000    0.01138534  0.00000000    0.00189681  0.00000000
 -0.00790951  0.00000000    0.00189681  0.00000000    0.01553233  0.00000000

     Dynamical  Matrix in cartesian axes

     q = (    0.125000000  -0.250000000  -0.375000000 ) 

    1    1
  0.01138534  0.00000000   -0.00189681  0.00000000   -0.00283302  0.00000000
 -0.00189681  0.00000000    0.01553233  0.00000000    0.00790951  0.00000000
 -0.00283302  0.00000000    0.00790951  0.00000000    0.01334001  0.00000000

     Dynamical  Matrix in cartesian axes

     q = (    0.250000000  -0.125000000  -0.375000000 ) 

    1    1
  0.01553233  0.00000000   -0.00189681  0.00000000   -0.00790951  0.00000000
 -0.00189681  0.00000000    0.01138534  0.00000000    0.00283302  0.00000000
 -0.00790951  0.00000000    0.00283302  0.00000000    0.01334001  0.00000000

     Dynamical  Matrix in cartesian axes

     q = (   -0.250000000   0.125000000  -0.375000000 ) 

    1    1
  0.01553233  0.00000000   -0.00189681  0.00000000    0.00790951  0.00000000
 -0.00189681  0.00000000    0.01138534  0.00000000   -0.00283302  0.00000000
  0.00790951  0.00000000   -0.00283302  0.00000000    0.01334001  0.00000000

     Dynamical  Matrix in cartesian axes

     q = (   -0.375000000  -0.250000000   0.125000000 ) 

    1    1
  0.01334001  0.00000000    0.00790951  0.00000000   -0.00283302  0.00000000
  0.00790951  0.00000000    0.01553233  0.00000000   -0.00189681  0.00000000
 -0.00283302  0.00000000   -0.00189681  0.00000000    0.01138534  0.00000000

     Dynamical  Matrix in cartesian axes

     q = (   -0.375000000   0.250000000  -0.125000000 ) 

    1    1
  0.01334001  0.00000000   -0.00790951  0.00000000    0.00283302  0.00000000
 -0.00790951  0.00000000    0.01553233  0.00000000   -0.00189681  0.00000000
  0.00283302  0.00000000   -0.00189681  0.00000000    0.01138534  0.00000000

     Dynamical  Matrix in cartesian axes

     q = (    0.375000000   0.250000000   0.125000000 ) 

    1    1
  0.01334001  0.00000000    0.00790951  0.00000000    0.00283302  0.00000000
  0.00790951  0.00000000    0.01553233  0.00000000    0.00189681  0.00000000
  0.00283302  0.00000000    0.00189681  0.00000000    0.01138534  0.00000000

     Dynamical  Matrix in cartesian axes

     q = (    0.250000000  -0.125000000   0.375000000 ) 

    1    1
  0.01553233  0.00000000   -0.00189681  0.00000000    0.00790951  0.00000000
 -0.00189681  0.00000000    0.01138534  0.00000000   -0.00283302  0.00000000
  0.00790951  0.00000000   -0.00283302  0.00000000    0.01334001  0.00000000

     Dynamical  Matrix in cartesian axes

     q = (   -0.250000000   0.375000000  -0.125000000 ) 

    1    1
  0.01553233  0.00000000   -0.00790951  0.00000000    0.00189681  0.00000000
 -0.00790951  0.00000000    0.01334001  0.00000000   -0.00283302  0.00000000
  0.00189681  0.00000000   -0.00283302  0.00000000    0.01138534  0.00000000

     Dynamical  Matrix in cartesian axes

     q = (    0.125000000  -0.375000000  -0.250000000 ) 

    1    1
  0.01138534  0.00000000   -0.00283302  0.00000000   -0.00189681  0.00000000
 -0.00283302  0.00000000    0.01334001  0.00000000    0.00790951  0.00000000
 -0.00189681  0.00000000    0.00790951  0.00000000    0.01553233  0.00000000

     Dynamical  Matrix in cartesian axes

     q = (    0.125000000   0.375000000   0.250000000 ) 

    1    1
  0.01138534  0.00000000    0.00283302  0.00000000    0.00189681  0.00000000
  0.00283302  0.00000000    0.01334001  0.00000000    0.00790951  0.00000000
  0.00189681  0.00000000    0.00790951  0.00000000    0.01553233  0.00000000

     Dynamical  Matrix in cartesian axes

     q = (    0.250000000   0.125000000  -0.375000000 ) 

    1    1
  0.01553233  0.00000000    0.00189681  0.00000000   -0.00790951  0.00000000
  0.00189681  0.00000000    0.01138534  0.00000000   -0.00283302  0.00000000
 -0.00790951  0.00000000   -0.00283302  0.00000000    0.01334001  0.00000000

     Dynamical  Matrix in cartesian axes

     q = (   -0.125000000  -0.250000000  -0.375000000 ) 

    1    1
  0.01138534  0.00000000    0.00189681  0.00000000    0.00283302  0.00000000
  0.00189681  0.00000000    0.01553233  0.00000000    0.00790951  0.00000000
  0.00283302  0.00000000    0.00790951  0.00000000    0.01334001  0.00000000

     Dynamical  Matrix in cartesian axes

     q = (   -0.250000000   0.125000000   0.375000000 ) 

    1    1
  0.01553233  0.00000000   -0.00189681  0.00000000   -0.00790951  0.00000000
 -0.00189681  0.00000000    0.01138534  0.00000000    0.00283302  0.00000000
 -0.00790951  0.00000000    0.00283302  0.00000000    0.01334001  0.00000000

     Dynamical  Matrix in cartesian axes

     q = (   -0.125000000   0.375000000   0.250000000 ) 

    1    1
  0.01138534  0.00000000   -0.00283302  0.00000000   -0.00189681  0.00000000
 -0.00283302  0.00000000    0.01334001  0.00000000    0.00790951  0.00000000
 -0.00189681  0.00000000    0.00790951  0.00000000    0.01553233  0.00000000

     Dynamical  Matrix in cartesian axes

     q = (   -0.125000000   0.250000000   0.375000000 ) 

    1    1
  0.01138534  0.00000000   -0.00189681  0.00000000   -0.00283302  0.00000000
 -0.00189681  0.00000000    0.01553233  0.00000000    0.00790951  0.00000000
 -0.00283302  0.00000000    0.00790951  0.00000000    0.01334001  0.00000000

     Dynamical  Matrix in cartesian axes

     q = (    0.125000000  -0.250000000   0.375000000 ) 

    1    1
  0.01138534  0.00000000   -0.00189681  0.00000000    0.00283302  0.00000000
 -0.00189681  0.00000000    0.01553233  0.00000000   -0.00790951  0.00000000
  0.00283302  0.00000000   -0.00790951  0.00000000    0.01334001  0.00000000

     Dynamical  Matrix in cartesian axes

     q = (   -0.125000000  -0.375000000  -0.250000000 ) 

    1    1
  0.01138534  0.00000000    0.00283302  0.00000000    0.00189681  0.00000000
  0.00283302  0.00000000    0.01334001  0.00000000    0.00790951  0.00000000
  0.00189681  0.00000000    0.00790951  0.00000000    0.01553233  0.00000000

     Dynamical  Matrix in cartesian axes

     q = (    0.125000000   0.250000000   0.375000000 ) 

    1    1
  0.01138534  0.00000000    0.00189681  0.00000000    0.00283302  0.00000000
  0.00189681  0.00000000    0.01553233  0.00000000    0.00790951  0.00000000
  0.00283302  0.00000000    0.00790951  0.00000000    0.01334001  0.00000000

     Dynamical  Matrix in cartesian axes

     q = (    0.375000000  -0.250000000  -0.125000000 ) 

    1    1
  0.01334001  0.00000000   -0.00790951  0.00000000   -0.00283302  0.00000000
 -0.00790951  0.00000000    0.01553233  0.00000000    0.00189681  0.00000000
 -0.00283302  0.00000000    0.00189681  0.00000000    0.01138534  0.00000000

     Dynamical  Matrix in cartesian axes

     q = (    0.250000000   0.375000000   0.125000000 ) 

    1    1
  0.01553233  0.00000000    0.00790951  0.00000000    0.00189681  0.00000000
  0.00790951  0.00000000    0.01334001  0.00000000    0.00283302  0.00000000
  0.00189681  0.00000000    0.00283302  0.00000000    0.01138534  0.00000000

     Dynamical  Matrix in cartesian axes

     q = (   -0.250000000  -0.375000000   0.125000000 ) 

    1    1
  0.01553233  0.00000000    0.00790951  0.00000000   -0.00189681  0.00000000
  0.00790951  0.00000000    0.01334001  0.00000000   -0.00283302  0.00000000
 -0.00189681  0.00000000   -0.00283302  0.00000000    0.01138534  0.00000000

     Dynamical  Matrix in cartesian axes

     q = (    0.375000000   0.250000000  -0.125000000 ) 

    1    1
  0.01334001  0.00000000    0.00790951  0.00000000   -0.00283302  0.00000000
  0.00790951  0.00000000    0.01553233  0.00000000   -0.00189681  0.00000000
 -0.00283302  0.00000000   -0.00189681  0.00000000    0.01138534  0.00000000

     Dynamical  Matrix in cartesian axes

     q = (   -0.375000000   0.250000000   0.125000000 ) 

    1    1
  0.01334001  0.00000000   -0.00790951  0.00000000   -0.00283302  0.00000000
 -0.00790951  0.00000000    0.01553233  0.00000000    0.00189681  0.00000000
 -0.00283302  0.00000000    0.00189681  0.00000000    0.01138534  0.00000000

     Dynamical  Matrix in cartesian axes

     q = (    0.375000000  -0.250000000   0.125000000 ) 

    1    1
  0.01334001  0.00000000   -0.00790951  0.00000000    0.00283302  0.00000000
 -0.00790951  0.00000000    0.01553233  0.00000000   -0.00189681  0.00000000
  0.00283302  0.00000000   -0.00189681  0.00000000    0.01138534  0.00000000

     Dynamical  Matrix in cartesian axes

     q = (   -0.375000000  -0.250000000  -0.125000000 ) 

    1    1
  0.01334001  0.00000000    0.00790951  0.00000000    0.00283302  0.00000000
  0.00790951  0.00000000    0.01553233  0.00000000    0.00189681  0.00000000
  0.00283302  0.00000000    0.00189681  0.00000000    0.01138534  0.00000000

     Dynamical  Matrix in cartesian axes

     q = (   -0.250000000  -0.125000000  -0.375000000 ) 

    1    1
  0.01553233  0.00000000    0.00189681  0.00000000    0.00790951  0.00000000
  0.00189681  0.00000000    0.01138534  0.00000000    0.00283302  0.00000000
  0.00790951  0.00000000    0.00283302  0.00000000    0.01334001  0.00000000

     Dynamical  Matrix in cartesian axes

     q = (    0.250000000  -0.375000000   0.125000000 ) 

    1    1
  0.01553233  0.00000000   -0.00790951  0.00000000    0.00189681  0.00000000
 -0.00790951  0.00000000    0.01334001  0.00000000   -0.00283302  0.00000000
  0.00189681  0.00000000   -0.00283302  0.00000000    0.01138534  0.00000000

     Dynamical  Matrix in cartesian axes

     q = (   -0.250000000  -0.375000000  -0.125000000 ) 

    1    1
  0.01553233  0.00000000    0.00790951  0.00000000    0.00189681  0.00000000
  0.00790951  0.00000000    0.01334001  0.00000000    0.00283302  0.00000000
  0.00189681  0.00000000    0.00283302  0.00000000    0.01138534  0.00000000

     Dynamical  Matrix in cartesian axes

     q = (    0.250000000   0.375000000  -0.125000000 ) 

    1    1
  0.01553233  0.00000000    0.00790951  0.00000000   -0.00189681  0.00000000
  0.00790951  0.00000000    0.01334001  0.00000000   -0.00283302  0.00000000
 -0.00189681  0.00000000   -0.00283302  0.00000000    0.01138534  0.00000000

     Dynamical  Matrix in cartesian axes

     q = (   -0.250000000   0.375000000   0.125000000 ) 

    1    1
  0.01553233  0.00000000   -0.00790951  0.00000000   -0.00189681  0.00000000
 -0.00790951  0.00000000    0.01334001  0.00000000    0.00283302  0.00000000
 -0.00189681  0.00000000    0.00283302  0.00000000    0.01138534  0.00000000

     Dynamical  Matrix in cartesian axes

     q = (   -0.375000000   0.125000000   0.250000000 ) 

    1    1
  0.01334001  0.00000000   -0.00283302  0.00000000   -0.00790951  0.00000000
 -0.00283302  0.00000000    0.01138534  0.00000000    0.00189681  0.00000000
 -0.00790951  0.00000000    0.00189681  0.00000000    0.01553233  0.00000000

     Dynamical  Matrix in cartesian axes

     q = (   -0.375000000  -0.125000000  -0.250000000 ) 

    1    1
  0.01334001  0.00000000    0.00283302  0.00000000    0.00790951  0.00000000
  0.00283302  0.00000000    0.01138534  0.00000000    0.00189681  0.00000000
  0.00790951  0.00000000    0.00189681  0.00000000    0.01553233  0.00000000

     Dynamical  Matrix in cartesian axes

     q = (    0.375000000  -0.125000000   0.250000000 ) 

    1    1
  0.01334001  0.00000000   -0.00283302  0.00000000    0.00790951  0.00000000
 -0.00283302  0.00000000    0.01138534  0.00000000   -0.00189681  0.00000000
  0.00790951  0.00000000   -0.00189681  0.00000000    0.01553233  0.00000000

     Dynamical  Matrix in cartesian axes

     q = (    0.375000000   0.125000000  -0.250000000 ) 

    1    1
  0.01334001  0.00000000    0.00283302  0.00000000   -0.00790951  0.00000000
  0.00283302  0.00000000    0.01138534  0.00000000   -0.00189681  0.00000000
 -0.00790951  0.00000000   -0.00189681  0.00000000    0.01553233  0.00000000

     Diagonalizing the dynamical matrix

     q = (   -0.125000000  -0.250000000   0.375000000 ) 

 **************************************************************************
     freq (    1) =       1.799956 [THz] =      60.040082 [cm-1]
 (  0.196407 -0.000000  0.613269 -0.000000  0.765065  0.000000 ) 
     freq (    2) =       2.345793 [THz] =      78.247238 [cm-1]
 (  0.943599  0.000000 -0.330321  0.000000  0.022543  0.000000 ) 
     freq (    3) =       3.471457 [THz] =     115.795329 [cm-1]
 ( -0.266542  0.000000 -0.717488  0.000000  0.643558  0.000000 ) 
 **************************************************************************
