Dynamical matrix file
                                                                           
  1    2  2 10.3400000  0.0000000  0.0000000  0.0000000  0.0000000  0.0000000
           1  'Si  '    25598.822984527003     
    1    1      0.0000000000      0.0000000000      0.0000000000
    2    1      0.2500000000      0.2500000000      0.2500000000

     Dynamical  Matrix in cartesian axes

     q = (    0.750000000  -0.250000000   0.750000000 ) 

    1    1
  0.20749643  0.00000000   -0.00028568  0.00674006   -0.01110067  0.00000000
 -0.00028568 -0.00674006    0.27769038 -0.00000000   -0.00028568 -0.00674006
 -0.01110067  0.00000000   -0.00028568  0.00674006    0.20749643  0.00000000
    1    2
 -0.06267889  0.05864749   -0.03582123  0.04015081   -0.04212278 -0.13191018
 -0.03582123  0.04015081   -0.06104957  0.07766389   -0.03582123  0.04015081
 -0.04212278 -0.13191018   -0.03582123  0.04015081   -0.06267889  0.05864749
    2    1
 -0.06267889 -0.05864749   -0.03582123 -0.04015081   -0.04212278  0.13191018
 -0.03582123 -0.04015081   -0.06104957 -0.07766389   -0.03582123 -0.04015081
 -0.04212278  0.13191018   -0.03582123 -0.04015081   -0.06267889 -0.05864749
    2    2
  0.20749643 -0.00000000   -0.00028568 -0.00674006   -0.01110067 -0.00000000
 -0.00028568  0.00674006    0.27769038  0.00000000   -0.00028568  0.00674006
 -0.01110067 -0.00000000   -0.00028568 -0.00674006    0.20749643 -0.00000000

     Dynamical  Matrix in cartesian axes

     q = (    0.750000000  -0.250000000  -0.750000000 ) 

    1    1
  0.20749643 -0.00000000   -0.00028568 -0.00674006    0.01110067  0.00000000
 -0.00028568  0.00674006    0.27769038  0.00000000    0.00028568 -0.00674006
  0.01110067  0.00000000    0.00028568  0.00674006    0.20749643 -0.00000000
    1    2
 -0.05864749  0.06267889   -0.04015081  0.03582123   -0.13191018 -0.04212278
 -0.04015081  0.03582123   -0.07766389  0.06104957    0.04015081 -0.03582123
 -0.13191018 -0.04212278    0.04015081 -0.03582123   -0.05864749  0.06267889
    2    1
 -0.05864749 -0.06267889   -0.04015081 -0.03582123   -0.13191018  0.04212278
 -0.04015081 -0.03582123   -0.07766389 -0.06104957    0.04015081  0.03582123
 -0.13191018  0.04212278    0.04015081  0.03582123   -0.05864749 -0.06267889
    2    2
  0.20749643  0.00000000   -0.00028568  0.00674006    0.01110067 -0.00000000
 -0.00028568 -0.00674006    0.27769038  0.00000000    0.00028568  0.00674006
  0.01110067 -0.00000000    0.00028568 -0.00674006    0.20749643  0.00000000

     Dynamical  Matrix in cartesian axes

     q = (   -0.750000000  -0.250000000  -0.750000000 ) 

    1    1
  0.20749643  0.00000000    0.00028568 -0.00674006   -0.01110067  0.00000000
  0.00028568  0.00674006    0.27769038 -0.00000000    0.00028568  0.00674006
 -0.01110067  0.00000000    0.00028568 -0.00674006    0.20749643  0.00000000
    1    2
  0.05864749  0.06267889   -0.04015081 -0.03582123   -0.13191018  0.04212278
 -0.04015081 -0.03582123    0.07766389  0.06104957   -0.04015081 -0.03582123
 -0.13191018  0.04212278   -0.04015081 -0.03582123    0.05864749  0.06267889
    2    1
  0.05864749 -0.06267889   -0.04015081  0.03582123   -0.13191018 -0.04212278
 -0.04015081  0.03582123    0.07766389 -0.06104957   -0.04015081  0.03582123
 -0.13191018 -0.04212278   -0.04015081  0.03582123    0.05864749 -0.06267889
    2    2
  0.20749643 -0.00000000    0.00028568  0.00674006   -0.01110067 -0.00000000
  0.00028568 -0.00674006    0.27769038  0.00000000    0.00028568 -0.00674006
 -0.01110067 -0.00000000    0.00028568  0.00674006    0.20749643 -0.00000000

     Dynamical  Matrix in cartesian axes

     q = (   -0.750000000  -0.250000000   0.750000000 ) 

    1    1
  0.20749643 -0.00000000    0.00028568  0.00674006    0.01110067  0.00000000
  0.00028568 -0.00674006    0.27769038  0.00000000   -0.00028568  0.00674006
  0.01110067  0.00000000   -0.00028568 -0.00674006    0.20749643 -0.00000000
    1    2
 -0.05864749  0.06267889    0.04015081 -0.03582123   -0.13191018 -0.04212278
  0.04015081 -0.03582123   -0.07766389  0.06104957   -0.04015081  0.03582123
 -0.13191018 -0.04212278   -0.04015081  0.03582123   -0.05864749  0.06267889
    2    1
 -0.05864749 -0.06267889    0.04015081  0.03582123   -0.13191018  0.04212278
  0.04015081  0.03582123   -0.07766389 -0.06104957   -0.04015081 -0.03582123
 -0.13191018  0.04212278   -0.04015081 -0.03582123   -0.05864749 -0.06267889
    2    2
  0.20749643  0.00000000    0.00028568 -0.00674006    0.01110067 -0.00000000
  0.00028568  0.00674006    0.27769038 -0.00000000   -0.00028568 -0.00674006
  0.01110067 -0.00000000   -0.00028568  0.00674006    0.20749643  0.00000000

     Dynamical  Matrix in cartesian axes

     q = (   -0.750000000   0.250000000  -0.750000000 ) 

    1    1
  0.20749643 -0.00000000   -0.00028568 -0.00674006   -0.01110067 -0.00000000
 -0.00028568  0.00674006    0.27769038  0.00000000   -0.00028568  0.00674006
 -0.01110067 -0.00000000   -0.00028568 -0.00674006    0.20749643 -0.00000000
    1    2
 -0.06267889 -0.05864749   -0.03582123 -0.04015081   -0.04212278  0.13191018
 -0.03582123 -0.04015081   -0.06104957 -0.07766389   -0.03582123 -0.04015081
 -0.04212278  0.13191018   -0.03582123 -0.04015081   -0.06267889 -0.05864749
    2    1
 -0.06267889  0.05864749   -0.03582123  0.04015081   -0.04212278 -0.13191018
 -0.03582123  0.04015081   -0.06104957  0.07766389   -0.03582123  0.04015081
 -0.04212278 -0.13191018   -0.03582123  0.04015081   -0.06267889  0.05864749
    2    2
  0.20749643  0.00000000   -0.00028568  0.00674006   -0.01110067  0.00000000
 -0.00028568 -0.00674006    0.27769038 -0.00000000   -0.00028568 -0.00674006
 -0.01110067  0.00000000   -0.00028568  0.00674006    0.20749643  0.00000000

     Dynamical  Matrix in cartesian axes

     q = (   -0.250000000   0.750000000  -0.750000000 ) 

    1    1
  0.27769038  0.00000000   -0.00028568  0.00674006    0.00028568 -0.00674006
 -0.00028568 -0.00674006    0.20749643 -0.00000000    0.01110067  0.00000000
  0.00028568  0.00674006    0.01110067  0.00000000    0.20749643 -0.00000000
    1    2
 -0.07766389  0.06104957   -0.04015081  0.03582123    0.04015081 -0.03582123
 -0.04015081  0.03582123   -0.05864749  0.06267889   -0.13191018 -0.04212278
  0.04015081 -0.03582123   -0.13191018 -0.04212278   -0.05864749  0.06267889
    2    1
 -0.07766389 -0.06104957   -0.04015081 -0.03582123    0.04015081  0.03582123
 -0.04015081 -0.03582123   -0.05864749 -0.06267889   -0.13191018  0.04212278
  0.04015081  0.03582123   -0.13191018  0.04212278   -0.05864749 -0.06267889
    2    2
  0.27769038 -0.00000000   -0.00028568 -0.00674006    0.00028568  0.00674006
 -0.00028568  0.00674006    0.20749643  0.00000000    0.01110067 -0.00000000
  0.00028568 -0.00674006    0.01110067 -0.00000000    0.20749643  0.00000000

     Dynamical  Matrix in cartesian axes

     q = (   -0.750000000   0.750000000  -0.250000000 ) 

    1    1
  0.20749643 -0.00000000    0.01110067  0.00000000    0.00028568  0.00674006
  0.01110067  0.00000000    0.20749643 -0.00000000   -0.00028568 -0.00674006
  0.00028568 -0.00674006   -0.00028568  0.00674006    0.27769038  0.00000000
    1    2
 -0.05864749  0.06267889   -0.13191018 -0.04212278    0.04015081 -0.03582123
 -0.13191018 -0.04212278   -0.05864749  0.06267889   -0.04015081  0.03582123
  0.04015081 -0.03582123   -0.04015081  0.03582123   -0.07766389  0.06104957
    2    1
 -0.05864749 -0.06267889   -0.13191018  0.04212278    0.04015081  0.03582123
 -0.13191018  0.04212278   -0.05864749 -0.06267889   -0.04015081 -0.03582123
  0.04015081  0.03582123   -0.04015081 -0.03582123   -0.07766389 -0.06104957
    2    2
  0.20749643  0.00000000    0.01110067 -0.00000000    0.00028568 -0.00674006
  0.01110067 -0.00000000    0.20749643  0.00000000   -0.00028568  0.00674006
  0.00028568  0.00674006   -0.00028568 -0.00674006    0.27769038 -0.00000000

     Dynamical  Matrix in cartesian axes

     q = (    0.750000000   0.250000000   0.750000000 ) 

    1    1
  0.20749643 -0.00000000    0.00028568  0.00674006   -0.01110067 -0.00000000
  0.00028568 -0.00674006    0.27769038  0.00000000    0.00028568 -0.00674006
 -0.01110067 -0.00000000    0.00028568  0.00674006    0.20749643 -0.00000000
    1    2
  0.05864749 -0.06267889   -0.04015081  0.03582123   -0.13191018 -0.04212278
 -0.04015081  0.03582123    0.07766389 -0.06104957   -0.04015081  0.03582123
 -0.13191018 -0.04212278   -0.04015081  0.03582123    0.05864749 -0.06267889
    2    1
  0.05864749  0.06267889   -0.04015081 -0.03582123   -0.13191018  0.04212278
 -0.04015081 -0.03582123    0.07766389  0.06104957   -0.04015081 -0.03582123
 -0.13191018  0.04212278   -0.04015081 -0.03582123    0.05864749  0.06267889
    2    2
  0.20749643  0.00000000    0.00028568 -0.00674006   -0.01110067  0.00000000
  0.00028568  0.00674006    0.27769038 -0.00000000    0.00028568  0.00674006
 -0.01110067  0.00000000    0.00028568 -0.00674006    0.20749643  0.00000000

     Dynamical  Matrix in cartesian axes

     q = (   -0.750000000   0.250000000   0.750000000 ) 

    1    1
  0.20749643  0.00000000   -0.00028568  0.00674006    0.01110067 -0.00000000
 -0.00028568 -0.00674006    0.27769038  0.00000000    0.00028568  0.00674006
  0.01110067 -0.00000000    0.00028568 -0.00674006    0.20749643  0.00000000
    1    2
 -0.05864749 -0.06267889   -0.04015081 -0.03582123   -0.13191018  0.04212278
 -0.04015081 -0.03582123   -0.07766389 -0.06104957    0.04015081  0.03582123
 -0.13191018  0.04212278    0.04015081  0.03582123   -0.05864749 -0.06267889
    2    1
 -0.05864749  0.06267889   -0.04015081  0.03582123   -0.13191018 -0.04212278
 -0.04015081  0.03582123   -0.07766389  0.06104957    0.04015081 -0.03582123
 -0.13191018 -0.04212278    0.04015081 -0.03582123   -0.05864749  0.06267889
    2    2
  0.20749643 -0.00000000   -0.00028568 -0.00674006    0.01110067  0.00000000
 -0.00028568  0.00674006    0.27769038  0.00000000    0.00028568 -0.00674006
  0.01110067  0.00000000    0.00028568  0.00674006    0.20749643 -0.00000000

     Dynamical  Matrix in cartesian axes

     q = (    0.750000000   0.250000000  -0.750000000 ) 

    1    1
  0.20749643  0.00000000    0.00028568 -0.00674006    0.01110067 -0.00000000
  0.00028568  0.00674006    0.27769038 -0.00000000   -0.00028568 -0.00674006
  0.01110067 -0.00000000   -0.00028568  0.00674006    0.20749643  0.00000000
    1    2
 -0.05864749 -0.06267889    0.04015081  0.03582123   -0.13191018  0.04212278
  0.04015081  0.03582123   -0.07766389 -0.06104957   -0.04015081 -0.03582123
 -0.13191018  0.04212278   -0.04015081 -0.03582123   -0.05864749 -0.06267889
    2    1
 -0.05864749  0.06267889    0.04015081 -0.03582123   -0.13191018 -0.04212278
  0.04015081 -0.03582123   -0.07766389  0.06104957   -0.04015081  0.03582123
 -0.13191018 -0.04212278   -0.04015081  0.03582123   -0.05864749  0.06267889
    2    2
  0.20749643 -0.00000000    0.00028568  0.00674006    0.01110067  0.00000000
  0.00028568 -0.00674006    0.27769038  0.00000000   -0.00028568  0.00674006
  0.01110067  0.00000000   -0.00028568 -0.00674006    0.20749643 -0.00000000

     Dynamical  Matrix in cartesian axes

     q = (   -0.750000000   0.750000000   0.250000000 ) 

    1    1
  0.20749643  0.00000000    0.01110067 -0.00000000   -0.00028568  0.00674006
  0.01110067 -0.00000000    0.20749643  0.00000000    0.00028568 -0.00674006
 -0.00028568 -0.00674006    0.00028568  0.00674006    0.27769038 -0.00000000
    1    2
 -0.05864749 -0.06267889   -0.13191018  0.04212278   -0.04015081 -0.03582123
 -0.13191018  0.04212278   -0.05864749 -0.06267889    0.04015081  0.03582123
 -0.04015081 -0.03582123    0.04015081  0.03582123   -0.07766389 -0.06104957
    2    1
 -0.05864749  0.06267889   -0.13191018 -0.04212278   -0.04015081  0.03582123
 -0.13191018 -0.04212278   -0.05864749  0.06267889    0.04015081 -0.03582123
 -0.04015081  0.03582123    0.04015081 -0.03582123   -0.07766389  0.06104957
    2    2
  0.20749643 -0.00000000    0.01110067  0.00000000   -0.00028568 -0.00674006
  0.01110067  0.00000000    0.20749643 -0.00000000    0.00028568  0.00674006
 -0.00028568  0.00674006    0.00028568 -0.00674006    0.27769038  0.00000000

     Dynamical  Matrix in cartesian axes

     q = (   -0.250000000   0.750000000   0.750000000 ) 

    1    1
  0.27769038 -0.00000000   -0.00028568 -0.00674006   -0.00028568 -0.00674006
 -0.00028568  0.00674006    0.20749643  0.00000000   -0.01110067 -0.00000000
 -0.00028568  0.00674006   -0.01110067  0.00000000    0.20749643  0.00000000
    1    2
 -0.06104957  0.07766389   -0.03582123  0.04015081   -0.03582123  0.04015081
 -0.03582123  0.04015081   -0.06267889  0.05864749   -0.04212278 -0.13191018
 -0.03582123  0.04015081   -0.04212278 -0.13191018   -0.06267889  0.05864749
    2    1
 -0.06104957 -0.07766389   -0.03582123 -0.04015081   -0.03582123 -0.04015081
 -0.03582123 -0.04015081   -0.06267889 -0.05864749   -0.04212278  0.13191018
 -0.03582123 -0.04015081   -0.04212278  0.13191018   -0.06267889 -0.05864749
    2    2
  0.27769038  0.00000000   -0.00028568  0.00674006   -0.00028568  0.00674006
 -0.00028568 -0.00674006    0.20749643 -0.00000000   -0.01110067  0.00000000
 -0.00028568 -0.00674006   -0.01110067 -0.00000000    0.20749643 -0.00000000

     Dynamical  Matrix in cartesian axes

     q = (    0.250000000   0.750000000  -0.750000000 ) 

    1    1
  0.27769038 -0.00000000    0.00028568  0.00674006   -0.00028568 -0.00674006
  0.00028568 -0.00674006    0.20749643  0.00000000    0.01110067 -0.00000000
 -0.00028568  0.00674006    0.01110067 -0.00000000    0.20749643  0.00000000
    1    2
 -0.07766389 -0.06104957    0.04015081  0.03582123   -0.04015081 -0.03582123
  0.04015081  0.03582123   -0.05864749 -0.06267889   -0.13191018  0.04212278
 -0.04015081 -0.03582123   -0.13191018  0.04212278   -0.05864749 -0.06267889
    2    1
 -0.07766389  0.06104957    0.04015081 -0.03582123   -0.04015081  0.03582123
  0.04015081 -0.03582123   -0.05864749  0.06267889   -0.13191018 -0.04212278
 -0.04015081  0.03582123   -0.13191018 -0.04212278   -0.05864749  0.06267889
    2    2
  0.27769038  0.00000000    0.00028568 -0.00674006   -0.00028568  0.00674006
  0.00028568  0.00674006    0.20749643 -0.00000000    0.01110067  0.00000000
 -0.00028568 -0.00674006    0.01110067  0.00000000    0.20749643 -0.00000000

     Dynamical  Matrix in cartesian axes

     q = (   -0.250000000  -0.750000000  -0.750000000 ) 

    1    1
  0.27769038 -0.00000000    0.00028568  0.00674006    0.00028568  0.00674006
  0.00028568 -0.00674006    0.20749643  0.00000000   -0.01110067  0.00000000
  0.00028568 -0.00674006   -0.01110067 -0.00000000    0.20749643  0.00000000
    1    2
  0.07766389  0.06104957   -0.04015081 -0.03582123   -0.04015081 -0.03582123
 -0.04015081 -0.03582123    0.05864749  0.06267889   -0.13191018  0.04212278
 -0.04015081 -0.03582123   -0.13191018  0.04212278    0.05864749  0.06267889
    2    1
  0.07766389 -0.06104957   -0.04015081  0.03582123   -0.04015081  0.03582123
 -0.04015081  0.03582123    0.05864749 -0.06267889   -0.13191018 -0.04212278
 -0.04015081  0.03582123   -0.13191018 -0.04212278    0.05864749 -0.06267889
    2    2
  0.27769038  0.00000000    0.00028568 -0.00674006    0.00028568 -0.00674006
  0.00028568  0.00674006    0.20749643 -0.00000000   -0.01110067 -0.00000000
  0.00028568  0.00674006   -0.01110067  0.00000000    0.20749643 -0.00000000

     Dynamical  Matrix in cartesian axes

     q = (    0.750000000   0.750000000  -0.250000000 ) 

    1    1
  0.20749643  0.00000000   -0.01110067  0.00000000   -0.00028568  0.00674006
 -0.01110067  0.00000000    0.20749643  0.00000000   -0.00028568  0.00674006
 -0.00028568 -0.00674006   -0.00028568 -0.00674006    0.27769038 -0.00000000
    1    2
 -0.06267889  0.05864749   -0.04212278 -0.13191018   -0.03582123  0.04015081
 -0.04212278 -0.13191018   -0.06267889  0.05864749   -0.03582123  0.04015081
 -0.03582123  0.04015081   -0.03582123  0.04015081   -0.06104957  0.07766389
    2    1
 -0.06267889 -0.05864749   -0.04212278  0.13191018   -0.03582123 -0.04015081
 -0.04212278  0.13191018   -0.06267889 -0.05864749   -0.03582123 -0.04015081
 -0.03582123 -0.04015081   -0.03582123 -0.04015081   -0.06104957 -0.07766389
    2    2
  0.20749643 -0.00000000   -0.01110067 -0.00000000   -0.00028568 -0.00674006
 -0.01110067 -0.00000000    0.20749643 -0.00000000   -0.00028568 -0.00674006
 -0.00028568  0.00674006   -0.00028568  0.00674006    0.27769038  0.00000000

     Dynamical  Matrix in cartesian axes

     q = (    0.750000000  -0.750000000   0.250000000 ) 

    1    1
  0.20749643  0.00000000    0.01110067 -0.00000000    0.00028568 -0.00674006
  0.01110067 -0.00000000    0.20749643  0.00000000   -0.00028568  0.00674006
  0.00028568  0.00674006   -0.00028568 -0.00674006    0.27769038 -0.00000000
    1    2
 -0.05864749 -0.06267889   -0.13191018  0.04212278    0.04015081  0.03582123
 -0.13191018  0.04212278   -0.05864749 -0.06267889   -0.04015081 -0.03582123
  0.04015081  0.03582123   -0.04015081 -0.03582123   -0.07766389 -0.06104957
    2    1
 -0.05864749  0.06267889   -0.13191018 -0.04212278    0.04015081 -0.03582123
 -0.13191018 -0.04212278   -0.05864749  0.06267889   -0.04015081  0.03582123
  0.04015081 -0.03582123   -0.04015081  0.03582123   -0.07766389  0.06104957
    2    2
  0.20749643 -0.00000000    0.01110067  0.00000000    0.00028568  0.00674006
  0.01110067  0.00000000    0.20749643 -0.00000000   -0.00028568 -0.00674006
  0.00028568 -0.00674006   -0.00028568  0.00674006    0.27769038  0.00000000

     Dynamical  Matrix in cartesian axes

     q = (   -0.750000000  -0.750000000  -0.250000000 ) 

    1    1
  0.20749643  0.00000000   -0.01110067  0.00000000    0.00028568 -0.00674006
 -0.01110067  0.00000000    0.20749643  0.00000000    0.00028568 -0.00674006
  0.00028568  0.00674006    0.00028568  0.00674006    0.27769038 -0.00000000
    1    2
  0.05864749  0.06267889   -0.13191018  0.04212278   -0.04015081 -0.03582123
 -0.13191018  0.04212278    0.05864749  0.06267889   -0.04015081 -0.03582123
 -0.04015081 -0.03582123   -0.04015081 -0.03582123    0.07766389  0.06104957
    2    1
  0.05864749 -0.06267889   -0.13191018 -0.04212278   -0.04015081  0.03582123
 -0.13191018 -0.04212278    0.05864749 -0.06267889   -0.04015081  0.03582123
 -0.04015081  0.03582123   -0.04015081  0.03582123    0.07766389 -0.06104957
    2    2
  0.20749643 -0.00000000   -0.01110067 -0.00000000    0.00028568  0.00674006
 -0.01110067 -0.00000000    0.20749643 -0.00000000    0.00028568  0.00674006
  0.00028568 -0.00674006    0.00028568 -0.00674006    0.27769038  0.00000000

     Dynamical  Matrix in cartesian axes

     q = (    0.250000000  -0.750000000   0.750000000 ) 

    1    1
  0.27769038 -0.00000000   -0.00028568 -0.00674006    0.00028568  0.00674006
 -0.00028568  0.00674006    0.20749643  0.00000000    0.01110067 -0.00000000
  0.00028568 -0.00674006    0.01110067 -0.00000000    0.20749643  0.00000000
    1    2
 -0.07766389 -0.06104957   -0.04015081 -0.03582123    0.04015081  0.03582123
 -0.04015081 -0.03582123   -0.05864749 -0.06267889   -0.13191018  0.04212278
  0.04015081  0.03582123   -0.13191018  0.04212278   -0.05864749 -0.06267889
    2    1
 -0.07766389  0.06104957   -0.04015081  0.03582123    0.04015081 -0.03582123
 -0.04015081  0.03582123   -0.05864749  0.06267889   -0.13191018 -0.04212278
  0.04015081 -0.03582123   -0.13191018 -0.04212278   -0.05864749  0.06267889
    2    2
  0.27769038  0.00000000   -0.00028568  0.00674006    0.00028568 -0.00674006
 -0.00028568 -0.00674006    0.20749643 -0.00000000    0.01110067  0.00000000
  0.00028568  0.00674006    0.01110067  0.00000000    0.20749643 -0.00000000

     Dynamical  Matrix in cartesian axes

     q = (   -0.750000000  -0.750000000   0.250000000 ) 

    1    1
  0.20749643 -0.00000000   -0.01110067 -0.00000000   -0.00028568 -0.00674006
 -0.01110067 -0.00000000    0.20749643 -0.00000000   -0.00028568 -0.00674006
 -0.00028568  0.00674006   -0.00028568  0.00674006    0.27769038  0.00000000
    1    2
 -0.06267889 -0.05864749   -0.04212278  0.13191018   -0.03582123 -0.04015081
 -0.04212278  0.13191018   -0.06267889 -0.05864749   -0.03582123 -0.04015081
 -0.03582123 -0.04015081   -0.03582123 -0.04015081   -0.06104957 -0.07766389
    2    1
 -0.06267889  0.05864749   -0.04212278 -0.13191018   -0.03582123  0.04015081
 -0.04212278 -0.13191018   -0.06267889  0.05864749   -0.03582123  0.04015081
 -0.03582123  0.04015081   -0.03582123  0.04015081   -0.06104957  0.07766389
    2    2
  0.20749643  0.00000000   -0.01110067  0.00000000   -0.00028568  0.00674006
 -0.01110067  0.00000000    0.20749643  0.00000000   -0.00028568  0.00674006
 -0.00028568 -0.00674006   -0.00028568 -0.00674006    0.27769038 -0.00000000

     Dynamical  Matrix in cartesian axes

     q = (    0.250000000   0.750000000   0.750000000 ) 

    1    1
  0.27769038  0.00000000    0.00028568 -0.00674006    0.00028568 -0.00674006
  0.00028568  0.00674006    0.20749643 -0.00000000   -0.01110067 -0.00000000
  0.00028568  0.00674006   -0.01110067  0.00000000    0.20749643 -0.00000000
    1    2
  0.07766389 -0.06104957   -0.04015081  0.03582123   -0.04015081  0.03582123
 -0.04015081  0.03582123    0.05864749 -0.06267889   -0.13191018 -0.04212278
 -0.04015081  0.03582123   -0.13191018 -0.04212278    0.05864749 -0.06267889
    2    1
  0.07766389  0.06104957   -0.04015081 -0.03582123   -0.04015081 -0.03582123
 -0.04015081 -0.03582123    0.05864749  0.06267889   -0.13191018  0.04212278
 -0.04015081 -0.03582123   -0.13191018  0.04212278    0.05864749  0.06267889
    2    2
  0.27769038 -0.00000000    0.00028568  0.00674006    0.00028568  0.00674006
  0.00028568 -0.00674006    0.20749643  0.00000000   -0.01110067  0.00000000
  0.00028568 -0.00674006   -0.01110067 -0.00000000    0.20749643  0.00000000

     Dynamical  Matrix in cartesian axes

     q = (   -0.250000000  -0.750000000   0.750000000 ) 

    1    1
  0.27769038  0.00000000    0.00028568 -0.00674006   -0.00028568  0.00674006
  0.00028568  0.00674006    0.20749643 -0.00000000    0.01110067  0.00000000
 -0.00028568 -0.00674006    0.01110067  0.00000000    0.20749643 -0.00000000
    1    2
 -0.07766389  0.06104957    0.04015081 -0.03582123   -0.04015081  0.03582123
  0.04015081 -0.03582123   -0.05864749  0.06267889   -0.13191018 -0.04212278
 -0.04015081  0.03582123   -0.13191018 -0.04212278   -0.05864749  0.06267889
    2    1
 -0.07766389 -0.06104957    0.04015081  0.03582123   -0.04015081 -0.03582123
  0.04015081  0.03582123   -0.05864749 -0.06267889   -0.13191018  0.04212278
 -0.04015081 -0.03582123   -0.13191018  0.04212278   -0.05864749 -0.06267889
    2    2
  0.27769038 -0.00000000    0.00028568  0.00674006   -0.00028568 -0.00674006
  0.00028568 -0.00674006    0.20749643  0.00000000    0.01110067 -0.00000000
 -0.00028568  0.00674006    0.01110067 -0.00000000    0.20749643  0.00000000

     Dynamical  Matrix in cartesian axes

     q = (    0.750000000   0.750000000   0.250000000 ) 

    1    1
  0.20749643 -0.00000000   -0.01110067 -0.00000000    0.00028568  0.00674006
 -0.01110067 -0.00000000    0.20749643 -0.00000000    0.00028568  0.00674006
  0.00028568 -0.00674006    0.00028568 -0.00674006    0.27769038  0.00000000
    1    2
  0.05864749 -0.06267889   -0.13191018 -0.04212278   -0.04015081  0.03582123
 -0.13191018 -0.04212278    0.05864749 -0.06267889   -0.04015081  0.03582123
 -0.04015081  0.03582123   -0.04015081  0.03582123    0.07766389 -0.06104957
    2    1
  0.05864749  0.06267889   -0.13191018  0.04212278   -0.04015081 -0.03582123
 -0.13191018  0.04212278    0.05864749  0.06267889   -0.04015081 -0.03582123
 -0.04015081 -0.03582123   -0.04015081 -0.03582123    0.07766389  0.06104957
    2    2
  0.20749643  0.00000000   -0.01110067  0.00000000    0.00028568 -0.00674006
 -0.01110067  0.00000000    0.20749643  0.00000000    0.00028568 -0.00674006
  0.00028568  0.00674006    0.00028568  0.00674006    0.27769038 -0.00000000

     Dynamical  Matrix in cartesian axes

     q = (    0.250000000  -0.750000000  -0.750000000 ) 

    1    1
  0.27769038  0.00000000   -0.00028568  0.00674006   -0.00028568  0.00674006
 -0.00028568 -0.00674006    0.20749643 -0.00000000   -0.01110067  0.00000000
 -0.00028568 -0.00674006   -0.01110067 -0.00000000    0.20749643 -0.00000000
    1    2
 -0.06104957 -0.07766389   -0.03582123 -0.04015081   -0.03582123 -0.04015081
 -0.03582123 -0.04015081   -0.06267889 -0.05864749   -0.04212278  0.13191018
 -0.03582123 -0.04015081   -0.04212278  0.13191018   -0.06267889 -0.05864749
    2    1
 -0.06104957  0.07766389   -0.03582123  0.04015081   -0.03582123  0.04015081
 -0.03582123  0.04015081   -0.06267889  0.05864749   -0.04212278 -0.13191018
 -0.03582123  0.04015081   -0.04212278 -0.13191018   -0.06267889  0.05864749
    2    2
  0.27769038 -0.00000000   -0.00028568 -0.00674006   -0.00028568 -0.00674006
 -0.00028568  0.00674006    0.20749643  0.00000000   -0.01110067 -0.00000000
 -0.00028568  0.00674006   -0.01110067  0.00000000    0.20749643  0.00000000

     Dynamical  Matrix in cartesian axes

     q = (    0.750000000  -0.750000000  -0.250000000 ) 

    1    1
  0.20749643 -0.00000000    0.01110067  0.00000000   -0.00028568 -0.00674006
  0.01110067  0.00000000    0.20749643 -0.00000000    0.00028568  0.00674006
 -0.00028568  0.00674006    0.00028568 -0.00674006    0.27769038  0.00000000
    1    2
 -0.05864749  0.06267889   -0.13191018 -0.04212278   -0.04015081  0.03582123
 -0.13191018 -0.04212278   -0.05864749  0.06267889    0.04015081 -0.03582123
 -0.04015081  0.03582123    0.04015081 -0.03582123   -0.07766389  0.06104957
    2    1
 -0.05864749 -0.06267889   -0.13191018  0.04212278   -0.04015081 -0.03582123
 -0.13191018  0.04212278   -0.05864749 -0.06267889    0.04015081  0.03582123
 -0.04015081 -0.03582123    0.04015081  0.03582123   -0.07766389 -0.06104957
    2    2
  0.20749643  0.00000000    0.01110067 -0.00000000   -0.00028568  0.00674006
  0.01110067 -0.00000000    0.20749643  0.00000000    0.00028568 -0.00674006
 -0.00028568 -0.00674006    0.00028568  0.00674006    0.27769038 -0.00000000

     Diagonalizing the dynamical matrix

     q = (    0.750000000  -0.250000000   0.750000000 ) 

 **************************************************************************
     freq (    1) =       3.374541 [THz] =     112.562578 [cm-1]
 (  0.053626 -0.497116  0.000000 -0.000000 -0.053626  0.497116 ) 
 (  0.500000 -0.000000  0.000000  0.000000 -0.500000  0.000000 ) 
     freq (    2) =       4.246160 [THz] =     141.636648 [cm-1]
 ( -0.404169 -0.221591 -0.243633  0.125430 -0.404169 -0.221591 ) 
 ( -0.460928  0.000000 -0.153332 -0.227111 -0.460928  0.000000 ) 
     freq (    3) =       8.568017 [THz] =     285.798270 [cm-1]
 (  0.178865 -0.187038  0.355016  0.489910  0.178865 -0.187038 ) 
 ( -0.258797 -0.000000  0.108701  0.595174 -0.258797  0.000000 ) 
     freq (    4) =      11.364914 [THz] =     379.092724 [cm-1]
 (  0.165236  0.330930 -0.356643 -0.314914  0.165236  0.330930 ) 
 ( -0.369889 -0.000000  0.441065  0.178401 -0.369889  0.000000 ) 
     freq (    5) =      13.170273 [THz] =     439.313021 [cm-1]
 (  0.053626 -0.497116  0.000000  0.000000 -0.053626  0.497116 ) 
 ( -0.500000 -0.000000  0.000000 -0.000000  0.500000  0.000000 ) 
     freq (    6) =      13.426863 [THz] =     447.871944 [cm-1]
 ( -0.272580 -0.097220 -0.526397  0.235379 -0.272580 -0.097220 ) 
 (  0.289398  0.000000  0.416731  0.398537  0.289398 -0.000000 ) 
 **************************************************************************
