Dynamical matrix file
                                                                           
  1    2  2 10.3400000  0.0000000  0.0000000  0.0000000  0.0000000  0.0000000
           1  'Si  '    25598.822984527003     
    1    1      0.0000000000      0.0000000000      0.0000000000
    2    1      0.2500000000      0.2500000000      0.2500000000

     Dynamical  Matrix in cartesian axes

     q = (   -0.250000000   0.250000000  -0.250000000 ) 

    1    1
  0.26787254  0.00000000   -0.00970033  0.00000000    0.00970033  0.00000000
 -0.00970033  0.00000000    0.26787254  0.00000000   -0.00970033  0.00000000
  0.00970033  0.00000000   -0.00970033  0.00000000    0.26787254  0.00000000
    1    2
 -0.19784493 -0.05721308   -0.03697992  0.03789112    0.03697992 -0.03789112
 -0.03697992  0.03789112   -0.19784493 -0.05721308   -0.03697992  0.03789112
  0.03697992 -0.03789112   -0.03697992  0.03789112   -0.19784493 -0.05721308
    2    1
 -0.19784493  0.05721308   -0.03697992 -0.03789112    0.03697992  0.03789112
 -0.03697992 -0.03789112   -0.19784493  0.05721308   -0.03697992 -0.03789112
  0.03697992  0.03789112   -0.03697992 -0.03789112   -0.19784493  0.05721308
    2    2
  0.26787254  0.00000000   -0.00970033  0.00000000    0.00970033  0.00000000
 -0.00970033  0.00000000    0.26787254  0.00000000   -0.00970033  0.00000000
  0.00970033  0.00000000   -0.00970033  0.00000000    0.26787254  0.00000000

     Dynamical  Matrix in cartesian axes

     q = (    0.250000000  -0.250000000  -0.250000000 ) 

    1    1
  0.26787254  0.00000000   -0.00970033  0.00000000   -0.00970033  0.00000000
 -0.00970033  0.00000000    0.26787254  0.00000000    0.00970033  0.00000000
 -0.00970033  0.00000000    0.00970033  0.00000000    0.26787254  0.00000000
    1    2
 -0.19784493 -0.05721308   -0.03697992  0.03789112   -0.03697992  0.03789112
 -0.03697992  0.03789112   -0.19784493 -0.05721308    0.03697992 -0.03789112
 -0.03697992  0.03789112    0.03697992 -0.03789112   -0.19784493 -0.05721308
    2    1
 -0.19784493  0.05721308   -0.03697992 -0.03789112   -0.03697992 -0.03789112
 -0.03697992 -0.03789112   -0.19784493  0.05721308    0.03697992  0.03789112
 -0.03697992 -0.03789112    0.03697992  0.03789112   -0.19784493  0.05721308
    2    2
  0.26787254  0.00000000   -0.00970033  0.00000000   -0.00970033  0.00000000
 -0.00970033  0.00000000    0.26787254  0.00000000    0.00970033  0.00000000
 -0.00970033  0.00000000    0.00970033  0.00000000    0.26787254  0.00000000

     Dynamical  Matrix in cartesian axes

     q = (    0.250000000  -0.250000000   0.250000000 ) 

    1    1
  0.26787254  0.00000000   -0.00970033  0.00000000    0.00970033  0.00000000
 -0.00970033  0.00000000    0.26787254  0.00000000   -0.00970033  0.00000000
  0.00970033  0.00000000   -0.00970033  0.00000000    0.26787254  0.00000000
    1    2
 -0.19784493  0.05721308   -0.03697992 -0.03789112    0.03697992  0.03789112
 -0.03697992 -0.03789112   -0.19784493  0.05721308   -0.03697992 -0.03789112
  0.03697992  0.03789112   -0.03697992 -0.03789112   -0.19784493  0.05721308
    2    1
 -0.19784493 -0.05721308   -0.03697992  0.03789112    0.03697992 -0.03789112
 -0.03697992  0.03789112   -0.19784493 -0.05721308   -0.03697992  0.03789112
  0.03697992 -0.03789112   -0.03697992  0.03789112   -0.19784493 -0.05721308
    2    2
  0.26787254  0.00000000   -0.00970033  0.00000000    0.00970033  0.00000000
 -0.00970033  0.00000000    0.26787254  0.00000000   -0.00970033  0.00000000
  0.00970033  0.00000000   -0.00970033  0.00000000    0.26787254  0.00000000

     Dynamical  Matrix in cartesian axes

     q = (    0.250000000   0.250000000   0.250000000 ) 

    1    1
  0.26787254  0.00000000    0.00970033  0.00000000    0.00970033  0.00000000
  0.00970033  0.00000000    0.26787254  0.00000000    0.00970033  0.00000000
  0.00970033  0.00000000    0.00970033  0.00000000    0.26787254  0.00000000
    1    2
 -0.05721308  0.19784493   -0.03789112 -0.03697992   -0.03789112 -0.03697992
 -0.03789112 -0.03697992   -0.05721308  0.19784493   -0.03789112 -0.03697992
 -0.03789112 -0.03697992   -0.03789112 -0.03697992   -0.05721308  0.19784493
    2    1
 -0.05721308 -0.19784493   -0.03789112  0.03697992   -0.03789112  0.03697992
 -0.03789112  0.03697992   -0.05721308 -0.19784493   -0.03789112  0.03697992
 -0.03789112  0.03697992   -0.03789112  0.03697992   -0.05721308 -0.19784493
    2    2
  0.26787254  0.00000000    0.00970033  0.00000000    0.00970033  0.00000000
  0.00970033  0.00000000    0.26787254  0.00000000    0.00970033  0.00000000
  0.00970033  0.00000000    0.00970033  0.00000000    0.26787254  0.00000000

     Dynamical  Matrix in cartesian axes

     q = (   -0.250000000  -0.250000000  -0.250000000 ) 

    1    1
  0.26787254  0.00000000    0.00970033  0.00000000    0.00970033  0.00000000
  0.00970033  0.00000000    0.26787254  0.00000000    0.00970033  0.00000000
  0.00970033  0.00000000    0.00970033  0.00000000    0.26787254  0.00000000
    1    2
 -0.05721308 -0.19784493   -0.03789112  0.03697992   -0.03789112  0.03697992
 -0.03789112  0.03697992   -0.05721308 -0.19784493   -0.03789112  0.03697992
 -0.03789112  0.03697992   -0.03789112  0.03697992   -0.05721308 -0.19784493
    2    1
 -0.05721308  0.19784493   -0.03789112 -0.03697992   -0.03789112 -0.03697992
 -0.03789112 -0.03697992   -0.05721308  0.19784493   -0.03789112 -0.03697992
 -0.03789112 -0.03697992   -0.03789112 -0.03697992   -0.05721308  0.19784493
    2    2
  0.26787254  0.00000000    0.00970033  0.00000000    0.00970033  0.00000000
  0.00970033  0.00000000    0.26787254  0.00000000    0.00970033  0.00000000
  0.00970033  0.00000000    0.00970033  0.00000000    0.26787254  0.00000000

     Dynamical  Matrix in cartesian axes

     q = (   -0.250000000  -0.250000000   0.250000000 ) 

    1    1
  0.26787254  0.00000000    0.00970033  0.00000000   -0.00970033  0.00000000
  0.00970033  0.00000000    0.26787254  0.00000000   -0.00970033  0.00000000
 -0.00970033  0.00000000   -0.00970033  0.00000000    0.26787254  0.00000000
    1    2
 -0.19784493 -0.05721308    0.03697992 -0.03789112   -0.03697992  0.03789112
  0.03697992 -0.03789112   -0.19784493 -0.05721308   -0.03697992  0.03789112
 -0.03697992  0.03789112   -0.03697992  0.03789112   -0.19784493 -0.05721308
    2    1
 -0.19784493  0.05721308    0.03697992  0.03789112   -0.03697992 -0.03789112
  0.03697992  0.03789112   -0.19784493  0.05721308   -0.03697992 -0.03789112
 -0.03697992 -0.03789112   -0.03697992 -0.03789112   -0.19784493  0.05721308
    2    2
  0.26787254  0.00000000    0.00970033  0.00000000   -0.00970033  0.00000000
  0.00970033  0.00000000    0.26787254  0.00000000   -0.00970033  0.00000000
 -0.00970033  0.00000000   -0.00970033  0.00000000    0.26787254  0.00000000

     Dynamical  Matrix in cartesian axes

     q = (   -0.250000000   0.250000000   0.250000000 ) 

    1    1
  0.26787254  0.00000000   -0.00970033  0.00000000   -0.00970033  0.00000000
 -0.00970033  0.00000000    0.26787254  0.00000000    0.00970033  0.00000000
 -0.00970033  0.00000000    0.00970033  0.00000000    0.26787254  0.00000000
    1    2
 -0.19784493  0.05721308   -0.03697992 -0.03789112   -0.03697992 -0.03789112
 -0.03697992 -0.03789112   -0.19784493  0.05721308    0.03697992  0.03789112
 -0.03697992 -0.03789112    0.03697992  0.03789112   -0.19784493  0.05721308
    2    1
 -0.19784493 -0.05721308   -0.03697992  0.03789112   -0.03697992  0.03789112
 -0.03697992  0.03789112   -0.19784493 -0.05721308    0.03697992 -0.03789112
 -0.03697992  0.03789112    0.03697992 -0.03789112   -0.19784493 -0.05721308
    2    2
  0.26787254  0.00000000   -0.00970033  0.00000000   -0.00970033  0.00000000
 -0.00970033  0.00000000    0.26787254  0.00000000    0.00970033  0.00000000
 -0.00970033  0.00000000    0.00970033  0.00000000    0.26787254  0.00000000

     Dynamical  Matrix in cartesian axes

     q = (    0.250000000   0.250000000  -0.250000000 ) 

    1    1
  0.26787254  0.00000000    0.00970033  0.00000000   -0.00970033  0.00000000
  0.00970033  0.00000000    0.26787254  0.00000000   -0.00970033  0.00000000
 -0.00970033  0.00000000   -0.00970033  0.00000000    0.26787254  0.00000000
    1    2
 -0.19784493  0.05721308    0.03697992  0.03789112   -0.03697992 -0.03789112
  0.03697992  0.03789112   -0.19784493  0.05721308   -0.03697992 -0.03789112
 -0.03697992 -0.03789112   -0.03697992 -0.03789112   -0.19784493  0.05721308
    2    1
 -0.19784493 -0.05721308    0.03697992 -0.03789112   -0.03697992  0.03789112
  0.03697992 -0.03789112   -0.19784493 -0.05721308   -0.03697992  0.03789112
 -0.03697992  0.03789112   -0.03697992  0.03789112   -0.19784493 -0.05721308
    2    2
  0.26787254  0.00000000    0.00970033  0.00000000   -0.00970033  0.00000000
  0.00970033  0.00000000    0.26787254  0.00000000   -0.00970033  0.00000000
 -0.00970033  0.00000000   -0.00970033  0.00000000    0.26787254  0.00000000

     Diagonalizing the dynamical matrix

     q = (   -0.250000000   0.250000000  -0.250000000 ) 

 **************************************************************************
     freq (    1) =       3.087981 [THz] =     103.003950 [cm-1]
 ( -0.573911  0.037978 -0.281221  0.062061  0.292690  0.024083 ) 
 ( -0.568863  0.084914 -0.275185  0.084914  0.293679  0.000000 ) 
     freq (    2) =       3.087981 [THz] =     103.003950 [cm-1]
 (  0.004909 -0.049934  0.500312 -0.009171  0.495403  0.040763 ) 
 (  0.000797 -0.050168  0.497875 -0.050168  0.497078  0.000000 ) 
     freq (    3) =       6.679232 [THz] =     222.795184 [cm-1]
 ( -0.278262 -0.298725  0.278262  0.298725 -0.278262 -0.298725 ) 
 ( -0.408248  0.000000  0.408248 -0.000000 -0.408248  0.000000 ) 
     freq (    4) =      14.082022 [THz] =     469.725684 [cm-1]
 ( -0.278262 -0.298725  0.278262  0.298725 -0.278262 -0.298725 ) 
 (  0.408248 -0.000000 -0.408248  0.000000  0.408248  0.000000 ) 
     freq (    5) =      14.448956 [THz] =     481.965296 [cm-1]
 (  0.287263  0.023799 -0.288142 -0.023547 -0.575405 -0.047346 ) 
 ( -0.288248 -0.000162  0.289102 -0.000162  0.577350  0.000000 ) 
     freq (    6) =      14.448956 [THz] =     481.965296 [cm-1]
 ( -0.480838  0.137990 -0.480312  0.138033  0.000526  0.000043 ) 
 (  0.467903 -0.176956  0.467375 -0.176956 -0.000528  0.000000 ) 
 **************************************************************************
