Dynamical matrix file
                                                                           
  1    1  2  9.8621922  0.0000000  0.0000000  0.0000000  0.0000000  0.0000000
           1  'Na  '    20954.103126620943     
    1    1      0.0000000000      0.0000000000      0.0000000000

     Dynamical  Matrix in cartesian axes

     q = (    0.625000000  -0.125000000   0.875000000 ) 

    1    1
  0.01785513  0.00000000   -0.00472282  0.00000000    0.00330311  0.00000000
 -0.00472282  0.00000000    0.03262549  0.00000000   -0.00104720  0.00000000
  0.00330311  0.00000000   -0.00104720  0.00000000    0.02343647  0.00000000

     Dynamical  Matrix in cartesian axes

     q = (    0.625000000  -0.125000000  -0.875000000 ) 

    1    1
  0.01785513  0.00000000   -0.00472282  0.00000000   -0.00330311  0.00000000
 -0.00472282  0.00000000    0.03262549  0.00000000    0.00104720  0.00000000
 -0.00330311  0.00000000    0.00104720  0.00000000    0.02343647  0.00000000

     Dynamical  Matrix in cartesian axes

     q = (    0.875000000   0.125000000   0.625000000 ) 

    1    1
  0.02343647  0.00000000    0.00104720  0.00000000    0.00330311  0.00000000
  0.00104720  0.00000000    0.03262549  0.00000000    0.00472282  0.00000000
  0.00330311  0.00000000    0.00472282  0.00000000    0.01785513  0.00000000

     Dynamical  Matrix in cartesian axes

     q = (    0.625000000   0.125000000   0.875000000 ) 

    1    1
  0.01785513  0.00000000    0.00472282  0.00000000    0.00330311  0.00000000
  0.00472282  0.00000000    0.03262549  0.00000000    0.00104720  0.00000000
  0.00330311  0.00000000    0.00104720  0.00000000    0.02343647  0.00000000

     Dynamical  Matrix in cartesian axes

     q = (    0.875000000  -0.125000000  -0.625000000 ) 

    1    1
  0.02343647  0.00000000   -0.00104720  0.00000000   -0.00330311  0.00000000
 -0.00104720  0.00000000    0.03262549  0.00000000    0.00472282  0.00000000
 -0.00330311  0.00000000    0.00472282  0.00000000    0.01785513  0.00000000

     Dynamical  Matrix in cartesian axes

     q = (    0.875000000  -0.125000000   0.625000000 ) 

    1    1
  0.02343647  0.00000000   -0.00104720  0.00000000    0.00330311  0.00000000
 -0.00104720  0.00000000    0.03262549  0.00000000   -0.00472282  0.00000000
  0.00330311  0.00000000   -0.00472282  0.00000000    0.01785513  0.00000000

     Dynamical  Matrix in cartesian axes

     q = (   -0.875000000  -0.125000000   0.625000000 ) 

    1    1
  0.02343647  0.00000000    0.00104720  0.00000000   -0.00330311  0.00000000
  0.00104720  0.00000000    0.03262549  0.00000000   -0.00472282  0.00000000
 -0.00330311  0.00000000   -0.00472282  0.00000000    0.01785513  0.00000000

     Dynamical  Matrix in cartesian axes

     q = (   -0.625000000  -0.125000000  -0.875000000 ) 

    1    1
  0.01785513  0.00000000    0.00472282  0.00000000    0.00330311  0.00000000
  0.00472282  0.00000000    0.03262549  0.00000000    0.00104720  0.00000000
  0.00330311  0.00000000    0.00104720  0.00000000    0.02343647  0.00000000

     Dynamical  Matrix in cartesian axes

     q = (   -0.875000000   0.125000000  -0.625000000 ) 

    1    1
  0.02343647  0.00000000   -0.00104720  0.00000000    0.00330311  0.00000000
 -0.00104720  0.00000000    0.03262549  0.00000000   -0.00472282  0.00000000
  0.00330311  0.00000000   -0.00472282  0.00000000    0.01785513  0.00000000

     Dynamical  Matrix in cartesian axes

     q = (   -0.625000000  -0.125000000   0.875000000 ) 

    1    1
  0.01785513  0.00000000    0.00472282  0.00000000   -0.00330311  0.00000000
  0.00472282  0.00000000    0.03262549  0.00000000   -0.00104720  0.00000000
 -0.00330311  0.00000000   -0.00104720  0.00000000    0.02343647  0.00000000

     Dynamical  Matrix in cartesian axes

     q = (   -0.875000000   0.125000000   0.625000000 ) 

    1    1
  0.02343647  0.00000000   -0.00104720  0.00000000   -0.00330311  0.00000000
 -0.00104720  0.00000000    0.03262549  0.00000000    0.00472282  0.00000000
 -0.00330311  0.00000000    0.00472282  0.00000000    0.01785513  0.00000000

     Dynamical  Matrix in cartesian axes

     q = (    0.875000000   0.125000000  -0.625000000 ) 

    1    1
  0.02343647  0.00000000    0.00104720  0.00000000   -0.00330311  0.00000000
  0.00104720  0.00000000    0.03262549  0.00000000   -0.00472282  0.00000000
 -0.00330311  0.00000000   -0.00472282  0.00000000    0.01785513  0.00000000

     Dynamical  Matrix in cartesian axes

     q = (   -0.625000000   0.125000000   0.875000000 ) 

    1    1
  0.01785513  0.00000000   -0.00472282  0.00000000   -0.00330311  0.00000000
 -0.00472282  0.00000000    0.03262549  0.00000000    0.00104720  0.00000000
 -0.00330311  0.00000000    0.00104720  0.00000000    0.02343647  0.00000000

     Dynamical  Matrix in cartesian axes

     q = (   -0.875000000  -0.125000000  -0.625000000 ) 

    1    1
  0.02343647  0.00000000    0.00104720  0.00000000    0.00330311  0.00000000
  0.00104720  0.00000000    0.03262549  0.00000000    0.00472282  0.00000000
  0.00330311  0.00000000    0.00472282  0.00000000    0.01785513  0.00000000

     Dynamical  Matrix in cartesian axes

     q = (    0.625000000   0.125000000  -0.875000000 ) 

    1    1
  0.01785513  0.00000000    0.00472282  0.00000000   -0.00330311  0.00000000
  0.00472282  0.00000000    0.03262549  0.00000000   -0.00104720  0.00000000
 -0.00330311  0.00000000   -0.00104720  0.00000000    0.02343647  0.00000000

     Dynamical  Matrix in cartesian axes

     q = (   -0.625000000   0.125000000  -0.875000000 ) 

    1    1
  0.01785513  0.00000000   -0.00472282  0.00000000    0.00330311  0.00000000
 -0.00472282  0.00000000    0.03262549  0.00000000   -0.00104720  0.00000000
  0.00330311  0.00000000   -0.00104720  0.00000000    0.02343647  0.00000000

     Dynamical  Matrix in cartesian axes

     q = (   -0.125000000   0.875000000   0.625000000 ) 

    1    1
  0.03262549  0.00000000   -0.00104720  0.00000000   -0.00472282  0.00000000
 -0.00104720  0.00000000    0.02343647  0.00000000    0.00330311  0.00000000
 -0.00472282  0.00000000    0.00330311  0.00000000    0.01785513  0.00000000

     Dynamical  Matrix in cartesian axes

     q = (    0.125000000   0.875000000  -0.625000000 ) 

    1    1
  0.03262549  0.00000000    0.00104720  0.00000000   -0.00472282  0.00000000
  0.00104720  0.00000000    0.02343647  0.00000000   -0.00330311  0.00000000
 -0.00472282  0.00000000   -0.00330311  0.00000000    0.01785513  0.00000000

     Dynamical  Matrix in cartesian axes

     q = (   -0.125000000  -0.875000000  -0.625000000 ) 

    1    1
  0.03262549  0.00000000    0.00104720  0.00000000    0.00472282  0.00000000
  0.00104720  0.00000000    0.02343647  0.00000000    0.00330311  0.00000000
  0.00472282  0.00000000    0.00330311  0.00000000    0.01785513  0.00000000

     Dynamical  Matrix in cartesian axes

     q = (   -0.125000000   0.625000000  -0.875000000 ) 

    1    1
  0.03262549  0.00000000   -0.00472282  0.00000000    0.00104720  0.00000000
 -0.00472282  0.00000000    0.01785513  0.00000000   -0.00330311  0.00000000
  0.00104720  0.00000000   -0.00330311  0.00000000    0.02343647  0.00000000

     Dynamical  Matrix in cartesian axes

     q = (    0.875000000   0.625000000  -0.125000000 ) 

    1    1
  0.02343647  0.00000000    0.00330311  0.00000000   -0.00104720  0.00000000
  0.00330311  0.00000000    0.01785513  0.00000000   -0.00472282  0.00000000
 -0.00104720  0.00000000   -0.00472282  0.00000000    0.03262549  0.00000000

     Dynamical  Matrix in cartesian axes

     q = (   -0.125000000   0.875000000  -0.625000000 ) 

    1    1
  0.03262549  0.00000000   -0.00104720  0.00000000    0.00472282  0.00000000
 -0.00104720  0.00000000    0.02343647  0.00000000   -0.00330311  0.00000000
  0.00472282  0.00000000   -0.00330311  0.00000000    0.01785513  0.00000000

     Dynamical  Matrix in cartesian axes

     q = (   -0.875000000  -0.625000000  -0.125000000 ) 

    1    1
  0.02343647  0.00000000    0.00330311  0.00000000    0.00104720  0.00000000
  0.00330311  0.00000000    0.01785513  0.00000000    0.00472282  0.00000000
  0.00104720  0.00000000    0.00472282  0.00000000    0.03262549  0.00000000

     Dynamical  Matrix in cartesian axes

     q = (   -0.875000000   0.625000000   0.125000000 ) 

    1    1
  0.02343647  0.00000000   -0.00330311  0.00000000   -0.00104720  0.00000000
 -0.00330311  0.00000000    0.01785513  0.00000000    0.00472282  0.00000000
 -0.00104720  0.00000000    0.00472282  0.00000000    0.03262549  0.00000000

     Dynamical  Matrix in cartesian axes

     q = (    0.125000000  -0.625000000   0.875000000 ) 

    1    1
  0.03262549  0.00000000   -0.00472282  0.00000000    0.00104720  0.00000000
 -0.00472282  0.00000000    0.01785513  0.00000000   -0.00330311  0.00000000
  0.00104720  0.00000000   -0.00330311  0.00000000    0.02343647  0.00000000

     Dynamical  Matrix in cartesian axes

     q = (    0.125000000  -0.875000000   0.625000000 ) 

    1    1
  0.03262549  0.00000000   -0.00104720  0.00000000    0.00472282  0.00000000
 -0.00104720  0.00000000    0.02343647  0.00000000   -0.00330311  0.00000000
  0.00472282  0.00000000   -0.00330311  0.00000000    0.01785513  0.00000000

     Dynamical  Matrix in cartesian axes

     q = (    0.625000000  -0.875000000   0.125000000 ) 

    1    1
  0.01785513  0.00000000   -0.00330311  0.00000000    0.00472282  0.00000000
 -0.00330311  0.00000000    0.02343647  0.00000000   -0.00104720  0.00000000
  0.00472282  0.00000000   -0.00104720  0.00000000    0.03262549  0.00000000

     Dynamical  Matrix in cartesian axes

     q = (   -0.875000000   0.625000000  -0.125000000 ) 

    1    1
  0.02343647  0.00000000   -0.00330311  0.00000000    0.00104720  0.00000000
 -0.00330311  0.00000000    0.01785513  0.00000000   -0.00472282  0.00000000
  0.00104720  0.00000000   -0.00472282  0.00000000    0.03262549  0.00000000

     Dynamical  Matrix in cartesian axes

     q = (    0.125000000   0.625000000   0.875000000 ) 

    1    1
  0.03262549  0.00000000    0.00472282  0.00000000    0.00104720  0.00000000
  0.00472282  0.00000000    0.01785513  0.00000000    0.00330311  0.00000000
  0.00104720  0.00000000    0.00330311  0.00000000    0.02343647  0.00000000

     Dynamical  Matrix in cartesian axes

     q = (   -0.125000000   0.625000000   0.875000000 ) 

    1    1
  0.03262549  0.00000000   -0.00472282  0.00000000   -0.00104720  0.00000000
 -0.00472282  0.00000000    0.01785513  0.00000000    0.00330311  0.00000000
 -0.00104720  0.00000000    0.00330311  0.00000000    0.02343647  0.00000000

     Dynamical  Matrix in cartesian axes

     q = (    0.125000000   0.625000000  -0.875000000 ) 

    1    1
  0.03262549  0.00000000    0.00472282  0.00000000   -0.00104720  0.00000000
  0.00472282  0.00000000    0.01785513  0.00000000   -0.00330311  0.00000000
 -0.00104720  0.00000000   -0.00330311  0.00000000    0.02343647  0.00000000

     Dynamical  Matrix in cartesian axes

     q = (   -0.125000000  -0.625000000  -0.875000000 ) 

    1    1
  0.03262549  0.00000000    0.00472282  0.00000000    0.00104720  0.00000000
  0.00472282  0.00000000    0.01785513  0.00000000    0.00330311  0.00000000
  0.00104720  0.00000000    0.00330311  0.00000000    0.02343647  0.00000000

     Dynamical  Matrix in cartesian axes

     q = (   -0.625000000  -0.875000000   0.125000000 ) 

    1    1
  0.01785513  0.00000000    0.00330311  0.00000000   -0.00472282  0.00000000
  0.00330311  0.00000000    0.02343647  0.00000000   -0.00104720  0.00000000
 -0.00472282  0.00000000   -0.00104720  0.00000000    0.03262549  0.00000000

     Dynamical  Matrix in cartesian axes

     q = (   -0.125000000  -0.625000000   0.875000000 ) 

    1    1
  0.03262549  0.00000000    0.00472282  0.00000000   -0.00104720  0.00000000
  0.00472282  0.00000000    0.01785513  0.00000000   -0.00330311  0.00000000
 -0.00104720  0.00000000   -0.00330311  0.00000000    0.02343647  0.00000000

     Dynamical  Matrix in cartesian axes

     q = (    0.875000000  -0.625000000   0.125000000 ) 

    1    1
  0.02343647  0.00000000   -0.00330311  0.00000000    0.00104720  0.00000000
 -0.00330311  0.00000000    0.01785513  0.00000000   -0.00472282  0.00000000
  0.00104720  0.00000000   -0.00472282  0.00000000    0.03262549  0.00000000

     Dynamical  Matrix in cartesian axes

     q = (    0.625000000   0.875000000   0.125000000 ) 

    1    1
  0.01785513  0.00000000    0.00330311  0.00000000    0.00472282  0.00000000
  0.00330311  0.00000000    0.02343647  0.00000000    0.00104720  0.00000000
  0.00472282  0.00000000    0.00104720  0.00000000    0.03262549  0.00000000

     Dynamical  Matrix in cartesian axes

     q = (    0.125000000  -0.625000000  -0.875000000 ) 

    1    1
  0.03262549  0.00000000   -0.00472282  0.00000000   -0.00104720  0.00000000
 -0.00472282  0.00000000    0.01785513  0.00000000    0.00330311  0.00000000
 -0.00104720  0.00000000    0.00330311  0.00000000    0.02343647  0.00000000

     Dynamical  Matrix in cartesian axes

     q = (    0.625000000   0.875000000  -0.125000000 ) 

    1    1
  0.01785513  0.00000000    0.00330311  0.00000000   -0.00472282  0.00000000
  0.00330311  0.00000000    0.02343647  0.00000000   -0.00104720  0.00000000
 -0.00472282  0.00000000   -0.00104720  0.00000000    0.03262549  0.00000000

     Dynamical  Matrix in cartesian axes

     q = (   -0.625000000  -0.875000000  -0.125000000 ) 

    1    1
  0.01785513  0.00000000    0.00330311  0.00000000    0.00472282  0.00000000
  0.00330311  0.00000000    0.02343647  0.00000000    0.00104720  0.00000000
  0.00472282  0.00000000    0.00104720  0.00000000    0.03262549  0.00000000

     Dynamical  Matrix in cartesian axes

     q = (   -0.625000000   0.875000000  -0.125000000 ) 

    1    1
  0.01785513  0.00000000   -0.00330311  0.00000000    0.00472282  0.00000000
 -0.00330311  0.00000000    0.02343647  0.00000000   -0.00104720  0.00000000
  0.00472282  0.00000000   -0.00104720  0.00000000    0.03262549  0.00000000

     Dynamical  Matrix in cartesian axes

     q = (    0.125000000  -0.875000000  -0.625000000 ) 

    1    1
  0.03262549  0.00000000   -0.00104720  0.00000000   -0.00472282  0.00000000
 -0.00104720  0.00000000    0.02343647  0.00000000    0.00330311  0.00000000
 -0.00472282  0.00000000    0.00330311  0.00000000    0.01785513  0.00000000

     Dynamical  Matrix in cartesian axes

     q = (   -0.125000000  -0.875000000   0.625000000 ) 

    1    1
  0.03262549  0.00000000    0.00104720  0.00000000   -0.00472282  0.00000000
  0.00104720  0.00000000    0.02343647  0.00000000   -0.00330311  0.00000000
 -0.00472282  0.00000000   -0.00330311  0.00000000    0.01785513  0.00000000

     Dynamical  Matrix in cartesian axes

     q = (    0.125000000   0.875000000   0.625000000 ) 

    1    1
  0.03262549  0.00000000    0.00104720  0.00000000    0.00472282  0.00000000
  0.00104720  0.00000000    0.02343647  0.00000000    0.00330311  0.00000000
  0.00472282  0.00000000    0.00330311  0.00000000    0.01785513  0.00000000

     Dynamical  Matrix in cartesian axes

     q = (    0.625000000  -0.875000000  -0.125000000 ) 

    1    1
  0.01785513  0.00000000   -0.00330311  0.00000000   -0.00472282  0.00000000
 -0.00330311  0.00000000    0.02343647  0.00000000    0.00104720  0.00000000
 -0.00472282  0.00000000    0.00104720  0.00000000    0.03262549  0.00000000

     Dynamical  Matrix in cartesian axes

     q = (   -0.875000000  -0.625000000   0.125000000 ) 

    1    1
  0.02343647  0.00000000    0.00330311  0.00000000   -0.00104720  0.00000000
  0.00330311  0.00000000    0.01785513  0.00000000   -0.00472282  0.00000000
 -0.00104720  0.00000000   -0.00472282  0.00000000    0.03262549  0.00000000

     Dynamical  Matrix in cartesian axes

     q = (   -0.625000000   0.875000000   0.125000000 ) 

    1    1
  0.01785513  0.00000000   -0.00330311  0.00000000   -0.00472282  0.00000000
 -0.00330311  0.00000000    0.02343647  0.00000000    0.00104720  0.00000000
 -0.00472282  0.00000000    0.00104720  0.00000000    0.03262549  0.00000000

     Dynamical  Matrix in cartesian axes

     q = (    0.875000000   0.625000000   0.125000000 ) 

    1    1
  0.02343647  0.00000000    0.00330311  0.00000000    0.00104720  0.00000000
  0.00330311  0.00000000    0.01785513  0.00000000    0.00472282  0.00000000
  0.00104720  0.00000000    0.00472282  0.00000000    0.03262549  0.00000000

     Dynamical  Matrix in cartesian axes

     q = (    0.875000000  -0.625000000  -0.125000000 ) 

    1    1
  0.02343647  0.00000000   -0.00330311  0.00000000   -0.00104720  0.00000000
 -0.00330311  0.00000000    0.01785513  0.00000000    0.00472282  0.00000000
 -0.00104720  0.00000000    0.00472282  0.00000000    0.03262549  0.00000000

     Diagonalizing the dynamical matrix

     q = (    0.625000000  -0.125000000   0.875000000 ) 

 **************************************************************************
     freq (    1) =       2.821804 [THz] =      94.125253 [cm-1]
 ( -0.910281  0.000000 -0.228816  0.000000  0.345011 -0.000000 ) 
     freq (    2) =       3.530933 [THz] =     117.779231 [cm-1]
 (  0.281146  0.000000  0.270056  0.000000  0.920883  0.000000 ) 
     freq (    3) =       4.212962 [THz] =     140.529301 [cm-1]
 (  0.303885  0.000000 -0.935261  0.000000  0.181496  0.000000 ) 
 **************************************************************************
