Dynamical matrix file
                                                                           
  1    1  3  8.0100000  0.0000000  0.0000000  0.0000000  0.0000000  0.0000000
           1  'Na  '    20954.103126620943     
    1    1      0.0000000000      0.0000000000      0.0000000000

     Dynamical  Matrix in cartesian axes

     q = (   -0.166666667   0.666666667  -0.500000000 ) 

    1    1
  0.01363662  0.00000000   -0.00025555  0.00000000   -0.00319246  0.00000000
 -0.00025555  0.00000000    0.01461117  0.00000000   -0.00985306  0.00000000
 -0.00319246  0.00000000   -0.00985306  0.00000000    0.01469494  0.00000000

     Dynamical  Matrix in cartesian axes

     q = (    0.666666667  -0.166666667  -0.500000000 ) 

    1    1
  0.01461117  0.00000000   -0.00025555  0.00000000   -0.00985306  0.00000000
 -0.00025555  0.00000000    0.01363662  0.00000000   -0.00319246  0.00000000
 -0.00985306  0.00000000   -0.00319246  0.00000000    0.01469494  0.00000000

     Dynamical  Matrix in cartesian axes

     q = (   -0.166666667   0.500000000  -0.666666667 ) 

    1    1
  0.01363662  0.00000000    0.00319246  0.00000000    0.00025555  0.00000000
  0.00319246  0.00000000    0.01469494  0.00000000   -0.00985306  0.00000000
  0.00025555  0.00000000   -0.00985306  0.00000000    0.01461117  0.00000000

     Dynamical  Matrix in cartesian axes

     q = (    0.166666667   0.500000000  -0.666666667 ) 

    1    1
  0.01363662  0.00000000   -0.00319246  0.00000000   -0.00025555  0.00000000
 -0.00319246  0.00000000    0.01469494  0.00000000   -0.00985306  0.00000000
 -0.00025555  0.00000000   -0.00985306  0.00000000    0.01461117  0.00000000

     Dynamical  Matrix in cartesian axes

     q = (   -0.166666667  -0.500000000   0.666666667 ) 

    1    1
  0.01363662  0.00000000   -0.00319246  0.00000000   -0.00025555  0.00000000
 -0.00319246  0.00000000    0.01469494  0.00000000   -0.00985306  0.00000000
 -0.00025555  0.00000000   -0.00985306  0.00000000    0.01461117  0.00000000

     Dynamical  Matrix in cartesian axes

     q = (    0.166666667  -0.500000000   0.666666667 ) 

    1    1
  0.01363662  0.00000000    0.00319246  0.00000000    0.00025555  0.00000000
  0.00319246  0.00000000    0.01469494  0.00000000   -0.00985306  0.00000000
  0.00025555  0.00000000   -0.00985306  0.00000000    0.01461117  0.00000000

     Dynamical  Matrix in cartesian axes

     q = (    0.166666667  -0.666666667   0.500000000 ) 

    1    1
  0.01363662  0.00000000   -0.00025555  0.00000000   -0.00319246  0.00000000
 -0.00025555  0.00000000    0.01461117  0.00000000   -0.00985306  0.00000000
 -0.00319246  0.00000000   -0.00985306  0.00000000    0.01469494  0.00000000

     Dynamical  Matrix in cartesian axes

     q = (   -0.166666667  -0.666666667   0.500000000 ) 

    1    1
  0.01363662  0.00000000    0.00025555  0.00000000    0.00319246  0.00000000
  0.00025555  0.00000000    0.01461117  0.00000000   -0.00985306  0.00000000
  0.00319246  0.00000000   -0.00985306  0.00000000    0.01469494  0.00000000

     Dynamical  Matrix in cartesian axes

     q = (   -0.500000000  -0.666666667  -0.166666667 ) 

    1    1
  0.01469494  0.00000000    0.00985306  0.00000000   -0.00319246  0.00000000
  0.00985306  0.00000000    0.01461117  0.00000000    0.00025555  0.00000000
 -0.00319246  0.00000000    0.00025555  0.00000000    0.01363662  0.00000000

     Dynamical  Matrix in cartesian axes

     q = (    0.500000000  -0.666666667   0.166666667 ) 

    1    1
  0.01469494  0.00000000   -0.00985306  0.00000000   -0.00319246  0.00000000
 -0.00985306  0.00000000    0.01461117  0.00000000   -0.00025555  0.00000000
 -0.00319246  0.00000000   -0.00025555  0.00000000    0.01363662  0.00000000

     Dynamical  Matrix in cartesian axes

     q = (   -0.500000000   0.666666667   0.166666667 ) 

    1    1
  0.01469494  0.00000000   -0.00985306  0.00000000    0.00319246  0.00000000
 -0.00985306  0.00000000    0.01461117  0.00000000    0.00025555  0.00000000
  0.00319246  0.00000000    0.00025555  0.00000000    0.01363662  0.00000000

     Dynamical  Matrix in cartesian axes

     q = (    0.500000000   0.666666667  -0.166666667 ) 

    1    1
  0.01469494  0.00000000    0.00985306  0.00000000    0.00319246  0.00000000
  0.00985306  0.00000000    0.01461117  0.00000000   -0.00025555  0.00000000
  0.00319246  0.00000000   -0.00025555  0.00000000    0.01363662  0.00000000

     Dynamical  Matrix in cartesian axes

     q = (    0.666666667  -0.166666667   0.500000000 ) 

    1    1
  0.01461117  0.00000000   -0.00025555  0.00000000    0.00985306  0.00000000
 -0.00025555  0.00000000    0.01363662  0.00000000    0.00319246  0.00000000
  0.00985306  0.00000000    0.00319246  0.00000000    0.01469494  0.00000000

     Dynamical  Matrix in cartesian axes

     q = (    0.666666667  -0.500000000  -0.166666667 ) 

    1    1
  0.01461117  0.00000000   -0.00985306  0.00000000   -0.00025555  0.00000000
 -0.00985306  0.00000000    0.01469494  0.00000000   -0.00319246  0.00000000
 -0.00025555  0.00000000   -0.00319246  0.00000000    0.01363662  0.00000000

     Dynamical  Matrix in cartesian axes

     q = (   -0.166666667  -0.500000000  -0.666666667 ) 

    1    1
  0.01363662  0.00000000   -0.00319246  0.00000000    0.00025555  0.00000000
 -0.00319246  0.00000000    0.01469494  0.00000000    0.00985306  0.00000000
  0.00025555  0.00000000    0.00985306  0.00000000    0.01461117  0.00000000

     Dynamical  Matrix in cartesian axes

     q = (   -0.166666667   0.500000000   0.666666667 ) 

    1    1
  0.01363662  0.00000000    0.00319246  0.00000000   -0.00025555  0.00000000
  0.00319246  0.00000000    0.01469494  0.00000000    0.00985306  0.00000000
 -0.00025555  0.00000000    0.00985306  0.00000000    0.01461117  0.00000000

     Dynamical  Matrix in cartesian axes

     q = (    0.666666667   0.166666667  -0.500000000 ) 

    1    1
  0.01461117  0.00000000    0.00025555  0.00000000   -0.00985306  0.00000000
  0.00025555  0.00000000    0.01363662  0.00000000    0.00319246  0.00000000
 -0.00985306  0.00000000    0.00319246  0.00000000    0.01469494  0.00000000

     Dynamical  Matrix in cartesian axes

     q = (    0.166666667   0.666666667  -0.500000000 ) 

    1    1
  0.01363662  0.00000000    0.00025555  0.00000000    0.00319246  0.00000000
  0.00025555  0.00000000    0.01461117  0.00000000   -0.00985306  0.00000000
  0.00319246  0.00000000   -0.00985306  0.00000000    0.01469494  0.00000000

     Dynamical  Matrix in cartesian axes

     q = (    0.666666667   0.500000000   0.166666667 ) 

    1    1
  0.01461117  0.00000000    0.00985306  0.00000000    0.00025555  0.00000000
  0.00985306  0.00000000    0.01469494  0.00000000   -0.00319246  0.00000000
  0.00025555  0.00000000   -0.00319246  0.00000000    0.01363662  0.00000000

     Dynamical  Matrix in cartesian axes

     q = (   -0.666666667   0.500000000  -0.166666667 ) 

    1    1
  0.01461117  0.00000000   -0.00985306  0.00000000    0.00025555  0.00000000
 -0.00985306  0.00000000    0.01469494  0.00000000    0.00319246  0.00000000
  0.00025555  0.00000000    0.00319246  0.00000000    0.01363662  0.00000000

     Dynamical  Matrix in cartesian axes

     q = (    0.500000000   0.166666667   0.666666667 ) 

    1    1
  0.01469494  0.00000000   -0.00319246  0.00000000    0.00985306  0.00000000
 -0.00319246  0.00000000    0.01363662  0.00000000    0.00025555  0.00000000
  0.00985306  0.00000000    0.00025555  0.00000000    0.01461117  0.00000000

     Dynamical  Matrix in cartesian axes

     q = (   -0.500000000   0.166666667  -0.666666667 ) 

    1    1
  0.01469494  0.00000000    0.00319246  0.00000000    0.00985306  0.00000000
  0.00319246  0.00000000    0.01363662  0.00000000   -0.00025555  0.00000000
  0.00985306  0.00000000   -0.00025555  0.00000000    0.01461117  0.00000000

     Dynamical  Matrix in cartesian axes

     q = (    0.500000000   0.666666667   0.166666667 ) 

    1    1
  0.01469494  0.00000000    0.00985306  0.00000000   -0.00319246  0.00000000
  0.00985306  0.00000000    0.01461117  0.00000000    0.00025555  0.00000000
 -0.00319246  0.00000000    0.00025555  0.00000000    0.01363662  0.00000000

     Dynamical  Matrix in cartesian axes

     q = (    0.500000000  -0.166666667  -0.666666667 ) 

    1    1
  0.01469494  0.00000000    0.00319246  0.00000000   -0.00985306  0.00000000
  0.00319246  0.00000000    0.01363662  0.00000000    0.00025555  0.00000000
 -0.00985306  0.00000000    0.00025555  0.00000000    0.01461117  0.00000000

     Dynamical  Matrix in cartesian axes

     q = (   -0.666666667   0.166666667   0.500000000 ) 

    1    1
  0.01461117  0.00000000   -0.00025555  0.00000000   -0.00985306  0.00000000
 -0.00025555  0.00000000    0.01363662  0.00000000   -0.00319246  0.00000000
 -0.00985306  0.00000000   -0.00319246  0.00000000    0.01469494  0.00000000

     Dynamical  Matrix in cartesian axes

     q = (   -0.166666667   0.666666667   0.500000000 ) 

    1    1
  0.01363662  0.00000000   -0.00025555  0.00000000    0.00319246  0.00000000
 -0.00025555  0.00000000    0.01461117  0.00000000    0.00985306  0.00000000
  0.00319246  0.00000000    0.00985306  0.00000000    0.01469494  0.00000000

     Dynamical  Matrix in cartesian axes

     q = (   -0.500000000  -0.166666667   0.666666667 ) 

    1    1
  0.01469494  0.00000000   -0.00319246  0.00000000   -0.00985306  0.00000000
 -0.00319246  0.00000000    0.01363662  0.00000000   -0.00025555  0.00000000
 -0.00985306  0.00000000   -0.00025555  0.00000000    0.01461117  0.00000000

     Dynamical  Matrix in cartesian axes

     q = (    0.166666667   0.666666667   0.500000000 ) 

    1    1
  0.01363662  0.00000000    0.00025555  0.00000000   -0.00319246  0.00000000
  0.00025555  0.00000000    0.01461117  0.00000000    0.00985306  0.00000000
 -0.00319246  0.00000000    0.00985306  0.00000000    0.01469494  0.00000000

     Dynamical  Matrix in cartesian axes

     q = (   -0.500000000   0.666666667  -0.166666667 ) 

    1    1
  0.01469494  0.00000000   -0.00985306  0.00000000   -0.00319246  0.00000000
 -0.00985306  0.00000000    0.01461117  0.00000000   -0.00025555  0.00000000
 -0.00319246  0.00000000   -0.00025555  0.00000000    0.01363662  0.00000000

     Dynamical  Matrix in cartesian axes

     q = (   -0.666666667  -0.166666667  -0.500000000 ) 

    1    1
  0.01461117  0.00000000    0.00025555  0.00000000    0.00985306  0.00000000
  0.00025555  0.00000000    0.01363662  0.00000000   -0.00319246  0.00000000
  0.00985306  0.00000000   -0.00319246  0.00000000    0.01469494  0.00000000

     Dynamical  Matrix in cartesian axes

     q = (   -0.666666667  -0.166666667   0.500000000 ) 

    1    1
  0.01461117  0.00000000    0.00025555  0.00000000   -0.00985306  0.00000000
  0.00025555  0.00000000    0.01363662  0.00000000    0.00319246  0.00000000
 -0.00985306  0.00000000    0.00319246  0.00000000    0.01469494  0.00000000

     Dynamical  Matrix in cartesian axes

     q = (    0.666666667   0.166666667   0.500000000 ) 

    1    1
  0.01461117  0.00000000    0.00025555  0.00000000    0.00985306  0.00000000
  0.00025555  0.00000000    0.01363662  0.00000000   -0.00319246  0.00000000
  0.00985306  0.00000000   -0.00319246  0.00000000    0.01469494  0.00000000

     Dynamical  Matrix in cartesian axes

     q = (    0.166666667  -0.666666667  -0.500000000 ) 

    1    1
  0.01363662  0.00000000   -0.00025555  0.00000000    0.00319246  0.00000000
 -0.00025555  0.00000000    0.01461117  0.00000000    0.00985306  0.00000000
  0.00319246  0.00000000    0.00985306  0.00000000    0.01469494  0.00000000

     Dynamical  Matrix in cartesian axes

     q = (   -0.666666667   0.166666667  -0.500000000 ) 

    1    1
  0.01461117  0.00000000   -0.00025555  0.00000000    0.00985306  0.00000000
 -0.00025555  0.00000000    0.01363662  0.00000000    0.00319246  0.00000000
  0.00985306  0.00000000    0.00319246  0.00000000    0.01469494  0.00000000

     Dynamical  Matrix in cartesian axes

     q = (    0.500000000  -0.666666667  -0.166666667 ) 

    1    1
  0.01469494  0.00000000   -0.00985306  0.00000000    0.00319246  0.00000000
 -0.00985306  0.00000000    0.01461117  0.00000000    0.00025555  0.00000000
  0.00319246  0.00000000    0.00025555  0.00000000    0.01363662  0.00000000

     Dynamical  Matrix in cartesian axes

     q = (   -0.500000000  -0.666666667   0.166666667 ) 

    1    1
  0.01469494  0.00000000    0.00985306  0.00000000    0.00319246  0.00000000
  0.00985306  0.00000000    0.01461117  0.00000000   -0.00025555  0.00000000
  0.00319246  0.00000000   -0.00025555  0.00000000    0.01363662  0.00000000

     Dynamical  Matrix in cartesian axes

     q = (   -0.166666667  -0.666666667  -0.500000000 ) 

    1    1
  0.01363662  0.00000000    0.00025555  0.00000000   -0.00319246  0.00000000
  0.00025555  0.00000000    0.01461117  0.00000000    0.00985306  0.00000000
 -0.00319246  0.00000000    0.00985306  0.00000000    0.01469494  0.00000000

     Dynamical  Matrix in cartesian axes

     q = (   -0.666666667  -0.500000000   0.166666667 ) 

    1    1
  0.01461117  0.00000000    0.00985306  0.00000000   -0.00025555  0.00000000
  0.00985306  0.00000000    0.01469494  0.00000000    0.00319246  0.00000000
 -0.00025555  0.00000000    0.00319246  0.00000000    0.01363662  0.00000000

     Dynamical  Matrix in cartesian axes

     q = (    0.166666667   0.500000000   0.666666667 ) 

    1    1
  0.01363662  0.00000000   -0.00319246  0.00000000    0.00025555  0.00000000
 -0.00319246  0.00000000    0.01469494  0.00000000    0.00985306  0.00000000
  0.00025555  0.00000000    0.00985306  0.00000000    0.01461117  0.00000000

     Dynamical  Matrix in cartesian axes

     q = (    0.166666667  -0.500000000  -0.666666667 ) 

    1    1
  0.01363662  0.00000000    0.00319246  0.00000000   -0.00025555  0.00000000
  0.00319246  0.00000000    0.01469494  0.00000000    0.00985306  0.00000000
 -0.00025555  0.00000000    0.00985306  0.00000000    0.01461117  0.00000000

     Dynamical  Matrix in cartesian axes

     q = (   -0.666666667   0.500000000   0.166666667 ) 

    1    1
  0.01461117  0.00000000   -0.00985306  0.00000000   -0.00025555  0.00000000
 -0.00985306  0.00000000    0.01469494  0.00000000   -0.00319246  0.00000000
 -0.00025555  0.00000000   -0.00319246  0.00000000    0.01363662  0.00000000

     Dynamical  Matrix in cartesian axes

     q = (    0.666666667   0.500000000  -0.166666667 ) 

    1    1
  0.01461117  0.00000000    0.00985306  0.00000000   -0.00025555  0.00000000
  0.00985306  0.00000000    0.01469494  0.00000000    0.00319246  0.00000000
 -0.00025555  0.00000000    0.00319246  0.00000000    0.01363662  0.00000000

     Dynamical  Matrix in cartesian axes

     q = (   -0.666666667  -0.500000000  -0.166666667 ) 

    1    1
  0.01461117  0.00000000    0.00985306  0.00000000    0.00025555  0.00000000
  0.00985306  0.00000000    0.01469494  0.00000000   -0.00319246  0.00000000
  0.00025555  0.00000000   -0.00319246  0.00000000    0.01363662  0.00000000

     Dynamical  Matrix in cartesian axes

     q = (    0.666666667  -0.500000000   0.166666667 ) 

    1    1
  0.01461117  0.00000000   -0.00985306  0.00000000    0.00025555  0.00000000
 -0.00985306  0.00000000    0.01469494  0.00000000    0.00319246  0.00000000
  0.00025555  0.00000000    0.00319246  0.00000000    0.01363662  0.00000000

     Dynamical  Matrix in cartesian axes

     q = (    0.500000000   0.166666667  -0.666666667 ) 

    1    1
  0.01469494  0.00000000   -0.00319246  0.00000000   -0.00985306  0.00000000
 -0.00319246  0.00000000    0.01363662  0.00000000   -0.00025555  0.00000000
 -0.00985306  0.00000000   -0.00025555  0.00000000    0.01461117  0.00000000

     Dynamical  Matrix in cartesian axes

     q = (    0.500000000  -0.166666667   0.666666667 ) 

    1    1
  0.01469494  0.00000000    0.00319246  0.00000000    0.00985306  0.00000000
  0.00319246  0.00000000    0.01363662  0.00000000   -0.00025555  0.00000000
  0.00985306  0.00000000   -0.00025555  0.00000000    0.01461117  0.00000000

     Dynamical  Matrix in cartesian axes

     q = (   -0.500000000  -0.166666667  -0.666666667 ) 

    1    1
  0.01469494  0.00000000   -0.00319246  0.00000000    0.00985306  0.00000000
 -0.00319246  0.00000000    0.01363662  0.00000000    0.00025555  0.00000000
  0.00985306  0.00000000    0.00025555  0.00000000    0.01461117  0.00000000

     Dynamical  Matrix in cartesian axes

     q = (   -0.500000000   0.166666667   0.666666667 ) 

    1    1
  0.01469494  0.00000000    0.00319246  0.00000000   -0.00985306  0.00000000
  0.00319246  0.00000000    0.01363662  0.00000000    0.00025555  0.00000000
 -0.00985306  0.00000000    0.00025555  0.00000000    0.01461117  0.00000000

     Diagonalizing the dynamical matrix

     q = (   -0.166666667   0.666666667  -0.500000000 ) 

 **************************************************************************
     freq (    1) =       1.465930 [THz] =      48.898163 [cm-1]
 (  0.254021 -0.000000  0.666777 -0.000000  0.700630  0.000000 ) 
     freq (    2) =       2.677625 [THz] =      89.315943 [cm-1]
 (  0.949066  0.000000 -0.311445  0.000000 -0.047698  0.000000 ) 
     freq (    3) =       3.586341 [THz] =     119.627467 [cm-1]
 ( -0.186404  0.000000 -0.677060  0.000000  0.711929  0.000000 ) 
 **************************************************************************
