Dynamical matrix file
                                                                           
  1    1  2  8.4912860  0.0000000  0.0000000  0.0000000  0.0000000  0.0000000
           1  'Na  '    20954.103126620943     
    1    1      0.0000000000      0.0000000000      0.0000000000

     Dynamical  Matrix in cartesian axes

     q = (    0.625000000  -0.375000000   0.875000000 ) 

    1    1
  0.03878770  0.00000000   -0.02581236  0.00000000    0.01335228  0.00000000
 -0.02581236  0.00000000    0.05777736  0.00000000   -0.01277511  0.00000000
  0.01335228  0.00000000   -0.01277511  0.00000000    0.04890649  0.00000000

     Dynamical  Matrix in cartesian axes

     q = (    0.625000000  -0.375000000  -0.875000000 ) 

    1    1
  0.03878770  0.00000000   -0.02581236  0.00000000   -0.01335228  0.00000000
 -0.02581236  0.00000000    0.05777736  0.00000000    0.01277511  0.00000000
 -0.01335228  0.00000000    0.01277511  0.00000000    0.04890649  0.00000000

     Dynamical  Matrix in cartesian axes

     q = (    0.875000000   0.375000000   0.625000000 ) 

    1    1
  0.04890649  0.00000000    0.01277511  0.00000000    0.01335228  0.00000000
  0.01277511  0.00000000    0.05777736  0.00000000    0.02581236  0.00000000
  0.01335228  0.00000000    0.02581236  0.00000000    0.03878770  0.00000000

     Dynamical  Matrix in cartesian axes

     q = (    0.625000000   0.375000000   0.875000000 ) 

    1    1
  0.03878770  0.00000000    0.02581236  0.00000000    0.01335228  0.00000000
  0.02581236  0.00000000    0.05777736  0.00000000    0.01277511  0.00000000
  0.01335228  0.00000000    0.01277511  0.00000000    0.04890649  0.00000000

     Dynamical  Matrix in cartesian axes

     q = (    0.875000000  -0.375000000  -0.625000000 ) 

    1    1
  0.04890649  0.00000000   -0.01277511  0.00000000   -0.01335228  0.00000000
 -0.01277511  0.00000000    0.05777736  0.00000000    0.02581236  0.00000000
 -0.01335228  0.00000000    0.02581236  0.00000000    0.03878770  0.00000000

     Dynamical  Matrix in cartesian axes

     q = (    0.875000000  -0.375000000   0.625000000 ) 

    1    1
  0.04890649  0.00000000   -0.01277511  0.00000000    0.01335228  0.00000000
 -0.01277511  0.00000000    0.05777736  0.00000000   -0.02581236  0.00000000
  0.01335228  0.00000000   -0.02581236  0.00000000    0.03878770  0.00000000

     Dynamical  Matrix in cartesian axes

     q = (   -0.875000000  -0.375000000   0.625000000 ) 

    1    1
  0.04890649  0.00000000    0.01277511  0.00000000   -0.01335228  0.00000000
  0.01277511  0.00000000    0.05777736  0.00000000   -0.02581236  0.00000000
 -0.01335228  0.00000000   -0.02581236  0.00000000    0.03878770  0.00000000

     Dynamical  Matrix in cartesian axes

     q = (   -0.625000000  -0.375000000  -0.875000000 ) 

    1    1
  0.03878770  0.00000000    0.02581236  0.00000000    0.01335228  0.00000000
  0.02581236  0.00000000    0.05777736  0.00000000    0.01277511  0.00000000
  0.01335228  0.00000000    0.01277511  0.00000000    0.04890649  0.00000000

     Dynamical  Matrix in cartesian axes

     q = (   -0.875000000   0.375000000  -0.625000000 ) 

    1    1
  0.04890649  0.00000000   -0.01277511  0.00000000    0.01335228  0.00000000
 -0.01277511  0.00000000    0.05777736  0.00000000   -0.02581236  0.00000000
  0.01335228  0.00000000   -0.02581236  0.00000000    0.03878770  0.00000000

     Dynamical  Matrix in cartesian axes

     q = (   -0.625000000  -0.375000000   0.875000000 ) 

    1    1
  0.03878770  0.00000000    0.02581236  0.00000000   -0.01335228  0.00000000
  0.02581236  0.00000000    0.05777736  0.00000000   -0.01277511  0.00000000
 -0.01335228  0.00000000   -0.01277511  0.00000000    0.04890649  0.00000000

     Dynamical  Matrix in cartesian axes

     q = (   -0.875000000   0.375000000   0.625000000 ) 

    1    1
  0.04890649  0.00000000   -0.01277511  0.00000000   -0.01335228  0.00000000
 -0.01277511  0.00000000    0.05777736  0.00000000    0.02581236  0.00000000
 -0.01335228  0.00000000    0.02581236  0.00000000    0.03878770  0.00000000

     Dynamical  Matrix in cartesian axes

     q = (    0.875000000   0.375000000  -0.625000000 ) 

    1    1
  0.04890649  0.00000000    0.01277511  0.00000000   -0.01335228  0.00000000
  0.01277511  0.00000000    0.05777736  0.00000000   -0.02581236  0.00000000
 -0.01335228  0.00000000   -0.02581236  0.00000000    0.03878770  0.00000000

     Dynamical  Matrix in cartesian axes

     q = (   -0.625000000   0.375000000   0.875000000 ) 

    1    1
  0.03878770  0.00000000   -0.02581236  0.00000000   -0.01335228  0.00000000
 -0.02581236  0.00000000    0.05777736  0.00000000    0.01277511  0.00000000
 -0.01335228  0.00000000    0.01277511  0.00000000    0.04890649  0.00000000

     Dynamical  Matrix in cartesian axes

     q = (   -0.875000000  -0.375000000  -0.625000000 ) 

    1    1
  0.04890649  0.00000000    0.01277511  0.00000000    0.01335228  0.00000000
  0.01277511  0.00000000    0.05777736  0.00000000    0.02581236  0.00000000
  0.01335228  0.00000000    0.02581236  0.00000000    0.03878770  0.00000000

     Dynamical  Matrix in cartesian axes

     q = (    0.625000000   0.375000000  -0.875000000 ) 

    1    1
  0.03878770  0.00000000    0.02581236  0.00000000   -0.01335228  0.00000000
  0.02581236  0.00000000    0.05777736  0.00000000   -0.01277511  0.00000000
 -0.01335228  0.00000000   -0.01277511  0.00000000    0.04890649  0.00000000

     Dynamical  Matrix in cartesian axes

     q = (   -0.625000000   0.375000000  -0.875000000 ) 

    1    1
  0.03878770  0.00000000   -0.02581236  0.00000000    0.01335228  0.00000000
 -0.02581236  0.00000000    0.05777736  0.00000000   -0.01277511  0.00000000
  0.01335228  0.00000000   -0.01277511  0.00000000    0.04890649  0.00000000

     Dynamical  Matrix in cartesian axes

     q = (   -0.375000000   0.875000000   0.625000000 ) 

    1    1
  0.05777736  0.00000000   -0.01277511  0.00000000   -0.02581236  0.00000000
 -0.01277511  0.00000000    0.04890649  0.00000000    0.01335228  0.00000000
 -0.02581236  0.00000000    0.01335228  0.00000000    0.03878770  0.00000000

     Dynamical  Matrix in cartesian axes

     q = (    0.375000000   0.875000000  -0.625000000 ) 

    1    1
  0.05777736  0.00000000    0.01277511  0.00000000   -0.02581236  0.00000000
  0.01277511  0.00000000    0.04890649  0.00000000   -0.01335228  0.00000000
 -0.02581236  0.00000000   -0.01335228  0.00000000    0.03878770  0.00000000

     Dynamical  Matrix in cartesian axes

     q = (   -0.375000000  -0.875000000  -0.625000000 ) 

    1    1
  0.05777736  0.00000000    0.01277511  0.00000000    0.02581236  0.00000000
  0.01277511  0.00000000    0.04890649  0.00000000    0.01335228  0.00000000
  0.02581236  0.00000000    0.01335228  0.00000000    0.03878770  0.00000000

     Dynamical  Matrix in cartesian axes

     q = (   -0.375000000   0.625000000  -0.875000000 ) 

    1    1
  0.05777736  0.00000000   -0.02581236  0.00000000    0.01277511  0.00000000
 -0.02581236  0.00000000    0.03878770  0.00000000   -0.01335228  0.00000000
  0.01277511  0.00000000   -0.01335228  0.00000000    0.04890649  0.00000000

     Dynamical  Matrix in cartesian axes

     q = (    0.875000000   0.625000000  -0.375000000 ) 

    1    1
  0.04890649  0.00000000    0.01335228  0.00000000   -0.01277511  0.00000000
  0.01335228  0.00000000    0.03878770  0.00000000   -0.02581236  0.00000000
 -0.01277511  0.00000000   -0.02581236  0.00000000    0.05777736  0.00000000

     Dynamical  Matrix in cartesian axes

     q = (   -0.375000000   0.875000000  -0.625000000 ) 

    1    1
  0.05777736  0.00000000   -0.01277511  0.00000000    0.02581236  0.00000000
 -0.01277511  0.00000000    0.04890649  0.00000000   -0.01335228  0.00000000
  0.02581236  0.00000000   -0.01335228  0.00000000    0.03878770  0.00000000

     Dynamical  Matrix in cartesian axes

     q = (   -0.875000000  -0.625000000  -0.375000000 ) 

    1    1
  0.04890649  0.00000000    0.01335228  0.00000000    0.01277511  0.00000000
  0.01335228  0.00000000    0.03878770  0.00000000    0.02581236  0.00000000
  0.01277511  0.00000000    0.02581236  0.00000000    0.05777736  0.00000000

     Dynamical  Matrix in cartesian axes

     q = (   -0.875000000   0.625000000   0.375000000 ) 

    1    1
  0.04890649  0.00000000   -0.01335228  0.00000000   -0.01277511  0.00000000
 -0.01335228  0.00000000    0.03878770  0.00000000    0.02581236  0.00000000
 -0.01277511  0.00000000    0.02581236  0.00000000    0.05777736  0.00000000

     Dynamical  Matrix in cartesian axes

     q = (    0.375000000  -0.625000000   0.875000000 ) 

    1    1
  0.05777736  0.00000000   -0.02581236  0.00000000    0.01277511  0.00000000
 -0.02581236  0.00000000    0.03878770  0.00000000   -0.01335228  0.00000000
  0.01277511  0.00000000   -0.01335228  0.00000000    0.04890649  0.00000000

     Dynamical  Matrix in cartesian axes

     q = (    0.375000000  -0.875000000   0.625000000 ) 

    1    1
  0.05777736  0.00000000   -0.01277511  0.00000000    0.02581236  0.00000000
 -0.01277511  0.00000000    0.04890649  0.00000000   -0.01335228  0.00000000
  0.02581236  0.00000000   -0.01335228  0.00000000    0.03878770  0.00000000

     Dynamical  Matrix in cartesian axes

     q = (    0.625000000  -0.875000000   0.375000000 ) 

    1    1
  0.03878770  0.00000000   -0.01335228  0.00000000    0.02581236  0.00000000
 -0.01335228  0.00000000    0.04890649  0.00000000   -0.01277511  0.00000000
  0.02581236  0.00000000   -0.01277511  0.00000000    0.05777736  0.00000000

     Dynamical  Matrix in cartesian axes

     q = (   -0.875000000   0.625000000  -0.375000000 ) 

    1    1
  0.04890649  0.00000000   -0.01335228  0.00000000    0.01277511  0.00000000
 -0.01335228  0.00000000    0.03878770  0.00000000   -0.02581236  0.00000000
  0.01277511  0.00000000   -0.02581236  0.00000000    0.05777736  0.00000000

     Dynamical  Matrix in cartesian axes

     q = (    0.375000000   0.625000000   0.875000000 ) 

    1    1
  0.05777736  0.00000000    0.02581236  0.00000000    0.01277511  0.00000000
  0.02581236  0.00000000    0.03878770  0.00000000    0.01335228  0.00000000
  0.01277511  0.00000000    0.01335228  0.00000000    0.04890649  0.00000000

     Dynamical  Matrix in cartesian axes

     q = (   -0.375000000   0.625000000   0.875000000 ) 

    1    1
  0.05777736  0.00000000   -0.02581236  0.00000000   -0.01277511  0.00000000
 -0.02581236  0.00000000    0.03878770  0.00000000    0.01335228  0.00000000
 -0.01277511  0.00000000    0.01335228  0.00000000    0.04890649  0.00000000

     Dynamical  Matrix in cartesian axes

     q = (    0.375000000   0.625000000  -0.875000000 ) 

    1    1
  0.05777736  0.00000000    0.02581236  0.00000000   -0.01277511  0.00000000
  0.02581236  0.00000000    0.03878770  0.00000000   -0.01335228  0.00000000
 -0.01277511  0.00000000   -0.01335228  0.00000000    0.04890649  0.00000000

     Dynamical  Matrix in cartesian axes

     q = (   -0.375000000  -0.625000000  -0.875000000 ) 

    1    1
  0.05777736  0.00000000    0.02581236  0.00000000    0.01277511  0.00000000
  0.02581236  0.00000000    0.03878770  0.00000000    0.01335228  0.00000000
  0.01277511  0.00000000    0.01335228  0.00000000    0.04890649  0.00000000

     Dynamical  Matrix in cartesian axes

     q = (   -0.625000000  -0.875000000   0.375000000 ) 

    1    1
  0.03878770  0.00000000    0.01335228  0.00000000   -0.02581236  0.00000000
  0.01335228  0.00000000    0.04890649  0.00000000   -0.01277511  0.00000000
 -0.02581236  0.00000000   -0.01277511  0.00000000    0.05777736  0.00000000

     Dynamical  Matrix in cartesian axes

     q = (   -0.375000000  -0.625000000   0.875000000 ) 

    1    1
  0.05777736  0.00000000    0.02581236  0.00000000   -0.01277511  0.00000000
  0.02581236  0.00000000    0.03878770  0.00000000   -0.01335228  0.00000000
 -0.01277511  0.00000000   -0.01335228  0.00000000    0.04890649  0.00000000

     Dynamical  Matrix in cartesian axes

     q = (    0.875000000  -0.625000000   0.375000000 ) 

    1    1
  0.04890649  0.00000000   -0.01335228  0.00000000    0.01277511  0.00000000
 -0.01335228  0.00000000    0.03878770  0.00000000   -0.02581236  0.00000000
  0.01277511  0.00000000   -0.02581236  0.00000000    0.05777736  0.00000000

     Dynamical  Matrix in cartesian axes

     q = (    0.625000000   0.875000000   0.375000000 ) 

    1    1
  0.03878770  0.00000000    0.01335228  0.00000000    0.02581236  0.00000000
  0.01335228  0.00000000    0.04890649  0.00000000    0.01277511  0.00000000
  0.02581236  0.00000000    0.01277511  0.00000000    0.05777736  0.00000000

     Dynamical  Matrix in cartesian axes

     q = (    0.375000000  -0.625000000  -0.875000000 ) 

    1    1
  0.05777736  0.00000000   -0.02581236  0.00000000   -0.01277511  0.00000000
 -0.02581236  0.00000000    0.03878770  0.00000000    0.01335228  0.00000000
 -0.01277511  0.00000000    0.01335228  0.00000000    0.04890649  0.00000000

     Dynamical  Matrix in cartesian axes

     q = (    0.625000000   0.875000000  -0.375000000 ) 

    1    1
  0.03878770  0.00000000    0.01335228  0.00000000   -0.02581236  0.00000000
  0.01335228  0.00000000    0.04890649  0.00000000   -0.01277511  0.00000000
 -0.02581236  0.00000000   -0.01277511  0.00000000    0.05777736  0.00000000

     Dynamical  Matrix in cartesian axes

     q = (   -0.625000000  -0.875000000  -0.375000000 ) 

    1    1
  0.03878770  0.00000000    0.01335228  0.00000000    0.02581236  0.00000000
  0.01335228  0.00000000    0.04890649  0.00000000    0.01277511  0.00000000
  0.02581236  0.00000000    0.01277511  0.00000000    0.05777736  0.00000000

     Dynamical  Matrix in cartesian axes

     q = (   -0.625000000   0.875000000  -0.375000000 ) 

    1    1
  0.03878770  0.00000000   -0.01335228  0.00000000    0.02581236  0.00000000
 -0.01335228  0.00000000    0.04890649  0.00000000   -0.01277511  0.00000000
  0.02581236  0.00000000   -0.01277511  0.00000000    0.05777736  0.00000000

     Dynamical  Matrix in cartesian axes

     q = (    0.375000000  -0.875000000  -0.625000000 ) 

    1    1
  0.05777736  0.00000000   -0.01277511  0.00000000   -0.02581236  0.00000000
 -0.01277511  0.00000000    0.04890649  0.00000000    0.01335228  0.00000000
 -0.02581236  0.00000000    0.01335228  0.00000000    0.03878770  0.00000000

     Dynamical  Matrix in cartesian axes

     q = (   -0.375000000  -0.875000000   0.625000000 ) 

    1    1
  0.05777736  0.00000000    0.01277511  0.00000000   -0.02581236  0.00000000
  0.01277511  0.00000000    0.04890649  0.00000000   -0.01335228  0.00000000
 -0.02581236  0.00000000   -0.01335228  0.00000000    0.03878770  0.00000000

     Dynamical  Matrix in cartesian axes

     q = (    0.375000000   0.875000000   0.625000000 ) 

    1    1
  0.05777736  0.00000000    0.01277511  0.00000000    0.02581236  0.00000000
  0.01277511  0.00000000    0.04890649  0.00000000    0.01335228  0.00000000
  0.02581236  0.00000000    0.01335228  0.00000000    0.03878770  0.00000000

     Dynamical  Matrix in cartesian axes

     q = (    0.625000000  -0.875000000  -0.375000000 ) 

    1    1
  0.03878770  0.00000000   -0.01335228  0.00000000   -0.02581236  0.00000000
 -0.01335228  0.00000000    0.04890649  0.00000000    0.01277511  0.00000000
 -0.02581236  0.00000000    0.01277511  0.00000000    0.05777736  0.00000000

     Dynamical  Matrix in cartesian axes

     q = (   -0.875000000  -0.625000000   0.375000000 ) 

    1    1
  0.04890649  0.00000000    0.01335228  0.00000000   -0.01277511  0.00000000
  0.01335228  0.00000000    0.03878770  0.00000000   -0.02581236  0.00000000
 -0.01277511  0.00000000   -0.02581236  0.00000000    0.05777736  0.00000000

     Dynamical  Matrix in cartesian axes

     q = (   -0.625000000   0.875000000   0.375000000 ) 

    1    1
  0.03878770  0.00000000   -0.01335228  0.00000000   -0.02581236  0.00000000
 -0.01335228  0.00000000    0.04890649  0.00000000    0.01277511  0.00000000
 -0.02581236  0.00000000    0.01277511  0.00000000    0.05777736  0.00000000

     Dynamical  Matrix in cartesian axes

     q = (    0.875000000   0.625000000   0.375000000 ) 

    1    1
  0.04890649  0.00000000    0.01335228  0.00000000    0.01277511  0.00000000
  0.01335228  0.00000000    0.03878770  0.00000000    0.02581236  0.00000000
  0.01277511  0.00000000    0.02581236  0.00000000    0.05777736  0.00000000

     Dynamical  Matrix in cartesian axes

     q = (    0.875000000  -0.625000000  -0.375000000 ) 

    1    1
  0.04890649  0.00000000   -0.01335228  0.00000000   -0.01277511  0.00000000
 -0.01335228  0.00000000    0.03878770  0.00000000    0.02581236  0.00000000
 -0.01277511  0.00000000    0.02581236  0.00000000    0.05777736  0.00000000

     Diagonalizing the dynamical matrix

     q = (    0.625000000  -0.375000000   0.875000000 ) 

 **************************************************************************
     freq (    1) =       3.229936 [THz] =     107.739069 [cm-1]
 (  0.838168  0.000000  0.522188  0.000000 -0.157460  0.000000 ) 
     freq (    2) =       4.563968 [THz] =     152.237587 [cm-1]
 ( -0.122638  0.000000  0.461746  0.000000  0.878493  0.000000 ) 
     freq (    3) =       6.623866 [THz] =     220.948401 [cm-1]
 (  0.531445  0.000000 -0.717015  0.000000  0.451061  0.000000 ) 
 **************************************************************************
