Dynamical matrix file
                                                                           
  1    1  2  8.7601769  0.0000000  0.0000000  0.0000000  0.0000000  0.0000000
           1  'Na  '    20954.103126620943     
    1    1      0.0000000000      0.0000000000      0.0000000000

     Dynamical  Matrix in cartesian axes

     q = (    0.625000000  -0.125000000   0.875000000 ) 

    1    1
  0.03440319  0.00000000   -0.01055450  0.00000000    0.00935008  0.00000000
 -0.01055450  0.00000000    0.06949247  0.00000000   -0.00335618  0.00000000
  0.00935008  0.00000000   -0.00335618  0.00000000    0.04835252  0.00000000

     Dynamical  Matrix in cartesian axes

     q = (    0.625000000  -0.125000000  -0.875000000 ) 

    1    1
  0.03440319  0.00000000   -0.01055450  0.00000000   -0.00935008  0.00000000
 -0.01055450  0.00000000    0.06949247  0.00000000    0.00335618  0.00000000
 -0.00935008  0.00000000    0.00335618  0.00000000    0.04835252  0.00000000

     Dynamical  Matrix in cartesian axes

     q = (    0.875000000   0.125000000   0.625000000 ) 

    1    1
  0.04835252  0.00000000    0.00335618  0.00000000    0.00935008  0.00000000
  0.00335618  0.00000000    0.06949247  0.00000000    0.01055450  0.00000000
  0.00935008  0.00000000    0.01055450  0.00000000    0.03440319  0.00000000

     Dynamical  Matrix in cartesian axes

     q = (    0.625000000   0.125000000   0.875000000 ) 

    1    1
  0.03440319  0.00000000    0.01055450  0.00000000    0.00935008  0.00000000
  0.01055450  0.00000000    0.06949247  0.00000000    0.00335618  0.00000000
  0.00935008  0.00000000    0.00335618  0.00000000    0.04835252  0.00000000

     Dynamical  Matrix in cartesian axes

     q = (    0.875000000  -0.125000000  -0.625000000 ) 

    1    1
  0.04835252  0.00000000   -0.00335618  0.00000000   -0.00935008  0.00000000
 -0.00335618  0.00000000    0.06949247  0.00000000    0.01055450  0.00000000
 -0.00935008  0.00000000    0.01055450  0.00000000    0.03440319  0.00000000

     Dynamical  Matrix in cartesian axes

     q = (    0.875000000  -0.125000000   0.625000000 ) 

    1    1
  0.04835252  0.00000000   -0.00335618  0.00000000    0.00935008  0.00000000
 -0.00335618  0.00000000    0.06949247  0.00000000   -0.01055450  0.00000000
  0.00935008  0.00000000   -0.01055450  0.00000000    0.03440319  0.00000000

     Dynamical  Matrix in cartesian axes

     q = (   -0.875000000  -0.125000000   0.625000000 ) 

    1    1
  0.04835252  0.00000000    0.00335618  0.00000000   -0.00935008  0.00000000
  0.00335618  0.00000000    0.06949247  0.00000000   -0.01055450  0.00000000
 -0.00935008  0.00000000   -0.01055450  0.00000000    0.03440319  0.00000000

     Dynamical  Matrix in cartesian axes

     q = (   -0.625000000  -0.125000000  -0.875000000 ) 

    1    1
  0.03440319  0.00000000    0.01055450  0.00000000    0.00935008  0.00000000
  0.01055450  0.00000000    0.06949247  0.00000000    0.00335618  0.00000000
  0.00935008  0.00000000    0.00335618  0.00000000    0.04835252  0.00000000

     Dynamical  Matrix in cartesian axes

     q = (   -0.875000000   0.125000000  -0.625000000 ) 

    1    1
  0.04835252  0.00000000   -0.00335618  0.00000000    0.00935008  0.00000000
 -0.00335618  0.00000000    0.06949247  0.00000000   -0.01055450  0.00000000
  0.00935008  0.00000000   -0.01055450  0.00000000    0.03440319  0.00000000

     Dynamical  Matrix in cartesian axes

     q = (   -0.625000000  -0.125000000   0.875000000 ) 

    1    1
  0.03440319  0.00000000    0.01055450  0.00000000   -0.00935008  0.00000000
  0.01055450  0.00000000    0.06949247  0.00000000   -0.00335618  0.00000000
 -0.00935008  0.00000000   -0.00335618  0.00000000    0.04835252  0.00000000

     Dynamical  Matrix in cartesian axes

     q = (   -0.875000000   0.125000000   0.625000000 ) 

    1    1
  0.04835252  0.00000000   -0.00335618  0.00000000   -0.00935008  0.00000000
 -0.00335618  0.00000000    0.06949247  0.00000000    0.01055450  0.00000000
 -0.00935008  0.00000000    0.01055450  0.00000000    0.03440319  0.00000000

     Dynamical  Matrix in cartesian axes

     q = (    0.875000000   0.125000000  -0.625000000 ) 

    1    1
  0.04835252  0.00000000    0.00335618  0.00000000   -0.00935008  0.00000000
  0.00335618  0.00000000    0.06949247  0.00000000   -0.01055450  0.00000000
 -0.00935008  0.00000000   -0.01055450  0.00000000    0.03440319  0.00000000

     Dynamical  Matrix in cartesian axes

     q = (   -0.625000000   0.125000000   0.875000000 ) 

    1    1
  0.03440319  0.00000000   -0.01055450  0.00000000   -0.00935008  0.00000000
 -0.01055450  0.00000000    0.06949247  0.00000000    0.00335618  0.00000000
 -0.00935008  0.00000000    0.00335618  0.00000000    0.04835252  0.00000000

     Dynamical  Matrix in cartesian axes

     q = (   -0.875000000  -0.125000000  -0.625000000 ) 

    1    1
  0.04835252  0.00000000    0.00335618  0.00000000    0.00935008  0.00000000
  0.00335618  0.00000000    0.06949247  0.00000000    0.01055450  0.00000000
  0.00935008  0.00000000    0.01055450  0.00000000    0.03440319  0.00000000

     Dynamical  Matrix in cartesian axes

     q = (    0.625000000   0.125000000  -0.875000000 ) 

    1    1
  0.03440319  0.00000000    0.01055450  0.00000000   -0.00935008  0.00000000
  0.01055450  0.00000000    0.06949247  0.00000000   -0.00335618  0.00000000
 -0.00935008  0.00000000   -0.00335618  0.00000000    0.04835252  0.00000000

     Dynamical  Matrix in cartesian axes

     q = (   -0.625000000   0.125000000  -0.875000000 ) 

    1    1
  0.03440319  0.00000000   -0.01055450  0.00000000    0.00935008  0.00000000
 -0.01055450  0.00000000    0.06949247  0.00000000   -0.00335618  0.00000000
  0.00935008  0.00000000   -0.00335618  0.00000000    0.04835252  0.00000000

     Dynamical  Matrix in cartesian axes

     q = (   -0.125000000   0.875000000   0.625000000 ) 

    1    1
  0.06949247  0.00000000   -0.00335618  0.00000000   -0.01055450  0.00000000
 -0.00335618  0.00000000    0.04835252  0.00000000    0.00935008  0.00000000
 -0.01055450  0.00000000    0.00935008  0.00000000    0.03440319  0.00000000

     Dynamical  Matrix in cartesian axes

     q = (    0.125000000   0.875000000  -0.625000000 ) 

    1    1
  0.06949247  0.00000000    0.00335618  0.00000000   -0.01055450  0.00000000
  0.00335618  0.00000000    0.04835252  0.00000000   -0.00935008  0.00000000
 -0.01055450  0.00000000   -0.00935008  0.00000000    0.03440319  0.00000000

     Dynamical  Matrix in cartesian axes

     q = (   -0.125000000  -0.875000000  -0.625000000 ) 

    1    1
  0.06949247  0.00000000    0.00335618  0.00000000    0.01055450  0.00000000
  0.00335618  0.00000000    0.04835252  0.00000000    0.00935008  0.00000000
  0.01055450  0.00000000    0.00935008  0.00000000    0.03440319  0.00000000

     Dynamical  Matrix in cartesian axes

     q = (   -0.125000000   0.625000000  -0.875000000 ) 

    1    1
  0.06949247  0.00000000   -0.01055450  0.00000000    0.00335618  0.00000000
 -0.01055450  0.00000000    0.03440319  0.00000000   -0.00935008  0.00000000
  0.00335618  0.00000000   -0.00935008  0.00000000    0.04835252  0.00000000

     Dynamical  Matrix in cartesian axes

     q = (    0.875000000   0.625000000  -0.125000000 ) 

    1    1
  0.04835252  0.00000000    0.00935008  0.00000000   -0.00335618  0.00000000
  0.00935008  0.00000000    0.03440319  0.00000000   -0.01055450  0.00000000
 -0.00335618  0.00000000   -0.01055450  0.00000000    0.06949247  0.00000000

     Dynamical  Matrix in cartesian axes

     q = (   -0.125000000   0.875000000  -0.625000000 ) 

    1    1
  0.06949247  0.00000000   -0.00335618  0.00000000    0.01055450  0.00000000
 -0.00335618  0.00000000    0.04835252  0.00000000   -0.00935008  0.00000000
  0.01055450  0.00000000   -0.00935008  0.00000000    0.03440319  0.00000000

     Dynamical  Matrix in cartesian axes

     q = (   -0.875000000  -0.625000000  -0.125000000 ) 

    1    1
  0.04835252  0.00000000    0.00935008  0.00000000    0.00335618  0.00000000
  0.00935008  0.00000000    0.03440319  0.00000000    0.01055450  0.00000000
  0.00335618  0.00000000    0.01055450  0.00000000    0.06949247  0.00000000

     Dynamical  Matrix in cartesian axes

     q = (   -0.875000000   0.625000000   0.125000000 ) 

    1    1
  0.04835252  0.00000000   -0.00935008  0.00000000   -0.00335618  0.00000000
 -0.00935008  0.00000000    0.03440319  0.00000000    0.01055450  0.00000000
 -0.00335618  0.00000000    0.01055450  0.00000000    0.06949247  0.00000000

     Dynamical  Matrix in cartesian axes

     q = (    0.125000000  -0.625000000   0.875000000 ) 

    1    1
  0.06949247  0.00000000   -0.01055450  0.00000000    0.00335618  0.00000000
 -0.01055450  0.00000000    0.03440319  0.00000000   -0.00935008  0.00000000
  0.00335618  0.00000000   -0.00935008  0.00000000    0.04835252  0.00000000

     Dynamical  Matrix in cartesian axes

     q = (    0.125000000  -0.875000000   0.625000000 ) 

    1    1
  0.06949247  0.00000000   -0.00335618  0.00000000    0.01055450  0.00000000
 -0.00335618  0.00000000    0.04835252  0.00000000   -0.00935008  0.00000000
  0.01055450  0.00000000   -0.00935008  0.00000000    0.03440319  0.00000000

     Dynamical  Matrix in cartesian axes

     q = (    0.625000000  -0.875000000   0.125000000 ) 

    1    1
  0.03440319  0.00000000   -0.00935008  0.00000000    0.01055450  0.00000000
 -0.00935008  0.00000000    0.04835252  0.00000000   -0.00335618  0.00000000
  0.01055450  0.00000000   -0.00335618  0.00000000    0.06949247  0.00000000

     Dynamical  Matrix in cartesian axes

     q = (   -0.875000000   0.625000000  -0.125000000 ) 

    1    1
  0.04835252  0.00000000   -0.00935008  0.00000000    0.00335618  0.00000000
 -0.00935008  0.00000000    0.03440319  0.00000000   -0.01055450  0.00000000
  0.00335618  0.00000000   -0.01055450  0.00000000    0.06949247  0.00000000

     Dynamical  Matrix in cartesian axes

     q = (    0.125000000   0.625000000   0.875000000 ) 

    1    1
  0.06949247  0.00000000    0.01055450  0.00000000    0.00335618  0.00000000
  0.01055450  0.00000000    0.03440319  0.00000000    0.00935008  0.00000000
  0.00335618  0.00000000    0.00935008  0.00000000    0.04835252  0.00000000

     Dynamical  Matrix in cartesian axes

     q = (   -0.125000000   0.625000000   0.875000000 ) 

    1    1
  0.06949247  0.00000000   -0.01055450  0.00000000   -0.00335618  0.00000000
 -0.01055450  0.00000000    0.03440319  0.00000000    0.00935008  0.00000000
 -0.00335618  0.00000000    0.00935008  0.00000000    0.04835252  0.00000000

     Dynamical  Matrix in cartesian axes

     q = (    0.125000000   0.625000000  -0.875000000 ) 

    1    1
  0.06949247  0.00000000    0.01055450  0.00000000   -0.00335618  0.00000000
  0.01055450  0.00000000    0.03440319  0.00000000   -0.00935008  0.00000000
 -0.00335618  0.00000000   -0.00935008  0.00000000    0.04835252  0.00000000

     Dynamical  Matrix in cartesian axes

     q = (   -0.125000000  -0.625000000  -0.875000000 ) 

    1    1
  0.06949247  0.00000000    0.01055450  0.00000000    0.00335618  0.00000000
  0.01055450  0.00000000    0.03440319  0.00000000    0.00935008  0.00000000
  0.00335618  0.00000000    0.00935008  0.00000000    0.04835252  0.00000000

     Dynamical  Matrix in cartesian axes

     q = (   -0.625000000  -0.875000000   0.125000000 ) 

    1    1
  0.03440319  0.00000000    0.00935008  0.00000000   -0.01055450  0.00000000
  0.00935008  0.00000000    0.04835252  0.00000000   -0.00335618  0.00000000
 -0.01055450  0.00000000   -0.00335618  0.00000000    0.06949247  0.00000000

     Dynamical  Matrix in cartesian axes

     q = (   -0.125000000  -0.625000000   0.875000000 ) 

    1    1
  0.06949247  0.00000000    0.01055450  0.00000000   -0.00335618  0.00000000
  0.01055450  0.00000000    0.03440319  0.00000000   -0.00935008  0.00000000
 -0.00335618  0.00000000   -0.00935008  0.00000000    0.04835252  0.00000000

     Dynamical  Matrix in cartesian axes

     q = (    0.875000000  -0.625000000   0.125000000 ) 

    1    1
  0.04835252  0.00000000   -0.00935008  0.00000000    0.00335618  0.00000000
 -0.00935008  0.00000000    0.03440319  0.00000000   -0.01055450  0.00000000
  0.00335618  0.00000000   -0.01055450  0.00000000    0.06949247  0.00000000

     Dynamical  Matrix in cartesian axes

     q = (    0.625000000   0.875000000   0.125000000 ) 

    1    1
  0.03440319  0.00000000    0.00935008  0.00000000    0.01055450  0.00000000
  0.00935008  0.00000000    0.04835252  0.00000000    0.00335618  0.00000000
  0.01055450  0.00000000    0.00335618  0.00000000    0.06949247  0.00000000

     Dynamical  Matrix in cartesian axes

     q = (    0.125000000  -0.625000000  -0.875000000 ) 

    1    1
  0.06949247  0.00000000   -0.01055450  0.00000000   -0.00335618  0.00000000
 -0.01055450  0.00000000    0.03440319  0.00000000    0.00935008  0.00000000
 -0.00335618  0.00000000    0.00935008  0.00000000    0.04835252  0.00000000

     Dynamical  Matrix in cartesian axes

     q = (    0.625000000   0.875000000  -0.125000000 ) 

    1    1
  0.03440319  0.00000000    0.00935008  0.00000000   -0.01055450  0.00000000
  0.00935008  0.00000000    0.04835252  0.00000000   -0.00335618  0.00000000
 -0.01055450  0.00000000   -0.00335618  0.00000000    0.06949247  0.00000000

     Dynamical  Matrix in cartesian axes

     q = (   -0.625000000  -0.875000000  -0.125000000 ) 

    1    1
  0.03440319  0.00000000    0.00935008  0.00000000    0.01055450  0.00000000
  0.00935008  0.00000000    0.04835252  0.00000000    0.00335618  0.00000000
  0.01055450  0.00000000    0.00335618  0.00000000    0.06949247  0.00000000

     Dynamical  Matrix in cartesian axes

     q = (   -0.625000000   0.875000000  -0.125000000 ) 

    1    1
  0.03440319  0.00000000   -0.00935008  0.00000000    0.01055450  0.00000000
 -0.00935008  0.00000000    0.04835252  0.00000000   -0.00335618  0.00000000
  0.01055450  0.00000000   -0.00335618  0.00000000    0.06949247  0.00000000

     Dynamical  Matrix in cartesian axes

     q = (    0.125000000  -0.875000000  -0.625000000 ) 

    1    1
  0.06949247  0.00000000   -0.00335618  0.00000000   -0.01055450  0.00000000
 -0.00335618  0.00000000    0.04835252  0.00000000    0.00935008  0.00000000
 -0.01055450  0.00000000    0.00935008  0.00000000    0.03440319  0.00000000

     Dynamical  Matrix in cartesian axes

     q = (   -0.125000000  -0.875000000   0.625000000 ) 

    1    1
  0.06949247  0.00000000    0.00335618  0.00000000   -0.01055450  0.00000000
  0.00335618  0.00000000    0.04835252  0.00000000   -0.00935008  0.00000000
 -0.01055450  0.00000000   -0.00935008  0.00000000    0.03440319  0.00000000

     Dynamical  Matrix in cartesian axes

     q = (    0.125000000   0.875000000   0.625000000 ) 

    1    1
  0.06949247  0.00000000    0.00335618  0.00000000    0.01055450  0.00000000
  0.00335618  0.00000000    0.04835252  0.00000000    0.00935008  0.00000000
  0.01055450  0.00000000    0.00935008  0.00000000    0.03440319  0.00000000

     Dynamical  Matrix in cartesian axes

     q = (    0.625000000  -0.875000000  -0.125000000 ) 

    1    1
  0.03440319  0.00000000   -0.00935008  0.00000000   -0.01055450  0.00000000
 -0.00935008  0.00000000    0.04835252  0.00000000    0.00335618  0.00000000
 -0.01055450  0.00000000    0.00335618  0.00000000    0.06949247  0.00000000

     Dynamical  Matrix in cartesian axes

     q = (   -0.875000000  -0.625000000   0.125000000 ) 

    1    1
  0.04835252  0.00000000    0.00935008  0.00000000   -0.00335618  0.00000000
  0.00935008  0.00000000    0.03440319  0.00000000   -0.01055450  0.00000000
 -0.00335618  0.00000000   -0.01055450  0.00000000    0.06949247  0.00000000

     Dynamical  Matrix in cartesian axes

     q = (   -0.625000000   0.875000000   0.125000000 ) 

    1    1
  0.03440319  0.00000000   -0.00935008  0.00000000   -0.01055450  0.00000000
 -0.00935008  0.00000000    0.04835252  0.00000000    0.00335618  0.00000000
 -0.01055450  0.00000000    0.00335618  0.00000000    0.06949247  0.00000000

     Dynamical  Matrix in cartesian axes

     q = (    0.875000000   0.625000000   0.125000000 ) 

    1    1
  0.04835252  0.00000000    0.00935008  0.00000000    0.00335618  0.00000000
  0.00935008  0.00000000    0.03440319  0.00000000    0.01055450  0.00000000
  0.00335618  0.00000000    0.01055450  0.00000000    0.06949247  0.00000000

     Dynamical  Matrix in cartesian axes

     q = (    0.875000000  -0.625000000  -0.125000000 ) 

    1    1
  0.04835252  0.00000000   -0.00935008  0.00000000   -0.00335618  0.00000000
 -0.00935008  0.00000000    0.03440319  0.00000000    0.01055450  0.00000000
 -0.00335618  0.00000000    0.01055450  0.00000000    0.06949247  0.00000000

     Diagonalizing the dynamical matrix

     q = (    0.625000000  -0.125000000   0.875000000 ) 

 **************************************************************************
     freq (    1) =       3.809766 [THz] =     127.080123 [cm-1]
 ( -0.901899  0.000000 -0.198885  0.000000  0.383437 -0.000000 ) 
     freq (    2) =       5.099572 [THz] =     170.103397 [cm-1]
 (  0.307942  0.000000  0.326443  0.000000  0.893648  0.000000 ) 
     freq (    3) =       6.173991 [THz] =     205.942186 [cm-1]
 (  0.302903  0.000000 -0.924056  0.000000  0.233174  0.000000 ) 
 **************************************************************************
