Dynamical matrix file
                                                                           
  1    1  3  7.4500000  0.0000000  0.0000000  0.0000000  0.0000000  0.0000000
           1  'Na  '    20954.103126620943     
    1    1      0.0000000000      0.0000000000      0.0000000000

     Dynamical  Matrix in cartesian axes

     q = (   -0.166666667   0.666666667  -0.500000000 ) 

    1    1
  0.02087733  0.00000000   -0.00059262  0.00000000   -0.00604174  0.00000000
 -0.00059262  0.00000000    0.02532540  0.00000000   -0.01814895  0.00000000
 -0.00604174  0.00000000   -0.01814895  0.00000000    0.02692818  0.00000000

     Dynamical  Matrix in cartesian axes

     q = (    0.666666667  -0.166666667  -0.500000000 ) 

    1    1
  0.02532540  0.00000000   -0.00059262  0.00000000   -0.01814895  0.00000000
 -0.00059262  0.00000000    0.02087733  0.00000000   -0.00604174  0.00000000
 -0.01814895  0.00000000   -0.00604174  0.00000000    0.02692818  0.00000000

     Dynamical  Matrix in cartesian axes

     q = (   -0.166666667   0.500000000  -0.666666667 ) 

    1    1
  0.02087733  0.00000000    0.00604174  0.00000000    0.00059262  0.00000000
  0.00604174  0.00000000    0.02692818  0.00000000   -0.01814895  0.00000000
  0.00059262  0.00000000   -0.01814895  0.00000000    0.02532540  0.00000000

     Dynamical  Matrix in cartesian axes

     q = (    0.166666667   0.500000000  -0.666666667 ) 

    1    1
  0.02087733  0.00000000   -0.00604174  0.00000000   -0.00059262  0.00000000
 -0.00604174  0.00000000    0.02692818  0.00000000   -0.01814895  0.00000000
 -0.00059262  0.00000000   -0.01814895  0.00000000    0.02532540  0.00000000

     Dynamical  Matrix in cartesian axes

     q = (   -0.166666667  -0.500000000   0.666666667 ) 

    1    1
  0.02087733  0.00000000   -0.00604174  0.00000000   -0.00059262  0.00000000
 -0.00604174  0.00000000    0.02692818  0.00000000   -0.01814895  0.00000000
 -0.00059262  0.00000000   -0.01814895  0.00000000    0.02532540  0.00000000

     Dynamical  Matrix in cartesian axes

     q = (    0.166666667  -0.500000000   0.666666667 ) 

    1    1
  0.02087733  0.00000000    0.00604174  0.00000000    0.00059262  0.00000000
  0.00604174  0.00000000    0.02692818  0.00000000   -0.01814895  0.00000000
  0.00059262  0.00000000   -0.01814895  0.00000000    0.02532540  0.00000000

     Dynamical  Matrix in cartesian axes

     q = (    0.166666667  -0.666666667   0.500000000 ) 

    1    1
  0.02087733  0.00000000   -0.00059262  0.00000000   -0.00604174  0.00000000
 -0.00059262  0.00000000    0.02532540  0.00000000   -0.01814895  0.00000000
 -0.00604174  0.00000000   -0.01814895  0.00000000    0.02692818  0.00000000

     Dynamical  Matrix in cartesian axes

     q = (   -0.166666667  -0.666666667   0.500000000 ) 

    1    1
  0.02087733  0.00000000    0.00059262  0.00000000    0.00604174  0.00000000
  0.00059262  0.00000000    0.02532540  0.00000000   -0.01814895  0.00000000
  0.00604174  0.00000000   -0.01814895  0.00000000    0.02692818  0.00000000

     Dynamical  Matrix in cartesian axes

     q = (   -0.500000000  -0.666666667  -0.166666667 ) 

    1    1
  0.02692818  0.00000000    0.01814895  0.00000000   -0.00604174  0.00000000
  0.01814895  0.00000000    0.02532540  0.00000000    0.00059262  0.00000000
 -0.00604174  0.00000000    0.00059262  0.00000000    0.02087733  0.00000000

     Dynamical  Matrix in cartesian axes

     q = (    0.500000000  -0.666666667   0.166666667 ) 

    1    1
  0.02692818  0.00000000   -0.01814895  0.00000000   -0.00604174  0.00000000
 -0.01814895  0.00000000    0.02532540  0.00000000   -0.00059262  0.00000000
 -0.00604174  0.00000000   -0.00059262  0.00000000    0.02087733  0.00000000

     Dynamical  Matrix in cartesian axes

     q = (   -0.500000000   0.666666667   0.166666667 ) 

    1    1
  0.02692818  0.00000000   -0.01814895  0.00000000    0.00604174  0.00000000
 -0.01814895  0.00000000    0.02532540  0.00000000    0.00059262  0.00000000
  0.00604174  0.00000000    0.00059262  0.00000000    0.02087733  0.00000000

     Dynamical  Matrix in cartesian axes

     q = (    0.500000000   0.666666667  -0.166666667 ) 

    1    1
  0.02692818  0.00000000    0.01814895  0.00000000    0.00604174  0.00000000
  0.01814895  0.00000000    0.02532540  0.00000000   -0.00059262  0.00000000
  0.00604174  0.00000000   -0.00059262  0.00000000    0.02087733  0.00000000

     Dynamical  Matrix in cartesian axes

     q = (    0.666666667  -0.166666667   0.500000000 ) 

    1    1
  0.02532540  0.00000000   -0.00059262  0.00000000    0.01814895  0.00000000
 -0.00059262  0.00000000    0.02087733  0.00000000    0.00604174  0.00000000
  0.01814895  0.00000000    0.00604174  0.00000000    0.02692818  0.00000000

     Dynamical  Matrix in cartesian axes

     q = (    0.666666667  -0.500000000  -0.166666667 ) 

    1    1
  0.02532540  0.00000000   -0.01814895  0.00000000   -0.00059262  0.00000000
 -0.01814895  0.00000000    0.02692818  0.00000000   -0.00604174  0.00000000
 -0.00059262  0.00000000   -0.00604174  0.00000000    0.02087733  0.00000000

     Dynamical  Matrix in cartesian axes

     q = (   -0.166666667  -0.500000000  -0.666666667 ) 

    1    1
  0.02087733  0.00000000   -0.00604174  0.00000000    0.00059262  0.00000000
 -0.00604174  0.00000000    0.02692818  0.00000000    0.01814895  0.00000000
  0.00059262  0.00000000    0.01814895  0.00000000    0.02532540  0.00000000

     Dynamical  Matrix in cartesian axes

     q = (   -0.166666667   0.500000000   0.666666667 ) 

    1    1
  0.02087733  0.00000000    0.00604174  0.00000000   -0.00059262  0.00000000
  0.00604174  0.00000000    0.02692818  0.00000000    0.01814895  0.00000000
 -0.00059262  0.00000000    0.01814895  0.00000000    0.02532540  0.00000000

     Dynamical  Matrix in cartesian axes

     q = (    0.666666667   0.166666667  -0.500000000 ) 

    1    1
  0.02532540  0.00000000    0.00059262  0.00000000   -0.01814895  0.00000000
  0.00059262  0.00000000    0.02087733  0.00000000    0.00604174  0.00000000
 -0.01814895  0.00000000    0.00604174  0.00000000    0.02692818  0.00000000

     Dynamical  Matrix in cartesian axes

     q = (    0.166666667   0.666666667  -0.500000000 ) 

    1    1
  0.02087733  0.00000000    0.00059262  0.00000000    0.00604174  0.00000000
  0.00059262  0.00000000    0.02532540  0.00000000   -0.01814895  0.00000000
  0.00604174  0.00000000   -0.01814895  0.00000000    0.02692818  0.00000000

     Dynamical  Matrix in cartesian axes

     q = (    0.666666667   0.500000000   0.166666667 ) 

    1    1
  0.02532540  0.00000000    0.01814895  0.00000000    0.00059262  0.00000000
  0.01814895  0.00000000    0.02692818  0.00000000   -0.00604174  0.00000000
  0.00059262  0.00000000   -0.00604174  0.00000000    0.02087733  0.00000000

     Dynamical  Matrix in cartesian axes

     q = (   -0.666666667   0.500000000  -0.166666667 ) 

    1    1
  0.02532540  0.00000000   -0.01814895  0.00000000    0.00059262  0.00000000
 -0.01814895  0.00000000    0.02692818  0.00000000    0.00604174  0.00000000
  0.00059262  0.00000000    0.00604174  0.00000000    0.02087733  0.00000000

     Dynamical  Matrix in cartesian axes

     q = (    0.500000000   0.166666667   0.666666667 ) 

    1    1
  0.02692818  0.00000000   -0.00604174  0.00000000    0.01814895  0.00000000
 -0.00604174  0.00000000    0.02087733  0.00000000    0.00059262  0.00000000
  0.01814895  0.00000000    0.00059262  0.00000000    0.02532540  0.00000000

     Dynamical  Matrix in cartesian axes

     q = (   -0.500000000   0.166666667  -0.666666667 ) 

    1    1
  0.02692818  0.00000000    0.00604174  0.00000000    0.01814895  0.00000000
  0.00604174  0.00000000    0.02087733  0.00000000   -0.00059262  0.00000000
  0.01814895  0.00000000   -0.00059262  0.00000000    0.02532540  0.00000000

     Dynamical  Matrix in cartesian axes

     q = (    0.500000000   0.666666667   0.166666667 ) 

    1    1
  0.02692818  0.00000000    0.01814895  0.00000000   -0.00604174  0.00000000
  0.01814895  0.00000000    0.02532540  0.00000000    0.00059262  0.00000000
 -0.00604174  0.00000000    0.00059262  0.00000000    0.02087733  0.00000000

     Dynamical  Matrix in cartesian axes

     q = (    0.500000000  -0.166666667  -0.666666667 ) 

    1    1
  0.02692818  0.00000000    0.00604174  0.00000000   -0.01814895  0.00000000
  0.00604174  0.00000000    0.02087733  0.00000000    0.00059262  0.00000000
 -0.01814895  0.00000000    0.00059262  0.00000000    0.02532540  0.00000000

     Dynamical  Matrix in cartesian axes

     q = (   -0.666666667   0.166666667   0.500000000 ) 

    1    1
  0.02532540  0.00000000   -0.00059262  0.00000000   -0.01814895  0.00000000
 -0.00059262  0.00000000    0.02087733  0.00000000   -0.00604174  0.00000000
 -0.01814895  0.00000000   -0.00604174  0.00000000    0.02692818  0.00000000

     Dynamical  Matrix in cartesian axes

     q = (   -0.166666667   0.666666667   0.500000000 ) 

    1    1
  0.02087733  0.00000000   -0.00059262  0.00000000    0.00604174  0.00000000
 -0.00059262  0.00000000    0.02532540  0.00000000    0.01814895  0.00000000
  0.00604174  0.00000000    0.01814895  0.00000000    0.02692818  0.00000000

     Dynamical  Matrix in cartesian axes

     q = (   -0.500000000  -0.166666667   0.666666667 ) 

    1    1
  0.02692818  0.00000000   -0.00604174  0.00000000   -0.01814895  0.00000000
 -0.00604174  0.00000000    0.02087733  0.00000000   -0.00059262  0.00000000
 -0.01814895  0.00000000   -0.00059262  0.00000000    0.02532540  0.00000000

     Dynamical  Matrix in cartesian axes

     q = (    0.166666667   0.666666667   0.500000000 ) 

    1    1
  0.02087733  0.00000000    0.00059262  0.00000000   -0.00604174  0.00000000
  0.00059262  0.00000000    0.02532540  0.00000000    0.01814895  0.00000000
 -0.00604174  0.00000000    0.01814895  0.00000000    0.02692818  0.00000000

     Dynamical  Matrix in cartesian axes

     q = (   -0.500000000   0.666666667  -0.166666667 ) 

    1    1
  0.02692818  0.00000000   -0.01814895  0.00000000   -0.00604174  0.00000000
 -0.01814895  0.00000000    0.02532540  0.00000000   -0.00059262  0.00000000
 -0.00604174  0.00000000   -0.00059262  0.00000000    0.02087733  0.00000000

     Dynamical  Matrix in cartesian axes

     q = (   -0.666666667  -0.166666667  -0.500000000 ) 

    1    1
  0.02532540  0.00000000    0.00059262  0.00000000    0.01814895  0.00000000
  0.00059262  0.00000000    0.02087733  0.00000000   -0.00604174  0.00000000
  0.01814895  0.00000000   -0.00604174  0.00000000    0.02692818  0.00000000

     Dynamical  Matrix in cartesian axes

     q = (   -0.666666667  -0.166666667   0.500000000 ) 

    1    1
  0.02532540  0.00000000    0.00059262  0.00000000   -0.01814895  0.00000000
  0.00059262  0.00000000    0.02087733  0.00000000    0.00604174  0.00000000
 -0.01814895  0.00000000    0.00604174  0.00000000    0.02692818  0.00000000

     Dynamical  Matrix in cartesian axes

     q = (    0.666666667   0.166666667   0.500000000 ) 

    1    1
  0.02532540  0.00000000    0.00059262  0.00000000    0.01814895  0.00000000
  0.00059262  0.00000000    0.02087733  0.00000000   -0.00604174  0.00000000
  0.01814895  0.00000000   -0.00604174  0.00000000    0.02692818  0.00000000

     Dynamical  Matrix in cartesian axes

     q = (    0.166666667  -0.666666667  -0.500000000 ) 

    1    1
  0.02087733  0.00000000   -0.00059262  0.00000000    0.00604174  0.00000000
 -0.00059262  0.00000000    0.02532540  0.00000000    0.01814895  0.00000000
  0.00604174  0.00000000    0.01814895  0.00000000    0.02692818  0.00000000

     Dynamical  Matrix in cartesian axes

     q = (   -0.666666667   0.166666667  -0.500000000 ) 

    1    1
  0.02532540  0.00000000   -0.00059262  0.00000000    0.01814895  0.00000000
 -0.00059262  0.00000000    0.02087733  0.00000000    0.00604174  0.00000000
  0.01814895  0.00000000    0.00604174  0.00000000    0.02692818  0.00000000

     Dynamical  Matrix in cartesian axes

     q = (    0.500000000  -0.666666667  -0.166666667 ) 

    1    1
  0.02692818  0.00000000   -0.01814895  0.00000000    0.00604174  0.00000000
 -0.01814895  0.00000000    0.02532540  0.00000000    0.00059262  0.00000000
  0.00604174  0.00000000    0.00059262  0.00000000    0.02087733  0.00000000

     Dynamical  Matrix in cartesian axes

     q = (   -0.500000000  -0.666666667   0.166666667 ) 

    1    1
  0.02692818  0.00000000    0.01814895  0.00000000    0.00604174  0.00000000
  0.01814895  0.00000000    0.02532540  0.00000000   -0.00059262  0.00000000
  0.00604174  0.00000000   -0.00059262  0.00000000    0.02087733  0.00000000

     Dynamical  Matrix in cartesian axes

     q = (   -0.166666667  -0.666666667  -0.500000000 ) 

    1    1
  0.02087733  0.00000000    0.00059262  0.00000000   -0.00604174  0.00000000
  0.00059262  0.00000000    0.02532540  0.00000000    0.01814895  0.00000000
 -0.00604174  0.00000000    0.01814895  0.00000000    0.02692818  0.00000000

     Dynamical  Matrix in cartesian axes

     q = (   -0.666666667  -0.500000000   0.166666667 ) 

    1    1
  0.02532540  0.00000000    0.01814895  0.00000000   -0.00059262  0.00000000
  0.01814895  0.00000000    0.02692818  0.00000000    0.00604174  0.00000000
 -0.00059262  0.00000000    0.00604174  0.00000000    0.02087733  0.00000000

     Dynamical  Matrix in cartesian axes

     q = (    0.166666667   0.500000000   0.666666667 ) 

    1    1
  0.02087733  0.00000000   -0.00604174  0.00000000    0.00059262  0.00000000
 -0.00604174  0.00000000    0.02692818  0.00000000    0.01814895  0.00000000
  0.00059262  0.00000000    0.01814895  0.00000000    0.02532540  0.00000000

     Dynamical  Matrix in cartesian axes

     q = (    0.166666667  -0.500000000  -0.666666667 ) 

    1    1
  0.02087733  0.00000000    0.00604174  0.00000000   -0.00059262  0.00000000
  0.00604174  0.00000000    0.02692818  0.00000000    0.01814895  0.00000000
 -0.00059262  0.00000000    0.01814895  0.00000000    0.02532540  0.00000000

     Dynamical  Matrix in cartesian axes

     q = (   -0.666666667   0.500000000   0.166666667 ) 

    1    1
  0.02532540  0.00000000   -0.01814895  0.00000000   -0.00059262  0.00000000
 -0.01814895  0.00000000    0.02692818  0.00000000   -0.00604174  0.00000000
 -0.00059262  0.00000000   -0.00604174  0.00000000    0.02087733  0.00000000

     Dynamical  Matrix in cartesian axes

     q = (    0.666666667   0.500000000  -0.166666667 ) 

    1    1
  0.02532540  0.00000000    0.01814895  0.00000000   -0.00059262  0.00000000
  0.01814895  0.00000000    0.02692818  0.00000000    0.00604174  0.00000000
 -0.00059262  0.00000000    0.00604174  0.00000000    0.02087733  0.00000000

     Dynamical  Matrix in cartesian axes

     q = (   -0.666666667  -0.500000000  -0.166666667 ) 

    1    1
  0.02532540  0.00000000    0.01814895  0.00000000    0.00059262  0.00000000
  0.01814895  0.00000000    0.02692818  0.00000000   -0.00604174  0.00000000
  0.00059262  0.00000000   -0.00604174  0.00000000    0.02087733  0.00000000

     Dynamical  Matrix in cartesian axes

     q = (    0.666666667  -0.500000000   0.166666667 ) 

    1    1
  0.02532540  0.00000000   -0.01814895  0.00000000    0.00059262  0.00000000
 -0.01814895  0.00000000    0.02692818  0.00000000    0.00604174  0.00000000
  0.00059262  0.00000000    0.00604174  0.00000000    0.02087733  0.00000000

     Dynamical  Matrix in cartesian axes

     q = (    0.500000000   0.166666667  -0.666666667 ) 

    1    1
  0.02692818  0.00000000   -0.00604174  0.00000000   -0.01814895  0.00000000
 -0.00604174  0.00000000    0.02087733  0.00000000   -0.00059262  0.00000000
 -0.01814895  0.00000000   -0.00059262  0.00000000    0.02532540  0.00000000

     Dynamical  Matrix in cartesian axes

     q = (    0.500000000  -0.166666667   0.666666667 ) 

    1    1
  0.02692818  0.00000000    0.00604174  0.00000000    0.01814895  0.00000000
  0.00604174  0.00000000    0.02087733  0.00000000   -0.00059262  0.00000000
  0.01814895  0.00000000   -0.00059262  0.00000000    0.02532540  0.00000000

     Dynamical  Matrix in cartesian axes

     q = (   -0.500000000  -0.166666667  -0.666666667 ) 

    1    1
  0.02692818  0.00000000   -0.00604174  0.00000000    0.01814895  0.00000000
 -0.00604174  0.00000000    0.02087733  0.00000000    0.00059262  0.00000000
  0.01814895  0.00000000    0.00059262  0.00000000    0.02532540  0.00000000

     Dynamical  Matrix in cartesian axes

     q = (   -0.500000000   0.166666667   0.666666667 ) 

    1    1
  0.02692818  0.00000000    0.00604174  0.00000000   -0.01814895  0.00000000
  0.00604174  0.00000000    0.02087733  0.00000000    0.00059262  0.00000000
 -0.01814895  0.00000000    0.00059262  0.00000000    0.02532540  0.00000000

     Diagonalizing the dynamical matrix

     q = (   -0.166666667   0.666666667  -0.500000000 ) 

 **************************************************************************
     freq (    1) =       1.824846 [THz] =      60.870308 [cm-1]
 (  0.311961 -0.000000  0.663531 -0.000000  0.680005  0.000000 ) 
     freq (    2) =       3.349787 [THz] =     111.736861 [cm-1]
 (  0.935499  0.000000 -0.339495  0.000000 -0.097902  0.000000 ) 
     freq (    3) =       4.818911 [THz] =     160.741582 [cm-1]
 ( -0.165897  0.000000 -0.666686  0.000000  0.726641  0.000000 ) 
 **************************************************************************
