Dynamical matrix file
                                                                           
  1    1  3  7.2693199  0.0000000  0.0000000  0.0000000  0.0000000  0.0000000
           1  'Na  '    20954.103126620943     
    1    1      0.0000000000      0.0000000000      0.0000000000

     Dynamical  Matrix in cartesian axes

     q = (   -0.125000000   0.750000000  -0.375000000 ) 

    1    1
  0.03409632  0.00000000   -0.00229191  0.00000000   -0.01008058  0.00000000
 -0.00229191  0.00000000    0.03742732  0.00000000   -0.01858521  0.00000000
 -0.01008058  0.00000000   -0.01858521  0.00000000    0.04139548  0.00000000

     Dynamical  Matrix in cartesian axes

     q = (    0.750000000  -0.125000000  -0.375000000 ) 

    1    1
  0.03742732  0.00000000   -0.00229191  0.00000000   -0.01858521  0.00000000
 -0.00229191  0.00000000    0.03409632  0.00000000   -0.01008058  0.00000000
 -0.01858521  0.00000000   -0.01008058  0.00000000    0.04139548  0.00000000

     Dynamical  Matrix in cartesian axes

     q = (   -0.125000000  -0.375000000   0.750000000 ) 

    1    1
  0.03409632  0.00000000   -0.01008058  0.00000000   -0.00229191  0.00000000
 -0.01008058  0.00000000    0.04139548  0.00000000   -0.01858521  0.00000000
 -0.00229191  0.00000000   -0.01858521  0.00000000    0.03742732  0.00000000

     Dynamical  Matrix in cartesian axes

     q = (    0.125000000  -0.375000000   0.750000000 ) 

    1    1
  0.03409632  0.00000000    0.01008058  0.00000000    0.00229191  0.00000000
  0.01008058  0.00000000    0.04139548  0.00000000   -0.01858521  0.00000000
  0.00229191  0.00000000   -0.01858521  0.00000000    0.03742732  0.00000000

     Dynamical  Matrix in cartesian axes

     q = (    0.750000000   0.125000000  -0.375000000 ) 

    1    1
  0.03742732  0.00000000    0.00229191  0.00000000   -0.01858521  0.00000000
  0.00229191  0.00000000    0.03409632  0.00000000    0.01008058  0.00000000
 -0.01858521  0.00000000    0.01008058  0.00000000    0.04139548  0.00000000

     Dynamical  Matrix in cartesian axes

     q = (   -0.125000000  -0.750000000  -0.375000000 ) 

    1    1
  0.03409632  0.00000000    0.00229191  0.00000000   -0.01008058  0.00000000
  0.00229191  0.00000000    0.03742732  0.00000000    0.01858521  0.00000000
 -0.01008058  0.00000000    0.01858521  0.00000000    0.04139548  0.00000000

     Dynamical  Matrix in cartesian axes

     q = (    0.125000000   0.750000000  -0.375000000 ) 

    1    1
  0.03409632  0.00000000    0.00229191  0.00000000    0.01008058  0.00000000
  0.00229191  0.00000000    0.03742732  0.00000000   -0.01858521  0.00000000
  0.01008058  0.00000000   -0.01858521  0.00000000    0.04139548  0.00000000

     Dynamical  Matrix in cartesian axes

     q = (    0.125000000  -0.750000000  -0.375000000 ) 

    1    1
  0.03409632  0.00000000   -0.00229191  0.00000000    0.01008058  0.00000000
 -0.00229191  0.00000000    0.03742732  0.00000000    0.01858521  0.00000000
  0.01008058  0.00000000    0.01858521  0.00000000    0.04139548  0.00000000

     Dynamical  Matrix in cartesian axes

     q = (   -0.750000000   0.375000000  -0.125000000 ) 

    1    1
  0.03742732  0.00000000   -0.01858521  0.00000000    0.00229191  0.00000000
 -0.01858521  0.00000000    0.04139548  0.00000000    0.01008058  0.00000000
  0.00229191  0.00000000    0.01008058  0.00000000    0.03409632  0.00000000

     Dynamical  Matrix in cartesian axes

     q = (    0.375000000   0.125000000   0.750000000 ) 

    1    1
  0.04139548  0.00000000   -0.01008058  0.00000000    0.01858521  0.00000000
 -0.01008058  0.00000000    0.03409632  0.00000000    0.00229191  0.00000000
  0.01858521  0.00000000    0.00229191  0.00000000    0.03742732  0.00000000

     Dynamical  Matrix in cartesian axes

     q = (   -0.375000000   0.125000000  -0.750000000 ) 

    1    1
  0.04139548  0.00000000    0.01008058  0.00000000    0.01858521  0.00000000
  0.01008058  0.00000000    0.03409632  0.00000000   -0.00229191  0.00000000
  0.01858521  0.00000000   -0.00229191  0.00000000    0.03742732  0.00000000

     Dynamical  Matrix in cartesian axes

     q = (   -0.125000000   0.375000000  -0.750000000 ) 

    1    1
  0.03409632  0.00000000    0.01008058  0.00000000    0.00229191  0.00000000
  0.01008058  0.00000000    0.04139548  0.00000000   -0.01858521  0.00000000
  0.00229191  0.00000000   -0.01858521  0.00000000    0.03742732  0.00000000

     Dynamical  Matrix in cartesian axes

     q = (    0.375000000  -0.125000000  -0.750000000 ) 

    1    1
  0.04139548  0.00000000    0.01008058  0.00000000   -0.01858521  0.00000000
  0.01008058  0.00000000    0.03409632  0.00000000    0.00229191  0.00000000
 -0.01858521  0.00000000    0.00229191  0.00000000    0.03742732  0.00000000

     Dynamical  Matrix in cartesian axes

     q = (   -0.375000000  -0.125000000   0.750000000 ) 

    1    1
  0.04139548  0.00000000   -0.01008058  0.00000000   -0.01858521  0.00000000
 -0.01008058  0.00000000    0.03409632  0.00000000   -0.00229191  0.00000000
 -0.01858521  0.00000000   -0.00229191  0.00000000    0.03742732  0.00000000

     Dynamical  Matrix in cartesian axes

     q = (    0.125000000   0.750000000   0.375000000 ) 

    1    1
  0.03409632  0.00000000    0.00229191  0.00000000   -0.01008058  0.00000000
  0.00229191  0.00000000    0.03742732  0.00000000    0.01858521  0.00000000
 -0.01008058  0.00000000    0.01858521  0.00000000    0.04139548  0.00000000

     Dynamical  Matrix in cartesian axes

     q = (   -0.750000000  -0.125000000   0.375000000 ) 

    1    1
  0.03742732  0.00000000    0.00229191  0.00000000   -0.01858521  0.00000000
  0.00229191  0.00000000    0.03409632  0.00000000    0.01008058  0.00000000
 -0.01858521  0.00000000    0.01008058  0.00000000    0.04139548  0.00000000

     Dynamical  Matrix in cartesian axes

     q = (    0.750000000   0.125000000   0.375000000 ) 

    1    1
  0.03742732  0.00000000    0.00229191  0.00000000    0.01858521  0.00000000
  0.00229191  0.00000000    0.03409632  0.00000000   -0.01008058  0.00000000
  0.01858521  0.00000000   -0.01008058  0.00000000    0.04139548  0.00000000

     Dynamical  Matrix in cartesian axes

     q = (    0.375000000   0.750000000   0.125000000 ) 

    1    1
  0.04139548  0.00000000    0.01858521  0.00000000   -0.01008058  0.00000000
  0.01858521  0.00000000    0.03742732  0.00000000    0.00229191  0.00000000
 -0.01008058  0.00000000    0.00229191  0.00000000    0.03409632  0.00000000

     Dynamical  Matrix in cartesian axes

     q = (    0.375000000  -0.750000000  -0.125000000 ) 

    1    1
  0.04139548  0.00000000   -0.01858521  0.00000000    0.01008058  0.00000000
 -0.01858521  0.00000000    0.03742732  0.00000000    0.00229191  0.00000000
  0.01008058  0.00000000    0.00229191  0.00000000    0.03409632  0.00000000

     Dynamical  Matrix in cartesian axes

     q = (   -0.375000000  -0.750000000   0.125000000 ) 

    1    1
  0.04139548  0.00000000    0.01858521  0.00000000    0.01008058  0.00000000
  0.01858521  0.00000000    0.03742732  0.00000000   -0.00229191  0.00000000
  0.01008058  0.00000000   -0.00229191  0.00000000    0.03409632  0.00000000

     Dynamical  Matrix in cartesian axes

     q = (    0.125000000   0.375000000  -0.750000000 ) 

    1    1
  0.03409632  0.00000000   -0.01008058  0.00000000   -0.00229191  0.00000000
 -0.01008058  0.00000000    0.04139548  0.00000000   -0.01858521  0.00000000
 -0.00229191  0.00000000   -0.01858521  0.00000000    0.03742732  0.00000000

     Dynamical  Matrix in cartesian axes

     q = (    0.750000000  -0.375000000  -0.125000000 ) 

    1    1
  0.03742732  0.00000000   -0.01858521  0.00000000   -0.00229191  0.00000000
 -0.01858521  0.00000000    0.04139548  0.00000000   -0.01008058  0.00000000
 -0.00229191  0.00000000   -0.01008058  0.00000000    0.03409632  0.00000000

     Dynamical  Matrix in cartesian axes

     q = (    0.125000000   0.375000000   0.750000000 ) 

    1    1
  0.03409632  0.00000000   -0.01008058  0.00000000    0.00229191  0.00000000
 -0.01008058  0.00000000    0.04139548  0.00000000    0.01858521  0.00000000
  0.00229191  0.00000000    0.01858521  0.00000000    0.03742732  0.00000000

     Dynamical  Matrix in cartesian axes

     q = (    0.125000000  -0.375000000  -0.750000000 ) 

    1    1
  0.03409632  0.00000000    0.01008058  0.00000000   -0.00229191  0.00000000
  0.01008058  0.00000000    0.04139548  0.00000000    0.01858521  0.00000000
 -0.00229191  0.00000000    0.01858521  0.00000000    0.03742732  0.00000000

     Dynamical  Matrix in cartesian axes

     q = (   -0.750000000   0.125000000   0.375000000 ) 

    1    1
  0.03742732  0.00000000   -0.00229191  0.00000000   -0.01858521  0.00000000
 -0.00229191  0.00000000    0.03409632  0.00000000   -0.01008058  0.00000000
 -0.01858521  0.00000000   -0.01008058  0.00000000    0.04139548  0.00000000

     Dynamical  Matrix in cartesian axes

     q = (   -0.125000000   0.750000000   0.375000000 ) 

    1    1
  0.03409632  0.00000000   -0.00229191  0.00000000    0.01008058  0.00000000
 -0.00229191  0.00000000    0.03742732  0.00000000    0.01858521  0.00000000
  0.01008058  0.00000000    0.01858521  0.00000000    0.04139548  0.00000000

     Dynamical  Matrix in cartesian axes

     q = (   -0.125000000  -0.750000000   0.375000000 ) 

    1    1
  0.03409632  0.00000000    0.00229191  0.00000000    0.01008058  0.00000000
  0.00229191  0.00000000    0.03742732  0.00000000   -0.01858521  0.00000000
  0.01008058  0.00000000   -0.01858521  0.00000000    0.04139548  0.00000000

     Dynamical  Matrix in cartesian axes

     q = (   -0.125000000  -0.375000000  -0.750000000 ) 

    1    1
  0.03409632  0.00000000   -0.01008058  0.00000000    0.00229191  0.00000000
 -0.01008058  0.00000000    0.04139548  0.00000000    0.01858521  0.00000000
  0.00229191  0.00000000    0.01858521  0.00000000    0.03742732  0.00000000

     Dynamical  Matrix in cartesian axes

     q = (   -0.750000000   0.125000000  -0.375000000 ) 

    1    1
  0.03742732  0.00000000   -0.00229191  0.00000000    0.01858521  0.00000000
 -0.00229191  0.00000000    0.03409632  0.00000000    0.01008058  0.00000000
  0.01858521  0.00000000    0.01008058  0.00000000    0.04139548  0.00000000

     Dynamical  Matrix in cartesian axes

     q = (    0.125000000  -0.750000000   0.375000000 ) 

    1    1
  0.03409632  0.00000000   -0.00229191  0.00000000   -0.01008058  0.00000000
 -0.00229191  0.00000000    0.03742732  0.00000000   -0.01858521  0.00000000
 -0.01008058  0.00000000   -0.01858521  0.00000000    0.04139548  0.00000000

     Dynamical  Matrix in cartesian axes

     q = (   -0.125000000   0.375000000   0.750000000 ) 

    1    1
  0.03409632  0.00000000    0.01008058  0.00000000   -0.00229191  0.00000000
  0.01008058  0.00000000    0.04139548  0.00000000    0.01858521  0.00000000
 -0.00229191  0.00000000    0.01858521  0.00000000    0.03742732  0.00000000

     Dynamical  Matrix in cartesian axes

     q = (   -0.750000000  -0.125000000  -0.375000000 ) 

    1    1
  0.03742732  0.00000000    0.00229191  0.00000000    0.01858521  0.00000000
  0.00229191  0.00000000    0.03409632  0.00000000   -0.01008058  0.00000000
  0.01858521  0.00000000   -0.01008058  0.00000000    0.04139548  0.00000000

     Dynamical  Matrix in cartesian axes

     q = (   -0.375000000   0.750000000  -0.125000000 ) 

    1    1
  0.04139548  0.00000000   -0.01858521  0.00000000   -0.01008058  0.00000000
 -0.01858521  0.00000000    0.03742732  0.00000000   -0.00229191  0.00000000
 -0.01008058  0.00000000   -0.00229191  0.00000000    0.03409632  0.00000000

     Dynamical  Matrix in cartesian axes

     q = (   -0.750000000  -0.375000000   0.125000000 ) 

    1    1
  0.03742732  0.00000000    0.01858521  0.00000000   -0.00229191  0.00000000
  0.01858521  0.00000000    0.04139548  0.00000000    0.01008058  0.00000000
 -0.00229191  0.00000000    0.01008058  0.00000000    0.03409632  0.00000000

     Dynamical  Matrix in cartesian axes

     q = (    0.750000000   0.375000000   0.125000000 ) 

    1    1
  0.03742732  0.00000000    0.01858521  0.00000000    0.00229191  0.00000000
  0.01858521  0.00000000    0.04139548  0.00000000   -0.01008058  0.00000000
  0.00229191  0.00000000   -0.01008058  0.00000000    0.03409632  0.00000000

     Dynamical  Matrix in cartesian axes

     q = (   -0.375000000  -0.750000000  -0.125000000 ) 

    1    1
  0.04139548  0.00000000    0.01858521  0.00000000   -0.01008058  0.00000000
  0.01858521  0.00000000    0.03742732  0.00000000    0.00229191  0.00000000
 -0.01008058  0.00000000    0.00229191  0.00000000    0.03409632  0.00000000

     Dynamical  Matrix in cartesian axes

     q = (    0.375000000  -0.750000000   0.125000000 ) 

    1    1
  0.04139548  0.00000000   -0.01858521  0.00000000   -0.01008058  0.00000000
 -0.01858521  0.00000000    0.03742732  0.00000000   -0.00229191  0.00000000
 -0.01008058  0.00000000   -0.00229191  0.00000000    0.03409632  0.00000000

     Dynamical  Matrix in cartesian axes

     q = (   -0.375000000   0.750000000   0.125000000 ) 

    1    1
  0.04139548  0.00000000   -0.01858521  0.00000000    0.01008058  0.00000000
 -0.01858521  0.00000000    0.03742732  0.00000000    0.00229191  0.00000000
  0.01008058  0.00000000    0.00229191  0.00000000    0.03409632  0.00000000

     Dynamical  Matrix in cartesian axes

     q = (    0.375000000   0.750000000  -0.125000000 ) 

    1    1
  0.04139548  0.00000000    0.01858521  0.00000000    0.01008058  0.00000000
  0.01858521  0.00000000    0.03742732  0.00000000   -0.00229191  0.00000000
  0.01008058  0.00000000   -0.00229191  0.00000000    0.03409632  0.00000000

     Dynamical  Matrix in cartesian axes

     q = (    0.750000000  -0.125000000   0.375000000 ) 

    1    1
  0.03742732  0.00000000   -0.00229191  0.00000000    0.01858521  0.00000000
 -0.00229191  0.00000000    0.03409632  0.00000000    0.01008058  0.00000000
  0.01858521  0.00000000    0.01008058  0.00000000    0.04139548  0.00000000

     Dynamical  Matrix in cartesian axes

     q = (   -0.750000000   0.375000000   0.125000000 ) 

    1    1
  0.03742732  0.00000000   -0.01858521  0.00000000   -0.00229191  0.00000000
 -0.01858521  0.00000000    0.04139548  0.00000000   -0.01008058  0.00000000
 -0.00229191  0.00000000   -0.01008058  0.00000000    0.03409632  0.00000000

     Dynamical  Matrix in cartesian axes

     q = (    0.750000000   0.375000000  -0.125000000 ) 

    1    1
  0.03742732  0.00000000    0.01858521  0.00000000   -0.00229191  0.00000000
  0.01858521  0.00000000    0.04139548  0.00000000    0.01008058  0.00000000
 -0.00229191  0.00000000    0.01008058  0.00000000    0.03409632  0.00000000

     Dynamical  Matrix in cartesian axes

     q = (   -0.750000000  -0.375000000  -0.125000000 ) 

    1    1
  0.03742732  0.00000000    0.01858521  0.00000000    0.00229191  0.00000000
  0.01858521  0.00000000    0.04139548  0.00000000   -0.01008058  0.00000000
  0.00229191  0.00000000   -0.01008058  0.00000000    0.03409632  0.00000000

     Dynamical  Matrix in cartesian axes

     q = (    0.750000000  -0.375000000   0.125000000 ) 

    1    1
  0.03742732  0.00000000   -0.01858521  0.00000000    0.00229191  0.00000000
 -0.01858521  0.00000000    0.04139548  0.00000000    0.01008058  0.00000000
  0.00229191  0.00000000    0.01008058  0.00000000    0.03409632  0.00000000

     Dynamical  Matrix in cartesian axes

     q = (    0.375000000   0.125000000  -0.750000000 ) 

    1    1
  0.04139548  0.00000000   -0.01008058  0.00000000   -0.01858521  0.00000000
 -0.01008058  0.00000000    0.03409632  0.00000000   -0.00229191  0.00000000
 -0.01858521  0.00000000   -0.00229191  0.00000000    0.03742732  0.00000000

     Dynamical  Matrix in cartesian axes

     q = (    0.375000000  -0.125000000   0.750000000 ) 

    1    1
  0.04139548  0.00000000    0.01008058  0.00000000    0.01858521  0.00000000
  0.01008058  0.00000000    0.03409632  0.00000000   -0.00229191  0.00000000
  0.01858521  0.00000000   -0.00229191  0.00000000    0.03742732  0.00000000

     Dynamical  Matrix in cartesian axes

     q = (   -0.375000000  -0.125000000  -0.750000000 ) 

    1    1
  0.04139548  0.00000000   -0.01008058  0.00000000    0.01858521  0.00000000
 -0.01008058  0.00000000    0.03409632  0.00000000    0.00229191  0.00000000
  0.01858521  0.00000000    0.00229191  0.00000000    0.03742732  0.00000000

     Dynamical  Matrix in cartesian axes

     q = (   -0.375000000   0.125000000   0.750000000 ) 

    1    1
  0.04139548  0.00000000    0.01008058  0.00000000   -0.01858521  0.00000000
  0.01008058  0.00000000    0.03409632  0.00000000    0.00229191  0.00000000
 -0.01858521  0.00000000    0.00229191  0.00000000    0.03742732  0.00000000

     Diagonalizing the dynamical matrix

     q = (   -0.125000000   0.750000000  -0.375000000 ) 

 **************************************************************************
     freq (    1) =       2.916652 [THz] =      97.289052 [cm-1]
 (  0.448735  0.000000  0.619909  0.000000  0.643700  0.000000 ) 
     freq (    2) =       4.362407 [THz] =     145.514231 [cm-1]
 (  0.859721  0.000000 -0.496083  0.000000 -0.121580  0.000000 ) 
     freq (    3) =       5.548577 [THz] =     185.080591 [cm-1]
 ( -0.243960  0.000000 -0.607959  0.000000  0.755559  0.000000 ) 
 **************************************************************************
