Dynamical matrix file
                                                                           
  1    1  2  8.7601769  0.0000000  0.0000000  0.0000000  0.0000000  0.0000000
           1  'Na  '    20954.103126620943     
    1    1      0.0000000000      0.0000000000      0.0000000000

     Dynamical  Matrix in cartesian axes

     q = (    0.625000000  -0.375000000   0.875000000 ) 

    1    1
  0.03351470  0.00000000   -0.02042645  0.00000000    0.01108636  0.00000000
 -0.02042645  0.00000000    0.04793513  0.00000000   -0.01073837  0.00000000
  0.01108636  0.00000000   -0.01073837  0.00000000    0.04275121  0.00000000

     Dynamical  Matrix in cartesian axes

     q = (    0.625000000  -0.375000000  -0.875000000 ) 

    1    1
  0.03351470  0.00000000   -0.02042645  0.00000000   -0.01108636  0.00000000
 -0.02042645  0.00000000    0.04793513  0.00000000    0.01073837  0.00000000
 -0.01108636  0.00000000    0.01073837  0.00000000    0.04275121  0.00000000

     Dynamical  Matrix in cartesian axes

     q = (    0.875000000   0.375000000   0.625000000 ) 

    1    1
  0.04275121  0.00000000    0.01073837  0.00000000    0.01108636  0.00000000
  0.01073837  0.00000000    0.04793513  0.00000000    0.02042645  0.00000000
  0.01108636  0.00000000    0.02042645  0.00000000    0.03351470  0.00000000

     Dynamical  Matrix in cartesian axes

     q = (    0.625000000   0.375000000   0.875000000 ) 

    1    1
  0.03351470  0.00000000    0.02042645  0.00000000    0.01108636  0.00000000
  0.02042645  0.00000000    0.04793513  0.00000000    0.01073837  0.00000000
  0.01108636  0.00000000    0.01073837  0.00000000    0.04275121  0.00000000

     Dynamical  Matrix in cartesian axes

     q = (    0.875000000  -0.375000000  -0.625000000 ) 

    1    1
  0.04275121  0.00000000   -0.01073837  0.00000000   -0.01108636  0.00000000
 -0.01073837  0.00000000    0.04793513  0.00000000    0.02042645  0.00000000
 -0.01108636  0.00000000    0.02042645  0.00000000    0.03351470  0.00000000

     Dynamical  Matrix in cartesian axes

     q = (    0.875000000  -0.375000000   0.625000000 ) 

    1    1
  0.04275121  0.00000000   -0.01073837  0.00000000    0.01108636  0.00000000
 -0.01073837  0.00000000    0.04793513  0.00000000   -0.02042645  0.00000000
  0.01108636  0.00000000   -0.02042645  0.00000000    0.03351470  0.00000000

     Dynamical  Matrix in cartesian axes

     q = (   -0.875000000  -0.375000000   0.625000000 ) 

    1    1
  0.04275121  0.00000000    0.01073837  0.00000000   -0.01108636  0.00000000
  0.01073837  0.00000000    0.04793513  0.00000000   -0.02042645  0.00000000
 -0.01108636  0.00000000   -0.02042645  0.00000000    0.03351470  0.00000000

     Dynamical  Matrix in cartesian axes

     q = (   -0.625000000  -0.375000000  -0.875000000 ) 

    1    1
  0.03351470  0.00000000    0.02042645  0.00000000    0.01108636  0.00000000
  0.02042645  0.00000000    0.04793513  0.00000000    0.01073837  0.00000000
  0.01108636  0.00000000    0.01073837  0.00000000    0.04275121  0.00000000

     Dynamical  Matrix in cartesian axes

     q = (   -0.875000000   0.375000000  -0.625000000 ) 

    1    1
  0.04275121  0.00000000   -0.01073837  0.00000000    0.01108636  0.00000000
 -0.01073837  0.00000000    0.04793513  0.00000000   -0.02042645  0.00000000
  0.01108636  0.00000000   -0.02042645  0.00000000    0.03351470  0.00000000

     Dynamical  Matrix in cartesian axes

     q = (   -0.625000000  -0.375000000   0.875000000 ) 

    1    1
  0.03351470  0.00000000    0.02042645  0.00000000   -0.01108636  0.00000000
  0.02042645  0.00000000    0.04793513  0.00000000   -0.01073837  0.00000000
 -0.01108636  0.00000000   -0.01073837  0.00000000    0.04275121  0.00000000

     Dynamical  Matrix in cartesian axes

     q = (   -0.875000000   0.375000000   0.625000000 ) 

    1    1
  0.04275121  0.00000000   -0.01073837  0.00000000   -0.01108636  0.00000000
 -0.01073837  0.00000000    0.04793513  0.00000000    0.02042645  0.00000000
 -0.01108636  0.00000000    0.02042645  0.00000000    0.03351470  0.00000000

     Dynamical  Matrix in cartesian axes

     q = (    0.875000000   0.375000000  -0.625000000 ) 

    1    1
  0.04275121  0.00000000    0.01073837  0.00000000   -0.01108636  0.00000000
  0.01073837  0.00000000    0.04793513  0.00000000   -0.02042645  0.00000000
 -0.01108636  0.00000000   -0.02042645  0.00000000    0.03351470  0.00000000

     Dynamical  Matrix in cartesian axes

     q = (   -0.625000000   0.375000000   0.875000000 ) 

    1    1
  0.03351470  0.00000000   -0.02042645  0.00000000   -0.01108636  0.00000000
 -0.02042645  0.00000000    0.04793513  0.00000000    0.01073837  0.00000000
 -0.01108636  0.00000000    0.01073837  0.00000000    0.04275121  0.00000000

     Dynamical  Matrix in cartesian axes

     q = (   -0.875000000  -0.375000000  -0.625000000 ) 

    1    1
  0.04275121  0.00000000    0.01073837  0.00000000    0.01108636  0.00000000
  0.01073837  0.00000000    0.04793513  0.00000000    0.02042645  0.00000000
  0.01108636  0.00000000    0.02042645  0.00000000    0.03351470  0.00000000

     Dynamical  Matrix in cartesian axes

     q = (    0.625000000   0.375000000  -0.875000000 ) 

    1    1
  0.03351470  0.00000000    0.02042645  0.00000000   -0.01108636  0.00000000
  0.02042645  0.00000000    0.04793513  0.00000000   -0.01073837  0.00000000
 -0.01108636  0.00000000   -0.01073837  0.00000000    0.04275121  0.00000000

     Dynamical  Matrix in cartesian axes

     q = (   -0.625000000   0.375000000  -0.875000000 ) 

    1    1
  0.03351470  0.00000000   -0.02042645  0.00000000    0.01108636  0.00000000
 -0.02042645  0.00000000    0.04793513  0.00000000   -0.01073837  0.00000000
  0.01108636  0.00000000   -0.01073837  0.00000000    0.04275121  0.00000000

     Dynamical  Matrix in cartesian axes

     q = (   -0.375000000   0.875000000   0.625000000 ) 

    1    1
  0.04793513  0.00000000   -0.01073837  0.00000000   -0.02042645  0.00000000
 -0.01073837  0.00000000    0.04275121  0.00000000    0.01108636  0.00000000
 -0.02042645  0.00000000    0.01108636  0.00000000    0.03351470  0.00000000

     Dynamical  Matrix in cartesian axes

     q = (    0.375000000   0.875000000  -0.625000000 ) 

    1    1
  0.04793513  0.00000000    0.01073837  0.00000000   -0.02042645  0.00000000
  0.01073837  0.00000000    0.04275121  0.00000000   -0.01108636  0.00000000
 -0.02042645  0.00000000   -0.01108636  0.00000000    0.03351470  0.00000000

     Dynamical  Matrix in cartesian axes

     q = (   -0.375000000  -0.875000000  -0.625000000 ) 

    1    1
  0.04793513  0.00000000    0.01073837  0.00000000    0.02042645  0.00000000
  0.01073837  0.00000000    0.04275121  0.00000000    0.01108636  0.00000000
  0.02042645  0.00000000    0.01108636  0.00000000    0.03351470  0.00000000

     Dynamical  Matrix in cartesian axes

     q = (   -0.375000000   0.625000000  -0.875000000 ) 

    1    1
  0.04793513  0.00000000   -0.02042645  0.00000000    0.01073837  0.00000000
 -0.02042645  0.00000000    0.03351470  0.00000000   -0.01108636  0.00000000
  0.01073837  0.00000000   -0.01108636  0.00000000    0.04275121  0.00000000

     Dynamical  Matrix in cartesian axes

     q = (    0.875000000   0.625000000  -0.375000000 ) 

    1    1
  0.04275121  0.00000000    0.01108636  0.00000000   -0.01073837  0.00000000
  0.01108636  0.00000000    0.03351470  0.00000000   -0.02042645  0.00000000
 -0.01073837  0.00000000   -0.02042645  0.00000000    0.04793513  0.00000000

     Dynamical  Matrix in cartesian axes

     q = (   -0.375000000   0.875000000  -0.625000000 ) 

    1    1
  0.04793513  0.00000000   -0.01073837  0.00000000    0.02042645  0.00000000
 -0.01073837  0.00000000    0.04275121  0.00000000   -0.01108636  0.00000000
  0.02042645  0.00000000   -0.01108636  0.00000000    0.03351470  0.00000000

     Dynamical  Matrix in cartesian axes

     q = (   -0.875000000  -0.625000000  -0.375000000 ) 

    1    1
  0.04275121  0.00000000    0.01108636  0.00000000    0.01073837  0.00000000
  0.01108636  0.00000000    0.03351470  0.00000000    0.02042645  0.00000000
  0.01073837  0.00000000    0.02042645  0.00000000    0.04793513  0.00000000

     Dynamical  Matrix in cartesian axes

     q = (   -0.875000000   0.625000000   0.375000000 ) 

    1    1
  0.04275121  0.00000000   -0.01108636  0.00000000   -0.01073837  0.00000000
 -0.01108636  0.00000000    0.03351470  0.00000000    0.02042645  0.00000000
 -0.01073837  0.00000000    0.02042645  0.00000000    0.04793513  0.00000000

     Dynamical  Matrix in cartesian axes

     q = (    0.375000000  -0.625000000   0.875000000 ) 

    1    1
  0.04793513  0.00000000   -0.02042645  0.00000000    0.01073837  0.00000000
 -0.02042645  0.00000000    0.03351470  0.00000000   -0.01108636  0.00000000
  0.01073837  0.00000000   -0.01108636  0.00000000    0.04275121  0.00000000

     Dynamical  Matrix in cartesian axes

     q = (    0.375000000  -0.875000000   0.625000000 ) 

    1    1
  0.04793513  0.00000000   -0.01073837  0.00000000    0.02042645  0.00000000
 -0.01073837  0.00000000    0.04275121  0.00000000   -0.01108636  0.00000000
  0.02042645  0.00000000   -0.01108636  0.00000000    0.03351470  0.00000000

     Dynamical  Matrix in cartesian axes

     q = (    0.625000000  -0.875000000   0.375000000 ) 

    1    1
  0.03351470  0.00000000   -0.01108636  0.00000000    0.02042645  0.00000000
 -0.01108636  0.00000000    0.04275121  0.00000000   -0.01073837  0.00000000
  0.02042645  0.00000000   -0.01073837  0.00000000    0.04793513  0.00000000

     Dynamical  Matrix in cartesian axes

     q = (   -0.875000000   0.625000000  -0.375000000 ) 

    1    1
  0.04275121  0.00000000   -0.01108636  0.00000000    0.01073837  0.00000000
 -0.01108636  0.00000000    0.03351470  0.00000000   -0.02042645  0.00000000
  0.01073837  0.00000000   -0.02042645  0.00000000    0.04793513  0.00000000

     Dynamical  Matrix in cartesian axes

     q = (    0.375000000   0.625000000   0.875000000 ) 

    1    1
  0.04793513  0.00000000    0.02042645  0.00000000    0.01073837  0.00000000
  0.02042645  0.00000000    0.03351470  0.00000000    0.01108636  0.00000000
  0.01073837  0.00000000    0.01108636  0.00000000    0.04275121  0.00000000

     Dynamical  Matrix in cartesian axes

     q = (   -0.375000000   0.625000000   0.875000000 ) 

    1    1
  0.04793513  0.00000000   -0.02042645  0.00000000   -0.01073837  0.00000000
 -0.02042645  0.00000000    0.03351470  0.00000000    0.01108636  0.00000000
 -0.01073837  0.00000000    0.01108636  0.00000000    0.04275121  0.00000000

     Dynamical  Matrix in cartesian axes

     q = (    0.375000000   0.625000000  -0.875000000 ) 

    1    1
  0.04793513  0.00000000    0.02042645  0.00000000   -0.01073837  0.00000000
  0.02042645  0.00000000    0.03351470  0.00000000   -0.01108636  0.00000000
 -0.01073837  0.00000000   -0.01108636  0.00000000    0.04275121  0.00000000

     Dynamical  Matrix in cartesian axes

     q = (   -0.375000000  -0.625000000  -0.875000000 ) 

    1    1
  0.04793513  0.00000000    0.02042645  0.00000000    0.01073837  0.00000000
  0.02042645  0.00000000    0.03351470  0.00000000    0.01108636  0.00000000
  0.01073837  0.00000000    0.01108636  0.00000000    0.04275121  0.00000000

     Dynamical  Matrix in cartesian axes

     q = (   -0.625000000  -0.875000000   0.375000000 ) 

    1    1
  0.03351470  0.00000000    0.01108636  0.00000000   -0.02042645  0.00000000
  0.01108636  0.00000000    0.04275121  0.00000000   -0.01073837  0.00000000
 -0.02042645  0.00000000   -0.01073837  0.00000000    0.04793513  0.00000000

     Dynamical  Matrix in cartesian axes

     q = (   -0.375000000  -0.625000000   0.875000000 ) 

    1    1
  0.04793513  0.00000000    0.02042645  0.00000000   -0.01073837  0.00000000
  0.02042645  0.00000000    0.03351470  0.00000000   -0.01108636  0.00000000
 -0.01073837  0.00000000   -0.01108636  0.00000000    0.04275121  0.00000000

     Dynamical  Matrix in cartesian axes

     q = (    0.875000000  -0.625000000   0.375000000 ) 

    1    1
  0.04275121  0.00000000   -0.01108636  0.00000000    0.01073837  0.00000000
 -0.01108636  0.00000000    0.03351470  0.00000000   -0.02042645  0.00000000
  0.01073837  0.00000000   -0.02042645  0.00000000    0.04793513  0.00000000

     Dynamical  Matrix in cartesian axes

     q = (    0.625000000   0.875000000   0.375000000 ) 

    1    1
  0.03351470  0.00000000    0.01108636  0.00000000    0.02042645  0.00000000
  0.01108636  0.00000000    0.04275121  0.00000000    0.01073837  0.00000000
  0.02042645  0.00000000    0.01073837  0.00000000    0.04793513  0.00000000

     Dynamical  Matrix in cartesian axes

     q = (    0.375000000  -0.625000000  -0.875000000 ) 

    1    1
  0.04793513  0.00000000   -0.02042645  0.00000000   -0.01073837  0.00000000
 -0.02042645  0.00000000    0.03351470  0.00000000    0.01108636  0.00000000
 -0.01073837  0.00000000    0.01108636  0.00000000    0.04275121  0.00000000

     Dynamical  Matrix in cartesian axes

     q = (    0.625000000   0.875000000  -0.375000000 ) 

    1    1
  0.03351470  0.00000000    0.01108636  0.00000000   -0.02042645  0.00000000
  0.01108636  0.00000000    0.04275121  0.00000000   -0.01073837  0.00000000
 -0.02042645  0.00000000   -0.01073837  0.00000000    0.04793513  0.00000000

     Dynamical  Matrix in cartesian axes

     q = (   -0.625000000  -0.875000000  -0.375000000 ) 

    1    1
  0.03351470  0.00000000    0.01108636  0.00000000    0.02042645  0.00000000
  0.01108636  0.00000000    0.04275121  0.00000000    0.01073837  0.00000000
  0.02042645  0.00000000    0.01073837  0.00000000    0.04793513  0.00000000

     Dynamical  Matrix in cartesian axes

     q = (   -0.625000000   0.875000000  -0.375000000 ) 

    1    1
  0.03351470  0.00000000   -0.01108636  0.00000000    0.02042645  0.00000000
 -0.01108636  0.00000000    0.04275121  0.00000000   -0.01073837  0.00000000
  0.02042645  0.00000000   -0.01073837  0.00000000    0.04793513  0.00000000

     Dynamical  Matrix in cartesian axes

     q = (    0.375000000  -0.875000000  -0.625000000 ) 

    1    1
  0.04793513  0.00000000   -0.01073837  0.00000000   -0.02042645  0.00000000
 -0.01073837  0.00000000    0.04275121  0.00000000    0.01108636  0.00000000
 -0.02042645  0.00000000    0.01108636  0.00000000    0.03351470  0.00000000

     Dynamical  Matrix in cartesian axes

     q = (   -0.375000000  -0.875000000   0.625000000 ) 

    1    1
  0.04793513  0.00000000    0.01073837  0.00000000   -0.02042645  0.00000000
  0.01073837  0.00000000    0.04275121  0.00000000   -0.01108636  0.00000000
 -0.02042645  0.00000000   -0.01108636  0.00000000    0.03351470  0.00000000

     Dynamical  Matrix in cartesian axes

     q = (    0.375000000   0.875000000   0.625000000 ) 

    1    1
  0.04793513  0.00000000    0.01073837  0.00000000    0.02042645  0.00000000
  0.01073837  0.00000000    0.04275121  0.00000000    0.01108636  0.00000000
  0.02042645  0.00000000    0.01108636  0.00000000    0.03351470  0.00000000

     Dynamical  Matrix in cartesian axes

     q = (    0.625000000  -0.875000000  -0.375000000 ) 

    1    1
  0.03351470  0.00000000   -0.01108636  0.00000000   -0.02042645  0.00000000
 -0.01108636  0.00000000    0.04275121  0.00000000    0.01073837  0.00000000
 -0.02042645  0.00000000    0.01073837  0.00000000    0.04793513  0.00000000

     Dynamical  Matrix in cartesian axes

     q = (   -0.875000000  -0.625000000   0.375000000 ) 

    1    1
  0.04275121  0.00000000    0.01108636  0.00000000   -0.01073837  0.00000000
  0.01108636  0.00000000    0.03351470  0.00000000   -0.02042645  0.00000000
 -0.01073837  0.00000000   -0.02042645  0.00000000    0.04793513  0.00000000

     Dynamical  Matrix in cartesian axes

     q = (   -0.625000000   0.875000000   0.375000000 ) 

    1    1
  0.03351470  0.00000000   -0.01108636  0.00000000   -0.02042645  0.00000000
 -0.01108636  0.00000000    0.04275121  0.00000000    0.01073837  0.00000000
 -0.02042645  0.00000000    0.01073837  0.00000000    0.04793513  0.00000000

     Dynamical  Matrix in cartesian axes

     q = (    0.875000000   0.625000000   0.375000000 ) 

    1    1
  0.04275121  0.00000000    0.01108636  0.00000000    0.01073837  0.00000000
  0.01108636  0.00000000    0.03351470  0.00000000    0.02042645  0.00000000
  0.01073837  0.00000000    0.02042645  0.00000000    0.04793513  0.00000000

     Dynamical  Matrix in cartesian axes

     q = (    0.875000000  -0.625000000  -0.375000000 ) 

    1    1
  0.04275121  0.00000000   -0.01108636  0.00000000   -0.01073837  0.00000000
 -0.01108636  0.00000000    0.03351470  0.00000000    0.02042645  0.00000000
 -0.01073837  0.00000000    0.02042645  0.00000000    0.04793513  0.00000000

     Diagonalizing the dynamical matrix

     q = (    0.625000000  -0.375000000   0.875000000 ) 

 **************************************************************************
     freq (    1) =       3.102292 [THz] =     103.481333 [cm-1]
 (  0.835980  0.000000  0.528105  0.000000 -0.149140  0.000000 ) 
     freq (    2) =       4.245369 [THz] =     141.610269 [cm-1]
 ( -0.148580  0.000000  0.479452  0.000000  0.864899  0.000000 ) 
     freq (    3) =       6.041857 [THz] =     201.534651 [cm-1]
 (  0.528263  0.000000 -0.700878  0.000000  0.479278  0.000000 ) 
 **************************************************************************
