Dynamical matrix file
                                                                           
  1    1  2  8.8682620  0.0000000  0.0000000  0.0000000  0.0000000  0.0000000
           1  'Na  '    20954.103126620943     
    1    1      0.0000000000      0.0000000000      0.0000000000

     Dynamical  Matrix in cartesian axes

     q = (    0.625000000  -0.375000000   0.875000000 ) 

    1    1
  0.03158014  0.00000000   -0.01852523  0.00000000    0.01025166  0.00000000
 -0.01852523  0.00000000    0.04439604  0.00000000   -0.01001220  0.00000000
  0.01025166  0.00000000   -0.01001220  0.00000000    0.04041921  0.00000000

     Dynamical  Matrix in cartesian axes

     q = (    0.625000000  -0.375000000  -0.875000000 ) 

    1    1
  0.03158014  0.00000000   -0.01852523  0.00000000   -0.01025166  0.00000000
 -0.01852523  0.00000000    0.04439604  0.00000000    0.01001220  0.00000000
 -0.01025166  0.00000000    0.01001220  0.00000000    0.04041921  0.00000000

     Dynamical  Matrix in cartesian axes

     q = (    0.875000000   0.375000000   0.625000000 ) 

    1    1
  0.04041921  0.00000000    0.01001220  0.00000000    0.01025166  0.00000000
  0.01001220  0.00000000    0.04439604  0.00000000    0.01852523  0.00000000
  0.01025166  0.00000000    0.01852523  0.00000000    0.03158014  0.00000000

     Dynamical  Matrix in cartesian axes

     q = (    0.625000000   0.375000000   0.875000000 ) 

    1    1
  0.03158014  0.00000000    0.01852523  0.00000000    0.01025166  0.00000000
  0.01852523  0.00000000    0.04439604  0.00000000    0.01001220  0.00000000
  0.01025166  0.00000000    0.01001220  0.00000000    0.04041921  0.00000000

     Dynamical  Matrix in cartesian axes

     q = (    0.875000000  -0.375000000  -0.625000000 ) 

    1    1
  0.04041921  0.00000000   -0.01001220  0.00000000   -0.01025166  0.00000000
 -0.01001220  0.00000000    0.04439604  0.00000000    0.01852523  0.00000000
 -0.01025166  0.00000000    0.01852523  0.00000000    0.03158014  0.00000000

     Dynamical  Matrix in cartesian axes

     q = (    0.875000000  -0.375000000   0.625000000 ) 

    1    1
  0.04041921  0.00000000   -0.01001220  0.00000000    0.01025166  0.00000000
 -0.01001220  0.00000000    0.04439604  0.00000000   -0.01852523  0.00000000
  0.01025166  0.00000000   -0.01852523  0.00000000    0.03158014  0.00000000

     Dynamical  Matrix in cartesian axes

     q = (   -0.875000000  -0.375000000   0.625000000 ) 

    1    1
  0.04041921  0.00000000    0.01001220  0.00000000   -0.01025166  0.00000000
  0.01001220  0.00000000    0.04439604  0.00000000   -0.01852523  0.00000000
 -0.01025166  0.00000000   -0.01852523  0.00000000    0.03158014  0.00000000

     Dynamical  Matrix in cartesian axes

     q = (   -0.625000000  -0.375000000  -0.875000000 ) 

    1    1
  0.03158014  0.00000000    0.01852523  0.00000000    0.01025166  0.00000000
  0.01852523  0.00000000    0.04439604  0.00000000    0.01001220  0.00000000
  0.01025166  0.00000000    0.01001220  0.00000000    0.04041921  0.00000000

     Dynamical  Matrix in cartesian axes

     q = (   -0.875000000   0.375000000  -0.625000000 ) 

    1    1
  0.04041921  0.00000000   -0.01001220  0.00000000    0.01025166  0.00000000
 -0.01001220  0.00000000    0.04439604  0.00000000   -0.01852523  0.00000000
  0.01025166  0.00000000   -0.01852523  0.00000000    0.03158014  0.00000000

     Dynamical  Matrix in cartesian axes

     q = (   -0.625000000  -0.375000000   0.875000000 ) 

    1    1
  0.03158014  0.00000000    0.01852523  0.00000000   -0.01025166  0.00000000
  0.01852523  0.00000000    0.04439604  0.00000000   -0.01001220  0.00000000
 -0.01025166  0.00000000   -0.01001220  0.00000000    0.04041921  0.00000000

     Dynamical  Matrix in cartesian axes

     q = (   -0.875000000   0.375000000   0.625000000 ) 

    1    1
  0.04041921  0.00000000   -0.01001220  0.00000000   -0.01025166  0.00000000
 -0.01001220  0.00000000    0.04439604  0.00000000    0.01852523  0.00000000
 -0.01025166  0.00000000    0.01852523  0.00000000    0.03158014  0.00000000

     Dynamical  Matrix in cartesian axes

     q = (    0.875000000   0.375000000  -0.625000000 ) 

    1    1
  0.04041921  0.00000000    0.01001220  0.00000000   -0.01025166  0.00000000
  0.01001220  0.00000000    0.04439604  0.00000000   -0.01852523  0.00000000
 -0.01025166  0.00000000   -0.01852523  0.00000000    0.03158014  0.00000000

     Dynamical  Matrix in cartesian axes

     q = (   -0.625000000   0.375000000   0.875000000 ) 

    1    1
  0.03158014  0.00000000   -0.01852523  0.00000000   -0.01025166  0.00000000
 -0.01852523  0.00000000    0.04439604  0.00000000    0.01001220  0.00000000
 -0.01025166  0.00000000    0.01001220  0.00000000    0.04041921  0.00000000

     Dynamical  Matrix in cartesian axes

     q = (   -0.875000000  -0.375000000  -0.625000000 ) 

    1    1
  0.04041921  0.00000000    0.01001220  0.00000000    0.01025166  0.00000000
  0.01001220  0.00000000    0.04439604  0.00000000    0.01852523  0.00000000
  0.01025166  0.00000000    0.01852523  0.00000000    0.03158014  0.00000000

     Dynamical  Matrix in cartesian axes

     q = (    0.625000000   0.375000000  -0.875000000 ) 

    1    1
  0.03158014  0.00000000    0.01852523  0.00000000   -0.01025166  0.00000000
  0.01852523  0.00000000    0.04439604  0.00000000   -0.01001220  0.00000000
 -0.01025166  0.00000000   -0.01001220  0.00000000    0.04041921  0.00000000

     Dynamical  Matrix in cartesian axes

     q = (   -0.625000000   0.375000000  -0.875000000 ) 

    1    1
  0.03158014  0.00000000   -0.01852523  0.00000000    0.01025166  0.00000000
 -0.01852523  0.00000000    0.04439604  0.00000000   -0.01001220  0.00000000
  0.01025166  0.00000000   -0.01001220  0.00000000    0.04041921  0.00000000

     Dynamical  Matrix in cartesian axes

     q = (   -0.375000000   0.875000000   0.625000000 ) 

    1    1
  0.04439604  0.00000000   -0.01001220  0.00000000   -0.01852523  0.00000000
 -0.01001220  0.00000000    0.04041921  0.00000000    0.01025166  0.00000000
 -0.01852523  0.00000000    0.01025166  0.00000000    0.03158014  0.00000000

     Dynamical  Matrix in cartesian axes

     q = (    0.375000000   0.875000000  -0.625000000 ) 

    1    1
  0.04439604  0.00000000    0.01001220  0.00000000   -0.01852523  0.00000000
  0.01001220  0.00000000    0.04041921  0.00000000   -0.01025166  0.00000000
 -0.01852523  0.00000000   -0.01025166  0.00000000    0.03158014  0.00000000

     Dynamical  Matrix in cartesian axes

     q = (   -0.375000000  -0.875000000  -0.625000000 ) 

    1    1
  0.04439604  0.00000000    0.01001220  0.00000000    0.01852523  0.00000000
  0.01001220  0.00000000    0.04041921  0.00000000    0.01025166  0.00000000
  0.01852523  0.00000000    0.01025166  0.00000000    0.03158014  0.00000000

     Dynamical  Matrix in cartesian axes

     q = (   -0.375000000   0.625000000  -0.875000000 ) 

    1    1
  0.04439604  0.00000000   -0.01852523  0.00000000    0.01001220  0.00000000
 -0.01852523  0.00000000    0.03158014  0.00000000   -0.01025166  0.00000000
  0.01001220  0.00000000   -0.01025166  0.00000000    0.04041921  0.00000000

     Dynamical  Matrix in cartesian axes

     q = (    0.875000000   0.625000000  -0.375000000 ) 

    1    1
  0.04041921  0.00000000    0.01025166  0.00000000   -0.01001220  0.00000000
  0.01025166  0.00000000    0.03158014  0.00000000   -0.01852523  0.00000000
 -0.01001220  0.00000000   -0.01852523  0.00000000    0.04439604  0.00000000

     Dynamical  Matrix in cartesian axes

     q = (   -0.375000000   0.875000000  -0.625000000 ) 

    1    1
  0.04439604  0.00000000   -0.01001220  0.00000000    0.01852523  0.00000000
 -0.01001220  0.00000000    0.04041921  0.00000000   -0.01025166  0.00000000
  0.01852523  0.00000000   -0.01025166  0.00000000    0.03158014  0.00000000

     Dynamical  Matrix in cartesian axes

     q = (   -0.875000000  -0.625000000  -0.375000000 ) 

    1    1
  0.04041921  0.00000000    0.01025166  0.00000000    0.01001220  0.00000000
  0.01025166  0.00000000    0.03158014  0.00000000    0.01852523  0.00000000
  0.01001220  0.00000000    0.01852523  0.00000000    0.04439604  0.00000000

     Dynamical  Matrix in cartesian axes

     q = (   -0.875000000   0.625000000   0.375000000 ) 

    1    1
  0.04041921  0.00000000   -0.01025166  0.00000000   -0.01001220  0.00000000
 -0.01025166  0.00000000    0.03158014  0.00000000    0.01852523  0.00000000
 -0.01001220  0.00000000    0.01852523  0.00000000    0.04439604  0.00000000

     Dynamical  Matrix in cartesian axes

     q = (    0.375000000  -0.625000000   0.875000000 ) 

    1    1
  0.04439604  0.00000000   -0.01852523  0.00000000    0.01001220  0.00000000
 -0.01852523  0.00000000    0.03158014  0.00000000   -0.01025166  0.00000000
  0.01001220  0.00000000   -0.01025166  0.00000000    0.04041921  0.00000000

     Dynamical  Matrix in cartesian axes

     q = (    0.375000000  -0.875000000   0.625000000 ) 

    1    1
  0.04439604  0.00000000   -0.01001220  0.00000000    0.01852523  0.00000000
 -0.01001220  0.00000000    0.04041921  0.00000000   -0.01025166  0.00000000
  0.01852523  0.00000000   -0.01025166  0.00000000    0.03158014  0.00000000

     Dynamical  Matrix in cartesian axes

     q = (    0.625000000  -0.875000000   0.375000000 ) 

    1    1
  0.03158014  0.00000000   -0.01025166  0.00000000    0.01852523  0.00000000
 -0.01025166  0.00000000    0.04041921  0.00000000   -0.01001220  0.00000000
  0.01852523  0.00000000   -0.01001220  0.00000000    0.04439604  0.00000000

     Dynamical  Matrix in cartesian axes

     q = (   -0.875000000   0.625000000  -0.375000000 ) 

    1    1
  0.04041921  0.00000000   -0.01025166  0.00000000    0.01001220  0.00000000
 -0.01025166  0.00000000    0.03158014  0.00000000   -0.01852523  0.00000000
  0.01001220  0.00000000   -0.01852523  0.00000000    0.04439604  0.00000000

     Dynamical  Matrix in cartesian axes

     q = (    0.375000000   0.625000000   0.875000000 ) 

    1    1
  0.04439604  0.00000000    0.01852523  0.00000000    0.01001220  0.00000000
  0.01852523  0.00000000    0.03158014  0.00000000    0.01025166  0.00000000
  0.01001220  0.00000000    0.01025166  0.00000000    0.04041921  0.00000000

     Dynamical  Matrix in cartesian axes

     q = (   -0.375000000   0.625000000   0.875000000 ) 

    1    1
  0.04439604  0.00000000   -0.01852523  0.00000000   -0.01001220  0.00000000
 -0.01852523  0.00000000    0.03158014  0.00000000    0.01025166  0.00000000
 -0.01001220  0.00000000    0.01025166  0.00000000    0.04041921  0.00000000

     Dynamical  Matrix in cartesian axes

     q = (    0.375000000   0.625000000  -0.875000000 ) 

    1    1
  0.04439604  0.00000000    0.01852523  0.00000000   -0.01001220  0.00000000
  0.01852523  0.00000000    0.03158014  0.00000000   -0.01025166  0.00000000
 -0.01001220  0.00000000   -0.01025166  0.00000000    0.04041921  0.00000000

     Dynamical  Matrix in cartesian axes

     q = (   -0.375000000  -0.625000000  -0.875000000 ) 

    1    1
  0.04439604  0.00000000    0.01852523  0.00000000    0.01001220  0.00000000
  0.01852523  0.00000000    0.03158014  0.00000000    0.01025166  0.00000000
  0.01001220  0.00000000    0.01025166  0.00000000    0.04041921  0.00000000

     Dynamical  Matrix in cartesian axes

     q = (   -0.625000000  -0.875000000   0.375000000 ) 

    1    1
  0.03158014  0.00000000    0.01025166  0.00000000   -0.01852523  0.00000000
  0.01025166  0.00000000    0.04041921  0.00000000   -0.01001220  0.00000000
 -0.01852523  0.00000000   -0.01001220  0.00000000    0.04439604  0.00000000

     Dynamical  Matrix in cartesian axes

     q = (   -0.375000000  -0.625000000   0.875000000 ) 

    1    1
  0.04439604  0.00000000    0.01852523  0.00000000   -0.01001220  0.00000000
  0.01852523  0.00000000    0.03158014  0.00000000   -0.01025166  0.00000000
 -0.01001220  0.00000000   -0.01025166  0.00000000    0.04041921  0.00000000

     Dynamical  Matrix in cartesian axes

     q = (    0.875000000  -0.625000000   0.375000000 ) 

    1    1
  0.04041921  0.00000000   -0.01025166  0.00000000    0.01001220  0.00000000
 -0.01025166  0.00000000    0.03158014  0.00000000   -0.01852523  0.00000000
  0.01001220  0.00000000   -0.01852523  0.00000000    0.04439604  0.00000000

     Dynamical  Matrix in cartesian axes

     q = (    0.625000000   0.875000000   0.375000000 ) 

    1    1
  0.03158014  0.00000000    0.01025166  0.00000000    0.01852523  0.00000000
  0.01025166  0.00000000    0.04041921  0.00000000    0.01001220  0.00000000
  0.01852523  0.00000000    0.01001220  0.00000000    0.04439604  0.00000000

     Dynamical  Matrix in cartesian axes

     q = (    0.375000000  -0.625000000  -0.875000000 ) 

    1    1
  0.04439604  0.00000000   -0.01852523  0.00000000   -0.01001220  0.00000000
 -0.01852523  0.00000000    0.03158014  0.00000000    0.01025166  0.00000000
 -0.01001220  0.00000000    0.01025166  0.00000000    0.04041921  0.00000000

     Dynamical  Matrix in cartesian axes

     q = (    0.625000000   0.875000000  -0.375000000 ) 

    1    1
  0.03158014  0.00000000    0.01025166  0.00000000   -0.01852523  0.00000000
  0.01025166  0.00000000    0.04041921  0.00000000   -0.01001220  0.00000000
 -0.01852523  0.00000000   -0.01001220  0.00000000    0.04439604  0.00000000

     Dynamical  Matrix in cartesian axes

     q = (   -0.625000000  -0.875000000  -0.375000000 ) 

    1    1
  0.03158014  0.00000000    0.01025166  0.00000000    0.01852523  0.00000000
  0.01025166  0.00000000    0.04041921  0.00000000    0.01001220  0.00000000
  0.01852523  0.00000000    0.01001220  0.00000000    0.04439604  0.00000000

     Dynamical  Matrix in cartesian axes

     q = (   -0.625000000   0.875000000  -0.375000000 ) 

    1    1
  0.03158014  0.00000000   -0.01025166  0.00000000    0.01852523  0.00000000
 -0.01025166  0.00000000    0.04041921  0.00000000   -0.01001220  0.00000000
  0.01852523  0.00000000   -0.01001220  0.00000000    0.04439604  0.00000000

     Dynamical  Matrix in cartesian axes

     q = (    0.375000000  -0.875000000  -0.625000000 ) 

    1    1
  0.04439604  0.00000000   -0.01001220  0.00000000   -0.01852523  0.00000000
 -0.01001220  0.00000000    0.04041921  0.00000000    0.01025166  0.00000000
 -0.01852523  0.00000000    0.01025166  0.00000000    0.03158014  0.00000000

     Dynamical  Matrix in cartesian axes

     q = (   -0.375000000  -0.875000000   0.625000000 ) 

    1    1
  0.04439604  0.00000000    0.01001220  0.00000000   -0.01852523  0.00000000
  0.01001220  0.00000000    0.04041921  0.00000000   -0.01025166  0.00000000
 -0.01852523  0.00000000   -0.01025166  0.00000000    0.03158014  0.00000000

     Dynamical  Matrix in cartesian axes

     q = (    0.375000000   0.875000000   0.625000000 ) 

    1    1
  0.04439604  0.00000000    0.01001220  0.00000000    0.01852523  0.00000000
  0.01001220  0.00000000    0.04041921  0.00000000    0.01025166  0.00000000
  0.01852523  0.00000000    0.01025166  0.00000000    0.03158014  0.00000000

     Dynamical  Matrix in cartesian axes

     q = (    0.625000000  -0.875000000  -0.375000000 ) 

    1    1
  0.03158014  0.00000000   -0.01025166  0.00000000   -0.01852523  0.00000000
 -0.01025166  0.00000000    0.04041921  0.00000000    0.01001220  0.00000000
 -0.01852523  0.00000000    0.01001220  0.00000000    0.04439604  0.00000000

     Dynamical  Matrix in cartesian axes

     q = (   -0.875000000  -0.625000000   0.375000000 ) 

    1    1
  0.04041921  0.00000000    0.01025166  0.00000000   -0.01001220  0.00000000
  0.01025166  0.00000000    0.03158014  0.00000000   -0.01852523  0.00000000
 -0.01001220  0.00000000   -0.01852523  0.00000000    0.04439604  0.00000000

     Dynamical  Matrix in cartesian axes

     q = (   -0.625000000   0.875000000   0.375000000 ) 

    1    1
  0.03158014  0.00000000   -0.01025166  0.00000000   -0.01852523  0.00000000
 -0.01025166  0.00000000    0.04041921  0.00000000    0.01001220  0.00000000
 -0.01852523  0.00000000    0.01001220  0.00000000    0.04439604  0.00000000

     Dynamical  Matrix in cartesian axes

     q = (    0.875000000   0.625000000   0.375000000 ) 

    1    1
  0.04041921  0.00000000    0.01025166  0.00000000    0.01001220  0.00000000
  0.01025166  0.00000000    0.03158014  0.00000000    0.01852523  0.00000000
  0.01001220  0.00000000    0.01852523  0.00000000    0.04439604  0.00000000

     Dynamical  Matrix in cartesian axes

     q = (    0.875000000  -0.625000000  -0.375000000 ) 

    1    1
  0.04041921  0.00000000   -0.01025166  0.00000000   -0.01001220  0.00000000
 -0.01025166  0.00000000    0.03158014  0.00000000    0.01852523  0.00000000
 -0.01001220  0.00000000    0.01852523  0.00000000    0.04439604  0.00000000

     Diagonalizing the dynamical matrix

     q = (    0.625000000  -0.375000000   0.875000000 ) 

 **************************************************************************
     freq (    1) =       3.050333 [THz] =     101.748152 [cm-1]
 (  0.834757  0.000000  0.531314  0.000000 -0.144521  0.000000 ) 
     freq (    2) =       4.118101 [THz] =     137.365063 [cm-1]
 ( -0.160753  0.000000  0.486198  0.000000  0.858935  0.000000 ) 
     freq (    3) =       5.818626 [THz] =     194.088458 [cm-1]
 (  0.526631  0.000000 -0.693769  0.000000  0.491268  0.000000 ) 
 **************************************************************************
