Dynamical matrix file
                                                                           
  1    2  2 10.4000000  0.0000000  0.0000000  0.0000000  0.0000000  0.0000000
           1  'Si  '    25598.8229845270     
    1    1      0.0000000000      0.0000000000      0.0000000000
    2    1      0.2500000000      0.2500000000      0.2500000000

     Dynamical  Matrix in cartesian axes

     q = (    0.833333333  -0.166666667   0.833333333 ) 

    1    1
  0.22872849 -0.00000000   -0.00255883  0.00711407    0.00272438 -0.00000000
 -0.00255883 -0.00711407    0.30195381 -0.00000000   -0.00255883 -0.00711407
  0.00272438 -0.00000000   -0.00255883  0.00711407    0.22872849 -0.00000000
    1    2
 -0.02771826  0.04918806   -0.01788501  0.03251378   -0.10525248 -0.11142179
 -0.01788501  0.03251378   -0.02162526  0.06305699   -0.01788501  0.03251378
 -0.10525248 -0.11142179   -0.01788501  0.03251378   -0.02771826  0.04918806
    2    1
 -0.02771826 -0.04918806   -0.01788501 -0.03251378   -0.10525248  0.11142179
 -0.01788501 -0.03251378   -0.02162526 -0.06305699   -0.01788501 -0.03251378
 -0.10525248  0.11142179   -0.01788501 -0.03251378   -0.02771826 -0.04918806
    2    2
  0.22872849  0.00000000   -0.00255883 -0.00711407    0.00272438  0.00000000
 -0.00255883  0.00711407    0.30195381  0.00000000   -0.00255883  0.00711407
  0.00272438  0.00000000   -0.00255883 -0.00711407    0.22872849  0.00000000

     Dynamical  Matrix in cartesian axes

     q = (   -0.833333333  -0.166666667   0.833333333 ) 

    1    1
  0.22872849  0.00000000    0.00255883  0.00711407   -0.00272438  0.00000000
  0.00255883 -0.00711407    0.30195381 -0.00000000   -0.00255883  0.00711407
 -0.00272438  0.00000000   -0.00255883 -0.00711407    0.22872849  0.00000000
    1    2
 -0.02873898  0.04859875    0.01921526 -0.03174576   -0.14912034 -0.03544043
  0.01921526 -0.03174576   -0.04379633  0.05025652   -0.01921526  0.03174576
 -0.14912034 -0.03544043   -0.01921526  0.03174576   -0.02873898  0.04859875
    2    1
 -0.02873898 -0.04859875    0.01921526  0.03174576   -0.14912034  0.03544043
  0.01921526  0.03174576   -0.04379633 -0.05025652   -0.01921526 -0.03174576
 -0.14912034  0.03544043   -0.01921526 -0.03174576   -0.02873898 -0.04859875
    2    2
  0.22872849  0.00000000    0.00255883 -0.00711407   -0.00272438  0.00000000
  0.00255883  0.00711407    0.30195381  0.00000000   -0.00255883 -0.00711407
 -0.00272438  0.00000000   -0.00255883  0.00711407    0.22872849  0.00000000

     Dynamical  Matrix in cartesian axes

     q = (    0.833333333  -0.166666667  -0.833333333 ) 

    1    1
  0.22872849  0.00000000   -0.00255883 -0.00711407   -0.00272438  0.00000000
 -0.00255883  0.00711407    0.30195381  0.00000000    0.00255883 -0.00711407
 -0.00272438  0.00000000    0.00255883  0.00711407    0.22872849  0.00000000
    1    2
 -0.02873898  0.04859875   -0.01921526  0.03174576   -0.14912034 -0.03544043
 -0.01921526  0.03174576   -0.04379633  0.05025652    0.01921526 -0.03174576
 -0.14912034 -0.03544043    0.01921526 -0.03174576   -0.02873898  0.04859875
    2    1
 -0.02873898 -0.04859875   -0.01921526 -0.03174576   -0.14912034  0.03544043
 -0.01921526 -0.03174576   -0.04379633 -0.05025652    0.01921526  0.03174576
 -0.14912034  0.03544043    0.01921526  0.03174576   -0.02873898 -0.04859875
    2    2
  0.22872849  0.00000000   -0.00255883  0.00711407   -0.00272438  0.00000000
 -0.00255883 -0.00711407    0.30195381 -0.00000000    0.00255883  0.00711407
 -0.00272438  0.00000000    0.00255883 -0.00711407    0.22872849  0.00000000

     Dynamical  Matrix in cartesian axes

     q = (   -0.833333333  -0.166666667  -0.833333333 ) 

    1    1
  0.22872849  0.00000000    0.00255883 -0.00711407    0.00272438  0.00000000
  0.00255883  0.00711407    0.30195381  0.00000000    0.00255883  0.00711407
  0.00272438  0.00000000    0.00255883 -0.00711407    0.22872849  0.00000000
    1    2
  0.02873898  0.04859875   -0.01921526 -0.03174576   -0.14912034  0.03544043
 -0.01921526 -0.03174576    0.04379633  0.05025652   -0.01921526 -0.03174576
 -0.14912034  0.03544043   -0.01921526 -0.03174576    0.02873898  0.04859875
    2    1
  0.02873898 -0.04859875   -0.01921526  0.03174576   -0.14912034 -0.03544043
 -0.01921526  0.03174576    0.04379633 -0.05025652   -0.01921526  0.03174576
 -0.14912034 -0.03544043   -0.01921526  0.03174576    0.02873898 -0.04859875
    2    2
  0.22872849 -0.00000000    0.00255883  0.00711407    0.00272438 -0.00000000
  0.00255883 -0.00711407    0.30195381 -0.00000000    0.00255883 -0.00711407
  0.00272438 -0.00000000    0.00255883  0.00711407    0.22872849 -0.00000000

     Dynamical  Matrix in cartesian axes

     q = (   -0.166666667   0.833333333  -0.833333333 ) 

    1    1
  0.30195381  0.00000000   -0.00255883  0.00711407    0.00255883 -0.00711407
 -0.00255883 -0.00711407    0.22872849  0.00000000   -0.00272438 -0.00000000
  0.00255883  0.00711407   -0.00272438 -0.00000000    0.22872849  0.00000000
    1    2
 -0.04379633  0.05025652   -0.01921526  0.03174576    0.01921526 -0.03174576
 -0.01921526  0.03174576   -0.02873898  0.04859875   -0.14912034 -0.03544043
  0.01921526 -0.03174576   -0.14912034 -0.03544043   -0.02873898  0.04859875
    2    1
 -0.04379633 -0.05025652   -0.01921526 -0.03174576    0.01921526  0.03174576
 -0.01921526 -0.03174576   -0.02873898 -0.04859875   -0.14912034  0.03544043
  0.01921526  0.03174576   -0.14912034  0.03544043   -0.02873898 -0.04859875
    2    2
  0.30195381 -0.00000000   -0.00255883 -0.00711407    0.00255883  0.00711407
 -0.00255883  0.00711407    0.22872849 -0.00000000   -0.00272438  0.00000000
  0.00255883 -0.00711407   -0.00272438  0.00000000    0.22872849 -0.00000000

     Dynamical  Matrix in cartesian axes

     q = (   -0.833333333   0.833333333  -0.166666667 ) 

    1    1
  0.22872849  0.00000000   -0.00272438 -0.00000000    0.00255883  0.00711407
 -0.00272438 -0.00000000    0.22872849  0.00000000   -0.00255883 -0.00711407
  0.00255883 -0.00711407   -0.00255883  0.00711407    0.30195381  0.00000000
    1    2
 -0.02873898  0.04859875   -0.14912034 -0.03544043    0.01921526 -0.03174576
 -0.14912034 -0.03544043   -0.02873898  0.04859875   -0.01921526  0.03174576
  0.01921526 -0.03174576   -0.01921526  0.03174576   -0.04379633  0.05025652
    2    1
 -0.02873898 -0.04859875   -0.14912034  0.03544043    0.01921526  0.03174576
 -0.14912034  0.03544043   -0.02873898 -0.04859875   -0.01921526 -0.03174576
  0.01921526  0.03174576   -0.01921526 -0.03174576   -0.04379633 -0.05025652
    2    2
  0.22872849 -0.00000000   -0.00272438  0.00000000    0.00255883 -0.00711407
 -0.00272438  0.00000000    0.22872849 -0.00000000   -0.00255883  0.00711407
  0.00255883  0.00711407   -0.00255883 -0.00711407    0.30195381 -0.00000000

     Dynamical  Matrix in cartesian axes

     q = (    0.833333333   0.166666667   0.833333333 ) 

    1    1
  0.22872849 -0.00000000    0.00255883  0.00711407    0.00272438 -0.00000000
  0.00255883 -0.00711407    0.30195381 -0.00000000    0.00255883 -0.00711407
  0.00272438 -0.00000000    0.00255883  0.00711407    0.22872849 -0.00000000
    1    2
  0.02873898 -0.04859875   -0.01921526  0.03174576   -0.14912034 -0.03544043
 -0.01921526  0.03174576    0.04379633 -0.05025652   -0.01921526  0.03174576
 -0.14912034 -0.03544043   -0.01921526  0.03174576    0.02873898 -0.04859875
    2    1
  0.02873898  0.04859875   -0.01921526 -0.03174576   -0.14912034  0.03544043
 -0.01921526 -0.03174576    0.04379633  0.05025652   -0.01921526 -0.03174576
 -0.14912034  0.03544043   -0.01921526 -0.03174576    0.02873898  0.04859875
    2    2
  0.22872849  0.00000000    0.00255883 -0.00711407    0.00272438  0.00000000
  0.00255883  0.00711407    0.30195381  0.00000000    0.00255883  0.00711407
  0.00272438  0.00000000    0.00255883 -0.00711407    0.22872849  0.00000000

     Dynamical  Matrix in cartesian axes

     q = (   -0.833333333   0.166666667   0.833333333 ) 

    1    1
  0.22872849  0.00000000   -0.00255883  0.00711407   -0.00272438  0.00000000
 -0.00255883 -0.00711407    0.30195381 -0.00000000    0.00255883  0.00711407
 -0.00272438  0.00000000    0.00255883 -0.00711407    0.22872849  0.00000000
    1    2
 -0.02873898 -0.04859875   -0.01921526 -0.03174576   -0.14912034  0.03544043
 -0.01921526 -0.03174576   -0.04379633 -0.05025652    0.01921526  0.03174576
 -0.14912034  0.03544043    0.01921526  0.03174576   -0.02873898 -0.04859875
    2    1
 -0.02873898  0.04859875   -0.01921526  0.03174576   -0.14912034 -0.03544043
 -0.01921526  0.03174576   -0.04379633  0.05025652    0.01921526 -0.03174576
 -0.14912034 -0.03544043    0.01921526 -0.03174576   -0.02873898  0.04859875
    2    2
  0.22872849  0.00000000   -0.00255883 -0.00711407   -0.00272438  0.00000000
 -0.00255883  0.00711407    0.30195381  0.00000000    0.00255883 -0.00711407
 -0.00272438  0.00000000    0.00255883  0.00711407    0.22872849  0.00000000

     Dynamical  Matrix in cartesian axes

     q = (    0.833333333   0.166666667  -0.833333333 ) 

    1    1
  0.22872849  0.00000000    0.00255883 -0.00711407   -0.00272438  0.00000000
  0.00255883  0.00711407    0.30195381  0.00000000   -0.00255883 -0.00711407
 -0.00272438  0.00000000   -0.00255883  0.00711407    0.22872849  0.00000000
    1    2
 -0.02873898 -0.04859875    0.01921526  0.03174576   -0.14912034  0.03544043
  0.01921526  0.03174576   -0.04379633 -0.05025652   -0.01921526 -0.03174576
 -0.14912034  0.03544043   -0.01921526 -0.03174576   -0.02873898 -0.04859875
    2    1
 -0.02873898  0.04859875    0.01921526 -0.03174576   -0.14912034 -0.03544043
  0.01921526 -0.03174576   -0.04379633  0.05025652   -0.01921526  0.03174576
 -0.14912034 -0.03544043   -0.01921526  0.03174576   -0.02873898  0.04859875
    2    2
  0.22872849  0.00000000    0.00255883  0.00711407   -0.00272438  0.00000000
  0.00255883 -0.00711407    0.30195381 -0.00000000   -0.00255883  0.00711407
 -0.00272438  0.00000000   -0.00255883 -0.00711407    0.22872849  0.00000000

     Dynamical  Matrix in cartesian axes

     q = (   -0.166666667   0.833333333   0.833333333 ) 

    1    1
  0.30195381 -0.00000000   -0.00255883 -0.00711407   -0.00255883 -0.00711407
 -0.00255883  0.00711407    0.22872849 -0.00000000    0.00272438  0.00000000
 -0.00255883  0.00711407    0.00272438  0.00000000    0.22872849 -0.00000000
    1    2
 -0.02162526  0.06305699   -0.01788501  0.03251378   -0.01788501  0.03251378
 -0.01788501  0.03251378   -0.02771826  0.04918806   -0.10525248 -0.11142179
 -0.01788501  0.03251378   -0.10525248 -0.11142179   -0.02771826  0.04918806
    2    1
 -0.02162526 -0.06305699   -0.01788501 -0.03251378   -0.01788501 -0.03251378
 -0.01788501 -0.03251378   -0.02771826 -0.04918806   -0.10525248  0.11142179
 -0.01788501 -0.03251378   -0.10525248  0.11142179   -0.02771826 -0.04918806
    2    2
  0.30195381  0.00000000   -0.00255883  0.00711407   -0.00255883  0.00711407
 -0.00255883 -0.00711407    0.22872849  0.00000000    0.00272438 -0.00000000
 -0.00255883 -0.00711407    0.00272438 -0.00000000    0.22872849  0.00000000

     Dynamical  Matrix in cartesian axes

     q = (    0.166666667   0.833333333  -0.833333333 ) 

    1    1
  0.30195381  0.00000000    0.00255883  0.00711407   -0.00255883 -0.00711407
  0.00255883 -0.00711407    0.22872849  0.00000000   -0.00272438 -0.00000000
 -0.00255883  0.00711407   -0.00272438 -0.00000000    0.22872849  0.00000000
    1    2
 -0.04379633 -0.05025652    0.01921526  0.03174576   -0.01921526 -0.03174576
  0.01921526  0.03174576   -0.02873898 -0.04859875   -0.14912034  0.03544043
 -0.01921526 -0.03174576   -0.14912034  0.03544043   -0.02873898 -0.04859875
    2    1
 -0.04379633  0.05025652    0.01921526 -0.03174576   -0.01921526  0.03174576
  0.01921526 -0.03174576   -0.02873898  0.04859875   -0.14912034 -0.03544043
 -0.01921526  0.03174576   -0.14912034 -0.03544043   -0.02873898  0.04859875
    2    2
  0.30195381 -0.00000000    0.00255883 -0.00711407   -0.00255883  0.00711407
  0.00255883  0.00711407    0.22872849 -0.00000000   -0.00272438  0.00000000
 -0.00255883 -0.00711407   -0.00272438  0.00000000    0.22872849 -0.00000000

     Dynamical  Matrix in cartesian axes

     q = (   -0.166666667  -0.833333333  -0.833333333 ) 

    1    1
  0.30195381  0.00000000    0.00255883  0.00711407    0.00255883  0.00711407
  0.00255883 -0.00711407    0.22872849  0.00000000    0.00272438 -0.00000000
  0.00255883 -0.00711407    0.00272438 -0.00000000    0.22872849  0.00000000
    1    2
  0.04379633  0.05025652   -0.01921526 -0.03174576   -0.01921526 -0.03174576
 -0.01921526 -0.03174576    0.02873898  0.04859875   -0.14912034  0.03544043
 -0.01921526 -0.03174576   -0.14912034  0.03544043    0.02873898  0.04859875
    2    1
  0.04379633 -0.05025652   -0.01921526  0.03174576   -0.01921526  0.03174576
 -0.01921526  0.03174576    0.02873898 -0.04859875   -0.14912034 -0.03544043
 -0.01921526  0.03174576   -0.14912034 -0.03544043    0.02873898 -0.04859875
    2    2
  0.30195381 -0.00000000    0.00255883 -0.00711407    0.00255883 -0.00711407
  0.00255883  0.00711407    0.22872849 -0.00000000    0.00272438  0.00000000
  0.00255883  0.00711407    0.00272438  0.00000000    0.22872849 -0.00000000

     Dynamical  Matrix in cartesian axes

     q = (    0.833333333  -0.833333333   0.166666667 ) 

    1    1
  0.22872849 -0.00000000   -0.00272438  0.00000000    0.00255883 -0.00711407
 -0.00272438  0.00000000    0.22872849 -0.00000000   -0.00255883  0.00711407
  0.00255883  0.00711407   -0.00255883 -0.00711407    0.30195381 -0.00000000
    1    2
 -0.02873898 -0.04859875   -0.14912034  0.03544043    0.01921526  0.03174576
 -0.14912034  0.03544043   -0.02873898 -0.04859875   -0.01921526 -0.03174576
  0.01921526  0.03174576   -0.01921526 -0.03174576   -0.04379633 -0.05025652
    2    1
 -0.02873898  0.04859875   -0.14912034 -0.03544043    0.01921526 -0.03174576
 -0.14912034 -0.03544043   -0.02873898  0.04859875   -0.01921526  0.03174576
  0.01921526 -0.03174576   -0.01921526  0.03174576   -0.04379633  0.05025652
    2    2
  0.22872849  0.00000000   -0.00272438 -0.00000000    0.00255883  0.00711407
 -0.00272438 -0.00000000    0.22872849  0.00000000   -0.00255883 -0.00711407
  0.00255883 -0.00711407   -0.00255883  0.00711407    0.30195381  0.00000000

     Dynamical  Matrix in cartesian axes

     q = (    0.833333333   0.833333333  -0.166666667 ) 

    1    1
  0.22872849  0.00000000    0.00272438  0.00000000   -0.00255883  0.00711407
  0.00272438  0.00000000    0.22872849  0.00000000   -0.00255883  0.00711407
 -0.00255883 -0.00711407   -0.00255883 -0.00711407    0.30195381  0.00000000
    1    2
 -0.02771826  0.04918806   -0.10525248 -0.11142179   -0.01788501  0.03251378
 -0.10525248 -0.11142179   -0.02771826  0.04918806   -0.01788501  0.03251378
 -0.01788501  0.03251378   -0.01788501  0.03251378   -0.02162526  0.06305699
    2    1
 -0.02771826 -0.04918806   -0.10525248  0.11142179   -0.01788501 -0.03251378
 -0.10525248  0.11142179   -0.02771826 -0.04918806   -0.01788501 -0.03251378
 -0.01788501 -0.03251378   -0.01788501 -0.03251378   -0.02162526 -0.06305699
    2    2
  0.22872849 -0.00000000    0.00272438 -0.00000000   -0.00255883 -0.00711407
  0.00272438 -0.00000000    0.22872849 -0.00000000   -0.00255883 -0.00711407
 -0.00255883  0.00711407   -0.00255883  0.00711407    0.30195381 -0.00000000

     Dynamical  Matrix in cartesian axes

     q = (   -0.833333333  -0.833333333  -0.166666667 ) 

    1    1
  0.22872849 -0.00000000    0.00272438 -0.00000000    0.00255883 -0.00711407
  0.00272438 -0.00000000    0.22872849 -0.00000000    0.00255883 -0.00711407
  0.00255883  0.00711407    0.00255883  0.00711407    0.30195381 -0.00000000
    1    2
  0.02873898  0.04859875   -0.14912034  0.03544043   -0.01921526 -0.03174576
 -0.14912034  0.03544043    0.02873898  0.04859875   -0.01921526 -0.03174576
 -0.01921526 -0.03174576   -0.01921526 -0.03174576    0.04379633  0.05025652
    2    1
  0.02873898 -0.04859875   -0.14912034 -0.03544043   -0.01921526  0.03174576
 -0.14912034 -0.03544043    0.02873898 -0.04859875   -0.01921526  0.03174576
 -0.01921526  0.03174576   -0.01921526  0.03174576    0.04379633 -0.05025652
    2    2
  0.22872849  0.00000000    0.00272438  0.00000000    0.00255883  0.00711407
  0.00272438  0.00000000    0.22872849  0.00000000    0.00255883  0.00711407
  0.00255883 -0.00711407    0.00255883 -0.00711407    0.30195381  0.00000000

     Dynamical  Matrix in cartesian axes

     q = (   -0.833333333   0.833333333   0.166666667 ) 

    1    1
  0.22872849 -0.00000000   -0.00272438  0.00000000   -0.00255883  0.00711407
 -0.00272438  0.00000000    0.22872849 -0.00000000    0.00255883 -0.00711407
 -0.00255883 -0.00711407    0.00255883  0.00711407    0.30195381 -0.00000000
    1    2
 -0.02873898 -0.04859875   -0.14912034  0.03544043   -0.01921526 -0.03174576
 -0.14912034  0.03544043   -0.02873898 -0.04859875    0.01921526  0.03174576
 -0.01921526 -0.03174576    0.01921526  0.03174576   -0.04379633 -0.05025652
    2    1
 -0.02873898  0.04859875   -0.14912034 -0.03544043   -0.01921526  0.03174576
 -0.14912034 -0.03544043   -0.02873898  0.04859875    0.01921526 -0.03174576
 -0.01921526  0.03174576    0.01921526 -0.03174576   -0.04379633  0.05025652
    2    2
  0.22872849  0.00000000   -0.00272438 -0.00000000   -0.00255883 -0.00711407
 -0.00272438 -0.00000000    0.22872849  0.00000000    0.00255883  0.00711407
 -0.00255883  0.00711407    0.00255883 -0.00711407    0.30195381  0.00000000

     Dynamical  Matrix in cartesian axes

     q = (    0.166666667  -0.833333333   0.833333333 ) 

    1    1
  0.30195381 -0.00000000   -0.00255883 -0.00711407    0.00255883  0.00711407
 -0.00255883  0.00711407    0.22872849 -0.00000000   -0.00272438  0.00000000
  0.00255883 -0.00711407   -0.00272438  0.00000000    0.22872849 -0.00000000
    1    2
 -0.04379633 -0.05025652   -0.01921526 -0.03174576    0.01921526  0.03174576
 -0.01921526 -0.03174576   -0.02873898 -0.04859875   -0.14912034  0.03544043
  0.01921526  0.03174576   -0.14912034  0.03544043   -0.02873898 -0.04859875
    2    1
 -0.04379633  0.05025652   -0.01921526  0.03174576    0.01921526 -0.03174576
 -0.01921526  0.03174576   -0.02873898  0.04859875   -0.14912034 -0.03544043
  0.01921526 -0.03174576   -0.14912034 -0.03544043   -0.02873898  0.04859875
    2    2
  0.30195381  0.00000000   -0.00255883  0.00711407    0.00255883 -0.00711407
 -0.00255883 -0.00711407    0.22872849  0.00000000   -0.00272438 -0.00000000
  0.00255883  0.00711407   -0.00272438 -0.00000000    0.22872849  0.00000000

     Dynamical  Matrix in cartesian axes

     q = (    0.166666667   0.833333333   0.833333333 ) 

    1    1
  0.30195381 -0.00000000    0.00255883 -0.00711407    0.00255883 -0.00711407
  0.00255883  0.00711407    0.22872849 -0.00000000    0.00272438  0.00000000
  0.00255883  0.00711407    0.00272438  0.00000000    0.22872849 -0.00000000
    1    2
  0.04379633 -0.05025652   -0.01921526  0.03174576   -0.01921526  0.03174576
 -0.01921526  0.03174576    0.02873898 -0.04859875   -0.14912034 -0.03544043
 -0.01921526  0.03174576   -0.14912034 -0.03544043    0.02873898 -0.04859875
    2    1
  0.04379633  0.05025652   -0.01921526 -0.03174576   -0.01921526 -0.03174576
 -0.01921526 -0.03174576    0.02873898  0.04859875   -0.14912034  0.03544043
 -0.01921526 -0.03174576   -0.14912034  0.03544043    0.02873898  0.04859875
    2    2
  0.30195381  0.00000000    0.00255883  0.00711407    0.00255883  0.00711407
  0.00255883 -0.00711407    0.22872849  0.00000000    0.00272438 -0.00000000
  0.00255883 -0.00711407    0.00272438 -0.00000000    0.22872849  0.00000000

     Dynamical  Matrix in cartesian axes

     q = (   -0.833333333   0.166666667  -0.833333333 ) 

    1    1
  0.22872849  0.00000000   -0.00255883 -0.00711407    0.00272438  0.00000000
 -0.00255883  0.00711407    0.30195381  0.00000000   -0.00255883  0.00711407
  0.00272438  0.00000000   -0.00255883 -0.00711407    0.22872849  0.00000000
    1    2
 -0.02771826 -0.04918806   -0.01788501 -0.03251378   -0.10525248  0.11142179
 -0.01788501 -0.03251378   -0.02162526 -0.06305699   -0.01788501 -0.03251378
 -0.10525248  0.11142179   -0.01788501 -0.03251378   -0.02771826 -0.04918806
    2    1
 -0.02771826  0.04918806   -0.01788501  0.03251378   -0.10525248 -0.11142179
 -0.01788501  0.03251378   -0.02162526  0.06305699   -0.01788501  0.03251378
 -0.10525248 -0.11142179   -0.01788501  0.03251378   -0.02771826  0.04918806
    2    2
  0.22872849 -0.00000000   -0.00255883  0.00711407    0.00272438 -0.00000000
 -0.00255883 -0.00711407    0.30195381 -0.00000000   -0.00255883 -0.00711407
  0.00272438 -0.00000000   -0.00255883  0.00711407    0.22872849 -0.00000000

     Dynamical  Matrix in cartesian axes

     q = (   -0.166666667  -0.833333333   0.833333333 ) 

    1    1
  0.30195381 -0.00000000    0.00255883 -0.00711407   -0.00255883  0.00711407
  0.00255883  0.00711407    0.22872849 -0.00000000   -0.00272438  0.00000000
 -0.00255883 -0.00711407   -0.00272438  0.00000000    0.22872849 -0.00000000
    1    2
 -0.04379633  0.05025652    0.01921526 -0.03174576   -0.01921526  0.03174576
  0.01921526 -0.03174576   -0.02873898  0.04859875   -0.14912034 -0.03544043
 -0.01921526  0.03174576   -0.14912034 -0.03544043   -0.02873898  0.04859875
    2    1
 -0.04379633 -0.05025652    0.01921526  0.03174576   -0.01921526 -0.03174576
  0.01921526  0.03174576   -0.02873898 -0.04859875   -0.14912034  0.03544043
 -0.01921526 -0.03174576   -0.14912034  0.03544043   -0.02873898 -0.04859875
    2    2
  0.30195381  0.00000000    0.00255883  0.00711407   -0.00255883 -0.00711407
  0.00255883 -0.00711407    0.22872849  0.00000000   -0.00272438 -0.00000000
 -0.00255883  0.00711407   -0.00272438 -0.00000000    0.22872849  0.00000000

     Dynamical  Matrix in cartesian axes

     q = (   -0.833333333  -0.833333333   0.166666667 ) 

    1    1
  0.22872849 -0.00000000    0.00272438 -0.00000000   -0.00255883 -0.00711407
  0.00272438 -0.00000000    0.22872849 -0.00000000   -0.00255883 -0.00711407
 -0.00255883  0.00711407   -0.00255883  0.00711407    0.30195381 -0.00000000
    1    2
 -0.02771826 -0.04918806   -0.10525248  0.11142179   -0.01788501 -0.03251378
 -0.10525248  0.11142179   -0.02771826 -0.04918806   -0.01788501 -0.03251378
 -0.01788501 -0.03251378   -0.01788501 -0.03251378   -0.02162526 -0.06305699
    2    1
 -0.02771826  0.04918806   -0.10525248 -0.11142179   -0.01788501  0.03251378
 -0.10525248 -0.11142179   -0.02771826  0.04918806   -0.01788501  0.03251378
 -0.01788501  0.03251378   -0.01788501  0.03251378   -0.02162526  0.06305699
    2    2
  0.22872849  0.00000000    0.00272438  0.00000000   -0.00255883  0.00711407
  0.00272438  0.00000000    0.22872849  0.00000000   -0.00255883  0.00711407
 -0.00255883 -0.00711407   -0.00255883 -0.00711407    0.30195381  0.00000000

     Dynamical  Matrix in cartesian axes

     q = (    0.833333333   0.833333333   0.166666667 ) 

    1    1
  0.22872849  0.00000000    0.00272438  0.00000000    0.00255883  0.00711407
  0.00272438  0.00000000    0.22872849  0.00000000    0.00255883  0.00711407
  0.00255883 -0.00711407    0.00255883 -0.00711407    0.30195381  0.00000000
    1    2
  0.02873898 -0.04859875   -0.14912034 -0.03544043   -0.01921526  0.03174576
 -0.14912034 -0.03544043    0.02873898 -0.04859875   -0.01921526  0.03174576
 -0.01921526  0.03174576   -0.01921526  0.03174576    0.04379633 -0.05025652
    2    1
  0.02873898  0.04859875   -0.14912034  0.03544043   -0.01921526 -0.03174576
 -0.14912034  0.03544043    0.02873898  0.04859875   -0.01921526 -0.03174576
 -0.01921526 -0.03174576   -0.01921526 -0.03174576    0.04379633  0.05025652
    2    2
  0.22872849 -0.00000000    0.00272438 -0.00000000    0.00255883 -0.00711407
  0.00272438 -0.00000000    0.22872849 -0.00000000    0.00255883 -0.00711407
  0.00255883  0.00711407    0.00255883  0.00711407    0.30195381 -0.00000000

     Dynamical  Matrix in cartesian axes

     q = (    0.166666667  -0.833333333  -0.833333333 ) 

    1    1
  0.30195381  0.00000000   -0.00255883  0.00711407   -0.00255883  0.00711407
 -0.00255883 -0.00711407    0.22872849  0.00000000    0.00272438 -0.00000000
 -0.00255883 -0.00711407    0.00272438 -0.00000000    0.22872849  0.00000000
    1    2
 -0.02162526 -0.06305699   -0.01788501 -0.03251378   -0.01788501 -0.03251378
 -0.01788501 -0.03251378   -0.02771826 -0.04918806   -0.10525248  0.11142179
 -0.01788501 -0.03251378   -0.10525248  0.11142179   -0.02771826 -0.04918806
    2    1
 -0.02162526  0.06305699   -0.01788501  0.03251378   -0.01788501  0.03251378
 -0.01788501  0.03251378   -0.02771826  0.04918806   -0.10525248 -0.11142179
 -0.01788501  0.03251378   -0.10525248 -0.11142179   -0.02771826  0.04918806
    2    2
  0.30195381 -0.00000000   -0.00255883 -0.00711407   -0.00255883 -0.00711407
 -0.00255883  0.00711407    0.22872849 -0.00000000    0.00272438  0.00000000
 -0.00255883  0.00711407    0.00272438  0.00000000    0.22872849 -0.00000000

     Dynamical  Matrix in cartesian axes

     q = (    0.833333333  -0.833333333  -0.166666667 ) 

    1    1
  0.22872849  0.00000000   -0.00272438 -0.00000000   -0.00255883 -0.00711407
 -0.00272438 -0.00000000    0.22872849  0.00000000    0.00255883  0.00711407
 -0.00255883  0.00711407    0.00255883 -0.00711407    0.30195381  0.00000000
    1    2
 -0.02873898  0.04859875   -0.14912034 -0.03544043   -0.01921526  0.03174576
 -0.14912034 -0.03544043   -0.02873898  0.04859875    0.01921526 -0.03174576
 -0.01921526  0.03174576    0.01921526 -0.03174576   -0.04379633  0.05025652
    2    1
 -0.02873898 -0.04859875   -0.14912034  0.03544043   -0.01921526 -0.03174576
 -0.14912034  0.03544043   -0.02873898 -0.04859875    0.01921526  0.03174576
 -0.01921526 -0.03174576    0.01921526  0.03174576   -0.04379633 -0.05025652
    2    2
  0.22872849 -0.00000000   -0.00272438  0.00000000   -0.00255883  0.00711407
 -0.00272438  0.00000000    0.22872849 -0.00000000    0.00255883 -0.00711407
 -0.00255883 -0.00711407    0.00255883  0.00711407    0.30195381 -0.00000000

     Diagonalizing the dynamical matrix

     q = (    0.833333333  -0.166666667   0.833333333 ) 

 **************************************************************************
     freq (    1) =       4.488862 [THz] =     149.732315 [cm-1]
 (  0.217371  0.450278  0.000000  0.000000 -0.217371 -0.450278 ) 
 ( -0.500000 -0.000000  0.000000  0.000000  0.500000  0.000000 ) 
     freq (    2) =       5.615098 [THz] =     187.299512 [cm-1]
 ( -0.448119 -0.187957 -0.123308  0.111885 -0.448119 -0.187957 ) 
 ( -0.485941 -0.000000 -0.070434 -0.150871 -0.485941  0.000000 ) 
     freq (    3) =       9.855889 [THz] =     328.757080 [cm-1]
 ( -0.131530  0.127540 -0.498384 -0.429512 -0.131530  0.127540 ) 
 (  0.183212 -0.000000  0.058797 -0.655294  0.183212  0.000000 ) 
     freq (    4) =      11.935878 [THz] =     398.138024 [cm-1]
 ( -0.201314 -0.212585  0.568129  0.076091 -0.201314 -0.212585 ) 
 (  0.292780  0.000000 -0.445892 -0.360195  0.292780  0.000000 ) 
     freq (    5) =      13.075054 [THz] =     436.136861 [cm-1]
 (  0.217371  0.450278  0.000000  0.000000 -0.217371 -0.450278 ) 
 (  0.500000 -0.000000 -0.000000  0.000000 -0.500000  0.000000 ) 
     freq (    6) =      13.413073 [THz] =     447.411963 [cm-1]
 (  0.354314  0.137975  0.354909 -0.291358  0.354314  0.137975 ) 
 ( -0.380230  0.000000 -0.224992 -0.400285 -0.380230  0.000000 ) 
 **************************************************************************
