Dynamical matrix file
                                                                           
  1    2  2 10.3880000  0.0000000  0.0000000  0.0000000  0.0000000  0.0000000
           1  'Si  '    25598.8229845270     
    1    1      0.0000000000      0.0000000000      0.0000000000
    2    1      0.2500000000      0.2500000000      0.2500000000

     Dynamical  Matrix in cartesian axes

     q = (    0.833333333  -0.166666667   0.833333333 ) 

    1    1
  0.23064894  0.00000000   -0.00258326  0.00715262    0.00276163  0.00000000
 -0.00258326 -0.00715262    0.30414369  0.00000000   -0.00258326 -0.00715262
  0.00276163  0.00000000   -0.00258326  0.00715262    0.23064894  0.00000000
    1    2
 -0.02793423  0.04958187   -0.01814780  0.03299146   -0.10672167 -0.11296267
 -0.01814780  0.03299146   -0.02181186  0.06344593   -0.01814780  0.03299146
 -0.10672167 -0.11296267   -0.01814780  0.03299146   -0.02793423  0.04958187
    2    1
 -0.02793423 -0.04958187   -0.01814780 -0.03299146   -0.10672167  0.11296267
 -0.01814780 -0.03299146   -0.02181186 -0.06344593   -0.01814780 -0.03299146
 -0.10672167  0.11296267   -0.01814780 -0.03299146   -0.02793423 -0.04958187
    2    2
  0.23064894  0.00000000   -0.00258326 -0.00715262    0.00276163  0.00000000
 -0.00258326  0.00715262    0.30414369  0.00000000   -0.00258326  0.00715262
  0.00276163  0.00000000   -0.00258326 -0.00715262    0.23064894  0.00000000

     Dynamical  Matrix in cartesian axes

     q = (   -0.833333333  -0.166666667   0.833333333 ) 

    1    1
  0.23064894  0.00000000    0.00258326  0.00715262   -0.00276163  0.00000000
  0.00258326 -0.00715262    0.30414369  0.00000000   -0.00258326  0.00715262
 -0.00276163  0.00000000   -0.00258326 -0.00715262    0.23064894  0.00000000
    1    2
 -0.02897205  0.04898269    0.01949754 -0.03221219   -0.15118938 -0.03594234
  0.01949754 -0.03221219   -0.04403986  0.05061259   -0.01949754  0.03221219
 -0.15118938 -0.03594234   -0.01949754  0.03221219   -0.02897205  0.04898269
    2    1
 -0.02897205 -0.04898269    0.01949754  0.03221219   -0.15118938  0.03594234
  0.01949754  0.03221219   -0.04403986 -0.05061259   -0.01949754 -0.03221219
 -0.15118938  0.03594234   -0.01949754 -0.03221219   -0.02897205 -0.04898269
    2    2
  0.23064894  0.00000000    0.00258326 -0.00715262   -0.00276163  0.00000000
  0.00258326  0.00715262    0.30414369  0.00000000   -0.00258326 -0.00715262
 -0.00276163  0.00000000   -0.00258326  0.00715262    0.23064894  0.00000000

     Dynamical  Matrix in cartesian axes

     q = (    0.833333333  -0.166666667  -0.833333333 ) 

    1    1
  0.23064894  0.00000000   -0.00258326 -0.00715262   -0.00276163  0.00000000
 -0.00258326  0.00715262    0.30414369  0.00000000    0.00258326 -0.00715262
 -0.00276163  0.00000000    0.00258326  0.00715262    0.23064894  0.00000000
    1    2
 -0.02897205  0.04898269   -0.01949754  0.03221219   -0.15118938 -0.03594234
 -0.01949754  0.03221219   -0.04403986  0.05061259    0.01949754 -0.03221219
 -0.15118938 -0.03594234    0.01949754 -0.03221219   -0.02897205  0.04898269
    2    1
 -0.02897205 -0.04898269   -0.01949754 -0.03221219   -0.15118938  0.03594234
 -0.01949754 -0.03221219   -0.04403986 -0.05061259    0.01949754  0.03221219
 -0.15118938  0.03594234    0.01949754  0.03221219   -0.02897205 -0.04898269
    2    2
  0.23064894  0.00000000   -0.00258326  0.00715262   -0.00276163  0.00000000
 -0.00258326 -0.00715262    0.30414369  0.00000000    0.00258326  0.00715262
 -0.00276163  0.00000000    0.00258326 -0.00715262    0.23064894  0.00000000

     Dynamical  Matrix in cartesian axes

     q = (   -0.833333333  -0.166666667  -0.833333333 ) 

    1    1
  0.23064894  0.00000000    0.00258326 -0.00715262    0.00276163  0.00000000
  0.00258326  0.00715262    0.30414369  0.00000000    0.00258326  0.00715262
  0.00276163  0.00000000    0.00258326 -0.00715262    0.23064894  0.00000000
    1    2
  0.02897205  0.04898269   -0.01949754 -0.03221219   -0.15118938  0.03594234
 -0.01949754 -0.03221219    0.04403986  0.05061259   -0.01949754 -0.03221219
 -0.15118938  0.03594234   -0.01949754 -0.03221219    0.02897205  0.04898269
    2    1
  0.02897205 -0.04898269   -0.01949754  0.03221219   -0.15118938 -0.03594234
 -0.01949754  0.03221219    0.04403986 -0.05061259   -0.01949754  0.03221219
 -0.15118938 -0.03594234   -0.01949754  0.03221219    0.02897205 -0.04898269
    2    2
  0.23064894  0.00000000    0.00258326  0.00715262    0.00276163  0.00000000
  0.00258326 -0.00715262    0.30414369  0.00000000    0.00258326 -0.00715262
  0.00276163  0.00000000    0.00258326  0.00715262    0.23064894  0.00000000

     Dynamical  Matrix in cartesian axes

     q = (   -0.166666667   0.833333333  -0.833333333 ) 

    1    1
  0.30414369  0.00000000   -0.00258326  0.00715262    0.00258326 -0.00715262
 -0.00258326 -0.00715262    0.23064894  0.00000000   -0.00276163  0.00000000
  0.00258326  0.00715262   -0.00276163  0.00000000    0.23064894  0.00000000
    1    2
 -0.04403986  0.05061259   -0.01949754  0.03221219    0.01949754 -0.03221219
 -0.01949754  0.03221219   -0.02897205  0.04898269   -0.15118938 -0.03594234
  0.01949754 -0.03221219   -0.15118938 -0.03594234   -0.02897205  0.04898269
    2    1
 -0.04403986 -0.05061259   -0.01949754 -0.03221219    0.01949754  0.03221219
 -0.01949754 -0.03221219   -0.02897205 -0.04898269   -0.15118938  0.03594234
  0.01949754  0.03221219   -0.15118938  0.03594234   -0.02897205 -0.04898269
    2    2
  0.30414369  0.00000000   -0.00258326 -0.00715262    0.00258326  0.00715262
 -0.00258326  0.00715262    0.23064894  0.00000000   -0.00276163  0.00000000
  0.00258326 -0.00715262   -0.00276163  0.00000000    0.23064894  0.00000000

     Dynamical  Matrix in cartesian axes

     q = (   -0.833333333   0.833333333  -0.166666667 ) 

    1    1
  0.23064894  0.00000000   -0.00276163  0.00000000    0.00258326  0.00715262
 -0.00276163  0.00000000    0.23064894  0.00000000   -0.00258326 -0.00715262
  0.00258326 -0.00715262   -0.00258326  0.00715262    0.30414369  0.00000000
    1    2
 -0.02897205  0.04898269   -0.15118938 -0.03594234    0.01949754 -0.03221219
 -0.15118938 -0.03594234   -0.02897205  0.04898269   -0.01949754  0.03221219
  0.01949754 -0.03221219   -0.01949754  0.03221219   -0.04403986  0.05061259
    2    1
 -0.02897205 -0.04898269   -0.15118938  0.03594234    0.01949754  0.03221219
 -0.15118938  0.03594234   -0.02897205 -0.04898269   -0.01949754 -0.03221219
  0.01949754  0.03221219   -0.01949754 -0.03221219   -0.04403986 -0.05061259
    2    2
  0.23064894  0.00000000   -0.00276163  0.00000000    0.00258326 -0.00715262
 -0.00276163  0.00000000    0.23064894  0.00000000   -0.00258326  0.00715262
  0.00258326  0.00715262   -0.00258326 -0.00715262    0.30414369  0.00000000

     Dynamical  Matrix in cartesian axes

     q = (    0.833333333   0.166666667   0.833333333 ) 

    1    1
  0.23064894  0.00000000    0.00258326  0.00715262    0.00276163  0.00000000
  0.00258326 -0.00715262    0.30414369  0.00000000    0.00258326 -0.00715262
  0.00276163  0.00000000    0.00258326  0.00715262    0.23064894  0.00000000
    1    2
  0.02897205 -0.04898269   -0.01949754  0.03221219   -0.15118938 -0.03594234
 -0.01949754  0.03221219    0.04403986 -0.05061259   -0.01949754  0.03221219
 -0.15118938 -0.03594234   -0.01949754  0.03221219    0.02897205 -0.04898269
    2    1
  0.02897205  0.04898269   -0.01949754 -0.03221219   -0.15118938  0.03594234
 -0.01949754 -0.03221219    0.04403986  0.05061259   -0.01949754 -0.03221219
 -0.15118938  0.03594234   -0.01949754 -0.03221219    0.02897205  0.04898269
    2    2
  0.23064894  0.00000000    0.00258326 -0.00715262    0.00276163  0.00000000
  0.00258326  0.00715262    0.30414369  0.00000000    0.00258326  0.00715262
  0.00276163  0.00000000    0.00258326 -0.00715262    0.23064894  0.00000000

     Dynamical  Matrix in cartesian axes

     q = (   -0.833333333   0.166666667   0.833333333 ) 

    1    1
  0.23064894  0.00000000   -0.00258326  0.00715262   -0.00276163  0.00000000
 -0.00258326 -0.00715262    0.30414369  0.00000000    0.00258326  0.00715262
 -0.00276163  0.00000000    0.00258326 -0.00715262    0.23064894  0.00000000
    1    2
 -0.02897205 -0.04898269   -0.01949754 -0.03221219   -0.15118938  0.03594234
 -0.01949754 -0.03221219   -0.04403986 -0.05061259    0.01949754  0.03221219
 -0.15118938  0.03594234    0.01949754  0.03221219   -0.02897205 -0.04898269
    2    1
 -0.02897205  0.04898269   -0.01949754  0.03221219   -0.15118938 -0.03594234
 -0.01949754  0.03221219   -0.04403986  0.05061259    0.01949754 -0.03221219
 -0.15118938 -0.03594234    0.01949754 -0.03221219   -0.02897205  0.04898269
    2    2
  0.23064894  0.00000000   -0.00258326 -0.00715262   -0.00276163  0.00000000
 -0.00258326  0.00715262    0.30414369  0.00000000    0.00258326 -0.00715262
 -0.00276163  0.00000000    0.00258326  0.00715262    0.23064894  0.00000000

     Dynamical  Matrix in cartesian axes

     q = (    0.833333333   0.166666667  -0.833333333 ) 

    1    1
  0.23064894  0.00000000    0.00258326 -0.00715262   -0.00276163  0.00000000
  0.00258326  0.00715262    0.30414369  0.00000000   -0.00258326 -0.00715262
 -0.00276163  0.00000000   -0.00258326  0.00715262    0.23064894  0.00000000
    1    2
 -0.02897205 -0.04898269    0.01949754  0.03221219   -0.15118938  0.03594234
  0.01949754  0.03221219   -0.04403986 -0.05061259   -0.01949754 -0.03221219
 -0.15118938  0.03594234   -0.01949754 -0.03221219   -0.02897205 -0.04898269
    2    1
 -0.02897205  0.04898269    0.01949754 -0.03221219   -0.15118938 -0.03594234
  0.01949754 -0.03221219   -0.04403986  0.05061259   -0.01949754  0.03221219
 -0.15118938 -0.03594234   -0.01949754  0.03221219   -0.02897205  0.04898269
    2    2
  0.23064894  0.00000000    0.00258326  0.00715262   -0.00276163  0.00000000
  0.00258326 -0.00715262    0.30414369  0.00000000   -0.00258326  0.00715262
 -0.00276163  0.00000000   -0.00258326 -0.00715262    0.23064894  0.00000000

     Dynamical  Matrix in cartesian axes

     q = (   -0.166666667   0.833333333   0.833333333 ) 

    1    1
  0.30414369  0.00000000   -0.00258326 -0.00715262   -0.00258326 -0.00715262
 -0.00258326  0.00715262    0.23064894  0.00000000    0.00276163  0.00000000
 -0.00258326  0.00715262    0.00276163  0.00000000    0.23064894  0.00000000
    1    2
 -0.02181186  0.06344593   -0.01814780  0.03299146   -0.01814780  0.03299146
 -0.01814780  0.03299146   -0.02793423  0.04958187   -0.10672167 -0.11296267
 -0.01814780  0.03299146   -0.10672167 -0.11296267   -0.02793423  0.04958187
    2    1
 -0.02181186 -0.06344593   -0.01814780 -0.03299146   -0.01814780 -0.03299146
 -0.01814780 -0.03299146   -0.02793423 -0.04958187   -0.10672167  0.11296267
 -0.01814780 -0.03299146   -0.10672167  0.11296267   -0.02793423 -0.04958187
    2    2
  0.30414369  0.00000000   -0.00258326  0.00715262   -0.00258326  0.00715262
 -0.00258326 -0.00715262    0.23064894  0.00000000    0.00276163  0.00000000
 -0.00258326 -0.00715262    0.00276163  0.00000000    0.23064894  0.00000000

     Dynamical  Matrix in cartesian axes

     q = (    0.166666667   0.833333333  -0.833333333 ) 

    1    1
  0.30414369  0.00000000    0.00258326  0.00715262   -0.00258326 -0.00715262
  0.00258326 -0.00715262    0.23064894  0.00000000   -0.00276163  0.00000000
 -0.00258326  0.00715262   -0.00276163  0.00000000    0.23064894  0.00000000
    1    2
 -0.04403986 -0.05061259    0.01949754  0.03221219   -0.01949754 -0.03221219
  0.01949754  0.03221219   -0.02897205 -0.04898269   -0.15118938  0.03594234
 -0.01949754 -0.03221219   -0.15118938  0.03594234   -0.02897205 -0.04898269
    2    1
 -0.04403986  0.05061259    0.01949754 -0.03221219   -0.01949754  0.03221219
  0.01949754 -0.03221219   -0.02897205  0.04898269   -0.15118938 -0.03594234
 -0.01949754  0.03221219   -0.15118938 -0.03594234   -0.02897205  0.04898269
    2    2
  0.30414369  0.00000000    0.00258326 -0.00715262   -0.00258326  0.00715262
  0.00258326  0.00715262    0.23064894  0.00000000   -0.00276163  0.00000000
 -0.00258326 -0.00715262   -0.00276163  0.00000000    0.23064894  0.00000000

     Dynamical  Matrix in cartesian axes

     q = (   -0.166666667  -0.833333333  -0.833333333 ) 

    1    1
  0.30414369  0.00000000    0.00258326  0.00715262    0.00258326  0.00715262
  0.00258326 -0.00715262    0.23064894  0.00000000    0.00276163  0.00000000
  0.00258326 -0.00715262    0.00276163  0.00000000    0.23064894  0.00000000
    1    2
  0.04403986  0.05061259   -0.01949754 -0.03221219   -0.01949754 -0.03221219
 -0.01949754 -0.03221219    0.02897205  0.04898269   -0.15118938  0.03594234
 -0.01949754 -0.03221219   -0.15118938  0.03594234    0.02897205  0.04898269
    2    1
  0.04403986 -0.05061259   -0.01949754  0.03221219   -0.01949754  0.03221219
 -0.01949754  0.03221219    0.02897205 -0.04898269   -0.15118938 -0.03594234
 -0.01949754  0.03221219   -0.15118938 -0.03594234    0.02897205 -0.04898269
    2    2
  0.30414369  0.00000000    0.00258326 -0.00715262    0.00258326 -0.00715262
  0.00258326  0.00715262    0.23064894  0.00000000    0.00276163  0.00000000
  0.00258326  0.00715262    0.00276163  0.00000000    0.23064894  0.00000000

     Dynamical  Matrix in cartesian axes

     q = (    0.833333333  -0.833333333   0.166666667 ) 

    1    1
  0.23064894  0.00000000   -0.00276163  0.00000000    0.00258326 -0.00715262
 -0.00276163  0.00000000    0.23064894  0.00000000   -0.00258326  0.00715262
  0.00258326  0.00715262   -0.00258326 -0.00715262    0.30414369  0.00000000
    1    2
 -0.02897205 -0.04898269   -0.15118938  0.03594234    0.01949754  0.03221219
 -0.15118938  0.03594234   -0.02897205 -0.04898269   -0.01949754 -0.03221219
  0.01949754  0.03221219   -0.01949754 -0.03221219   -0.04403986 -0.05061259
    2    1
 -0.02897205  0.04898269   -0.15118938 -0.03594234    0.01949754 -0.03221219
 -0.15118938 -0.03594234   -0.02897205  0.04898269   -0.01949754  0.03221219
  0.01949754 -0.03221219   -0.01949754  0.03221219   -0.04403986  0.05061259
    2    2
  0.23064894  0.00000000   -0.00276163  0.00000000    0.00258326  0.00715262
 -0.00276163  0.00000000    0.23064894  0.00000000   -0.00258326 -0.00715262
  0.00258326 -0.00715262   -0.00258326  0.00715262    0.30414369  0.00000000

     Dynamical  Matrix in cartesian axes

     q = (    0.833333333   0.833333333  -0.166666667 ) 

    1    1
  0.23064894  0.00000000    0.00276163  0.00000000   -0.00258326  0.00715262
  0.00276163  0.00000000    0.23064894  0.00000000   -0.00258326  0.00715262
 -0.00258326 -0.00715262   -0.00258326 -0.00715262    0.30414369  0.00000000
    1    2
 -0.02793423  0.04958187   -0.10672167 -0.11296267   -0.01814780  0.03299146
 -0.10672167 -0.11296267   -0.02793423  0.04958187   -0.01814780  0.03299146
 -0.01814780  0.03299146   -0.01814780  0.03299146   -0.02181186  0.06344593
    2    1
 -0.02793423 -0.04958187   -0.10672167  0.11296267   -0.01814780 -0.03299146
 -0.10672167  0.11296267   -0.02793423 -0.04958187   -0.01814780 -0.03299146
 -0.01814780 -0.03299146   -0.01814780 -0.03299146   -0.02181186 -0.06344593
    2    2
  0.23064894  0.00000000    0.00276163  0.00000000   -0.00258326 -0.00715262
  0.00276163  0.00000000    0.23064894  0.00000000   -0.00258326 -0.00715262
 -0.00258326  0.00715262   -0.00258326  0.00715262    0.30414369  0.00000000

     Dynamical  Matrix in cartesian axes

     q = (   -0.833333333  -0.833333333  -0.166666667 ) 

    1    1
  0.23064894  0.00000000    0.00276163  0.00000000    0.00258326 -0.00715262
  0.00276163  0.00000000    0.23064894  0.00000000    0.00258326 -0.00715262
  0.00258326  0.00715262    0.00258326  0.00715262    0.30414369  0.00000000
    1    2
  0.02897205  0.04898269   -0.15118938  0.03594234   -0.01949754 -0.03221219
 -0.15118938  0.03594234    0.02897205  0.04898269   -0.01949754 -0.03221219
 -0.01949754 -0.03221219   -0.01949754 -0.03221219    0.04403986  0.05061259
    2    1
  0.02897205 -0.04898269   -0.15118938 -0.03594234   -0.01949754  0.03221219
 -0.15118938 -0.03594234    0.02897205 -0.04898269   -0.01949754  0.03221219
 -0.01949754  0.03221219   -0.01949754  0.03221219    0.04403986 -0.05061259
    2    2
  0.23064894  0.00000000    0.00276163  0.00000000    0.00258326  0.00715262
  0.00276163  0.00000000    0.23064894  0.00000000    0.00258326  0.00715262
  0.00258326 -0.00715262    0.00258326 -0.00715262    0.30414369  0.00000000

     Dynamical  Matrix in cartesian axes

     q = (   -0.833333333   0.833333333   0.166666667 ) 

    1    1
  0.23064894  0.00000000   -0.00276163  0.00000000   -0.00258326  0.00715262
 -0.00276163  0.00000000    0.23064894  0.00000000    0.00258326 -0.00715262
 -0.00258326 -0.00715262    0.00258326  0.00715262    0.30414369  0.00000000
    1    2
 -0.02897205 -0.04898269   -0.15118938  0.03594234   -0.01949754 -0.03221219
 -0.15118938  0.03594234   -0.02897205 -0.04898269    0.01949754  0.03221219
 -0.01949754 -0.03221219    0.01949754  0.03221219   -0.04403986 -0.05061259
    2    1
 -0.02897205  0.04898269   -0.15118938 -0.03594234   -0.01949754  0.03221219
 -0.15118938 -0.03594234   -0.02897205  0.04898269    0.01949754 -0.03221219
 -0.01949754  0.03221219    0.01949754 -0.03221219   -0.04403986  0.05061259
    2    2
  0.23064894  0.00000000   -0.00276163  0.00000000   -0.00258326 -0.00715262
 -0.00276163  0.00000000    0.23064894  0.00000000    0.00258326  0.00715262
 -0.00258326  0.00715262    0.00258326 -0.00715262    0.30414369  0.00000000

     Dynamical  Matrix in cartesian axes

     q = (    0.166666667  -0.833333333   0.833333333 ) 

    1    1
  0.30414369  0.00000000   -0.00258326 -0.00715262    0.00258326  0.00715262
 -0.00258326  0.00715262    0.23064894  0.00000000   -0.00276163  0.00000000
  0.00258326 -0.00715262   -0.00276163  0.00000000    0.23064894  0.00000000
    1    2
 -0.04403986 -0.05061259   -0.01949754 -0.03221219    0.01949754  0.03221219
 -0.01949754 -0.03221219   -0.02897205 -0.04898269   -0.15118938  0.03594234
  0.01949754  0.03221219   -0.15118938  0.03594234   -0.02897205 -0.04898269
    2    1
 -0.04403986  0.05061259   -0.01949754  0.03221219    0.01949754 -0.03221219
 -0.01949754  0.03221219   -0.02897205  0.04898269   -0.15118938 -0.03594234
  0.01949754 -0.03221219   -0.15118938 -0.03594234   -0.02897205  0.04898269
    2    2
  0.30414369  0.00000000   -0.00258326  0.00715262    0.00258326 -0.00715262
 -0.00258326 -0.00715262    0.23064894  0.00000000   -0.00276163  0.00000000
  0.00258326  0.00715262   -0.00276163  0.00000000    0.23064894  0.00000000

     Dynamical  Matrix in cartesian axes

     q = (    0.166666667   0.833333333   0.833333333 ) 

    1    1
  0.30414369  0.00000000    0.00258326 -0.00715262    0.00258326 -0.00715262
  0.00258326  0.00715262    0.23064894  0.00000000    0.00276163  0.00000000
  0.00258326  0.00715262    0.00276163  0.00000000    0.23064894  0.00000000
    1    2
  0.04403986 -0.05061259   -0.01949754  0.03221219   -0.01949754  0.03221219
 -0.01949754  0.03221219    0.02897205 -0.04898269   -0.15118938 -0.03594234
 -0.01949754  0.03221219   -0.15118938 -0.03594234    0.02897205 -0.04898269
    2    1
  0.04403986  0.05061259   -0.01949754 -0.03221219   -0.01949754 -0.03221219
 -0.01949754 -0.03221219    0.02897205  0.04898269   -0.15118938  0.03594234
 -0.01949754 -0.03221219   -0.15118938  0.03594234    0.02897205  0.04898269
    2    2
  0.30414369  0.00000000    0.00258326  0.00715262    0.00258326  0.00715262
  0.00258326 -0.00715262    0.23064894  0.00000000    0.00276163  0.00000000
  0.00258326 -0.00715262    0.00276163  0.00000000    0.23064894  0.00000000

     Dynamical  Matrix in cartesian axes

     q = (   -0.833333333   0.166666667  -0.833333333 ) 

    1    1
  0.23064894  0.00000000   -0.00258326 -0.00715262    0.00276163  0.00000000
 -0.00258326  0.00715262    0.30414369  0.00000000   -0.00258326  0.00715262
  0.00276163  0.00000000   -0.00258326 -0.00715262    0.23064894  0.00000000
    1    2
 -0.02793423 -0.04958187   -0.01814780 -0.03299146   -0.10672167  0.11296267
 -0.01814780 -0.03299146   -0.02181186 -0.06344593   -0.01814780 -0.03299146
 -0.10672167  0.11296267   -0.01814780 -0.03299146   -0.02793423 -0.04958187
    2    1
 -0.02793423  0.04958187   -0.01814780  0.03299146   -0.10672167 -0.11296267
 -0.01814780  0.03299146   -0.02181186  0.06344593   -0.01814780  0.03299146
 -0.10672167 -0.11296267   -0.01814780  0.03299146   -0.02793423  0.04958187
    2    2
  0.23064894  0.00000000   -0.00258326  0.00715262    0.00276163  0.00000000
 -0.00258326 -0.00715262    0.30414369  0.00000000   -0.00258326 -0.00715262
  0.00276163  0.00000000   -0.00258326  0.00715262    0.23064894  0.00000000

     Dynamical  Matrix in cartesian axes

     q = (   -0.166666667  -0.833333333   0.833333333 ) 

    1    1
  0.30414369  0.00000000    0.00258326 -0.00715262   -0.00258326  0.00715262
  0.00258326  0.00715262    0.23064894  0.00000000   -0.00276163  0.00000000
 -0.00258326 -0.00715262   -0.00276163  0.00000000    0.23064894  0.00000000
    1    2
 -0.04403986  0.05061259    0.01949754 -0.03221219   -0.01949754  0.03221219
  0.01949754 -0.03221219   -0.02897205  0.04898269   -0.15118938 -0.03594234
 -0.01949754  0.03221219   -0.15118938 -0.03594234   -0.02897205  0.04898269
    2    1
 -0.04403986 -0.05061259    0.01949754  0.03221219   -0.01949754 -0.03221219
  0.01949754  0.03221219   -0.02897205 -0.04898269   -0.15118938  0.03594234
 -0.01949754 -0.03221219   -0.15118938  0.03594234   -0.02897205 -0.04898269
    2    2
  0.30414369  0.00000000    0.00258326  0.00715262   -0.00258326 -0.00715262
  0.00258326 -0.00715262    0.23064894  0.00000000   -0.00276163  0.00000000
 -0.00258326  0.00715262   -0.00276163  0.00000000    0.23064894  0.00000000

     Dynamical  Matrix in cartesian axes

     q = (   -0.833333333  -0.833333333   0.166666667 ) 

    1    1
  0.23064894  0.00000000    0.00276163  0.00000000   -0.00258326 -0.00715262
  0.00276163  0.00000000    0.23064894  0.00000000   -0.00258326 -0.00715262
 -0.00258326  0.00715262   -0.00258326  0.00715262    0.30414369  0.00000000
    1    2
 -0.02793423 -0.04958187   -0.10672167  0.11296267   -0.01814780 -0.03299146
 -0.10672167  0.11296267   -0.02793423 -0.04958187   -0.01814780 -0.03299146
 -0.01814780 -0.03299146   -0.01814780 -0.03299146   -0.02181186 -0.06344593
    2    1
 -0.02793423  0.04958187   -0.10672167 -0.11296267   -0.01814780  0.03299146
 -0.10672167 -0.11296267   -0.02793423  0.04958187   -0.01814780  0.03299146
 -0.01814780  0.03299146   -0.01814780  0.03299146   -0.02181186  0.06344593
    2    2
  0.23064894  0.00000000    0.00276163  0.00000000   -0.00258326  0.00715262
  0.00276163  0.00000000    0.23064894  0.00000000   -0.00258326  0.00715262
 -0.00258326 -0.00715262   -0.00258326 -0.00715262    0.30414369  0.00000000

     Dynamical  Matrix in cartesian axes

     q = (    0.833333333   0.833333333   0.166666667 ) 

    1    1
  0.23064894  0.00000000    0.00276163  0.00000000    0.00258326  0.00715262
  0.00276163  0.00000000    0.23064894  0.00000000    0.00258326  0.00715262
  0.00258326 -0.00715262    0.00258326 -0.00715262    0.30414369  0.00000000
    1    2
  0.02897205 -0.04898269   -0.15118938 -0.03594234   -0.01949754  0.03221219
 -0.15118938 -0.03594234    0.02897205 -0.04898269   -0.01949754  0.03221219
 -0.01949754  0.03221219   -0.01949754  0.03221219    0.04403986 -0.05061259
    2    1
  0.02897205  0.04898269   -0.15118938  0.03594234   -0.01949754 -0.03221219
 -0.15118938  0.03594234    0.02897205  0.04898269   -0.01949754 -0.03221219
 -0.01949754 -0.03221219   -0.01949754 -0.03221219    0.04403986  0.05061259
    2    2
  0.23064894  0.00000000    0.00276163  0.00000000    0.00258326 -0.00715262
  0.00276163  0.00000000    0.23064894  0.00000000    0.00258326 -0.00715262
  0.00258326  0.00715262    0.00258326  0.00715262    0.30414369  0.00000000

     Dynamical  Matrix in cartesian axes

     q = (    0.166666667  -0.833333333  -0.833333333 ) 

    1    1
  0.30414369  0.00000000   -0.00258326  0.00715262   -0.00258326  0.00715262
 -0.00258326 -0.00715262    0.23064894  0.00000000    0.00276163  0.00000000
 -0.00258326 -0.00715262    0.00276163  0.00000000    0.23064894  0.00000000
    1    2
 -0.02181186 -0.06344593   -0.01814780 -0.03299146   -0.01814780 -0.03299146
 -0.01814780 -0.03299146   -0.02793423 -0.04958187   -0.10672167  0.11296267
 -0.01814780 -0.03299146   -0.10672167  0.11296267   -0.02793423 -0.04958187
    2    1
 -0.02181186  0.06344593   -0.01814780  0.03299146   -0.01814780  0.03299146
 -0.01814780  0.03299146   -0.02793423  0.04958187   -0.10672167 -0.11296267
 -0.01814780  0.03299146   -0.10672167 -0.11296267   -0.02793423  0.04958187
    2    2
  0.30414369  0.00000000   -0.00258326 -0.00715262   -0.00258326 -0.00715262
 -0.00258326  0.00715262    0.23064894  0.00000000    0.00276163  0.00000000
 -0.00258326  0.00715262    0.00276163  0.00000000    0.23064894  0.00000000

     Dynamical  Matrix in cartesian axes

     q = (    0.833333333  -0.833333333  -0.166666667 ) 

    1    1
  0.23064894  0.00000000   -0.00276163  0.00000000   -0.00258326 -0.00715262
 -0.00276163  0.00000000    0.23064894  0.00000000    0.00258326  0.00715262
 -0.00258326  0.00715262    0.00258326 -0.00715262    0.30414369  0.00000000
    1    2
 -0.02897205  0.04898269   -0.15118938 -0.03594234   -0.01949754  0.03221219
 -0.15118938 -0.03594234   -0.02897205  0.04898269    0.01949754 -0.03221219
 -0.01949754  0.03221219    0.01949754 -0.03221219   -0.04403986  0.05061259
    2    1
 -0.02897205 -0.04898269   -0.15118938  0.03594234   -0.01949754 -0.03221219
 -0.15118938  0.03594234   -0.02897205 -0.04898269    0.01949754  0.03221219
 -0.01949754 -0.03221219    0.01949754  0.03221219   -0.04403986 -0.05061259
    2    2
  0.23064894  0.00000000   -0.00276163  0.00000000   -0.00258326  0.00715262
 -0.00276163  0.00000000    0.23064894  0.00000000    0.00258326 -0.00715262
 -0.00258326 -0.00715262    0.00258326  0.00715262    0.30414369  0.00000000

     Diagonalizing the dynamical matrix

     q = (    0.833333333  -0.166666667   0.833333333 ) 

 **************************************************************************
     freq (    1) =       4.469788 [THz] =     149.096080 [cm-1]
 (  0.218087  0.449931 -0.000000  0.000000 -0.218087 -0.449931 ) 
 ( -0.500000  0.000000 -0.000000 -0.000000  0.500000  0.000000 ) 
     freq (    2) =       5.605593 [THz] =     186.982471 [cm-1]
 ( -0.447619 -0.188935 -0.123524  0.112355 -0.447619 -0.188935 ) 
 ( -0.485859  0.000000 -0.070111 -0.151547 -0.485859  0.000000 ) 
     freq (    3) =       9.892242 [THz] =     329.969668 [cm-1]
 ( -0.131667  0.127424 -0.497499 -0.430521 -0.131667  0.127424 ) 
 (  0.183230 -0.000000  0.058099 -0.655346  0.183230  0.000000 ) 
     freq (    4) =      11.984591 [THz] =     399.762930 [cm-1]
 ( -0.197715 -0.212654  0.570342  0.078002 -0.197715 -0.212654 ) 
 (  0.290367  0.000000 -0.445479 -0.364585  0.290367  0.000000 ) 
     freq (    5) =      13.142311 [THz] =     438.380296 [cm-1]
 (  0.218087  0.449931  0.000000  0.000000 -0.218087 -0.449931 ) 
 (  0.500000  0.000000 -0.000000 -0.000000 -0.500000  0.000000 ) 
     freq (    6) =      13.477433 [THz] =     449.558765 [cm-1]
 (  0.355716  0.139717  0.351851 -0.289985  0.355716  0.139717 ) 
 ( -0.382171 -0.000000 -0.221479 -0.398544 -0.382171  0.000000 ) 
 **************************************************************************
