Dynamical matrix file
                                                                           
  1    2  2 10.2920000  0.0000000  0.0000000  0.0000000  0.0000000  0.0000000
           1  'Si  '    25598.8229845270     
    1    1      0.0000000000      0.0000000000      0.0000000000
    2    1      0.2500000000      0.2500000000      0.2500000000

     Dynamical  Matrix in cartesian axes

     q = (    0.000000000   0.333333333   0.000000000 ) 

    1    1
  0.25916725  0.00000000    0.00000000  0.00000000    0.00000000  0.00000000
 -0.00000000  0.00000000    0.29448231  0.00000000    0.00000000  0.00000000
  0.00000000  0.00000000    0.00000000  0.00000000    0.25916725  0.00000000
    1    2
 -0.19349013  0.11171158    0.00000000  0.00000000   -0.04153623 -0.07194286
  0.00000000 -0.00000000   -0.20549206  0.11864089    0.00000000  0.00000000
 -0.04153623 -0.07194286    0.00000000  0.00000000   -0.19349013  0.11171158
    2    1
 -0.19349013 -0.11171158    0.00000000  0.00000000   -0.04153623  0.07194286
  0.00000000  0.00000000   -0.20549206 -0.11864089    0.00000000 -0.00000000
 -0.04153623  0.07194286    0.00000000  0.00000000   -0.19349013 -0.11171158
    2    2
  0.25916725  0.00000000   -0.00000000  0.00000000    0.00000000  0.00000000
 -0.00000000  0.00000000    0.29448231  0.00000000    0.00000000  0.00000000
  0.00000000  0.00000000    0.00000000  0.00000000    0.25916725  0.00000000

     Dynamical  Matrix in cartesian axes

     q = (    0.333333333   0.000000000   0.000000000 ) 

    1    1
  0.29448231  0.00000000   -0.00000000  0.00000000    0.00000000  0.00000000
  0.00000000  0.00000000    0.25916725  0.00000000   -0.00000000  0.00000000
 -0.00000000  0.00000000   -0.00000000  0.00000000    0.25916725  0.00000000
    1    2
 -0.20549206  0.11864089   -0.00000000  0.00000000    0.00000000 -0.00000000
  0.00000000  0.00000000   -0.19349013  0.11171158   -0.04153623 -0.07194286
  0.00000000 -0.00000000   -0.04153623 -0.07194286   -0.19349013  0.11171158
    2    1
 -0.20549206 -0.11864089    0.00000000 -0.00000000    0.00000000  0.00000000
  0.00000000 -0.00000000   -0.19349013 -0.11171158   -0.04153623  0.07194286
  0.00000000  0.00000000   -0.04153623  0.07194286   -0.19349013 -0.11171158
    2    2
  0.29448231  0.00000000    0.00000000  0.00000000    0.00000000  0.00000000
 -0.00000000  0.00000000    0.25916725  0.00000000   -0.00000000  0.00000000
 -0.00000000  0.00000000   -0.00000000  0.00000000    0.25916725  0.00000000

     Dynamical  Matrix in cartesian axes

     q = (    0.000000000   0.000000000   0.333333333 ) 

    1    1
  0.25916725  0.00000000    0.00000000  0.00000000   -0.00000000  0.00000000
  0.00000000  0.00000000    0.25916725  0.00000000   -0.00000000  0.00000000
  0.00000000  0.00000000    0.00000000  0.00000000    0.29448231  0.00000000
    1    2
 -0.19349013  0.11171158   -0.04153623 -0.07194286   -0.00000000  0.00000000
 -0.04153623 -0.07194286   -0.19349013  0.11171158    0.00000000 -0.00000000
  0.00000000 -0.00000000    0.00000000  0.00000000   -0.20549206  0.11864089
    2    1
 -0.19349013 -0.11171158   -0.04153623  0.07194286    0.00000000 -0.00000000
 -0.04153623  0.07194286   -0.19349013 -0.11171158    0.00000000 -0.00000000
  0.00000000  0.00000000    0.00000000 -0.00000000   -0.20549206 -0.11864089
    2    2
  0.25916725  0.00000000    0.00000000  0.00000000    0.00000000  0.00000000
  0.00000000  0.00000000    0.25916725  0.00000000    0.00000000  0.00000000
  0.00000000  0.00000000    0.00000000  0.00000000    0.29448231  0.00000000

     Dynamical  Matrix in cartesian axes

     q = (    0.000000000  -0.333333333   0.000000000 ) 

    1    1
  0.25916725  0.00000000    0.00000000  0.00000000    0.00000000  0.00000000
  0.00000000  0.00000000    0.29448231  0.00000000    0.00000000  0.00000000
  0.00000000  0.00000000    0.00000000  0.00000000    0.25916725  0.00000000
    1    2
 -0.19349013 -0.11171158    0.00000000  0.00000000   -0.04153623  0.07194286
  0.00000000  0.00000000   -0.20549206 -0.11864089    0.00000000 -0.00000000
 -0.04153623  0.07194286    0.00000000 -0.00000000   -0.19349013 -0.11171158
    2    1
 -0.19349013  0.11171158    0.00000000  0.00000000   -0.04153623 -0.07194286
 -0.00000000 -0.00000000   -0.20549206  0.11864089   -0.00000000  0.00000000
 -0.04153623 -0.07194286    0.00000000  0.00000000   -0.19349013  0.11171158
    2    2
  0.25916725  0.00000000    0.00000000  0.00000000    0.00000000  0.00000000
  0.00000000  0.00000000    0.29448231  0.00000000    0.00000000  0.00000000
  0.00000000  0.00000000    0.00000000  0.00000000    0.25916725  0.00000000

     Dynamical  Matrix in cartesian axes

     q = (   -0.333333333   0.000000000   0.000000000 ) 

    1    1
  0.29448231  0.00000000   -0.00000000  0.00000000   -0.00000000  0.00000000
 -0.00000000  0.00000000    0.25916725  0.00000000   -0.00000000  0.00000000
 -0.00000000  0.00000000   -0.00000000  0.00000000    0.25916725  0.00000000
    1    2
 -0.20549206 -0.11864089    0.00000000  0.00000000   -0.00000000 -0.00000000
  0.00000000  0.00000000   -0.19349013 -0.11171158   -0.04153623  0.07194286
  0.00000000 -0.00000000   -0.04153623  0.07194286   -0.19349013 -0.11171158
    2    1
 -0.20549206  0.11864089    0.00000000  0.00000000    0.00000000  0.00000000
  0.00000000  0.00000000   -0.19349013  0.11171158   -0.04153623 -0.07194286
  0.00000000  0.00000000   -0.04153623 -0.07194286   -0.19349013  0.11171158
    2    2
  0.29448231  0.00000000   -0.00000000  0.00000000   -0.00000000  0.00000000
 -0.00000000  0.00000000    0.25916725  0.00000000   -0.00000000  0.00000000
 -0.00000000  0.00000000   -0.00000000  0.00000000    0.25916725  0.00000000

     Dynamical  Matrix in cartesian axes

     q = (    0.000000000   0.000000000  -0.333333333 ) 

    1    1
  0.25916725  0.00000000    0.00000000  0.00000000    0.00000000  0.00000000
  0.00000000  0.00000000    0.25916725  0.00000000    0.00000000  0.00000000
  0.00000000  0.00000000   -0.00000000  0.00000000    0.29448231  0.00000000
    1    2
 -0.19349013 -0.11171158   -0.04153623  0.07194286    0.00000000  0.00000000
 -0.04153623  0.07194286   -0.19349013 -0.11171158    0.00000000  0.00000000
  0.00000000  0.00000000    0.00000000 -0.00000000   -0.20549206 -0.11864089
    2    1
 -0.19349013  0.11171158   -0.04153623 -0.07194286   -0.00000000 -0.00000000
 -0.04153623 -0.07194286   -0.19349013  0.11171158   -0.00000000  0.00000000
  0.00000000  0.00000000    0.00000000  0.00000000   -0.20549206  0.11864089
    2    2
  0.25916725  0.00000000    0.00000000  0.00000000    0.00000000  0.00000000
  0.00000000  0.00000000    0.25916725  0.00000000    0.00000000  0.00000000
  0.00000000  0.00000000   -0.00000000  0.00000000    0.29448231  0.00000000

     Diagonalizing the dynamical matrix

     q = (    0.000000000   0.333333333   0.000000000 ) 

 **************************************************************************
     freq (    1) =       2.965492 [THz] =      98.918165 [cm-1]
 ( -0.148430 -0.167743  0.000000  0.000000 -0.588965  0.320859 ) 
 ( -0.047661  0.027944  0.000000  0.000000 -0.704945  0.000000 ) 
     freq (    2) =       2.965492 [THz] =      98.918165 [cm-1]
 ( -0.316906  0.591102  0.000000  0.000000 -0.168734 -0.147303 ) 
 ( -0.608125  0.356555  0.000000  0.000000  0.055249  0.000000 ) 
     freq (    3) =       4.917734 [THz] =     164.037940 [cm-1]
 (  0.000000 -0.000000  0.704791 -0.057183  0.000000  0.000000 ) 
 (  0.000000 -0.000000  0.638958  0.302873 -0.000000  0.000000 ) 
     freq (    4) =      14.503627 [THz] =     483.788934 [cm-1]
 (  0.290117 -0.445808  0.000000 -0.000000  0.461652 -0.062963 ) 
 ( -0.505868  0.376217 -0.000000 -0.000000 -0.320248  0.000000 ) 
     freq (    5) =      14.503627 [THz] =     483.788934 [cm-1]
 ( -0.009173  0.465836 -0.000000  0.000000  0.409281 -0.339709 ) 
 (  0.256972 -0.191112  0.000000  0.000000 -0.630430  0.000000 ) 
     freq (    6) =      14.994243 [THz] =     500.154107 [cm-1]
 (  0.000000 -0.000000 -0.704791  0.057183  0.000000  0.000000 ) 
 ( -0.000000  0.000000  0.638958  0.302873  0.000000  0.000000 ) 
 **************************************************************************
