Dynamical matrix file
                                                                           
  1    2  2 10.3880000  0.0000000  0.0000000  0.0000000  0.0000000  0.0000000
           1  'Si  '    25598.8229845270     
    1    1      0.0000000000      0.0000000000      0.0000000000
    2    1      0.2500000000      0.2500000000      0.2500000000

     Dynamical  Matrix in cartesian axes

     q = (   -0.166666667   0.166666667  -0.166666667 ) 

    1    1
  0.25977593 -0.00000000   -0.00623237  0.00000000    0.00623237 -0.00000000
 -0.00623237  0.00000000    0.25977593 -0.00000000   -0.00623237  0.00000000
  0.00623237  0.00000000   -0.00623237  0.00000000    0.25977593  0.00000000
    1    2
 -0.22473401 -0.05167500   -0.01602826  0.03010713    0.01602826 -0.03010713
 -0.01602826  0.03010713   -0.22473401 -0.05167500   -0.01602826  0.03010713
  0.01602826 -0.03010713   -0.01602826  0.03010713   -0.22473401 -0.05167500
    2    1
 -0.22473401  0.05167500   -0.01602826 -0.03010713    0.01602826  0.03010713
 -0.01602826 -0.03010713   -0.22473401  0.05167500   -0.01602826 -0.03010713
  0.01602826  0.03010713   -0.01602826 -0.03010713   -0.22473401  0.05167500
    2    2
  0.25977593  0.00000000   -0.00623237 -0.00000000    0.00623237  0.00000000
 -0.00623237 -0.00000000    0.25977593  0.00000000   -0.00623237 -0.00000000
  0.00623237  0.00000000   -0.00623237 -0.00000000    0.25977593  0.00000000

     Dynamical  Matrix in cartesian axes

     q = (    0.166666667   0.166666667   0.166666667 ) 

    1    1
  0.25977593 -0.00000000    0.00623237 -0.00000000    0.00623237 -0.00000000
  0.00623237 -0.00000000    0.25977593 -0.00000000    0.00623237 -0.00000000
  0.00623237 -0.00000000    0.00623237 -0.00000000    0.25977593 -0.00000000
    1    2
 -0.15711887  0.16878786   -0.01805941 -0.02893445   -0.01805941 -0.02893445
 -0.01805941 -0.02893445   -0.15711887  0.16878786   -0.01805941 -0.02893445
 -0.01805941 -0.02893445   -0.01805941 -0.02893445   -0.15711887  0.16878786
    2    1
 -0.15711887 -0.16878786   -0.01805941  0.02893445   -0.01805941  0.02893445
 -0.01805941  0.02893445   -0.15711887 -0.16878786   -0.01805941  0.02893445
 -0.01805941  0.02893445   -0.01805941  0.02893445   -0.15711887 -0.16878786
    2    2
  0.25977593  0.00000000    0.00623237  0.00000000    0.00623237  0.00000000
  0.00623237  0.00000000    0.25977593  0.00000000    0.00623237  0.00000000
  0.00623237  0.00000000    0.00623237  0.00000000    0.25977593  0.00000000

     Dynamical  Matrix in cartesian axes

     q = (   -0.166666667  -0.166666667  -0.166666667 ) 

    1    1
  0.25977593  0.00000000    0.00623237  0.00000000    0.00623237  0.00000000
  0.00623237  0.00000000    0.25977593  0.00000000    0.00623237  0.00000000
  0.00623237  0.00000000    0.00623237  0.00000000    0.25977593  0.00000000
    1    2
 -0.15711887 -0.16878786   -0.01805941  0.02893445   -0.01805941  0.02893445
 -0.01805941  0.02893445   -0.15711887 -0.16878786   -0.01805941  0.02893445
 -0.01805941  0.02893445   -0.01805941  0.02893445   -0.15711887 -0.16878786
    2    1
 -0.15711887  0.16878786   -0.01805941 -0.02893445   -0.01805941 -0.02893445
 -0.01805941 -0.02893445   -0.15711887  0.16878786   -0.01805941 -0.02893445
 -0.01805941 -0.02893445   -0.01805941 -0.02893445   -0.15711887  0.16878786
    2    2
  0.25977593 -0.00000000    0.00623237 -0.00000000    0.00623237 -0.00000000
  0.00623237 -0.00000000    0.25977593 -0.00000000    0.00623237 -0.00000000
  0.00623237 -0.00000000    0.00623237 -0.00000000    0.25977593 -0.00000000

     Dynamical  Matrix in cartesian axes

     q = (    0.166666667  -0.166666667   0.166666667 ) 

    1    1
  0.25977593  0.00000000   -0.00623237 -0.00000000    0.00623237  0.00000000
 -0.00623237 -0.00000000    0.25977593  0.00000000   -0.00623237 -0.00000000
  0.00623237  0.00000000   -0.00623237 -0.00000000    0.25977593  0.00000000
    1    2
 -0.22473401  0.05167500   -0.01602826 -0.03010713    0.01602826  0.03010713
 -0.01602826 -0.03010713   -0.22473401  0.05167500   -0.01602826 -0.03010713
  0.01602826  0.03010713   -0.01602826 -0.03010713   -0.22473401  0.05167500
    2    1
 -0.22473401 -0.05167500   -0.01602826  0.03010713    0.01602826 -0.03010713
 -0.01602826  0.03010713   -0.22473401 -0.05167500   -0.01602826  0.03010713
  0.01602826 -0.03010713   -0.01602826  0.03010713   -0.22473401 -0.05167500
    2    2
  0.25977593 -0.00000000   -0.00623237  0.00000000    0.00623237 -0.00000000
 -0.00623237  0.00000000    0.25977593 -0.00000000   -0.00623237  0.00000000
  0.00623237 -0.00000000   -0.00623237  0.00000000    0.25977593 -0.00000000

     Dynamical  Matrix in cartesian axes

     q = (    0.166666667  -0.166666667  -0.166666667 ) 

    1    1
  0.25977593 -0.00000000   -0.00623237  0.00000000   -0.00623237  0.00000000
 -0.00623237  0.00000000    0.25977593 -0.00000000    0.00623237 -0.00000000
 -0.00623237  0.00000000    0.00623237 -0.00000000    0.25977593 -0.00000000
    1    2
 -0.22473401 -0.05167500   -0.01602826  0.03010713   -0.01602826  0.03010713
 -0.01602826  0.03010713   -0.22473401 -0.05167500    0.01602826 -0.03010713
 -0.01602826  0.03010713    0.01602826 -0.03010713   -0.22473401 -0.05167500
    2    1
 -0.22473401  0.05167500   -0.01602826 -0.03010713   -0.01602826 -0.03010713
 -0.01602826 -0.03010713   -0.22473401  0.05167500    0.01602826  0.03010713
 -0.01602826 -0.03010713    0.01602826  0.03010713   -0.22473401  0.05167500
    2    2
  0.25977593  0.00000000   -0.00623237 -0.00000000   -0.00623237 -0.00000000
 -0.00623237 -0.00000000    0.25977593  0.00000000    0.00623237  0.00000000
 -0.00623237 -0.00000000    0.00623237  0.00000000    0.25977593  0.00000000

     Dynamical  Matrix in cartesian axes

     q = (    0.166666667   0.166666667  -0.166666667 ) 

    1    1
  0.25977593  0.00000000    0.00623237  0.00000000   -0.00623237 -0.00000000
  0.00623237  0.00000000    0.25977593  0.00000000   -0.00623237 -0.00000000
 -0.00623237 -0.00000000   -0.00623237 -0.00000000    0.25977593  0.00000000
    1    2
 -0.22473401  0.05167500    0.01602826  0.03010713   -0.01602826 -0.03010713
  0.01602826  0.03010713   -0.22473401  0.05167500   -0.01602826 -0.03010713
 -0.01602826 -0.03010713   -0.01602826 -0.03010713   -0.22473401  0.05167500
    2    1
 -0.22473401 -0.05167500    0.01602826 -0.03010713   -0.01602826  0.03010713
  0.01602826 -0.03010713   -0.22473401 -0.05167500   -0.01602826  0.03010713
 -0.01602826  0.03010713   -0.01602826  0.03010713   -0.22473401 -0.05167500
    2    2
  0.25977593 -0.00000000    0.00623237 -0.00000000   -0.00623237  0.00000000
  0.00623237 -0.00000000    0.25977593 -0.00000000   -0.00623237  0.00000000
 -0.00623237  0.00000000   -0.00623237  0.00000000    0.25977593 -0.00000000

     Dynamical  Matrix in cartesian axes

     q = (   -0.166666667  -0.166666667   0.166666667 ) 

    1    1
  0.25977593 -0.00000000    0.00623237 -0.00000000   -0.00623237  0.00000000
  0.00623237 -0.00000000    0.25977593 -0.00000000   -0.00623237  0.00000000
 -0.00623237  0.00000000   -0.00623237  0.00000000    0.25977593 -0.00000000
    1    2
 -0.22473401 -0.05167500    0.01602826 -0.03010713   -0.01602826  0.03010713
  0.01602826 -0.03010713   -0.22473401 -0.05167500   -0.01602826  0.03010713
 -0.01602826  0.03010713   -0.01602826  0.03010713   -0.22473401 -0.05167500
    2    1
 -0.22473401  0.05167500    0.01602826  0.03010713   -0.01602826 -0.03010713
  0.01602826  0.03010713   -0.22473401  0.05167500   -0.01602826 -0.03010713
 -0.01602826 -0.03010713   -0.01602826 -0.03010713   -0.22473401  0.05167500
    2    2
  0.25977593  0.00000000    0.00623237  0.00000000   -0.00623237 -0.00000000
  0.00623237  0.00000000    0.25977593  0.00000000   -0.00623237 -0.00000000
 -0.00623237 -0.00000000   -0.00623237 -0.00000000    0.25977593  0.00000000

     Dynamical  Matrix in cartesian axes

     q = (   -0.166666667   0.166666667   0.166666667 ) 

    1    1
  0.25977593  0.00000000   -0.00623237 -0.00000000   -0.00623237 -0.00000000
 -0.00623237 -0.00000000    0.25977593  0.00000000    0.00623237  0.00000000
 -0.00623237 -0.00000000    0.00623237  0.00000000    0.25977593  0.00000000
    1    2
 -0.22473401  0.05167500   -0.01602826 -0.03010713   -0.01602826 -0.03010713
 -0.01602826 -0.03010713   -0.22473401  0.05167500    0.01602826  0.03010713
 -0.01602826 -0.03010713    0.01602826  0.03010713   -0.22473401  0.05167500
    2    1
 -0.22473401 -0.05167500   -0.01602826  0.03010713   -0.01602826  0.03010713
 -0.01602826  0.03010713   -0.22473401 -0.05167500    0.01602826 -0.03010713
 -0.01602826  0.03010713    0.01602826 -0.03010713   -0.22473401 -0.05167500
    2    2
  0.25977593 -0.00000000   -0.00623237  0.00000000   -0.00623237  0.00000000
 -0.00623237  0.00000000    0.25977593 -0.00000000    0.00623237 -0.00000000
 -0.00623237  0.00000000    0.00623237 -0.00000000    0.25977593 -0.00000000

     Diagonalizing the dynamical matrix

     q = (   -0.166666667   0.166666667  -0.166666667 ) 

 **************************************************************************
     freq (    1) =       2.235229 [THz] =      74.559216 [cm-1]
 (  0.479899  0.197867  0.437093  0.194032 -0.042806 -0.003835 ) 
 (  0.495639  0.154259  0.452662  0.154259 -0.042977  0.000000 ) 
     freq (    2) =       2.235229 [THz] =      74.559216 [cm-1]
 ( -0.252501 -0.011059  0.320951  0.040312  0.573452  0.051371 ) 
 ( -0.252481  0.011515  0.323267  0.011515  0.575748  0.000000 ) 
     freq (    3) =       4.571597 [THz] =     152.492069 [cm-1]
 (  0.353039  0.205012 -0.353039 -0.205012  0.353039  0.205012 ) 
 (  0.408248 -0.000000 -0.408248  0.000000  0.408248  0.000000 ) 
     freq (    4) =      14.467363 [THz] =     482.579298 [cm-1]
 ( -0.353039 -0.205012  0.353039  0.205012 -0.353039 -0.205012 ) 
 (  0.408248 -0.000000 -0.408248 -0.000000  0.408248  0.000000 ) 
     freq (    5) =      14.470583 [THz] =     482.686689 [cm-1]
 (  0.556529 -0.117238  0.307358 -0.139559 -0.249171 -0.022321 ) 
 ( -0.543849  0.166427 -0.293680  0.166427  0.250169  0.000000 ) 
     freq (    6) =      14.470583 [THz] =     482.686689 [cm-1]
 (  0.051458  0.084945 -0.466802  0.038519 -0.518260 -0.046427 ) 
 ( -0.058832 -0.080015  0.461503 -0.080015  0.520335  0.000000 ) 
 **************************************************************************
