Dynamical matrix file
                                                                           
  1    2  2 10.3400000  0.0000000  0.0000000  0.0000000  0.0000000  0.0000000
           1  'Si  '    25598.8229845270     
    1    1      0.0000000000      0.0000000000      0.0000000000
    2    1      0.2500000000      0.2500000000      0.2500000000

     Dynamical  Matrix in cartesian axes

     q = (    0.333333333   0.000000000   0.333333333 ) 

    1    1
  0.26209815  0.00000000    0.00000000  0.00474276    0.00759449  0.00000000
  0.00000000 -0.00474276    0.26356237  0.00000000    0.00000000 -0.00474276
  0.00759449  0.00000000    0.00000000  0.00474276    0.26209815  0.00000000
    1    2
 -0.09361833  0.16215171   -0.06008666 -0.03469105    0.02076577 -0.03596736
 -0.06008666 -0.03469105   -0.09850146  0.17060953   -0.06008666 -0.03469105
  0.02076577 -0.03596736   -0.06008666 -0.03469105   -0.09361833  0.16215171
    2    1
 -0.09361833 -0.16215171   -0.06008666  0.03469105    0.02076577  0.03596736
 -0.06008666  0.03469105   -0.09850146 -0.17060953   -0.06008666  0.03469105
  0.02076577  0.03596736   -0.06008666  0.03469105   -0.09361833 -0.16215171
    2    2
  0.26209815  0.00000000    0.00000000 -0.00474276    0.00759449  0.00000000
  0.00000000  0.00474276    0.26356237  0.00000000    0.00000000  0.00474276
  0.00759449  0.00000000    0.00000000 -0.00474276    0.26209815  0.00000000

     Dynamical  Matrix in cartesian axes

     q = (   -0.333333333   0.000000000   0.333333333 ) 

    1    1
  0.26209815  0.00000000    0.00000000  0.00474276   -0.00759449  0.00000000
  0.00000000 -0.00474276    0.26356237  0.00000000    0.00000000  0.00474276
 -0.00759449  0.00000000    0.00000000 -0.00474276    0.26209815  0.00000000
    1    2
 -0.18723667  0.00000000   -0.00000000 -0.06938210   -0.04153154  0.00000000
 -0.00000000 -0.06938210   -0.19700292 -0.00000000   -0.00000000  0.06938210
 -0.04153154  0.00000000   -0.00000000  0.06938210   -0.18723667 -0.00000000
    2    1
 -0.18723667 -0.00000000    0.00000000  0.06938210   -0.04153154  0.00000000
  0.00000000  0.06938210   -0.19700292  0.00000000   -0.00000000 -0.06938210
 -0.04153154  0.00000000    0.00000000 -0.06938210   -0.18723667  0.00000000
    2    2
  0.26209815  0.00000000    0.00000000 -0.00474276   -0.00759449  0.00000000
 -0.00000000  0.00474276    0.26356237  0.00000000   -0.00000000 -0.00474276
 -0.00759449  0.00000000   -0.00000000  0.00474276    0.26209815  0.00000000

     Dynamical  Matrix in cartesian axes

     q = (    0.333333333   0.000000000  -0.333333333 ) 

    1    1
  0.26209815  0.00000000    0.00000000 -0.00474276   -0.00759449  0.00000000
  0.00000000  0.00474276    0.26356237  0.00000000    0.00000000 -0.00474276
 -0.00759449  0.00000000    0.00000000  0.00474276    0.26209815  0.00000000
    1    2
 -0.18723667 -0.00000000    0.00000000  0.06938210   -0.04153154  0.00000000
  0.00000000  0.06938210   -0.19700292  0.00000000   -0.00000000 -0.06938210
 -0.04153154  0.00000000    0.00000000 -0.06938210   -0.18723667  0.00000000
    2    1
 -0.18723667  0.00000000    0.00000000 -0.06938210   -0.04153154  0.00000000
 -0.00000000 -0.06938210   -0.19700292 -0.00000000   -0.00000000  0.06938210
 -0.04153154  0.00000000    0.00000000  0.06938210   -0.18723667  0.00000000
    2    2
  0.26209815  0.00000000    0.00000000  0.00474276   -0.00759449  0.00000000
  0.00000000 -0.00474276    0.26356237  0.00000000    0.00000000  0.00474276
 -0.00759449  0.00000000    0.00000000 -0.00474276    0.26209815  0.00000000

     Dynamical  Matrix in cartesian axes

     q = (   -0.333333333   0.000000000  -0.333333333 ) 

    1    1
  0.26209815  0.00000000    0.00000000 -0.00474276    0.00759449  0.00000000
  0.00000000  0.00474276    0.26356237  0.00000000    0.00000000  0.00474276
  0.00759449  0.00000000    0.00000000 -0.00474276    0.26209815  0.00000000
    1    2
 -0.09361833 -0.16215171   -0.06008666  0.03469105    0.02076577  0.03596736
 -0.06008666  0.03469105   -0.09850146 -0.17060953   -0.06008666  0.03469105
  0.02076577  0.03596736   -0.06008666  0.03469105   -0.09361833 -0.16215171
    2    1
 -0.09361833  0.16215171   -0.06008666 -0.03469105    0.02076577 -0.03596736
 -0.06008666 -0.03469105   -0.09850146  0.17060953   -0.06008666 -0.03469105
  0.02076577 -0.03596736   -0.06008666 -0.03469105   -0.09361833  0.16215171
    2    2
  0.26209815  0.00000000    0.00000000  0.00474276    0.00759449  0.00000000
  0.00000000 -0.00474276    0.26356237  0.00000000    0.00000000 -0.00474276
  0.00759449  0.00000000    0.00000000  0.00474276    0.26209815  0.00000000

     Dynamical  Matrix in cartesian axes

     q = (    0.000000000   0.333333333  -0.333333333 ) 

    1    1
  0.26356237  0.00000000    0.00000000  0.00474276    0.00000000 -0.00474276
  0.00000000 -0.00474276    0.26209815  0.00000000   -0.00759449  0.00000000
  0.00000000  0.00474276   -0.00759449  0.00000000    0.26209815  0.00000000
    1    2
 -0.19700292 -0.00000000    0.00000000  0.06938210    0.00000000 -0.06938210
 -0.00000000  0.06938210   -0.18723667 -0.00000000   -0.04153154  0.00000000
  0.00000000 -0.06938210   -0.04153154  0.00000000   -0.18723667 -0.00000000
    2    1
 -0.19700292 -0.00000000    0.00000000 -0.06938210    0.00000000  0.06938210
  0.00000000 -0.06938210   -0.18723667 -0.00000000   -0.04153154  0.00000000
  0.00000000  0.06938210   -0.04153154  0.00000000   -0.18723667 -0.00000000
    2    2
  0.26356237  0.00000000    0.00000000 -0.00474276    0.00000000  0.00474276
  0.00000000  0.00474276    0.26209815  0.00000000   -0.00759449  0.00000000
  0.00000000 -0.00474276   -0.00759449  0.00000000    0.26209815  0.00000000

     Dynamical  Matrix in cartesian axes

     q = (   -0.333333333   0.333333333   0.000000000 ) 

    1    1
  0.26209815  0.00000000   -0.00759449  0.00000000    0.00000000  0.00474276
 -0.00759449  0.00000000    0.26209815  0.00000000    0.00000000 -0.00474276
  0.00000000 -0.00474276    0.00000000  0.00474276    0.26356237  0.00000000
    1    2
 -0.18723667  0.00000000   -0.04153154  0.00000000   -0.00000000 -0.06938210
 -0.04153154  0.00000000   -0.18723667  0.00000000   -0.00000000  0.06938210
 -0.00000000 -0.06938210   -0.00000000  0.06938210   -0.19700292 -0.00000000
    2    1
 -0.18723667 -0.00000000   -0.04153154  0.00000000   -0.00000000  0.06938210
 -0.04153154  0.00000000   -0.18723667 -0.00000000    0.00000000 -0.06938210
  0.00000000  0.06938210   -0.00000000 -0.06938210   -0.19700292 -0.00000000
    2    2
  0.26209815  0.00000000   -0.00759449  0.00000000   -0.00000000 -0.00474276
 -0.00759449  0.00000000    0.26209815  0.00000000    0.00000000  0.00474276
  0.00000000  0.00474276    0.00000000 -0.00474276    0.26356237  0.00000000

     Dynamical  Matrix in cartesian axes

     q = (    0.000000000   0.333333333   0.333333333 ) 

    1    1
  0.26356237  0.00000000    0.00000000 -0.00474276    0.00000000 -0.00474276
  0.00000000  0.00474276    0.26209815  0.00000000    0.00759449  0.00000000
  0.00000000  0.00474276    0.00759449  0.00000000    0.26209815  0.00000000
    1    2
 -0.09850146  0.17060953   -0.06008666 -0.03469105   -0.06008666 -0.03469105
 -0.06008666 -0.03469105   -0.09361833  0.16215171    0.02076577 -0.03596736
 -0.06008666 -0.03469105    0.02076577 -0.03596736   -0.09361833  0.16215171
    2    1
 -0.09850146 -0.17060953   -0.06008666  0.03469105   -0.06008666  0.03469105
 -0.06008666  0.03469105   -0.09361833 -0.16215171    0.02076577  0.03596736
 -0.06008666  0.03469105    0.02076577  0.03596736   -0.09361833 -0.16215171
    2    2
  0.26356237  0.00000000    0.00000000  0.00474276    0.00000000  0.00474276
  0.00000000 -0.00474276    0.26209815  0.00000000    0.00759449  0.00000000
  0.00000000 -0.00474276    0.00759449  0.00000000    0.26209815  0.00000000

     Dynamical  Matrix in cartesian axes

     q = (    0.000000000  -0.333333333  -0.333333333 ) 

    1    1
  0.26356237  0.00000000    0.00000000  0.00474276    0.00000000  0.00474276
  0.00000000 -0.00474276    0.26209815  0.00000000    0.00759449  0.00000000
  0.00000000 -0.00474276    0.00759449  0.00000000    0.26209815  0.00000000
    1    2
 -0.09850146 -0.17060953   -0.06008666  0.03469105   -0.06008666  0.03469105
 -0.06008666  0.03469105   -0.09361833 -0.16215171    0.02076577  0.03596736
 -0.06008666  0.03469105    0.02076577  0.03596736   -0.09361833 -0.16215171
    2    1
 -0.09850146  0.17060953   -0.06008666 -0.03469105   -0.06008666 -0.03469105
 -0.06008666 -0.03469105   -0.09361833  0.16215171    0.02076577 -0.03596736
 -0.06008666 -0.03469105    0.02076577 -0.03596736   -0.09361833  0.16215171
    2    2
  0.26356237  0.00000000    0.00000000 -0.00474276    0.00000000 -0.00474276
  0.00000000  0.00474276    0.26209815  0.00000000    0.00759449  0.00000000
  0.00000000  0.00474276    0.00759449  0.00000000    0.26209815  0.00000000

     Dynamical  Matrix in cartesian axes

     q = (    0.333333333  -0.333333333   0.000000000 ) 

    1    1
  0.26209815  0.00000000   -0.00759449  0.00000000   -0.00000000 -0.00474276
 -0.00759449  0.00000000    0.26209815  0.00000000    0.00000000  0.00474276
  0.00000000  0.00474276    0.00000000 -0.00474276    0.26356237  0.00000000
    1    2
 -0.18723667 -0.00000000   -0.04153154  0.00000000   -0.00000000  0.06938210
 -0.04153154  0.00000000   -0.18723667 -0.00000000    0.00000000 -0.06938210
  0.00000000  0.06938210   -0.00000000 -0.06938210   -0.19700292 -0.00000000
    2    1
 -0.18723667  0.00000000   -0.04153154  0.00000000    0.00000000 -0.06938210
 -0.04153154  0.00000000   -0.18723667  0.00000000    0.00000000  0.06938210
  0.00000000 -0.06938210    0.00000000  0.06938210   -0.19700292 -0.00000000
    2    2
  0.26209815  0.00000000   -0.00759449  0.00000000    0.00000000  0.00474276
 -0.00759449  0.00000000    0.26209815  0.00000000    0.00000000 -0.00474276
  0.00000000 -0.00474276    0.00000000  0.00474276    0.26356237  0.00000000

     Dynamical  Matrix in cartesian axes

     q = (    0.333333333   0.333333333   0.000000000 ) 

    1    1
  0.26209815  0.00000000    0.00759449  0.00000000    0.00000000  0.00474276
  0.00759449  0.00000000    0.26209815  0.00000000    0.00000000  0.00474276
  0.00000000 -0.00474276    0.00000000 -0.00474276    0.26356237  0.00000000
    1    2
 -0.09361833  0.16215171    0.02076577 -0.03596736   -0.06008666 -0.03469105
  0.02076577 -0.03596736   -0.09361833  0.16215171   -0.06008666 -0.03469105
 -0.06008666 -0.03469105   -0.06008666 -0.03469105   -0.09850146  0.17060953
    2    1
 -0.09361833 -0.16215171    0.02076577  0.03596736   -0.06008666  0.03469105
  0.02076577  0.03596736   -0.09361833 -0.16215171   -0.06008666  0.03469105
 -0.06008666  0.03469105   -0.06008666  0.03469105   -0.09850146 -0.17060953
    2    2
  0.26209815  0.00000000    0.00759449  0.00000000    0.00000000 -0.00474276
  0.00759449  0.00000000    0.26209815  0.00000000    0.00000000 -0.00474276
  0.00000000  0.00474276    0.00000000  0.00474276    0.26356237  0.00000000

     Dynamical  Matrix in cartesian axes

     q = (   -0.333333333  -0.333333333   0.000000000 ) 

    1    1
  0.26209815  0.00000000    0.00759449  0.00000000    0.00000000 -0.00474276
  0.00759449  0.00000000    0.26209815  0.00000000    0.00000000 -0.00474276
  0.00000000  0.00474276    0.00000000  0.00474276    0.26356237  0.00000000
    1    2
 -0.09361833 -0.16215171    0.02076577  0.03596736   -0.06008666  0.03469105
  0.02076577  0.03596736   -0.09361833 -0.16215171   -0.06008666  0.03469105
 -0.06008666  0.03469105   -0.06008666  0.03469105   -0.09850146 -0.17060953
    2    1
 -0.09361833  0.16215171    0.02076577 -0.03596736   -0.06008666 -0.03469105
  0.02076577 -0.03596736   -0.09361833  0.16215171   -0.06008666 -0.03469105
 -0.06008666 -0.03469105   -0.06008666 -0.03469105   -0.09850146  0.17060953
    2    2
  0.26209815  0.00000000    0.00759449  0.00000000    0.00000000  0.00474276
  0.00759449  0.00000000    0.26209815  0.00000000    0.00000000  0.00474276
  0.00000000 -0.00474276    0.00000000 -0.00474276    0.26356237  0.00000000

     Dynamical  Matrix in cartesian axes

     q = (    0.000000000  -0.333333333   0.333333333 ) 

    1    1
  0.26356237  0.00000000    0.00000000 -0.00474276    0.00000000  0.00474276
  0.00000000  0.00474276    0.26209815  0.00000000   -0.00759449  0.00000000
  0.00000000 -0.00474276   -0.00759449  0.00000000    0.26209815  0.00000000
    1    2
 -0.19700292 -0.00000000    0.00000000 -0.06938210    0.00000000  0.06938210
 -0.00000000 -0.06938210   -0.18723667 -0.00000000   -0.04153154  0.00000000
  0.00000000  0.06938210   -0.04153154  0.00000000   -0.18723667 -0.00000000
    2    1
 -0.19700292 -0.00000000    0.00000000  0.06938210    0.00000000 -0.06938210
  0.00000000  0.06938210   -0.18723667 -0.00000000   -0.04153154  0.00000000
  0.00000000 -0.06938210   -0.04153154  0.00000000   -0.18723667 -0.00000000
    2    2
  0.26356237  0.00000000    0.00000000  0.00474276    0.00000000 -0.00474276
  0.00000000 -0.00474276    0.26209815  0.00000000   -0.00759449  0.00000000
  0.00000000  0.00474276   -0.00759449  0.00000000    0.26209815  0.00000000

     Diagonalizing the dynamical matrix

     q = (    0.333333333   0.000000000   0.333333333 ) 

 **************************************************************************
     freq (    1) =       3.298610 [THz] =     110.029789 [cm-1]
 ( -0.250000  0.433013 -0.000000  0.000000  0.250000 -0.433013 ) 
 ( -0.500000  0.000000 -0.000000 -0.000000  0.500000  0.000000 ) 
     freq (    2) =       4.315860 [THz] =     143.961608 [cm-1]
 ( -0.059759  0.103505  0.594620  0.343304 -0.059759  0.103505 ) 
 (  0.119518 -0.000000  0.000000  0.686608  0.119518  0.000000 ) 
     freq (    3) =       6.304472 [THz] =     210.294536 [cm-1]
 (  0.240364 -0.416323  0.168377  0.097213  0.240364 -0.416323 ) 
 (  0.480728  0.000000 -0.000000 -0.194425  0.480728  0.000000 ) 
     freq (    4) =      13.606710 [THz] =     453.870997 [cm-1]
 (  0.242753 -0.420460  0.146379  0.084512  0.242753 -0.420460 ) 
 ( -0.485505 -0.000000 -0.000000  0.169024 -0.485505  0.000000 ) 
     freq (    5) =      14.294231 [THz] =     476.804220 [cm-1]
 (  0.250000 -0.433013 -0.000000  0.000000 -0.250000  0.433013 ) 
 ( -0.500000 -0.000000  0.000000  0.000000  0.500000  0.000000 ) 
     freq (    6) =      14.401381 [THz] =     480.378355 [cm-1]
 (  0.068740 -0.119061 -0.588769 -0.339926  0.068740 -0.119061 ) 
 (  0.137479  0.000000 -0.000000  0.679852  0.137479  0.000000 ) 
 **************************************************************************
