Dynamical matrix file
                                                                           
  1    2  2 10.3040000  0.0000000  0.0000000  0.0000000  0.0000000  0.0000000
           1  'Si  '    25598.8229845270     
    1    1      0.0000000000      0.0000000000      0.0000000000
    2    1      0.2500000000      0.2500000000      0.2500000000

     Dynamical  Matrix in cartesian axes

     q = (    0.000000000   0.666666667   0.000000000 ) 

    1    1
  0.24305456  0.00000000    0.00000000  0.00000000    0.00000000  0.00000000
  0.00000000  0.00000000    0.32963833  0.00000000    0.00000000  0.00000000
  0.00000000  0.00000000    0.00000000  0.00000000    0.24305456  0.00000000
    1    2
 -0.06017771  0.10423085    0.00000000  0.00000000   -0.14024672 -0.08097148
  0.00000000 -0.00000000   -0.06715000  0.11630722    0.00000000  0.00000000
 -0.14024672 -0.08097148    0.00000000  0.00000000   -0.06017771  0.10423085
    2    1
 -0.06017771 -0.10423085    0.00000000 -0.00000000   -0.14024672  0.08097148
 -0.00000000 -0.00000000   -0.06715000 -0.11630722   -0.00000000 -0.00000000
 -0.14024672  0.08097148    0.00000000  0.00000000   -0.06017771 -0.10423085
    2    2
  0.24305456  0.00000000   -0.00000000  0.00000000    0.00000000 -0.00000000
 -0.00000000  0.00000000    0.32963833  0.00000000   -0.00000000  0.00000000
  0.00000000 -0.00000000   -0.00000000  0.00000000    0.24305456  0.00000000

     Dynamical  Matrix in cartesian axes

     q = (    0.666666667   0.000000000   0.000000000 ) 

    1    1
  0.32963833  0.00000000   -0.00000000  0.00000000    0.00000000  0.00000000
 -0.00000000  0.00000000    0.24305456  0.00000000    0.00000000  0.00000000
  0.00000000  0.00000000    0.00000000  0.00000000    0.24305456  0.00000000
    1    2
 -0.06715000  0.11630722   -0.00000000 -0.00000000   -0.00000000  0.00000000
 -0.00000000 -0.00000000   -0.06017771  0.10423085   -0.14024672 -0.08097148
  0.00000000 -0.00000000   -0.14024672 -0.08097148   -0.06017771  0.10423085
    2    1
 -0.06715000 -0.11630722   -0.00000000  0.00000000    0.00000000 -0.00000000
  0.00000000  0.00000000   -0.06017771 -0.10423085   -0.14024672  0.08097148
 -0.00000000  0.00000000   -0.14024672  0.08097148   -0.06017771 -0.10423085
    2    2
  0.32963833  0.00000000    0.00000000  0.00000000    0.00000000  0.00000000
  0.00000000  0.00000000    0.24305456  0.00000000    0.00000000 -0.00000000
  0.00000000  0.00000000    0.00000000 -0.00000000    0.24305456  0.00000000

     Dynamical  Matrix in cartesian axes

     q = (    0.000000000   0.000000000   0.666666667 ) 

    1    1
  0.24305456  0.00000000   -0.00000000  0.00000000    0.00000000  0.00000000
 -0.00000000  0.00000000    0.24305456  0.00000000    0.00000000  0.00000000
  0.00000000  0.00000000    0.00000000  0.00000000    0.32963833  0.00000000
    1    2
 -0.06017771  0.10423085   -0.14024672 -0.08097148    0.00000000 -0.00000000
 -0.14024672 -0.08097148   -0.06017771  0.10423085    0.00000000  0.00000000
  0.00000000 -0.00000000    0.00000000  0.00000000   -0.06715000  0.11630722
    2    1
 -0.06017771 -0.10423085   -0.14024672  0.08097148    0.00000000  0.00000000
 -0.14024672  0.08097148   -0.06017771 -0.10423085    0.00000000 -0.00000000
  0.00000000 -0.00000000    0.00000000 -0.00000000   -0.06715000 -0.11630722
    2    2
  0.24305456  0.00000000    0.00000000 -0.00000000   -0.00000000  0.00000000
  0.00000000 -0.00000000    0.24305456  0.00000000    0.00000000  0.00000000
  0.00000000  0.00000000    0.00000000  0.00000000    0.32963833  0.00000000

     Dynamical  Matrix in cartesian axes

     q = (    0.000000000  -0.666666667   0.000000000 ) 

    1    1
  0.24305456  0.00000000    0.00000000  0.00000000   -0.00000000 -0.00000000
  0.00000000  0.00000000    0.32963833  0.00000000    0.00000000  0.00000000
 -0.00000000 -0.00000000    0.00000000  0.00000000    0.24305456  0.00000000
    1    2
 -0.06017771 -0.10423085    0.00000000  0.00000000   -0.14024672  0.08097148
 -0.00000000  0.00000000   -0.06715000 -0.11630722   -0.00000000  0.00000000
 -0.14024672  0.08097148    0.00000000  0.00000000   -0.06017771 -0.10423085
    2    1
 -0.06017771  0.10423085    0.00000000 -0.00000000   -0.14024672 -0.08097148
 -0.00000000 -0.00000000   -0.06715000  0.11630722   -0.00000000  0.00000000
 -0.14024672 -0.08097148    0.00000000  0.00000000   -0.06017771  0.10423085
    2    2
  0.24305456  0.00000000   -0.00000000  0.00000000   -0.00000000  0.00000000
 -0.00000000  0.00000000    0.32963833  0.00000000   -0.00000000  0.00000000
 -0.00000000  0.00000000   -0.00000000  0.00000000    0.24305456  0.00000000

     Dynamical  Matrix in cartesian axes

     q = (   -0.666666667   0.000000000   0.000000000 ) 

    1    1
  0.32963833  0.00000000    0.00000000  0.00000000   -0.00000000  0.00000000
  0.00000000  0.00000000    0.24305456  0.00000000    0.00000000 -0.00000000
 -0.00000000  0.00000000    0.00000000 -0.00000000    0.24305456  0.00000000
    1    2
 -0.06715000 -0.11630722   -0.00000000  0.00000000   -0.00000000 -0.00000000
  0.00000000  0.00000000   -0.06017771 -0.10423085   -0.14024672  0.08097148
  0.00000000  0.00000000   -0.14024672  0.08097148   -0.06017771 -0.10423085
    2    1
 -0.06715000  0.11630722   -0.00000000 -0.00000000   -0.00000000  0.00000000
 -0.00000000 -0.00000000   -0.06017771  0.10423085   -0.14024672 -0.08097148
  0.00000000 -0.00000000   -0.14024672 -0.08097148   -0.06017771  0.10423085
    2    2
  0.32963833  0.00000000    0.00000000  0.00000000    0.00000000  0.00000000
  0.00000000  0.00000000    0.24305456  0.00000000    0.00000000  0.00000000
  0.00000000  0.00000000    0.00000000  0.00000000    0.24305456  0.00000000

     Dynamical  Matrix in cartesian axes

     q = (    0.000000000   0.000000000  -0.666666667 ) 

    1    1
  0.24305456  0.00000000   -0.00000000 -0.00000000    0.00000000  0.00000000
 -0.00000000 -0.00000000    0.24305456  0.00000000    0.00000000  0.00000000
  0.00000000  0.00000000    0.00000000  0.00000000    0.32963833  0.00000000
    1    2
 -0.06017771 -0.10423085   -0.14024672  0.08097148    0.00000000  0.00000000
 -0.14024672  0.08097148   -0.06017771 -0.10423085    0.00000000 -0.00000000
  0.00000000  0.00000000    0.00000000 -0.00000000   -0.06715000 -0.11630722
    2    1
 -0.06017771  0.10423085   -0.14024672 -0.08097148    0.00000000 -0.00000000
 -0.14024672 -0.08097148   -0.06017771  0.10423085    0.00000000  0.00000000
 -0.00000000 -0.00000000   -0.00000000  0.00000000   -0.06715000  0.11630722
    2    2
  0.24305456  0.00000000   -0.00000000  0.00000000    0.00000000  0.00000000
 -0.00000000  0.00000000    0.24305456  0.00000000    0.00000000  0.00000000
 -0.00000000  0.00000000   -0.00000000  0.00000000    0.32963833  0.00000000

     Diagonalizing the dynamical matrix

     q = (    0.000000000   0.666666667   0.000000000 ) 

 **************************************************************************
     freq (    1) =       4.177931 [THz] =     139.360777 [cm-1]
 ( -0.454285 -0.309697  0.000000 -0.000000 -0.172752  0.409719 ) 
 (  0.068840  0.027072  0.000000  0.000000 -0.703227  0.000000 ) 
     freq (    2) =       4.177931 [THz] =     139.360777 [cm-1]
 ( -0.379555  0.231627  0.000000  0.000000 -0.373669 -0.403310 ) 
 ( -0.654439 -0.257367 -0.000000 -0.000000 -0.073972  0.000000 ) 
     freq (    3) =       9.087800 [THz] =     303.136384 [cm-1]
 (  0.000000  0.000000 -0.635122  0.310838 -0.000000  0.000000 ) 
 (  0.000000  0.000000 -0.586755 -0.394612 -0.000000  0.000000 ) 
     freq (    4) =      13.713844 [THz] =     457.444581 [cm-1]
 (  0.002877  0.435299 -0.000000  0.000000 -0.555052 -0.049233 ) 
 (  0.629575 -0.319839  0.000000  0.000000 -0.036577  0.000000 ) 
     freq (    5) =      13.713844 [THz] =     457.444581 [cm-1]
 (  0.492008  0.261600 -0.000000 -0.000000  0.239927 -0.363219 ) 
 ( -0.032610  0.016567  0.000000  0.000000 -0.706160  0.000000 ) 
     freq (    6) =      14.005389 [THz] =     467.169485 [cm-1]
 (  0.000000 -0.000000 -0.700221  0.098441  0.000000  0.000000 ) 
 ( -0.000000  0.000000  0.435363  0.557189  0.000000  0.000000 ) 
 **************************************************************************
