Dynamical matrix file
                                                                           
  1    2  2 10.2920000  0.0000000  0.0000000  0.0000000  0.0000000  0.0000000
           1  'Si  '    25598.8229845270     
    1    1      0.0000000000      0.0000000000      0.0000000000
    2    1      0.2500000000      0.2500000000      0.2500000000

     Dynamical  Matrix in cartesian axes

     q = (    0.000000000   0.666666667   0.000000000 ) 

    1    1
  0.24505078  0.00000000   -0.00000000  0.00000000    0.00000000  0.00000000
  0.00000000  0.00000000    0.33193295  0.00000000    0.00000000  0.00000000
  0.00000000  0.00000000    0.00000000  0.00000000    0.24505078  0.00000000
    1    2
 -0.06064967  0.10504832    0.00000000  0.00000000   -0.14217587 -0.08208528
  0.00000000  0.00000000   -0.06759057  0.11707031    0.00000000  0.00000000
 -0.14217587 -0.08208528    0.00000000 -0.00000000   -0.06064967  0.10504832
    2    1
 -0.06064967 -0.10504832    0.00000000  0.00000000   -0.14217587  0.08208528
  0.00000000  0.00000000   -0.06759057 -0.11707031    0.00000000  0.00000000
 -0.14217587  0.08208528    0.00000000  0.00000000   -0.06064967 -0.10504832
    2    2
  0.24505078  0.00000000    0.00000000  0.00000000   -0.00000000  0.00000000
  0.00000000  0.00000000    0.33193295  0.00000000   -0.00000000  0.00000000
 -0.00000000  0.00000000    0.00000000  0.00000000    0.24505078  0.00000000

     Dynamical  Matrix in cartesian axes

     q = (    0.666666667   0.000000000   0.000000000 ) 

    1    1
  0.33193295  0.00000000    0.00000000  0.00000000   -0.00000000  0.00000000
  0.00000000  0.00000000    0.24505078  0.00000000    0.00000000  0.00000000
 -0.00000000  0.00000000    0.00000000  0.00000000    0.24505078  0.00000000
    1    2
 -0.06759057  0.11707031    0.00000000 -0.00000000    0.00000000  0.00000000
 -0.00000000 -0.00000000   -0.06064967  0.10504832   -0.14217587 -0.08208528
  0.00000000 -0.00000000   -0.14217587 -0.08208528   -0.06064967  0.10504832
    2    1
 -0.06759057 -0.11707031    0.00000000 -0.00000000    0.00000000  0.00000000
  0.00000000 -0.00000000   -0.06064967 -0.10504832   -0.14217587  0.08208528
  0.00000000  0.00000000   -0.14217587  0.08208528   -0.06064967 -0.10504832
    2    2
  0.33193295  0.00000000   -0.00000000  0.00000000    0.00000000  0.00000000
 -0.00000000  0.00000000    0.24505078  0.00000000    0.00000000  0.00000000
  0.00000000  0.00000000    0.00000000  0.00000000    0.24505078  0.00000000

     Dynamical  Matrix in cartesian axes

     q = (    0.000000000   0.000000000   0.666666667 ) 

    1    1
  0.24505078  0.00000000    0.00000000  0.00000000    0.00000000  0.00000000
  0.00000000  0.00000000    0.24505078  0.00000000    0.00000000  0.00000000
  0.00000000  0.00000000    0.00000000  0.00000000    0.33193295  0.00000000
    1    2
 -0.06064967  0.10504832   -0.14217587 -0.08208528    0.00000000  0.00000000
 -0.14217587 -0.08208528   -0.06064967  0.10504832   -0.00000000  0.00000000
  0.00000000 -0.00000000    0.00000000  0.00000000   -0.06759057  0.11707031
    2    1
 -0.06064967 -0.10504832   -0.14217587  0.08208528    0.00000000  0.00000000
 -0.14217587  0.08208528   -0.06064967 -0.10504832    0.00000000 -0.00000000
  0.00000000  0.00000000    0.00000000  0.00000000   -0.06759057 -0.11707031
    2    2
  0.24505078  0.00000000   -0.00000000  0.00000000    0.00000000  0.00000000
 -0.00000000  0.00000000    0.24505078  0.00000000   -0.00000000  0.00000000
  0.00000000  0.00000000   -0.00000000  0.00000000    0.33193295  0.00000000

     Dynamical  Matrix in cartesian axes

     q = (    0.000000000  -0.666666667   0.000000000 ) 

    1    1
  0.24505078  0.00000000   -0.00000000  0.00000000   -0.00000000  0.00000000
 -0.00000000  0.00000000    0.33193295  0.00000000   -0.00000000  0.00000000
 -0.00000000  0.00000000   -0.00000000  0.00000000    0.24505078  0.00000000
    1    2
 -0.06064967 -0.10504832    0.00000000  0.00000000   -0.14217587  0.08208528
  0.00000000 -0.00000000   -0.06759057 -0.11707031    0.00000000 -0.00000000
 -0.14217587  0.08208528    0.00000000  0.00000000   -0.06064967 -0.10504832
    2    1
 -0.06064967  0.10504832    0.00000000 -0.00000000   -0.14217587 -0.08208528
  0.00000000  0.00000000   -0.06759057  0.11707031    0.00000000  0.00000000
 -0.14217587 -0.08208528    0.00000000 -0.00000000   -0.06064967  0.10504832
    2    2
  0.24505078  0.00000000    0.00000000  0.00000000   -0.00000000  0.00000000
  0.00000000  0.00000000    0.33193295  0.00000000    0.00000000  0.00000000
 -0.00000000  0.00000000    0.00000000  0.00000000    0.24505078  0.00000000

     Dynamical  Matrix in cartesian axes

     q = (   -0.666666667   0.000000000   0.000000000 ) 

    1    1
  0.33193295  0.00000000   -0.00000000  0.00000000   -0.00000000  0.00000000
  0.00000000  0.00000000    0.24505078  0.00000000    0.00000000  0.00000000
  0.00000000  0.00000000    0.00000000  0.00000000    0.24505078  0.00000000
    1    2
 -0.06759057 -0.11707031    0.00000000 -0.00000000    0.00000000 -0.00000000
 -0.00000000 -0.00000000   -0.06064967 -0.10504832   -0.14217587  0.08208528
  0.00000000  0.00000000   -0.14217587  0.08208528   -0.06064967 -0.10504832
    2    1
 -0.06759057  0.11707031    0.00000000  0.00000000    0.00000000  0.00000000
 -0.00000000  0.00000000   -0.06064967  0.10504832   -0.14217587 -0.08208528
  0.00000000 -0.00000000   -0.14217587 -0.08208528   -0.06064967  0.10504832
    2    2
  0.33193295  0.00000000   -0.00000000  0.00000000    0.00000000  0.00000000
 -0.00000000  0.00000000    0.24505078  0.00000000   -0.00000000  0.00000000
  0.00000000  0.00000000   -0.00000000  0.00000000    0.24505078  0.00000000

     Dynamical  Matrix in cartesian axes

     q = (    0.000000000   0.000000000  -0.666666667 ) 

    1    1
  0.24505078  0.00000000   -0.00000000  0.00000000    0.00000000  0.00000000
 -0.00000000  0.00000000    0.24505078  0.00000000    0.00000000  0.00000000
  0.00000000  0.00000000    0.00000000  0.00000000    0.33193295  0.00000000
    1    2
 -0.06064967 -0.10504832   -0.14217587  0.08208528    0.00000000  0.00000000
 -0.14217587  0.08208528   -0.06064967 -0.10504832   -0.00000000 -0.00000000
  0.00000000  0.00000000    0.00000000  0.00000000   -0.06759057 -0.11707031
    2    1
 -0.06064967  0.10504832   -0.14217587 -0.08208528    0.00000000  0.00000000
 -0.14217587 -0.08208528   -0.06064967  0.10504832    0.00000000  0.00000000
  0.00000000 -0.00000000    0.00000000  0.00000000   -0.06759057  0.11707031
    2    2
  0.24505078  0.00000000   -0.00000000  0.00000000    0.00000000  0.00000000
 -0.00000000  0.00000000    0.24505078  0.00000000    0.00000000  0.00000000
  0.00000000  0.00000000   -0.00000000  0.00000000    0.33193295  0.00000000

     Diagonalizing the dynamical matrix

     q = (    0.000000000   0.666666667   0.000000000 ) 

 **************************************************************************
     freq (    1) =       4.159903 [THz] =     138.759421 [cm-1]
 ( -0.511250 -0.335531 -0.000000 -0.000000 -0.134960  0.328372 ) 
 (  0.058819 -0.079810 -0.000000 -0.000000 -0.700122  0.000000 ) 
     freq (    2) =       4.159903 [THz] =     138.759421 [cm-1]
 ( -0.097577 -0.341352 -0.000000  0.000000  0.545416 -0.276549 ) 
 (  0.415365 -0.563598  0.000000 -0.000000  0.099143  0.000000 ) 
     freq (    3) =       9.120621 [THz] =     304.231158 [cm-1]
 (  0.000000 -0.000000 -0.162275  0.688235  0.000000 -0.000000 ) 
 (  0.000000  0.000000 -0.677166  0.203583  0.000000  0.000000 ) 
     freq (    4) =      13.780704 [THz] =     459.674811 [cm-1]
 ( -0.442803 -0.356411  0.000000 -0.000000 -0.099558  0.408638 ) 
 ( -0.146839  0.009119 -0.000000  0.000000  0.691632  0.000000 ) 
     freq (    5) =      13.780704 [THz] =     459.674811 [cm-1]
 ( -0.285520  0.308829  0.000000  0.000000 -0.541766 -0.172026 ) 
 (  0.690303 -0.042867 -0.000000 -0.000000  0.147122  0.000000 ) 
     freq (    6) =      14.053242 [THz] =     468.765692 [cm-1]
 (  0.000000 -0.000000  0.501990 -0.498002  0.000000 -0.000000 ) 
 ( -0.000000  0.000000 -0.682277 -0.185735 -0.000000  0.000000 ) 
 **************************************************************************
