Dynamical matrix file
                                                                           
  1    2  2 10.3520000  0.0000000  0.0000000  0.0000000  0.0000000  0.0000000
           1  'Si  '    25598.8229845270     
    1    1      0.0000000000      0.0000000000      0.0000000000
    2    1      0.2500000000      0.2500000000      0.2500000000

     Dynamical  Matrix in cartesian axes

     q = (    0.500000000  -0.166666667   0.833333333 ) 

    1    1
  0.23705383  0.00000000   -0.00499560  0.00094356    0.00499560  0.00094356
 -0.00499560 -0.00094356    0.26582527  0.00000000   -0.00361749 -0.01453179
  0.00499560 -0.00094356   -0.00361749  0.01453179    0.26582527  0.00000000
    1    2
 -0.02902669  0.05027570   -0.10511901  0.03871859   -0.01902823 -0.11039502
 -0.10511901  0.03871859   -0.02898152  0.05877973   -0.02176716  0.03770183
 -0.01902823 -0.11039502   -0.02176716  0.03770183   -0.03641398  0.05448860
    2    1
 -0.02902669 -0.05027570   -0.10511901 -0.03871859   -0.01902823  0.11039502
 -0.10511901 -0.03871859   -0.02898152 -0.05877973   -0.02176716 -0.03770183
 -0.01902823  0.11039502   -0.02176716 -0.03770183   -0.03641398 -0.05448860
    2    2
  0.23705383  0.00000000   -0.00499560 -0.00094356    0.00499560 -0.00094356
 -0.00499560  0.00094356    0.26582527  0.00000000   -0.00361749  0.01453179
  0.00499560  0.00094356   -0.00361749 -0.01453179    0.26582527  0.00000000

     Dynamical  Matrix in cartesian axes

     q = (    0.833333333   0.166666667   0.500000000 ) 

    1    1
  0.26582527  0.00000000    0.00361749  0.01453179    0.00499560  0.00094356
  0.00361749 -0.01453179    0.26582527  0.00000000    0.00499560 -0.00094356
  0.00499560 -0.00094356    0.00499560  0.00094356    0.23705383  0.00000000
    1    2
  0.06539550 -0.00429114   -0.04353432  0.00000000   -0.08609078 -0.07167644
 -0.04353432  0.00000000    0.06539550  0.00429114   -0.08609078  0.07167644
 -0.08609078 -0.07167644   -0.08609078  0.07167644    0.05805338 -0.00000000
    2    1
  0.06539550  0.00429114   -0.04353432 -0.00000000   -0.08609078  0.07167644
 -0.04353432 -0.00000000    0.06539550 -0.00429114   -0.08609078 -0.07167644
 -0.08609078  0.07167644   -0.08609078 -0.07167644    0.05805338  0.00000000
    2    2
  0.26582527  0.00000000    0.00361749 -0.01453179    0.00499560 -0.00094356
  0.00361749  0.01453179    0.26582527  0.00000000    0.00499560  0.00094356
  0.00499560  0.00094356    0.00499560 -0.00094356    0.23705383  0.00000000

     Dynamical  Matrix in cartesian axes

     q = (    0.500000000   0.166666667   0.833333333 ) 

    1    1
  0.23705383  0.00000000    0.00499560  0.00094356    0.00499560 -0.00094356
  0.00499560 -0.00094356    0.26582527 -0.00000000    0.00361749 -0.01453179
  0.00499560  0.00094356    0.00361749  0.01453179    0.26582527 -0.00000000
    1    2
  0.05805338  0.00000000   -0.08609078  0.07167644   -0.08609078 -0.07167644
 -0.08609078  0.07167644    0.06539550  0.00429114   -0.04353432 -0.00000000
 -0.08609078 -0.07167644   -0.04353432  0.00000000    0.06539550 -0.00429114
    2    1
  0.05805338 -0.00000000   -0.08609078 -0.07167644   -0.08609078  0.07167644
 -0.08609078 -0.07167644    0.06539550 -0.00429114   -0.04353432  0.00000000
 -0.08609078  0.07167644   -0.04353432  0.00000000    0.06539550  0.00429114
    2    2
  0.23705383  0.00000000    0.00499560 -0.00094356    0.00499560  0.00094356
  0.00499560  0.00094356    0.26582527  0.00000000    0.00361749  0.01453179
  0.00499560 -0.00094356    0.00361749 -0.01453179    0.26582527  0.00000000

     Dynamical  Matrix in cartesian axes

     q = (   -0.833333333  -0.166666667   0.500000000 ) 

    1    1
  0.26582527 -0.00000000    0.00361749  0.01453179   -0.00499560 -0.00094356
  0.00361749 -0.01453179    0.26582527  0.00000000   -0.00499560  0.00094356
 -0.00499560  0.00094356   -0.00499560 -0.00094356    0.23705383  0.00000000
    1    2
 -0.06539550  0.00429114    0.04353432  0.00000000   -0.08609078 -0.07167644
  0.04353432  0.00000000   -0.06539550 -0.00429114   -0.08609078  0.07167644
 -0.08609078 -0.07167644   -0.08609078  0.07167644   -0.05805338 -0.00000000
    2    1
 -0.06539550 -0.00429114    0.04353432 -0.00000000   -0.08609078  0.07167644
  0.04353432 -0.00000000   -0.06539550  0.00429114   -0.08609078 -0.07167644
 -0.08609078  0.07167644   -0.08609078 -0.07167644   -0.05805338  0.00000000
    2    2
  0.26582527  0.00000000    0.00361749 -0.01453179   -0.00499560  0.00094356
  0.00361749  0.01453179    0.26582527 -0.00000000   -0.00499560 -0.00094356
 -0.00499560 -0.00094356   -0.00499560  0.00094356    0.23705383  0.00000000

     Dynamical  Matrix in cartesian axes

     q = (   -0.833333333  -0.166666667  -0.500000000 ) 

    1    1
  0.26582527  0.00000000    0.00361749 -0.01453179    0.00499560 -0.00094356
  0.00361749  0.01453179    0.26582527  0.00000000    0.00499560  0.00094356
  0.00499560  0.00094356    0.00499560 -0.00094356    0.23705383  0.00000000
    1    2
  0.06539550  0.00429114   -0.04353432 -0.00000000   -0.08609078  0.07167644
 -0.04353432 -0.00000000    0.06539550 -0.00429114   -0.08609078 -0.07167644
 -0.08609078  0.07167644   -0.08609078 -0.07167644    0.05805338  0.00000000
    2    1
  0.06539550 -0.00429114   -0.04353432  0.00000000   -0.08609078 -0.07167644
 -0.04353432  0.00000000    0.06539550  0.00429114   -0.08609078  0.07167644
 -0.08609078 -0.07167644   -0.08609078  0.07167644    0.05805338 -0.00000000
    2    2
  0.26582527  0.00000000    0.00361749  0.01453179    0.00499560  0.00094356
  0.00361749 -0.01453179    0.26582527  0.00000000    0.00499560 -0.00094356
  0.00499560 -0.00094356    0.00499560  0.00094356    0.23705383  0.00000000

     Dynamical  Matrix in cartesian axes

     q = (   -0.500000000  -0.166666667  -0.833333333 ) 

    1    1
  0.23705383  0.00000000    0.00499560 -0.00094356    0.00499560  0.00094356
  0.00499560  0.00094356    0.26582527  0.00000000    0.00361749  0.01453179
  0.00499560 -0.00094356    0.00361749 -0.01453179    0.26582527  0.00000000
    1    2
  0.05805338 -0.00000000   -0.08609078 -0.07167644   -0.08609078  0.07167644
 -0.08609078 -0.07167644    0.06539550 -0.00429114   -0.04353432  0.00000000
 -0.08609078  0.07167644   -0.04353432  0.00000000    0.06539550  0.00429114
    2    1
  0.05805338  0.00000000   -0.08609078  0.07167644   -0.08609078 -0.07167644
 -0.08609078  0.07167644    0.06539550  0.00429114   -0.04353432 -0.00000000
 -0.08609078 -0.07167644   -0.04353432  0.00000000    0.06539550 -0.00429114
    2    2
  0.23705383  0.00000000    0.00499560  0.00094356    0.00499560 -0.00094356
  0.00499560 -0.00094356    0.26582527 -0.00000000    0.00361749 -0.01453179
  0.00499560  0.00094356    0.00361749  0.01453179    0.26582527 -0.00000000

     Dynamical  Matrix in cartesian axes

     q = (    0.833333333  -0.166666667   0.500000000 ) 

    1    1
  0.26582527  0.00000000   -0.00361749  0.01453179    0.00499560 -0.00094356
 -0.00361749 -0.01453179    0.26582527  0.00000000   -0.00499560 -0.00094356
  0.00499560  0.00094356   -0.00499560  0.00094356    0.23705383  0.00000000
    1    2
 -0.03641398  0.05448860   -0.02176716  0.03770183   -0.01902823 -0.11039502
 -0.02176716  0.03770183   -0.02898152  0.05877973   -0.10511901  0.03871859
 -0.01902823 -0.11039502   -0.10511901  0.03871859   -0.02902669  0.05027570
    2    1
 -0.03641398 -0.05448860   -0.02176716 -0.03770183   -0.01902823  0.11039502
 -0.02176716 -0.03770183   -0.02898152 -0.05877973   -0.10511901 -0.03871859
 -0.01902823  0.11039502   -0.10511901 -0.03871859   -0.02902669 -0.05027570
    2    2
  0.26582527  0.00000000   -0.00361749 -0.01453179    0.00499560  0.00094356
 -0.00361749  0.01453179    0.26582527  0.00000000   -0.00499560  0.00094356
  0.00499560 -0.00094356   -0.00499560 -0.00094356    0.23705383  0.00000000

     Dynamical  Matrix in cartesian axes

     q = (   -0.500000000  -0.166666667   0.833333333 ) 

    1    1
  0.23705383  0.00000000    0.00499560  0.00094356   -0.00499560  0.00094356
  0.00499560 -0.00094356    0.26582527  0.00000000   -0.00361749  0.01453179
 -0.00499560 -0.00094356   -0.00361749 -0.01453179    0.26582527  0.00000000
    1    2
 -0.02902669  0.05027570   -0.01902823 -0.11039502   -0.10511901  0.03871859
 -0.01902823 -0.11039502   -0.03641398  0.05448860   -0.02176716  0.03770183
 -0.10511901  0.03871859   -0.02176716  0.03770183   -0.02898152  0.05877973
    2    1
 -0.02902669 -0.05027570   -0.01902823  0.11039502   -0.10511901 -0.03871859
 -0.01902823  0.11039502   -0.03641398 -0.05448860   -0.02176716 -0.03770183
 -0.10511901 -0.03871859   -0.02176716 -0.03770183   -0.02898152 -0.05877973
    2    2
  0.23705383  0.00000000    0.00499560 -0.00094356   -0.00499560 -0.00094356
  0.00499560  0.00094356    0.26582527  0.00000000   -0.00361749 -0.01453179
 -0.00499560  0.00094356   -0.00361749  0.01453179    0.26582527 -0.00000000

     Dynamical  Matrix in cartesian axes

     q = (   -0.833333333   0.166666667   0.500000000 ) 

    1    1
  0.26582527  0.00000000   -0.00361749  0.01453179   -0.00499560  0.00094356
 -0.00361749 -0.01453179    0.26582527  0.00000000    0.00499560  0.00094356
 -0.00499560 -0.00094356    0.00499560 -0.00094356    0.23705383  0.00000000
    1    2
 -0.02898152 -0.05877973   -0.02176716 -0.03770183   -0.10511901 -0.03871859
 -0.02176716 -0.03770183   -0.03641398 -0.05448860   -0.01902823  0.11039502
 -0.10511901 -0.03871859   -0.01902823  0.11039502   -0.02902669 -0.05027570
    2    1
 -0.02898152  0.05877973   -0.02176716  0.03770183   -0.10511901  0.03871859
 -0.02176716  0.03770183   -0.03641398  0.05448860   -0.01902823 -0.11039502
 -0.10511901  0.03871859   -0.01902823 -0.11039502   -0.02902669  0.05027570
    2    2
  0.26582527  0.00000000   -0.00361749 -0.01453179   -0.00499560 -0.00094356
 -0.00361749  0.01453179    0.26582527  0.00000000    0.00499560 -0.00094356
 -0.00499560  0.00094356    0.00499560  0.00094356    0.23705383  0.00000000

     Dynamical  Matrix in cartesian axes

     q = (    0.833333333   0.166666667  -0.500000000 ) 

    1    1
  0.26582527  0.00000000    0.00361749 -0.01453179   -0.00499560  0.00094356
  0.00361749  0.01453179    0.26582527 -0.00000000   -0.00499560 -0.00094356
 -0.00499560 -0.00094356   -0.00499560  0.00094356    0.23705383  0.00000000
    1    2
 -0.06539550 -0.00429114    0.04353432 -0.00000000   -0.08609078  0.07167644
  0.04353432 -0.00000000   -0.06539550  0.00429114   -0.08609078 -0.07167644
 -0.08609078  0.07167644   -0.08609078 -0.07167644   -0.05805338  0.00000000
    2    1
 -0.06539550  0.00429114    0.04353432  0.00000000   -0.08609078 -0.07167644
  0.04353432  0.00000000   -0.06539550 -0.00429114   -0.08609078  0.07167644
 -0.08609078 -0.07167644   -0.08609078  0.07167644   -0.05805338 -0.00000000
    2    2
  0.26582527 -0.00000000    0.00361749  0.01453179   -0.00499560 -0.00094356
  0.00361749 -0.01453179    0.26582527  0.00000000   -0.00499560  0.00094356
 -0.00499560  0.00094356   -0.00499560 -0.00094356    0.23705383  0.00000000

     Dynamical  Matrix in cartesian axes

     q = (    0.833333333  -0.166666667  -0.500000000 ) 

    1    1
  0.26582527  0.00000000   -0.00361749 -0.01453179   -0.00499560 -0.00094356
 -0.00361749  0.01453179    0.26582527  0.00000000    0.00499560 -0.00094356
 -0.00499560  0.00094356    0.00499560  0.00094356    0.23705383  0.00000000
    1    2
 -0.02898152  0.05877973   -0.02176716  0.03770183   -0.10511901  0.03871859
 -0.02176716  0.03770183   -0.03641398  0.05448860   -0.01902823 -0.11039502
 -0.10511901  0.03871859   -0.01902823 -0.11039502   -0.02902669  0.05027570
    2    1
 -0.02898152 -0.05877973   -0.02176716 -0.03770183   -0.10511901 -0.03871859
 -0.02176716 -0.03770183   -0.03641398 -0.05448860   -0.01902823  0.11039502
 -0.10511901 -0.03871859   -0.01902823  0.11039502   -0.02902669 -0.05027570
    2    2
  0.26582527  0.00000000   -0.00361749  0.01453179   -0.00499560  0.00094356
 -0.00361749 -0.01453179    0.26582527  0.00000000    0.00499560  0.00094356
 -0.00499560 -0.00094356    0.00499560 -0.00094356    0.23705383  0.00000000

     Dynamical  Matrix in cartesian axes

     q = (    0.500000000   0.166666667  -0.833333333 ) 

    1    1
  0.23705383  0.00000000    0.00499560 -0.00094356   -0.00499560 -0.00094356
  0.00499560  0.00094356    0.26582527  0.00000000   -0.00361749 -0.01453179
 -0.00499560  0.00094356   -0.00361749  0.01453179    0.26582527 -0.00000000
    1    2
 -0.02902669 -0.05027570   -0.01902823  0.11039502   -0.10511901 -0.03871859
 -0.01902823  0.11039502   -0.03641398 -0.05448860   -0.02176716 -0.03770183
 -0.10511901 -0.03871859   -0.02176716 -0.03770183   -0.02898152 -0.05877973
    2    1
 -0.02902669  0.05027570   -0.01902823 -0.11039502   -0.10511901  0.03871859
 -0.01902823 -0.11039502   -0.03641398  0.05448860   -0.02176716  0.03770183
 -0.10511901  0.03871859   -0.02176716  0.03770183   -0.02898152  0.05877973
    2    2
  0.23705383  0.00000000    0.00499560  0.00094356   -0.00499560  0.00094356
  0.00499560 -0.00094356    0.26582527  0.00000000   -0.00361749  0.01453179
 -0.00499560 -0.00094356   -0.00361749 -0.01453179    0.26582527  0.00000000

     Dynamical  Matrix in cartesian axes

     q = (   -0.500000000   0.166666667   0.833333333 ) 

    1    1
  0.23705383  0.00000000   -0.00499560  0.00094356   -0.00499560 -0.00094356
 -0.00499560 -0.00094356    0.26582527  0.00000000    0.00361749  0.01453179
 -0.00499560  0.00094356    0.00361749 -0.01453179    0.26582527  0.00000000
    1    2
 -0.05805338 -0.00000000   -0.08609078 -0.07167644   -0.08609078  0.07167644
 -0.08609078 -0.07167644   -0.06539550  0.00429114    0.04353432  0.00000000
 -0.08609078  0.07167644    0.04353432  0.00000000   -0.06539550 -0.00429114
    2    1
 -0.05805338  0.00000000   -0.08609078  0.07167644   -0.08609078 -0.07167644
 -0.08609078  0.07167644   -0.06539550 -0.00429114    0.04353432 -0.00000000
 -0.08609078 -0.07167644    0.04353432 -0.00000000   -0.06539550  0.00429114
    2    2
  0.23705383  0.00000000   -0.00499560 -0.00094356   -0.00499560  0.00094356
 -0.00499560  0.00094356    0.26582527  0.00000000    0.00361749 -0.01453179
 -0.00499560 -0.00094356    0.00361749  0.01453179    0.26582527  0.00000000

     Dynamical  Matrix in cartesian axes

     q = (   -0.500000000   0.166666667  -0.833333333 ) 

    1    1
  0.23705383  0.00000000   -0.00499560 -0.00094356    0.00499560 -0.00094356
 -0.00499560  0.00094356    0.26582527  0.00000000   -0.00361749  0.01453179
  0.00499560  0.00094356   -0.00361749 -0.01453179    0.26582527  0.00000000
    1    2
 -0.02902669 -0.05027570   -0.10511901 -0.03871859   -0.01902823  0.11039502
 -0.10511901 -0.03871859   -0.02898152 -0.05877973   -0.02176716 -0.03770183
 -0.01902823  0.11039502   -0.02176716 -0.03770183   -0.03641398 -0.05448860
    2    1
 -0.02902669  0.05027570   -0.10511901  0.03871859   -0.01902823 -0.11039502
 -0.10511901  0.03871859   -0.02898152  0.05877973   -0.02176716  0.03770183
 -0.01902823 -0.11039502   -0.02176716  0.03770183   -0.03641398  0.05448860
    2    2
  0.23705383  0.00000000   -0.00499560  0.00094356    0.00499560  0.00094356
 -0.00499560 -0.00094356    0.26582527  0.00000000   -0.00361749 -0.01453179
  0.00499560 -0.00094356   -0.00361749  0.01453179    0.26582527  0.00000000

     Dynamical  Matrix in cartesian axes

     q = (   -0.833333333   0.166666667  -0.500000000 ) 

    1    1
  0.26582527  0.00000000   -0.00361749 -0.01453179    0.00499560  0.00094356
 -0.00361749  0.01453179    0.26582527  0.00000000   -0.00499560  0.00094356
  0.00499560 -0.00094356   -0.00499560 -0.00094356    0.23705383  0.00000000
    1    2
 -0.03641398 -0.05448860   -0.02176716 -0.03770183   -0.01902823  0.11039502
 -0.02176716 -0.03770183   -0.02898152 -0.05877973   -0.10511901 -0.03871859
 -0.01902823  0.11039502   -0.10511901 -0.03871859   -0.02902669 -0.05027570
    2    1
 -0.03641398  0.05448860   -0.02176716  0.03770183   -0.01902823 -0.11039502
 -0.02176716  0.03770183   -0.02898152  0.05877973   -0.10511901  0.03871859
 -0.01902823 -0.11039502   -0.10511901  0.03871859   -0.02902669  0.05027570
    2    2
  0.26582527  0.00000000   -0.00361749  0.01453179    0.00499560 -0.00094356
 -0.00361749 -0.01453179    0.26582527  0.00000000   -0.00499560 -0.00094356
  0.00499560  0.00094356   -0.00499560  0.00094356    0.23705383  0.00000000

     Dynamical  Matrix in cartesian axes

     q = (    0.833333333  -0.500000000   0.166666667 ) 

    1    1
  0.26582527  0.00000000   -0.00499560  0.00094356    0.00361749 -0.01453179
 -0.00499560 -0.00094356    0.23705383  0.00000000   -0.00499560  0.00094356
  0.00361749  0.01453179   -0.00499560 -0.00094356    0.26582527  0.00000000
    1    2
 -0.06539550 -0.00429114   -0.08609078  0.07167644    0.04353432 -0.00000000
 -0.08609078  0.07167644   -0.05805338  0.00000000   -0.08609078 -0.07167644
  0.04353432 -0.00000000   -0.08609078 -0.07167644   -0.06539550  0.00429114
    2    1
 -0.06539550  0.00429114   -0.08609078 -0.07167644    0.04353432  0.00000000
 -0.08609078 -0.07167644   -0.05805338 -0.00000000   -0.08609078  0.07167644
  0.04353432  0.00000000   -0.08609078  0.07167644   -0.06539550 -0.00429114
    2    2
  0.26582527  0.00000000   -0.00499560 -0.00094356    0.00361749  0.01453179
 -0.00499560  0.00094356    0.23705383  0.00000000   -0.00499560 -0.00094356
  0.00361749 -0.01453179   -0.00499560  0.00094356    0.26582527  0.00000000

     Dynamical  Matrix in cartesian axes

     q = (    0.833333333   0.500000000  -0.166666667 ) 

    1    1
  0.26582527  0.00000000    0.00499560 -0.00094356   -0.00361749  0.01453179
  0.00499560  0.00094356    0.23705383  0.00000000   -0.00499560  0.00094356
 -0.00361749 -0.01453179   -0.00499560 -0.00094356    0.26582527 -0.00000000
    1    2
 -0.03641398  0.05448860   -0.01902823 -0.11039502   -0.02176716  0.03770183
 -0.01902823 -0.11039502   -0.02902669  0.05027570   -0.10511901  0.03871859
 -0.02176716  0.03770183   -0.10511901  0.03871859   -0.02898152  0.05877973
    2    1
 -0.03641398 -0.05448860   -0.01902823  0.11039502   -0.02176716 -0.03770183
 -0.01902823  0.11039502   -0.02902669 -0.05027570   -0.10511901 -0.03871859
 -0.02176716 -0.03770183   -0.10511901 -0.03871859   -0.02898152 -0.05877973
    2    2
  0.26582527  0.00000000    0.00499560  0.00094356   -0.00361749 -0.01453179
  0.00499560 -0.00094356    0.23705383  0.00000000   -0.00499560 -0.00094356
 -0.00361749  0.01453179   -0.00499560  0.00094356    0.26582527  0.00000000

     Dynamical  Matrix in cartesian axes

     q = (   -0.833333333  -0.500000000  -0.166666667 ) 

    1    1
  0.26582527 -0.00000000    0.00499560 -0.00094356    0.00361749 -0.01453179
  0.00499560  0.00094356    0.23705383  0.00000000    0.00499560 -0.00094356
  0.00361749  0.01453179    0.00499560  0.00094356    0.26582527  0.00000000
    1    2
  0.06539550  0.00429114   -0.08609078  0.07167644   -0.04353432 -0.00000000
 -0.08609078  0.07167644    0.05805338 -0.00000000   -0.08609078 -0.07167644
 -0.04353432  0.00000000   -0.08609078 -0.07167644    0.06539550 -0.00429114
    2    1
  0.06539550 -0.00429114   -0.08609078 -0.07167644   -0.04353432  0.00000000
 -0.08609078 -0.07167644    0.05805338  0.00000000   -0.08609078  0.07167644
 -0.04353432 -0.00000000   -0.08609078  0.07167644    0.06539550  0.00429114
    2    2
  0.26582527  0.00000000    0.00499560  0.00094356    0.00361749  0.01453179
  0.00499560 -0.00094356    0.23705383  0.00000000    0.00499560  0.00094356
  0.00361749 -0.01453179    0.00499560 -0.00094356    0.26582527 -0.00000000

     Dynamical  Matrix in cartesian axes

     q = (   -0.833333333   0.500000000   0.166666667 ) 

    1    1
  0.26582527  0.00000000   -0.00499560  0.00094356   -0.00361749  0.01453179
 -0.00499560 -0.00094356    0.23705383  0.00000000    0.00499560 -0.00094356
 -0.00361749 -0.01453179    0.00499560  0.00094356    0.26582527  0.00000000
    1    2
 -0.02898152 -0.05877973   -0.10511901 -0.03871859   -0.02176716 -0.03770183
 -0.10511901 -0.03871859   -0.02902669 -0.05027570   -0.01902823  0.11039502
 -0.02176716 -0.03770183   -0.01902823  0.11039502   -0.03641398 -0.05448860
    2    1
 -0.02898152  0.05877973   -0.10511901  0.03871859   -0.02176716  0.03770183
 -0.10511901  0.03871859   -0.02902669  0.05027570   -0.01902823 -0.11039502
 -0.02176716  0.03770183   -0.01902823 -0.11039502   -0.03641398  0.05448860
    2    2
  0.26582527  0.00000000   -0.00499560 -0.00094356   -0.00361749 -0.01453179
 -0.00499560  0.00094356    0.23705383  0.00000000    0.00499560  0.00094356
 -0.00361749  0.01453179    0.00499560 -0.00094356    0.26582527  0.00000000

     Dynamical  Matrix in cartesian axes

     q = (    0.166666667  -0.500000000   0.833333333 ) 

    1    1
  0.26582527  0.00000000   -0.00499560 -0.00094356    0.00361749  0.01453179
 -0.00499560  0.00094356    0.23705383  0.00000000   -0.00499560 -0.00094356
  0.00361749 -0.01453179   -0.00499560  0.00094356    0.26582527  0.00000000
    1    2
 -0.06539550  0.00429114   -0.08609078 -0.07167644    0.04353432 -0.00000000
 -0.08609078 -0.07167644   -0.05805338  0.00000000   -0.08609078  0.07167644
  0.04353432  0.00000000   -0.08609078  0.07167644   -0.06539550 -0.00429114
    2    1
 -0.06539550 -0.00429114   -0.08609078  0.07167644    0.04353432  0.00000000
 -0.08609078  0.07167644   -0.05805338 -0.00000000   -0.08609078 -0.07167644
  0.04353432 -0.00000000   -0.08609078 -0.07167644   -0.06539550  0.00429114
    2    2
  0.26582527  0.00000000   -0.00499560  0.00094356    0.00361749 -0.01453179
 -0.00499560 -0.00094356    0.23705383  0.00000000   -0.00499560  0.00094356
  0.00361749  0.01453179   -0.00499560 -0.00094356    0.26582527  0.00000000

     Dynamical  Matrix in cartesian axes

     q = (   -0.166666667   0.500000000   0.833333333 ) 

    1    1
  0.26582527  0.00000000   -0.00499560 -0.00094356   -0.00361749 -0.01453179
 -0.00499560  0.00094356    0.23705383  0.00000000    0.00499560  0.00094356
 -0.00361749  0.01453179    0.00499560 -0.00094356    0.26582527  0.00000000
    1    2
 -0.02898152  0.05877973   -0.10511901  0.03871859   -0.02176716  0.03770183
 -0.10511901  0.03871859   -0.02902669  0.05027570   -0.01902823 -0.11039502
 -0.02176716  0.03770183   -0.01902823 -0.11039502   -0.03641398  0.05448860
    2    1
 -0.02898152 -0.05877973   -0.10511901 -0.03871859   -0.02176716 -0.03770183
 -0.10511901 -0.03871859   -0.02902669 -0.05027570   -0.01902823  0.11039502
 -0.02176716 -0.03770183   -0.01902823  0.11039502   -0.03641398 -0.05448860
    2    2
  0.26582527  0.00000000   -0.00499560  0.00094356   -0.00361749  0.01453179
 -0.00499560 -0.00094356    0.23705383  0.00000000    0.00499560 -0.00094356
 -0.00361749 -0.01453179    0.00499560  0.00094356    0.26582527  0.00000000

     Dynamical  Matrix in cartesian axes

     q = (    0.166666667   0.500000000  -0.833333333 ) 

    1    1
  0.26582527  0.00000000    0.00499560  0.00094356   -0.00361749 -0.01453179
  0.00499560 -0.00094356    0.23705383  0.00000000   -0.00499560 -0.00094356
 -0.00361749  0.01453179   -0.00499560  0.00094356    0.26582527  0.00000000
    1    2
 -0.03641398 -0.05448860   -0.01902823  0.11039502   -0.02176716 -0.03770183
 -0.01902823  0.11039502   -0.02902669 -0.05027570   -0.10511901 -0.03871859
 -0.02176716 -0.03770183   -0.10511901 -0.03871859   -0.02898152 -0.05877973
    2    1
 -0.03641398  0.05448860   -0.01902823 -0.11039502   -0.02176716  0.03770183
 -0.01902823 -0.11039502   -0.02902669  0.05027570   -0.10511901  0.03871859
 -0.02176716  0.03770183   -0.10511901  0.03871859   -0.02898152  0.05877973
    2    2
  0.26582527  0.00000000    0.00499560 -0.00094356   -0.00361749  0.01453179
  0.00499560  0.00094356    0.23705383  0.00000000   -0.00499560  0.00094356
 -0.00361749 -0.01453179   -0.00499560 -0.00094356    0.26582527 -0.00000000

     Dynamical  Matrix in cartesian axes

     q = (   -0.166666667  -0.500000000  -0.833333333 ) 

    1    1
  0.26582527  0.00000000    0.00499560  0.00094356    0.00361749  0.01453179
  0.00499560 -0.00094356    0.23705383  0.00000000    0.00499560  0.00094356
  0.00361749 -0.01453179    0.00499560 -0.00094356    0.26582527 -0.00000000
    1    2
  0.06539550 -0.00429114   -0.08609078 -0.07167644   -0.04353432 -0.00000000
 -0.08609078 -0.07167644    0.05805338  0.00000000   -0.08609078  0.07167644
 -0.04353432 -0.00000000   -0.08609078  0.07167644    0.06539550  0.00429114
    2    1
  0.06539550  0.00429114   -0.08609078  0.07167644   -0.04353432  0.00000000
 -0.08609078  0.07167644    0.05805338 -0.00000000   -0.08609078 -0.07167644
 -0.04353432  0.00000000   -0.08609078 -0.07167644    0.06539550 -0.00429114
    2    2
  0.26582527 -0.00000000    0.00499560 -0.00094356    0.00361749 -0.01453179
  0.00499560  0.00094356    0.23705383  0.00000000    0.00499560 -0.00094356
  0.00361749  0.01453179    0.00499560  0.00094356    0.26582527  0.00000000

     Dynamical  Matrix in cartesian axes

     q = (   -0.500000000   0.833333333   0.166666667 ) 

    1    1
  0.23705383  0.00000000   -0.00499560 -0.00094356   -0.00499560  0.00094356
 -0.00499560  0.00094356    0.26582527  0.00000000    0.00361749 -0.01453179
 -0.00499560 -0.00094356    0.00361749  0.01453179    0.26582527  0.00000000
    1    2
 -0.05805338 -0.00000000   -0.08609078  0.07167644   -0.08609078 -0.07167644
 -0.08609078  0.07167644   -0.06539550 -0.00429114    0.04353432  0.00000000
 -0.08609078 -0.07167644    0.04353432  0.00000000   -0.06539550  0.00429114
    2    1
 -0.05805338  0.00000000   -0.08609078 -0.07167644   -0.08609078  0.07167644
 -0.08609078 -0.07167644   -0.06539550  0.00429114    0.04353432 -0.00000000
 -0.08609078  0.07167644    0.04353432 -0.00000000   -0.06539550 -0.00429114
    2    2
  0.23705383  0.00000000   -0.00499560  0.00094356   -0.00499560 -0.00094356
 -0.00499560 -0.00094356    0.26582527  0.00000000    0.00361749  0.01453179
 -0.00499560  0.00094356    0.00361749 -0.01453179    0.26582527  0.00000000

     Diagonalizing the dynamical matrix

     q = (    0.500000000  -0.166666667   0.833333333 ) 

 **************************************************************************
     freq (    1) =       5.158520 [THz] =     172.069716 [cm-1]
 ( -0.063213  0.567869 -0.147279  0.255094 -0.087576 -0.281238 ) 
 ( -0.523396  0.229191 -0.199771  0.216462  0.294558  0.000000 ) 
     freq (    2) =       6.152627 [THz] =     205.229543 [cm-1]
 (  0.252770  0.283689  0.210840 -0.365186  0.386991 -0.167487 ) 
 (  0.119297 -0.360749  0.338544  0.251400  0.421680  0.000000 ) 
     freq (    3) =       9.617475 [THz] =     320.804436 [cm-1]
 (  0.270405 -0.123419 -0.226839  0.392897  0.445443  0.086052 ) 
 ( -0.242086 -0.172468  0.148198  0.428791 -0.453679  0.000000 ) 
     freq (    4) =      11.061902 [THz] =     368.985329 [cm-1]
 (  0.214345 -0.086462 -0.236268  0.409228  0.454085  0.130757 ) 
 (  0.182050  0.142397 -0.113804 -0.458627  0.472536  0.000000 ) 
     freq (    5) =      13.505050 [THz] =     450.479980 [cm-1]
 ( -0.047166  0.514832 -0.170559  0.295417 -0.114042 -0.321490 ) 
 (  0.469441 -0.216569  0.221398 -0.259508 -0.341118  0.000000 ) 
     freq (    6) =      13.722101 [THz] =     457.720007 [cm-1]
 ( -0.189676 -0.290055 -0.217914  0.377438 -0.433142  0.048307 ) 
 (  0.156358 -0.309292  0.258406  0.350959  0.435827  0.000000 ) 
 **************************************************************************
