Dynamical matrix file
                                                                           
  1    2  2 10.3400000  0.0000000  0.0000000  0.0000000  0.0000000  0.0000000
           1  'Si  '    25598.8229845270     
    1    1      0.0000000000      0.0000000000      0.0000000000
    2    1      0.2500000000      0.2500000000      0.2500000000

     Dynamical  Matrix in cartesian axes

     q = (    0.500000000  -0.166666667   0.500000000 ) 

    1    1
  0.25854191 -0.00000000   -0.00832291  0.00668248    0.01146836 -0.00000000
 -0.00832291 -0.00668248    0.27246860 -0.00000000   -0.00832291 -0.00668248
  0.01146836 -0.00000000   -0.00832291  0.00668248    0.25854191 -0.00000000
    1    2
 -0.06671731  0.10517057   -0.08459762  0.00164338    0.04594548 -0.07216772
 -0.08459762  0.00164338   -0.07155698  0.11978142   -0.08459762  0.00164338
  0.04594548 -0.07216772   -0.08459762  0.00164338   -0.06671731  0.10517057
    2    1
 -0.06671731 -0.10517057   -0.08459762 -0.00164338    0.04594548  0.07216772
 -0.08459762 -0.00164338   -0.07155698 -0.11978142   -0.08459762 -0.00164338
  0.04594548  0.07216772   -0.08459762 -0.00164338   -0.06671731 -0.10517057
    2    2
  0.25854191  0.00000000   -0.00832291 -0.00668248    0.01146836  0.00000000
 -0.00832291  0.00668248    0.27246860  0.00000000   -0.00832291  0.00668248
  0.01146836  0.00000000   -0.00832291 -0.00668248    0.25854191  0.00000000

     Dynamical  Matrix in cartesian axes

     q = (   -0.500000000  -0.166666667  -0.500000000 ) 

    1    1
  0.25854191  0.00000000    0.00832291 -0.00668248    0.01146836  0.00000000
  0.00832291  0.00668248    0.27246860  0.00000000    0.00832291  0.00668248
  0.01146836  0.00000000    0.00832291 -0.00668248    0.25854191  0.00000000
    1    2
  0.06671731 -0.10517057   -0.08459762  0.00164338   -0.04594548  0.07216772
 -0.08459762  0.00164338    0.07155698 -0.11978142   -0.08459762  0.00164338
 -0.04594548  0.07216772   -0.08459762  0.00164338    0.06671731 -0.10517057
    2    1
  0.06671731  0.10517057   -0.08459762 -0.00164338   -0.04594548 -0.07216772
 -0.08459762 -0.00164338    0.07155698  0.11978142   -0.08459762 -0.00164338
 -0.04594548 -0.07216772   -0.08459762 -0.00164338    0.06671731  0.10517057
    2    2
  0.25854191 -0.00000000    0.00832291  0.00668248    0.01146836 -0.00000000
  0.00832291 -0.00668248    0.27246860 -0.00000000    0.00832291 -0.00668248
  0.01146836 -0.00000000    0.00832291  0.00668248    0.25854191 -0.00000000

     Dynamical  Matrix in cartesian axes

     q = (    0.500000000  -0.166666667  -0.500000000 ) 

    1    1
  0.25854191  0.00000000   -0.00832291 -0.00668248   -0.01146836  0.00000000
 -0.00832291  0.00668248    0.27246860  0.00000000    0.00832291 -0.00668248
 -0.01146836  0.00000000    0.00832291  0.00668248    0.25854191  0.00000000
    1    2
 -0.12443904  0.00519360   -0.04372201  0.07244200   -0.08547182  0.00370610
 -0.04372201  0.07244200   -0.13951224  0.00207945    0.04372201 -0.07244200
 -0.08547182  0.00370610    0.04372201 -0.07244200   -0.12443904  0.00519360
    2    1
 -0.12443904 -0.00519360   -0.04372201 -0.07244200   -0.08547182 -0.00370610
 -0.04372201 -0.07244200   -0.13951224 -0.00207945    0.04372201  0.07244200
 -0.08547182 -0.00370610    0.04372201  0.07244200   -0.12443904 -0.00519360
    2    2
  0.25854191  0.00000000   -0.00832291  0.00668248   -0.01146836  0.00000000
 -0.00832291 -0.00668248    0.27246860 -0.00000000    0.00832291  0.00668248
 -0.01146836  0.00000000    0.00832291 -0.00668248    0.25854191  0.00000000

     Dynamical  Matrix in cartesian axes

     q = (   -0.500000000  -0.166666667   0.500000000 ) 

    1    1
  0.25854191  0.00000000    0.00832291  0.00668248   -0.01146836  0.00000000
  0.00832291 -0.00668248    0.27246860 -0.00000000   -0.00832291  0.00668248
 -0.01146836  0.00000000   -0.00832291 -0.00668248    0.25854191  0.00000000
    1    2
 -0.12443904  0.00519360    0.04372201 -0.07244200   -0.08547182  0.00370610
  0.04372201 -0.07244200   -0.13951224  0.00207945   -0.04372201  0.07244200
 -0.08547182  0.00370610   -0.04372201  0.07244200   -0.12443904  0.00519360
    2    1
 -0.12443904 -0.00519360    0.04372201  0.07244200   -0.08547182 -0.00370610
  0.04372201  0.07244200   -0.13951224 -0.00207945   -0.04372201 -0.07244200
 -0.08547182 -0.00370610   -0.04372201 -0.07244200   -0.12443904 -0.00519360
    2    2
  0.25854191  0.00000000    0.00832291 -0.00668248   -0.01146836  0.00000000
  0.00832291  0.00668248    0.27246860  0.00000000   -0.00832291 -0.00668248
 -0.01146836  0.00000000   -0.00832291  0.00668248    0.25854191  0.00000000

     Dynamical  Matrix in cartesian axes

     q = (   -0.166666667   0.500000000  -0.500000000 ) 

    1    1
  0.27246860  0.00000000   -0.00832291  0.00668248    0.00832291 -0.00668248
 -0.00832291 -0.00668248    0.25854191  0.00000000   -0.01146836 -0.00000000
  0.00832291  0.00668248   -0.01146836 -0.00000000    0.25854191  0.00000000
    1    2
 -0.13951224  0.00207945   -0.04372201  0.07244200    0.04372201 -0.07244200
 -0.04372201  0.07244200   -0.12443904  0.00519360   -0.08547182  0.00370610
  0.04372201 -0.07244200   -0.08547182  0.00370610   -0.12443904  0.00519360
    2    1
 -0.13951224 -0.00207945   -0.04372201 -0.07244200    0.04372201  0.07244200
 -0.04372201 -0.07244200   -0.12443904 -0.00519360   -0.08547182 -0.00370610
  0.04372201  0.07244200   -0.08547182 -0.00370610   -0.12443904 -0.00519360
    2    2
  0.27246860 -0.00000000   -0.00832291 -0.00668248    0.00832291  0.00668248
 -0.00832291  0.00668248    0.25854191 -0.00000000   -0.01146836  0.00000000
  0.00832291 -0.00668248   -0.01146836  0.00000000    0.25854191 -0.00000000

     Dynamical  Matrix in cartesian axes

     q = (   -0.500000000   0.500000000  -0.166666667 ) 

    1    1
  0.25854191  0.00000000   -0.01146836 -0.00000000    0.00832291  0.00668248
 -0.01146836 -0.00000000    0.25854191  0.00000000   -0.00832291 -0.00668248
  0.00832291 -0.00668248   -0.00832291  0.00668248    0.27246860  0.00000000
    1    2
 -0.12443904  0.00519360   -0.08547182  0.00370610    0.04372201 -0.07244200
 -0.08547182  0.00370610   -0.12443904  0.00519360   -0.04372201  0.07244200
  0.04372201 -0.07244200   -0.04372201  0.07244200   -0.13951224  0.00207945
    2    1
 -0.12443904 -0.00519360   -0.08547182 -0.00370610    0.04372201  0.07244200
 -0.08547182 -0.00370610   -0.12443904 -0.00519360   -0.04372201 -0.07244200
  0.04372201  0.07244200   -0.04372201 -0.07244200   -0.13951224 -0.00207945
    2    2
  0.25854191 -0.00000000   -0.01146836  0.00000000    0.00832291 -0.00668248
 -0.01146836  0.00000000    0.25854191 -0.00000000   -0.00832291  0.00668248
  0.00832291  0.00668248   -0.00832291 -0.00668248    0.27246860 -0.00000000

     Dynamical  Matrix in cartesian axes

     q = (    0.500000000   0.166666667   0.500000000 ) 

    1    1
  0.25854191 -0.00000000    0.00832291  0.00668248    0.01146836 -0.00000000
  0.00832291 -0.00668248    0.27246860 -0.00000000    0.00832291 -0.00668248
  0.01146836 -0.00000000    0.00832291  0.00668248    0.25854191 -0.00000000
    1    2
  0.06671731  0.10517057   -0.08459762 -0.00164338   -0.04594548 -0.07216772
 -0.08459762 -0.00164338    0.07155698  0.11978142   -0.08459762 -0.00164338
 -0.04594548 -0.07216772   -0.08459762 -0.00164338    0.06671731  0.10517057
    2    1
  0.06671731 -0.10517057   -0.08459762  0.00164338   -0.04594548  0.07216772
 -0.08459762  0.00164338    0.07155698 -0.11978142   -0.08459762  0.00164338
 -0.04594548  0.07216772   -0.08459762  0.00164338    0.06671731 -0.10517057
    2    2
  0.25854191  0.00000000    0.00832291 -0.00668248    0.01146836  0.00000000
  0.00832291  0.00668248    0.27246860  0.00000000    0.00832291  0.00668248
  0.01146836  0.00000000    0.00832291 -0.00668248    0.25854191  0.00000000

     Dynamical  Matrix in cartesian axes

     q = (   -0.500000000   0.166666667   0.500000000 ) 

    1    1
  0.25854191  0.00000000   -0.00832291  0.00668248   -0.01146836  0.00000000
 -0.00832291 -0.00668248    0.27246860 -0.00000000    0.00832291  0.00668248
 -0.01146836  0.00000000    0.00832291 -0.00668248    0.25854191  0.00000000
    1    2
 -0.12443904 -0.00519360   -0.04372201 -0.07244200   -0.08547182 -0.00370610
 -0.04372201 -0.07244200   -0.13951224 -0.00207945    0.04372201  0.07244200
 -0.08547182 -0.00370610    0.04372201  0.07244200   -0.12443904 -0.00519360
    2    1
 -0.12443904  0.00519360   -0.04372201  0.07244200   -0.08547182  0.00370610
 -0.04372201  0.07244200   -0.13951224  0.00207945    0.04372201 -0.07244200
 -0.08547182  0.00370610    0.04372201 -0.07244200   -0.12443904  0.00519360
    2    2
  0.25854191  0.00000000   -0.00832291 -0.00668248   -0.01146836  0.00000000
 -0.00832291  0.00668248    0.27246860  0.00000000    0.00832291 -0.00668248
 -0.01146836  0.00000000    0.00832291  0.00668248    0.25854191  0.00000000

     Dynamical  Matrix in cartesian axes

     q = (    0.500000000   0.166666667  -0.500000000 ) 

    1    1
  0.25854191  0.00000000    0.00832291 -0.00668248   -0.01146836  0.00000000
  0.00832291  0.00668248    0.27246860  0.00000000   -0.00832291 -0.00668248
 -0.01146836  0.00000000   -0.00832291  0.00668248    0.25854191  0.00000000
    1    2
 -0.12443904 -0.00519360    0.04372201  0.07244200   -0.08547182 -0.00370610
  0.04372201  0.07244200   -0.13951224 -0.00207945   -0.04372201 -0.07244200
 -0.08547182 -0.00370610   -0.04372201 -0.07244200   -0.12443904 -0.00519360
    2    1
 -0.12443904  0.00519360    0.04372201 -0.07244200   -0.08547182  0.00370610
  0.04372201 -0.07244200   -0.13951224  0.00207945   -0.04372201  0.07244200
 -0.08547182  0.00370610   -0.04372201  0.07244200   -0.12443904  0.00519360
    2    2
  0.25854191  0.00000000    0.00832291  0.00668248   -0.01146836  0.00000000
  0.00832291 -0.00668248    0.27246860 -0.00000000   -0.00832291  0.00668248
 -0.01146836  0.00000000   -0.00832291 -0.00668248    0.25854191  0.00000000

     Dynamical  Matrix in cartesian axes

     q = (   -0.166666667   0.500000000   0.500000000 ) 

    1    1
  0.27246860 -0.00000000   -0.00832291 -0.00668248   -0.00832291 -0.00668248
 -0.00832291  0.00668248    0.25854191 -0.00000000    0.01146836  0.00000000
 -0.00832291  0.00668248    0.01146836  0.00000000    0.25854191 -0.00000000
    1    2
 -0.07155698  0.11978142   -0.08459762  0.00164338   -0.08459762  0.00164338
 -0.08459762  0.00164338   -0.06671731  0.10517057    0.04594548 -0.07216772
 -0.08459762  0.00164338    0.04594548 -0.07216772   -0.06671731  0.10517057
    2    1
 -0.07155698 -0.11978142   -0.08459762 -0.00164338   -0.08459762 -0.00164338
 -0.08459762 -0.00164338   -0.06671731 -0.10517057    0.04594548  0.07216772
 -0.08459762 -0.00164338    0.04594548  0.07216772   -0.06671731 -0.10517057
    2    2
  0.27246860  0.00000000   -0.00832291  0.00668248   -0.00832291  0.00668248
 -0.00832291 -0.00668248    0.25854191  0.00000000    0.01146836 -0.00000000
 -0.00832291 -0.00668248    0.01146836 -0.00000000    0.25854191  0.00000000

     Dynamical  Matrix in cartesian axes

     q = (    0.166666667   0.500000000  -0.500000000 ) 

    1    1
  0.27246860  0.00000000    0.00832291  0.00668248   -0.00832291 -0.00668248
  0.00832291 -0.00668248    0.25854191  0.00000000   -0.01146836 -0.00000000
 -0.00832291  0.00668248   -0.01146836 -0.00000000    0.25854191  0.00000000
    1    2
 -0.13951224 -0.00207945    0.04372201  0.07244200   -0.04372201 -0.07244200
  0.04372201  0.07244200   -0.12443904 -0.00519360   -0.08547182 -0.00370610
 -0.04372201 -0.07244200   -0.08547182 -0.00370610   -0.12443904 -0.00519360
    2    1
 -0.13951224  0.00207945    0.04372201 -0.07244200   -0.04372201  0.07244200
  0.04372201 -0.07244200   -0.12443904  0.00519360   -0.08547182  0.00370610
 -0.04372201  0.07244200   -0.08547182  0.00370610   -0.12443904  0.00519360
    2    2
  0.27246860 -0.00000000    0.00832291 -0.00668248   -0.00832291  0.00668248
  0.00832291  0.00668248    0.25854191 -0.00000000   -0.01146836  0.00000000
 -0.00832291 -0.00668248   -0.01146836  0.00000000    0.25854191 -0.00000000

     Dynamical  Matrix in cartesian axes

     q = (   -0.166666667  -0.500000000  -0.500000000 ) 

    1    1
  0.27246860  0.00000000    0.00832291  0.00668248    0.00832291  0.00668248
  0.00832291 -0.00668248    0.25854191  0.00000000    0.01146836 -0.00000000
  0.00832291 -0.00668248    0.01146836 -0.00000000    0.25854191  0.00000000
    1    2
  0.07155698 -0.11978142   -0.08459762  0.00164338   -0.08459762  0.00164338
 -0.08459762  0.00164338    0.06671731 -0.10517057   -0.04594548  0.07216772
 -0.08459762  0.00164338   -0.04594548  0.07216772    0.06671731 -0.10517057
    2    1
  0.07155698  0.11978142   -0.08459762 -0.00164338   -0.08459762 -0.00164338
 -0.08459762 -0.00164338    0.06671731  0.10517057   -0.04594548 -0.07216772
 -0.08459762 -0.00164338   -0.04594548 -0.07216772    0.06671731  0.10517057
    2    2
  0.27246860 -0.00000000    0.00832291 -0.00668248    0.00832291 -0.00668248
  0.00832291  0.00668248    0.25854191 -0.00000000    0.01146836  0.00000000
  0.00832291  0.00668248    0.01146836  0.00000000    0.25854191 -0.00000000

     Dynamical  Matrix in cartesian axes

     q = (    0.500000000  -0.500000000   0.166666667 ) 

    1    1
  0.25854191 -0.00000000   -0.01146836  0.00000000    0.00832291 -0.00668248
 -0.01146836  0.00000000    0.25854191 -0.00000000   -0.00832291  0.00668248
  0.00832291  0.00668248   -0.00832291 -0.00668248    0.27246860 -0.00000000
    1    2
 -0.12443904 -0.00519360   -0.08547182 -0.00370610    0.04372201  0.07244200
 -0.08547182 -0.00370610   -0.12443904 -0.00519360   -0.04372201 -0.07244200
  0.04372201  0.07244200   -0.04372201 -0.07244200   -0.13951224 -0.00207945
    2    1
 -0.12443904  0.00519360   -0.08547182  0.00370610    0.04372201 -0.07244200
 -0.08547182  0.00370610   -0.12443904  0.00519360   -0.04372201  0.07244200
  0.04372201 -0.07244200   -0.04372201  0.07244200   -0.13951224  0.00207945
    2    2
  0.25854191  0.00000000   -0.01146836 -0.00000000    0.00832291  0.00668248
 -0.01146836 -0.00000000    0.25854191  0.00000000   -0.00832291 -0.00668248
  0.00832291 -0.00668248   -0.00832291  0.00668248    0.27246860  0.00000000

     Dynamical  Matrix in cartesian axes

     q = (    0.500000000   0.500000000  -0.166666667 ) 

    1    1
  0.25854191  0.00000000    0.01146836  0.00000000   -0.00832291  0.00668248
  0.01146836  0.00000000    0.25854191  0.00000000   -0.00832291  0.00668248
 -0.00832291 -0.00668248   -0.00832291 -0.00668248    0.27246860  0.00000000
    1    2
 -0.06671731  0.10517057    0.04594548 -0.07216772   -0.08459762  0.00164338
  0.04594548 -0.07216772   -0.06671731  0.10517057   -0.08459762  0.00164338
 -0.08459762  0.00164338   -0.08459762  0.00164338   -0.07155698  0.11978142
    2    1
 -0.06671731 -0.10517057    0.04594548  0.07216772   -0.08459762 -0.00164338
  0.04594548  0.07216772   -0.06671731 -0.10517057   -0.08459762 -0.00164338
 -0.08459762 -0.00164338   -0.08459762 -0.00164338   -0.07155698 -0.11978142
    2    2
  0.25854191 -0.00000000    0.01146836 -0.00000000   -0.00832291 -0.00668248
  0.01146836 -0.00000000    0.25854191 -0.00000000   -0.00832291 -0.00668248
 -0.00832291  0.00668248   -0.00832291  0.00668248    0.27246860 -0.00000000

     Dynamical  Matrix in cartesian axes

     q = (   -0.500000000  -0.500000000  -0.166666667 ) 

    1    1
  0.25854191 -0.00000000    0.01146836 -0.00000000    0.00832291 -0.00668248
  0.01146836 -0.00000000    0.25854191 -0.00000000    0.00832291 -0.00668248
  0.00832291  0.00668248    0.00832291  0.00668248    0.27246860 -0.00000000
    1    2
  0.06671731 -0.10517057   -0.04594548  0.07216772   -0.08459762  0.00164338
 -0.04594548  0.07216772    0.06671731 -0.10517057   -0.08459762  0.00164338
 -0.08459762  0.00164338   -0.08459762  0.00164338    0.07155698 -0.11978142
    2    1
  0.06671731  0.10517057   -0.04594548 -0.07216772   -0.08459762 -0.00164338
 -0.04594548 -0.07216772    0.06671731  0.10517057   -0.08459762 -0.00164338
 -0.08459762 -0.00164338   -0.08459762 -0.00164338    0.07155698  0.11978142
    2    2
  0.25854191  0.00000000    0.01146836  0.00000000    0.00832291  0.00668248
  0.01146836  0.00000000    0.25854191  0.00000000    0.00832291  0.00668248
  0.00832291 -0.00668248    0.00832291 -0.00668248    0.27246860  0.00000000

     Dynamical  Matrix in cartesian axes

     q = (   -0.500000000   0.500000000   0.166666667 ) 

    1    1
  0.25854191 -0.00000000   -0.01146836  0.00000000   -0.00832291  0.00668248
 -0.01146836  0.00000000    0.25854191 -0.00000000    0.00832291 -0.00668248
 -0.00832291 -0.00668248    0.00832291  0.00668248    0.27246860 -0.00000000
    1    2
 -0.12443904 -0.00519360   -0.08547182 -0.00370610   -0.04372201 -0.07244200
 -0.08547182 -0.00370610   -0.12443904 -0.00519360    0.04372201  0.07244200
 -0.04372201 -0.07244200    0.04372201  0.07244200   -0.13951224 -0.00207945
    2    1
 -0.12443904  0.00519360   -0.08547182  0.00370610   -0.04372201  0.07244200
 -0.08547182  0.00370610   -0.12443904  0.00519360    0.04372201 -0.07244200
 -0.04372201  0.07244200    0.04372201 -0.07244200   -0.13951224  0.00207945
    2    2
  0.25854191  0.00000000   -0.01146836 -0.00000000   -0.00832291 -0.00668248
 -0.01146836 -0.00000000    0.25854191  0.00000000    0.00832291  0.00668248
 -0.00832291  0.00668248    0.00832291 -0.00668248    0.27246860  0.00000000

     Dynamical  Matrix in cartesian axes

     q = (    0.166666667  -0.500000000   0.500000000 ) 

    1    1
  0.27246860 -0.00000000   -0.00832291 -0.00668248    0.00832291  0.00668248
 -0.00832291  0.00668248    0.25854191 -0.00000000   -0.01146836  0.00000000
  0.00832291 -0.00668248   -0.01146836  0.00000000    0.25854191 -0.00000000
    1    2
 -0.13951224 -0.00207945   -0.04372201 -0.07244200    0.04372201  0.07244200
 -0.04372201 -0.07244200   -0.12443904 -0.00519360   -0.08547182 -0.00370610
  0.04372201  0.07244200   -0.08547182 -0.00370610   -0.12443904 -0.00519360
    2    1
 -0.13951224  0.00207945   -0.04372201  0.07244200    0.04372201 -0.07244200
 -0.04372201  0.07244200   -0.12443904  0.00519360   -0.08547182  0.00370610
  0.04372201 -0.07244200   -0.08547182  0.00370610   -0.12443904  0.00519360
    2    2
  0.27246860  0.00000000   -0.00832291  0.00668248    0.00832291 -0.00668248
 -0.00832291 -0.00668248    0.25854191  0.00000000   -0.01146836 -0.00000000
  0.00832291  0.00668248   -0.01146836 -0.00000000    0.25854191  0.00000000

     Dynamical  Matrix in cartesian axes

     q = (    0.166666667   0.500000000   0.500000000 ) 

    1    1
  0.27246860 -0.00000000    0.00832291 -0.00668248    0.00832291 -0.00668248
  0.00832291  0.00668248    0.25854191 -0.00000000    0.01146836  0.00000000
  0.00832291  0.00668248    0.01146836  0.00000000    0.25854191 -0.00000000
    1    2
  0.07155698  0.11978142   -0.08459762 -0.00164338   -0.08459762 -0.00164338
 -0.08459762 -0.00164338    0.06671731  0.10517057   -0.04594548 -0.07216772
 -0.08459762 -0.00164338   -0.04594548 -0.07216772    0.06671731  0.10517057
    2    1
  0.07155698 -0.11978142   -0.08459762  0.00164338   -0.08459762  0.00164338
 -0.08459762  0.00164338    0.06671731 -0.10517057   -0.04594548  0.07216772
 -0.08459762  0.00164338   -0.04594548  0.07216772    0.06671731 -0.10517057
    2    2
  0.27246860  0.00000000    0.00832291  0.00668248    0.00832291  0.00668248
  0.00832291 -0.00668248    0.25854191  0.00000000    0.01146836 -0.00000000
  0.00832291 -0.00668248    0.01146836 -0.00000000    0.25854191  0.00000000

     Dynamical  Matrix in cartesian axes

     q = (   -0.500000000   0.166666667  -0.500000000 ) 

    1    1
  0.25854191  0.00000000   -0.00832291 -0.00668248    0.01146836  0.00000000
 -0.00832291  0.00668248    0.27246860  0.00000000   -0.00832291  0.00668248
  0.01146836  0.00000000   -0.00832291 -0.00668248    0.25854191  0.00000000
    1    2
 -0.06671731 -0.10517057   -0.08459762 -0.00164338    0.04594548  0.07216772
 -0.08459762 -0.00164338   -0.07155698 -0.11978142   -0.08459762 -0.00164338
  0.04594548  0.07216772   -0.08459762 -0.00164338   -0.06671731 -0.10517057
    2    1
 -0.06671731  0.10517057   -0.08459762  0.00164338    0.04594548 -0.07216772
 -0.08459762  0.00164338   -0.07155698  0.11978142   -0.08459762  0.00164338
  0.04594548 -0.07216772   -0.08459762  0.00164338   -0.06671731  0.10517057
    2    2
  0.25854191 -0.00000000   -0.00832291  0.00668248    0.01146836 -0.00000000
 -0.00832291 -0.00668248    0.27246860 -0.00000000   -0.00832291 -0.00668248
  0.01146836 -0.00000000   -0.00832291  0.00668248    0.25854191 -0.00000000

     Dynamical  Matrix in cartesian axes

     q = (   -0.166666667  -0.500000000   0.500000000 ) 

    1    1
  0.27246860 -0.00000000    0.00832291 -0.00668248   -0.00832291  0.00668248
  0.00832291  0.00668248    0.25854191 -0.00000000   -0.01146836  0.00000000
 -0.00832291 -0.00668248   -0.01146836  0.00000000    0.25854191 -0.00000000
    1    2
 -0.13951224  0.00207945    0.04372201 -0.07244200   -0.04372201  0.07244200
  0.04372201 -0.07244200   -0.12443904  0.00519360   -0.08547182  0.00370610
 -0.04372201  0.07244200   -0.08547182  0.00370610   -0.12443904  0.00519360
    2    1
 -0.13951224 -0.00207945    0.04372201  0.07244200   -0.04372201 -0.07244200
  0.04372201  0.07244200   -0.12443904 -0.00519360   -0.08547182 -0.00370610
 -0.04372201 -0.07244200   -0.08547182 -0.00370610   -0.12443904 -0.00519360
    2    2
  0.27246860  0.00000000    0.00832291  0.00668248   -0.00832291 -0.00668248
  0.00832291 -0.00668248    0.25854191  0.00000000   -0.01146836 -0.00000000
 -0.00832291  0.00668248   -0.01146836 -0.00000000    0.25854191  0.00000000

     Dynamical  Matrix in cartesian axes

     q = (   -0.500000000  -0.500000000   0.166666667 ) 

    1    1
  0.25854191 -0.00000000    0.01146836 -0.00000000   -0.00832291 -0.00668248
  0.01146836 -0.00000000    0.25854191 -0.00000000   -0.00832291 -0.00668248
 -0.00832291  0.00668248   -0.00832291  0.00668248    0.27246860 -0.00000000
    1    2
 -0.06671731 -0.10517057    0.04594548  0.07216772   -0.08459762 -0.00164338
  0.04594548  0.07216772   -0.06671731 -0.10517057   -0.08459762 -0.00164338
 -0.08459762 -0.00164338   -0.08459762 -0.00164338   -0.07155698 -0.11978142
    2    1
 -0.06671731  0.10517057    0.04594548 -0.07216772   -0.08459762  0.00164338
  0.04594548 -0.07216772   -0.06671731  0.10517057   -0.08459762  0.00164338
 -0.08459762  0.00164338   -0.08459762  0.00164338   -0.07155698  0.11978142
    2    2
  0.25854191  0.00000000    0.01146836  0.00000000   -0.00832291  0.00668248
  0.01146836  0.00000000    0.25854191  0.00000000   -0.00832291  0.00668248
 -0.00832291 -0.00668248   -0.00832291 -0.00668248    0.27246860  0.00000000

     Dynamical  Matrix in cartesian axes

     q = (    0.500000000   0.500000000   0.166666667 ) 

    1    1
  0.25854191  0.00000000    0.01146836  0.00000000    0.00832291  0.00668248
  0.01146836  0.00000000    0.25854191  0.00000000    0.00832291  0.00668248
  0.00832291 -0.00668248    0.00832291 -0.00668248    0.27246860  0.00000000
    1    2
  0.06671731  0.10517057   -0.04594548 -0.07216772   -0.08459762 -0.00164338
 -0.04594548 -0.07216772    0.06671731  0.10517057   -0.08459762 -0.00164338
 -0.08459762 -0.00164338   -0.08459762 -0.00164338    0.07155698  0.11978142
    2    1
  0.06671731 -0.10517057   -0.04594548  0.07216772   -0.08459762  0.00164338
 -0.04594548  0.07216772    0.06671731 -0.10517057   -0.08459762  0.00164338
 -0.08459762  0.00164338   -0.08459762  0.00164338    0.07155698 -0.11978142
    2    2
  0.25854191 -0.00000000    0.01146836 -0.00000000    0.00832291 -0.00668248
  0.01146836 -0.00000000    0.25854191 -0.00000000    0.00832291 -0.00668248
  0.00832291  0.00668248    0.00832291  0.00668248    0.27246860 -0.00000000

     Dynamical  Matrix in cartesian axes

     q = (    0.166666667  -0.500000000  -0.500000000 ) 

    1    1
  0.27246860  0.00000000   -0.00832291  0.00668248   -0.00832291  0.00668248
 -0.00832291 -0.00668248    0.25854191  0.00000000    0.01146836 -0.00000000
 -0.00832291 -0.00668248    0.01146836 -0.00000000    0.25854191  0.00000000
    1    2
 -0.07155698 -0.11978142   -0.08459762 -0.00164338   -0.08459762 -0.00164338
 -0.08459762 -0.00164338   -0.06671731 -0.10517057    0.04594548  0.07216772
 -0.08459762 -0.00164338    0.04594548  0.07216772   -0.06671731 -0.10517057
    2    1
 -0.07155698  0.11978142   -0.08459762  0.00164338   -0.08459762  0.00164338
 -0.08459762  0.00164338   -0.06671731  0.10517057    0.04594548 -0.07216772
 -0.08459762  0.00164338    0.04594548 -0.07216772   -0.06671731  0.10517057
    2    2
  0.27246860 -0.00000000   -0.00832291 -0.00668248   -0.00832291 -0.00668248
 -0.00832291  0.00668248    0.25854191 -0.00000000    0.01146836  0.00000000
 -0.00832291  0.00668248    0.01146836  0.00000000    0.25854191 -0.00000000

     Dynamical  Matrix in cartesian axes

     q = (    0.500000000  -0.500000000  -0.166666667 ) 

    1    1
  0.25854191  0.00000000   -0.01146836 -0.00000000   -0.00832291 -0.00668248
 -0.01146836 -0.00000000    0.25854191  0.00000000    0.00832291  0.00668248
 -0.00832291  0.00668248    0.00832291 -0.00668248    0.27246860  0.00000000
    1    2
 -0.12443904  0.00519360   -0.08547182  0.00370610   -0.04372201  0.07244200
 -0.08547182  0.00370610   -0.12443904  0.00519360    0.04372201 -0.07244200
 -0.04372201  0.07244200    0.04372201 -0.07244200   -0.13951224  0.00207945
    2    1
 -0.12443904 -0.00519360   -0.08547182 -0.00370610   -0.04372201 -0.07244200
 -0.08547182 -0.00370610   -0.12443904 -0.00519360    0.04372201  0.07244200
 -0.04372201 -0.07244200    0.04372201  0.07244200   -0.13951224 -0.00207945
    2    2
  0.25854191 -0.00000000   -0.01146836  0.00000000   -0.00832291  0.00668248
 -0.01146836  0.00000000    0.25854191 -0.00000000    0.00832291 -0.00668248
 -0.00832291 -0.00668248    0.00832291  0.00668248    0.27246860 -0.00000000

     Diagonalizing the dynamical matrix

     q = (    0.500000000  -0.166666667   0.500000000 ) 

 **************************************************************************
     freq (    1) =       3.953793 [THz] =     131.884341 [cm-1]
 (  0.268118 -0.422034  0.000000 -0.000000 -0.268118  0.422034 ) 
 (  0.500000 -0.000000  0.000000  0.000000 -0.500000  0.000000 ) 
     freq (    2) =       5.105406 [THz] =     170.298012 [cm-1]
 ( -0.261105 -0.040860 -0.568619  0.192308 -0.261105 -0.040860 ) 
 ( -0.264282  0.000000 -0.532049 -0.277908 -0.264282  0.000000 ) 
     freq (    3) =       8.974697 [THz] =     299.363658 [cm-1]
 (  0.201446  0.368413 -0.323010 -0.207482  0.201446  0.368413 ) 
 ( -0.419891 -0.000000  0.337011  0.183868 -0.419891  0.000000 ) 
     freq (    4) =      12.248348 [THz] =     408.560924 [cm-1]
 (  0.109371  0.429800 -0.310440 -0.101229  0.109371  0.429800 ) 
 (  0.443497  0.000000 -0.174660 -0.275888  0.443497  0.000000 ) 
     freq (    5) =      13.902897 [THz] =     463.750739 [cm-1]
 (  0.268118 -0.422034 -0.000000  0.000000 -0.268118  0.422034 ) 
 ( -0.500000 -0.000000  0.000000  0.000000  0.500000  0.000000 ) 
     freq (    6) =      14.215575 [THz] =     474.180532 [cm-1]
 (  0.137722  0.195422  0.619994 -0.035968  0.137722  0.195422 ) 
 ( -0.239075 -0.000000 -0.327753 -0.527507 -0.239075  0.000000 ) 
 **************************************************************************
