Dynamical matrix file
                                                                           
  1    2  2 10.3880000  0.0000000  0.0000000  0.0000000  0.0000000  0.0000000
           1  'Si  '    25598.8229845270     
    1    1      0.0000000000      0.0000000000      0.0000000000
    2    1      0.2500000000      0.2500000000      0.2500000000

     Dynamical  Matrix in cartesian axes

     q = (    0.000000000   0.333333333   0.000000000 ) 

    1    1
  0.24398183  0.00000000    0.00000000  0.00000000    0.00000000  0.00000000
  0.00000000  0.00000000    0.27863137  0.00000000    0.00000000  0.00000000
  0.00000000  0.00000000    0.00000000  0.00000000    0.24398183  0.00000000
    1    2
 -0.18242884  0.10532534    0.00000000 -0.00000000   -0.03672660 -0.06361234
  0.00000000 -0.00000000   -0.19469555  0.11240753    0.00000000  0.00000000
 -0.03672660 -0.06361234   -0.00000000  0.00000000   -0.18242884  0.10532534
    2    1
 -0.18242884 -0.10532534    0.00000000  0.00000000   -0.03672660  0.06361234
  0.00000000 -0.00000000   -0.19469555 -0.11240753   -0.00000000 -0.00000000
 -0.03672660  0.06361234    0.00000000  0.00000000   -0.18242884 -0.10532534
    2    2
  0.24398183  0.00000000    0.00000000  0.00000000    0.00000000  0.00000000
  0.00000000  0.00000000    0.27863137  0.00000000    0.00000000  0.00000000
  0.00000000  0.00000000    0.00000000  0.00000000    0.24398183  0.00000000

     Dynamical  Matrix in cartesian axes

     q = (    0.333333333   0.000000000   0.000000000 ) 

    1    1
  0.27863137  0.00000000    0.00000000  0.00000000    0.00000000  0.00000000
  0.00000000  0.00000000    0.24398183  0.00000000   -0.00000000  0.00000000
  0.00000000  0.00000000   -0.00000000  0.00000000    0.24398183  0.00000000
    1    2
 -0.19469555  0.11240753    0.00000000 -0.00000000   -0.00000000  0.00000000
 -0.00000000 -0.00000000   -0.18242884  0.10532534   -0.03672660 -0.06361234
  0.00000000  0.00000000   -0.03672660 -0.06361234   -0.18242884  0.10532534
    2    1
 -0.19469555 -0.11240753    0.00000000 -0.00000000    0.00000000  0.00000000
  0.00000000  0.00000000   -0.18242884 -0.10532534   -0.03672660  0.06361234
 -0.00000000  0.00000000   -0.03672660  0.06361234   -0.18242884 -0.10532534
    2    2
  0.27863137  0.00000000    0.00000000  0.00000000    0.00000000  0.00000000
  0.00000000  0.00000000    0.24398183  0.00000000   -0.00000000  0.00000000
  0.00000000  0.00000000   -0.00000000  0.00000000    0.24398183  0.00000000

     Dynamical  Matrix in cartesian axes

     q = (    0.000000000   0.000000000   0.333333333 ) 

    1    1
  0.24398183  0.00000000    0.00000000  0.00000000    0.00000000  0.00000000
  0.00000000  0.00000000    0.24398183  0.00000000    0.00000000  0.00000000
 -0.00000000  0.00000000   -0.00000000  0.00000000    0.27863137  0.00000000
    1    2
 -0.18242884  0.10532534   -0.03672660 -0.06361234    0.00000000  0.00000000
 -0.03672660 -0.06361234   -0.18242884  0.10532534    0.00000000  0.00000000
 -0.00000000 -0.00000000    0.00000000  0.00000000   -0.19469555  0.11240753
    2    1
 -0.18242884 -0.10532534   -0.03672660  0.06361234    0.00000000  0.00000000
 -0.03672660  0.06361234   -0.18242884 -0.10532534    0.00000000 -0.00000000
 -0.00000000  0.00000000    0.00000000 -0.00000000   -0.19469555 -0.11240753
    2    2
  0.24398183  0.00000000    0.00000000  0.00000000    0.00000000  0.00000000
  0.00000000  0.00000000    0.24398183  0.00000000    0.00000000  0.00000000
 -0.00000000  0.00000000   -0.00000000  0.00000000    0.27863137  0.00000000

     Dynamical  Matrix in cartesian axes

     q = (    0.000000000  -0.333333333   0.000000000 ) 

    1    1
  0.24398183  0.00000000    0.00000000  0.00000000    0.00000000  0.00000000
  0.00000000  0.00000000    0.27863137  0.00000000    0.00000000  0.00000000
  0.00000000  0.00000000    0.00000000  0.00000000    0.24398183  0.00000000
    1    2
 -0.18242884 -0.10532534   -0.00000000  0.00000000   -0.03672660  0.06361234
  0.00000000  0.00000000   -0.19469555 -0.11240753    0.00000000 -0.00000000
 -0.03672660  0.06361234    0.00000000 -0.00000000   -0.18242884 -0.10532534
    2    1
 -0.18242884  0.10532534    0.00000000 -0.00000000   -0.03672660 -0.06361234
  0.00000000 -0.00000000   -0.19469555  0.11240753    0.00000000  0.00000000
 -0.03672660 -0.06361234    0.00000000  0.00000000   -0.18242884  0.10532534
    2    2
  0.24398183  0.00000000    0.00000000  0.00000000    0.00000000  0.00000000
  0.00000000  0.00000000    0.27863137  0.00000000    0.00000000  0.00000000
  0.00000000  0.00000000    0.00000000  0.00000000    0.24398183  0.00000000

     Dynamical  Matrix in cartesian axes

     q = (   -0.333333333   0.000000000   0.000000000 ) 

    1    1
  0.27863137  0.00000000    0.00000000  0.00000000    0.00000000  0.00000000
  0.00000000  0.00000000    0.24398183  0.00000000    0.00000000  0.00000000
  0.00000000  0.00000000    0.00000000  0.00000000    0.24398183  0.00000000
    1    2
 -0.19469555 -0.11240753    0.00000000  0.00000000    0.00000000  0.00000000
  0.00000000  0.00000000   -0.18242884 -0.10532534   -0.03672660  0.06361234
  0.00000000  0.00000000   -0.03672660  0.06361234   -0.18242884 -0.10532534
    2    1
 -0.19469555  0.11240753    0.00000000 -0.00000000   -0.00000000  0.00000000
 -0.00000000 -0.00000000   -0.18242884  0.10532534   -0.03672660 -0.06361234
  0.00000000  0.00000000   -0.03672660 -0.06361234   -0.18242884  0.10532534
    2    2
  0.27863137  0.00000000    0.00000000  0.00000000    0.00000000  0.00000000
  0.00000000  0.00000000    0.24398183  0.00000000    0.00000000  0.00000000
  0.00000000  0.00000000    0.00000000  0.00000000    0.24398183  0.00000000

     Dynamical  Matrix in cartesian axes

     q = (    0.000000000   0.000000000  -0.333333333 ) 

    1    1
  0.24398183  0.00000000    0.00000000  0.00000000    0.00000000  0.00000000
  0.00000000  0.00000000    0.24398183  0.00000000    0.00000000  0.00000000
 -0.00000000  0.00000000   -0.00000000  0.00000000    0.27863137  0.00000000
    1    2
 -0.18242884 -0.10532534   -0.03672660  0.06361234    0.00000000  0.00000000
 -0.03672660  0.06361234   -0.18242884 -0.10532534    0.00000000 -0.00000000
 -0.00000000  0.00000000    0.00000000 -0.00000000   -0.19469555 -0.11240753
    2    1
 -0.18242884  0.10532534   -0.03672660 -0.06361234    0.00000000 -0.00000000
 -0.03672660 -0.06361234   -0.18242884  0.10532534    0.00000000  0.00000000
 -0.00000000 -0.00000000    0.00000000 -0.00000000   -0.19469555  0.11240753
    2    2
  0.24398183  0.00000000    0.00000000  0.00000000    0.00000000  0.00000000
  0.00000000  0.00000000    0.24398183  0.00000000    0.00000000  0.00000000
 -0.00000000  0.00000000   -0.00000000  0.00000000    0.27863137  0.00000000

     Diagonalizing the dynamical matrix

     q = (    0.000000000   0.333333333   0.000000000 ) 

 **************************************************************************
     freq (    1) =       2.972041 [THz] =      99.136607 [cm-1]
 (  0.159314  0.212084 -0.000000  0.000000  0.573137 -0.318045 ) 
 (  0.033814  0.032860 -0.000000 -0.000000  0.705533  0.000000 ) 
     freq (    2) =       2.972041 [THz] =      99.136607 [cm-1]
 ( -0.638131 -0.149761  0.000000  0.000000  0.095466 -0.247481 ) 
 ( -0.505969 -0.491703  0.000000  0.000000  0.047150  0.000000 ) 
     freq (    3) =       4.770040 [THz] =     159.111403 [cm-1]
 ( -0.000000  0.000000 -0.624195  0.332236 -0.000000 -0.000000 ) 
 ( -0.000000 -0.000000 -0.706687 -0.024373 -0.000000  0.000000 ) 
     freq (    4) =      14.052604 [THz] =     468.744412 [cm-1]
 ( -0.116409 -0.201626  0.000000  0.000000 -0.578227  0.333840 ) 
 (  0.000000  0.000000 -0.000000 -0.000000  0.707107  0.000000 ) 
     freq (    5) =      14.052604 [THz] =     468.744412 [cm-1]
 ( -0.645724 -0.169815  0.000000  0.000000  0.059214 -0.225162 ) 
 (  0.502314  0.497675 -0.000000 -0.000000 -0.000000  0.000000 ) 
     freq (    6) =      14.589542 [THz] =     486.654744 [cm-1]
 (  0.000000 -0.000000  0.624195 -0.332236  0.000000  0.000000 ) 
 ( -0.000000  0.000000 -0.706687 -0.024373 -0.000000  0.000000 ) 
 **************************************************************************
