Dynamical matrix file
                                                                           
  1    2  2 10.2920000  0.0000000  0.0000000  0.0000000  0.0000000  0.0000000
           1  'Si  '    25598.8229845270     
    1    1      0.0000000000      0.0000000000      0.0000000000
    2    1      0.2500000000      0.2500000000      0.2500000000

     Dynamical  Matrix in cartesian axes

     q = (   -0.333333333   0.333333333  -0.333333333 ) 

    1    1
  0.27922592 -0.00000000   -0.01622883  0.00000000    0.01622883 -0.00000000
 -0.01622883  0.00000000    0.27922592 -0.00000000   -0.01622883  0.00000000
  0.01622883 -0.00000000   -0.01622883  0.00000000    0.27922592 -0.00000000
    1    2
 -0.17572294 -0.04973212   -0.06385133  0.03722329    0.06385133 -0.03722329
 -0.06385133  0.03722329   -0.17572294 -0.04973212   -0.06385133  0.03722329
  0.06385133 -0.03722329   -0.06385133  0.03722329   -0.17572294 -0.04973212
    2    1
 -0.17572294  0.04973212   -0.06385133 -0.03722329    0.06385133  0.03722329
 -0.06385133 -0.03722329   -0.17572294  0.04973212   -0.06385133 -0.03722329
  0.06385133  0.03722329   -0.06385133 -0.03722329   -0.17572294  0.04973212
    2    2
  0.27922592  0.00000000   -0.01622883 -0.00000000    0.01622883  0.00000000
 -0.01622883 -0.00000000    0.27922592  0.00000000   -0.01622883 -0.00000000
  0.01622883  0.00000000   -0.01622883 -0.00000000    0.27922592  0.00000000

     Dynamical  Matrix in cartesian axes

     q = (    0.333333333   0.333333333   0.333333333 ) 

    1    1
  0.27922592 -0.00000000    0.01622883 -0.00000000    0.01622883 -0.00000000
  0.01622883 -0.00000000    0.27922592 -0.00000000    0.01622883 -0.00000000
  0.01622883 -0.00000000    0.01622883 -0.00000000    0.27922592 -0.00000000
    1    2
  0.04479219  0.17704659   -0.06416198 -0.03668523   -0.06416198 -0.03668523
 -0.06416198 -0.03668523    0.04479219  0.17704659   -0.06416198 -0.03668523
 -0.06416198 -0.03668523   -0.06416198 -0.03668523    0.04479219  0.17704659
    2    1
  0.04479219 -0.17704659   -0.06416198  0.03668523   -0.06416198  0.03668523
 -0.06416198  0.03668523    0.04479219 -0.17704659   -0.06416198  0.03668523
 -0.06416198  0.03668523   -0.06416198  0.03668523    0.04479219 -0.17704659
    2    2
  0.27922592  0.00000000    0.01622883  0.00000000    0.01622883  0.00000000
  0.01622883  0.00000000    0.27922592  0.00000000    0.01622883  0.00000000
  0.01622883  0.00000000    0.01622883  0.00000000    0.27922592  0.00000000

     Dynamical  Matrix in cartesian axes

     q = (   -0.333333333  -0.333333333  -0.333333333 ) 

    1    1
  0.27922592  0.00000000    0.01622883  0.00000000    0.01622883  0.00000000
  0.01622883  0.00000000    0.27922592  0.00000000    0.01622883  0.00000000
  0.01622883  0.00000000    0.01622883  0.00000000    0.27922592  0.00000000
    1    2
  0.04479219 -0.17704659   -0.06416198  0.03668523   -0.06416198  0.03668523
 -0.06416198  0.03668523    0.04479219 -0.17704659   -0.06416198  0.03668523
 -0.06416198  0.03668523   -0.06416198  0.03668523    0.04479219 -0.17704659
    2    1
  0.04479219  0.17704659   -0.06416198 -0.03668523   -0.06416198 -0.03668523
 -0.06416198 -0.03668523    0.04479219  0.17704659   -0.06416198 -0.03668523
 -0.06416198 -0.03668523   -0.06416198 -0.03668523    0.04479219  0.17704659
    2    2
  0.27922592 -0.00000000    0.01622883 -0.00000000    0.01622883 -0.00000000
  0.01622883 -0.00000000    0.27922592 -0.00000000    0.01622883 -0.00000000
  0.01622883 -0.00000000    0.01622883 -0.00000000    0.27922592 -0.00000000

     Dynamical  Matrix in cartesian axes

     q = (    0.333333333  -0.333333333   0.333333333 ) 

    1    1
  0.27922592  0.00000000   -0.01622883 -0.00000000    0.01622883  0.00000000
 -0.01622883 -0.00000000    0.27922592  0.00000000   -0.01622883 -0.00000000
  0.01622883  0.00000000   -0.01622883 -0.00000000    0.27922592  0.00000000
    1    2
 -0.17572294  0.04973212   -0.06385133 -0.03722329    0.06385133  0.03722329
 -0.06385133 -0.03722329   -0.17572294  0.04973212   -0.06385133 -0.03722329
  0.06385133  0.03722329   -0.06385133 -0.03722329   -0.17572294  0.04973212
    2    1
 -0.17572294 -0.04973212   -0.06385133  0.03722329    0.06385133 -0.03722329
 -0.06385133  0.03722329   -0.17572294 -0.04973212   -0.06385133  0.03722329
  0.06385133 -0.03722329   -0.06385133  0.03722329   -0.17572294 -0.04973212
    2    2
  0.27922592 -0.00000000   -0.01622883  0.00000000    0.01622883 -0.00000000
 -0.01622883  0.00000000    0.27922592 -0.00000000   -0.01622883  0.00000000
  0.01622883 -0.00000000   -0.01622883  0.00000000    0.27922592 -0.00000000

     Dynamical  Matrix in cartesian axes

     q = (    0.333333333  -0.333333333  -0.333333333 ) 

    1    1
  0.27922592 -0.00000000   -0.01622883  0.00000000   -0.01622883  0.00000000
 -0.01622883  0.00000000    0.27922592 -0.00000000    0.01622883 -0.00000000
 -0.01622883  0.00000000    0.01622883 -0.00000000    0.27922592 -0.00000000
    1    2
 -0.17572294 -0.04973212   -0.06385133  0.03722329   -0.06385133  0.03722329
 -0.06385133  0.03722329   -0.17572294 -0.04973212    0.06385133 -0.03722329
 -0.06385133  0.03722329    0.06385133 -0.03722329   -0.17572294 -0.04973212
    2    1
 -0.17572294  0.04973212   -0.06385133 -0.03722329   -0.06385133 -0.03722329
 -0.06385133 -0.03722329   -0.17572294  0.04973212    0.06385133  0.03722329
 -0.06385133 -0.03722329    0.06385133  0.03722329   -0.17572294  0.04973212
    2    2
  0.27922592  0.00000000   -0.01622883 -0.00000000   -0.01622883 -0.00000000
 -0.01622883 -0.00000000    0.27922592  0.00000000    0.01622883  0.00000000
 -0.01622883 -0.00000000    0.01622883  0.00000000    0.27922592  0.00000000

     Dynamical  Matrix in cartesian axes

     q = (    0.333333333   0.333333333  -0.333333333 ) 

    1    1
  0.27922592  0.00000000    0.01622883  0.00000000   -0.01622883 -0.00000000
  0.01622883  0.00000000    0.27922592  0.00000000   -0.01622883 -0.00000000
 -0.01622883 -0.00000000   -0.01622883 -0.00000000    0.27922592  0.00000000
    1    2
 -0.17572294  0.04973212    0.06385133  0.03722329   -0.06385133 -0.03722329
  0.06385133  0.03722329   -0.17572294  0.04973212   -0.06385133 -0.03722329
 -0.06385133 -0.03722329   -0.06385133 -0.03722329   -0.17572294  0.04973212
    2    1
 -0.17572294 -0.04973212    0.06385133 -0.03722329   -0.06385133  0.03722329
  0.06385133 -0.03722329   -0.17572294 -0.04973212   -0.06385133  0.03722329
 -0.06385133  0.03722329   -0.06385133  0.03722329   -0.17572294 -0.04973212
    2    2
  0.27922592 -0.00000000    0.01622883 -0.00000000   -0.01622883  0.00000000
  0.01622883 -0.00000000    0.27922592 -0.00000000   -0.01622883  0.00000000
 -0.01622883  0.00000000   -0.01622883  0.00000000    0.27922592 -0.00000000

     Dynamical  Matrix in cartesian axes

     q = (   -0.333333333  -0.333333333   0.333333333 ) 

    1    1
  0.27922592 -0.00000000    0.01622883 -0.00000000   -0.01622883  0.00000000
  0.01622883 -0.00000000    0.27922592 -0.00000000   -0.01622883  0.00000000
 -0.01622883  0.00000000   -0.01622883  0.00000000    0.27922592 -0.00000000
    1    2
 -0.17572294 -0.04973212    0.06385133 -0.03722329   -0.06385133  0.03722329
  0.06385133 -0.03722329   -0.17572294 -0.04973212   -0.06385133  0.03722329
 -0.06385133  0.03722329   -0.06385133  0.03722329   -0.17572294 -0.04973212
    2    1
 -0.17572294  0.04973212    0.06385133  0.03722329   -0.06385133 -0.03722329
  0.06385133  0.03722329   -0.17572294  0.04973212   -0.06385133 -0.03722329
 -0.06385133 -0.03722329   -0.06385133 -0.03722329   -0.17572294  0.04973212
    2    2
  0.27922592  0.00000000    0.01622883  0.00000000   -0.01622883 -0.00000000
  0.01622883  0.00000000    0.27922592  0.00000000   -0.01622883 -0.00000000
 -0.01622883 -0.00000000   -0.01622883 -0.00000000    0.27922592  0.00000000

     Dynamical  Matrix in cartesian axes

     q = (   -0.333333333   0.333333333   0.333333333 ) 

    1    1
  0.27922592  0.00000000   -0.01622883 -0.00000000   -0.01622883 -0.00000000
 -0.01622883 -0.00000000    0.27922592  0.00000000    0.01622883  0.00000000
 -0.01622883 -0.00000000    0.01622883  0.00000000    0.27922592  0.00000000
    1    2
 -0.17572294  0.04973212   -0.06385133 -0.03722329   -0.06385133 -0.03722329
 -0.06385133 -0.03722329   -0.17572294  0.04973212    0.06385133  0.03722329
 -0.06385133 -0.03722329    0.06385133  0.03722329   -0.17572294  0.04973212
    2    1
 -0.17572294 -0.04973212   -0.06385133  0.03722329   -0.06385133  0.03722329
 -0.06385133  0.03722329   -0.17572294 -0.04973212    0.06385133 -0.03722329
 -0.06385133  0.03722329    0.06385133 -0.03722329   -0.17572294 -0.04973212
    2    2
  0.27922592 -0.00000000   -0.01622883  0.00000000   -0.01622883  0.00000000
 -0.01622883  0.00000000    0.27922592 -0.00000000    0.01622883 -0.00000000
 -0.01622883  0.00000000    0.01622883 -0.00000000    0.27922592 -0.00000000

     Diagonalizing the dynamical matrix

     q = (   -0.333333333   0.333333333  -0.333333333 ) 

 **************************************************************************
     freq (    1) =       3.124914 [THz] =     104.235894 [cm-1]
 ( -0.275441 -0.424436 -0.253630 -0.423298  0.021811  0.001139 ) 
 ( -0.297197 -0.409497 -0.275357 -0.409497  0.021840  0.000000 ) 
     freq (    2) =       3.124914 [THz] =     104.235894 [cm-1]
 (  0.278062 -0.001004 -0.298090 -0.031087 -0.576152 -0.030082 ) 
 (  0.277631 -0.015502 -0.299306 -0.015502 -0.576937  0.000000 ) 
     freq (    3) =       8.688344 [THz] =     289.811948 [cm-1]
 (  0.147245  0.380770 -0.147245 -0.380770  0.147245  0.380770 ) 
 (  0.408248  0.000000 -0.408248 -0.000000  0.408248  0.000000 ) 
     freq (    4) =      13.713838 [THz] =     457.444390 [cm-1]
 ( -0.147245 -0.380770  0.147245  0.380770 -0.147245 -0.380770 ) 
 (  0.408248 -0.000000 -0.408248 -0.000000  0.408248  0.000000 ) 
     freq (    5) =      14.581589 [THz] =     486.389462 [cm-1]
 ( -0.414538  0.034784  0.136359  0.063548  0.550898  0.028764 ) 
 (  0.412161 -0.056352 -0.139487 -0.056352 -0.551648  0.000000 ) 
     freq (    6) =      14.581589 [THz] =     486.389462 [cm-1]
 ( -0.365371  0.163661 -0.535485  0.154779 -0.170114 -0.008882 ) 
 (  0.356341 -0.182490  0.526686 -0.182490  0.170346  0.000000 ) 
 **************************************************************************
