Dynamical matrix file
                                                                           
  1    2  2 10.4000000  0.0000000  0.0000000  0.0000000  0.0000000  0.0000000
           1  'Si  '    25598.8229845270     
    1    1      0.0000000000      0.0000000000      0.0000000000
    2    1      0.2500000000      0.2500000000      0.2500000000

     Dynamical  Matrix in cartesian axes

     q = (   -0.166666667   0.166666667  -0.166666667 ) 

    1    1
  0.25794000  0.00000000   -0.00620499  0.00000000    0.00620499  0.00000000
 -0.00620499  0.00000000    0.25794000  0.00000000   -0.00620499  0.00000000
  0.00620499  0.00000000   -0.00620499  0.00000000    0.25794000  0.00000000
    1    2
 -0.22318377 -0.05130420   -0.01573520  0.02961862    0.01573520 -0.02961862
 -0.01573520  0.02961862   -0.22318377 -0.05130420   -0.01573520  0.02961862
  0.01573520 -0.02961862   -0.01573520  0.02961862   -0.22318377 -0.05130420
    2    1
 -0.22318377  0.05130420   -0.01573520 -0.02961862    0.01573520  0.02961862
 -0.01573520 -0.02961862   -0.22318377  0.05130420   -0.01573520 -0.02961862
  0.01573520  0.02961862   -0.01573520 -0.02961862   -0.22318377  0.05130420
    2    2
  0.25794000  0.00000000   -0.00620499  0.00000000    0.00620499  0.00000000
 -0.00620499  0.00000000    0.25794000  0.00000000   -0.00620499  0.00000000
  0.00620499  0.00000000   -0.00620499  0.00000000    0.25794000  0.00000000

     Dynamical  Matrix in cartesian axes

     q = (    0.166666667   0.166666667   0.166666667 ) 

    1    1
  0.25794000  0.00000000    0.00620499  0.00000000    0.00620499  0.00000000
  0.00620499  0.00000000    0.25794000  0.00000000    0.00620499  0.00000000
  0.00620499  0.00000000    0.00620499  0.00000000    0.25794000  0.00000000
    1    2
 -0.15602263  0.16763072   -0.01778288 -0.02843640   -0.01778288 -0.02843640
 -0.01778288 -0.02843640   -0.15602263  0.16763072   -0.01778288 -0.02843640
 -0.01778288 -0.02843640   -0.01778288 -0.02843640   -0.15602263  0.16763072
    2    1
 -0.15602263 -0.16763072   -0.01778288  0.02843640   -0.01778288  0.02843640
 -0.01778288  0.02843640   -0.15602263 -0.16763072   -0.01778288  0.02843640
 -0.01778288  0.02843640   -0.01778288  0.02843640   -0.15602263 -0.16763072
    2    2
  0.25794000  0.00000000    0.00620499  0.00000000    0.00620499  0.00000000
  0.00620499  0.00000000    0.25794000  0.00000000    0.00620499  0.00000000
  0.00620499  0.00000000    0.00620499  0.00000000    0.25794000  0.00000000

     Dynamical  Matrix in cartesian axes

     q = (   -0.166666667  -0.166666667  -0.166666667 ) 

    1    1
  0.25794000  0.00000000    0.00620499  0.00000000    0.00620499  0.00000000
  0.00620499  0.00000000    0.25794000  0.00000000    0.00620499  0.00000000
  0.00620499  0.00000000    0.00620499  0.00000000    0.25794000  0.00000000
    1    2
 -0.15602263 -0.16763072   -0.01778288  0.02843640   -0.01778288  0.02843640
 -0.01778288  0.02843640   -0.15602263 -0.16763072   -0.01778288  0.02843640
 -0.01778288  0.02843640   -0.01778288  0.02843640   -0.15602263 -0.16763072
    2    1
 -0.15602263  0.16763072   -0.01778288 -0.02843640   -0.01778288 -0.02843640
 -0.01778288 -0.02843640   -0.15602263  0.16763072   -0.01778288 -0.02843640
 -0.01778288 -0.02843640   -0.01778288 -0.02843640   -0.15602263  0.16763072
    2    2
  0.25794000  0.00000000    0.00620499  0.00000000    0.00620499  0.00000000
  0.00620499  0.00000000    0.25794000  0.00000000    0.00620499  0.00000000
  0.00620499  0.00000000    0.00620499  0.00000000    0.25794000  0.00000000

     Dynamical  Matrix in cartesian axes

     q = (    0.166666667  -0.166666667   0.166666667 ) 

    1    1
  0.25794000  0.00000000   -0.00620499  0.00000000    0.00620499  0.00000000
 -0.00620499  0.00000000    0.25794000  0.00000000   -0.00620499  0.00000000
  0.00620499  0.00000000   -0.00620499  0.00000000    0.25794000  0.00000000
    1    2
 -0.22318377  0.05130420   -0.01573520 -0.02961862    0.01573520  0.02961862
 -0.01573520 -0.02961862   -0.22318377  0.05130420   -0.01573520 -0.02961862
  0.01573520  0.02961862   -0.01573520 -0.02961862   -0.22318377  0.05130420
    2    1
 -0.22318377 -0.05130420   -0.01573520  0.02961862    0.01573520 -0.02961862
 -0.01573520  0.02961862   -0.22318377 -0.05130420   -0.01573520  0.02961862
  0.01573520 -0.02961862   -0.01573520  0.02961862   -0.22318377 -0.05130420
    2    2
  0.25794000  0.00000000   -0.00620499  0.00000000    0.00620499  0.00000000
 -0.00620499  0.00000000    0.25794000  0.00000000   -0.00620499  0.00000000
  0.00620499  0.00000000   -0.00620499  0.00000000    0.25794000  0.00000000

     Dynamical  Matrix in cartesian axes

     q = (    0.166666667  -0.166666667  -0.166666667 ) 

    1    1
  0.25794000  0.00000000   -0.00620499  0.00000000   -0.00620499  0.00000000
 -0.00620499  0.00000000    0.25794000  0.00000000    0.00620499  0.00000000
 -0.00620499  0.00000000    0.00620499  0.00000000    0.25794000  0.00000000
    1    2
 -0.22318377 -0.05130420   -0.01573520  0.02961862   -0.01573520  0.02961862
 -0.01573520  0.02961862   -0.22318377 -0.05130420    0.01573520 -0.02961862
 -0.01573520  0.02961862    0.01573520 -0.02961862   -0.22318377 -0.05130420
    2    1
 -0.22318377  0.05130420   -0.01573520 -0.02961862   -0.01573520 -0.02961862
 -0.01573520 -0.02961862   -0.22318377  0.05130420    0.01573520  0.02961862
 -0.01573520 -0.02961862    0.01573520  0.02961862   -0.22318377  0.05130420
    2    2
  0.25794000  0.00000000   -0.00620499  0.00000000   -0.00620499  0.00000000
 -0.00620499  0.00000000    0.25794000  0.00000000    0.00620499  0.00000000
 -0.00620499  0.00000000    0.00620499  0.00000000    0.25794000  0.00000000

     Dynamical  Matrix in cartesian axes

     q = (    0.166666667   0.166666667  -0.166666667 ) 

    1    1
  0.25794000  0.00000000    0.00620499  0.00000000   -0.00620499  0.00000000
  0.00620499  0.00000000    0.25794000  0.00000000   -0.00620499  0.00000000
 -0.00620499  0.00000000   -0.00620499  0.00000000    0.25794000  0.00000000
    1    2
 -0.22318377  0.05130420    0.01573520  0.02961862   -0.01573520 -0.02961862
  0.01573520  0.02961862   -0.22318377  0.05130420   -0.01573520 -0.02961862
 -0.01573520 -0.02961862   -0.01573520 -0.02961862   -0.22318377  0.05130420
    2    1
 -0.22318377 -0.05130420    0.01573520 -0.02961862   -0.01573520  0.02961862
  0.01573520 -0.02961862   -0.22318377 -0.05130420   -0.01573520  0.02961862
 -0.01573520  0.02961862   -0.01573520  0.02961862   -0.22318377 -0.05130420
    2    2
  0.25794000  0.00000000    0.00620499  0.00000000   -0.00620499  0.00000000
  0.00620499  0.00000000    0.25794000  0.00000000   -0.00620499  0.00000000
 -0.00620499  0.00000000   -0.00620499  0.00000000    0.25794000  0.00000000

     Dynamical  Matrix in cartesian axes

     q = (   -0.166666667  -0.166666667   0.166666667 ) 

    1    1
  0.25794000  0.00000000    0.00620499  0.00000000   -0.00620499  0.00000000
  0.00620499  0.00000000    0.25794000  0.00000000   -0.00620499  0.00000000
 -0.00620499  0.00000000   -0.00620499  0.00000000    0.25794000  0.00000000
    1    2
 -0.22318377 -0.05130420    0.01573520 -0.02961862   -0.01573520  0.02961862
  0.01573520 -0.02961862   -0.22318377 -0.05130420   -0.01573520  0.02961862
 -0.01573520  0.02961862   -0.01573520  0.02961862   -0.22318377 -0.05130420
    2    1
 -0.22318377  0.05130420    0.01573520  0.02961862   -0.01573520 -0.02961862
  0.01573520  0.02961862   -0.22318377  0.05130420   -0.01573520 -0.02961862
 -0.01573520 -0.02961862   -0.01573520 -0.02961862   -0.22318377  0.05130420
    2    2
  0.25794000  0.00000000    0.00620499  0.00000000   -0.00620499  0.00000000
  0.00620499  0.00000000    0.25794000  0.00000000   -0.00620499  0.00000000
 -0.00620499  0.00000000   -0.00620499  0.00000000    0.25794000  0.00000000

     Dynamical  Matrix in cartesian axes

     q = (   -0.166666667   0.166666667   0.166666667 ) 

    1    1
  0.25794000  0.00000000   -0.00620499  0.00000000   -0.00620499  0.00000000
 -0.00620499  0.00000000    0.25794000  0.00000000    0.00620499  0.00000000
 -0.00620499  0.00000000    0.00620499  0.00000000    0.25794000  0.00000000
    1    2
 -0.22318377  0.05130420   -0.01573520 -0.02961862   -0.01573520 -0.02961862
 -0.01573520 -0.02961862   -0.22318377  0.05130420    0.01573520  0.02961862
 -0.01573520 -0.02961862    0.01573520  0.02961862   -0.22318377  0.05130420
    2    1
 -0.22318377 -0.05130420   -0.01573520  0.02961862   -0.01573520  0.02961862
 -0.01573520  0.02961862   -0.22318377 -0.05130420    0.01573520 -0.02961862
 -0.01573520  0.02961862    0.01573520 -0.02961862   -0.22318377 -0.05130420
    2    2
  0.25794000  0.00000000   -0.00620499  0.00000000   -0.00620499  0.00000000
 -0.00620499  0.00000000    0.25794000  0.00000000    0.00620499  0.00000000
 -0.00620499  0.00000000    0.00620499  0.00000000    0.25794000  0.00000000

     Diagonalizing the dynamical matrix

     q = (   -0.166666667   0.166666667  -0.166666667 ) 

 **************************************************************************
     freq (    1) =       2.236809 [THz] =      74.611933 [cm-1]
 ( -0.211728 -0.023481  0.357141  0.028153  0.568869  0.051634 ) 
 ( -0.212984 -0.004246  0.358223 -0.004246  0.571207  0.000000 ) 
     freq (    2) =       2.236809 [THz] =      74.611933 [cm-1]
 (  0.536252  0.019681  0.452598  0.012088 -0.083653 -0.007593 ) 
 (  0.535835 -0.028874  0.451838 -0.028874 -0.083997  0.000000 ) 
     freq (    3) =       4.553937 [THz] =     151.902996 [cm-1]
 ( -0.353669 -0.203924  0.353669  0.203924 -0.353669 -0.203924 ) 
 ( -0.408248 -0.000000  0.408248 -0.000000 -0.408248  0.000000 ) 
     freq (    4) =      14.417399 [THz] =     480.912678 [cm-1]
 ( -0.572735 -0.043130 -0.236316 -0.012595  0.336420  0.030535 ) 
 (  0.574289 -0.008818  0.236487 -0.008818 -0.337802  0.000000 ) 
     freq (    5) =      14.417399 [THz] =     480.912678 [cm-1]
 (  0.058706 -0.001060  0.525002  0.041264  0.466296  0.042324 ) 
 ( -0.058370  0.006362 -0.526583  0.006362 -0.468212  0.000000 ) 
     freq (    6) =      14.417594 [THz] =     480.919159 [cm-1]
 (  0.353669  0.203924 -0.353669 -0.203924  0.353669  0.203924 ) 
 ( -0.408248 -0.000000  0.408248 -0.000000 -0.408248  0.000000 ) 
 **************************************************************************
