Dynamical matrix file
                                                                           
  1    2  2 10.3400000  0.0000000  0.0000000  0.0000000  0.0000000  0.0000000
           1  'Si  '    25598.8229845270     
    1    1      0.0000000000      0.0000000000      0.0000000000
    2    1      0.2500000000      0.2500000000      0.2500000000

     Dynamical  Matrix in cartesian axes

     q = (    0.666666667  -0.333333333   0.666666667 ) 

    1    1
  0.25447939  0.00000000   -0.01110148  0.00715008    0.00998675  0.00000000
 -0.01110148 -0.00715008    0.28311842  0.00000000   -0.01110148 -0.00715008
  0.00998675  0.00000000   -0.01110148  0.00715008    0.25447939  0.00000000
    1    2
 -0.09545109  0.05636694   -0.06289357  0.03885434    0.02660115 -0.11134994
 -0.06289357  0.03885434   -0.09938196  0.07122095   -0.06289357  0.03885434
  0.02660115 -0.11134994   -0.06289357  0.03885434   -0.09545109  0.05636694
    2    1
 -0.09545109 -0.05636694   -0.06289357 -0.03885434    0.02660115  0.11134994
 -0.06289357 -0.03885434   -0.09938196 -0.07122095   -0.06289357 -0.03885434
  0.02660115  0.11134994   -0.06289357 -0.03885434   -0.09545109 -0.05636694
    2    2
  0.25447939 -0.00000000   -0.01110148 -0.00715008    0.00998675 -0.00000000
 -0.01110148  0.00715008    0.28311842 -0.00000000   -0.01110148  0.00715008
  0.00998675 -0.00000000   -0.01110148 -0.00715008    0.25447939 -0.00000000

     Dynamical  Matrix in cartesian axes

     q = (   -0.666666667  -0.333333333  -0.666666667 ) 

    1    1
  0.25447939 -0.00000000    0.01110148 -0.00715008    0.00998675 -0.00000000
  0.01110148  0.00715008    0.28311842 -0.00000000    0.01110148  0.00715008
  0.00998675 -0.00000000    0.01110148 -0.00715008    0.25447939 -0.00000000
    1    2
  0.09654075  0.05447960   -0.06509564 -0.03504026   -0.10973245  0.03263770
 -0.06509564 -0.03504026    0.11137013  0.05045683   -0.06509564 -0.03504026
 -0.10973245  0.03263770   -0.06509564 -0.03504026    0.09654075  0.05447960
    2    1
  0.09654075 -0.05447960   -0.06509564  0.03504026   -0.10973245 -0.03263770
 -0.06509564  0.03504026    0.11137013 -0.05045683   -0.06509564  0.03504026
 -0.10973245 -0.03263770   -0.06509564  0.03504026    0.09654075 -0.05447960
    2    2
  0.25447939  0.00000000    0.01110148  0.00715008    0.00998675  0.00000000
  0.01110148 -0.00715008    0.28311842  0.00000000    0.01110148 -0.00715008
  0.00998675  0.00000000    0.01110148  0.00715008    0.25447939  0.00000000

     Dynamical  Matrix in cartesian axes

     q = (    0.666666667  -0.333333333  -0.666666667 ) 

    1    1
  0.25447939  0.00000000   -0.01110148 -0.00715008   -0.00998675  0.00000000
 -0.01110148  0.00715008    0.28311842 -0.00000000    0.01110148 -0.00715008
 -0.00998675  0.00000000    0.01110148  0.00715008    0.25447939  0.00000000
    1    2
 -0.09654075  0.05447960   -0.06509564  0.03504026   -0.10973245 -0.03263770
 -0.06509564  0.03504026   -0.11137013  0.05045683    0.06509564 -0.03504026
 -0.10973245 -0.03263770    0.06509564 -0.03504026   -0.09654075  0.05447960
    2    1
 -0.09654075 -0.05447960   -0.06509564 -0.03504026   -0.10973245  0.03263770
 -0.06509564 -0.03504026   -0.11137013 -0.05045683    0.06509564  0.03504026
 -0.10973245  0.03263770    0.06509564  0.03504026   -0.09654075 -0.05447960
    2    2
  0.25447939  0.00000000   -0.01110148  0.00715008   -0.00998675  0.00000000
 -0.01110148 -0.00715008    0.28311842  0.00000000    0.01110148  0.00715008
 -0.00998675  0.00000000    0.01110148 -0.00715008    0.25447939  0.00000000

     Dynamical  Matrix in cartesian axes

     q = (   -0.666666667  -0.333333333   0.666666667 ) 

    1    1
  0.25447939  0.00000000    0.01110148  0.00715008   -0.00998675  0.00000000
  0.01110148 -0.00715008    0.28311842  0.00000000   -0.01110148  0.00715008
 -0.00998675  0.00000000   -0.01110148 -0.00715008    0.25447939  0.00000000
    1    2
 -0.09654075  0.05447960    0.06509564 -0.03504026   -0.10973245 -0.03263770
  0.06509564 -0.03504026   -0.11137013  0.05045683   -0.06509564  0.03504026
 -0.10973245 -0.03263770   -0.06509564  0.03504026   -0.09654075  0.05447960
    2    1
 -0.09654075 -0.05447960    0.06509564  0.03504026   -0.10973245  0.03263770
  0.06509564  0.03504026   -0.11137013 -0.05045683   -0.06509564 -0.03504026
 -0.10973245  0.03263770   -0.06509564 -0.03504026   -0.09654075 -0.05447960
    2    2
  0.25447939  0.00000000    0.01110148 -0.00715008   -0.00998675  0.00000000
  0.01110148  0.00715008    0.28311842 -0.00000000   -0.01110148 -0.00715008
 -0.00998675  0.00000000   -0.01110148  0.00715008    0.25447939  0.00000000

     Dynamical  Matrix in cartesian axes

     q = (   -0.333333333   0.666666667  -0.666666667 ) 

    1    1
  0.28311842 -0.00000000   -0.01110148  0.00715008    0.01110148 -0.00715008
 -0.01110148 -0.00715008    0.25447939 -0.00000000   -0.00998675  0.00000000
  0.01110148  0.00715008   -0.00998675  0.00000000    0.25447939 -0.00000000
    1    2
 -0.11137013  0.05045683   -0.06509564  0.03504026    0.06509564 -0.03504026
 -0.06509564  0.03504026   -0.09654075  0.05447960   -0.10973245 -0.03263770
  0.06509564 -0.03504026   -0.10973245 -0.03263770   -0.09654075  0.05447960
    2    1
 -0.11137013 -0.05045683   -0.06509564 -0.03504026    0.06509564  0.03504026
 -0.06509564 -0.03504026   -0.09654075 -0.05447960   -0.10973245  0.03263770
  0.06509564  0.03504026   -0.10973245  0.03263770   -0.09654075 -0.05447960
    2    2
  0.28311842  0.00000000   -0.01110148 -0.00715008    0.01110148  0.00715008
 -0.01110148  0.00715008    0.25447939  0.00000000   -0.00998675 -0.00000000
  0.01110148 -0.00715008   -0.00998675 -0.00000000    0.25447939  0.00000000

     Dynamical  Matrix in cartesian axes

     q = (   -0.666666667   0.666666667  -0.333333333 ) 

    1    1
  0.25447939 -0.00000000   -0.00998675  0.00000000    0.01110148  0.00715008
 -0.00998675  0.00000000    0.25447939 -0.00000000   -0.01110148 -0.00715008
  0.01110148 -0.00715008   -0.01110148  0.00715008    0.28311842 -0.00000000
    1    2
 -0.09654075  0.05447960   -0.10973245 -0.03263770    0.06509564 -0.03504026
 -0.10973245 -0.03263770   -0.09654075  0.05447960   -0.06509564  0.03504026
  0.06509564 -0.03504026   -0.06509564  0.03504026   -0.11137013  0.05045683
    2    1
 -0.09654075 -0.05447960   -0.10973245  0.03263770    0.06509564  0.03504026
 -0.10973245  0.03263770   -0.09654075 -0.05447960   -0.06509564 -0.03504026
  0.06509564  0.03504026   -0.06509564 -0.03504026   -0.11137013 -0.05045683
    2    2
  0.25447939  0.00000000   -0.00998675 -0.00000000    0.01110148 -0.00715008
 -0.00998675 -0.00000000    0.25447939  0.00000000   -0.01110148  0.00715008
  0.01110148  0.00715008   -0.01110148 -0.00715008    0.28311842  0.00000000

     Dynamical  Matrix in cartesian axes

     q = (    0.666666667   0.333333333   0.666666667 ) 

    1    1
  0.25447939  0.00000000    0.01110148  0.00715008    0.00998675  0.00000000
  0.01110148 -0.00715008    0.28311842  0.00000000    0.01110148 -0.00715008
  0.00998675  0.00000000    0.01110148  0.00715008    0.25447939  0.00000000
    1    2
  0.09654075 -0.05447960   -0.06509564  0.03504026   -0.10973245 -0.03263770
 -0.06509564  0.03504026    0.11137013 -0.05045683   -0.06509564  0.03504026
 -0.10973245 -0.03263770   -0.06509564  0.03504026    0.09654075 -0.05447960
    2    1
  0.09654075  0.05447960   -0.06509564 -0.03504026   -0.10973245  0.03263770
 -0.06509564 -0.03504026    0.11137013  0.05045683   -0.06509564 -0.03504026
 -0.10973245  0.03263770   -0.06509564 -0.03504026    0.09654075  0.05447960
    2    2
  0.25447939 -0.00000000    0.01110148 -0.00715008    0.00998675 -0.00000000
  0.01110148  0.00715008    0.28311842 -0.00000000    0.01110148  0.00715008
  0.00998675 -0.00000000    0.01110148 -0.00715008    0.25447939 -0.00000000

     Dynamical  Matrix in cartesian axes

     q = (   -0.666666667   0.333333333   0.666666667 ) 

    1    1
  0.25447939  0.00000000   -0.01110148  0.00715008   -0.00998675  0.00000000
 -0.01110148 -0.00715008    0.28311842  0.00000000    0.01110148  0.00715008
 -0.00998675  0.00000000    0.01110148 -0.00715008    0.25447939  0.00000000
    1    2
 -0.09654075 -0.05447960   -0.06509564 -0.03504026   -0.10973245  0.03263770
 -0.06509564 -0.03504026   -0.11137013 -0.05045683    0.06509564  0.03504026
 -0.10973245  0.03263770    0.06509564  0.03504026   -0.09654075 -0.05447960
    2    1
 -0.09654075  0.05447960   -0.06509564  0.03504026   -0.10973245 -0.03263770
 -0.06509564  0.03504026   -0.11137013  0.05045683    0.06509564 -0.03504026
 -0.10973245 -0.03263770    0.06509564 -0.03504026   -0.09654075  0.05447960
    2    2
  0.25447939  0.00000000   -0.01110148 -0.00715008   -0.00998675  0.00000000
 -0.01110148  0.00715008    0.28311842 -0.00000000    0.01110148 -0.00715008
 -0.00998675  0.00000000    0.01110148  0.00715008    0.25447939  0.00000000

     Dynamical  Matrix in cartesian axes

     q = (    0.666666667   0.333333333  -0.666666667 ) 

    1    1
  0.25447939  0.00000000    0.01110148 -0.00715008   -0.00998675  0.00000000
  0.01110148  0.00715008    0.28311842 -0.00000000   -0.01110148 -0.00715008
 -0.00998675  0.00000000   -0.01110148  0.00715008    0.25447939  0.00000000
    1    2
 -0.09654075 -0.05447960    0.06509564  0.03504026   -0.10973245  0.03263770
  0.06509564  0.03504026   -0.11137013 -0.05045683   -0.06509564 -0.03504026
 -0.10973245  0.03263770   -0.06509564 -0.03504026   -0.09654075 -0.05447960
    2    1
 -0.09654075  0.05447960    0.06509564 -0.03504026   -0.10973245 -0.03263770
  0.06509564 -0.03504026   -0.11137013  0.05045683   -0.06509564  0.03504026
 -0.10973245 -0.03263770   -0.06509564  0.03504026   -0.09654075  0.05447960
    2    2
  0.25447939  0.00000000    0.01110148  0.00715008   -0.00998675  0.00000000
  0.01110148 -0.00715008    0.28311842  0.00000000   -0.01110148  0.00715008
 -0.00998675  0.00000000   -0.01110148 -0.00715008    0.25447939  0.00000000

     Dynamical  Matrix in cartesian axes

     q = (   -0.333333333   0.666666667   0.666666667 ) 

    1    1
  0.28311842  0.00000000   -0.01110148 -0.00715008   -0.01110148 -0.00715008
 -0.01110148  0.00715008    0.25447939  0.00000000    0.00998675 -0.00000000
 -0.01110148  0.00715008    0.00998675 -0.00000000    0.25447939  0.00000000
    1    2
 -0.09938196  0.07122095   -0.06289357  0.03885434   -0.06289357  0.03885434
 -0.06289357  0.03885434   -0.09545109  0.05636694    0.02660115 -0.11134994
 -0.06289357  0.03885434    0.02660115 -0.11134994   -0.09545109  0.05636694
    2    1
 -0.09938196 -0.07122095   -0.06289357 -0.03885434   -0.06289357 -0.03885434
 -0.06289357 -0.03885434   -0.09545109 -0.05636694    0.02660115  0.11134994
 -0.06289357 -0.03885434    0.02660115  0.11134994   -0.09545109 -0.05636694
    2    2
  0.28311842 -0.00000000   -0.01110148  0.00715008   -0.01110148  0.00715008
 -0.01110148 -0.00715008    0.25447939 -0.00000000    0.00998675  0.00000000
 -0.01110148 -0.00715008    0.00998675  0.00000000    0.25447939 -0.00000000

     Dynamical  Matrix in cartesian axes

     q = (    0.333333333   0.666666667  -0.666666667 ) 

    1    1
  0.28311842 -0.00000000    0.01110148  0.00715008   -0.01110148 -0.00715008
  0.01110148 -0.00715008    0.25447939 -0.00000000   -0.00998675  0.00000000
 -0.01110148  0.00715008   -0.00998675  0.00000000    0.25447939 -0.00000000
    1    2
 -0.11137013 -0.05045683    0.06509564  0.03504026   -0.06509564 -0.03504026
  0.06509564  0.03504026   -0.09654075 -0.05447960   -0.10973245  0.03263770
 -0.06509564 -0.03504026   -0.10973245  0.03263770   -0.09654075 -0.05447960
    2    1
 -0.11137013  0.05045683    0.06509564 -0.03504026   -0.06509564  0.03504026
  0.06509564 -0.03504026   -0.09654075  0.05447960   -0.10973245 -0.03263770
 -0.06509564  0.03504026   -0.10973245 -0.03263770   -0.09654075  0.05447960
    2    2
  0.28311842  0.00000000    0.01110148 -0.00715008   -0.01110148  0.00715008
  0.01110148  0.00715008    0.25447939  0.00000000   -0.00998675 -0.00000000
 -0.01110148 -0.00715008   -0.00998675 -0.00000000    0.25447939  0.00000000

     Dynamical  Matrix in cartesian axes

     q = (   -0.333333333  -0.666666667  -0.666666667 ) 

    1    1
  0.28311842 -0.00000000    0.01110148  0.00715008    0.01110148  0.00715008
  0.01110148 -0.00715008    0.25447939 -0.00000000    0.00998675  0.00000000
  0.01110148 -0.00715008    0.00998675  0.00000000    0.25447939 -0.00000000
    1    2
  0.11137013  0.05045683   -0.06509564 -0.03504026   -0.06509564 -0.03504026
 -0.06509564 -0.03504026    0.09654075  0.05447960   -0.10973245  0.03263770
 -0.06509564 -0.03504026   -0.10973245  0.03263770    0.09654075  0.05447960
    2    1
  0.11137013 -0.05045683   -0.06509564  0.03504026   -0.06509564  0.03504026
 -0.06509564  0.03504026    0.09654075 -0.05447960   -0.10973245 -0.03263770
 -0.06509564  0.03504026   -0.10973245 -0.03263770    0.09654075 -0.05447960
    2    2
  0.28311842  0.00000000    0.01110148 -0.00715008    0.01110148 -0.00715008
  0.01110148  0.00715008    0.25447939  0.00000000    0.00998675 -0.00000000
  0.01110148  0.00715008    0.00998675 -0.00000000    0.25447939  0.00000000

     Dynamical  Matrix in cartesian axes

     q = (    0.666666667  -0.666666667   0.333333333 ) 

    1    1
  0.25447939  0.00000000   -0.00998675 -0.00000000    0.01110148 -0.00715008
 -0.00998675 -0.00000000    0.25447939  0.00000000   -0.01110148  0.00715008
  0.01110148  0.00715008   -0.01110148 -0.00715008    0.28311842  0.00000000
    1    2
 -0.09654075 -0.05447960   -0.10973245  0.03263770    0.06509564  0.03504026
 -0.10973245  0.03263770   -0.09654075 -0.05447960   -0.06509564 -0.03504026
  0.06509564  0.03504026   -0.06509564 -0.03504026   -0.11137013 -0.05045683
    2    1
 -0.09654075  0.05447960   -0.10973245 -0.03263770    0.06509564 -0.03504026
 -0.10973245 -0.03263770   -0.09654075  0.05447960   -0.06509564  0.03504026
  0.06509564 -0.03504026   -0.06509564  0.03504026   -0.11137013  0.05045683
    2    2
  0.25447939 -0.00000000   -0.00998675  0.00000000    0.01110148  0.00715008
 -0.00998675  0.00000000    0.25447939 -0.00000000   -0.01110148 -0.00715008
  0.01110148 -0.00715008   -0.01110148  0.00715008    0.28311842 -0.00000000

     Dynamical  Matrix in cartesian axes

     q = (    0.666666667   0.666666667  -0.333333333 ) 

    1    1
  0.25447939 -0.00000000    0.00998675 -0.00000000   -0.01110148  0.00715008
  0.00998675 -0.00000000    0.25447939 -0.00000000   -0.01110148  0.00715008
 -0.01110148 -0.00715008   -0.01110148 -0.00715008    0.28311842 -0.00000000
    1    2
 -0.09545109  0.05636694    0.02660115 -0.11134994   -0.06289357  0.03885434
  0.02660115 -0.11134994   -0.09545109  0.05636694   -0.06289357  0.03885434
 -0.06289357  0.03885434   -0.06289357  0.03885434   -0.09938196  0.07122095
    2    1
 -0.09545109 -0.05636694    0.02660115  0.11134994   -0.06289357 -0.03885434
  0.02660115  0.11134994   -0.09545109 -0.05636694   -0.06289357 -0.03885434
 -0.06289357 -0.03885434   -0.06289357 -0.03885434   -0.09938196 -0.07122095
    2    2
  0.25447939  0.00000000    0.00998675  0.00000000   -0.01110148 -0.00715008
  0.00998675  0.00000000    0.25447939  0.00000000   -0.01110148 -0.00715008
 -0.01110148  0.00715008   -0.01110148  0.00715008    0.28311842  0.00000000

     Dynamical  Matrix in cartesian axes

     q = (   -0.666666667  -0.666666667  -0.333333333 ) 

    1    1
  0.25447939  0.00000000    0.00998675  0.00000000    0.01110148 -0.00715008
  0.00998675  0.00000000    0.25447939  0.00000000    0.01110148 -0.00715008
  0.01110148  0.00715008    0.01110148  0.00715008    0.28311842  0.00000000
    1    2
  0.09654075  0.05447960   -0.10973245  0.03263770   -0.06509564 -0.03504026
 -0.10973245  0.03263770    0.09654075  0.05447960   -0.06509564 -0.03504026
 -0.06509564 -0.03504026   -0.06509564 -0.03504026    0.11137013  0.05045683
    2    1
  0.09654075 -0.05447960   -0.10973245 -0.03263770   -0.06509564  0.03504026
 -0.10973245 -0.03263770    0.09654075 -0.05447960   -0.06509564  0.03504026
 -0.06509564  0.03504026   -0.06509564  0.03504026    0.11137013 -0.05045683
    2    2
  0.25447939 -0.00000000    0.00998675 -0.00000000    0.01110148  0.00715008
  0.00998675 -0.00000000    0.25447939 -0.00000000    0.01110148  0.00715008
  0.01110148 -0.00715008    0.01110148 -0.00715008    0.28311842 -0.00000000

     Dynamical  Matrix in cartesian axes

     q = (   -0.666666667   0.666666667   0.333333333 ) 

    1    1
  0.25447939  0.00000000   -0.00998675 -0.00000000   -0.01110148  0.00715008
 -0.00998675 -0.00000000    0.25447939  0.00000000    0.01110148 -0.00715008
 -0.01110148 -0.00715008    0.01110148  0.00715008    0.28311842  0.00000000
    1    2
 -0.09654075 -0.05447960   -0.10973245  0.03263770   -0.06509564 -0.03504026
 -0.10973245  0.03263770   -0.09654075 -0.05447960    0.06509564  0.03504026
 -0.06509564 -0.03504026    0.06509564  0.03504026   -0.11137013 -0.05045683
    2    1
 -0.09654075  0.05447960   -0.10973245 -0.03263770   -0.06509564  0.03504026
 -0.10973245 -0.03263770   -0.09654075  0.05447960    0.06509564 -0.03504026
 -0.06509564  0.03504026    0.06509564 -0.03504026   -0.11137013  0.05045683
    2    2
  0.25447939 -0.00000000   -0.00998675  0.00000000   -0.01110148 -0.00715008
 -0.00998675  0.00000000    0.25447939 -0.00000000    0.01110148  0.00715008
 -0.01110148  0.00715008    0.01110148 -0.00715008    0.28311842 -0.00000000

     Dynamical  Matrix in cartesian axes

     q = (    0.333333333  -0.666666667   0.666666667 ) 

    1    1
  0.28311842  0.00000000   -0.01110148 -0.00715008    0.01110148  0.00715008
 -0.01110148  0.00715008    0.25447939  0.00000000   -0.00998675 -0.00000000
  0.01110148 -0.00715008   -0.00998675 -0.00000000    0.25447939  0.00000000
    1    2
 -0.11137013 -0.05045683   -0.06509564 -0.03504026    0.06509564  0.03504026
 -0.06509564 -0.03504026   -0.09654075 -0.05447960   -0.10973245  0.03263770
  0.06509564  0.03504026   -0.10973245  0.03263770   -0.09654075 -0.05447960
    2    1
 -0.11137013  0.05045683   -0.06509564  0.03504026    0.06509564 -0.03504026
 -0.06509564  0.03504026   -0.09654075  0.05447960   -0.10973245 -0.03263770
  0.06509564 -0.03504026   -0.10973245 -0.03263770   -0.09654075  0.05447960
    2    2
  0.28311842 -0.00000000   -0.01110148  0.00715008    0.01110148 -0.00715008
 -0.01110148 -0.00715008    0.25447939 -0.00000000   -0.00998675  0.00000000
  0.01110148  0.00715008   -0.00998675  0.00000000    0.25447939 -0.00000000

     Dynamical  Matrix in cartesian axes

     q = (    0.333333333   0.666666667   0.666666667 ) 

    1    1
  0.28311842  0.00000000    0.01110148 -0.00715008    0.01110148 -0.00715008
  0.01110148  0.00715008    0.25447939  0.00000000    0.00998675 -0.00000000
  0.01110148  0.00715008    0.00998675 -0.00000000    0.25447939  0.00000000
    1    2
  0.11137013 -0.05045683   -0.06509564  0.03504026   -0.06509564  0.03504026
 -0.06509564  0.03504026    0.09654075 -0.05447960   -0.10973245 -0.03263770
 -0.06509564  0.03504026   -0.10973245 -0.03263770    0.09654075 -0.05447960
    2    1
  0.11137013  0.05045683   -0.06509564 -0.03504026   -0.06509564 -0.03504026
 -0.06509564 -0.03504026    0.09654075  0.05447960   -0.10973245  0.03263770
 -0.06509564 -0.03504026   -0.10973245  0.03263770    0.09654075  0.05447960
    2    2
  0.28311842 -0.00000000    0.01110148  0.00715008    0.01110148  0.00715008
  0.01110148 -0.00715008    0.25447939 -0.00000000    0.00998675  0.00000000
  0.01110148 -0.00715008    0.00998675  0.00000000    0.25447939 -0.00000000

     Dynamical  Matrix in cartesian axes

     q = (   -0.666666667   0.333333333  -0.666666667 ) 

    1    1
  0.25447939 -0.00000000   -0.01110148 -0.00715008    0.00998675 -0.00000000
 -0.01110148  0.00715008    0.28311842 -0.00000000   -0.01110148  0.00715008
  0.00998675 -0.00000000   -0.01110148 -0.00715008    0.25447939 -0.00000000
    1    2
 -0.09545109 -0.05636694   -0.06289357 -0.03885434    0.02660115  0.11134994
 -0.06289357 -0.03885434   -0.09938196 -0.07122095   -0.06289357 -0.03885434
  0.02660115  0.11134994   -0.06289357 -0.03885434   -0.09545109 -0.05636694
    2    1
 -0.09545109  0.05636694   -0.06289357  0.03885434    0.02660115 -0.11134994
 -0.06289357  0.03885434   -0.09938196  0.07122095   -0.06289357  0.03885434
  0.02660115 -0.11134994   -0.06289357  0.03885434   -0.09545109  0.05636694
    2    2
  0.25447939  0.00000000   -0.01110148  0.00715008    0.00998675  0.00000000
 -0.01110148 -0.00715008    0.28311842  0.00000000   -0.01110148 -0.00715008
  0.00998675  0.00000000   -0.01110148  0.00715008    0.25447939  0.00000000

     Dynamical  Matrix in cartesian axes

     q = (   -0.333333333  -0.666666667   0.666666667 ) 

    1    1
  0.28311842  0.00000000    0.01110148 -0.00715008   -0.01110148  0.00715008
  0.01110148  0.00715008    0.25447939  0.00000000   -0.00998675 -0.00000000
 -0.01110148 -0.00715008   -0.00998675 -0.00000000    0.25447939  0.00000000
    1    2
 -0.11137013  0.05045683    0.06509564 -0.03504026   -0.06509564  0.03504026
  0.06509564 -0.03504026   -0.09654075  0.05447960   -0.10973245 -0.03263770
 -0.06509564  0.03504026   -0.10973245 -0.03263770   -0.09654075  0.05447960
    2    1
 -0.11137013 -0.05045683    0.06509564  0.03504026   -0.06509564 -0.03504026
  0.06509564  0.03504026   -0.09654075 -0.05447960   -0.10973245  0.03263770
 -0.06509564 -0.03504026   -0.10973245  0.03263770   -0.09654075 -0.05447960
    2    2
  0.28311842 -0.00000000    0.01110148  0.00715008   -0.01110148 -0.00715008
  0.01110148 -0.00715008    0.25447939 -0.00000000   -0.00998675  0.00000000
 -0.01110148  0.00715008   -0.00998675  0.00000000    0.25447939 -0.00000000

     Dynamical  Matrix in cartesian axes

     q = (   -0.666666667  -0.666666667   0.333333333 ) 

    1    1
  0.25447939  0.00000000    0.00998675  0.00000000   -0.01110148 -0.00715008
  0.00998675  0.00000000    0.25447939  0.00000000   -0.01110148 -0.00715008
 -0.01110148  0.00715008   -0.01110148  0.00715008    0.28311842  0.00000000
    1    2
 -0.09545109 -0.05636694    0.02660115  0.11134994   -0.06289357 -0.03885434
  0.02660115  0.11134994   -0.09545109 -0.05636694   -0.06289357 -0.03885434
 -0.06289357 -0.03885434   -0.06289357 -0.03885434   -0.09938196 -0.07122095
    2    1
 -0.09545109  0.05636694    0.02660115 -0.11134994   -0.06289357  0.03885434
  0.02660115 -0.11134994   -0.09545109  0.05636694   -0.06289357  0.03885434
 -0.06289357  0.03885434   -0.06289357  0.03885434   -0.09938196  0.07122095
    2    2
  0.25447939 -0.00000000    0.00998675 -0.00000000   -0.01110148  0.00715008
  0.00998675 -0.00000000    0.25447939 -0.00000000   -0.01110148  0.00715008
 -0.01110148 -0.00715008   -0.01110148 -0.00715008    0.28311842 -0.00000000

     Dynamical  Matrix in cartesian axes

     q = (    0.666666667   0.666666667   0.333333333 ) 

    1    1
  0.25447939 -0.00000000    0.00998675 -0.00000000    0.01110148  0.00715008
  0.00998675 -0.00000000    0.25447939 -0.00000000    0.01110148  0.00715008
  0.01110148 -0.00715008    0.01110148 -0.00715008    0.28311842 -0.00000000
    1    2
  0.09654075 -0.05447960   -0.10973245 -0.03263770   -0.06509564  0.03504026
 -0.10973245 -0.03263770    0.09654075 -0.05447960   -0.06509564  0.03504026
 -0.06509564  0.03504026   -0.06509564  0.03504026    0.11137013 -0.05045683
    2    1
  0.09654075  0.05447960   -0.10973245  0.03263770   -0.06509564 -0.03504026
 -0.10973245  0.03263770    0.09654075  0.05447960   -0.06509564 -0.03504026
 -0.06509564 -0.03504026   -0.06509564 -0.03504026    0.11137013  0.05045683
    2    2
  0.25447939  0.00000000    0.00998675  0.00000000    0.01110148 -0.00715008
  0.00998675  0.00000000    0.25447939  0.00000000    0.01110148 -0.00715008
  0.01110148  0.00715008    0.01110148  0.00715008    0.28311842  0.00000000

     Dynamical  Matrix in cartesian axes

     q = (    0.333333333  -0.666666667  -0.666666667 ) 

    1    1
  0.28311842 -0.00000000   -0.01110148  0.00715008   -0.01110148  0.00715008
 -0.01110148 -0.00715008    0.25447939 -0.00000000    0.00998675  0.00000000
 -0.01110148 -0.00715008    0.00998675  0.00000000    0.25447939 -0.00000000
    1    2
 -0.09938196 -0.07122095   -0.06289357 -0.03885434   -0.06289357 -0.03885434
 -0.06289357 -0.03885434   -0.09545109 -0.05636694    0.02660115  0.11134994
 -0.06289357 -0.03885434    0.02660115  0.11134994   -0.09545109 -0.05636694
    2    1
 -0.09938196  0.07122095   -0.06289357  0.03885434   -0.06289357  0.03885434
 -0.06289357  0.03885434   -0.09545109  0.05636694    0.02660115 -0.11134994
 -0.06289357  0.03885434    0.02660115 -0.11134994   -0.09545109  0.05636694
    2    2
  0.28311842  0.00000000   -0.01110148 -0.00715008   -0.01110148 -0.00715008
 -0.01110148  0.00715008    0.25447939  0.00000000    0.00998675 -0.00000000
 -0.01110148  0.00715008    0.00998675 -0.00000000    0.25447939  0.00000000

     Dynamical  Matrix in cartesian axes

     q = (    0.666666667  -0.666666667  -0.333333333 ) 

    1    1
  0.25447939 -0.00000000   -0.00998675  0.00000000   -0.01110148 -0.00715008
 -0.00998675  0.00000000    0.25447939 -0.00000000    0.01110148  0.00715008
 -0.01110148  0.00715008    0.01110148 -0.00715008    0.28311842 -0.00000000
    1    2
 -0.09654075  0.05447960   -0.10973245 -0.03263770   -0.06509564  0.03504026
 -0.10973245 -0.03263770   -0.09654075  0.05447960    0.06509564 -0.03504026
 -0.06509564  0.03504026    0.06509564 -0.03504026   -0.11137013  0.05045683
    2    1
 -0.09654075 -0.05447960   -0.10973245  0.03263770   -0.06509564 -0.03504026
 -0.10973245  0.03263770   -0.09654075 -0.05447960    0.06509564  0.03504026
 -0.06509564 -0.03504026    0.06509564  0.03504026   -0.11137013 -0.05045683
    2    2
  0.25447939  0.00000000   -0.00998675 -0.00000000   -0.01110148  0.00715008
 -0.00998675 -0.00000000    0.25447939  0.00000000    0.01110148 -0.00715008
 -0.01110148 -0.00715008    0.01110148  0.00715008    0.28311842  0.00000000

     Diagonalizing the dynamical matrix

     q = (    0.666666667  -0.333333333   0.666666667 ) 

 **************************************************************************
     freq (    1) =       3.958717 [THz] =     132.048597 [cm-1]
 ( -0.294206  0.404281 -0.000000  0.000000  0.294206 -0.404281 ) 
 ( -0.500000  0.000000 -0.000000  0.000000  0.500000  0.000000 ) 
     freq (    2) =       5.167626 [THz] =     172.373457 [cm-1]
 (  0.328176  0.033978  0.507810 -0.156274  0.328176  0.033978 ) 
 (  0.329930 -0.000000  0.489016  0.207740  0.329930  0.000000 ) 
     freq (    3) =       9.647398 [THz] =     321.802556 [cm-1]
 (  0.135428 -0.385386  0.110981  0.392373  0.135428 -0.385386 ) 
 ( -0.408489  0.000000  0.333387  0.234789 -0.408489  0.000000 ) 
     freq (    4) =      11.987806 [THz] =     399.870164 [cm-1]
 (  0.085794 -0.350854  0.121949  0.473508  0.085794 -0.350854 ) 
 (  0.361192 -0.000000 -0.430989 -0.230931  0.361192  0.000000 ) 
     freq (    5) =      13.822778 [THz] =     461.078259 [cm-1]
 (  0.294206 -0.404281 -0.000000  0.000000 -0.294206  0.404281 ) 
 ( -0.500000  0.000000  0.000000  0.000000  0.500000  0.000000 ) 
     freq (    6) =      14.126151 [THz] =     471.197673 [cm-1]
 (  0.274047  0.136827  0.542771 -0.133241  0.274047  0.136827 ) 
 ( -0.306306  0.000000 -0.426090 -0.361664 -0.306306  0.000000 ) 
 **************************************************************************
