Dynamical matrix file
                                                                           
  1    2  2 10.3400000  0.0000000  0.0000000  0.0000000  0.0000000  0.0000000
           1  'Si  '    25598.8229845270     
    1    1      0.0000000000      0.0000000000      0.0000000000
    2    1      0.2500000000      0.2500000000      0.2500000000

     Dynamical  Matrix in cartesian axes

     q = (   -0.166666667   0.166666667  -0.166666667 ) 

    1    1
  0.26726998  0.00000000   -0.00634380 -0.00000000    0.00634380  0.00000000
 -0.00634380 -0.00000000    0.26726998  0.00000000   -0.00634380 -0.00000000
  0.00634380  0.00000000   -0.00634380 -0.00000000    0.26726998  0.00000000
    1    2
 -0.23106108 -0.05318935   -0.01723263  0.03211610    0.01723263 -0.03211610
 -0.01723263  0.03211610   -0.23106108 -0.05318935   -0.01723263  0.03211610
  0.01723263 -0.03211610   -0.01723263  0.03211610   -0.23106108 -0.05318935
    2    1
 -0.23106108  0.05318935   -0.01723263 -0.03211610    0.01723263  0.03211610
 -0.01723263 -0.03211610   -0.23106108  0.05318935   -0.01723263 -0.03211610
  0.01723263  0.03211610   -0.01723263 -0.03211610   -0.23106108  0.05318935
    2    2
  0.26726998 -0.00000000   -0.00634380  0.00000000    0.00634380 -0.00000000
 -0.00634380  0.00000000    0.26726998 -0.00000000   -0.00634380  0.00000000
  0.00634380 -0.00000000   -0.00634380  0.00000000    0.26726998 -0.00000000

     Dynamical  Matrix in cartesian axes

     q = (    0.166666667   0.166666667   0.166666667 ) 

    1    1
  0.26726998  0.00000000    0.00634380  0.00000000    0.00634380  0.00000000
  0.00634380  0.00000000    0.26726998  0.00000000    0.00634380  0.00000000
  0.00634380  0.00000000    0.00634380  0.00000000    0.26726998  0.00000000
    1    2
 -0.16159387  0.17351008   -0.01919705 -0.03098195   -0.01919705 -0.03098195
 -0.01919705 -0.03098195   -0.16159387  0.17351008   -0.01919705 -0.03098195
 -0.01919705 -0.03098195   -0.01919705 -0.03098195   -0.16159387  0.17351008
    2    1
 -0.16159387 -0.17351008   -0.01919705  0.03098195   -0.01919705  0.03098195
 -0.01919705  0.03098195   -0.16159387 -0.17351008   -0.01919705  0.03098195
 -0.01919705  0.03098195   -0.01919705  0.03098195   -0.16159387 -0.17351008
    2    2
  0.26726998 -0.00000000    0.00634380 -0.00000000    0.00634380 -0.00000000
  0.00634380 -0.00000000    0.26726998 -0.00000000    0.00634380 -0.00000000
  0.00634380 -0.00000000    0.00634380 -0.00000000    0.26726998 -0.00000000

     Dynamical  Matrix in cartesian axes

     q = (   -0.166666667  -0.166666667  -0.166666667 ) 

    1    1
  0.26726998 -0.00000000    0.00634380 -0.00000000    0.00634380 -0.00000000
  0.00634380 -0.00000000    0.26726998 -0.00000000    0.00634380 -0.00000000
  0.00634380 -0.00000000    0.00634380 -0.00000000    0.26726998 -0.00000000
    1    2
 -0.16159387 -0.17351008   -0.01919705  0.03098195   -0.01919705  0.03098195
 -0.01919705  0.03098195   -0.16159387 -0.17351008   -0.01919705  0.03098195
 -0.01919705  0.03098195   -0.01919705  0.03098195   -0.16159387 -0.17351008
    2    1
 -0.16159387  0.17351008   -0.01919705 -0.03098195   -0.01919705 -0.03098195
 -0.01919705 -0.03098195   -0.16159387  0.17351008   -0.01919705 -0.03098195
 -0.01919705 -0.03098195   -0.01919705 -0.03098195   -0.16159387  0.17351008
    2    2
  0.26726998  0.00000000    0.00634380  0.00000000    0.00634380  0.00000000
  0.00634380  0.00000000    0.26726998  0.00000000    0.00634380  0.00000000
  0.00634380  0.00000000    0.00634380  0.00000000    0.26726998  0.00000000

     Dynamical  Matrix in cartesian axes

     q = (    0.166666667  -0.166666667   0.166666667 ) 

    1    1
  0.26726998 -0.00000000   -0.00634380  0.00000000    0.00634380 -0.00000000
 -0.00634380  0.00000000    0.26726998 -0.00000000   -0.00634380  0.00000000
  0.00634380 -0.00000000   -0.00634380  0.00000000    0.26726998 -0.00000000
    1    2
 -0.23106108  0.05318935   -0.01723263 -0.03211610    0.01723263  0.03211610
 -0.01723263 -0.03211610   -0.23106108  0.05318935   -0.01723263 -0.03211610
  0.01723263  0.03211610   -0.01723263 -0.03211610   -0.23106108  0.05318935
    2    1
 -0.23106108 -0.05318935   -0.01723263  0.03211610    0.01723263 -0.03211610
 -0.01723263  0.03211610   -0.23106108 -0.05318935   -0.01723263  0.03211610
  0.01723263 -0.03211610   -0.01723263  0.03211610   -0.23106108 -0.05318935
    2    2
  0.26726998  0.00000000   -0.00634380 -0.00000000    0.00634380  0.00000000
 -0.00634380 -0.00000000    0.26726998  0.00000000   -0.00634380 -0.00000000
  0.00634380  0.00000000   -0.00634380 -0.00000000    0.26726998  0.00000000

     Dynamical  Matrix in cartesian axes

     q = (    0.166666667  -0.166666667  -0.166666667 ) 

    1    1
  0.26726998  0.00000000   -0.00634380 -0.00000000   -0.00634380 -0.00000000
 -0.00634380 -0.00000000    0.26726998  0.00000000    0.00634380  0.00000000
 -0.00634380 -0.00000000    0.00634380  0.00000000    0.26726998  0.00000000
    1    2
 -0.23106108 -0.05318935   -0.01723263  0.03211610   -0.01723263  0.03211610
 -0.01723263  0.03211610   -0.23106108 -0.05318935    0.01723263 -0.03211610
 -0.01723263  0.03211610    0.01723263 -0.03211610   -0.23106108 -0.05318935
    2    1
 -0.23106108  0.05318935   -0.01723263 -0.03211610   -0.01723263 -0.03211610
 -0.01723263 -0.03211610   -0.23106108  0.05318935    0.01723263  0.03211610
 -0.01723263 -0.03211610    0.01723263  0.03211610   -0.23106108  0.05318935
    2    2
  0.26726998 -0.00000000   -0.00634380  0.00000000   -0.00634380  0.00000000
 -0.00634380  0.00000000    0.26726998 -0.00000000    0.00634380 -0.00000000
 -0.00634380  0.00000000    0.00634380 -0.00000000    0.26726998 -0.00000000

     Dynamical  Matrix in cartesian axes

     q = (    0.166666667   0.166666667  -0.166666667 ) 

    1    1
  0.26726998 -0.00000000    0.00634380 -0.00000000   -0.00634380  0.00000000
  0.00634380 -0.00000000    0.26726998 -0.00000000   -0.00634380  0.00000000
 -0.00634380  0.00000000   -0.00634380  0.00000000    0.26726998 -0.00000000
    1    2
 -0.23106108  0.05318935    0.01723263  0.03211610   -0.01723263 -0.03211610
  0.01723263  0.03211610   -0.23106108  0.05318935   -0.01723263 -0.03211610
 -0.01723263 -0.03211610   -0.01723263 -0.03211610   -0.23106108  0.05318935
    2    1
 -0.23106108 -0.05318935    0.01723263 -0.03211610   -0.01723263  0.03211610
  0.01723263 -0.03211610   -0.23106108 -0.05318935   -0.01723263  0.03211610
 -0.01723263  0.03211610   -0.01723263  0.03211610   -0.23106108 -0.05318935
    2    2
  0.26726998  0.00000000    0.00634380  0.00000000   -0.00634380 -0.00000000
  0.00634380  0.00000000    0.26726998  0.00000000   -0.00634380 -0.00000000
 -0.00634380 -0.00000000   -0.00634380 -0.00000000    0.26726998  0.00000000

     Dynamical  Matrix in cartesian axes

     q = (   -0.166666667  -0.166666667   0.166666667 ) 

    1    1
  0.26726998  0.00000000    0.00634380  0.00000000   -0.00634380 -0.00000000
  0.00634380  0.00000000    0.26726998  0.00000000   -0.00634380 -0.00000000
 -0.00634380 -0.00000000   -0.00634380 -0.00000000    0.26726998  0.00000000
    1    2
 -0.23106108 -0.05318935    0.01723263 -0.03211610   -0.01723263  0.03211610
  0.01723263 -0.03211610   -0.23106108 -0.05318935   -0.01723263  0.03211610
 -0.01723263  0.03211610   -0.01723263  0.03211610   -0.23106108 -0.05318935
    2    1
 -0.23106108  0.05318935    0.01723263  0.03211610   -0.01723263 -0.03211610
  0.01723263  0.03211610   -0.23106108  0.05318935   -0.01723263 -0.03211610
 -0.01723263 -0.03211610   -0.01723263 -0.03211610   -0.23106108  0.05318935
    2    2
  0.26726998 -0.00000000    0.00634380 -0.00000000   -0.00634380  0.00000000
  0.00634380 -0.00000000    0.26726998 -0.00000000   -0.00634380  0.00000000
 -0.00634380  0.00000000   -0.00634380  0.00000000    0.26726998 -0.00000000

     Dynamical  Matrix in cartesian axes

     q = (   -0.166666667   0.166666667   0.166666667 ) 

    1    1
  0.26726998 -0.00000000   -0.00634380  0.00000000   -0.00634380  0.00000000
 -0.00634380  0.00000000    0.26726998 -0.00000000    0.00634380 -0.00000000
 -0.00634380  0.00000000    0.00634380 -0.00000000    0.26726998 -0.00000000
    1    2
 -0.23106108  0.05318935   -0.01723263 -0.03211610   -0.01723263 -0.03211610
 -0.01723263 -0.03211610   -0.23106108  0.05318935    0.01723263  0.03211610
 -0.01723263 -0.03211610    0.01723263  0.03211610   -0.23106108  0.05318935
    2    1
 -0.23106108 -0.05318935   -0.01723263  0.03211610   -0.01723263  0.03211610
 -0.01723263  0.03211610   -0.23106108 -0.05318935    0.01723263 -0.03211610
 -0.01723263  0.03211610    0.01723263 -0.03211610   -0.23106108 -0.05318935
    2    2
  0.26726998  0.00000000   -0.00634380 -0.00000000   -0.00634380 -0.00000000
 -0.00634380 -0.00000000    0.26726998  0.00000000    0.00634380  0.00000000
 -0.00634380 -0.00000000    0.00634380  0.00000000    0.26726998  0.00000000

     Diagonalizing the dynamical matrix

     q = (   -0.166666667   0.166666667  -0.166666667 ) 

 **************************************************************************
     freq (    1) =       2.227900 [THz] =      74.314750 [cm-1]
 (  0.274943  0.030279  0.574475  0.055701  0.299532  0.025422 ) 
 (  0.276519  0.006920  0.577127  0.006920  0.300609  0.000000 ) 
     freq (    2) =       2.227900 [THz] =      74.314750 [cm-1]
 ( -0.504587 -0.047061 -0.013435 -0.005375  0.491152  0.041685 ) 
 ( -0.506759 -0.004220 -0.013842 -0.004220  0.492918  0.000000 ) 
     freq (    3) =       4.641943 [THz] =     154.838544 [cm-1]
 (  0.350491  0.209339 -0.350491 -0.209339  0.350491  0.209339 ) 
 (  0.408248 -0.000000 -0.408248  0.000000  0.408248  0.000000 ) 
     freq (    4) =      14.669077 [THz] =     489.307740 [cm-1]
 ( -0.350491 -0.209339  0.350491  0.209339 -0.350491 -0.209339 ) 
 (  0.408248 -0.000000 -0.408248 -0.000000  0.408248  0.000000 ) 
     freq (    5) =      14.685815 [THz] =     489.866048 [cm-1]
 (  0.411998  0.207242  0.486004  0.213523  0.074007  0.006281 ) 
 ( -0.428048 -0.171657 -0.502321 -0.171657 -0.074273  0.000000 ) 
     freq (    6) =      14.685815 [THz] =     489.866048 [cm-1]
 (  0.343496  0.051501 -0.227005  0.003081 -0.570502 -0.048420 ) 
 ( -0.346621 -0.022268  0.225932 -0.022268  0.572553  0.000000 ) 
 **************************************************************************
