Dynamical matrix file
                                                                           
  1    2  2 10.3040000  0.0000000  0.0000000  0.0000000  0.0000000  0.0000000
           1  'Si  '    25598.8229845270     
    1    1      0.0000000000      0.0000000000      0.0000000000
    2    1      0.2500000000      0.2500000000      0.2500000000

     Dynamical  Matrix in cartesian axes

     q = (    0.000000000   0.333333333   0.000000000 ) 

    1    1
  0.25722930  0.00000000    0.00000000  0.00000000   -0.00000000  0.00000000
  0.00000000  0.00000000    0.29245912  0.00000000   -0.00000000  0.00000000
 -0.00000000  0.00000000   -0.00000000  0.00000000    0.25722930  0.00000000
    1    2
 -0.19208117  0.11089812   -0.00000000  0.00000000   -0.04091270 -0.07086288
  0.00000000 -0.00000000   -0.20411493  0.11784581    0.00000000 -0.00000000
 -0.04091270 -0.07086288    0.00000000  0.00000000   -0.19208117  0.11089812
    2    1
 -0.19208117 -0.11089812   -0.00000000  0.00000000   -0.04091270  0.07086288
  0.00000000  0.00000000   -0.20411493 -0.11784581    0.00000000 -0.00000000
 -0.04091270  0.07086288   -0.00000000  0.00000000   -0.19208117 -0.11089812
    2    2
  0.25722930  0.00000000    0.00000000  0.00000000   -0.00000000  0.00000000
  0.00000000  0.00000000    0.29245912  0.00000000   -0.00000000  0.00000000
 -0.00000000  0.00000000   -0.00000000  0.00000000    0.25722930  0.00000000

     Dynamical  Matrix in cartesian axes

     q = (    0.333333333   0.000000000   0.000000000 ) 

    1    1
  0.29245912  0.00000000   -0.00000000  0.00000000    0.00000000  0.00000000
  0.00000000  0.00000000    0.25722930  0.00000000    0.00000000  0.00000000
 -0.00000000  0.00000000    0.00000000  0.00000000    0.25722930  0.00000000
    1    2
 -0.20411493  0.11784581    0.00000000  0.00000000   -0.00000000  0.00000000
  0.00000000  0.00000000   -0.19208117  0.11089812   -0.04091270 -0.07086288
  0.00000000  0.00000000   -0.04091270 -0.07086288   -0.19208117  0.11089812
    2    1
 -0.20411493 -0.11784581    0.00000000  0.00000000   -0.00000000 -0.00000000
  0.00000000  0.00000000   -0.19208117 -0.11089812   -0.04091270  0.07086288
  0.00000000  0.00000000   -0.04091270  0.07086288   -0.19208117 -0.11089812
    2    2
  0.29245912  0.00000000   -0.00000000  0.00000000    0.00000000  0.00000000
  0.00000000  0.00000000    0.25722930  0.00000000    0.00000000  0.00000000
 -0.00000000  0.00000000    0.00000000  0.00000000    0.25722930  0.00000000

     Dynamical  Matrix in cartesian axes

     q = (    0.000000000   0.000000000   0.333333333 ) 

    1    1
  0.25722930  0.00000000    0.00000000  0.00000000    0.00000000  0.00000000
  0.00000000  0.00000000    0.25722930  0.00000000    0.00000000  0.00000000
  0.00000000  0.00000000    0.00000000  0.00000000    0.29245912  0.00000000
    1    2
 -0.19208117  0.11089812   -0.04091270 -0.07086288    0.00000000  0.00000000
 -0.04091270 -0.07086288   -0.19208117  0.11089812   -0.00000000  0.00000000
  0.00000000  0.00000000   -0.00000000 -0.00000000   -0.20411493  0.11784581
    2    1
 -0.19208117 -0.11089812   -0.04091270  0.07086288    0.00000000  0.00000000
 -0.04091270  0.07086288   -0.19208117 -0.11089812   -0.00000000  0.00000000
  0.00000000  0.00000000    0.00000000  0.00000000   -0.20411493 -0.11784581
    2    2
  0.25722930  0.00000000    0.00000000  0.00000000    0.00000000  0.00000000
  0.00000000  0.00000000    0.25722930  0.00000000    0.00000000  0.00000000
  0.00000000  0.00000000    0.00000000  0.00000000    0.29245912  0.00000000

     Dynamical  Matrix in cartesian axes

     q = (    0.000000000  -0.333333333   0.000000000 ) 

    1    1
  0.25722930  0.00000000    0.00000000  0.00000000    0.00000000  0.00000000
  0.00000000  0.00000000    0.29245912  0.00000000    0.00000000  0.00000000
  0.00000000  0.00000000    0.00000000  0.00000000    0.25722930  0.00000000
    1    2
 -0.19208117 -0.11089812   -0.00000000  0.00000000   -0.04091270  0.07086288
  0.00000000  0.00000000   -0.20411493 -0.11784581   -0.00000000 -0.00000000
 -0.04091270  0.07086288    0.00000000 -0.00000000   -0.19208117 -0.11089812
    2    1
 -0.19208117  0.11089812   -0.00000000  0.00000000   -0.04091270 -0.07086288
  0.00000000 -0.00000000   -0.20411493  0.11784581   -0.00000000  0.00000000
 -0.04091270 -0.07086288   -0.00000000 -0.00000000   -0.19208117  0.11089812
    2    2
  0.25722930  0.00000000   -0.00000000  0.00000000    0.00000000  0.00000000
  0.00000000  0.00000000    0.29245912  0.00000000    0.00000000  0.00000000
 -0.00000000  0.00000000    0.00000000  0.00000000    0.25722930  0.00000000

     Dynamical  Matrix in cartesian axes

     q = (   -0.333333333   0.000000000   0.000000000 ) 

    1    1
  0.29245912  0.00000000   -0.00000000  0.00000000    0.00000000  0.00000000
  0.00000000  0.00000000    0.25722930  0.00000000    0.00000000  0.00000000
 -0.00000000  0.00000000    0.00000000  0.00000000    0.25722930  0.00000000
    1    2
 -0.20411493 -0.11784581    0.00000000  0.00000000    0.00000000 -0.00000000
  0.00000000  0.00000000   -0.19208117 -0.11089812   -0.04091270  0.07086288
 -0.00000000  0.00000000   -0.04091270  0.07086288   -0.19208117 -0.11089812
    2    1
 -0.20411493  0.11784581   -0.00000000  0.00000000    0.00000000  0.00000000
  0.00000000  0.00000000   -0.19208117  0.11089812   -0.04091270 -0.07086288
  0.00000000  0.00000000   -0.04091270 -0.07086288   -0.19208117  0.11089812
    2    2
  0.29245912  0.00000000    0.00000000  0.00000000    0.00000000  0.00000000
  0.00000000  0.00000000    0.25722930  0.00000000    0.00000000  0.00000000
 -0.00000000  0.00000000   -0.00000000  0.00000000    0.25722930  0.00000000

     Dynamical  Matrix in cartesian axes

     q = (    0.000000000   0.000000000  -0.333333333 ) 

    1    1
  0.25722930  0.00000000    0.00000000  0.00000000    0.00000000  0.00000000
  0.00000000  0.00000000    0.25722930  0.00000000    0.00000000  0.00000000
  0.00000000  0.00000000    0.00000000  0.00000000    0.29245912  0.00000000
    1    2
 -0.19208117 -0.11089812   -0.04091270  0.07086288    0.00000000 -0.00000000
 -0.04091270  0.07086288   -0.19208117 -0.11089812   -0.00000000  0.00000000
  0.00000000 -0.00000000    0.00000000  0.00000000   -0.20411493 -0.11784581
    2    1
 -0.19208117  0.11089812   -0.04091270 -0.07086288   -0.00000000 -0.00000000
 -0.04091270 -0.07086288   -0.19208117  0.11089812    0.00000000 -0.00000000
  0.00000000  0.00000000   -0.00000000 -0.00000000   -0.20411493  0.11784581
    2    2
  0.25722930  0.00000000    0.00000000  0.00000000   -0.00000000  0.00000000
 -0.00000000  0.00000000    0.25722930  0.00000000    0.00000000  0.00000000
  0.00000000  0.00000000    0.00000000  0.00000000    0.29245912  0.00000000

     Diagonalizing the dynamical matrix

     q = (    0.000000000   0.333333333   0.000000000 ) 

 **************************************************************************
     freq (    1) =       2.966976 [THz] =      98.967667 [cm-1]
 (  0.507081 -0.355373 -0.000000  0.000000  0.334227  0.069800 ) 
 (  0.657469 -0.138974 -0.000000 -0.000000  0.220048  0.000000 ) 
     freq (    2) =       2.966976 [THz] =      98.967667 [cm-1]
 ( -0.037281  0.339396  0.000000 -0.000000  0.495096 -0.371888 ) 
 ( -0.215291  0.045508  0.000000 -0.000000  0.671996  0.000000 ) 
     freq (    3) =       4.899085 [THz] =     163.415877 [cm-1]
 ( -0.000000  0.000000 -0.582102  0.401444  0.000000 -0.000000 ) 
 ( -0.000000  0.000000 -0.704837  0.056610  0.000000  0.000000 ) 
     freq (    4) =      14.446719 [THz] =     481.890683 [cm-1]
 ( -0.668726  0.052857  0.000000 -0.000000 -0.102976 -0.198513 ) 
 (  0.645458  0.274238 -0.000000 -0.000000  0.090432  0.000000 ) 
     freq (    5) =      14.446719 [THz] =     481.890683 [cm-1]
 ( -0.037153 -0.220524 -0.000000 -0.000000 -0.566000  0.360045 ) 
 ( -0.083231 -0.035363  0.000000  0.000000  0.701300  0.000000 ) 
     freq (    6) =      14.943213 [THz] =     498.451927 [cm-1]
 ( -0.000000  0.000000 -0.703074 -0.075413  0.000000 -0.000000 ) 
 (  0.000000  0.000000  0.571173  0.416846 -0.000000  0.000000 ) 
 **************************************************************************
