Dynamical matrix file
                                                                           
  1    2  2 10.3760000  0.0000000  0.0000000  0.0000000  0.0000000  0.0000000
           1  'Si  '    25598.8229845270     
    1    1      0.0000000000      0.0000000000      0.0000000000
    2    1      0.2500000000      0.2500000000      0.2500000000

     Dynamical  Matrix in cartesian axes

     q = (    0.500000000  -0.166666667   0.500000000 ) 

    1    1
  0.25250818  0.00000000   -0.00815309  0.00658594    0.01111216  0.00000000
 -0.00815309 -0.00658594    0.26637081  0.00000000   -0.00815309 -0.00658594
  0.01111216  0.00000000   -0.00815309  0.00658594    0.25250818  0.00000000
    1    2
 -0.06531872  0.10281927   -0.08101714  0.00158434    0.04409706 -0.06913800
 -0.08101714  0.00158434   -0.07015088  0.11742436   -0.08101714  0.00158434
  0.04409706 -0.06913800   -0.08101714  0.00158434   -0.06531872  0.10281927
    2    1
 -0.06531872 -0.10281927   -0.08101714 -0.00158434    0.04409706  0.06913800
 -0.08101714 -0.00158434   -0.07015088 -0.11742436   -0.08101714 -0.00158434
  0.04409706  0.06913800   -0.08101714 -0.00158434   -0.06531872 -0.10281927
    2    2
  0.25250818  0.00000000   -0.00815309 -0.00658594    0.01111216  0.00000000
 -0.00815309  0.00658594    0.26637081  0.00000000   -0.00815309  0.00658594
  0.01111216  0.00000000   -0.00815309 -0.00658594    0.25250818  0.00000000

     Dynamical  Matrix in cartesian axes

     q = (   -0.500000000  -0.166666667  -0.500000000 ) 

    1    1
  0.25250818  0.00000000    0.00815309 -0.00658594    0.01111216  0.00000000
  0.00815309  0.00658594    0.26637081  0.00000000    0.00815309  0.00658594
  0.01111216  0.00000000    0.00815309 -0.00658594    0.25250818  0.00000000
    1    2
  0.06531872 -0.10281927   -0.08101714  0.00158434   -0.04409706  0.06913800
 -0.08101714  0.00158434    0.07015088 -0.11742436   -0.08101714  0.00158434
 -0.04409706  0.06913800   -0.08101714  0.00158434    0.06531872 -0.10281927
    2    1
  0.06531872  0.10281927   -0.08101714 -0.00158434   -0.04409706 -0.06913800
 -0.08101714 -0.00158434    0.07015088  0.11742436   -0.08101714 -0.00158434
 -0.04409706 -0.06913800   -0.08101714 -0.00158434    0.06531872  0.10281927
    2    2
  0.25250818  0.00000000    0.00815309  0.00658594    0.01111216  0.00000000
  0.00815309 -0.00658594    0.26637081  0.00000000    0.00815309 -0.00658594
  0.01111216  0.00000000    0.00815309  0.00658594    0.25250818  0.00000000

     Dynamical  Matrix in cartesian axes

     q = (    0.500000000  -0.166666667  -0.500000000 ) 

    1    1
  0.25250818  0.00000000   -0.00815309 -0.00658594   -0.01111216  0.00000000
 -0.00815309  0.00658594    0.26637081  0.00000000    0.00815309 -0.00658594
 -0.01111216  0.00000000    0.00815309  0.00658594    0.25250818  0.00000000
    1    2
 -0.12170346  0.00515803   -0.04188065  0.06937073   -0.08192379  0.00362018
 -0.04188065  0.06937073   -0.13676792  0.00204026    0.04188065 -0.06937073
 -0.08192379  0.00362018    0.04188065 -0.06937073   -0.12170346  0.00515803
    2    1
 -0.12170346 -0.00515803   -0.04188065 -0.06937073   -0.08192379 -0.00362018
 -0.04188065 -0.06937073   -0.13676792 -0.00204026    0.04188065  0.06937073
 -0.08192379 -0.00362018    0.04188065  0.06937073   -0.12170346 -0.00515803
    2    2
  0.25250818  0.00000000   -0.00815309  0.00658594   -0.01111216  0.00000000
 -0.00815309 -0.00658594    0.26637081  0.00000000    0.00815309  0.00658594
 -0.01111216  0.00000000    0.00815309 -0.00658594    0.25250818  0.00000000

     Dynamical  Matrix in cartesian axes

     q = (   -0.500000000  -0.166666667   0.500000000 ) 

    1    1
  0.25250818  0.00000000    0.00815309  0.00658594   -0.01111216  0.00000000
  0.00815309 -0.00658594    0.26637081  0.00000000   -0.00815309  0.00658594
 -0.01111216  0.00000000   -0.00815309 -0.00658594    0.25250818  0.00000000
    1    2
 -0.12170346  0.00515803    0.04188065 -0.06937073   -0.08192379  0.00362018
  0.04188065 -0.06937073   -0.13676792  0.00204026   -0.04188065  0.06937073
 -0.08192379  0.00362018   -0.04188065  0.06937073   -0.12170346  0.00515803
    2    1
 -0.12170346 -0.00515803    0.04188065  0.06937073   -0.08192379 -0.00362018
  0.04188065  0.06937073   -0.13676792 -0.00204026   -0.04188065 -0.06937073
 -0.08192379 -0.00362018   -0.04188065 -0.06937073   -0.12170346 -0.00515803
    2    2
  0.25250818  0.00000000    0.00815309 -0.00658594   -0.01111216  0.00000000
  0.00815309  0.00658594    0.26637081  0.00000000   -0.00815309 -0.00658594
 -0.01111216  0.00000000   -0.00815309  0.00658594    0.25250818  0.00000000

     Dynamical  Matrix in cartesian axes

     q = (   -0.166666667   0.500000000  -0.500000000 ) 

    1    1
  0.26637081  0.00000000   -0.00815309  0.00658594    0.00815309 -0.00658594
 -0.00815309 -0.00658594    0.25250818  0.00000000   -0.01111216  0.00000000
  0.00815309  0.00658594   -0.01111216  0.00000000    0.25250818  0.00000000
    1    2
 -0.13676792  0.00204026   -0.04188065  0.06937073    0.04188065 -0.06937073
 -0.04188065  0.06937073   -0.12170346  0.00515803   -0.08192379  0.00362018
  0.04188065 -0.06937073   -0.08192379  0.00362018   -0.12170346  0.00515803
    2    1
 -0.13676792 -0.00204026   -0.04188065 -0.06937073    0.04188065  0.06937073
 -0.04188065 -0.06937073   -0.12170346 -0.00515803   -0.08192379 -0.00362018
  0.04188065  0.06937073   -0.08192379 -0.00362018   -0.12170346 -0.00515803
    2    2
  0.26637081  0.00000000   -0.00815309 -0.00658594    0.00815309  0.00658594
 -0.00815309  0.00658594    0.25250818  0.00000000   -0.01111216  0.00000000
  0.00815309 -0.00658594   -0.01111216  0.00000000    0.25250818  0.00000000

     Dynamical  Matrix in cartesian axes

     q = (   -0.500000000   0.500000000  -0.166666667 ) 

    1    1
  0.25250818  0.00000000   -0.01111216  0.00000000    0.00815309  0.00658594
 -0.01111216  0.00000000    0.25250818  0.00000000   -0.00815309 -0.00658594
  0.00815309 -0.00658594   -0.00815309  0.00658594    0.26637081  0.00000000
    1    2
 -0.12170346  0.00515803   -0.08192379  0.00362018    0.04188065 -0.06937073
 -0.08192379  0.00362018   -0.12170346  0.00515803   -0.04188065  0.06937073
  0.04188065 -0.06937073   -0.04188065  0.06937073   -0.13676792  0.00204026
    2    1
 -0.12170346 -0.00515803   -0.08192379 -0.00362018    0.04188065  0.06937073
 -0.08192379 -0.00362018   -0.12170346 -0.00515803   -0.04188065 -0.06937073
  0.04188065  0.06937073   -0.04188065 -0.06937073   -0.13676792 -0.00204026
    2    2
  0.25250818  0.00000000   -0.01111216  0.00000000    0.00815309 -0.00658594
 -0.01111216  0.00000000    0.25250818  0.00000000   -0.00815309  0.00658594
  0.00815309  0.00658594   -0.00815309 -0.00658594    0.26637081  0.00000000

     Dynamical  Matrix in cartesian axes

     q = (    0.500000000   0.166666667   0.500000000 ) 

    1    1
  0.25250818  0.00000000    0.00815309  0.00658594    0.01111216  0.00000000
  0.00815309 -0.00658594    0.26637081  0.00000000    0.00815309 -0.00658594
  0.01111216  0.00000000    0.00815309  0.00658594    0.25250818  0.00000000
    1    2
  0.06531872  0.10281927   -0.08101714 -0.00158434   -0.04409706 -0.06913800
 -0.08101714 -0.00158434    0.07015088  0.11742436   -0.08101714 -0.00158434
 -0.04409706 -0.06913800   -0.08101714 -0.00158434    0.06531872  0.10281927
    2    1
  0.06531872 -0.10281927   -0.08101714  0.00158434   -0.04409706  0.06913800
 -0.08101714  0.00158434    0.07015088 -0.11742436   -0.08101714  0.00158434
 -0.04409706  0.06913800   -0.08101714  0.00158434    0.06531872 -0.10281927
    2    2
  0.25250818  0.00000000    0.00815309 -0.00658594    0.01111216  0.00000000
  0.00815309  0.00658594    0.26637081  0.00000000    0.00815309  0.00658594
  0.01111216  0.00000000    0.00815309 -0.00658594    0.25250818  0.00000000

     Dynamical  Matrix in cartesian axes

     q = (   -0.500000000   0.166666667   0.500000000 ) 

    1    1
  0.25250818  0.00000000   -0.00815309  0.00658594   -0.01111216  0.00000000
 -0.00815309 -0.00658594    0.26637081  0.00000000    0.00815309  0.00658594
 -0.01111216  0.00000000    0.00815309 -0.00658594    0.25250818  0.00000000
    1    2
 -0.12170346 -0.00515803   -0.04188065 -0.06937073   -0.08192379 -0.00362018
 -0.04188065 -0.06937073   -0.13676792 -0.00204026    0.04188065  0.06937073
 -0.08192379 -0.00362018    0.04188065  0.06937073   -0.12170346 -0.00515803
    2    1
 -0.12170346  0.00515803   -0.04188065  0.06937073   -0.08192379  0.00362018
 -0.04188065  0.06937073   -0.13676792  0.00204026    0.04188065 -0.06937073
 -0.08192379  0.00362018    0.04188065 -0.06937073   -0.12170346  0.00515803
    2    2
  0.25250818  0.00000000   -0.00815309 -0.00658594   -0.01111216  0.00000000
 -0.00815309  0.00658594    0.26637081  0.00000000    0.00815309 -0.00658594
 -0.01111216  0.00000000    0.00815309  0.00658594    0.25250818  0.00000000

     Dynamical  Matrix in cartesian axes

     q = (    0.500000000   0.166666667  -0.500000000 ) 

    1    1
  0.25250818  0.00000000    0.00815309 -0.00658594   -0.01111216  0.00000000
  0.00815309  0.00658594    0.26637081  0.00000000   -0.00815309 -0.00658594
 -0.01111216  0.00000000   -0.00815309  0.00658594    0.25250818  0.00000000
    1    2
 -0.12170346 -0.00515803    0.04188065  0.06937073   -0.08192379 -0.00362018
  0.04188065  0.06937073   -0.13676792 -0.00204026   -0.04188065 -0.06937073
 -0.08192379 -0.00362018   -0.04188065 -0.06937073   -0.12170346 -0.00515803
    2    1
 -0.12170346  0.00515803    0.04188065 -0.06937073   -0.08192379  0.00362018
  0.04188065 -0.06937073   -0.13676792  0.00204026   -0.04188065  0.06937073
 -0.08192379  0.00362018   -0.04188065  0.06937073   -0.12170346  0.00515803
    2    2
  0.25250818  0.00000000    0.00815309  0.00658594   -0.01111216  0.00000000
  0.00815309 -0.00658594    0.26637081  0.00000000   -0.00815309  0.00658594
 -0.01111216  0.00000000   -0.00815309 -0.00658594    0.25250818  0.00000000

     Dynamical  Matrix in cartesian axes

     q = (   -0.166666667   0.500000000   0.500000000 ) 

    1    1
  0.26637081  0.00000000   -0.00815309 -0.00658594   -0.00815309 -0.00658594
 -0.00815309  0.00658594    0.25250818  0.00000000    0.01111216  0.00000000
 -0.00815309  0.00658594    0.01111216  0.00000000    0.25250818  0.00000000
    1    2
 -0.07015088  0.11742436   -0.08101714  0.00158434   -0.08101714  0.00158434
 -0.08101714  0.00158434   -0.06531872  0.10281927    0.04409706 -0.06913800
 -0.08101714  0.00158434    0.04409706 -0.06913800   -0.06531872  0.10281927
    2    1
 -0.07015088 -0.11742436   -0.08101714 -0.00158434   -0.08101714 -0.00158434
 -0.08101714 -0.00158434   -0.06531872 -0.10281927    0.04409706  0.06913800
 -0.08101714 -0.00158434    0.04409706  0.06913800   -0.06531872 -0.10281927
    2    2
  0.26637081  0.00000000   -0.00815309  0.00658594   -0.00815309  0.00658594
 -0.00815309 -0.00658594    0.25250818  0.00000000    0.01111216  0.00000000
 -0.00815309 -0.00658594    0.01111216  0.00000000    0.25250818  0.00000000

     Dynamical  Matrix in cartesian axes

     q = (    0.166666667   0.500000000  -0.500000000 ) 

    1    1
  0.26637081  0.00000000    0.00815309  0.00658594   -0.00815309 -0.00658594
  0.00815309 -0.00658594    0.25250818  0.00000000   -0.01111216  0.00000000
 -0.00815309  0.00658594   -0.01111216  0.00000000    0.25250818  0.00000000
    1    2
 -0.13676792 -0.00204026    0.04188065  0.06937073   -0.04188065 -0.06937073
  0.04188065  0.06937073   -0.12170346 -0.00515803   -0.08192379 -0.00362018
 -0.04188065 -0.06937073   -0.08192379 -0.00362018   -0.12170346 -0.00515803
    2    1
 -0.13676792  0.00204026    0.04188065 -0.06937073   -0.04188065  0.06937073
  0.04188065 -0.06937073   -0.12170346  0.00515803   -0.08192379  0.00362018
 -0.04188065  0.06937073   -0.08192379  0.00362018   -0.12170346  0.00515803
    2    2
  0.26637081  0.00000000    0.00815309 -0.00658594   -0.00815309  0.00658594
  0.00815309  0.00658594    0.25250818  0.00000000   -0.01111216  0.00000000
 -0.00815309 -0.00658594   -0.01111216  0.00000000    0.25250818  0.00000000

     Dynamical  Matrix in cartesian axes

     q = (   -0.166666667  -0.500000000  -0.500000000 ) 

    1    1
  0.26637081  0.00000000    0.00815309  0.00658594    0.00815309  0.00658594
  0.00815309 -0.00658594    0.25250818  0.00000000    0.01111216  0.00000000
  0.00815309 -0.00658594    0.01111216  0.00000000    0.25250818  0.00000000
    1    2
  0.07015088 -0.11742436   -0.08101714  0.00158434   -0.08101714  0.00158434
 -0.08101714  0.00158434    0.06531872 -0.10281927   -0.04409706  0.06913800
 -0.08101714  0.00158434   -0.04409706  0.06913800    0.06531872 -0.10281927
    2    1
  0.07015088  0.11742436   -0.08101714 -0.00158434   -0.08101714 -0.00158434
 -0.08101714 -0.00158434    0.06531872  0.10281927   -0.04409706 -0.06913800
 -0.08101714 -0.00158434   -0.04409706 -0.06913800    0.06531872  0.10281927
    2    2
  0.26637081  0.00000000    0.00815309 -0.00658594    0.00815309 -0.00658594
  0.00815309  0.00658594    0.25250818  0.00000000    0.01111216  0.00000000
  0.00815309  0.00658594    0.01111216  0.00000000    0.25250818  0.00000000

     Dynamical  Matrix in cartesian axes

     q = (    0.500000000  -0.500000000   0.166666667 ) 

    1    1
  0.25250818  0.00000000   -0.01111216  0.00000000    0.00815309 -0.00658594
 -0.01111216  0.00000000    0.25250818  0.00000000   -0.00815309  0.00658594
  0.00815309  0.00658594   -0.00815309 -0.00658594    0.26637081  0.00000000
    1    2
 -0.12170346 -0.00515803   -0.08192379 -0.00362018    0.04188065  0.06937073
 -0.08192379 -0.00362018   -0.12170346 -0.00515803   -0.04188065 -0.06937073
  0.04188065  0.06937073   -0.04188065 -0.06937073   -0.13676792 -0.00204026
    2    1
 -0.12170346  0.00515803   -0.08192379  0.00362018    0.04188065 -0.06937073
 -0.08192379  0.00362018   -0.12170346  0.00515803   -0.04188065  0.06937073
  0.04188065 -0.06937073   -0.04188065  0.06937073   -0.13676792  0.00204026
    2    2
  0.25250818  0.00000000   -0.01111216  0.00000000    0.00815309  0.00658594
 -0.01111216  0.00000000    0.25250818  0.00000000   -0.00815309 -0.00658594
  0.00815309 -0.00658594   -0.00815309  0.00658594    0.26637081  0.00000000

     Dynamical  Matrix in cartesian axes

     q = (    0.500000000   0.500000000  -0.166666667 ) 

    1    1
  0.25250818  0.00000000    0.01111216  0.00000000   -0.00815309  0.00658594
  0.01111216  0.00000000    0.25250818  0.00000000   -0.00815309  0.00658594
 -0.00815309 -0.00658594   -0.00815309 -0.00658594    0.26637081  0.00000000
    1    2
 -0.06531872  0.10281927    0.04409706 -0.06913800   -0.08101714  0.00158434
  0.04409706 -0.06913800   -0.06531872  0.10281927   -0.08101714  0.00158434
 -0.08101714  0.00158434   -0.08101714  0.00158434   -0.07015088  0.11742436
    2    1
 -0.06531872 -0.10281927    0.04409706  0.06913800   -0.08101714 -0.00158434
  0.04409706  0.06913800   -0.06531872 -0.10281927   -0.08101714 -0.00158434
 -0.08101714 -0.00158434   -0.08101714 -0.00158434   -0.07015088 -0.11742436
    2    2
  0.25250818  0.00000000    0.01111216  0.00000000   -0.00815309 -0.00658594
  0.01111216  0.00000000    0.25250818  0.00000000   -0.00815309 -0.00658594
 -0.00815309  0.00658594   -0.00815309  0.00658594    0.26637081  0.00000000

     Dynamical  Matrix in cartesian axes

     q = (   -0.500000000  -0.500000000  -0.166666667 ) 

    1    1
  0.25250818  0.00000000    0.01111216  0.00000000    0.00815309 -0.00658594
  0.01111216  0.00000000    0.25250818  0.00000000    0.00815309 -0.00658594
  0.00815309  0.00658594    0.00815309  0.00658594    0.26637081  0.00000000
    1    2
  0.06531872 -0.10281927   -0.04409706  0.06913800   -0.08101714  0.00158434
 -0.04409706  0.06913800    0.06531872 -0.10281927   -0.08101714  0.00158434
 -0.08101714  0.00158434   -0.08101714  0.00158434    0.07015088 -0.11742436
    2    1
  0.06531872  0.10281927   -0.04409706 -0.06913800   -0.08101714 -0.00158434
 -0.04409706 -0.06913800    0.06531872  0.10281927   -0.08101714 -0.00158434
 -0.08101714 -0.00158434   -0.08101714 -0.00158434    0.07015088  0.11742436
    2    2
  0.25250818  0.00000000    0.01111216  0.00000000    0.00815309  0.00658594
  0.01111216  0.00000000    0.25250818  0.00000000    0.00815309  0.00658594
  0.00815309 -0.00658594    0.00815309 -0.00658594    0.26637081  0.00000000

     Dynamical  Matrix in cartesian axes

     q = (   -0.500000000   0.500000000   0.166666667 ) 

    1    1
  0.25250818  0.00000000   -0.01111216  0.00000000   -0.00815309  0.00658594
 -0.01111216  0.00000000    0.25250818  0.00000000    0.00815309 -0.00658594
 -0.00815309 -0.00658594    0.00815309  0.00658594    0.26637081  0.00000000
    1    2
 -0.12170346 -0.00515803   -0.08192379 -0.00362018   -0.04188065 -0.06937073
 -0.08192379 -0.00362018   -0.12170346 -0.00515803    0.04188065  0.06937073
 -0.04188065 -0.06937073    0.04188065  0.06937073   -0.13676792 -0.00204026
    2    1
 -0.12170346  0.00515803   -0.08192379  0.00362018   -0.04188065  0.06937073
 -0.08192379  0.00362018   -0.12170346  0.00515803    0.04188065 -0.06937073
 -0.04188065  0.06937073    0.04188065 -0.06937073   -0.13676792  0.00204026
    2    2
  0.25250818  0.00000000   -0.01111216  0.00000000   -0.00815309 -0.00658594
 -0.01111216  0.00000000    0.25250818  0.00000000    0.00815309  0.00658594
 -0.00815309  0.00658594    0.00815309 -0.00658594    0.26637081  0.00000000

     Dynamical  Matrix in cartesian axes

     q = (    0.166666667  -0.500000000   0.500000000 ) 

    1    1
  0.26637081  0.00000000   -0.00815309 -0.00658594    0.00815309  0.00658594
 -0.00815309  0.00658594    0.25250818  0.00000000   -0.01111216  0.00000000
  0.00815309 -0.00658594   -0.01111216  0.00000000    0.25250818  0.00000000
    1    2
 -0.13676792 -0.00204026   -0.04188065 -0.06937073    0.04188065  0.06937073
 -0.04188065 -0.06937073   -0.12170346 -0.00515803   -0.08192379 -0.00362018
  0.04188065  0.06937073   -0.08192379 -0.00362018   -0.12170346 -0.00515803
    2    1
 -0.13676792  0.00204026   -0.04188065  0.06937073    0.04188065 -0.06937073
 -0.04188065  0.06937073   -0.12170346  0.00515803   -0.08192379  0.00362018
  0.04188065 -0.06937073   -0.08192379  0.00362018   -0.12170346  0.00515803
    2    2
  0.26637081  0.00000000   -0.00815309  0.00658594    0.00815309 -0.00658594
 -0.00815309 -0.00658594    0.25250818  0.00000000   -0.01111216  0.00000000
  0.00815309  0.00658594   -0.01111216  0.00000000    0.25250818  0.00000000

     Dynamical  Matrix in cartesian axes

     q = (    0.166666667   0.500000000   0.500000000 ) 

    1    1
  0.26637081  0.00000000    0.00815309 -0.00658594    0.00815309 -0.00658594
  0.00815309  0.00658594    0.25250818  0.00000000    0.01111216  0.00000000
  0.00815309  0.00658594    0.01111216  0.00000000    0.25250818  0.00000000
    1    2
  0.07015088  0.11742436   -0.08101714 -0.00158434   -0.08101714 -0.00158434
 -0.08101714 -0.00158434    0.06531872  0.10281927   -0.04409706 -0.06913800
 -0.08101714 -0.00158434   -0.04409706 -0.06913800    0.06531872  0.10281927
    2    1
  0.07015088 -0.11742436   -0.08101714  0.00158434   -0.08101714  0.00158434
 -0.08101714  0.00158434    0.06531872 -0.10281927   -0.04409706  0.06913800
 -0.08101714  0.00158434   -0.04409706  0.06913800    0.06531872 -0.10281927
    2    2
  0.26637081  0.00000000    0.00815309  0.00658594    0.00815309  0.00658594
  0.00815309 -0.00658594    0.25250818  0.00000000    0.01111216  0.00000000
  0.00815309 -0.00658594    0.01111216  0.00000000    0.25250818  0.00000000

     Dynamical  Matrix in cartesian axes

     q = (   -0.500000000   0.166666667  -0.500000000 ) 

    1    1
  0.25250818  0.00000000   -0.00815309 -0.00658594    0.01111216  0.00000000
 -0.00815309  0.00658594    0.26637081  0.00000000   -0.00815309  0.00658594
  0.01111216  0.00000000   -0.00815309 -0.00658594    0.25250818  0.00000000
    1    2
 -0.06531872 -0.10281927   -0.08101714 -0.00158434    0.04409706  0.06913800
 -0.08101714 -0.00158434   -0.07015088 -0.11742436   -0.08101714 -0.00158434
  0.04409706  0.06913800   -0.08101714 -0.00158434   -0.06531872 -0.10281927
    2    1
 -0.06531872  0.10281927   -0.08101714  0.00158434    0.04409706 -0.06913800
 -0.08101714  0.00158434   -0.07015088  0.11742436   -0.08101714  0.00158434
  0.04409706 -0.06913800   -0.08101714  0.00158434   -0.06531872  0.10281927
    2    2
  0.25250818  0.00000000   -0.00815309  0.00658594    0.01111216  0.00000000
 -0.00815309 -0.00658594    0.26637081  0.00000000   -0.00815309 -0.00658594
  0.01111216  0.00000000   -0.00815309  0.00658594    0.25250818  0.00000000

     Dynamical  Matrix in cartesian axes

     q = (   -0.166666667  -0.500000000   0.500000000 ) 

    1    1
  0.26637081  0.00000000    0.00815309 -0.00658594   -0.00815309  0.00658594
  0.00815309  0.00658594    0.25250818  0.00000000   -0.01111216  0.00000000
 -0.00815309 -0.00658594   -0.01111216  0.00000000    0.25250818  0.00000000
    1    2
 -0.13676792  0.00204026    0.04188065 -0.06937073   -0.04188065  0.06937073
  0.04188065 -0.06937073   -0.12170346  0.00515803   -0.08192379  0.00362018
 -0.04188065  0.06937073   -0.08192379  0.00362018   -0.12170346  0.00515803
    2    1
 -0.13676792 -0.00204026    0.04188065  0.06937073   -0.04188065 -0.06937073
  0.04188065  0.06937073   -0.12170346 -0.00515803   -0.08192379 -0.00362018
 -0.04188065 -0.06937073   -0.08192379 -0.00362018   -0.12170346 -0.00515803
    2    2
  0.26637081  0.00000000    0.00815309  0.00658594   -0.00815309 -0.00658594
  0.00815309 -0.00658594    0.25250818  0.00000000   -0.01111216  0.00000000
 -0.00815309  0.00658594   -0.01111216  0.00000000    0.25250818  0.00000000

     Dynamical  Matrix in cartesian axes

     q = (   -0.500000000  -0.500000000   0.166666667 ) 

    1    1
  0.25250818  0.00000000    0.01111216  0.00000000   -0.00815309 -0.00658594
  0.01111216  0.00000000    0.25250818  0.00000000   -0.00815309 -0.00658594
 -0.00815309  0.00658594   -0.00815309  0.00658594    0.26637081  0.00000000
    1    2
 -0.06531872 -0.10281927    0.04409706  0.06913800   -0.08101714 -0.00158434
  0.04409706  0.06913800   -0.06531872 -0.10281927   -0.08101714 -0.00158434
 -0.08101714 -0.00158434   -0.08101714 -0.00158434   -0.07015088 -0.11742436
    2    1
 -0.06531872  0.10281927    0.04409706 -0.06913800   -0.08101714  0.00158434
  0.04409706 -0.06913800   -0.06531872  0.10281927   -0.08101714  0.00158434
 -0.08101714  0.00158434   -0.08101714  0.00158434   -0.07015088  0.11742436
    2    2
  0.25250818  0.00000000    0.01111216  0.00000000   -0.00815309  0.00658594
  0.01111216  0.00000000    0.25250818  0.00000000   -0.00815309  0.00658594
 -0.00815309 -0.00658594   -0.00815309 -0.00658594    0.26637081  0.00000000

     Dynamical  Matrix in cartesian axes

     q = (    0.500000000   0.500000000   0.166666667 ) 

    1    1
  0.25250818  0.00000000    0.01111216  0.00000000    0.00815309  0.00658594
  0.01111216  0.00000000    0.25250818  0.00000000    0.00815309  0.00658594
  0.00815309 -0.00658594    0.00815309 -0.00658594    0.26637081  0.00000000
    1    2
  0.06531872  0.10281927   -0.04409706 -0.06913800   -0.08101714 -0.00158434
 -0.04409706 -0.06913800    0.06531872  0.10281927   -0.08101714 -0.00158434
 -0.08101714 -0.00158434   -0.08101714 -0.00158434    0.07015088  0.11742436
    2    1
  0.06531872 -0.10281927   -0.04409706  0.06913800   -0.08101714  0.00158434
 -0.04409706  0.06913800    0.06531872 -0.10281927   -0.08101714  0.00158434
 -0.08101714  0.00158434   -0.08101714  0.00158434    0.07015088 -0.11742436
    2    2
  0.25250818  0.00000000    0.01111216  0.00000000    0.00815309 -0.00658594
  0.01111216  0.00000000    0.25250818  0.00000000    0.00815309 -0.00658594
  0.00815309  0.00658594    0.00815309  0.00658594    0.26637081  0.00000000

     Dynamical  Matrix in cartesian axes

     q = (    0.166666667  -0.500000000  -0.500000000 ) 

    1    1
  0.26637081  0.00000000   -0.00815309  0.00658594   -0.00815309  0.00658594
 -0.00815309 -0.00658594    0.25250818  0.00000000    0.01111216  0.00000000
 -0.00815309 -0.00658594    0.01111216  0.00000000    0.25250818  0.00000000
    1    2
 -0.07015088 -0.11742436   -0.08101714 -0.00158434   -0.08101714 -0.00158434
 -0.08101714 -0.00158434   -0.06531872 -0.10281927    0.04409706  0.06913800
 -0.08101714 -0.00158434    0.04409706  0.06913800   -0.06531872 -0.10281927
    2    1
 -0.07015088  0.11742436   -0.08101714  0.00158434   -0.08101714  0.00158434
 -0.08101714  0.00158434   -0.06531872  0.10281927    0.04409706 -0.06913800
 -0.08101714  0.00158434    0.04409706 -0.06913800   -0.06531872  0.10281927
    2    2
  0.26637081  0.00000000   -0.00815309 -0.00658594   -0.00815309 -0.00658594
 -0.00815309  0.00658594    0.25250818  0.00000000    0.01111216  0.00000000
 -0.00815309  0.00658594    0.01111216  0.00000000    0.25250818  0.00000000

     Dynamical  Matrix in cartesian axes

     q = (    0.500000000  -0.500000000  -0.166666667 ) 

    1    1
  0.25250818  0.00000000   -0.01111216  0.00000000   -0.00815309 -0.00658594
 -0.01111216  0.00000000    0.25250818  0.00000000    0.00815309  0.00658594
 -0.00815309  0.00658594    0.00815309 -0.00658594    0.26637081  0.00000000
    1    2
 -0.12170346  0.00515803   -0.08192379  0.00362018   -0.04188065  0.06937073
 -0.08192379  0.00362018   -0.12170346  0.00515803    0.04188065 -0.06937073
 -0.04188065  0.06937073    0.04188065 -0.06937073   -0.13676792  0.00204026
    2    1
 -0.12170346 -0.00515803   -0.08192379 -0.00362018   -0.04188065 -0.06937073
 -0.08192379 -0.00362018   -0.12170346 -0.00515803    0.04188065  0.06937073
 -0.04188065 -0.06937073    0.04188065  0.06937073   -0.13676792 -0.00204026
    2    2
  0.25250818  0.00000000   -0.01111216  0.00000000   -0.00815309  0.00658594
 -0.01111216  0.00000000    0.25250818  0.00000000    0.00815309 -0.00658594
 -0.00815309 -0.00658594    0.00815309  0.00658594    0.26637081  0.00000000

     Diagonalizing the dynamical matrix

     q = (    0.500000000  -0.166666667   0.500000000 ) 

 **************************************************************************
     freq (    1) =       3.986037 [THz] =     132.959887 [cm-1]
 (  0.268418 -0.421844  0.000000 -0.000000 -0.268418  0.421844 ) 
 (  0.500000  0.000000  0.000000  0.000000 -0.500000  0.000000 ) 
     freq (    2) =       5.109755 [THz] =     170.443085 [cm-1]
 ( -0.261477 -0.033913 -0.566704  0.199515 -0.261477 -0.033913 ) 
 ( -0.263667 -0.000000 -0.536335 -0.270748 -0.263667  0.000000 ) 
     freq (    3) =       8.897634 [THz] =     296.793125 [cm-1]
 (  0.193896  0.372698 -0.315629 -0.217668  0.193896  0.372698 ) 
 ( -0.420118  0.000000  0.338770  0.179543 -0.420118  0.000000 ) 
     freq (    4) =      12.087671 [THz] =     403.201292 [cm-1]
 (  0.102026  0.433225 -0.303381 -0.108508  0.102026  0.433225 ) 
 (  0.445076  0.000000 -0.175163 -0.270429  0.445076  0.000000 ) 
     freq (    5) =      13.719828 [THz] =     457.644195 [cm-1]
 (  0.268418 -0.421844  0.000000  0.000000 -0.268418  0.421844 ) 
 ( -0.500000 -0.000000  0.000000 -0.000000  0.500000  0.000000 ) 
     freq (    6) =      14.027337 [THz] =     467.901609 [cm-1]
 (  0.139136  0.191125  0.621793 -0.039988  0.139136  0.191125 ) 
 ( -0.236405 -0.000000 -0.333626 -0.526231 -0.236405  0.000000 ) 
 **************************************************************************
