Dynamical matrix file
                                                                           
  1    2  2 10.4000000  0.0000000  0.0000000  0.0000000  0.0000000  0.0000000
           1  'Si  '    25598.8229845270     
    1    1      0.0000000000      0.0000000000      0.0000000000
    2    1      0.2500000000      0.2500000000      0.2500000000

     Dynamical  Matrix in cartesian axes

     q = (    0.500000000  -0.166666667   0.833333333 ) 

    1    1
  0.22917335  0.00000000   -0.00476979  0.00093244    0.00476979  0.00093244
 -0.00476979 -0.00093244    0.25755771  0.00000000   -0.00351727 -0.01421854
  0.00476979 -0.00093244   -0.00351727  0.01421854    0.25755771  0.00000000
    1    2
 -0.02812292  0.04871033   -0.09934846  0.03665876   -0.01792682 -0.10436767
 -0.09934846  0.03665876   -0.02808614  0.05721616   -0.02057611  0.03563888
 -0.01792682 -0.10436767   -0.02057611  0.03563888   -0.03550758  0.05293139
    2    1
 -0.02812292 -0.04871033   -0.09934846 -0.03665876   -0.01792682  0.10436767
 -0.09934846 -0.03665876   -0.02808614 -0.05721616   -0.02057611 -0.03563888
 -0.01792682  0.10436767   -0.02057611 -0.03563888   -0.03550758 -0.05293139
    2    2
  0.22917335  0.00000000   -0.00476979 -0.00093244    0.00476979 -0.00093244
 -0.00476979  0.00093244    0.25755771  0.00000000   -0.00351727  0.01421854
  0.00476979  0.00093244   -0.00351727 -0.01421854    0.25755771  0.00000000

     Dynamical  Matrix in cartesian axes

     q = (    0.500000000   0.166666667  -0.833333333 ) 

    1    1
  0.22917335  0.00000000    0.00476979 -0.00093244   -0.00476979 -0.00093244
  0.00476979  0.00093244    0.25755771  0.00000000   -0.00351727 -0.01421854
 -0.00476979  0.00093244   -0.00351727  0.01421854    0.25755771  0.00000000
    1    2
 -0.02812292 -0.04871033   -0.01792682  0.10436767   -0.09934846 -0.03665876
 -0.01792682  0.10436767   -0.03550758 -0.05293139   -0.02057611 -0.03563888
 -0.09934846 -0.03665876   -0.02057611 -0.03563888   -0.02808614 -0.05721616
    2    1
 -0.02812292  0.04871033   -0.01792682 -0.10436767   -0.09934846  0.03665876
 -0.01792682 -0.10436767   -0.03550758  0.05293139   -0.02057611  0.03563888
 -0.09934846  0.03665876   -0.02057611  0.03563888   -0.02808614  0.05721616
    2    2
  0.22917335  0.00000000    0.00476979  0.00093244   -0.00476979  0.00093244
  0.00476979 -0.00093244    0.25755771  0.00000000   -0.00351727  0.01421854
 -0.00476979 -0.00093244   -0.00351727 -0.01421854    0.25755771  0.00000000

     Dynamical  Matrix in cartesian axes

     q = (    0.500000000  -0.166666667  -0.833333333 ) 

    1    1
  0.22917335  0.00000000   -0.00476979 -0.00093244   -0.00476979  0.00093244
 -0.00476979  0.00093244    0.25755771  0.00000000    0.00351727 -0.01421854
 -0.00476979 -0.00093244    0.00351727  0.01421854    0.25755771  0.00000000
    1    2
 -0.05624584  0.00000000   -0.08142164  0.06770891   -0.08142164 -0.06770891
 -0.08142164  0.06770891   -0.06359372 -0.00428477    0.04115223 -0.00000000
 -0.08142164 -0.06770891    0.04115223 -0.00000000   -0.06359372  0.00428477
    2    1
 -0.05624584 -0.00000000   -0.08142164 -0.06770891   -0.08142164  0.06770891
 -0.08142164 -0.06770891   -0.06359372  0.00428477    0.04115223  0.00000000
 -0.08142164  0.06770891    0.04115223  0.00000000   -0.06359372 -0.00428477
    2    2
  0.22917335  0.00000000   -0.00476979  0.00093244   -0.00476979 -0.00093244
 -0.00476979 -0.00093244    0.25755771  0.00000000    0.00351727  0.01421854
 -0.00476979  0.00093244    0.00351727 -0.01421854    0.25755771  0.00000000

     Dynamical  Matrix in cartesian axes

     q = (    0.833333333  -0.166666667  -0.500000000 ) 

    1    1
  0.25755771  0.00000000   -0.00351727 -0.01421854   -0.00476979 -0.00093244
 -0.00351727  0.01421854    0.25755771  0.00000000    0.00476979 -0.00093244
 -0.00476979  0.00093244    0.00476979  0.00093244    0.22917335  0.00000000
    1    2
 -0.02808614  0.05721616   -0.02057611  0.03563888   -0.09934846  0.03665876
 -0.02057611  0.03563888   -0.03550758  0.05293139   -0.01792682 -0.10436767
 -0.09934846  0.03665876   -0.01792682 -0.10436767   -0.02812292  0.04871033
    2    1
 -0.02808614 -0.05721616   -0.02057611 -0.03563888   -0.09934846 -0.03665876
 -0.02057611 -0.03563888   -0.03550758 -0.05293139   -0.01792682  0.10436767
 -0.09934846 -0.03665876   -0.01792682  0.10436767   -0.02812292 -0.04871033
    2    2
  0.25755771  0.00000000   -0.00351727  0.01421854   -0.00476979  0.00093244
 -0.00351727 -0.01421854    0.25755771  0.00000000    0.00476979  0.00093244
 -0.00476979 -0.00093244    0.00476979 -0.00093244    0.22917335  0.00000000

     Dynamical  Matrix in cartesian axes

     q = (   -0.833333333  -0.166666667   0.500000000 ) 

    1    1
  0.25755771  0.00000000    0.00351727  0.01421854   -0.00476979 -0.00093244
  0.00351727 -0.01421854    0.25755771  0.00000000   -0.00476979  0.00093244
 -0.00476979  0.00093244   -0.00476979 -0.00093244    0.22917335  0.00000000
    1    2
 -0.06359372  0.00428477    0.04115223  0.00000000   -0.08142164 -0.06770891
  0.04115223  0.00000000   -0.06359372 -0.00428477   -0.08142164  0.06770891
 -0.08142164 -0.06770891   -0.08142164  0.06770891   -0.05624584 -0.00000000
    2    1
 -0.06359372 -0.00428477    0.04115223 -0.00000000   -0.08142164  0.06770891
  0.04115223 -0.00000000   -0.06359372  0.00428477   -0.08142164 -0.06770891
 -0.08142164  0.06770891   -0.08142164 -0.06770891   -0.05624584  0.00000000
    2    2
  0.25755771  0.00000000    0.00351727 -0.01421854   -0.00476979  0.00093244
  0.00351727  0.01421854    0.25755771  0.00000000   -0.00476979 -0.00093244
 -0.00476979 -0.00093244   -0.00476979  0.00093244    0.22917335  0.00000000

     Dynamical  Matrix in cartesian axes

     q = (   -0.500000000  -0.166666667  -0.833333333 ) 

    1    1
  0.22917335  0.00000000    0.00476979 -0.00093244    0.00476979  0.00093244
  0.00476979  0.00093244    0.25755771  0.00000000    0.00351727  0.01421854
  0.00476979 -0.00093244    0.00351727 -0.01421854    0.25755771  0.00000000
    1    2
  0.05624584 -0.00000000   -0.08142164 -0.06770891   -0.08142164  0.06770891
 -0.08142164 -0.06770891    0.06359372 -0.00428477   -0.04115223  0.00000000
 -0.08142164  0.06770891   -0.04115223  0.00000000    0.06359372  0.00428477
    2    1
  0.05624584  0.00000000   -0.08142164  0.06770891   -0.08142164 -0.06770891
 -0.08142164  0.06770891    0.06359372  0.00428477   -0.04115223 -0.00000000
 -0.08142164 -0.06770891   -0.04115223 -0.00000000    0.06359372 -0.00428477
    2    2
  0.22917335  0.00000000    0.00476979  0.00093244    0.00476979 -0.00093244
  0.00476979 -0.00093244    0.25755771  0.00000000    0.00351727 -0.01421854
  0.00476979  0.00093244    0.00351727  0.01421854    0.25755771  0.00000000

     Dynamical  Matrix in cartesian axes

     q = (    0.833333333  -0.166666667   0.500000000 ) 

    1    1
  0.25755771  0.00000000   -0.00351727  0.01421854    0.00476979 -0.00093244
 -0.00351727 -0.01421854    0.25755771  0.00000000   -0.00476979 -0.00093244
  0.00476979  0.00093244   -0.00476979  0.00093244    0.22917335  0.00000000
    1    2
 -0.03550758  0.05293139   -0.02057611  0.03563888   -0.01792682 -0.10436767
 -0.02057611  0.03563888   -0.02808614  0.05721616   -0.09934846  0.03665876
 -0.01792682 -0.10436767   -0.09934846  0.03665876   -0.02812292  0.04871033
    2    1
 -0.03550758 -0.05293139   -0.02057611 -0.03563888   -0.01792682  0.10436767
 -0.02057611 -0.03563888   -0.02808614 -0.05721616   -0.09934846 -0.03665876
 -0.01792682  0.10436767   -0.09934846 -0.03665876   -0.02812292 -0.04871033
    2    2
  0.25755771  0.00000000   -0.00351727 -0.01421854    0.00476979  0.00093244
 -0.00351727  0.01421854    0.25755771  0.00000000   -0.00476979  0.00093244
  0.00476979 -0.00093244   -0.00476979 -0.00093244    0.22917335  0.00000000

     Dynamical  Matrix in cartesian axes

     q = (   -0.500000000   0.166666667  -0.833333333 ) 

    1    1
  0.22917335  0.00000000   -0.00476979 -0.00093244    0.00476979 -0.00093244
 -0.00476979  0.00093244    0.25755771  0.00000000   -0.00351727  0.01421854
  0.00476979  0.00093244   -0.00351727 -0.01421854    0.25755771  0.00000000
    1    2
 -0.02812292 -0.04871033   -0.09934846 -0.03665876   -0.01792682  0.10436767
 -0.09934846 -0.03665876   -0.02808614 -0.05721616   -0.02057611 -0.03563888
 -0.01792682  0.10436767   -0.02057611 -0.03563888   -0.03550758 -0.05293139
    2    1
 -0.02812292  0.04871033   -0.09934846  0.03665876   -0.01792682 -0.10436767
 -0.09934846  0.03665876   -0.02808614  0.05721616   -0.02057611  0.03563888
 -0.01792682 -0.10436767   -0.02057611  0.03563888   -0.03550758  0.05293139
    2    2
  0.22917335  0.00000000   -0.00476979  0.00093244    0.00476979  0.00093244
 -0.00476979 -0.00093244    0.25755771  0.00000000   -0.00351727 -0.01421854
  0.00476979 -0.00093244   -0.00351727  0.01421854    0.25755771  0.00000000

     Dynamical  Matrix in cartesian axes

     q = (   -0.500000000   0.166666667   0.833333333 ) 

    1    1
  0.22917335  0.00000000   -0.00476979  0.00093244   -0.00476979 -0.00093244
 -0.00476979 -0.00093244    0.25755771  0.00000000    0.00351727  0.01421854
 -0.00476979  0.00093244    0.00351727 -0.01421854    0.25755771  0.00000000
    1    2
 -0.05624584 -0.00000000   -0.08142164 -0.06770891   -0.08142164  0.06770891
 -0.08142164 -0.06770891   -0.06359372  0.00428477    0.04115223  0.00000000
 -0.08142164  0.06770891    0.04115223  0.00000000   -0.06359372 -0.00428477
    2    1
 -0.05624584  0.00000000   -0.08142164  0.06770891   -0.08142164 -0.06770891
 -0.08142164  0.06770891   -0.06359372 -0.00428477    0.04115223 -0.00000000
 -0.08142164 -0.06770891    0.04115223 -0.00000000   -0.06359372  0.00428477
    2    2
  0.22917335  0.00000000   -0.00476979 -0.00093244   -0.00476979  0.00093244
 -0.00476979  0.00093244    0.25755771  0.00000000    0.00351727 -0.01421854
 -0.00476979 -0.00093244    0.00351727  0.01421854    0.25755771  0.00000000

     Dynamical  Matrix in cartesian axes

     q = (   -0.500000000  -0.166666667   0.833333333 ) 

    1    1
  0.22917335  0.00000000    0.00476979  0.00093244   -0.00476979  0.00093244
  0.00476979 -0.00093244    0.25755771  0.00000000   -0.00351727  0.01421854
 -0.00476979 -0.00093244   -0.00351727 -0.01421854    0.25755771  0.00000000
    1    2
 -0.02812292  0.04871033   -0.01792682 -0.10436767   -0.09934846  0.03665876
 -0.01792682 -0.10436767   -0.03550758  0.05293139   -0.02057611  0.03563888
 -0.09934846  0.03665876   -0.02057611  0.03563888   -0.02808614  0.05721616
    2    1
 -0.02812292 -0.04871033   -0.01792682  0.10436767   -0.09934846 -0.03665876
 -0.01792682  0.10436767   -0.03550758 -0.05293139   -0.02057611 -0.03563888
 -0.09934846 -0.03665876   -0.02057611 -0.03563888   -0.02808614 -0.05721616
    2    2
  0.22917335  0.00000000    0.00476979 -0.00093244   -0.00476979 -0.00093244
  0.00476979  0.00093244    0.25755771  0.00000000   -0.00351727 -0.01421854
 -0.00476979  0.00093244   -0.00351727  0.01421854    0.25755771  0.00000000

     Dynamical  Matrix in cartesian axes

     q = (   -0.833333333  -0.166666667  -0.500000000 ) 

    1    1
  0.25755771  0.00000000    0.00351727 -0.01421854    0.00476979 -0.00093244
  0.00351727  0.01421854    0.25755771  0.00000000    0.00476979  0.00093244
  0.00476979  0.00093244    0.00476979 -0.00093244    0.22917335  0.00000000
    1    2
  0.06359372  0.00428477   -0.04115223 -0.00000000   -0.08142164  0.06770891
 -0.04115223 -0.00000000    0.06359372 -0.00428477   -0.08142164 -0.06770891
 -0.08142164  0.06770891   -0.08142164 -0.06770891    0.05624584  0.00000000
    2    1
  0.06359372 -0.00428477   -0.04115223  0.00000000   -0.08142164 -0.06770891
 -0.04115223  0.00000000    0.06359372  0.00428477   -0.08142164  0.06770891
 -0.08142164 -0.06770891   -0.08142164  0.06770891    0.05624584 -0.00000000
    2    2
  0.25755771  0.00000000    0.00351727  0.01421854    0.00476979  0.00093244
  0.00351727 -0.01421854    0.25755771  0.00000000    0.00476979 -0.00093244
  0.00476979 -0.00093244    0.00476979  0.00093244    0.22917335  0.00000000

     Dynamical  Matrix in cartesian axes

     q = (    0.833333333   0.166666667   0.500000000 ) 

    1    1
  0.25755771  0.00000000    0.00351727  0.01421854    0.00476979  0.00093244
  0.00351727 -0.01421854    0.25755771  0.00000000    0.00476979 -0.00093244
  0.00476979 -0.00093244    0.00476979  0.00093244    0.22917335  0.00000000
    1    2
  0.06359372 -0.00428477   -0.04115223  0.00000000   -0.08142164 -0.06770891
 -0.04115223  0.00000000    0.06359372  0.00428477   -0.08142164  0.06770891
 -0.08142164 -0.06770891   -0.08142164  0.06770891    0.05624584 -0.00000000
    2    1
  0.06359372  0.00428477   -0.04115223 -0.00000000   -0.08142164  0.06770891
 -0.04115223 -0.00000000    0.06359372 -0.00428477   -0.08142164 -0.06770891
 -0.08142164  0.06770891   -0.08142164 -0.06770891    0.05624584  0.00000000
    2    2
  0.25755771  0.00000000    0.00351727 -0.01421854    0.00476979 -0.00093244
  0.00351727  0.01421854    0.25755771  0.00000000    0.00476979  0.00093244
  0.00476979  0.00093244    0.00476979 -0.00093244    0.22917335  0.00000000

     Dynamical  Matrix in cartesian axes

     q = (   -0.833333333   0.166666667   0.500000000 ) 

    1    1
  0.25755771  0.00000000   -0.00351727  0.01421854   -0.00476979  0.00093244
 -0.00351727 -0.01421854    0.25755771  0.00000000    0.00476979  0.00093244
 -0.00476979 -0.00093244    0.00476979 -0.00093244    0.22917335  0.00000000
    1    2
 -0.02808614 -0.05721616   -0.02057611 -0.03563888   -0.09934846 -0.03665876
 -0.02057611 -0.03563888   -0.03550758 -0.05293139   -0.01792682  0.10436767
 -0.09934846 -0.03665876   -0.01792682  0.10436767   -0.02812292 -0.04871033
    2    1
 -0.02808614  0.05721616   -0.02057611  0.03563888   -0.09934846  0.03665876
 -0.02057611  0.03563888   -0.03550758  0.05293139   -0.01792682 -0.10436767
 -0.09934846  0.03665876   -0.01792682 -0.10436767   -0.02812292  0.04871033
    2    2
  0.25755771  0.00000000   -0.00351727 -0.01421854   -0.00476979 -0.00093244
 -0.00351727  0.01421854    0.25755771  0.00000000    0.00476979 -0.00093244
 -0.00476979  0.00093244    0.00476979  0.00093244    0.22917335  0.00000000

     Dynamical  Matrix in cartesian axes

     q = (    0.833333333   0.166666667  -0.500000000 ) 

    1    1
  0.25755771  0.00000000    0.00351727 -0.01421854   -0.00476979  0.00093244
  0.00351727  0.01421854    0.25755771  0.00000000   -0.00476979 -0.00093244
 -0.00476979 -0.00093244   -0.00476979  0.00093244    0.22917335  0.00000000
    1    2
 -0.06359372 -0.00428477    0.04115223 -0.00000000   -0.08142164  0.06770891
  0.04115223 -0.00000000   -0.06359372  0.00428477   -0.08142164 -0.06770891
 -0.08142164  0.06770891   -0.08142164 -0.06770891   -0.05624584  0.00000000
    2    1
 -0.06359372  0.00428477    0.04115223  0.00000000   -0.08142164 -0.06770891
  0.04115223  0.00000000   -0.06359372 -0.00428477   -0.08142164  0.06770891
 -0.08142164 -0.06770891   -0.08142164  0.06770891   -0.05624584 -0.00000000
    2    2
  0.25755771  0.00000000    0.00351727  0.01421854   -0.00476979 -0.00093244
  0.00351727 -0.01421854    0.25755771  0.00000000   -0.00476979  0.00093244
 -0.00476979  0.00093244   -0.00476979 -0.00093244    0.22917335  0.00000000

     Dynamical  Matrix in cartesian axes

     q = (   -0.833333333   0.166666667  -0.500000000 ) 

    1    1
  0.25755771  0.00000000   -0.00351727 -0.01421854    0.00476979  0.00093244
 -0.00351727  0.01421854    0.25755771  0.00000000   -0.00476979  0.00093244
  0.00476979 -0.00093244   -0.00476979 -0.00093244    0.22917335  0.00000000
    1    2
 -0.03550758 -0.05293139   -0.02057611 -0.03563888   -0.01792682  0.10436767
 -0.02057611 -0.03563888   -0.02808614 -0.05721616   -0.09934846 -0.03665876
 -0.01792682  0.10436767   -0.09934846 -0.03665876   -0.02812292 -0.04871033
    2    1
 -0.03550758  0.05293139   -0.02057611  0.03563888   -0.01792682 -0.10436767
 -0.02057611  0.03563888   -0.02808614  0.05721616   -0.09934846  0.03665876
 -0.01792682 -0.10436767   -0.09934846  0.03665876   -0.02812292  0.04871033
    2    2
  0.25755771  0.00000000   -0.00351727  0.01421854    0.00476979 -0.00093244
 -0.00351727 -0.01421854    0.25755771  0.00000000   -0.00476979 -0.00093244
  0.00476979  0.00093244   -0.00476979  0.00093244    0.22917335  0.00000000

     Dynamical  Matrix in cartesian axes

     q = (   -0.166666667   0.500000000  -0.833333333 ) 

    1    1
  0.25755771  0.00000000   -0.00476979  0.00093244    0.00351727 -0.01421854
 -0.00476979 -0.00093244    0.22917335  0.00000000   -0.00476979  0.00093244
  0.00351727  0.01421854   -0.00476979 -0.00093244    0.25755771  0.00000000
    1    2
 -0.06359372 -0.00428477   -0.08142164  0.06770891    0.04115223 -0.00000000
 -0.08142164  0.06770891   -0.05624584  0.00000000   -0.08142164 -0.06770891
  0.04115223  0.00000000   -0.08142164 -0.06770891   -0.06359372  0.00428477
    2    1
 -0.06359372  0.00428477   -0.08142164 -0.06770891    0.04115223  0.00000000
 -0.08142164 -0.06770891   -0.05624584 -0.00000000   -0.08142164  0.06770891
  0.04115223  0.00000000   -0.08142164  0.06770891   -0.06359372 -0.00428477
    2    2
  0.25755771  0.00000000   -0.00476979 -0.00093244    0.00351727  0.01421854
 -0.00476979  0.00093244    0.22917335  0.00000000   -0.00476979 -0.00093244
  0.00351727 -0.01421854   -0.00476979  0.00093244    0.25755771  0.00000000

     Dynamical  Matrix in cartesian axes

     q = (    0.833333333   0.500000000  -0.166666667 ) 

    1    1
  0.25755771  0.00000000    0.00476979 -0.00093244   -0.00351727  0.01421854
  0.00476979  0.00093244    0.22917335  0.00000000   -0.00476979  0.00093244
 -0.00351727 -0.01421854   -0.00476979 -0.00093244    0.25755771  0.00000000
    1    2
 -0.03550758  0.05293139   -0.01792682 -0.10436767   -0.02057611  0.03563888
 -0.01792682 -0.10436767   -0.02812292  0.04871033   -0.09934846  0.03665876
 -0.02057611  0.03563888   -0.09934846  0.03665876   -0.02808614  0.05721616
    2    1
 -0.03550758 -0.05293139   -0.01792682  0.10436767   -0.02057611 -0.03563888
 -0.01792682  0.10436767   -0.02812292 -0.04871033   -0.09934846 -0.03665876
 -0.02057611 -0.03563888   -0.09934846 -0.03665876   -0.02808614 -0.05721616
    2    2
  0.25755771  0.00000000    0.00476979  0.00093244   -0.00351727 -0.01421854
  0.00476979 -0.00093244    0.22917335  0.00000000   -0.00476979 -0.00093244
 -0.00351727  0.01421854   -0.00476979  0.00093244    0.25755771  0.00000000

     Dynamical  Matrix in cartesian axes

     q = (   -0.833333333  -0.500000000  -0.166666667 ) 

    1    1
  0.25755771  0.00000000    0.00476979 -0.00093244    0.00351727 -0.01421854
  0.00476979  0.00093244    0.22917335  0.00000000    0.00476979 -0.00093244
  0.00351727  0.01421854    0.00476979  0.00093244    0.25755771  0.00000000
    1    2
  0.06359372  0.00428477   -0.08142164  0.06770891   -0.04115223  0.00000000
 -0.08142164  0.06770891    0.05624584 -0.00000000   -0.08142164 -0.06770891
 -0.04115223 -0.00000000   -0.08142164 -0.06770891    0.06359372 -0.00428477
    2    1
  0.06359372 -0.00428477   -0.08142164 -0.06770891   -0.04115223 -0.00000000
 -0.08142164 -0.06770891    0.05624584  0.00000000   -0.08142164  0.06770891
 -0.04115223  0.00000000   -0.08142164  0.06770891    0.06359372  0.00428477
    2    2
  0.25755771  0.00000000    0.00476979  0.00093244    0.00351727  0.01421854
  0.00476979 -0.00093244    0.22917335  0.00000000    0.00476979  0.00093244
  0.00351727 -0.01421854    0.00476979 -0.00093244    0.25755771  0.00000000

     Dynamical  Matrix in cartesian axes

     q = (   -0.833333333   0.500000000   0.166666667 ) 

    1    1
  0.25755771  0.00000000   -0.00476979  0.00093244   -0.00351727  0.01421854
 -0.00476979 -0.00093244    0.22917335  0.00000000    0.00476979 -0.00093244
 -0.00351727 -0.01421854    0.00476979  0.00093244    0.25755771  0.00000000
    1    2
 -0.02808614 -0.05721616   -0.09934846 -0.03665876   -0.02057611 -0.03563888
 -0.09934846 -0.03665876   -0.02812292 -0.04871033   -0.01792682  0.10436767
 -0.02057611 -0.03563888   -0.01792682  0.10436767   -0.03550758 -0.05293139
    2    1
 -0.02808614  0.05721616   -0.09934846  0.03665876   -0.02057611  0.03563888
 -0.09934846  0.03665876   -0.02812292  0.04871033   -0.01792682 -0.10436767
 -0.02057611  0.03563888   -0.01792682 -0.10436767   -0.03550758  0.05293139
    2    2
  0.25755771  0.00000000   -0.00476979 -0.00093244   -0.00351727 -0.01421854
 -0.00476979  0.00093244    0.22917335  0.00000000    0.00476979  0.00093244
 -0.00351727  0.01421854    0.00476979 -0.00093244    0.25755771  0.00000000

     Dynamical  Matrix in cartesian axes

     q = (    0.166666667  -0.500000000   0.833333333 ) 

    1    1
  0.25755771  0.00000000   -0.00476979 -0.00093244    0.00351727  0.01421854
 -0.00476979  0.00093244    0.22917335  0.00000000   -0.00476979 -0.00093244
  0.00351727 -0.01421854   -0.00476979  0.00093244    0.25755771  0.00000000
    1    2
 -0.06359372  0.00428477   -0.08142164 -0.06770891    0.04115223  0.00000000
 -0.08142164 -0.06770891   -0.05624584 -0.00000000   -0.08142164  0.06770891
  0.04115223  0.00000000   -0.08142164  0.06770891   -0.06359372 -0.00428477
    2    1
 -0.06359372 -0.00428477   -0.08142164  0.06770891    0.04115223 -0.00000000
 -0.08142164  0.06770891   -0.05624584  0.00000000   -0.08142164 -0.06770891
  0.04115223  0.00000000   -0.08142164 -0.06770891   -0.06359372  0.00428477
    2    2
  0.25755771  0.00000000   -0.00476979  0.00093244    0.00351727 -0.01421854
 -0.00476979 -0.00093244    0.22917335  0.00000000   -0.00476979  0.00093244
  0.00351727  0.01421854   -0.00476979 -0.00093244    0.25755771  0.00000000

     Dynamical  Matrix in cartesian axes

     q = (   -0.166666667   0.500000000   0.833333333 ) 

    1    1
  0.25755771  0.00000000   -0.00476979 -0.00093244   -0.00351727 -0.01421854
 -0.00476979  0.00093244    0.22917335  0.00000000    0.00476979  0.00093244
 -0.00351727  0.01421854    0.00476979 -0.00093244    0.25755771  0.00000000
    1    2
 -0.02808614  0.05721616   -0.09934846  0.03665876   -0.02057611  0.03563888
 -0.09934846  0.03665876   -0.02812292  0.04871033   -0.01792682 -0.10436767
 -0.02057611  0.03563888   -0.01792682 -0.10436767   -0.03550758  0.05293139
    2    1
 -0.02808614 -0.05721616   -0.09934846 -0.03665876   -0.02057611 -0.03563888
 -0.09934846 -0.03665876   -0.02812292 -0.04871033   -0.01792682  0.10436767
 -0.02057611 -0.03563888   -0.01792682  0.10436767   -0.03550758 -0.05293139
    2    2
  0.25755771  0.00000000   -0.00476979  0.00093244   -0.00351727  0.01421854
 -0.00476979 -0.00093244    0.22917335  0.00000000    0.00476979 -0.00093244
 -0.00351727 -0.01421854    0.00476979  0.00093244    0.25755771  0.00000000

     Dynamical  Matrix in cartesian axes

     q = (    0.166666667   0.500000000  -0.833333333 ) 

    1    1
  0.25755771  0.00000000    0.00476979  0.00093244   -0.00351727 -0.01421854
  0.00476979 -0.00093244    0.22917335  0.00000000   -0.00476979 -0.00093244
 -0.00351727  0.01421854   -0.00476979  0.00093244    0.25755771  0.00000000
    1    2
 -0.03550758 -0.05293139   -0.01792682  0.10436767   -0.02057611 -0.03563888
 -0.01792682  0.10436767   -0.02812292 -0.04871033   -0.09934846 -0.03665876
 -0.02057611 -0.03563888   -0.09934846 -0.03665876   -0.02808614 -0.05721616
    2    1
 -0.03550758  0.05293139   -0.01792682 -0.10436767   -0.02057611  0.03563888
 -0.01792682 -0.10436767   -0.02812292  0.04871033   -0.09934846  0.03665876
 -0.02057611  0.03563888   -0.09934846  0.03665876   -0.02808614  0.05721616
    2    2
  0.25755771  0.00000000    0.00476979 -0.00093244   -0.00351727  0.01421854
  0.00476979  0.00093244    0.22917335  0.00000000   -0.00476979  0.00093244
 -0.00351727 -0.01421854   -0.00476979 -0.00093244    0.25755771  0.00000000

     Dynamical  Matrix in cartesian axes

     q = (   -0.166666667  -0.500000000  -0.833333333 ) 

    1    1
  0.25755771  0.00000000    0.00476979  0.00093244    0.00351727  0.01421854
  0.00476979 -0.00093244    0.22917335  0.00000000    0.00476979  0.00093244
  0.00351727 -0.01421854    0.00476979 -0.00093244    0.25755771  0.00000000
    1    2
  0.06359372 -0.00428477   -0.08142164 -0.06770891   -0.04115223 -0.00000000
 -0.08142164 -0.06770891    0.05624584  0.00000000   -0.08142164  0.06770891
 -0.04115223  0.00000000   -0.08142164  0.06770891    0.06359372  0.00428477
    2    1
  0.06359372  0.00428477   -0.08142164  0.06770891   -0.04115223  0.00000000
 -0.08142164  0.06770891    0.05624584 -0.00000000   -0.08142164 -0.06770891
 -0.04115223 -0.00000000   -0.08142164 -0.06770891    0.06359372 -0.00428477
    2    2
  0.25755771  0.00000000    0.00476979 -0.00093244    0.00351727 -0.01421854
  0.00476979  0.00093244    0.22917335  0.00000000    0.00476979 -0.00093244
  0.00351727  0.01421854    0.00476979  0.00093244    0.25755771  0.00000000

     Dynamical  Matrix in cartesian axes

     q = (   -0.500000000  -0.833333333  -0.166666667 ) 

    1    1
  0.22917335  0.00000000    0.00476979  0.00093244    0.00476979 -0.00093244
  0.00476979 -0.00093244    0.25755771  0.00000000    0.00351727 -0.01421854
  0.00476979  0.00093244    0.00351727  0.01421854    0.25755771  0.00000000
    1    2
  0.05624584 -0.00000000   -0.08142164  0.06770891   -0.08142164 -0.06770891
 -0.08142164  0.06770891    0.06359372  0.00428477   -0.04115223  0.00000000
 -0.08142164 -0.06770891   -0.04115223  0.00000000    0.06359372 -0.00428477
    2    1
  0.05624584  0.00000000   -0.08142164 -0.06770891   -0.08142164  0.06770891
 -0.08142164 -0.06770891    0.06359372 -0.00428477   -0.04115223 -0.00000000
 -0.08142164  0.06770891   -0.04115223 -0.00000000    0.06359372  0.00428477
    2    2
  0.22917335  0.00000000    0.00476979 -0.00093244    0.00476979  0.00093244
  0.00476979  0.00093244    0.25755771  0.00000000    0.00351727  0.01421854
  0.00476979 -0.00093244    0.00351727 -0.01421854    0.25755771  0.00000000

     Diagonalizing the dynamical matrix

     q = (    0.500000000  -0.166666667   0.833333333 ) 

 **************************************************************************
     freq (    1) =       5.192756 [THz] =     173.211704 [cm-1]
 ( -0.066686  0.568323 -0.146868  0.254383 -0.083992 -0.281472 ) 
 ( -0.525525  0.226410 -0.201765  0.213475  0.293736  0.000000 ) 
     freq (    2) =       6.171882 [THz] =     205.871829 [cm-1]
 (  0.253535  0.278436  0.211599 -0.366500  0.384664 -0.176437 ) 
 (  0.114366 -0.358786  0.345131  0.244911  0.423198  0.000000 ) 
     freq (    3) =       9.498160 [THz] =     316.824515 [cm-1]
 (  0.275939 -0.127938 -0.225690  0.390907  0.444176  0.080327 ) 
 ( -0.248767 -0.175002  0.152522  0.424831 -0.451381  0.000000 ) 
     freq (    4) =      10.854401 [THz] =     362.063847 [cm-1]
 (  0.217526 -0.089587 -0.235758  0.408346  0.454952  0.123881 ) 
 (  0.186347  0.143590 -0.120192 -0.455941  0.471517  0.000000 ) 
     freq (    5) =      13.242247 [THz] =     441.713822 [cm-1]
 ( -0.050421  0.512972 -0.171142  0.296427 -0.110152 -0.324076 ) 
 (  0.469458 -0.212820  0.225582 -0.257432 -0.342284  0.000000 ) 
     freq (    6) =      13.450519 [THz] =     448.661021 [cm-1]
 ( -0.189675 -0.285030 -0.218741  0.378871 -0.433952  0.055468 ) 
 (  0.152005 -0.306778  0.265012  0.348079  0.437482  0.000000 ) 
 **************************************************************************
