Dynamical matrix file
                                                                           
  1    2  2 10.3280000  0.0000000  0.0000000  0.0000000  0.0000000  0.0000000
           1  'Si  '    25598.8229845270     
    1    1      0.0000000000      0.0000000000      0.0000000000
    2    1      0.2500000000      0.2500000000      0.2500000000

     Dynamical  Matrix in cartesian axes

     q = (    0.500000000  -0.166666667   0.500000000 ) 

    1    1
  0.26058228 -0.00000000   -0.00837949  0.00671403    0.01158723 -0.00000000
 -0.00837949 -0.00671403    0.27453141 -0.00000000   -0.00837949 -0.00671403
  0.01158723 -0.00000000   -0.00837949  0.00671403    0.26058228 -0.00000000
    1    2
 -0.06719045  0.10596801   -0.08581697  0.00166303    0.04657506 -0.07319965
 -0.08581697  0.00166303   -0.07203296  0.12058038   -0.08581697  0.00166303
  0.04657506 -0.07319965   -0.08581697  0.00166303   -0.06719045  0.10596801
    2    1
 -0.06719045 -0.10596801   -0.08581697 -0.00166303    0.04657506  0.07319965
 -0.08581697 -0.00166303   -0.07203296 -0.12058038   -0.08581697 -0.00166303
  0.04657506  0.07319965   -0.08581697 -0.00166303   -0.06719045 -0.10596801
    2    2
  0.26058228  0.00000000   -0.00837949 -0.00671403    0.01158723  0.00000000
 -0.00837949  0.00671403    0.27453141  0.00000000   -0.00837949  0.00671403
  0.01158723  0.00000000   -0.00837949 -0.00671403    0.26058228  0.00000000

     Dynamical  Matrix in cartesian axes

     q = (   -0.500000000  -0.166666667  -0.500000000 ) 

    1    1
  0.26058228  0.00000000    0.00837949 -0.00671403    0.01158723  0.00000000
  0.00837949  0.00671403    0.27453141  0.00000000    0.00837949  0.00671403
  0.01158723  0.00000000    0.00837949 -0.00671403    0.26058228  0.00000000
    1    2
  0.06719045 -0.10596801   -0.08581697  0.00166303   -0.04657506  0.07319965
 -0.08581697  0.00166303    0.07203296 -0.12058038   -0.08581697  0.00166303
 -0.04657506  0.07319965   -0.08581697  0.00166303    0.06719045 -0.10596801
    2    1
  0.06719045  0.10596801   -0.08581697 -0.00166303   -0.04657506 -0.07319965
 -0.08581697 -0.00166303    0.07203296  0.12058038   -0.08581697 -0.00166303
 -0.04657506 -0.07319965   -0.08581697 -0.00166303    0.06719045  0.10596801
    2    2
  0.26058228 -0.00000000    0.00837949  0.00671403    0.01158723 -0.00000000
  0.00837949 -0.00671403    0.27453141 -0.00000000    0.00837949 -0.00671403
  0.01158723 -0.00000000    0.00837949  0.00671403    0.26058228 -0.00000000

     Dynamical  Matrix in cartesian axes

     q = (    0.500000000  -0.166666667  -0.500000000 ) 

    1    1
  0.26058228  0.00000000   -0.00837949 -0.00671403   -0.01158723  0.00000000
 -0.00837949  0.00671403    0.27453141  0.00000000    0.00837949 -0.00671403
 -0.01158723  0.00000000    0.00837949  0.00671403    0.26058228  0.00000000
    1    2
 -0.12536621  0.00520463   -0.04434871  0.07348816   -0.08668029  0.00373536
 -0.04434871  0.07348816   -0.14044215  0.00209219    0.04434871 -0.07348816
 -0.08668029  0.00373536    0.04434871 -0.07348816   -0.12536621  0.00520463
    2    1
 -0.12536621 -0.00520463   -0.04434871 -0.07348816   -0.08668029 -0.00373536
 -0.04434871 -0.07348816   -0.14044215 -0.00209219    0.04434871  0.07348816
 -0.08668029 -0.00373536    0.04434871  0.07348816   -0.12536621 -0.00520463
    2    2
  0.26058228  0.00000000   -0.00837949  0.00671403   -0.01158723  0.00000000
 -0.00837949 -0.00671403    0.27453141 -0.00000000    0.00837949  0.00671403
 -0.01158723  0.00000000    0.00837949 -0.00671403    0.26058228  0.00000000

     Dynamical  Matrix in cartesian axes

     q = (   -0.500000000  -0.166666667   0.500000000 ) 

    1    1
  0.26058228  0.00000000    0.00837949  0.00671403   -0.01158723  0.00000000
  0.00837949 -0.00671403    0.27453141 -0.00000000   -0.00837949  0.00671403
 -0.01158723  0.00000000   -0.00837949 -0.00671403    0.26058228  0.00000000
    1    2
 -0.12536621  0.00520463    0.04434871 -0.07348816   -0.08668029  0.00373536
  0.04434871 -0.07348816   -0.14044215  0.00209219   -0.04434871  0.07348816
 -0.08668029  0.00373536   -0.04434871  0.07348816   -0.12536621  0.00520463
    2    1
 -0.12536621 -0.00520463    0.04434871  0.07348816   -0.08668029 -0.00373536
  0.04434871  0.07348816   -0.14044215 -0.00209219   -0.04434871 -0.07348816
 -0.08668029 -0.00373536   -0.04434871 -0.07348816   -0.12536621 -0.00520463
    2    2
  0.26058228  0.00000000    0.00837949 -0.00671403   -0.01158723  0.00000000
  0.00837949  0.00671403    0.27453141  0.00000000   -0.00837949 -0.00671403
 -0.01158723  0.00000000   -0.00837949  0.00671403    0.26058228  0.00000000

     Dynamical  Matrix in cartesian axes

     q = (   -0.166666667   0.500000000  -0.500000000 ) 

    1    1
  0.27453141  0.00000000   -0.00837949  0.00671403    0.00837949 -0.00671403
 -0.00837949 -0.00671403    0.26058228  0.00000000   -0.01158723 -0.00000000
  0.00837949  0.00671403   -0.01158723 -0.00000000    0.26058228  0.00000000
    1    2
 -0.14044215  0.00209219   -0.04434871  0.07348816    0.04434871 -0.07348816
 -0.04434871  0.07348816   -0.12536621  0.00520463   -0.08668029  0.00373536
  0.04434871 -0.07348816   -0.08668029  0.00373536   -0.12536621  0.00520463
    2    1
 -0.14044215 -0.00209219   -0.04434871 -0.07348816    0.04434871  0.07348816
 -0.04434871 -0.07348816   -0.12536621 -0.00520463   -0.08668029 -0.00373536
  0.04434871  0.07348816   -0.08668029 -0.00373536   -0.12536621 -0.00520463
    2    2
  0.27453141 -0.00000000   -0.00837949 -0.00671403    0.00837949  0.00671403
 -0.00837949  0.00671403    0.26058228 -0.00000000   -0.01158723  0.00000000
  0.00837949 -0.00671403   -0.01158723  0.00000000    0.26058228 -0.00000000

     Dynamical  Matrix in cartesian axes

     q = (   -0.500000000   0.500000000  -0.166666667 ) 

    1    1
  0.26058228  0.00000000   -0.01158723 -0.00000000    0.00837949  0.00671403
 -0.01158723 -0.00000000    0.26058228  0.00000000   -0.00837949 -0.00671403
  0.00837949 -0.00671403   -0.00837949  0.00671403    0.27453141  0.00000000
    1    2
 -0.12536621  0.00520463   -0.08668029  0.00373536    0.04434871 -0.07348816
 -0.08668029  0.00373536   -0.12536621  0.00520463   -0.04434871  0.07348816
  0.04434871 -0.07348816   -0.04434871  0.07348816   -0.14044215  0.00209219
    2    1
 -0.12536621 -0.00520463   -0.08668029 -0.00373536    0.04434871  0.07348816
 -0.08668029 -0.00373536   -0.12536621 -0.00520463   -0.04434871 -0.07348816
  0.04434871  0.07348816   -0.04434871 -0.07348816   -0.14044215 -0.00209219
    2    2
  0.26058228 -0.00000000   -0.01158723  0.00000000    0.00837949 -0.00671403
 -0.01158723  0.00000000    0.26058228 -0.00000000   -0.00837949  0.00671403
  0.00837949  0.00671403   -0.00837949 -0.00671403    0.27453141 -0.00000000

     Dynamical  Matrix in cartesian axes

     q = (    0.500000000   0.166666667   0.500000000 ) 

    1    1
  0.26058228 -0.00000000    0.00837949  0.00671403    0.01158723 -0.00000000
  0.00837949 -0.00671403    0.27453141 -0.00000000    0.00837949 -0.00671403
  0.01158723 -0.00000000    0.00837949  0.00671403    0.26058228 -0.00000000
    1    2
  0.06719045  0.10596801   -0.08581697 -0.00166303   -0.04657506 -0.07319965
 -0.08581697 -0.00166303    0.07203296  0.12058038   -0.08581697 -0.00166303
 -0.04657506 -0.07319965   -0.08581697 -0.00166303    0.06719045  0.10596801
    2    1
  0.06719045 -0.10596801   -0.08581697  0.00166303   -0.04657506  0.07319965
 -0.08581697  0.00166303    0.07203296 -0.12058038   -0.08581697  0.00166303
 -0.04657506  0.07319965   -0.08581697  0.00166303    0.06719045 -0.10596801
    2    2
  0.26058228  0.00000000    0.00837949 -0.00671403    0.01158723  0.00000000
  0.00837949  0.00671403    0.27453141  0.00000000    0.00837949  0.00671403
  0.01158723  0.00000000    0.00837949 -0.00671403    0.26058228  0.00000000

     Dynamical  Matrix in cartesian axes

     q = (   -0.500000000   0.166666667   0.500000000 ) 

    1    1
  0.26058228  0.00000000   -0.00837949  0.00671403   -0.01158723  0.00000000
 -0.00837949 -0.00671403    0.27453141 -0.00000000    0.00837949  0.00671403
 -0.01158723  0.00000000    0.00837949 -0.00671403    0.26058228  0.00000000
    1    2
 -0.12536621 -0.00520463   -0.04434871 -0.07348816   -0.08668029 -0.00373536
 -0.04434871 -0.07348816   -0.14044215 -0.00209219    0.04434871  0.07348816
 -0.08668029 -0.00373536    0.04434871  0.07348816   -0.12536621 -0.00520463
    2    1
 -0.12536621  0.00520463   -0.04434871  0.07348816   -0.08668029  0.00373536
 -0.04434871  0.07348816   -0.14044215  0.00209219    0.04434871 -0.07348816
 -0.08668029  0.00373536    0.04434871 -0.07348816   -0.12536621  0.00520463
    2    2
  0.26058228  0.00000000   -0.00837949 -0.00671403   -0.01158723  0.00000000
 -0.00837949  0.00671403    0.27453141  0.00000000    0.00837949 -0.00671403
 -0.01158723  0.00000000    0.00837949  0.00671403    0.26058228  0.00000000

     Dynamical  Matrix in cartesian axes

     q = (    0.500000000   0.166666667  -0.500000000 ) 

    1    1
  0.26058228  0.00000000    0.00837949 -0.00671403   -0.01158723  0.00000000
  0.00837949  0.00671403    0.27453141  0.00000000   -0.00837949 -0.00671403
 -0.01158723  0.00000000   -0.00837949  0.00671403    0.26058228  0.00000000
    1    2
 -0.12536621 -0.00520463    0.04434871  0.07348816   -0.08668029 -0.00373536
  0.04434871  0.07348816   -0.14044215 -0.00209219   -0.04434871 -0.07348816
 -0.08668029 -0.00373536   -0.04434871 -0.07348816   -0.12536621 -0.00520463
    2    1
 -0.12536621  0.00520463    0.04434871 -0.07348816   -0.08668029  0.00373536
  0.04434871 -0.07348816   -0.14044215  0.00209219   -0.04434871  0.07348816
 -0.08668029  0.00373536   -0.04434871  0.07348816   -0.12536621  0.00520463
    2    2
  0.26058228  0.00000000    0.00837949  0.00671403   -0.01158723  0.00000000
  0.00837949 -0.00671403    0.27453141 -0.00000000   -0.00837949  0.00671403
 -0.01158723  0.00000000   -0.00837949 -0.00671403    0.26058228  0.00000000

     Dynamical  Matrix in cartesian axes

     q = (   -0.166666667   0.500000000   0.500000000 ) 

    1    1
  0.27453141 -0.00000000   -0.00837949 -0.00671403   -0.00837949 -0.00671403
 -0.00837949  0.00671403    0.26058228 -0.00000000    0.01158723  0.00000000
 -0.00837949  0.00671403    0.01158723  0.00000000    0.26058228 -0.00000000
    1    2
 -0.07203296  0.12058038   -0.08581697  0.00166303   -0.08581697  0.00166303
 -0.08581697  0.00166303   -0.06719045  0.10596801    0.04657506 -0.07319965
 -0.08581697  0.00166303    0.04657506 -0.07319965   -0.06719045  0.10596801
    2    1
 -0.07203296 -0.12058038   -0.08581697 -0.00166303   -0.08581697 -0.00166303
 -0.08581697 -0.00166303   -0.06719045 -0.10596801    0.04657506  0.07319965
 -0.08581697 -0.00166303    0.04657506  0.07319965   -0.06719045 -0.10596801
    2    2
  0.27453141  0.00000000   -0.00837949  0.00671403   -0.00837949  0.00671403
 -0.00837949 -0.00671403    0.26058228  0.00000000    0.01158723 -0.00000000
 -0.00837949 -0.00671403    0.01158723 -0.00000000    0.26058228  0.00000000

     Dynamical  Matrix in cartesian axes

     q = (    0.166666667   0.500000000  -0.500000000 ) 

    1    1
  0.27453141  0.00000000    0.00837949  0.00671403   -0.00837949 -0.00671403
  0.00837949 -0.00671403    0.26058228  0.00000000   -0.01158723 -0.00000000
 -0.00837949  0.00671403   -0.01158723 -0.00000000    0.26058228  0.00000000
    1    2
 -0.14044215 -0.00209219    0.04434871  0.07348816   -0.04434871 -0.07348816
  0.04434871  0.07348816   -0.12536621 -0.00520463   -0.08668029 -0.00373536
 -0.04434871 -0.07348816   -0.08668029 -0.00373536   -0.12536621 -0.00520463
    2    1
 -0.14044215  0.00209219    0.04434871 -0.07348816   -0.04434871  0.07348816
  0.04434871 -0.07348816   -0.12536621  0.00520463   -0.08668029  0.00373536
 -0.04434871  0.07348816   -0.08668029  0.00373536   -0.12536621  0.00520463
    2    2
  0.27453141 -0.00000000    0.00837949 -0.00671403   -0.00837949  0.00671403
  0.00837949  0.00671403    0.26058228 -0.00000000   -0.01158723  0.00000000
 -0.00837949 -0.00671403   -0.01158723  0.00000000    0.26058228 -0.00000000

     Dynamical  Matrix in cartesian axes

     q = (   -0.166666667  -0.500000000  -0.500000000 ) 

    1    1
  0.27453141  0.00000000    0.00837949  0.00671403    0.00837949  0.00671403
  0.00837949 -0.00671403    0.26058228  0.00000000    0.01158723 -0.00000000
  0.00837949 -0.00671403    0.01158723 -0.00000000    0.26058228  0.00000000
    1    2
  0.07203296 -0.12058038   -0.08581697  0.00166303   -0.08581697  0.00166303
 -0.08581697  0.00166303    0.06719045 -0.10596801   -0.04657506  0.07319965
 -0.08581697  0.00166303   -0.04657506  0.07319965    0.06719045 -0.10596801
    2    1
  0.07203296  0.12058038   -0.08581697 -0.00166303   -0.08581697 -0.00166303
 -0.08581697 -0.00166303    0.06719045  0.10596801   -0.04657506 -0.07319965
 -0.08581697 -0.00166303   -0.04657506 -0.07319965    0.06719045  0.10596801
    2    2
  0.27453141 -0.00000000    0.00837949 -0.00671403    0.00837949 -0.00671403
  0.00837949  0.00671403    0.26058228 -0.00000000    0.01158723  0.00000000
  0.00837949  0.00671403    0.01158723  0.00000000    0.26058228 -0.00000000

     Dynamical  Matrix in cartesian axes

     q = (    0.500000000  -0.500000000   0.166666667 ) 

    1    1
  0.26058228 -0.00000000   -0.01158723  0.00000000    0.00837949 -0.00671403
 -0.01158723  0.00000000    0.26058228 -0.00000000   -0.00837949  0.00671403
  0.00837949  0.00671403   -0.00837949 -0.00671403    0.27453141 -0.00000000
    1    2
 -0.12536621 -0.00520463   -0.08668029 -0.00373536    0.04434871  0.07348816
 -0.08668029 -0.00373536   -0.12536621 -0.00520463   -0.04434871 -0.07348816
  0.04434871  0.07348816   -0.04434871 -0.07348816   -0.14044215 -0.00209219
    2    1
 -0.12536621  0.00520463   -0.08668029  0.00373536    0.04434871 -0.07348816
 -0.08668029  0.00373536   -0.12536621  0.00520463   -0.04434871  0.07348816
  0.04434871 -0.07348816   -0.04434871  0.07348816   -0.14044215  0.00209219
    2    2
  0.26058228  0.00000000   -0.01158723 -0.00000000    0.00837949  0.00671403
 -0.01158723 -0.00000000    0.26058228  0.00000000   -0.00837949 -0.00671403
  0.00837949 -0.00671403   -0.00837949  0.00671403    0.27453141  0.00000000

     Dynamical  Matrix in cartesian axes

     q = (    0.500000000   0.500000000  -0.166666667 ) 

    1    1
  0.26058228  0.00000000    0.01158723  0.00000000   -0.00837949  0.00671403
  0.01158723  0.00000000    0.26058228  0.00000000   -0.00837949  0.00671403
 -0.00837949 -0.00671403   -0.00837949 -0.00671403    0.27453141  0.00000000
    1    2
 -0.06719045  0.10596801    0.04657506 -0.07319965   -0.08581697  0.00166303
  0.04657506 -0.07319965   -0.06719045  0.10596801   -0.08581697  0.00166303
 -0.08581697  0.00166303   -0.08581697  0.00166303   -0.07203296  0.12058038
    2    1
 -0.06719045 -0.10596801    0.04657506  0.07319965   -0.08581697 -0.00166303
  0.04657506  0.07319965   -0.06719045 -0.10596801   -0.08581697 -0.00166303
 -0.08581697 -0.00166303   -0.08581697 -0.00166303   -0.07203296 -0.12058038
    2    2
  0.26058228 -0.00000000    0.01158723 -0.00000000   -0.00837949 -0.00671403
  0.01158723 -0.00000000    0.26058228 -0.00000000   -0.00837949 -0.00671403
 -0.00837949  0.00671403   -0.00837949  0.00671403    0.27453141 -0.00000000

     Dynamical  Matrix in cartesian axes

     q = (   -0.500000000  -0.500000000  -0.166666667 ) 

    1    1
  0.26058228 -0.00000000    0.01158723 -0.00000000    0.00837949 -0.00671403
  0.01158723 -0.00000000    0.26058228 -0.00000000    0.00837949 -0.00671403
  0.00837949  0.00671403    0.00837949  0.00671403    0.27453141 -0.00000000
    1    2
  0.06719045 -0.10596801   -0.04657506  0.07319965   -0.08581697  0.00166303
 -0.04657506  0.07319965    0.06719045 -0.10596801   -0.08581697  0.00166303
 -0.08581697  0.00166303   -0.08581697  0.00166303    0.07203296 -0.12058038
    2    1
  0.06719045  0.10596801   -0.04657506 -0.07319965   -0.08581697 -0.00166303
 -0.04657506 -0.07319965    0.06719045  0.10596801   -0.08581697 -0.00166303
 -0.08581697 -0.00166303   -0.08581697 -0.00166303    0.07203296  0.12058038
    2    2
  0.26058228  0.00000000    0.01158723  0.00000000    0.00837949  0.00671403
  0.01158723  0.00000000    0.26058228  0.00000000    0.00837949  0.00671403
  0.00837949 -0.00671403    0.00837949 -0.00671403    0.27453141  0.00000000

     Dynamical  Matrix in cartesian axes

     q = (   -0.500000000   0.500000000   0.166666667 ) 

    1    1
  0.26058228 -0.00000000   -0.01158723  0.00000000   -0.00837949  0.00671403
 -0.01158723  0.00000000    0.26058228 -0.00000000    0.00837949 -0.00671403
 -0.00837949 -0.00671403    0.00837949  0.00671403    0.27453141 -0.00000000
    1    2
 -0.12536621 -0.00520463   -0.08668029 -0.00373536   -0.04434871 -0.07348816
 -0.08668029 -0.00373536   -0.12536621 -0.00520463    0.04434871  0.07348816
 -0.04434871 -0.07348816    0.04434871  0.07348816   -0.14044215 -0.00209219
    2    1
 -0.12536621  0.00520463   -0.08668029  0.00373536   -0.04434871  0.07348816
 -0.08668029  0.00373536   -0.12536621  0.00520463    0.04434871 -0.07348816
 -0.04434871  0.07348816    0.04434871 -0.07348816   -0.14044215  0.00209219
    2    2
  0.26058228  0.00000000   -0.01158723 -0.00000000   -0.00837949 -0.00671403
 -0.01158723 -0.00000000    0.26058228  0.00000000    0.00837949  0.00671403
 -0.00837949  0.00671403    0.00837949 -0.00671403    0.27453141  0.00000000

     Dynamical  Matrix in cartesian axes

     q = (    0.166666667  -0.500000000   0.500000000 ) 

    1    1
  0.27453141 -0.00000000   -0.00837949 -0.00671403    0.00837949  0.00671403
 -0.00837949  0.00671403    0.26058228 -0.00000000   -0.01158723  0.00000000
  0.00837949 -0.00671403   -0.01158723  0.00000000    0.26058228 -0.00000000
    1    2
 -0.14044215 -0.00209219   -0.04434871 -0.07348816    0.04434871  0.07348816
 -0.04434871 -0.07348816   -0.12536621 -0.00520463   -0.08668029 -0.00373536
  0.04434871  0.07348816   -0.08668029 -0.00373536   -0.12536621 -0.00520463
    2    1
 -0.14044215  0.00209219   -0.04434871  0.07348816    0.04434871 -0.07348816
 -0.04434871  0.07348816   -0.12536621  0.00520463   -0.08668029  0.00373536
  0.04434871 -0.07348816   -0.08668029  0.00373536   -0.12536621  0.00520463
    2    2
  0.27453141  0.00000000   -0.00837949  0.00671403    0.00837949 -0.00671403
 -0.00837949 -0.00671403    0.26058228  0.00000000   -0.01158723 -0.00000000
  0.00837949  0.00671403   -0.01158723 -0.00000000    0.26058228  0.00000000

     Dynamical  Matrix in cartesian axes

     q = (    0.166666667   0.500000000   0.500000000 ) 

    1    1
  0.27453141 -0.00000000    0.00837949 -0.00671403    0.00837949 -0.00671403
  0.00837949  0.00671403    0.26058228 -0.00000000    0.01158723  0.00000000
  0.00837949  0.00671403    0.01158723  0.00000000    0.26058228 -0.00000000
    1    2
  0.07203296  0.12058038   -0.08581697 -0.00166303   -0.08581697 -0.00166303
 -0.08581697 -0.00166303    0.06719045  0.10596801   -0.04657506 -0.07319965
 -0.08581697 -0.00166303   -0.04657506 -0.07319965    0.06719045  0.10596801
    2    1
  0.07203296 -0.12058038   -0.08581697  0.00166303   -0.08581697  0.00166303
 -0.08581697  0.00166303    0.06719045 -0.10596801   -0.04657506  0.07319965
 -0.08581697  0.00166303   -0.04657506  0.07319965    0.06719045 -0.10596801
    2    2
  0.27453141  0.00000000    0.00837949  0.00671403    0.00837949  0.00671403
  0.00837949 -0.00671403    0.26058228  0.00000000    0.01158723 -0.00000000
  0.00837949 -0.00671403    0.01158723 -0.00000000    0.26058228  0.00000000

     Dynamical  Matrix in cartesian axes

     q = (   -0.500000000   0.166666667  -0.500000000 ) 

    1    1
  0.26058228  0.00000000   -0.00837949 -0.00671403    0.01158723  0.00000000
 -0.00837949  0.00671403    0.27453141  0.00000000   -0.00837949  0.00671403
  0.01158723  0.00000000   -0.00837949 -0.00671403    0.26058228  0.00000000
    1    2
 -0.06719045 -0.10596801   -0.08581697 -0.00166303    0.04657506  0.07319965
 -0.08581697 -0.00166303   -0.07203296 -0.12058038   -0.08581697 -0.00166303
  0.04657506  0.07319965   -0.08581697 -0.00166303   -0.06719045 -0.10596801
    2    1
 -0.06719045  0.10596801   -0.08581697  0.00166303    0.04657506 -0.07319965
 -0.08581697  0.00166303   -0.07203296  0.12058038   -0.08581697  0.00166303
  0.04657506 -0.07319965   -0.08581697  0.00166303   -0.06719045  0.10596801
    2    2
  0.26058228 -0.00000000   -0.00837949  0.00671403    0.01158723 -0.00000000
 -0.00837949 -0.00671403    0.27453141 -0.00000000   -0.00837949 -0.00671403
  0.01158723 -0.00000000   -0.00837949  0.00671403    0.26058228 -0.00000000

     Dynamical  Matrix in cartesian axes

     q = (   -0.166666667  -0.500000000   0.500000000 ) 

    1    1
  0.27453141 -0.00000000    0.00837949 -0.00671403   -0.00837949  0.00671403
  0.00837949  0.00671403    0.26058228 -0.00000000   -0.01158723  0.00000000
 -0.00837949 -0.00671403   -0.01158723  0.00000000    0.26058228 -0.00000000
    1    2
 -0.14044215  0.00209219    0.04434871 -0.07348816   -0.04434871  0.07348816
  0.04434871 -0.07348816   -0.12536621  0.00520463   -0.08668029  0.00373536
 -0.04434871  0.07348816   -0.08668029  0.00373536   -0.12536621  0.00520463
    2    1
 -0.14044215 -0.00209219    0.04434871  0.07348816   -0.04434871 -0.07348816
  0.04434871  0.07348816   -0.12536621 -0.00520463   -0.08668029 -0.00373536
 -0.04434871 -0.07348816   -0.08668029 -0.00373536   -0.12536621 -0.00520463
    2    2
  0.27453141  0.00000000    0.00837949  0.00671403   -0.00837949 -0.00671403
  0.00837949 -0.00671403    0.26058228  0.00000000   -0.01158723 -0.00000000
 -0.00837949  0.00671403   -0.01158723 -0.00000000    0.26058228  0.00000000

     Dynamical  Matrix in cartesian axes

     q = (   -0.500000000  -0.500000000   0.166666667 ) 

    1    1
  0.26058228 -0.00000000    0.01158723 -0.00000000   -0.00837949 -0.00671403
  0.01158723 -0.00000000    0.26058228 -0.00000000   -0.00837949 -0.00671403
 -0.00837949  0.00671403   -0.00837949  0.00671403    0.27453141 -0.00000000
    1    2
 -0.06719045 -0.10596801    0.04657506  0.07319965   -0.08581697 -0.00166303
  0.04657506  0.07319965   -0.06719045 -0.10596801   -0.08581697 -0.00166303
 -0.08581697 -0.00166303   -0.08581697 -0.00166303   -0.07203296 -0.12058038
    2    1
 -0.06719045  0.10596801    0.04657506 -0.07319965   -0.08581697  0.00166303
  0.04657506 -0.07319965   -0.06719045  0.10596801   -0.08581697  0.00166303
 -0.08581697  0.00166303   -0.08581697  0.00166303   -0.07203296  0.12058038
    2    2
  0.26058228  0.00000000    0.01158723  0.00000000   -0.00837949  0.00671403
  0.01158723  0.00000000    0.26058228  0.00000000   -0.00837949  0.00671403
 -0.00837949 -0.00671403   -0.00837949 -0.00671403    0.27453141  0.00000000

     Dynamical  Matrix in cartesian axes

     q = (    0.500000000   0.500000000   0.166666667 ) 

    1    1
  0.26058228  0.00000000    0.01158723  0.00000000    0.00837949  0.00671403
  0.01158723  0.00000000    0.26058228  0.00000000    0.00837949  0.00671403
  0.00837949 -0.00671403    0.00837949 -0.00671403    0.27453141  0.00000000
    1    2
  0.06719045  0.10596801   -0.04657506 -0.07319965   -0.08581697 -0.00166303
 -0.04657506 -0.07319965    0.06719045  0.10596801   -0.08581697 -0.00166303
 -0.08581697 -0.00166303   -0.08581697 -0.00166303    0.07203296  0.12058038
    2    1
  0.06719045 -0.10596801   -0.04657506  0.07319965   -0.08581697  0.00166303
 -0.04657506  0.07319965    0.06719045 -0.10596801   -0.08581697  0.00166303
 -0.08581697  0.00166303   -0.08581697  0.00166303    0.07203296 -0.12058038
    2    2
  0.26058228 -0.00000000    0.01158723 -0.00000000    0.00837949 -0.00671403
  0.01158723 -0.00000000    0.26058228 -0.00000000    0.00837949 -0.00671403
  0.00837949  0.00671403    0.00837949  0.00671403    0.27453141 -0.00000000

     Dynamical  Matrix in cartesian axes

     q = (    0.166666667  -0.500000000  -0.500000000 ) 

    1    1
  0.27453141  0.00000000   -0.00837949  0.00671403   -0.00837949  0.00671403
 -0.00837949 -0.00671403    0.26058228  0.00000000    0.01158723 -0.00000000
 -0.00837949 -0.00671403    0.01158723 -0.00000000    0.26058228  0.00000000
    1    2
 -0.07203296 -0.12058038   -0.08581697 -0.00166303   -0.08581697 -0.00166303
 -0.08581697 -0.00166303   -0.06719045 -0.10596801    0.04657506  0.07319965
 -0.08581697 -0.00166303    0.04657506  0.07319965   -0.06719045 -0.10596801
    2    1
 -0.07203296  0.12058038   -0.08581697  0.00166303   -0.08581697  0.00166303
 -0.08581697  0.00166303   -0.06719045  0.10596801    0.04657506 -0.07319965
 -0.08581697  0.00166303    0.04657506 -0.07319965   -0.06719045  0.10596801
    2    2
  0.27453141 -0.00000000   -0.00837949 -0.00671403   -0.00837949 -0.00671403
 -0.00837949  0.00671403    0.26058228 -0.00000000    0.01158723  0.00000000
 -0.00837949  0.00671403    0.01158723  0.00000000    0.26058228 -0.00000000

     Dynamical  Matrix in cartesian axes

     q = (    0.500000000  -0.500000000  -0.166666667 ) 

    1    1
  0.26058228  0.00000000   -0.01158723 -0.00000000   -0.00837949 -0.00671403
 -0.01158723 -0.00000000    0.26058228  0.00000000    0.00837949  0.00671403
 -0.00837949  0.00671403    0.00837949 -0.00671403    0.27453141  0.00000000
    1    2
 -0.12536621  0.00520463   -0.08668029  0.00373536   -0.04434871  0.07348816
 -0.08668029  0.00373536   -0.12536621  0.00520463    0.04434871 -0.07348816
 -0.04434871  0.07348816    0.04434871 -0.07348816   -0.14044215  0.00209219
    2    1
 -0.12536621 -0.00520463   -0.08668029 -0.00373536   -0.04434871 -0.07348816
 -0.08668029 -0.00373536   -0.12536621 -0.00520463    0.04434871  0.07348816
 -0.04434871 -0.07348816    0.04434871  0.07348816   -0.14044215 -0.00209219
    2    2
  0.26058228 -0.00000000   -0.01158723  0.00000000   -0.00837949  0.00671403
 -0.01158723  0.00000000    0.26058228 -0.00000000    0.00837949 -0.00671403
 -0.00837949 -0.00671403    0.00837949  0.00671403    0.27453141 -0.00000000

     Diagonalizing the dynamical matrix

     q = (    0.500000000  -0.166666667   0.500000000 ) 

 **************************************************************************
     freq (    1) =       3.942338 [THz] =     131.502249 [cm-1]
 (  0.268018 -0.422098  0.000000 -0.000000 -0.268018  0.422098 ) 
 (  0.500000 -0.000000  0.000000  0.000000 -0.500000  0.000000 ) 
     freq (    2) =       5.103310 [THz] =     170.228082 [cm-1]
 ( -0.260943 -0.043175 -0.569227  0.189922 -0.260943 -0.043175 ) 
 ( -0.264491  0.000000 -0.530589 -0.280293 -0.264491  0.000000 ) 
     freq (    3) =       9.000044 [THz] =     300.209164 [cm-1]
 (  0.203836  0.367007 -0.325353 -0.204107  0.203836  0.367007 ) 
 ( -0.419813 -0.000000  0.336405  0.185327 -0.419813  0.000000 ) 
     freq (    4) =      12.302544 [THz] =     410.368685 [cm-1]
 (  0.111704  0.428660 -0.312705 -0.098804  0.111704  0.428660 ) 
 (  0.442975  0.000000 -0.174465 -0.277684  0.442975  0.000000 ) 
     freq (    5) =      13.964448 [THz] =     465.803851 [cm-1]
 (  0.268018 -0.422098 -0.000000  0.000000 -0.268018  0.422098 ) 
 ( -0.500000 -0.000000  0.000000 -0.000000  0.500000  0.000000 ) 
     freq (    6) =      14.278933 [THz] =     476.293936 [cm-1]
 (  0.137222  0.196838  0.619395 -0.034647  0.137222  0.196838 ) 
 ( -0.239948 -0.000000 -0.325799 -0.527925 -0.239948  0.000000 ) 
 **************************************************************************
