Dynamical matrix file
                                                                           
  1    2  2 10.3280000  0.0000000  0.0000000  0.0000000  0.0000000  0.0000000
           1  'Si  '    25598.8229845270     
    1    1      0.0000000000      0.0000000000      0.0000000000
    2    1      0.2500000000      0.2500000000      0.2500000000

     Dynamical  Matrix in cartesian axes

     q = (    0.666666667  -0.333333333   0.666666667 ) 

    1    1
  0.25650904 -0.00000000   -0.01118367  0.00718626    0.01007959 -0.00000000
 -0.01118367 -0.00718626    0.28524085 -0.00000000   -0.01118367 -0.00718626
  0.01007959 -0.00000000   -0.01118367  0.00718626    0.25650904 -0.00000000
    1    2
 -0.09614858  0.05678084   -0.06379913  0.03940407    0.02694318 -0.11293175
 -0.06379913  0.03940407   -0.10007652  0.07164392   -0.06379913  0.03940407
  0.02694318 -0.11293175   -0.06379913  0.03940407   -0.09614858  0.05678084
    2    1
 -0.09614858 -0.05678084   -0.06379913 -0.03940407    0.02694318  0.11293175
 -0.06379913 -0.03940407   -0.10007652 -0.07164392   -0.06379913 -0.03940407
  0.02694318  0.11293175   -0.06379913 -0.03940407   -0.09614858 -0.05678084
    2    2
  0.25650904  0.00000000   -0.01118367 -0.00718626    0.01007959  0.00000000
 -0.01118367  0.00718626    0.28524085  0.00000000   -0.01118367  0.00718626
  0.01007959  0.00000000   -0.01118367 -0.00718626    0.25650904  0.00000000

     Dynamical  Matrix in cartesian axes

     q = (   -0.666666667  -0.333333333  -0.666666667 ) 

    1    1
  0.25650904  0.00000000    0.01118367 -0.00718626    0.01007959  0.00000000
  0.01118367  0.00718626    0.28524085  0.00000000    0.01118367  0.00718626
  0.01007959  0.00000000    0.01118367 -0.00718626    0.25650904  0.00000000
    1    2
  0.09724794  0.05487669   -0.06602449 -0.03554963   -0.11127335  0.03313240
 -0.06602449 -0.03554963    0.11208372  0.05084684   -0.06602449 -0.03554963
 -0.11127335  0.03313240   -0.06602449 -0.03554963    0.09724794  0.05487669
    2    1
  0.09724794 -0.05487669   -0.06602449  0.03554963   -0.11127335 -0.03313240
 -0.06602449  0.03554963    0.11208372 -0.05084684   -0.06602449  0.03554963
 -0.11127335 -0.03313240   -0.06602449  0.03554963    0.09724794 -0.05487669
    2    2
  0.25650904 -0.00000000    0.01118367  0.00718626    0.01007959 -0.00000000
  0.01118367 -0.00718626    0.28524085 -0.00000000    0.01118367 -0.00718626
  0.01007959 -0.00000000    0.01118367  0.00718626    0.25650904 -0.00000000

     Dynamical  Matrix in cartesian axes

     q = (    0.666666667  -0.333333333  -0.666666667 ) 

    1    1
  0.25650904  0.00000000   -0.01118367 -0.00718626   -0.01007959  0.00000000
 -0.01118367  0.00718626    0.28524085  0.00000000    0.01118367 -0.00718626
 -0.01007959  0.00000000    0.01118367  0.00718626    0.25650904  0.00000000
    1    2
 -0.09724794  0.05487669   -0.06602449  0.03554963   -0.11127335 -0.03313240
 -0.06602449  0.03554963   -0.11208372  0.05084684    0.06602449 -0.03554963
 -0.11127335 -0.03313240    0.06602449 -0.03554963   -0.09724794  0.05487669
    2    1
 -0.09724794 -0.05487669   -0.06602449 -0.03554963   -0.11127335  0.03313240
 -0.06602449 -0.03554963   -0.11208372 -0.05084684    0.06602449  0.03554963
 -0.11127335  0.03313240    0.06602449  0.03554963   -0.09724794 -0.05487669
    2    2
  0.25650904  0.00000000   -0.01118367  0.00718626   -0.01007959  0.00000000
 -0.01118367 -0.00718626    0.28524085 -0.00000000    0.01118367  0.00718626
 -0.01007959  0.00000000    0.01118367 -0.00718626    0.25650904  0.00000000

     Dynamical  Matrix in cartesian axes

     q = (   -0.666666667  -0.333333333   0.666666667 ) 

    1    1
  0.25650904  0.00000000    0.01118367  0.00718626   -0.01007959  0.00000000
  0.01118367 -0.00718626    0.28524085 -0.00000000   -0.01118367  0.00718626
 -0.01007959  0.00000000   -0.01118367 -0.00718626    0.25650904  0.00000000
    1    2
 -0.09724794  0.05487669    0.06602449 -0.03554963   -0.11127335 -0.03313240
  0.06602449 -0.03554963   -0.11208372  0.05084684   -0.06602449  0.03554963
 -0.11127335 -0.03313240   -0.06602449  0.03554963   -0.09724794  0.05487669
    2    1
 -0.09724794 -0.05487669    0.06602449  0.03554963   -0.11127335  0.03313240
  0.06602449  0.03554963   -0.11208372 -0.05084684   -0.06602449 -0.03554963
 -0.11127335  0.03313240   -0.06602449 -0.03554963   -0.09724794 -0.05487669
    2    2
  0.25650904  0.00000000    0.01118367 -0.00718626   -0.01007959  0.00000000
  0.01118367  0.00718626    0.28524085  0.00000000   -0.01118367 -0.00718626
 -0.01007959  0.00000000   -0.01118367  0.00718626    0.25650904  0.00000000

     Dynamical  Matrix in cartesian axes

     q = (   -0.333333333   0.666666667  -0.666666667 ) 

    1    1
  0.28524085  0.00000000   -0.01118367  0.00718626    0.01118367 -0.00718626
 -0.01118367 -0.00718626    0.25650904  0.00000000   -0.01007959 -0.00000000
  0.01118367  0.00718626   -0.01007959 -0.00000000    0.25650904  0.00000000
    1    2
 -0.11208372  0.05084684   -0.06602449  0.03554963    0.06602449 -0.03554963
 -0.06602449  0.03554963   -0.09724794  0.05487669   -0.11127335 -0.03313240
  0.06602449 -0.03554963   -0.11127335 -0.03313240   -0.09724794  0.05487669
    2    1
 -0.11208372 -0.05084684   -0.06602449 -0.03554963    0.06602449  0.03554963
 -0.06602449 -0.03554963   -0.09724794 -0.05487669   -0.11127335  0.03313240
  0.06602449  0.03554963   -0.11127335  0.03313240   -0.09724794 -0.05487669
    2    2
  0.28524085 -0.00000000   -0.01118367 -0.00718626    0.01118367  0.00718626
 -0.01118367  0.00718626    0.25650904 -0.00000000   -0.01007959  0.00000000
  0.01118367 -0.00718626   -0.01007959  0.00000000    0.25650904 -0.00000000

     Dynamical  Matrix in cartesian axes

     q = (   -0.666666667   0.666666667  -0.333333333 ) 

    1    1
  0.25650904  0.00000000   -0.01007959 -0.00000000    0.01118367  0.00718626
 -0.01007959 -0.00000000    0.25650904  0.00000000   -0.01118367 -0.00718626
  0.01118367 -0.00718626   -0.01118367  0.00718626    0.28524085  0.00000000
    1    2
 -0.09724794  0.05487669   -0.11127335 -0.03313240    0.06602449 -0.03554963
 -0.11127335 -0.03313240   -0.09724794  0.05487669   -0.06602449  0.03554963
  0.06602449 -0.03554963   -0.06602449  0.03554963   -0.11208372  0.05084684
    2    1
 -0.09724794 -0.05487669   -0.11127335  0.03313240    0.06602449  0.03554963
 -0.11127335  0.03313240   -0.09724794 -0.05487669   -0.06602449 -0.03554963
  0.06602449  0.03554963   -0.06602449 -0.03554963   -0.11208372 -0.05084684
    2    2
  0.25650904 -0.00000000   -0.01007959  0.00000000    0.01118367 -0.00718626
 -0.01007959  0.00000000    0.25650904 -0.00000000   -0.01118367  0.00718626
  0.01118367  0.00718626   -0.01118367 -0.00718626    0.28524085 -0.00000000

     Dynamical  Matrix in cartesian axes

     q = (    0.666666667   0.333333333   0.666666667 ) 

    1    1
  0.25650904 -0.00000000    0.01118367  0.00718626    0.01007959 -0.00000000
  0.01118367 -0.00718626    0.28524085 -0.00000000    0.01118367 -0.00718626
  0.01007959 -0.00000000    0.01118367  0.00718626    0.25650904 -0.00000000
    1    2
  0.09724794 -0.05487669   -0.06602449  0.03554963   -0.11127335 -0.03313240
 -0.06602449  0.03554963    0.11208372 -0.05084684   -0.06602449  0.03554963
 -0.11127335 -0.03313240   -0.06602449  0.03554963    0.09724794 -0.05487669
    2    1
  0.09724794  0.05487669   -0.06602449 -0.03554963   -0.11127335  0.03313240
 -0.06602449 -0.03554963    0.11208372  0.05084684   -0.06602449 -0.03554963
 -0.11127335  0.03313240   -0.06602449 -0.03554963    0.09724794  0.05487669
    2    2
  0.25650904  0.00000000    0.01118367 -0.00718626    0.01007959  0.00000000
  0.01118367  0.00718626    0.28524085  0.00000000    0.01118367  0.00718626
  0.01007959  0.00000000    0.01118367 -0.00718626    0.25650904  0.00000000

     Dynamical  Matrix in cartesian axes

     q = (   -0.666666667   0.333333333   0.666666667 ) 

    1    1
  0.25650904  0.00000000   -0.01118367  0.00718626   -0.01007959  0.00000000
 -0.01118367 -0.00718626    0.28524085 -0.00000000    0.01118367  0.00718626
 -0.01007959  0.00000000    0.01118367 -0.00718626    0.25650904  0.00000000
    1    2
 -0.09724794 -0.05487669   -0.06602449 -0.03554963   -0.11127335  0.03313240
 -0.06602449 -0.03554963   -0.11208372 -0.05084684    0.06602449  0.03554963
 -0.11127335  0.03313240    0.06602449  0.03554963   -0.09724794 -0.05487669
    2    1
 -0.09724794  0.05487669   -0.06602449  0.03554963   -0.11127335 -0.03313240
 -0.06602449  0.03554963   -0.11208372  0.05084684    0.06602449 -0.03554963
 -0.11127335 -0.03313240    0.06602449 -0.03554963   -0.09724794  0.05487669
    2    2
  0.25650904  0.00000000   -0.01118367 -0.00718626   -0.01007959  0.00000000
 -0.01118367  0.00718626    0.28524085  0.00000000    0.01118367 -0.00718626
 -0.01007959  0.00000000    0.01118367  0.00718626    0.25650904  0.00000000

     Dynamical  Matrix in cartesian axes

     q = (    0.666666667   0.333333333  -0.666666667 ) 

    1    1
  0.25650904  0.00000000    0.01118367 -0.00718626   -0.01007959  0.00000000
  0.01118367  0.00718626    0.28524085  0.00000000   -0.01118367 -0.00718626
 -0.01007959  0.00000000   -0.01118367  0.00718626    0.25650904  0.00000000
    1    2
 -0.09724794 -0.05487669    0.06602449  0.03554963   -0.11127335  0.03313240
  0.06602449  0.03554963   -0.11208372 -0.05084684   -0.06602449 -0.03554963
 -0.11127335  0.03313240   -0.06602449 -0.03554963   -0.09724794 -0.05487669
    2    1
 -0.09724794  0.05487669    0.06602449 -0.03554963   -0.11127335 -0.03313240
  0.06602449 -0.03554963   -0.11208372  0.05084684   -0.06602449  0.03554963
 -0.11127335 -0.03313240   -0.06602449  0.03554963   -0.09724794  0.05487669
    2    2
  0.25650904  0.00000000    0.01118367  0.00718626   -0.01007959  0.00000000
  0.01118367 -0.00718626    0.28524085 -0.00000000   -0.01118367  0.00718626
 -0.01007959  0.00000000   -0.01118367 -0.00718626    0.25650904  0.00000000

     Dynamical  Matrix in cartesian axes

     q = (   -0.333333333   0.666666667   0.666666667 ) 

    1    1
  0.28524085 -0.00000000   -0.01118367 -0.00718626   -0.01118367 -0.00718626
 -0.01118367  0.00718626    0.25650904 -0.00000000    0.01007959  0.00000000
 -0.01118367  0.00718626    0.01007959  0.00000000    0.25650904 -0.00000000
    1    2
 -0.10007652  0.07164392   -0.06379913  0.03940407   -0.06379913  0.03940407
 -0.06379913  0.03940407   -0.09614858  0.05678084    0.02694318 -0.11293175
 -0.06379913  0.03940407    0.02694318 -0.11293175   -0.09614858  0.05678084
    2    1
 -0.10007652 -0.07164392   -0.06379913 -0.03940407   -0.06379913 -0.03940407
 -0.06379913 -0.03940407   -0.09614858 -0.05678084    0.02694318  0.11293175
 -0.06379913 -0.03940407    0.02694318  0.11293175   -0.09614858 -0.05678084
    2    2
  0.28524085  0.00000000   -0.01118367  0.00718626   -0.01118367  0.00718626
 -0.01118367 -0.00718626    0.25650904  0.00000000    0.01007959 -0.00000000
 -0.01118367 -0.00718626    0.01007959 -0.00000000    0.25650904  0.00000000

     Dynamical  Matrix in cartesian axes

     q = (    0.333333333   0.666666667  -0.666666667 ) 

    1    1
  0.28524085  0.00000000    0.01118367  0.00718626   -0.01118367 -0.00718626
  0.01118367 -0.00718626    0.25650904  0.00000000   -0.01007959 -0.00000000
 -0.01118367  0.00718626   -0.01007959 -0.00000000    0.25650904  0.00000000
    1    2
 -0.11208372 -0.05084684    0.06602449  0.03554963   -0.06602449 -0.03554963
  0.06602449  0.03554963   -0.09724794 -0.05487669   -0.11127335  0.03313240
 -0.06602449 -0.03554963   -0.11127335  0.03313240   -0.09724794 -0.05487669
    2    1
 -0.11208372  0.05084684    0.06602449 -0.03554963   -0.06602449  0.03554963
  0.06602449 -0.03554963   -0.09724794  0.05487669   -0.11127335 -0.03313240
 -0.06602449  0.03554963   -0.11127335 -0.03313240   -0.09724794  0.05487669
    2    2
  0.28524085 -0.00000000    0.01118367 -0.00718626   -0.01118367  0.00718626
  0.01118367  0.00718626    0.25650904 -0.00000000   -0.01007959  0.00000000
 -0.01118367 -0.00718626   -0.01007959  0.00000000    0.25650904 -0.00000000

     Dynamical  Matrix in cartesian axes

     q = (   -0.333333333  -0.666666667  -0.666666667 ) 

    1    1
  0.28524085  0.00000000    0.01118367  0.00718626    0.01118367  0.00718626
  0.01118367 -0.00718626    0.25650904  0.00000000    0.01007959 -0.00000000
  0.01118367 -0.00718626    0.01007959 -0.00000000    0.25650904  0.00000000
    1    2
  0.11208372  0.05084684   -0.06602449 -0.03554963   -0.06602449 -0.03554963
 -0.06602449 -0.03554963    0.09724794  0.05487669   -0.11127335  0.03313240
 -0.06602449 -0.03554963   -0.11127335  0.03313240    0.09724794  0.05487669
    2    1
  0.11208372 -0.05084684   -0.06602449  0.03554963   -0.06602449  0.03554963
 -0.06602449  0.03554963    0.09724794 -0.05487669   -0.11127335 -0.03313240
 -0.06602449  0.03554963   -0.11127335 -0.03313240    0.09724794 -0.05487669
    2    2
  0.28524085 -0.00000000    0.01118367 -0.00718626    0.01118367 -0.00718626
  0.01118367  0.00718626    0.25650904 -0.00000000    0.01007959  0.00000000
  0.01118367  0.00718626    0.01007959  0.00000000    0.25650904 -0.00000000

     Dynamical  Matrix in cartesian axes

     q = (    0.666666667  -0.666666667   0.333333333 ) 

    1    1
  0.25650904 -0.00000000   -0.01007959  0.00000000    0.01118367 -0.00718626
 -0.01007959  0.00000000    0.25650904 -0.00000000   -0.01118367  0.00718626
  0.01118367  0.00718626   -0.01118367 -0.00718626    0.28524085 -0.00000000
    1    2
 -0.09724794 -0.05487669   -0.11127335  0.03313240    0.06602449  0.03554963
 -0.11127335  0.03313240   -0.09724794 -0.05487669   -0.06602449 -0.03554963
  0.06602449  0.03554963   -0.06602449 -0.03554963   -0.11208372 -0.05084684
    2    1
 -0.09724794  0.05487669   -0.11127335 -0.03313240    0.06602449 -0.03554963
 -0.11127335 -0.03313240   -0.09724794  0.05487669   -0.06602449  0.03554963
  0.06602449 -0.03554963   -0.06602449  0.03554963   -0.11208372  0.05084684
    2    2
  0.25650904  0.00000000   -0.01007959 -0.00000000    0.01118367  0.00718626
 -0.01007959 -0.00000000    0.25650904  0.00000000   -0.01118367 -0.00718626
  0.01118367 -0.00718626   -0.01118367  0.00718626    0.28524085  0.00000000

     Dynamical  Matrix in cartesian axes

     q = (    0.666666667   0.666666667  -0.333333333 ) 

    1    1
  0.25650904  0.00000000    0.01007959  0.00000000   -0.01118367  0.00718626
  0.01007959  0.00000000    0.25650904  0.00000000   -0.01118367  0.00718626
 -0.01118367 -0.00718626   -0.01118367 -0.00718626    0.28524085  0.00000000
    1    2
 -0.09614858  0.05678084    0.02694318 -0.11293175   -0.06379913  0.03940407
  0.02694318 -0.11293175   -0.09614858  0.05678084   -0.06379913  0.03940407
 -0.06379913  0.03940407   -0.06379913  0.03940407   -0.10007652  0.07164392
    2    1
 -0.09614858 -0.05678084    0.02694318  0.11293175   -0.06379913 -0.03940407
  0.02694318  0.11293175   -0.09614858 -0.05678084   -0.06379913 -0.03940407
 -0.06379913 -0.03940407   -0.06379913 -0.03940407   -0.10007652 -0.07164392
    2    2
  0.25650904 -0.00000000    0.01007959 -0.00000000   -0.01118367 -0.00718626
  0.01007959 -0.00000000    0.25650904 -0.00000000   -0.01118367 -0.00718626
 -0.01118367  0.00718626   -0.01118367  0.00718626    0.28524085 -0.00000000

     Dynamical  Matrix in cartesian axes

     q = (   -0.666666667  -0.666666667  -0.333333333 ) 

    1    1
  0.25650904 -0.00000000    0.01007959 -0.00000000    0.01118367 -0.00718626
  0.01007959 -0.00000000    0.25650904 -0.00000000    0.01118367 -0.00718626
  0.01118367  0.00718626    0.01118367  0.00718626    0.28524085 -0.00000000
    1    2
  0.09724794  0.05487669   -0.11127335  0.03313240   -0.06602449 -0.03554963
 -0.11127335  0.03313240    0.09724794  0.05487669   -0.06602449 -0.03554963
 -0.06602449 -0.03554963   -0.06602449 -0.03554963    0.11208372  0.05084684
    2    1
  0.09724794 -0.05487669   -0.11127335 -0.03313240   -0.06602449  0.03554963
 -0.11127335 -0.03313240    0.09724794 -0.05487669   -0.06602449  0.03554963
 -0.06602449  0.03554963   -0.06602449  0.03554963    0.11208372 -0.05084684
    2    2
  0.25650904  0.00000000    0.01007959  0.00000000    0.01118367  0.00718626
  0.01007959  0.00000000    0.25650904  0.00000000    0.01118367  0.00718626
  0.01118367 -0.00718626    0.01118367 -0.00718626    0.28524085  0.00000000

     Dynamical  Matrix in cartesian axes

     q = (   -0.666666667   0.666666667   0.333333333 ) 

    1    1
  0.25650904 -0.00000000   -0.01007959  0.00000000   -0.01118367  0.00718626
 -0.01007959  0.00000000    0.25650904 -0.00000000    0.01118367 -0.00718626
 -0.01118367 -0.00718626    0.01118367  0.00718626    0.28524085 -0.00000000
    1    2
 -0.09724794 -0.05487669   -0.11127335  0.03313240   -0.06602449 -0.03554963
 -0.11127335  0.03313240   -0.09724794 -0.05487669    0.06602449  0.03554963
 -0.06602449 -0.03554963    0.06602449  0.03554963   -0.11208372 -0.05084684
    2    1
 -0.09724794  0.05487669   -0.11127335 -0.03313240   -0.06602449  0.03554963
 -0.11127335 -0.03313240   -0.09724794  0.05487669    0.06602449 -0.03554963
 -0.06602449  0.03554963    0.06602449 -0.03554963   -0.11208372  0.05084684
    2    2
  0.25650904  0.00000000   -0.01007959 -0.00000000   -0.01118367 -0.00718626
 -0.01007959 -0.00000000    0.25650904  0.00000000    0.01118367  0.00718626
 -0.01118367  0.00718626    0.01118367 -0.00718626    0.28524085  0.00000000

     Dynamical  Matrix in cartesian axes

     q = (    0.333333333  -0.666666667   0.666666667 ) 

    1    1
  0.28524085 -0.00000000   -0.01118367 -0.00718626    0.01118367  0.00718626
 -0.01118367  0.00718626    0.25650904 -0.00000000   -0.01007959  0.00000000
  0.01118367 -0.00718626   -0.01007959  0.00000000    0.25650904 -0.00000000
    1    2
 -0.11208372 -0.05084684   -0.06602449 -0.03554963    0.06602449  0.03554963
 -0.06602449 -0.03554963   -0.09724794 -0.05487669   -0.11127335  0.03313240
  0.06602449  0.03554963   -0.11127335  0.03313240   -0.09724794 -0.05487669
    2    1
 -0.11208372  0.05084684   -0.06602449  0.03554963    0.06602449 -0.03554963
 -0.06602449  0.03554963   -0.09724794  0.05487669   -0.11127335 -0.03313240
  0.06602449 -0.03554963   -0.11127335 -0.03313240   -0.09724794  0.05487669
    2    2
  0.28524085  0.00000000   -0.01118367  0.00718626    0.01118367 -0.00718626
 -0.01118367 -0.00718626    0.25650904  0.00000000   -0.01007959 -0.00000000
  0.01118367  0.00718626   -0.01007959 -0.00000000    0.25650904  0.00000000

     Dynamical  Matrix in cartesian axes

     q = (    0.333333333   0.666666667   0.666666667 ) 

    1    1
  0.28524085 -0.00000000    0.01118367 -0.00718626    0.01118367 -0.00718626
  0.01118367  0.00718626    0.25650904 -0.00000000    0.01007959  0.00000000
  0.01118367  0.00718626    0.01007959  0.00000000    0.25650904 -0.00000000
    1    2
  0.11208372 -0.05084684   -0.06602449  0.03554963   -0.06602449  0.03554963
 -0.06602449  0.03554963    0.09724794 -0.05487669   -0.11127335 -0.03313240
 -0.06602449  0.03554963   -0.11127335 -0.03313240    0.09724794 -0.05487669
    2    1
  0.11208372  0.05084684   -0.06602449 -0.03554963   -0.06602449 -0.03554963
 -0.06602449 -0.03554963    0.09724794  0.05487669   -0.11127335  0.03313240
 -0.06602449 -0.03554963   -0.11127335  0.03313240    0.09724794  0.05487669
    2    2
  0.28524085  0.00000000    0.01118367  0.00718626    0.01118367  0.00718626
  0.01118367 -0.00718626    0.25650904  0.00000000    0.01007959 -0.00000000
  0.01118367 -0.00718626    0.01007959 -0.00000000    0.25650904  0.00000000

     Dynamical  Matrix in cartesian axes

     q = (   -0.666666667   0.333333333  -0.666666667 ) 

    1    1
  0.25650904  0.00000000   -0.01118367 -0.00718626    0.01007959  0.00000000
 -0.01118367  0.00718626    0.28524085  0.00000000   -0.01118367  0.00718626
  0.01007959  0.00000000   -0.01118367 -0.00718626    0.25650904  0.00000000
    1    2
 -0.09614858 -0.05678084   -0.06379913 -0.03940407    0.02694318  0.11293175
 -0.06379913 -0.03940407   -0.10007652 -0.07164392   -0.06379913 -0.03940407
  0.02694318  0.11293175   -0.06379913 -0.03940407   -0.09614858 -0.05678084
    2    1
 -0.09614858  0.05678084   -0.06379913  0.03940407    0.02694318 -0.11293175
 -0.06379913  0.03940407   -0.10007652  0.07164392   -0.06379913  0.03940407
  0.02694318 -0.11293175   -0.06379913  0.03940407   -0.09614858  0.05678084
    2    2
  0.25650904 -0.00000000   -0.01118367  0.00718626    0.01007959 -0.00000000
 -0.01118367 -0.00718626    0.28524085 -0.00000000   -0.01118367 -0.00718626
  0.01007959 -0.00000000   -0.01118367  0.00718626    0.25650904 -0.00000000

     Dynamical  Matrix in cartesian axes

     q = (   -0.333333333  -0.666666667   0.666666667 ) 

    1    1
  0.28524085 -0.00000000    0.01118367 -0.00718626   -0.01118367  0.00718626
  0.01118367  0.00718626    0.25650904 -0.00000000   -0.01007959  0.00000000
 -0.01118367 -0.00718626   -0.01007959  0.00000000    0.25650904 -0.00000000
    1    2
 -0.11208372  0.05084684    0.06602449 -0.03554963   -0.06602449  0.03554963
  0.06602449 -0.03554963   -0.09724794  0.05487669   -0.11127335 -0.03313240
 -0.06602449  0.03554963   -0.11127335 -0.03313240   -0.09724794  0.05487669
    2    1
 -0.11208372 -0.05084684    0.06602449  0.03554963   -0.06602449 -0.03554963
  0.06602449  0.03554963   -0.09724794 -0.05487669   -0.11127335  0.03313240
 -0.06602449 -0.03554963   -0.11127335  0.03313240   -0.09724794 -0.05487669
    2    2
  0.28524085  0.00000000    0.01118367  0.00718626   -0.01118367 -0.00718626
  0.01118367 -0.00718626    0.25650904  0.00000000   -0.01007959 -0.00000000
 -0.01118367  0.00718626   -0.01007959 -0.00000000    0.25650904  0.00000000

     Dynamical  Matrix in cartesian axes

     q = (   -0.666666667  -0.666666667   0.333333333 ) 

    1    1
  0.25650904 -0.00000000    0.01007959 -0.00000000   -0.01118367 -0.00718626
  0.01007959 -0.00000000    0.25650904 -0.00000000   -0.01118367 -0.00718626
 -0.01118367  0.00718626   -0.01118367  0.00718626    0.28524085 -0.00000000
    1    2
 -0.09614858 -0.05678084    0.02694318  0.11293175   -0.06379913 -0.03940407
  0.02694318  0.11293175   -0.09614858 -0.05678084   -0.06379913 -0.03940407
 -0.06379913 -0.03940407   -0.06379913 -0.03940407   -0.10007652 -0.07164392
    2    1
 -0.09614858  0.05678084    0.02694318 -0.11293175   -0.06379913  0.03940407
  0.02694318 -0.11293175   -0.09614858  0.05678084   -0.06379913  0.03940407
 -0.06379913  0.03940407   -0.06379913  0.03940407   -0.10007652  0.07164392
    2    2
  0.25650904  0.00000000    0.01007959  0.00000000   -0.01118367  0.00718626
  0.01007959  0.00000000    0.25650904  0.00000000   -0.01118367  0.00718626
 -0.01118367 -0.00718626   -0.01118367 -0.00718626    0.28524085  0.00000000

     Dynamical  Matrix in cartesian axes

     q = (    0.666666667   0.666666667   0.333333333 ) 

    1    1
  0.25650904  0.00000000    0.01007959  0.00000000    0.01118367  0.00718626
  0.01007959  0.00000000    0.25650904  0.00000000    0.01118367  0.00718626
  0.01118367 -0.00718626    0.01118367 -0.00718626    0.28524085  0.00000000
    1    2
  0.09724794 -0.05487669   -0.11127335 -0.03313240   -0.06602449  0.03554963
 -0.11127335 -0.03313240    0.09724794 -0.05487669   -0.06602449  0.03554963
 -0.06602449  0.03554963   -0.06602449  0.03554963    0.11208372 -0.05084684
    2    1
  0.09724794  0.05487669   -0.11127335  0.03313240   -0.06602449 -0.03554963
 -0.11127335  0.03313240    0.09724794  0.05487669   -0.06602449 -0.03554963
 -0.06602449 -0.03554963   -0.06602449 -0.03554963    0.11208372  0.05084684
    2    2
  0.25650904 -0.00000000    0.01007959 -0.00000000    0.01118367 -0.00718626
  0.01007959 -0.00000000    0.25650904 -0.00000000    0.01118367 -0.00718626
  0.01118367  0.00718626    0.01118367  0.00718626    0.28524085 -0.00000000

     Dynamical  Matrix in cartesian axes

     q = (    0.333333333  -0.666666667  -0.666666667 ) 

    1    1
  0.28524085  0.00000000   -0.01118367  0.00718626   -0.01118367  0.00718626
 -0.01118367 -0.00718626    0.25650904  0.00000000    0.01007959 -0.00000000
 -0.01118367 -0.00718626    0.01007959 -0.00000000    0.25650904  0.00000000
    1    2
 -0.10007652 -0.07164392   -0.06379913 -0.03940407   -0.06379913 -0.03940407
 -0.06379913 -0.03940407   -0.09614858 -0.05678084    0.02694318  0.11293175
 -0.06379913 -0.03940407    0.02694318  0.11293175   -0.09614858 -0.05678084
    2    1
 -0.10007652  0.07164392   -0.06379913  0.03940407   -0.06379913  0.03940407
 -0.06379913  0.03940407   -0.09614858  0.05678084    0.02694318 -0.11293175
 -0.06379913  0.03940407    0.02694318 -0.11293175   -0.09614858  0.05678084
    2    2
  0.28524085 -0.00000000   -0.01118367 -0.00718626   -0.01118367 -0.00718626
 -0.01118367  0.00718626    0.25650904 -0.00000000    0.01007959  0.00000000
 -0.01118367  0.00718626    0.01007959  0.00000000    0.25650904 -0.00000000

     Dynamical  Matrix in cartesian axes

     q = (    0.666666667  -0.666666667  -0.333333333 ) 

    1    1
  0.25650904  0.00000000   -0.01007959 -0.00000000   -0.01118367 -0.00718626
 -0.01007959 -0.00000000    0.25650904  0.00000000    0.01118367  0.00718626
 -0.01118367  0.00718626    0.01118367 -0.00718626    0.28524085  0.00000000
    1    2
 -0.09724794  0.05487669   -0.11127335 -0.03313240   -0.06602449  0.03554963
 -0.11127335 -0.03313240   -0.09724794  0.05487669    0.06602449 -0.03554963
 -0.06602449  0.03554963    0.06602449 -0.03554963   -0.11208372  0.05084684
    2    1
 -0.09724794 -0.05487669   -0.11127335  0.03313240   -0.06602449 -0.03554963
 -0.11127335  0.03313240   -0.09724794 -0.05487669    0.06602449  0.03554963
 -0.06602449 -0.03554963    0.06602449  0.03554963   -0.11208372 -0.05084684
    2    2
  0.25650904 -0.00000000   -0.01007959  0.00000000   -0.01118367  0.00718626
 -0.01007959  0.00000000    0.25650904 -0.00000000    0.01118367 -0.00718626
 -0.01118367 -0.00718626    0.01118367  0.00718626    0.28524085 -0.00000000

     Diagonalizing the dynamical matrix

     q = (    0.666666667  -0.333333333   0.666666667 ) 

 **************************************************************************
     freq (    1) =       3.943266 [THz] =     131.533202 [cm-1]
 ( -0.293562  0.404748  0.000000 -0.000000  0.293562 -0.404748 ) 
 ( -0.500000 -0.000000  0.000000 -0.000000  0.500000  0.000000 ) 
     freq (    2) =       5.164959 [THz] =     172.284480 [cm-1]
 (  0.328252  0.035853  0.507760 -0.155274  0.328252  0.035853 ) 
 (  0.330205  0.000000  0.487898  0.209487  0.330205  0.000000 ) 
     freq (    3) =       9.670533 [THz] =     322.574249 [cm-1]
 (  0.139968 -0.383388  0.106721  0.394279  0.139968 -0.383388 ) 
 ( -0.408139 -0.000000  0.333770  0.235464 -0.408139  0.000000 ) 
     freq (    4) =      12.045160 [THz] =     401.783286 [cm-1]
 (  0.091605 -0.348618  0.117646  0.475717  0.091605 -0.348618 ) 
 (  0.360453 -0.000000 -0.430200 -0.234681  0.360453  0.000000 ) 
     freq (    5) =      13.886290 [THz] =     463.196768 [cm-1]
 (  0.293562 -0.404748  0.000000 -0.000000 -0.293562  0.404748 ) 
 ( -0.500000  0.000000 -0.000000 -0.000000  0.500000  0.000000 ) 
     freq (    6) =      14.189428 [THz] =     473.308355 [cm-1]
 (  0.274229  0.138781  0.541779 -0.132487  0.274229  0.138781 ) 
 ( -0.307346  0.000000 -0.423578 -0.362848 -0.307346  0.000000 ) 
 **************************************************************************
