Dynamical matrix file
                                                                           
  1    2  2 10.2800000  0.0000000  0.0000000  0.0000000  0.0000000  0.0000000
           1  'Si  '    25598.8229845270     
    1    1      0.0000000000      0.0000000000      0.0000000000
    2    1      0.2500000000      0.2500000000      0.2500000000

     Dynamical  Matrix in cartesian axes

     q = (   -0.166666667   0.500000000  -0.166666667 ) 

    1    1
  0.25924105 -0.00000000   -0.00685326  0.00553007    0.00441928 -0.00000000
 -0.00685326 -0.00553007    0.30011672 -0.00000000   -0.00685326 -0.00553007
  0.00441928 -0.00000000   -0.00685326  0.00553007    0.25924105 -0.00000000
    1    2
 -0.15868978  0.05753355   -0.02142771  0.03809415   -0.02060849 -0.11787909
 -0.02142771  0.03809415   -0.16553439  0.06761227   -0.02142771  0.03809415
 -0.02060849 -0.11787909   -0.02142771  0.03809415   -0.15868978  0.05753355
    2    1
 -0.15868978 -0.05753355   -0.02142771 -0.03809415   -0.02060849  0.11787909
 -0.02142771 -0.03809415   -0.16553439 -0.06761227   -0.02142771 -0.03809415
 -0.02060849  0.11787909   -0.02142771 -0.03809415   -0.15868978 -0.05753355
    2    2
  0.25924105  0.00000000   -0.00685326 -0.00553007    0.00441928  0.00000000
 -0.00685326  0.00553007    0.30011672  0.00000000   -0.00685326  0.00553007
  0.00441928  0.00000000   -0.00685326 -0.00553007    0.25924105  0.00000000

     Dynamical  Matrix in cartesian axes

     q = (    0.166666667   0.500000000   0.166666667 ) 

    1    1
  0.25924105  0.00000000    0.00685326 -0.00553007    0.00441928  0.00000000
  0.00685326  0.00553007    0.30011672  0.00000000    0.00685326  0.00553007
  0.00441928  0.00000000    0.00685326 -0.00553007    0.25924105  0.00000000
    1    2
 -0.02951937  0.16619616   -0.02227664 -0.03760401   -0.11239053 -0.04109207
 -0.02227664 -0.03760401   -0.02421325  0.17716312   -0.02227664 -0.03760401
 -0.11239053 -0.04109207   -0.02227664 -0.03760401   -0.02951937  0.16619616
    2    1
 -0.02951937 -0.16619616   -0.02227664  0.03760401   -0.11239053  0.04109207
 -0.02227664  0.03760401   -0.02421325 -0.17716312   -0.02227664  0.03760401
 -0.11239053  0.04109207   -0.02227664  0.03760401   -0.02951937 -0.16619616
    2    2
  0.25924105 -0.00000000    0.00685326  0.00553007    0.00441928 -0.00000000
  0.00685326 -0.00553007    0.30011672 -0.00000000    0.00685326 -0.00553007
  0.00441928 -0.00000000    0.00685326  0.00553007    0.25924105 -0.00000000

     Dynamical  Matrix in cartesian axes

     q = (   -0.166666667   0.500000000   0.166666667 ) 

    1    1
  0.25924105  0.00000000   -0.00685326 -0.00553007   -0.00441928  0.00000000
 -0.00685326  0.00553007    0.30011672  0.00000000    0.00685326 -0.00553007
 -0.00441928  0.00000000    0.00685326  0.00553007    0.25924105  0.00000000
    1    2
 -0.12917041  0.10866261   -0.04370435 -0.00049013   -0.09178204 -0.07678702
 -0.04370435 -0.00049013   -0.14132114  0.10955085    0.04370435  0.00049013
 -0.09178204 -0.07678702    0.04370435  0.00049013   -0.12917041  0.10866261
    2    1
 -0.12917041 -0.10866261   -0.04370435  0.00049013   -0.09178204  0.07678702
 -0.04370435  0.00049013   -0.14132114 -0.10955085    0.04370435 -0.00049013
 -0.09178204  0.07678702    0.04370435 -0.00049013   -0.12917041 -0.10866261
    2    2
  0.25924105  0.00000000   -0.00685326  0.00553007   -0.00441928  0.00000000
 -0.00685326 -0.00553007    0.30011672 -0.00000000    0.00685326  0.00553007
 -0.00441928  0.00000000    0.00685326 -0.00553007    0.25924105  0.00000000

     Dynamical  Matrix in cartesian axes

     q = (    0.166666667   0.500000000  -0.166666667 ) 

    1    1
  0.25924105  0.00000000    0.00685326  0.00553007   -0.00441928  0.00000000
  0.00685326 -0.00553007    0.30011672 -0.00000000   -0.00685326  0.00553007
 -0.00441928  0.00000000   -0.00685326 -0.00553007    0.25924105  0.00000000
    1    2
 -0.12917041  0.10866261    0.04370435  0.00049013   -0.09178204 -0.07678702
  0.04370435  0.00049013   -0.14132114  0.10955085   -0.04370435 -0.00049013
 -0.09178204 -0.07678702   -0.04370435 -0.00049013   -0.12917041  0.10866261
    2    1
 -0.12917041 -0.10866261    0.04370435 -0.00049013   -0.09178204  0.07678702
  0.04370435 -0.00049013   -0.14132114 -0.10955085   -0.04370435  0.00049013
 -0.09178204  0.07678702   -0.04370435  0.00049013   -0.12917041 -0.10866261
    2    2
  0.25924105  0.00000000    0.00685326 -0.00553007   -0.00441928  0.00000000
  0.00685326  0.00553007    0.30011672  0.00000000   -0.00685326 -0.00553007
 -0.00441928  0.00000000   -0.00685326  0.00553007    0.25924105  0.00000000

     Dynamical  Matrix in cartesian axes

     q = (    0.500000000  -0.166666667   0.166666667 ) 

    1    1
  0.30011672  0.00000000   -0.00685326  0.00553007    0.00685326 -0.00553007
 -0.00685326 -0.00553007    0.25924105  0.00000000   -0.00441928 -0.00000000
  0.00685326  0.00553007   -0.00441928 -0.00000000    0.25924105  0.00000000
    1    2
 -0.14132114  0.10955085   -0.04370435 -0.00049013    0.04370435  0.00049013
 -0.04370435 -0.00049013   -0.12917041  0.10866261   -0.09178204 -0.07678702
  0.04370435  0.00049013   -0.09178204 -0.07678702   -0.12917041  0.10866261
    2    1
 -0.14132114 -0.10955085   -0.04370435  0.00049013    0.04370435 -0.00049013
 -0.04370435  0.00049013   -0.12917041 -0.10866261   -0.09178204  0.07678702
  0.04370435 -0.00049013   -0.09178204  0.07678702   -0.12917041 -0.10866261
    2    2
  0.30011672 -0.00000000   -0.00685326 -0.00553007    0.00685326  0.00553007
 -0.00685326  0.00553007    0.25924105 -0.00000000   -0.00441928  0.00000000
  0.00685326 -0.00553007   -0.00441928  0.00000000    0.25924105 -0.00000000

     Dynamical  Matrix in cartesian axes

     q = (    0.166666667  -0.166666667   0.500000000 ) 

    1    1
  0.25924105  0.00000000   -0.00441928 -0.00000000    0.00685326  0.00553007
 -0.00441928 -0.00000000    0.25924105  0.00000000   -0.00685326 -0.00553007
  0.00685326 -0.00553007   -0.00685326  0.00553007    0.30011672  0.00000000
    1    2
 -0.12917041  0.10866261   -0.09178204 -0.07678702    0.04370435  0.00049013
 -0.09178204 -0.07678702   -0.12917041  0.10866261   -0.04370435 -0.00049013
  0.04370435  0.00049013   -0.04370435 -0.00049013   -0.14132114  0.10955085
    2    1
 -0.12917041 -0.10866261   -0.09178204  0.07678702    0.04370435 -0.00049013
 -0.09178204  0.07678702   -0.12917041 -0.10866261   -0.04370435  0.00049013
  0.04370435 -0.00049013   -0.04370435  0.00049013   -0.14132114 -0.10955085
    2    2
  0.25924105 -0.00000000   -0.00441928  0.00000000    0.00685326 -0.00553007
 -0.00441928  0.00000000    0.25924105 -0.00000000   -0.00685326  0.00553007
  0.00685326  0.00553007   -0.00685326 -0.00553007    0.30011672 -0.00000000

     Dynamical  Matrix in cartesian axes

     q = (   -0.166666667  -0.500000000  -0.166666667 ) 

    1    1
  0.25924105 -0.00000000    0.00685326  0.00553007    0.00441928 -0.00000000
  0.00685326 -0.00553007    0.30011672 -0.00000000    0.00685326 -0.00553007
  0.00441928 -0.00000000    0.00685326  0.00553007    0.25924105 -0.00000000
    1    2
 -0.02951937 -0.16619616   -0.02227664  0.03760401   -0.11239053  0.04109207
 -0.02227664  0.03760401   -0.02421325 -0.17716312   -0.02227664  0.03760401
 -0.11239053  0.04109207   -0.02227664  0.03760401   -0.02951937 -0.16619616
    2    1
 -0.02951937  0.16619616   -0.02227664 -0.03760401   -0.11239053 -0.04109207
 -0.02227664 -0.03760401   -0.02421325  0.17716312   -0.02227664 -0.03760401
 -0.11239053 -0.04109207   -0.02227664 -0.03760401   -0.02951937  0.16619616
    2    2
  0.25924105  0.00000000    0.00685326 -0.00553007    0.00441928  0.00000000
  0.00685326  0.00553007    0.30011672  0.00000000    0.00685326  0.00553007
  0.00441928  0.00000000    0.00685326 -0.00553007    0.25924105  0.00000000

     Dynamical  Matrix in cartesian axes

     q = (    0.166666667  -0.500000000  -0.166666667 ) 

    1    1
  0.25924105  0.00000000   -0.00685326  0.00553007   -0.00441928  0.00000000
 -0.00685326 -0.00553007    0.30011672 -0.00000000    0.00685326  0.00553007
 -0.00441928  0.00000000    0.00685326 -0.00553007    0.25924105  0.00000000
    1    2
 -0.12917041 -0.10866261   -0.04370435  0.00049013   -0.09178204  0.07678702
 -0.04370435  0.00049013   -0.14132114 -0.10955085    0.04370435 -0.00049013
 -0.09178204  0.07678702    0.04370435 -0.00049013   -0.12917041 -0.10866261
    2    1
 -0.12917041  0.10866261   -0.04370435 -0.00049013   -0.09178204 -0.07678702
 -0.04370435 -0.00049013   -0.14132114  0.10955085    0.04370435  0.00049013
 -0.09178204 -0.07678702    0.04370435  0.00049013   -0.12917041  0.10866261
    2    2
  0.25924105  0.00000000   -0.00685326 -0.00553007   -0.00441928  0.00000000
 -0.00685326  0.00553007    0.30011672  0.00000000    0.00685326 -0.00553007
 -0.00441928  0.00000000    0.00685326  0.00553007    0.25924105  0.00000000

     Dynamical  Matrix in cartesian axes

     q = (   -0.166666667  -0.500000000   0.166666667 ) 

    1    1
  0.25924105  0.00000000    0.00685326 -0.00553007   -0.00441928  0.00000000
  0.00685326  0.00553007    0.30011672  0.00000000   -0.00685326 -0.00553007
 -0.00441928  0.00000000   -0.00685326  0.00553007    0.25924105  0.00000000
    1    2
 -0.12917041 -0.10866261    0.04370435 -0.00049013   -0.09178204  0.07678702
  0.04370435 -0.00049013   -0.14132114 -0.10955085   -0.04370435  0.00049013
 -0.09178204  0.07678702   -0.04370435  0.00049013   -0.12917041 -0.10866261
    2    1
 -0.12917041  0.10866261    0.04370435  0.00049013   -0.09178204 -0.07678702
  0.04370435  0.00049013   -0.14132114  0.10955085   -0.04370435 -0.00049013
 -0.09178204 -0.07678702   -0.04370435 -0.00049013   -0.12917041  0.10866261
    2    2
  0.25924105  0.00000000    0.00685326  0.00553007   -0.00441928  0.00000000
  0.00685326 -0.00553007    0.30011672 -0.00000000   -0.00685326  0.00553007
 -0.00441928  0.00000000   -0.00685326 -0.00553007    0.25924105  0.00000000

     Dynamical  Matrix in cartesian axes

     q = (    0.500000000  -0.166666667  -0.166666667 ) 

    1    1
  0.30011672 -0.00000000   -0.00685326 -0.00553007   -0.00685326 -0.00553007
 -0.00685326  0.00553007    0.25924105 -0.00000000    0.00441928  0.00000000
 -0.00685326  0.00553007    0.00441928  0.00000000    0.25924105 -0.00000000
    1    2
 -0.16553439  0.06761227   -0.02142771  0.03809415   -0.02142771  0.03809415
 -0.02142771  0.03809415   -0.15868978  0.05753355   -0.02060849 -0.11787909
 -0.02142771  0.03809415   -0.02060849 -0.11787909   -0.15868978  0.05753355
    2    1
 -0.16553439 -0.06761227   -0.02142771 -0.03809415   -0.02142771 -0.03809415
 -0.02142771 -0.03809415   -0.15868978 -0.05753355   -0.02060849  0.11787909
 -0.02142771 -0.03809415   -0.02060849  0.11787909   -0.15868978 -0.05753355
    2    2
  0.30011672  0.00000000   -0.00685326  0.00553007   -0.00685326  0.00553007
 -0.00685326 -0.00553007    0.25924105  0.00000000    0.00441928 -0.00000000
 -0.00685326 -0.00553007    0.00441928 -0.00000000    0.25924105  0.00000000

     Dynamical  Matrix in cartesian axes

     q = (   -0.500000000  -0.166666667   0.166666667 ) 

    1    1
  0.30011672  0.00000000    0.00685326  0.00553007   -0.00685326 -0.00553007
  0.00685326 -0.00553007    0.25924105  0.00000000   -0.00441928 -0.00000000
 -0.00685326  0.00553007   -0.00441928 -0.00000000    0.25924105  0.00000000
    1    2
 -0.14132114 -0.10955085    0.04370435 -0.00049013   -0.04370435  0.00049013
  0.04370435 -0.00049013   -0.12917041 -0.10866261   -0.09178204  0.07678702
 -0.04370435  0.00049013   -0.09178204  0.07678702   -0.12917041 -0.10866261
    2    1
 -0.14132114  0.10955085    0.04370435  0.00049013   -0.04370435 -0.00049013
  0.04370435  0.00049013   -0.12917041  0.10866261   -0.09178204 -0.07678702
 -0.04370435 -0.00049013   -0.09178204 -0.07678702   -0.12917041  0.10866261
    2    2
  0.30011672 -0.00000000    0.00685326 -0.00553007   -0.00685326  0.00553007
  0.00685326  0.00553007    0.25924105 -0.00000000   -0.00441928  0.00000000
 -0.00685326 -0.00553007   -0.00441928  0.00000000    0.25924105 -0.00000000

     Dynamical  Matrix in cartesian axes

     q = (    0.500000000   0.166666667   0.166666667 ) 

    1    1
  0.30011672  0.00000000    0.00685326  0.00553007    0.00685326  0.00553007
  0.00685326 -0.00553007    0.25924105  0.00000000    0.00441928 -0.00000000
  0.00685326 -0.00553007    0.00441928 -0.00000000    0.25924105  0.00000000
    1    2
 -0.02421325  0.17716312   -0.02227664 -0.03760401   -0.02227664 -0.03760401
 -0.02227664 -0.03760401   -0.02951937  0.16619616   -0.11239053 -0.04109207
 -0.02227664 -0.03760401   -0.11239053 -0.04109207   -0.02951937  0.16619616
    2    1
 -0.02421325 -0.17716312   -0.02227664  0.03760401   -0.02227664  0.03760401
 -0.02227664  0.03760401   -0.02951937 -0.16619616   -0.11239053  0.04109207
 -0.02227664  0.03760401   -0.11239053  0.04109207   -0.02951937 -0.16619616
    2    2
  0.30011672 -0.00000000    0.00685326 -0.00553007    0.00685326 -0.00553007
  0.00685326  0.00553007    0.25924105 -0.00000000    0.00441928  0.00000000
  0.00685326  0.00553007    0.00441928  0.00000000    0.25924105 -0.00000000

     Dynamical  Matrix in cartesian axes

     q = (   -0.166666667   0.166666667  -0.500000000 ) 

    1    1
  0.25924105 -0.00000000   -0.00441928  0.00000000    0.00685326 -0.00553007
 -0.00441928  0.00000000    0.25924105 -0.00000000   -0.00685326  0.00553007
  0.00685326  0.00553007   -0.00685326 -0.00553007    0.30011672 -0.00000000
    1    2
 -0.12917041 -0.10866261   -0.09178204  0.07678702    0.04370435 -0.00049013
 -0.09178204  0.07678702   -0.12917041 -0.10866261   -0.04370435  0.00049013
  0.04370435 -0.00049013   -0.04370435  0.00049013   -0.14132114 -0.10955085
    2    1
 -0.12917041  0.10866261   -0.09178204 -0.07678702    0.04370435  0.00049013
 -0.09178204 -0.07678702   -0.12917041  0.10866261   -0.04370435 -0.00049013
  0.04370435  0.00049013   -0.04370435 -0.00049013   -0.14132114  0.10955085
    2    2
  0.25924105  0.00000000   -0.00441928 -0.00000000    0.00685326  0.00553007
 -0.00441928 -0.00000000    0.25924105  0.00000000   -0.00685326 -0.00553007
  0.00685326 -0.00553007   -0.00685326  0.00553007    0.30011672  0.00000000

     Dynamical  Matrix in cartesian axes

     q = (   -0.166666667  -0.166666667   0.500000000 ) 

    1    1
  0.25924105  0.00000000    0.00441928  0.00000000   -0.00685326  0.00553007
  0.00441928  0.00000000    0.25924105  0.00000000   -0.00685326  0.00553007
 -0.00685326 -0.00553007   -0.00685326 -0.00553007    0.30011672  0.00000000
    1    2
 -0.15868978  0.05753355   -0.02060849 -0.11787909   -0.02142771  0.03809415
 -0.02060849 -0.11787909   -0.15868978  0.05753355   -0.02142771  0.03809415
 -0.02142771  0.03809415   -0.02142771  0.03809415   -0.16553439  0.06761227
    2    1
 -0.15868978 -0.05753355   -0.02060849  0.11787909   -0.02142771 -0.03809415
 -0.02060849  0.11787909   -0.15868978 -0.05753355   -0.02142771 -0.03809415
 -0.02142771 -0.03809415   -0.02142771 -0.03809415   -0.16553439 -0.06761227
    2    2
  0.25924105 -0.00000000    0.00441928 -0.00000000   -0.00685326 -0.00553007
  0.00441928 -0.00000000    0.25924105 -0.00000000   -0.00685326 -0.00553007
 -0.00685326  0.00553007   -0.00685326  0.00553007    0.30011672 -0.00000000

     Dynamical  Matrix in cartesian axes

     q = (    0.166666667   0.166666667   0.500000000 ) 

    1    1
  0.25924105 -0.00000000    0.00441928 -0.00000000    0.00685326 -0.00553007
  0.00441928 -0.00000000    0.25924105 -0.00000000    0.00685326 -0.00553007
  0.00685326  0.00553007    0.00685326  0.00553007    0.30011672 -0.00000000
    1    2
 -0.02951937  0.16619616   -0.11239053 -0.04109207   -0.02227664 -0.03760401
 -0.11239053 -0.04109207   -0.02951937  0.16619616   -0.02227664 -0.03760401
 -0.02227664 -0.03760401   -0.02227664 -0.03760401   -0.02421325  0.17716312
    2    1
 -0.02951937 -0.16619616   -0.11239053  0.04109207   -0.02227664  0.03760401
 -0.11239053  0.04109207   -0.02951937 -0.16619616   -0.02227664  0.03760401
 -0.02227664  0.03760401   -0.02227664  0.03760401   -0.02421325 -0.17716312
    2    2
  0.25924105  0.00000000    0.00441928  0.00000000    0.00685326  0.00553007
  0.00441928  0.00000000    0.25924105  0.00000000    0.00685326  0.00553007
  0.00685326 -0.00553007    0.00685326 -0.00553007    0.30011672  0.00000000

     Dynamical  Matrix in cartesian axes

     q = (    0.166666667  -0.166666667  -0.500000000 ) 

    1    1
  0.25924105 -0.00000000   -0.00441928  0.00000000   -0.00685326  0.00553007
 -0.00441928  0.00000000    0.25924105 -0.00000000    0.00685326 -0.00553007
 -0.00685326 -0.00553007    0.00685326  0.00553007    0.30011672 -0.00000000
    1    2
 -0.12917041 -0.10866261   -0.09178204  0.07678702   -0.04370435  0.00049013
 -0.09178204  0.07678702   -0.12917041 -0.10866261    0.04370435 -0.00049013
 -0.04370435  0.00049013    0.04370435 -0.00049013   -0.14132114 -0.10955085
    2    1
 -0.12917041  0.10866261   -0.09178204 -0.07678702   -0.04370435 -0.00049013
 -0.09178204 -0.07678702   -0.12917041  0.10866261    0.04370435  0.00049013
 -0.04370435 -0.00049013    0.04370435  0.00049013   -0.14132114  0.10955085
    2    2
  0.25924105  0.00000000   -0.00441928 -0.00000000   -0.00685326 -0.00553007
 -0.00441928 -0.00000000    0.25924105  0.00000000    0.00685326  0.00553007
 -0.00685326  0.00553007    0.00685326 -0.00553007    0.30011672  0.00000000

     Dynamical  Matrix in cartesian axes

     q = (   -0.500000000   0.166666667  -0.166666667 ) 

    1    1
  0.30011672 -0.00000000   -0.00685326 -0.00553007    0.00685326  0.00553007
 -0.00685326  0.00553007    0.25924105 -0.00000000   -0.00441928  0.00000000
  0.00685326 -0.00553007   -0.00441928  0.00000000    0.25924105 -0.00000000
    1    2
 -0.14132114 -0.10955085   -0.04370435  0.00049013    0.04370435 -0.00049013
 -0.04370435  0.00049013   -0.12917041 -0.10866261   -0.09178204  0.07678702
  0.04370435 -0.00049013   -0.09178204  0.07678702   -0.12917041 -0.10866261
    2    1
 -0.14132114  0.10955085   -0.04370435 -0.00049013    0.04370435  0.00049013
 -0.04370435 -0.00049013   -0.12917041  0.10866261   -0.09178204 -0.07678702
  0.04370435  0.00049013   -0.09178204 -0.07678702   -0.12917041  0.10866261
    2    2
  0.30011672  0.00000000   -0.00685326  0.00553007    0.00685326 -0.00553007
 -0.00685326 -0.00553007    0.25924105  0.00000000   -0.00441928 -0.00000000
  0.00685326  0.00553007   -0.00441928 -0.00000000    0.25924105  0.00000000

     Dynamical  Matrix in cartesian axes

     q = (   -0.500000000  -0.166666667  -0.166666667 ) 

    1    1
  0.30011672 -0.00000000    0.00685326 -0.00553007    0.00685326 -0.00553007
  0.00685326  0.00553007    0.25924105 -0.00000000    0.00441928  0.00000000
  0.00685326  0.00553007    0.00441928  0.00000000    0.25924105 -0.00000000
    1    2
 -0.02421325 -0.17716312   -0.02227664  0.03760401   -0.02227664  0.03760401
 -0.02227664  0.03760401   -0.02951937 -0.16619616   -0.11239053  0.04109207
 -0.02227664  0.03760401   -0.11239053  0.04109207   -0.02951937 -0.16619616
    2    1
 -0.02421325  0.17716312   -0.02227664 -0.03760401   -0.02227664 -0.03760401
 -0.02227664 -0.03760401   -0.02951937  0.16619616   -0.11239053 -0.04109207
 -0.02227664 -0.03760401   -0.11239053 -0.04109207   -0.02951937  0.16619616
    2    2
  0.30011672  0.00000000    0.00685326  0.00553007    0.00685326  0.00553007
  0.00685326 -0.00553007    0.25924105  0.00000000    0.00441928 -0.00000000
  0.00685326 -0.00553007    0.00441928 -0.00000000    0.25924105  0.00000000

     Dynamical  Matrix in cartesian axes

     q = (    0.166666667  -0.500000000   0.166666667 ) 

    1    1
  0.25924105  0.00000000   -0.00685326 -0.00553007    0.00441928  0.00000000
 -0.00685326  0.00553007    0.30011672  0.00000000   -0.00685326  0.00553007
  0.00441928  0.00000000   -0.00685326 -0.00553007    0.25924105  0.00000000
    1    2
 -0.15868978 -0.05753355   -0.02142771 -0.03809415   -0.02060849  0.11787909
 -0.02142771 -0.03809415   -0.16553439 -0.06761227   -0.02142771 -0.03809415
 -0.02060849  0.11787909   -0.02142771 -0.03809415   -0.15868978 -0.05753355
    2    1
 -0.15868978  0.05753355   -0.02142771  0.03809415   -0.02060849 -0.11787909
 -0.02142771  0.03809415   -0.16553439  0.06761227   -0.02142771  0.03809415
 -0.02060849 -0.11787909   -0.02142771  0.03809415   -0.15868978  0.05753355
    2    2
  0.25924105 -0.00000000   -0.00685326  0.00553007    0.00441928 -0.00000000
 -0.00685326 -0.00553007    0.30011672 -0.00000000   -0.00685326 -0.00553007
  0.00441928 -0.00000000   -0.00685326  0.00553007    0.25924105 -0.00000000

     Dynamical  Matrix in cartesian axes

     q = (    0.500000000   0.166666667  -0.166666667 ) 

    1    1
  0.30011672 -0.00000000    0.00685326 -0.00553007   -0.00685326  0.00553007
  0.00685326  0.00553007    0.25924105 -0.00000000   -0.00441928  0.00000000
 -0.00685326 -0.00553007   -0.00441928  0.00000000    0.25924105 -0.00000000
    1    2
 -0.14132114  0.10955085    0.04370435  0.00049013   -0.04370435 -0.00049013
  0.04370435  0.00049013   -0.12917041  0.10866261   -0.09178204 -0.07678702
 -0.04370435 -0.00049013   -0.09178204 -0.07678702   -0.12917041  0.10866261
    2    1
 -0.14132114 -0.10955085    0.04370435 -0.00049013   -0.04370435  0.00049013
  0.04370435 -0.00049013   -0.12917041 -0.10866261   -0.09178204  0.07678702
 -0.04370435  0.00049013   -0.09178204  0.07678702   -0.12917041 -0.10866261
    2    2
  0.30011672  0.00000000    0.00685326  0.00553007   -0.00685326 -0.00553007
  0.00685326 -0.00553007    0.25924105  0.00000000   -0.00441928 -0.00000000
 -0.00685326  0.00553007   -0.00441928 -0.00000000    0.25924105  0.00000000

     Dynamical  Matrix in cartesian axes

     q = (    0.166666667   0.166666667  -0.500000000 ) 

    1    1
  0.25924105 -0.00000000    0.00441928 -0.00000000   -0.00685326 -0.00553007
  0.00441928 -0.00000000    0.25924105 -0.00000000   -0.00685326 -0.00553007
 -0.00685326  0.00553007   -0.00685326  0.00553007    0.30011672 -0.00000000
    1    2
 -0.15868978 -0.05753355   -0.02060849  0.11787909   -0.02142771 -0.03809415
 -0.02060849  0.11787909   -0.15868978 -0.05753355   -0.02142771 -0.03809415
 -0.02142771 -0.03809415   -0.02142771 -0.03809415   -0.16553439 -0.06761227
    2    1
 -0.15868978  0.05753355   -0.02060849 -0.11787909   -0.02142771  0.03809415
 -0.02060849 -0.11787909   -0.15868978  0.05753355   -0.02142771  0.03809415
 -0.02142771  0.03809415   -0.02142771  0.03809415   -0.16553439  0.06761227
    2    2
  0.25924105  0.00000000    0.00441928  0.00000000   -0.00685326  0.00553007
  0.00441928  0.00000000    0.25924105  0.00000000   -0.00685326  0.00553007
 -0.00685326 -0.00553007   -0.00685326 -0.00553007    0.30011672  0.00000000

     Dynamical  Matrix in cartesian axes

     q = (   -0.166666667  -0.166666667  -0.500000000 ) 

    1    1
  0.25924105  0.00000000    0.00441928  0.00000000    0.00685326  0.00553007
  0.00441928  0.00000000    0.25924105  0.00000000    0.00685326  0.00553007
  0.00685326 -0.00553007    0.00685326 -0.00553007    0.30011672  0.00000000
    1    2
 -0.02951937 -0.16619616   -0.11239053  0.04109207   -0.02227664  0.03760401
 -0.11239053  0.04109207   -0.02951937 -0.16619616   -0.02227664  0.03760401
 -0.02227664  0.03760401   -0.02227664  0.03760401   -0.02421325 -0.17716312
    2    1
 -0.02951937  0.16619616   -0.11239053 -0.04109207   -0.02227664 -0.03760401
 -0.11239053 -0.04109207   -0.02951937  0.16619616   -0.02227664 -0.03760401
 -0.02227664 -0.03760401   -0.02227664 -0.03760401   -0.02421325  0.17716312
    2    2
  0.25924105 -0.00000000    0.00441928 -0.00000000    0.00685326 -0.00553007
  0.00441928 -0.00000000    0.25924105 -0.00000000    0.00685326 -0.00553007
  0.00685326  0.00553007    0.00685326  0.00553007    0.30011672 -0.00000000

     Dynamical  Matrix in cartesian axes

     q = (   -0.500000000   0.166666667   0.166666667 ) 

    1    1
  0.30011672  0.00000000   -0.00685326  0.00553007   -0.00685326  0.00553007
 -0.00685326 -0.00553007    0.25924105  0.00000000    0.00441928 -0.00000000
 -0.00685326 -0.00553007    0.00441928 -0.00000000    0.25924105  0.00000000
    1    2
 -0.16553439 -0.06761227   -0.02142771 -0.03809415   -0.02142771 -0.03809415
 -0.02142771 -0.03809415   -0.15868978 -0.05753355   -0.02060849  0.11787909
 -0.02142771 -0.03809415   -0.02060849  0.11787909   -0.15868978 -0.05753355
    2    1
 -0.16553439  0.06761227   -0.02142771  0.03809415   -0.02142771  0.03809415
 -0.02142771  0.03809415   -0.15868978  0.05753355   -0.02060849 -0.11787909
 -0.02142771  0.03809415   -0.02060849 -0.11787909   -0.15868978  0.05753355
    2    2
  0.30011672 -0.00000000   -0.00685326 -0.00553007   -0.00685326 -0.00553007
 -0.00685326  0.00553007    0.25924105 -0.00000000    0.00441928  0.00000000
 -0.00685326  0.00553007    0.00441928  0.00000000    0.25924105 -0.00000000

     Dynamical  Matrix in cartesian axes

     q = (   -0.166666667   0.166666667   0.500000000 ) 

    1    1
  0.25924105  0.00000000   -0.00441928 -0.00000000   -0.00685326 -0.00553007
 -0.00441928 -0.00000000    0.25924105  0.00000000    0.00685326  0.00553007
 -0.00685326  0.00553007    0.00685326 -0.00553007    0.30011672  0.00000000
    1    2
 -0.12917041  0.10866261   -0.09178204 -0.07678702   -0.04370435 -0.00049013
 -0.09178204 -0.07678702   -0.12917041  0.10866261    0.04370435  0.00049013
 -0.04370435 -0.00049013    0.04370435  0.00049013   -0.14132114  0.10955085
    2    1
 -0.12917041 -0.10866261   -0.09178204  0.07678702   -0.04370435  0.00049013
 -0.09178204  0.07678702   -0.12917041 -0.10866261    0.04370435 -0.00049013
 -0.04370435  0.00049013    0.04370435 -0.00049013   -0.14132114 -0.10955085
    2    2
  0.25924105 -0.00000000   -0.00441928  0.00000000   -0.00685326  0.00553007
 -0.00441928  0.00000000    0.25924105 -0.00000000    0.00685326 -0.00553007
 -0.00685326 -0.00553007    0.00685326  0.00553007    0.30011672 -0.00000000

     Diagonalizing the dynamical matrix

     q = (   -0.166666667   0.500000000  -0.166666667 ) 

 **************************************************************************
     freq (    1) =       3.654131 [THz] =     121.888690 [cm-1]
 ( -0.309267  0.392879 -0.000000 -0.000000  0.309267 -0.392879 ) 
 ( -0.500000 -0.000000 -0.000000 -0.000000  0.500000  0.000000 ) 
     freq (    2) =       4.490417 [THz] =     149.784184 [cm-1]
 ( -0.423672 -0.063801 -0.350997  0.098309 -0.423672 -0.063801 ) 
 ( -0.428449 -0.000000 -0.332444 -0.149480 -0.428449  0.000000 ) 
     freq (    3) =       7.457077 [THz] =     248.741305 [cm-1]
 (  0.150520  0.222764 -0.553006 -0.222765  0.150520  0.222764 ) 
 (  0.268850 -0.000000 -0.494189 -0.333492  0.268850  0.000000 ) 
     freq (    4) =      13.764704 [THz] =     459.141089 [cm-1]
 ( -0.351096 -0.202620  0.387980  0.144309 -0.351096 -0.202620 ) 
 (  0.405368  0.000000 -0.408167 -0.068940  0.405368  0.000000 ) 
     freq (    5) =      14.216968 [THz] =     474.227001 [cm-1]
 ( -0.309267  0.392879 -0.000000 -0.000000  0.309267 -0.392879 ) 
 (  0.500000  0.000000  0.000000  0.000000 -0.500000  0.000000 ) 
     freq (    6) =      14.542544 [THz] =     485.087059 [cm-1]
 (  0.281964  0.018015  0.562696 -0.154005  0.281964  0.018015 ) 
 ( -0.282539 -0.000000 -0.551731 -0.189570 -0.282539  0.000000 ) 
 **************************************************************************
