Dynamical matrix file
                                                                           
  1    2  2 10.3640000  0.0000000  0.0000000  0.0000000  0.0000000  0.0000000
           1  'Si  '    25598.8229845270     
    1    1      0.0000000000      0.0000000000      0.0000000000
    2    1      0.2500000000      0.2500000000      0.2500000000

     Dynamical  Matrix in cartesian axes

     q = (    0.000000000   0.666666667   0.000000000 ) 

    1    1
  0.23324082  0.00000000   -0.00000000  0.00000000    0.00000000  0.00000000
 -0.00000000  0.00000000    0.31836618  0.00000000    0.00000000  0.00000000
  0.00000000  0.00000000    0.00000000  0.00000000    0.23324082  0.00000000
    1    2
 -0.05783722  0.10017700   -0.00000000 -0.00000000   -0.13089023 -0.07556951
  0.00000000  0.00000000   -0.06497955  0.11254789    0.00000000  0.00000000
 -0.13089023 -0.07556951    0.00000000  0.00000000   -0.05783722  0.10017700
    2    1
 -0.05783722 -0.10017700    0.00000000  0.00000000   -0.13089023  0.07556951
  0.00000000  0.00000000   -0.06497955 -0.11254789    0.00000000  0.00000000
 -0.13089023  0.07556951    0.00000000 -0.00000000   -0.05783722 -0.10017700
    2    2
  0.23324082  0.00000000   -0.00000000  0.00000000    0.00000000  0.00000000
 -0.00000000  0.00000000    0.31836618  0.00000000    0.00000000  0.00000000
  0.00000000  0.00000000    0.00000000  0.00000000    0.23324082  0.00000000

     Dynamical  Matrix in cartesian axes

     q = (    0.666666667   0.000000000   0.000000000 ) 

    1    1
  0.31836618  0.00000000   -0.00000000  0.00000000    0.00000000  0.00000000
 -0.00000000  0.00000000    0.23324082  0.00000000    0.00000000  0.00000000
 -0.00000000  0.00000000    0.00000000  0.00000000    0.23324082  0.00000000
    1    2
 -0.06497955  0.11254789   -0.00000000  0.00000000    0.00000000  0.00000000
 -0.00000000  0.00000000   -0.05783722  0.10017700   -0.13089023 -0.07556951
 -0.00000000  0.00000000   -0.13089023 -0.07556951   -0.05783722  0.10017700
    2    1
 -0.06497955 -0.11254789   -0.00000000  0.00000000    0.00000000  0.00000000
  0.00000000  0.00000000   -0.05783722 -0.10017700   -0.13089023  0.07556951
 -0.00000000  0.00000000   -0.13089023  0.07556951   -0.05783722 -0.10017700
    2    2
  0.31836618  0.00000000   -0.00000000  0.00000000    0.00000000  0.00000000
 -0.00000000  0.00000000    0.23324082  0.00000000    0.00000000  0.00000000
 -0.00000000  0.00000000    0.00000000  0.00000000    0.23324082  0.00000000

     Dynamical  Matrix in cartesian axes

     q = (    0.000000000   0.000000000   0.666666667 ) 

    1    1
  0.23324082  0.00000000    0.00000000  0.00000000   -0.00000000  0.00000000
  0.00000000  0.00000000    0.23324082  0.00000000    0.00000000  0.00000000
 -0.00000000  0.00000000   -0.00000000  0.00000000    0.31836618  0.00000000
    1    2
 -0.05783722  0.10017700   -0.13089023 -0.07556951   -0.00000000 -0.00000000
 -0.13089023 -0.07556951   -0.05783722  0.10017700    0.00000000  0.00000000
 -0.00000000 -0.00000000    0.00000000  0.00000000   -0.06497955  0.11254789
    2    1
 -0.05783722 -0.10017700   -0.13089023  0.07556951   -0.00000000  0.00000000
 -0.13089023  0.07556951   -0.05783722 -0.10017700    0.00000000 -0.00000000
 -0.00000000  0.00000000    0.00000000 -0.00000000   -0.06497955 -0.11254789
    2    2
  0.23324082  0.00000000    0.00000000  0.00000000   -0.00000000  0.00000000
  0.00000000  0.00000000    0.23324082  0.00000000    0.00000000  0.00000000
 -0.00000000  0.00000000    0.00000000  0.00000000    0.31836618  0.00000000

     Dynamical  Matrix in cartesian axes

     q = (    0.000000000  -0.666666667   0.000000000 ) 

    1    1
  0.23324082  0.00000000   -0.00000000  0.00000000    0.00000000  0.00000000
 -0.00000000  0.00000000    0.31836618  0.00000000    0.00000000  0.00000000
  0.00000000  0.00000000    0.00000000  0.00000000    0.23324082  0.00000000
    1    2
 -0.05783722 -0.10017700   -0.00000000  0.00000000   -0.13089023  0.07556951
 -0.00000000 -0.00000000   -0.06497955 -0.11254789   -0.00000000 -0.00000000
 -0.13089023  0.07556951    0.00000000  0.00000000   -0.05783722 -0.10017700
    2    1
 -0.05783722  0.10017700    0.00000000  0.00000000   -0.13089023 -0.07556951
  0.00000000  0.00000000   -0.06497955  0.11254789    0.00000000  0.00000000
 -0.13089023 -0.07556951    0.00000000  0.00000000   -0.05783722  0.10017700
    2    2
  0.23324082  0.00000000   -0.00000000  0.00000000    0.00000000  0.00000000
 -0.00000000  0.00000000    0.31836618  0.00000000    0.00000000  0.00000000
  0.00000000  0.00000000    0.00000000  0.00000000    0.23324082  0.00000000

     Dynamical  Matrix in cartesian axes

     q = (   -0.666666667   0.000000000   0.000000000 ) 

    1    1
  0.31836618  0.00000000   -0.00000000  0.00000000   -0.00000000  0.00000000
 -0.00000000  0.00000000    0.23324082  0.00000000    0.00000000  0.00000000
 -0.00000000  0.00000000    0.00000000  0.00000000    0.23324082  0.00000000
    1    2
 -0.06497955 -0.11254789   -0.00000000  0.00000000    0.00000000  0.00000000
  0.00000000  0.00000000   -0.05783722 -0.10017700   -0.13089023  0.07556951
 -0.00000000  0.00000000   -0.13089023  0.07556951   -0.05783722 -0.10017700
    2    1
 -0.06497955  0.11254789    0.00000000  0.00000000    0.00000000  0.00000000
  0.00000000  0.00000000   -0.05783722  0.10017700   -0.13089023 -0.07556951
 -0.00000000  0.00000000   -0.13089023 -0.07556951   -0.05783722  0.10017700
    2    2
  0.31836618  0.00000000   -0.00000000  0.00000000   -0.00000000  0.00000000
 -0.00000000  0.00000000    0.23324082  0.00000000    0.00000000  0.00000000
 -0.00000000  0.00000000    0.00000000  0.00000000    0.23324082  0.00000000

     Dynamical  Matrix in cartesian axes

     q = (    0.000000000   0.000000000  -0.666666667 ) 

    1    1
  0.23324082  0.00000000    0.00000000  0.00000000   -0.00000000  0.00000000
  0.00000000  0.00000000    0.23324082  0.00000000    0.00000000  0.00000000
 -0.00000000  0.00000000    0.00000000  0.00000000    0.31836618  0.00000000
    1    2
 -0.05783722 -0.10017700   -0.13089023  0.07556951    0.00000000  0.00000000
 -0.13089023  0.07556951   -0.05783722 -0.10017700    0.00000000  0.00000000
  0.00000000  0.00000000    0.00000000  0.00000000   -0.06497955 -0.11254789
    2    1
 -0.05783722  0.10017700   -0.13089023 -0.07556951   -0.00000000  0.00000000
 -0.13089023 -0.07556951   -0.05783722  0.10017700    0.00000000  0.00000000
 -0.00000000  0.00000000    0.00000000  0.00000000   -0.06497955  0.11254789
    2    2
  0.23324082  0.00000000    0.00000000  0.00000000   -0.00000000  0.00000000
  0.00000000  0.00000000    0.23324082  0.00000000    0.00000000  0.00000000
 -0.00000000  0.00000000    0.00000000  0.00000000    0.31836618  0.00000000

     Diagonalizing the dynamical matrix

     q = (    0.000000000   0.666666667   0.000000000 ) 

 **************************************************************************
     freq (    1) =       4.259652 [THz] =     142.086689 [cm-1]
 (  0.582527  0.277892 -0.000000  0.000000  0.197852 -0.210458 ) 
 (  0.083257  0.167765 -0.000000  0.000000  0.681853  0.000000 ) 
     freq (    2) =       4.259652 [THz] =     142.086689 [cm-1]
 (  0.284790 -0.048299  0.000000 -0.000000 -0.090970  0.638973 ) 
 (  0.303112  0.610775  0.000000  0.000000 -0.187288  0.000000 ) 
     freq (    3) =       8.925111 [THz] =     297.709663 [cm-1]
 ( -0.000000 -0.000000 -0.292199  0.643910  0.000000  0.000000 ) 
 (  0.000000  0.000000 -0.703742  0.068903 -0.000000  0.000000 ) 
     freq (    4) =      13.382136 [THz] =     446.380022 [cm-1]
 (  0.118266 -0.406199 -0.000000  0.000000  0.555463  0.111695 ) 
 ( -0.676094  0.204924  0.000000  0.000000 -0.030058  0.000000 ) 
     freq (    5) =      13.382136 [THz] =     446.380022 [cm-1]
 (  0.481699  0.298297  0.000000 -0.000000  0.191442 -0.377273 ) 
 (  0.028766 -0.008719 -0.000000 -0.000000 -0.706468  0.000000 ) 
     freq (    6) =      13.767708 [THz] =     459.241312 [cm-1]
 ( -0.000000 -0.000000  0.625922 -0.328970  0.000000  0.000000 ) 
 ( -0.000000  0.000000 -0.597858 -0.377579  0.000000  0.000000 ) 
 **************************************************************************
