Dynamical matrix file
                                                                           
  1    2  2 10.3160000  0.0000000  0.0000000  0.0000000  0.0000000  0.0000000
           1  'Si  '    25598.8229845270     
    1    1      0.0000000000      0.0000000000      0.0000000000
    2    1      0.2500000000      0.2500000000      0.2500000000

     Dynamical  Matrix in cartesian axes

     q = (   -0.166666667   0.166666667  -0.166666667 ) 

    1    1
  0.27111559 -0.00000000   -0.00639940  0.00000000    0.00639940 -0.00000000
 -0.00639940  0.00000000    0.27111559 -0.00000000   -0.00639940  0.00000000
  0.00639940 -0.00000000   -0.00639940  0.00000000    0.27111559 -0.00000000
    1    2
 -0.23430768 -0.05396678   -0.01785388  0.03315402    0.01785388 -0.03315402
 -0.01785388  0.03315402   -0.23430768 -0.05396678   -0.01785388  0.03315402
  0.01785388 -0.03315402   -0.01785388  0.03315402   -0.23430768 -0.05396678
    2    1
 -0.23430768  0.05396678   -0.01785388 -0.03315402    0.01785388  0.03315402
 -0.01785388 -0.03315402   -0.23430768  0.05396678   -0.01785388 -0.03315402
  0.01785388  0.03315402   -0.01785388 -0.03315402   -0.23430768  0.05396678
    2    2
  0.27111559  0.00000000   -0.00639940 -0.00000000    0.00639940  0.00000000
 -0.00639940 -0.00000000    0.27111559  0.00000000   -0.00639940 -0.00000000
  0.00639940  0.00000000   -0.00639940 -0.00000000    0.27111559  0.00000000

     Dynamical  Matrix in cartesian axes

     q = (    0.166666667   0.166666667   0.166666667 ) 

    1    1
  0.27111559 -0.00000000    0.00639940 -0.00000000    0.00639940 -0.00000000
  0.00639940 -0.00000000    0.27111559 -0.00000000    0.00639940 -0.00000000
  0.00639940 -0.00000000    0.00639940 -0.00000000    0.27111559 -0.00000000
    1    2
 -0.16389045  0.17593302   -0.01978528 -0.03203892   -0.01978528 -0.03203892
 -0.01978528 -0.03203892   -0.16389045  0.17593302   -0.01978528 -0.03203892
 -0.01978528 -0.03203892   -0.01978528 -0.03203892   -0.16389045  0.17593302
    2    1
 -0.16389045 -0.17593302   -0.01978528  0.03203892   -0.01978528  0.03203892
 -0.01978528  0.03203892   -0.16389045 -0.17593302   -0.01978528  0.03203892
 -0.01978528  0.03203892   -0.01978528  0.03203892   -0.16389045 -0.17593302
    2    2
  0.27111559  0.00000000    0.00639940  0.00000000    0.00639940  0.00000000
  0.00639940  0.00000000    0.27111559  0.00000000    0.00639940  0.00000000
  0.00639940  0.00000000    0.00639940  0.00000000    0.27111559  0.00000000

     Dynamical  Matrix in cartesian axes

     q = (   -0.166666667  -0.166666667  -0.166666667 ) 

    1    1
  0.27111559  0.00000000    0.00639940  0.00000000    0.00639940  0.00000000
  0.00639940  0.00000000    0.27111559  0.00000000    0.00639940  0.00000000
  0.00639940  0.00000000    0.00639940  0.00000000    0.27111559  0.00000000
    1    2
 -0.16389045 -0.17593302   -0.01978528  0.03203892   -0.01978528  0.03203892
 -0.01978528  0.03203892   -0.16389045 -0.17593302   -0.01978528  0.03203892
 -0.01978528  0.03203892   -0.01978528  0.03203892   -0.16389045 -0.17593302
    2    1
 -0.16389045  0.17593302   -0.01978528 -0.03203892   -0.01978528 -0.03203892
 -0.01978528 -0.03203892   -0.16389045  0.17593302   -0.01978528 -0.03203892
 -0.01978528 -0.03203892   -0.01978528 -0.03203892   -0.16389045  0.17593302
    2    2
  0.27111559 -0.00000000    0.00639940 -0.00000000    0.00639940 -0.00000000
  0.00639940 -0.00000000    0.27111559 -0.00000000    0.00639940 -0.00000000
  0.00639940 -0.00000000    0.00639940 -0.00000000    0.27111559 -0.00000000

     Dynamical  Matrix in cartesian axes

     q = (    0.166666667  -0.166666667   0.166666667 ) 

    1    1
  0.27111559  0.00000000   -0.00639940 -0.00000000    0.00639940  0.00000000
 -0.00639940 -0.00000000    0.27111559  0.00000000   -0.00639940 -0.00000000
  0.00639940  0.00000000   -0.00639940 -0.00000000    0.27111559  0.00000000
    1    2
 -0.23430768  0.05396678   -0.01785388 -0.03315402    0.01785388  0.03315402
 -0.01785388 -0.03315402   -0.23430768  0.05396678   -0.01785388 -0.03315402
  0.01785388  0.03315402   -0.01785388 -0.03315402   -0.23430768  0.05396678
    2    1
 -0.23430768 -0.05396678   -0.01785388  0.03315402    0.01785388 -0.03315402
 -0.01785388  0.03315402   -0.23430768 -0.05396678   -0.01785388  0.03315402
  0.01785388 -0.03315402   -0.01785388  0.03315402   -0.23430768 -0.05396678
    2    2
  0.27111559 -0.00000000   -0.00639940  0.00000000    0.00639940 -0.00000000
 -0.00639940  0.00000000    0.27111559 -0.00000000   -0.00639940  0.00000000
  0.00639940 -0.00000000   -0.00639940  0.00000000    0.27111559 -0.00000000

     Dynamical  Matrix in cartesian axes

     q = (    0.166666667  -0.166666667  -0.166666667 ) 

    1    1
  0.27111559 -0.00000000   -0.00639940  0.00000000   -0.00639940  0.00000000
 -0.00639940  0.00000000    0.27111559 -0.00000000    0.00639940 -0.00000000
 -0.00639940  0.00000000    0.00639940 -0.00000000    0.27111559 -0.00000000
    1    2
 -0.23430768 -0.05396678   -0.01785388  0.03315402   -0.01785388  0.03315402
 -0.01785388  0.03315402   -0.23430768 -0.05396678    0.01785388 -0.03315402
 -0.01785388  0.03315402    0.01785388 -0.03315402   -0.23430768 -0.05396678
    2    1
 -0.23430768  0.05396678   -0.01785388 -0.03315402   -0.01785388 -0.03315402
 -0.01785388 -0.03315402   -0.23430768  0.05396678    0.01785388  0.03315402
 -0.01785388 -0.03315402    0.01785388  0.03315402   -0.23430768  0.05396678
    2    2
  0.27111559  0.00000000   -0.00639940 -0.00000000   -0.00639940 -0.00000000
 -0.00639940 -0.00000000    0.27111559  0.00000000    0.00639940  0.00000000
 -0.00639940 -0.00000000    0.00639940  0.00000000    0.27111559  0.00000000

     Dynamical  Matrix in cartesian axes

     q = (    0.166666667   0.166666667  -0.166666667 ) 

    1    1
  0.27111559  0.00000000    0.00639940  0.00000000   -0.00639940 -0.00000000
  0.00639940  0.00000000    0.27111559  0.00000000   -0.00639940 -0.00000000
 -0.00639940 -0.00000000   -0.00639940 -0.00000000    0.27111559  0.00000000
    1    2
 -0.23430768  0.05396678    0.01785388  0.03315402   -0.01785388 -0.03315402
  0.01785388  0.03315402   -0.23430768  0.05396678   -0.01785388 -0.03315402
 -0.01785388 -0.03315402   -0.01785388 -0.03315402   -0.23430768  0.05396678
    2    1
 -0.23430768 -0.05396678    0.01785388 -0.03315402   -0.01785388  0.03315402
  0.01785388 -0.03315402   -0.23430768 -0.05396678   -0.01785388  0.03315402
 -0.01785388  0.03315402   -0.01785388  0.03315402   -0.23430768 -0.05396678
    2    2
  0.27111559 -0.00000000    0.00639940 -0.00000000   -0.00639940  0.00000000
  0.00639940 -0.00000000    0.27111559 -0.00000000   -0.00639940  0.00000000
 -0.00639940  0.00000000   -0.00639940  0.00000000    0.27111559 -0.00000000

     Dynamical  Matrix in cartesian axes

     q = (   -0.166666667  -0.166666667   0.166666667 ) 

    1    1
  0.27111559 -0.00000000    0.00639940 -0.00000000   -0.00639940  0.00000000
  0.00639940 -0.00000000    0.27111559 -0.00000000   -0.00639940  0.00000000
 -0.00639940  0.00000000   -0.00639940  0.00000000    0.27111559 -0.00000000
    1    2
 -0.23430768 -0.05396678    0.01785388 -0.03315402   -0.01785388  0.03315402
  0.01785388 -0.03315402   -0.23430768 -0.05396678   -0.01785388  0.03315402
 -0.01785388  0.03315402   -0.01785388  0.03315402   -0.23430768 -0.05396678
    2    1
 -0.23430768  0.05396678    0.01785388  0.03315402   -0.01785388 -0.03315402
  0.01785388  0.03315402   -0.23430768  0.05396678   -0.01785388 -0.03315402
 -0.01785388 -0.03315402   -0.01785388 -0.03315402   -0.23430768  0.05396678
    2    2
  0.27111559  0.00000000    0.00639940  0.00000000   -0.00639940 -0.00000000
  0.00639940  0.00000000    0.27111559  0.00000000   -0.00639940 -0.00000000
 -0.00639940 -0.00000000   -0.00639940 -0.00000000    0.27111559  0.00000000

     Dynamical  Matrix in cartesian axes

     q = (   -0.166666667   0.166666667   0.166666667 ) 

    1    1
  0.27111559  0.00000000   -0.00639940 -0.00000000   -0.00639940 -0.00000000
 -0.00639940 -0.00000000    0.27111559  0.00000000    0.00639940  0.00000000
 -0.00639940 -0.00000000    0.00639940  0.00000000    0.27111559  0.00000000
    1    2
 -0.23430768  0.05396678   -0.01785388 -0.03315402   -0.01785388 -0.03315402
 -0.01785388 -0.03315402   -0.23430768  0.05396678    0.01785388  0.03315402
 -0.01785388 -0.03315402    0.01785388  0.03315402   -0.23430768  0.05396678
    2    1
 -0.23430768 -0.05396678   -0.01785388  0.03315402   -0.01785388  0.03315402
 -0.01785388  0.03315402   -0.23430768 -0.05396678    0.01785388 -0.03315402
 -0.01785388  0.03315402    0.01785388 -0.03315402   -0.23430768 -0.05396678
    2    2
  0.27111559 -0.00000000   -0.00639940  0.00000000   -0.00639940  0.00000000
 -0.00639940  0.00000000    0.27111559 -0.00000000    0.00639940 -0.00000000
 -0.00639940  0.00000000    0.00639940 -0.00000000    0.27111559 -0.00000000

     Diagonalizing the dynamical matrix

     q = (   -0.166666667   0.166666667  -0.166666667 ) 

 **************************************************************************
     freq (    1) =       2.223850 [THz] =      74.179654 [cm-1]
 ( -0.442080  0.079638  0.081891  0.122885  0.523971  0.043247 ) 
 ( -0.434031  0.115732  0.091721  0.115732  0.525753  0.000000 ) 
     freq (    2) =       2.223850 [THz] =      74.179654 [cm-1]
 ( -0.277999  0.232965 -0.515764  0.213341 -0.237765 -0.019625 ) 
 ( -0.257894  0.255043 -0.496467  0.255043 -0.238573  0.000000 ) 
     freq (    3) =       4.676824 [THz] =     156.002048 [cm-1]
 ( -0.349202 -0.211482  0.349202  0.211482 -0.349202 -0.211482 ) 
 ( -0.408248  0.000000  0.408248 -0.000000 -0.408248  0.000000 ) 
     freq (    4) =      14.771683 [THz] =     492.730309 [cm-1]
 (  0.349202  0.211482 -0.349202 -0.211482  0.349202  0.211482 ) 
 ( -0.408248 -0.000000  0.408248  0.000000 -0.408248  0.000000 ) 
     freq (    5) =      14.795134 [THz] =     493.512533 [cm-1]
 ( -0.328271 -0.004820  0.244701  0.042471  0.572971  0.047292 ) 
 (  0.327555 -0.022199 -0.247365 -0.022199 -0.574920  0.000000 ) 
     freq (    6) =      14.795134 [THz] =     493.512533 [cm-1]
 (  0.427580 -0.206697  0.480321 -0.202344  0.052741  0.004353 ) 
 ( -0.409129  0.241168 -0.462049  0.241168 -0.052920  0.000000 ) 
 **************************************************************************
