Dynamical matrix file
                                                                           
  1    2  2 10.3520000  0.0000000  0.0000000  0.0000000  0.0000000  0.0000000
           1  'Si  '    25598.8229845270     
    1    1      0.0000000000      0.0000000000      0.0000000000
    2    1      0.2500000000      0.2500000000      0.2500000000

     Dynamical  Matrix in cartesian axes

     q = (    0.000000000   0.666666667   0.000000000 ) 

    1    1
  0.23516951  0.00000000    0.00000000  0.00000000    0.00000000 -0.00000000
  0.00000000  0.00000000    0.32058402  0.00000000    0.00000000  0.00000000
  0.00000000 -0.00000000    0.00000000  0.00000000    0.23516951  0.00000000
    1    2
 -0.05829677  0.10097297    0.00000000 -0.00000000   -0.13272195 -0.07662705
  0.00000000  0.00000000   -0.06540600  0.11328652    0.00000000  0.00000000
 -0.13272195 -0.07662705   -0.00000000  0.00000000   -0.05829677  0.10097297
    2    1
 -0.05829677 -0.10097297    0.00000000  0.00000000   -0.13272195  0.07662705
 -0.00000000  0.00000000   -0.06540600 -0.11328652   -0.00000000 -0.00000000
 -0.13272195  0.07662705   -0.00000000 -0.00000000   -0.05829677 -0.10097297
    2    2
  0.23516951  0.00000000    0.00000000  0.00000000    0.00000000  0.00000000
  0.00000000  0.00000000    0.32058402  0.00000000    0.00000000  0.00000000
  0.00000000  0.00000000    0.00000000  0.00000000    0.23516951  0.00000000

     Dynamical  Matrix in cartesian axes

     q = (    0.666666667   0.000000000   0.000000000 ) 

    1    1
  0.32058402  0.00000000    0.00000000  0.00000000    0.00000000  0.00000000
  0.00000000  0.00000000    0.23516951  0.00000000    0.00000000 -0.00000000
  0.00000000  0.00000000    0.00000000 -0.00000000    0.23516951  0.00000000
    1    2
 -0.06540600  0.11328652    0.00000000  0.00000000    0.00000000 -0.00000000
  0.00000000  0.00000000   -0.05829677  0.10097297   -0.13272195 -0.07662705
  0.00000000  0.00000000   -0.13272195 -0.07662705   -0.05829677  0.10097297
    2    1
 -0.06540600 -0.11328652    0.00000000 -0.00000000    0.00000000  0.00000000
  0.00000000 -0.00000000   -0.05829677 -0.10097297   -0.13272195  0.07662705
  0.00000000 -0.00000000   -0.13272195  0.07662705   -0.05829677 -0.10097297
    2    2
  0.32058402  0.00000000    0.00000000  0.00000000    0.00000000  0.00000000
  0.00000000  0.00000000    0.23516951  0.00000000    0.00000000  0.00000000
  0.00000000  0.00000000    0.00000000  0.00000000    0.23516951  0.00000000

     Dynamical  Matrix in cartesian axes

     q = (    0.000000000   0.000000000   0.666666667 ) 

    1    1
  0.23516951  0.00000000    0.00000000 -0.00000000    0.00000000  0.00000000
  0.00000000 -0.00000000    0.23516951  0.00000000    0.00000000  0.00000000
 -0.00000000  0.00000000   -0.00000000  0.00000000    0.32058402  0.00000000
    1    2
 -0.05829677  0.10097297   -0.13272195 -0.07662705   -0.00000000  0.00000000
 -0.13272195 -0.07662705   -0.05829677  0.10097297    0.00000000  0.00000000
  0.00000000  0.00000000    0.00000000  0.00000000   -0.06540600  0.11328652
    2    1
 -0.05829677 -0.10097297   -0.13272195  0.07662705   -0.00000000  0.00000000
 -0.13272195  0.07662705   -0.05829677 -0.10097297    0.00000000 -0.00000000
  0.00000000  0.00000000    0.00000000  0.00000000   -0.06540600 -0.11328652
    2    2
  0.23516951  0.00000000    0.00000000  0.00000000    0.00000000  0.00000000
  0.00000000  0.00000000    0.23516951  0.00000000    0.00000000  0.00000000
 -0.00000000  0.00000000   -0.00000000  0.00000000    0.32058402  0.00000000

     Dynamical  Matrix in cartesian axes

     q = (    0.000000000  -0.666666667   0.000000000 ) 

    1    1
  0.23516951  0.00000000    0.00000000  0.00000000    0.00000000  0.00000000
  0.00000000  0.00000000    0.32058402  0.00000000    0.00000000  0.00000000
  0.00000000  0.00000000    0.00000000  0.00000000    0.23516951  0.00000000
    1    2
 -0.05829677 -0.10097297    0.00000000  0.00000000   -0.13272195  0.07662705
  0.00000000  0.00000000   -0.06540600 -0.11328652   -0.00000000 -0.00000000
 -0.13272195  0.07662705    0.00000000 -0.00000000   -0.05829677 -0.10097297
    2    1
 -0.05829677  0.10097297    0.00000000 -0.00000000   -0.13272195 -0.07662705
  0.00000000 -0.00000000   -0.06540600  0.11328652   -0.00000000  0.00000000
 -0.13272195 -0.07662705    0.00000000  0.00000000   -0.05829677  0.10097297
    2    2
  0.23516951  0.00000000    0.00000000  0.00000000    0.00000000 -0.00000000
  0.00000000  0.00000000    0.32058402  0.00000000    0.00000000  0.00000000
  0.00000000 -0.00000000    0.00000000  0.00000000    0.23516951  0.00000000

     Dynamical  Matrix in cartesian axes

     q = (   -0.666666667   0.000000000   0.000000000 ) 

    1    1
  0.32058402  0.00000000    0.00000000  0.00000000   -0.00000000  0.00000000
  0.00000000  0.00000000    0.23516951  0.00000000    0.00000000  0.00000000
  0.00000000  0.00000000    0.00000000  0.00000000    0.23516951  0.00000000
    1    2
 -0.06540600 -0.11328652    0.00000000 -0.00000000    0.00000000  0.00000000
  0.00000000 -0.00000000   -0.05829677 -0.10097297   -0.13272195  0.07662705
 -0.00000000 -0.00000000   -0.13272195  0.07662705   -0.05829677 -0.10097297
    2    1
 -0.06540600  0.11328652    0.00000000  0.00000000    0.00000000 -0.00000000
  0.00000000  0.00000000   -0.05829677  0.10097297   -0.13272195 -0.07662705
  0.00000000  0.00000000   -0.13272195 -0.07662705   -0.05829677  0.10097297
    2    2
  0.32058402  0.00000000    0.00000000  0.00000000   -0.00000000  0.00000000
  0.00000000  0.00000000    0.23516951  0.00000000    0.00000000 -0.00000000
  0.00000000  0.00000000    0.00000000 -0.00000000    0.23516951  0.00000000

     Dynamical  Matrix in cartesian axes

     q = (    0.000000000   0.000000000  -0.666666667 ) 

    1    1
  0.23516951  0.00000000    0.00000000  0.00000000    0.00000000  0.00000000
  0.00000000  0.00000000    0.23516951  0.00000000    0.00000000  0.00000000
  0.00000000  0.00000000    0.00000000  0.00000000    0.32058402  0.00000000
    1    2
 -0.05829677 -0.10097297   -0.13272195  0.07662705    0.00000000  0.00000000
 -0.13272195  0.07662705   -0.05829677 -0.10097297    0.00000000  0.00000000
  0.00000000  0.00000000   -0.00000000 -0.00000000   -0.06540600 -0.11328652
    2    1
 -0.05829677  0.10097297   -0.13272195 -0.07662705    0.00000000  0.00000000
 -0.13272195 -0.07662705   -0.05829677  0.10097297    0.00000000  0.00000000
  0.00000000 -0.00000000    0.00000000  0.00000000   -0.06540600  0.11328652
    2    2
  0.23516951  0.00000000    0.00000000 -0.00000000    0.00000000  0.00000000
  0.00000000 -0.00000000    0.23516951  0.00000000    0.00000000  0.00000000
  0.00000000  0.00000000    0.00000000  0.00000000    0.32058402  0.00000000

     Diagonalizing the dynamical matrix

     q = (    0.000000000   0.666666667   0.000000000 ) 

 **************************************************************************
     freq (    1) =       4.244223 [THz] =     141.572035 [cm-1]
 ( -0.383141  0.243307  0.000000  0.000000 -0.397911 -0.368336 ) 
 ( -0.664399 -0.222775  0.000000  0.000000 -0.094578  0.000000 ) 
     freq (    2) =       4.244223 [THz] =     141.572035 [cm-1]
 (  0.440071  0.316769  0.000000 -0.000000  0.162306 -0.423854 ) 
 ( -0.089671 -0.030067  0.000000  0.000000  0.700753  0.000000 ) 
     freq (    3) =       8.957383 [THz] =     298.786120 [cm-1]
 (  0.000000  0.000000 -0.300991  0.639847 -0.000000  0.000000 ) 
 (  0.000000  0.000000 -0.704619  0.059258  0.000000  0.000000 ) 
     freq (    4) =      13.447813 [THz] =     448.570744 [cm-1]
 ( -0.585294 -0.101691  0.000000 -0.000000 -0.369609  0.102368 ) 
 (  0.337881  0.120057 -0.000000 -0.000000  0.609444  0.000000 ) 
     freq (    5) =      13.447813 [THz] =     448.570744 [cm-1]
 ( -0.033707  0.382039  0.000000 -0.000000 -0.206053 -0.557182 ) 
 (  0.574270  0.204051 -0.000000 -0.000000 -0.358577  0.000000 ) 
     freq (    6) =      13.814778 [THz] =     460.811382 [cm-1]
 (  0.000000 -0.000000  0.447492 -0.547495  0.000000  0.000000 ) 
 ( -0.000000 -0.000000 -0.697891 -0.113792 -0.000000  0.000000 ) 
 **************************************************************************
