Dynamical matrix file
                                                                           
  1    2  2 10.2800000  0.0000000  0.0000000  0.0000000  0.0000000  0.0000000
           1  'Si  '    25598.8229845270     
    1    1      0.0000000000      0.0000000000      0.0000000000
    2    1      0.2500000000      0.2500000000      0.2500000000

     Dynamical  Matrix in cartesian axes

     q = (    0.666666667   0.000000000   0.666666667 ) 

    1    1
  0.25629513  0.00000000    0.00000000  0.00810568    0.00802281  0.00000000
  0.00000000 -0.00810568    0.30071969  0.00000000    0.00000000 -0.00810568
  0.00802281  0.00000000    0.00000000  0.00810568    0.25629513  0.00000000
    1    2
  0.03064846  0.05308468   -0.06806501  0.03929735   -0.07109021 -0.12313186
 -0.06806501  0.03929735    0.04203678  0.07280984   -0.06806501  0.03929735
 -0.07109021 -0.12313186   -0.06806501  0.03929735    0.03064846  0.05308468
    2    1
  0.03064846 -0.05308468   -0.06806501 -0.03929735   -0.07109021  0.12313186
 -0.06806501 -0.03929735    0.04203678 -0.07280984   -0.06806501 -0.03929735
 -0.07109021  0.12313186   -0.06806501 -0.03929735    0.03064846 -0.05308468
    2    2
  0.25629513  0.00000000    0.00000000 -0.00810568    0.00802281  0.00000000
  0.00000000  0.00810568    0.30071969  0.00000000    0.00000000  0.00810568
  0.00802281  0.00000000    0.00000000 -0.00810568    0.25629513  0.00000000

     Dynamical  Matrix in cartesian axes

     q = (   -0.666666667   0.000000000   0.666666667 ) 

    1    1
  0.25629513  0.00000000    0.00000000  0.00810568   -0.00802281  0.00000000
  0.00000000 -0.00810568    0.30071969  0.00000000    0.00000000  0.00810568
 -0.00802281  0.00000000   -0.00000000 -0.00810568    0.25629513  0.00000000
    1    2
 -0.06129691  0.00000000    0.00000000 -0.07859471   -0.14218042 -0.00000000
  0.00000000 -0.07859471   -0.08407356  0.00000000    0.00000000  0.07859471
 -0.14218042  0.00000000    0.00000000  0.07859471   -0.06129691  0.00000000
    2    1
 -0.06129691 -0.00000000   -0.00000000  0.07859471   -0.14218042 -0.00000000
  0.00000000  0.07859471   -0.08407356  0.00000000   -0.00000000 -0.07859471
 -0.14218042 -0.00000000    0.00000000 -0.07859471   -0.06129691 -0.00000000
    2    2
  0.25629513  0.00000000    0.00000000 -0.00810568   -0.00802281  0.00000000
  0.00000000  0.00810568    0.30071969  0.00000000    0.00000000 -0.00810568
 -0.00802281  0.00000000   -0.00000000  0.00810568    0.25629513  0.00000000

     Dynamical  Matrix in cartesian axes

     q = (   -0.666666667   0.000000000  -0.666666667 ) 

    1    1
  0.25629513  0.00000000    0.00000000 -0.00810568    0.00802281  0.00000000
  0.00000000  0.00810568    0.30071969  0.00000000    0.00000000  0.00810568
  0.00802281  0.00000000    0.00000000 -0.00810568    0.25629513  0.00000000
    1    2
  0.03064846 -0.05308468   -0.06806501 -0.03929735   -0.07109021  0.12313186
 -0.06806501 -0.03929735    0.04203678 -0.07280984   -0.06806501 -0.03929735
 -0.07109021  0.12313186   -0.06806501 -0.03929735    0.03064846 -0.05308468
    2    1
  0.03064846  0.05308468   -0.06806501  0.03929735   -0.07109021 -0.12313186
 -0.06806501  0.03929735    0.04203678  0.07280984   -0.06806501  0.03929735
 -0.07109021 -0.12313186   -0.06806501  0.03929735    0.03064846  0.05308468
    2    2
  0.25629513  0.00000000    0.00000000  0.00810568    0.00802281  0.00000000
  0.00000000 -0.00810568    0.30071969  0.00000000    0.00000000 -0.00810568
  0.00802281  0.00000000    0.00000000  0.00810568    0.25629513  0.00000000

     Dynamical  Matrix in cartesian axes

     q = (    0.666666667   0.000000000  -0.666666667 ) 

    1    1
  0.25629513  0.00000000    0.00000000 -0.00810568   -0.00802281  0.00000000
  0.00000000  0.00810568    0.30071969  0.00000000    0.00000000 -0.00810568
 -0.00802281  0.00000000   -0.00000000  0.00810568    0.25629513  0.00000000
    1    2
 -0.06129691  0.00000000   -0.00000000  0.07859471   -0.14218042 -0.00000000
  0.00000000  0.07859471   -0.08407356  0.00000000   -0.00000000 -0.07859471
 -0.14218042  0.00000000    0.00000000 -0.07859471   -0.06129691  0.00000000
    2    1
 -0.06129691  0.00000000    0.00000000 -0.07859471   -0.14218042 -0.00000000
 -0.00000000 -0.07859471   -0.08407356  0.00000000    0.00000000  0.07859471
 -0.14218042  0.00000000    0.00000000  0.07859471   -0.06129691  0.00000000
    2    2
  0.25629513  0.00000000    0.00000000  0.00810568   -0.00802281  0.00000000
  0.00000000 -0.00810568    0.30071969  0.00000000    0.00000000  0.00810568
 -0.00802281  0.00000000   -0.00000000 -0.00810568    0.25629513  0.00000000

     Dynamical  Matrix in cartesian axes

     q = (    0.000000000   0.666666667  -0.666666667 ) 

    1    1
  0.30071969  0.00000000    0.00000000  0.00810568    0.00000000 -0.00810568
  0.00000000 -0.00810568    0.25629513  0.00000000   -0.00802281  0.00000000
  0.00000000  0.00810568   -0.00802281  0.00000000    0.25629513  0.00000000
    1    2
 -0.08407356  0.00000000    0.00000000  0.07859471    0.00000000 -0.07859471
 -0.00000000  0.07859471   -0.06129691  0.00000000   -0.14218042  0.00000000
  0.00000000 -0.07859471   -0.14218042  0.00000000   -0.06129691  0.00000000
    2    1
 -0.08407356  0.00000000    0.00000000 -0.07859471   -0.00000000  0.07859471
  0.00000000 -0.07859471   -0.06129691  0.00000000   -0.14218042  0.00000000
 -0.00000000  0.07859471   -0.14218042  0.00000000   -0.06129691  0.00000000
    2    2
  0.30071969  0.00000000    0.00000000 -0.00810568    0.00000000  0.00810568
  0.00000000  0.00810568    0.25629513  0.00000000   -0.00802281  0.00000000
  0.00000000 -0.00810568   -0.00802281  0.00000000    0.25629513  0.00000000

     Dynamical  Matrix in cartesian axes

     q = (   -0.666666667   0.666666667   0.000000000 ) 

    1    1
  0.25629513  0.00000000   -0.00802281  0.00000000    0.00000000  0.00810568
 -0.00802281  0.00000000    0.25629513  0.00000000    0.00000000 -0.00810568
 -0.00000000 -0.00810568   -0.00000000  0.00810568    0.30071969  0.00000000
    1    2
 -0.06129691  0.00000000   -0.14218042 -0.00000000    0.00000000 -0.07859471
 -0.14218042 -0.00000000   -0.06129691  0.00000000   -0.00000000  0.07859471
  0.00000000 -0.07859471   -0.00000000  0.07859471   -0.08407356 -0.00000000
    2    1
 -0.06129691  0.00000000   -0.14218042  0.00000000    0.00000000  0.07859471
 -0.14218042  0.00000000   -0.06129691  0.00000000   -0.00000000 -0.07859471
  0.00000000  0.07859471   -0.00000000 -0.07859471   -0.08407356  0.00000000
    2    2
  0.25629513  0.00000000   -0.00802281  0.00000000    0.00000000 -0.00810568
 -0.00802281  0.00000000    0.25629513  0.00000000    0.00000000  0.00810568
 -0.00000000  0.00810568   -0.00000000 -0.00810568    0.30071969  0.00000000

     Dynamical  Matrix in cartesian axes

     q = (    0.000000000   0.666666667   0.666666667 ) 

    1    1
  0.30071969  0.00000000    0.00000000 -0.00810568    0.00000000 -0.00810568
  0.00000000  0.00810568    0.25629513  0.00000000    0.00802281  0.00000000
  0.00000000  0.00810568    0.00802281  0.00000000    0.25629513  0.00000000
    1    2
  0.04203678  0.07280984   -0.06806501  0.03929735   -0.06806501  0.03929735
 -0.06806501  0.03929735    0.03064846  0.05308468   -0.07109021 -0.12313186
 -0.06806501  0.03929735   -0.07109021 -0.12313186    0.03064846  0.05308468
    2    1
  0.04203678 -0.07280984   -0.06806501 -0.03929735   -0.06806501 -0.03929735
 -0.06806501 -0.03929735    0.03064846 -0.05308468   -0.07109021  0.12313186
 -0.06806501 -0.03929735   -0.07109021  0.12313186    0.03064846 -0.05308468
    2    2
  0.30071969  0.00000000    0.00000000  0.00810568    0.00000000  0.00810568
  0.00000000 -0.00810568    0.25629513  0.00000000    0.00802281  0.00000000
  0.00000000 -0.00810568    0.00802281  0.00000000    0.25629513  0.00000000

     Dynamical  Matrix in cartesian axes

     q = (    0.000000000  -0.666666667  -0.666666667 ) 

    1    1
  0.30071969  0.00000000    0.00000000  0.00810568    0.00000000  0.00810568
  0.00000000 -0.00810568    0.25629513  0.00000000    0.00802281  0.00000000
  0.00000000 -0.00810568    0.00802281  0.00000000    0.25629513  0.00000000
    1    2
  0.04203678 -0.07280984   -0.06806501 -0.03929735   -0.06806501 -0.03929735
 -0.06806501 -0.03929735    0.03064846 -0.05308468   -0.07109021  0.12313186
 -0.06806501 -0.03929735   -0.07109021  0.12313186    0.03064846 -0.05308468
    2    1
  0.04203678  0.07280984   -0.06806501  0.03929735   -0.06806501  0.03929735
 -0.06806501  0.03929735    0.03064846  0.05308468   -0.07109021 -0.12313186
 -0.06806501  0.03929735   -0.07109021 -0.12313186    0.03064846  0.05308468
    2    2
  0.30071969  0.00000000    0.00000000 -0.00810568    0.00000000 -0.00810568
  0.00000000  0.00810568    0.25629513  0.00000000    0.00802281  0.00000000
  0.00000000  0.00810568    0.00802281  0.00000000    0.25629513  0.00000000

     Dynamical  Matrix in cartesian axes

     q = (    0.666666667  -0.666666667   0.000000000 ) 

    1    1
  0.25629513  0.00000000   -0.00802281  0.00000000    0.00000000 -0.00810568
 -0.00802281  0.00000000    0.25629513  0.00000000    0.00000000  0.00810568
 -0.00000000  0.00810568   -0.00000000 -0.00810568    0.30071969  0.00000000
    1    2
 -0.06129691  0.00000000   -0.14218042  0.00000000    0.00000000  0.07859471
 -0.14218042  0.00000000   -0.06129691  0.00000000   -0.00000000 -0.07859471
  0.00000000  0.07859471   -0.00000000 -0.07859471   -0.08407356  0.00000000
    2    1
 -0.06129691  0.00000000   -0.14218042 -0.00000000    0.00000000 -0.07859471
 -0.14218042 -0.00000000   -0.06129691  0.00000000   -0.00000000  0.07859471
  0.00000000 -0.07859471   -0.00000000  0.07859471   -0.08407356 -0.00000000
    2    2
  0.25629513  0.00000000   -0.00802281  0.00000000    0.00000000  0.00810568
 -0.00802281  0.00000000    0.25629513  0.00000000    0.00000000 -0.00810568
 -0.00000000 -0.00810568   -0.00000000  0.00810568    0.30071969  0.00000000

     Dynamical  Matrix in cartesian axes

     q = (    0.666666667   0.666666667   0.000000000 ) 

    1    1
  0.25629513  0.00000000    0.00802281  0.00000000    0.00000000  0.00810568
  0.00802281  0.00000000    0.25629513  0.00000000    0.00000000  0.00810568
 -0.00000000 -0.00810568   -0.00000000 -0.00810568    0.30071969  0.00000000
    1    2
  0.03064846  0.05308468   -0.07109021 -0.12313186   -0.06806501  0.03929735
 -0.07109021 -0.12313186    0.03064846  0.05308468   -0.06806501  0.03929735
 -0.06806501  0.03929735   -0.06806501  0.03929735    0.04203678  0.07280984
    2    1
  0.03064846 -0.05308468   -0.07109021  0.12313186   -0.06806501 -0.03929735
 -0.07109021  0.12313186    0.03064846 -0.05308468   -0.06806501 -0.03929735
 -0.06806501 -0.03929735   -0.06806501 -0.03929735    0.04203678 -0.07280984
    2    2
  0.25629513  0.00000000    0.00802281  0.00000000    0.00000000 -0.00810568
  0.00802281  0.00000000    0.25629513  0.00000000    0.00000000 -0.00810568
 -0.00000000  0.00810568   -0.00000000  0.00810568    0.30071969  0.00000000

     Dynamical  Matrix in cartesian axes

     q = (   -0.666666667  -0.666666667   0.000000000 ) 

    1    1
  0.25629513  0.00000000    0.00802281  0.00000000    0.00000000 -0.00810568
  0.00802281  0.00000000    0.25629513  0.00000000    0.00000000 -0.00810568
 -0.00000000  0.00810568   -0.00000000  0.00810568    0.30071969  0.00000000
    1    2
  0.03064846 -0.05308468   -0.07109021  0.12313186   -0.06806501 -0.03929735
 -0.07109021  0.12313186    0.03064846 -0.05308468   -0.06806501 -0.03929735
 -0.06806501 -0.03929735   -0.06806501 -0.03929735    0.04203678 -0.07280984
    2    1
  0.03064846  0.05308468   -0.07109021 -0.12313186   -0.06806501  0.03929735
 -0.07109021 -0.12313186    0.03064846  0.05308468   -0.06806501  0.03929735
 -0.06806501  0.03929735   -0.06806501  0.03929735    0.04203678  0.07280984
    2    2
  0.25629513  0.00000000    0.00802281  0.00000000    0.00000000  0.00810568
  0.00802281  0.00000000    0.25629513  0.00000000    0.00000000  0.00810568
 -0.00000000 -0.00810568   -0.00000000 -0.00810568    0.30071969  0.00000000

     Dynamical  Matrix in cartesian axes

     q = (    0.000000000  -0.666666667   0.666666667 ) 

    1    1
  0.30071969  0.00000000    0.00000000 -0.00810568    0.00000000  0.00810568
  0.00000000  0.00810568    0.25629513  0.00000000   -0.00802281  0.00000000
  0.00000000 -0.00810568   -0.00802281  0.00000000    0.25629513  0.00000000
    1    2
 -0.08407356  0.00000000    0.00000000 -0.07859471   -0.00000000  0.07859471
  0.00000000 -0.07859471   -0.06129691  0.00000000   -0.14218042  0.00000000
  0.00000000  0.07859471   -0.14218042  0.00000000   -0.06129691  0.00000000
    2    1
 -0.08407356  0.00000000    0.00000000  0.07859471    0.00000000 -0.07859471
 -0.00000000  0.07859471   -0.06129691  0.00000000   -0.14218042  0.00000000
  0.00000000 -0.07859471   -0.14218042  0.00000000   -0.06129691  0.00000000
    2    2
  0.30071969  0.00000000    0.00000000  0.00810568    0.00000000 -0.00810568
  0.00000000 -0.00810568    0.25629513  0.00000000   -0.00802281  0.00000000
  0.00000000  0.00810568   -0.00802281  0.00000000    0.25629513  0.00000000

     Diagonalizing the dynamical matrix

     q = (    0.666666667  -0.000000000   0.666666667 ) 

 **************************************************************************
     freq (    1) =       4.351909 [THz] =     145.164052 [cm-1]
 (  0.250000  0.433013  0.000000 -0.000000 -0.250000 -0.433013 ) 
 ( -0.500000 -0.000000  0.000000  0.000000  0.500000  0.000000 ) 
     freq (    2) =       6.469027 [THz] =     215.783514 [cm-1]
 ( -0.190748 -0.330386 -0.395842  0.228539 -0.190748 -0.330386 ) 
 ( -0.381496 -0.000000  0.000000 -0.457079 -0.381496  0.000000 ) 
     freq (    3) =      10.089981 [THz] =     336.565533 [cm-1]
 ( -0.190344 -0.329685  0.397008 -0.229212 -0.190344 -0.329685 ) 
 (  0.380688 -0.000000 -0.000000 -0.458425  0.380688  0.000000 ) 
     freq (    4) =      11.282900 [THz] =     376.357047 [cm-1]
 (  0.161602  0.279902 -0.467236  0.269759  0.161602  0.279902 ) 
 (  0.323203 -0.000000 -0.000000 -0.539517  0.323203  0.000000 ) 
     freq (    5) =      13.820188 [THz] =     460.991851 [cm-1]
 (  0.250000  0.433013 -0.000000  0.000000 -0.250000 -0.433013 ) 
 (  0.500000 -0.000000 -0.000000  0.000000 -0.500000  0.000000 ) 
     freq (    6) =      14.381605 [THz] =     479.718705 [cm-1]
 ( -0.162078 -0.280727 -0.466246  0.269187 -0.162078 -0.280727 ) 
 (  0.324155 -0.000000  0.000000  0.538374  0.324155  0.000000 ) 
 **************************************************************************
