Dynamical matrix file
                                                                           
  1    2  2 10.2920000  0.0000000  0.0000000  0.0000000  0.0000000  0.0000000
           1  'Si  '    25598.8229845270     
    1    1      0.0000000000      0.0000000000      0.0000000000
    2    1      0.2500000000      0.2500000000      0.2500000000

     Dynamical  Matrix in cartesian axes

     q = (    0.666666667  -0.333333333   1.000000000 ) 

    1    1
  0.24853541  0.00000000   -0.00733433  0.00000000    0.00000000  0.00093750
 -0.00733433  0.00000000    0.29204590  0.00000000    0.00000000 -0.01323412
  0.00000000 -0.00093750    0.00000000  0.01323412    0.26248722 -0.00000000
    1    2
 -0.09009822  0.05201823   -0.06512395  0.03759933   -0.06913863 -0.11975161
 -0.06512395  0.03759933   -0.09550646  0.05514068    0.02246210  0.03890550
 -0.06913863 -0.11975161    0.02246210  0.03890550   -0.09724024  0.05614168
    2    1
 -0.09009822 -0.05201823   -0.06512395 -0.03759933   -0.06913863  0.11975161
 -0.06512395 -0.03759933   -0.09550646 -0.05514068    0.02246210 -0.03890550
 -0.06913863  0.11975161    0.02246210 -0.03890550   -0.09724024 -0.05614168
    2    2
  0.24853541 -0.00000000   -0.00733433 -0.00000000    0.00000000 -0.00093750
 -0.00733433 -0.00000000    0.29204590 -0.00000000    0.00000000  0.01323412
  0.00000000  0.00093750    0.00000000 -0.01323412    0.26248722  0.00000000

     Dynamical  Matrix in cartesian axes

     q = (    1.000000000   0.333333333   0.666666667 ) 

    1    1
  0.26248722 -0.00000000    0.00000000  0.01323412    0.00000000  0.00093750
  0.00000000 -0.01323412    0.29204590 -0.00000000    0.00733433 -0.00000000
  0.00000000 -0.00093750    0.00733433  0.00000000    0.24853541 -0.00000000
    1    2
  0.00000000 -0.11228335   -0.04492420 -0.00000000   -0.13827725 -0.00000000
 -0.04492420 -0.00000000    0.00000000 -0.11028136    0.00000000  0.07519866
 -0.13827725 -0.00000000   -0.00000000  0.07519866    0.00000000 -0.10403646
    2    1
  0.00000000  0.11228335   -0.04492420  0.00000000   -0.13827725  0.00000000
 -0.04492420  0.00000000    0.00000000  0.11028136   -0.00000000 -0.07519866
 -0.13827725  0.00000000    0.00000000 -0.07519866   -0.00000000  0.10403646
    2    2
  0.26248722 -0.00000000    0.00000000 -0.01323412    0.00000000 -0.00093750
  0.00000000  0.01323412    0.29204590  0.00000000    0.00733433  0.00000000
  0.00000000  0.00093750    0.00733433  0.00000000    0.24853541 -0.00000000

     Dynamical  Matrix in cartesian axes

     q = (    0.666666667   0.333333333   1.000000000 ) 

    1    1
  0.24853541 -0.00000000    0.00733433  0.00000000    0.00000000 -0.00093750
  0.00733433  0.00000000    0.29204590  0.00000000    0.00000000 -0.01323412
  0.00000000  0.00093750    0.00000000  0.01323412    0.26248722 -0.00000000
    1    2
 -0.00000000 -0.10403646    0.00000000  0.07519866   -0.13827725  0.00000000
  0.00000000  0.07519866   -0.00000000 -0.11028136   -0.04492420  0.00000000
 -0.13827725  0.00000000   -0.04492420  0.00000000   -0.00000000 -0.11228335
    2    1
 -0.00000000  0.10403646    0.00000000 -0.07519866   -0.13827725 -0.00000000
  0.00000000 -0.07519866   -0.00000000  0.11028136   -0.04492420 -0.00000000
 -0.13827725 -0.00000000   -0.04492420 -0.00000000   -0.00000000  0.11228335
    2    2
  0.24853541 -0.00000000    0.00733433 -0.00000000    0.00000000  0.00093750
  0.00733433 -0.00000000    0.29204590 -0.00000000    0.00000000  0.01323412
  0.00000000 -0.00093750    0.00000000 -0.01323412    0.26248722 -0.00000000

     Dynamical  Matrix in cartesian axes

     q = (   -1.000000000  -0.333333333   0.666666667 ) 

    1    1
  0.26248722 -0.00000000    0.00000000  0.01323412    0.00000000 -0.00093750
 -0.00000000 -0.01323412    0.29204590 -0.00000000   -0.00733433  0.00000000
  0.00000000  0.00093750   -0.00733433  0.00000000    0.24853541 -0.00000000
    1    2
 -0.09724024  0.05614168    0.02246210  0.03890550   -0.06913863 -0.11975161
  0.02246210  0.03890550   -0.09550646  0.05514068   -0.06512395  0.03759933
 -0.06913863 -0.11975161   -0.06512395  0.03759933   -0.09009822  0.05201823
    2    1
 -0.09724024 -0.05614168    0.02246210 -0.03890550   -0.06913863  0.11975161
  0.02246210 -0.03890550   -0.09550646 -0.05514068   -0.06512395 -0.03759933
 -0.06913863  0.11975161   -0.06512395 -0.03759933   -0.09009822 -0.05201823
    2    2
  0.26248722 -0.00000000    0.00000000 -0.01323412    0.00000000  0.00093750
 -0.00000000  0.01323412    0.29204590  0.00000000   -0.00733433 -0.00000000
  0.00000000 -0.00093750   -0.00733433 -0.00000000    0.24853541  0.00000000

     Dynamical  Matrix in cartesian axes

     q = (   -1.000000000  -0.333333333  -0.666666667 ) 

    1    1
  0.26248722 -0.00000000    0.00000000 -0.01323412    0.00000000 -0.00093750
  0.00000000  0.01323412    0.29204590  0.00000000    0.00733433  0.00000000
  0.00000000  0.00093750    0.00733433  0.00000000    0.24853541 -0.00000000
    1    2
  0.00000000  0.11228335   -0.04492420  0.00000000   -0.13827725  0.00000000
 -0.04492420  0.00000000    0.00000000  0.11028136   -0.00000000 -0.07519866
 -0.13827725  0.00000000    0.00000000 -0.07519866   -0.00000000  0.10403646
    2    1
  0.00000000 -0.11228335   -0.04492420 -0.00000000   -0.13827725 -0.00000000
 -0.04492420 -0.00000000    0.00000000 -0.11028136    0.00000000  0.07519866
 -0.13827725 -0.00000000   -0.00000000  0.07519866    0.00000000 -0.10403646
    2    2
  0.26248722 -0.00000000    0.00000000  0.01323412    0.00000000  0.00093750
  0.00000000 -0.01323412    0.29204590 -0.00000000    0.00733433 -0.00000000
  0.00000000 -0.00093750    0.00733433  0.00000000    0.24853541 -0.00000000

     Dynamical  Matrix in cartesian axes

     q = (   -0.666666667  -0.333333333  -1.000000000 ) 

    1    1
  0.24853541 -0.00000000    0.00733433 -0.00000000    0.00000000  0.00093750
  0.00733433 -0.00000000    0.29204590 -0.00000000    0.00000000  0.01323412
  0.00000000 -0.00093750    0.00000000 -0.01323412    0.26248722 -0.00000000
    1    2
 -0.00000000  0.10403646    0.00000000 -0.07519866   -0.13827725 -0.00000000
  0.00000000 -0.07519866   -0.00000000  0.11028136   -0.04492420 -0.00000000
 -0.13827725 -0.00000000   -0.04492420 -0.00000000   -0.00000000  0.11228335
    2    1
 -0.00000000 -0.10403646    0.00000000  0.07519866   -0.13827725  0.00000000
  0.00000000  0.07519866   -0.00000000 -0.11028136   -0.04492420  0.00000000
 -0.13827725  0.00000000   -0.04492420  0.00000000   -0.00000000 -0.11228335
    2    2
  0.24853541 -0.00000000    0.00733433  0.00000000    0.00000000 -0.00093750
  0.00733433  0.00000000    0.29204590  0.00000000    0.00000000 -0.01323412
  0.00000000  0.00093750    0.00000000  0.01323412    0.26248722 -0.00000000

     Dynamical  Matrix in cartesian axes

     q = (    1.000000000   0.333333333  -0.666666667 ) 

    1    1
  0.26248722 -0.00000000    0.00000000 -0.01323412    0.00000000  0.00093750
 -0.00000000  0.01323412    0.29204590  0.00000000   -0.00733433 -0.00000000
  0.00000000 -0.00093750   -0.00733433 -0.00000000    0.24853541  0.00000000
    1    2
 -0.09724024 -0.05614168    0.02246210 -0.03890550   -0.06913863  0.11975161
  0.02246210 -0.03890550   -0.09550646 -0.05514068   -0.06512395 -0.03759933
 -0.06913863  0.11975161   -0.06512395 -0.03759933   -0.09009822 -0.05201823
    2    1
 -0.09724024  0.05614168    0.02246210  0.03890550   -0.06913863 -0.11975161
  0.02246210  0.03890550   -0.09550646  0.05514068   -0.06512395  0.03759933
 -0.06913863 -0.11975161   -0.06512395  0.03759933   -0.09009822  0.05201823
    2    2
  0.26248722 -0.00000000    0.00000000  0.01323412    0.00000000 -0.00093750
 -0.00000000 -0.01323412    0.29204590 -0.00000000   -0.00733433  0.00000000
  0.00000000  0.00093750   -0.00733433  0.00000000    0.24853541 -0.00000000

     Dynamical  Matrix in cartesian axes

     q = (   -0.666666667   0.333333333   1.000000000 ) 

    1    1
  0.24853541 -0.00000000   -0.00733433 -0.00000000    0.00000000 -0.00093750
 -0.00733433 -0.00000000    0.29204590 -0.00000000    0.00000000  0.01323412
  0.00000000  0.00093750    0.00000000 -0.01323412    0.26248722  0.00000000
    1    2
 -0.09009822 -0.05201823   -0.06512395 -0.03759933   -0.06913863  0.11975161
 -0.06512395 -0.03759933   -0.09550646 -0.05514068    0.02246210 -0.03890550
 -0.06913863  0.11975161    0.02246210 -0.03890550   -0.09724024 -0.05614168
    2    1
 -0.09009822  0.05201823   -0.06512395  0.03759933   -0.06913863 -0.11975161
 -0.06512395  0.03759933   -0.09550646  0.05514068    0.02246210  0.03890550
 -0.06913863 -0.11975161    0.02246210  0.03890550   -0.09724024  0.05614168
    2    2
  0.24853541  0.00000000   -0.00733433  0.00000000    0.00000000  0.00093750
 -0.00733433  0.00000000    0.29204590  0.00000000    0.00000000 -0.01323412
  0.00000000 -0.00093750    0.00000000  0.01323412    0.26248722 -0.00000000

     Dynamical  Matrix in cartesian axes

     q = (   -0.333333333   1.000000000   0.666666667 ) 

    1    1
  0.29204590 -0.00000000    0.00000000 -0.01323412   -0.00733433 -0.00000000
  0.00000000  0.01323412    0.26248722 -0.00000000    0.00000000 -0.00093750
 -0.00733433 -0.00000000    0.00000000  0.00093750    0.24853541 -0.00000000
    1    2
 -0.09550646  0.05514068    0.02246210  0.03890550   -0.06512395  0.03759933
  0.02246210  0.03890550   -0.09724024  0.05614168   -0.06913863 -0.11975161
 -0.06512395  0.03759933   -0.06913863 -0.11975161   -0.09009822  0.05201823
    2    1
 -0.09550646 -0.05514068    0.02246210 -0.03890550   -0.06512395 -0.03759933
  0.02246210 -0.03890550   -0.09724024 -0.05614168   -0.06913863  0.11975161
 -0.06512395 -0.03759933   -0.06913863  0.11975161   -0.09009822 -0.05201823
    2    2
  0.29204590  0.00000000    0.00000000  0.01323412   -0.00733433  0.00000000
  0.00000000 -0.01323412    0.26248722 -0.00000000    0.00000000  0.00093750
 -0.00733433 -0.00000000    0.00000000 -0.00093750    0.24853541 -0.00000000

     Dynamical  Matrix in cartesian axes

     q = (    0.333333333   1.000000000  -0.666666667 ) 

    1    1
  0.29204590  0.00000000    0.00000000  0.01323412   -0.00733433  0.00000000
  0.00000000 -0.01323412    0.26248722 -0.00000000    0.00000000  0.00093750
 -0.00733433 -0.00000000    0.00000000 -0.00093750    0.24853541 -0.00000000
    1    2
 -0.09550646 -0.05514068    0.02246210 -0.03890550   -0.06512395 -0.03759933
  0.02246210 -0.03890550   -0.09724024 -0.05614168   -0.06913863  0.11975161
 -0.06512395 -0.03759933   -0.06913863  0.11975161   -0.09009822 -0.05201823
    2    1
 -0.09550646  0.05514068    0.02246210  0.03890550   -0.06512395  0.03759933
  0.02246210  0.03890550   -0.09724024  0.05614168   -0.06913863 -0.11975161
 -0.06512395  0.03759933   -0.06913863 -0.11975161   -0.09009822  0.05201823
    2    2
  0.29204590 -0.00000000    0.00000000 -0.01323412   -0.00733433 -0.00000000
  0.00000000  0.01323412    0.26248722 -0.00000000    0.00000000 -0.00093750
 -0.00733433 -0.00000000    0.00000000  0.00093750    0.24853541 -0.00000000

     Dynamical  Matrix in cartesian axes

     q = (   -0.333333333  -1.000000000  -0.666666667 ) 

    1    1
  0.29204590  0.00000000   -0.00000000  0.01323412    0.00733433  0.00000000
  0.00000000 -0.01323412    0.26248722 -0.00000000    0.00000000 -0.00093750
  0.00733433  0.00000000    0.00000000  0.00093750    0.24853541  0.00000000
    1    2
  0.00000000  0.11028136   -0.04492420  0.00000000   -0.00000000 -0.07519866
 -0.04492420  0.00000000    0.00000000  0.11228335   -0.13827725  0.00000000
 -0.00000000 -0.07519866   -0.13827725  0.00000000    0.00000000  0.10403646
    2    1
  0.00000000 -0.11028136   -0.04492420 -0.00000000   -0.00000000  0.07519866
 -0.04492420 -0.00000000    0.00000000 -0.11228335   -0.13827725 -0.00000000
 -0.00000000  0.07519866   -0.13827725 -0.00000000    0.00000000 -0.10403646
    2    2
  0.29204590 -0.00000000   -0.00000000 -0.01323412    0.00733433 -0.00000000
  0.00000000  0.01323412    0.26248722 -0.00000000    0.00000000  0.00093750
  0.00733433 -0.00000000    0.00000000 -0.00093750    0.24853541 -0.00000000

     Dynamical  Matrix in cartesian axes

     q = (    1.000000000  -0.666666667   0.333333333 ) 

    1    1
  0.26248722 -0.00000000    0.00000000  0.00093750   -0.00000000 -0.01323412
  0.00000000 -0.00093750    0.24853541  0.00000000   -0.00733433 -0.00000000
 -0.00000000  0.01323412   -0.00733433  0.00000000    0.29204590 -0.00000000
    1    2
 -0.09724024 -0.05614168   -0.06913863  0.11975161    0.02246210 -0.03890550
 -0.06913863  0.11975161   -0.09009822 -0.05201823   -0.06512395 -0.03759933
  0.02246210 -0.03890550   -0.06512395 -0.03759933   -0.09550646 -0.05514068
    2    1
 -0.09724024  0.05614168   -0.06913863 -0.11975161    0.02246210  0.03890550
 -0.06913863 -0.11975161   -0.09009822  0.05201823   -0.06512395  0.03759933
  0.02246210  0.03890550   -0.06512395  0.03759933   -0.09550646  0.05514068
    2    2
  0.26248722  0.00000000    0.00000000 -0.00093750   -0.00000000  0.01323412
  0.00000000  0.00093750    0.24853541 -0.00000000   -0.00733433  0.00000000
 -0.00000000 -0.01323412   -0.00733433 -0.00000000    0.29204590  0.00000000

     Dynamical  Matrix in cartesian axes

     q = (    1.000000000   0.666666667  -0.333333333 ) 

    1    1
  0.26248722  0.00000000    0.00000000 -0.00093750   -0.00000000  0.01323412
  0.00000000  0.00093750    0.24853541 -0.00000000   -0.00733433  0.00000000
 -0.00000000 -0.01323412   -0.00733433 -0.00000000    0.29204590  0.00000000
    1    2
 -0.09724024  0.05614168   -0.06913863 -0.11975161    0.02246210  0.03890550
 -0.06913863 -0.11975161   -0.09009822  0.05201823   -0.06512395  0.03759933
  0.02246210  0.03890550   -0.06512395  0.03759933   -0.09550646  0.05514068
    2    1
 -0.09724024 -0.05614168   -0.06913863  0.11975161    0.02246210 -0.03890550
 -0.06913863  0.11975161   -0.09009822 -0.05201823   -0.06512395 -0.03759933
  0.02246210 -0.03890550   -0.06512395 -0.03759933   -0.09550646 -0.05514068
    2    2
  0.26248722 -0.00000000    0.00000000  0.00093750   -0.00000000 -0.01323412
  0.00000000 -0.00093750    0.24853541  0.00000000   -0.00733433 -0.00000000
 -0.00000000  0.01323412   -0.00733433  0.00000000    0.29204590 -0.00000000

     Dynamical  Matrix in cartesian axes

     q = (   -0.333333333   0.666666667  -1.000000000 ) 

    1    1
  0.29204590  0.00000000   -0.00733433  0.00000000    0.00000000 -0.01323412
 -0.00733433  0.00000000    0.24853541  0.00000000    0.00000000  0.00093750
  0.00000000  0.01323412    0.00000000 -0.00093750    0.26248722  0.00000000
    1    2
 -0.09550646  0.05514068   -0.06512395  0.03759933    0.02246210  0.03890550
 -0.06512395  0.03759933   -0.09009822  0.05201823   -0.06913863 -0.11975161
  0.02246210  0.03890550   -0.06913863 -0.11975161   -0.09724024  0.05614168
    2    1
 -0.09550646 -0.05514068   -0.06512395 -0.03759933    0.02246210 -0.03890550
 -0.06512395 -0.03759933   -0.09009822 -0.05201823   -0.06913863  0.11975161
  0.02246210 -0.03890550   -0.06913863  0.11975161   -0.09724024 -0.05614168
    2    2
  0.29204590 -0.00000000   -0.00733433 -0.00000000    0.00000000  0.01323412
 -0.00733433  0.00000000    0.24853541  0.00000000    0.00000000 -0.00093750
  0.00000000 -0.01323412    0.00000000  0.00093750    0.26248722  0.00000000

     Dynamical  Matrix in cartesian axes

     q = (   -1.000000000  -0.666666667  -0.333333333 ) 

    1    1
  0.26248722 -0.00000000    0.00000000 -0.00093750    0.00000000 -0.01323412
  0.00000000  0.00093750    0.24853541  0.00000000    0.00733433 -0.00000000
  0.00000000  0.01323412    0.00733433 -0.00000000    0.29204590 -0.00000000
    1    2
  0.00000000  0.11228335   -0.13827725  0.00000000   -0.04492420  0.00000000
 -0.13827725  0.00000000    0.00000000  0.10403646    0.00000000 -0.07519866
 -0.04492420  0.00000000   -0.00000000 -0.07519866    0.00000000  0.11028136
    2    1
  0.00000000 -0.11228335   -0.13827725 -0.00000000   -0.04492420 -0.00000000
 -0.13827725 -0.00000000    0.00000000 -0.10403646   -0.00000000  0.07519866
 -0.04492420 -0.00000000    0.00000000  0.07519866    0.00000000 -0.11028136
    2    2
  0.26248722  0.00000000    0.00000000  0.00093750    0.00000000  0.01323412
  0.00000000 -0.00093750    0.24853541 -0.00000000    0.00733433  0.00000000
  0.00000000 -0.01323412    0.00733433  0.00000000    0.29204590  0.00000000

     Dynamical  Matrix in cartesian axes

     q = (   -1.000000000   0.666666667   0.333333333 ) 

    1    1
  0.26248722  0.00000000    0.00000000  0.00093750    0.00000000  0.01323412
  0.00000000 -0.00093750    0.24853541 -0.00000000    0.00733433  0.00000000
  0.00000000 -0.01323412    0.00733433  0.00000000    0.29204590  0.00000000
    1    2
  0.00000000 -0.11228335   -0.13827725  0.00000000   -0.04492420  0.00000000
 -0.13827725  0.00000000    0.00000000 -0.10403646    0.00000000  0.07519866
 -0.04492420 -0.00000000    0.00000000  0.07519866    0.00000000 -0.11028136
    2    1
 -0.00000000  0.11228335   -0.13827725 -0.00000000   -0.04492420 -0.00000000
 -0.13827725 -0.00000000   -0.00000000  0.10403646    0.00000000 -0.07519866
 -0.04492420 -0.00000000    0.00000000 -0.07519866   -0.00000000  0.11028136
    2    2
  0.26248722 -0.00000000    0.00000000 -0.00093750    0.00000000 -0.01323412
  0.00000000  0.00093750    0.24853541  0.00000000    0.00733433 -0.00000000
  0.00000000  0.01323412    0.00733433 -0.00000000    0.29204590 -0.00000000

     Dynamical  Matrix in cartesian axes

     q = (    0.333333333  -0.666666667   1.000000000 ) 

    1    1
  0.29204590 -0.00000000   -0.00733433 -0.00000000    0.00000000  0.01323412
 -0.00733433  0.00000000    0.24853541  0.00000000    0.00000000 -0.00093750
  0.00000000 -0.01323412    0.00000000  0.00093750    0.26248722  0.00000000
    1    2
 -0.09550646 -0.05514068   -0.06512395 -0.03759933    0.02246210 -0.03890550
 -0.06512395 -0.03759933   -0.09009822 -0.05201823   -0.06913863  0.11975161
  0.02246210 -0.03890550   -0.06913863  0.11975161   -0.09724024 -0.05614168
    2    1
 -0.09550646  0.05514068   -0.06512395  0.03759933    0.02246210  0.03890550
 -0.06512395  0.03759933   -0.09009822  0.05201823   -0.06913863 -0.11975161
  0.02246210  0.03890550   -0.06913863 -0.11975161   -0.09724024  0.05614168
    2    2
  0.29204590  0.00000000   -0.00733433  0.00000000    0.00000000 -0.01323412
 -0.00733433  0.00000000    0.24853541  0.00000000    0.00000000  0.00093750
  0.00000000  0.01323412    0.00000000 -0.00093750    0.26248722  0.00000000

     Dynamical  Matrix in cartesian axes

     q = (    0.333333333  -1.000000000   0.666666667 ) 

    1    1
  0.29204590 -0.00000000   -0.00000000 -0.01323412    0.00733433 -0.00000000
  0.00000000  0.01323412    0.26248722 -0.00000000    0.00000000  0.00093750
  0.00733433 -0.00000000    0.00000000 -0.00093750    0.24853541 -0.00000000
    1    2
 -0.00000000 -0.11028136   -0.04492420  0.00000000   -0.00000000  0.07519866
 -0.04492420  0.00000000   -0.00000000 -0.11228335   -0.13827725  0.00000000
 -0.00000000  0.07519866   -0.13827725  0.00000000    0.00000000 -0.10403646
    2    1
 -0.00000000  0.11028136   -0.04492420 -0.00000000    0.00000000 -0.07519866
 -0.04492420 -0.00000000   -0.00000000  0.11228335   -0.13827725 -0.00000000
  0.00000000 -0.07519866   -0.13827725 -0.00000000   -0.00000000  0.10403646
    2    2
  0.29204590  0.00000000   -0.00000000  0.01323412    0.00733433  0.00000000
  0.00000000 -0.01323412    0.26248722 -0.00000000    0.00000000 -0.00093750
  0.00733433  0.00000000    0.00000000  0.00093750    0.24853541  0.00000000

     Dynamical  Matrix in cartesian axes

     q = (    0.666666667  -1.000000000   0.333333333 ) 

    1    1
  0.24853541  0.00000000    0.00000000 -0.00093750    0.00733433  0.00000000
  0.00000000  0.00093750    0.26248722 -0.00000000    0.00000000  0.01323412
  0.00733433 -0.00000000    0.00000000 -0.01323412    0.29204590 -0.00000000
    1    2
 -0.00000000 -0.10403646   -0.13827725  0.00000000    0.00000000  0.07519866
 -0.13827725  0.00000000   -0.00000000 -0.11228335   -0.04492420 -0.00000000
  0.00000000  0.07519866   -0.04492420  0.00000000   -0.00000000 -0.11028136
    2    1
 -0.00000000  0.10403646   -0.13827725 -0.00000000    0.00000000 -0.07519866
 -0.13827725 -0.00000000   -0.00000000  0.11228335   -0.04492420  0.00000000
  0.00000000 -0.07519866   -0.04492420  0.00000000   -0.00000000  0.11028136
    2    2
  0.24853541 -0.00000000    0.00000000  0.00093750    0.00733433 -0.00000000
  0.00000000 -0.00093750    0.26248722 -0.00000000    0.00000000 -0.01323412
  0.00733433  0.00000000    0.00000000  0.01323412    0.29204590  0.00000000

     Dynamical  Matrix in cartesian axes

     q = (    0.333333333   0.666666667   1.000000000 ) 

    1    1
  0.29204590 -0.00000000    0.00733433  0.00000000   -0.00000000 -0.01323412
  0.00733433 -0.00000000    0.24853541 -0.00000000   -0.00000000 -0.00093750
  0.00000000  0.01323412    0.00000000  0.00093750    0.26248722 -0.00000000
    1    2
  0.00000000 -0.11028136   -0.00000000  0.07519866   -0.04492420 -0.00000000
 -0.00000000  0.07519866    0.00000000 -0.10403646   -0.13827725 -0.00000000
 -0.04492420 -0.00000000   -0.13827725 -0.00000000    0.00000000 -0.11228335
    2    1
  0.00000000  0.11028136   -0.00000000 -0.07519866   -0.04492420  0.00000000
 -0.00000000 -0.07519866    0.00000000  0.10403646   -0.13827725  0.00000000
 -0.04492420  0.00000000   -0.13827725  0.00000000    0.00000000  0.11228335
    2    2
  0.29204590 -0.00000000    0.00733433 -0.00000000   -0.00000000  0.01323412
  0.00733433  0.00000000    0.24853541  0.00000000   -0.00000000  0.00093750
  0.00000000 -0.01323412    0.00000000 -0.00093750    0.26248722 -0.00000000

     Dynamical  Matrix in cartesian axes

     q = (   -0.333333333  -0.666666667  -1.000000000 ) 

    1    1
  0.29204590 -0.00000000    0.00733433 -0.00000000   -0.00000000  0.01323412
  0.00733433  0.00000000    0.24853541  0.00000000   -0.00000000  0.00093750
  0.00000000 -0.01323412    0.00000000 -0.00093750    0.26248722 -0.00000000
    1    2
  0.00000000  0.11028136   -0.00000000 -0.07519866   -0.04492420  0.00000000
 -0.00000000 -0.07519866    0.00000000  0.10403646   -0.13827725  0.00000000
 -0.04492420  0.00000000   -0.13827725  0.00000000    0.00000000  0.11228335
    2    1
  0.00000000 -0.11028136   -0.00000000  0.07519866   -0.04492420 -0.00000000
 -0.00000000  0.07519866    0.00000000 -0.10403646   -0.13827725 -0.00000000
 -0.04492420 -0.00000000   -0.13827725 -0.00000000    0.00000000 -0.11228335
    2    2
  0.29204590 -0.00000000    0.00733433  0.00000000   -0.00000000 -0.01323412
  0.00733433 -0.00000000    0.24853541 -0.00000000   -0.00000000 -0.00093750
  0.00000000  0.01323412    0.00000000  0.00093750    0.26248722 -0.00000000

     Dynamical  Matrix in cartesian axes

     q = (   -0.666666667  -1.000000000   0.333333333 ) 

    1    1
  0.24853541 -0.00000000    0.00000000 -0.00093750   -0.00733433 -0.00000000
  0.00000000  0.00093750    0.26248722 -0.00000000    0.00000000 -0.01323412
 -0.00733433  0.00000000    0.00000000  0.01323412    0.29204590  0.00000000
    1    2
 -0.09009822 -0.05201823   -0.06913863  0.11975161   -0.06512395 -0.03759933
 -0.06913863  0.11975161   -0.09724024 -0.05614168    0.02246210 -0.03890550
 -0.06512395 -0.03759933    0.02246210 -0.03890550   -0.09550646 -0.05514068
    2    1
 -0.09009822  0.05201823   -0.06913863 -0.11975161   -0.06512395  0.03759933
 -0.06913863 -0.11975161   -0.09724024  0.05614168    0.02246210  0.03890550
 -0.06512395  0.03759933    0.02246210  0.03890550   -0.09550646  0.05514068
    2    2
  0.24853541  0.00000000    0.00000000  0.00093750   -0.00733433  0.00000000
  0.00000000 -0.00093750    0.26248722 -0.00000000    0.00000000  0.01323412
 -0.00733433 -0.00000000    0.00000000 -0.01323412    0.29204590 -0.00000000

     Dynamical  Matrix in cartesian axes

     q = (    0.666666667   1.000000000  -0.333333333 ) 

    1    1
  0.24853541  0.00000000    0.00000000  0.00093750   -0.00733433  0.00000000
  0.00000000 -0.00093750    0.26248722 -0.00000000    0.00000000  0.01323412
 -0.00733433 -0.00000000    0.00000000 -0.01323412    0.29204590 -0.00000000
    1    2
 -0.09009822  0.05201823   -0.06913863 -0.11975161   -0.06512395  0.03759933
 -0.06913863 -0.11975161   -0.09724024  0.05614168    0.02246210  0.03890550
 -0.06512395  0.03759933    0.02246210  0.03890550   -0.09550646  0.05514068
    2    1
 -0.09009822 -0.05201823   -0.06913863  0.11975161   -0.06512395 -0.03759933
 -0.06913863  0.11975161   -0.09724024 -0.05614168    0.02246210 -0.03890550
 -0.06512395 -0.03759933    0.02246210 -0.03890550   -0.09550646 -0.05514068
    2    2
  0.24853541 -0.00000000    0.00000000 -0.00093750   -0.00733433 -0.00000000
  0.00000000  0.00093750    0.26248722 -0.00000000    0.00000000 -0.01323412
 -0.00733433  0.00000000    0.00000000  0.01323412    0.29204590  0.00000000

     Dynamical  Matrix in cartesian axes

     q = (   -0.666666667  -1.000000000  -0.333333333 ) 

    1    1
  0.24853541 -0.00000000    0.00000000  0.00093750    0.00733433 -0.00000000
  0.00000000 -0.00093750    0.26248722 -0.00000000    0.00000000 -0.01323412
  0.00733433  0.00000000    0.00000000  0.01323412    0.29204590  0.00000000
    1    2
  0.00000000  0.10403646   -0.13827725  0.00000000    0.00000000 -0.07519866
 -0.13827725  0.00000000    0.00000000  0.11228335   -0.04492420  0.00000000
  0.00000000 -0.07519866   -0.04492420  0.00000000    0.00000000  0.11028136
    2    1
  0.00000000 -0.10403646   -0.13827725 -0.00000000   -0.00000000  0.07519866
 -0.13827725 -0.00000000    0.00000000 -0.11228335   -0.04492420 -0.00000000
 -0.00000000  0.07519866   -0.04492420 -0.00000000    0.00000000 -0.11028136
    2    2
  0.24853541  0.00000000    0.00000000 -0.00093750    0.00733433  0.00000000
  0.00000000  0.00093750    0.26248722 -0.00000000    0.00000000  0.01323412
  0.00733433 -0.00000000    0.00000000 -0.01323412    0.29204590 -0.00000000

     Diagonalizing the dynamical matrix

     q = (    0.666666667  -0.333333333   1.000000000 ) 

 **************************************************************************
     freq (    1) =       4.845232 [THz] =     161.619535 [cm-1]
 ( -0.302710 -0.524309 -0.149653 -0.259207  0.181417 -0.104741 ) 
 ( -0.000000 -0.605419 -0.000000 -0.299306 -0.209483  0.000000 ) 
     freq (    2) =       5.446518 [THz] =     181.676289 [cm-1]
 ( -0.164256 -0.284500  0.062821  0.108809 -0.531244  0.306714 ) 
 (  0.000000  0.328512  0.000000 -0.125642 -0.613428  0.000000 ) 
     freq (    3) =       8.667107 [THz] =     289.103586 [cm-1]
 ( -0.095311 -0.165083  0.302346  0.523679  0.271124 -0.156534 ) 
 (  0.000000 -0.190622 -0.000000  0.604692 -0.313067  0.000000 ) 
     freq (    4) =      12.535667 [THz] =     418.144836 [cm-1]
 (  0.187813  0.325301 -0.257349 -0.445741 -0.265507  0.153290 ) 
 (  0.000000 -0.375626 -0.000000  0.514698 -0.306581  0.000000 ) 
     freq (    5) =      13.995204 [THz] =     466.829745 [cm-1]
 (  0.250492  0.433865  0.234148  0.405555 -0.149284  0.086189 ) 
 ( -0.000000 -0.500984 -0.000000 -0.468295 -0.172378  0.000000 ) 
     freq (    6) =      14.064097 [THz] =     469.127785 [cm-1]
 (  0.155829  0.269904 -0.105787 -0.183228  0.518246 -0.299210 ) 
 (  0.000000  0.311658  0.000000 -0.211574 -0.598419  0.000000 ) 
 **************************************************************************
