Dynamical matrix file
                                                                           
  1    2  2 10.4000000  0.0000000  0.0000000  0.0000000  0.0000000  0.0000000
           1  'Si  '    25598.8229845270     
    1    1      0.0000000000      0.0000000000      0.0000000000
    2    1      0.2500000000      0.2500000000      0.2500000000

     Dynamical  Matrix in cartesian axes

     q = (    0.666666667  -0.333333333   1.000000000 ) 

    1    1
  0.23062713  0.00000000   -0.00660125  0.00000000    0.00000000  0.00091279
 -0.00660125  0.00000000    0.27286710  0.00000000    0.00000000 -0.01260303
  0.00000000 -0.00091279    0.00000000  0.01260303    0.24428897  0.00000000
    1    2
 -0.08393084  0.04845749   -0.05731865  0.03309294   -0.06096986 -0.10560289
 -0.05731865  0.03309294   -0.08950923  0.05167818    0.01973709  0.03418564
 -0.06096986 -0.10560289    0.01973709  0.03418564   -0.09109553  0.05259403
    2    1
 -0.08393084 -0.04845749   -0.05731865 -0.03309294   -0.06096986  0.10560289
 -0.05731865 -0.03309294   -0.08950923 -0.05167818    0.01973709 -0.03418564
 -0.06096986  0.10560289    0.01973709 -0.03418564   -0.09109553 -0.05259403
    2    2
  0.23062713  0.00000000   -0.00660125  0.00000000   -0.00000000 -0.00091279
 -0.00660125  0.00000000    0.27286710  0.00000000    0.00000000  0.01260303
  0.00000000  0.00091279    0.00000000 -0.01260303    0.24428897  0.00000000

     Dynamical  Matrix in cartesian axes

     q = (    1.000000000   0.333333333   0.666666667 ) 

    1    1
  0.24428897  0.00000000   -0.00000000  0.01260303    0.00000000  0.00091279
  0.00000000 -0.01260303    0.27286710  0.00000000    0.00660125  0.00000000
  0.00000000 -0.00091279    0.00660125  0.00000000    0.23062713  0.00000000
    1    2
  0.00000000 -0.10518805   -0.03947417  0.00000000   -0.12193971 -0.00000000
 -0.03947417 -0.00000000    0.00000000 -0.10335636   -0.00000000  0.06618588
 -0.12193971 -0.00000000   -0.00000000  0.06618588    0.00000000 -0.09691498
    2    1
  0.00000000  0.10518805   -0.03947417  0.00000000   -0.12193971  0.00000000
 -0.03947417  0.00000000    0.00000000  0.10335636    0.00000000 -0.06618588
 -0.12193971  0.00000000   -0.00000000 -0.06618588    0.00000000  0.09691498
    2    2
  0.24428897  0.00000000    0.00000000 -0.01260303    0.00000000 -0.00091279
 -0.00000000  0.01260303    0.27286710  0.00000000    0.00660125  0.00000000
  0.00000000  0.00091279    0.00660125  0.00000000    0.23062713  0.00000000

     Dynamical  Matrix in cartesian axes

     q = (    0.666666667   0.333333333   1.000000000 ) 

    1    1
  0.23062713  0.00000000    0.00660125  0.00000000    0.00000000 -0.00091279
  0.00660125  0.00000000    0.27286710  0.00000000   -0.00000000 -0.01260303
  0.00000000  0.00091279   -0.00000000  0.01260303    0.24428897  0.00000000
    1    2
 -0.00000000 -0.09691498    0.00000000  0.06618588   -0.12193971  0.00000000
  0.00000000  0.06618588   -0.00000000 -0.10335636   -0.03947417  0.00000000
 -0.12193971  0.00000000   -0.03947417  0.00000000   -0.00000000 -0.10518805
    2    1
 -0.00000000  0.09691498    0.00000000 -0.06618588   -0.12193971 -0.00000000
  0.00000000 -0.06618588   -0.00000000  0.10335636   -0.03947417  0.00000000
 -0.12193971  0.00000000   -0.03947417  0.00000000   -0.00000000  0.10518805
    2    2
  0.23062713  0.00000000    0.00660125  0.00000000    0.00000000  0.00091279
  0.00660125  0.00000000    0.27286710  0.00000000   -0.00000000  0.01260303
  0.00000000 -0.00091279   -0.00000000 -0.01260303    0.24428897  0.00000000

     Dynamical  Matrix in cartesian axes

     q = (   -1.000000000  -0.333333333   0.666666667 ) 

    1    1
  0.24428897  0.00000000    0.00000000  0.01260303    0.00000000 -0.00091279
  0.00000000 -0.01260303    0.27286710  0.00000000   -0.00660125  0.00000000
  0.00000000  0.00091279   -0.00660125  0.00000000    0.23062713  0.00000000
    1    2
 -0.09109553  0.05259403    0.01973709  0.03418564   -0.06096986 -0.10560289
  0.01973709  0.03418564   -0.08950923  0.05167818   -0.05731865  0.03309294
 -0.06096986 -0.10560289   -0.05731865  0.03309294   -0.08393084  0.04845749
    2    1
 -0.09109553 -0.05259403    0.01973709 -0.03418564   -0.06096986  0.10560289
  0.01973709 -0.03418564   -0.08950923 -0.05167818   -0.05731865 -0.03309294
 -0.06096986  0.10560289   -0.05731865 -0.03309294   -0.08393084 -0.04845749
    2    2
  0.24428897  0.00000000    0.00000000 -0.01260303    0.00000000  0.00091279
  0.00000000  0.01260303    0.27286710  0.00000000   -0.00660125  0.00000000
  0.00000000 -0.00091279   -0.00660125  0.00000000    0.23062713  0.00000000

     Dynamical  Matrix in cartesian axes

     q = (   -1.000000000  -0.333333333  -0.666666667 ) 

    1    1
  0.24428897  0.00000000    0.00000000 -0.01260303    0.00000000 -0.00091279
 -0.00000000  0.01260303    0.27286710  0.00000000    0.00660125  0.00000000
  0.00000000  0.00091279    0.00660125  0.00000000    0.23062713  0.00000000
    1    2
  0.00000000  0.10518805   -0.03947417  0.00000000   -0.12193971  0.00000000
 -0.03947417  0.00000000    0.00000000  0.10335636    0.00000000 -0.06618588
 -0.12193971  0.00000000   -0.00000000 -0.06618588    0.00000000  0.09691498
    2    1
  0.00000000 -0.10518805   -0.03947417  0.00000000   -0.12193971 -0.00000000
 -0.03947417 -0.00000000    0.00000000 -0.10335636   -0.00000000  0.06618588
 -0.12193971 -0.00000000   -0.00000000  0.06618588    0.00000000 -0.09691498
    2    2
  0.24428897  0.00000000   -0.00000000  0.01260303    0.00000000  0.00091279
  0.00000000 -0.01260303    0.27286710  0.00000000    0.00660125  0.00000000
  0.00000000 -0.00091279    0.00660125  0.00000000    0.23062713  0.00000000

     Dynamical  Matrix in cartesian axes

     q = (   -0.666666667  -0.333333333  -1.000000000 ) 

    1    1
  0.23062713  0.00000000    0.00660125  0.00000000    0.00000000  0.00091279
  0.00660125  0.00000000    0.27286710  0.00000000   -0.00000000  0.01260303
  0.00000000 -0.00091279   -0.00000000 -0.01260303    0.24428897  0.00000000
    1    2
 -0.00000000  0.09691498    0.00000000 -0.06618588   -0.12193971 -0.00000000
  0.00000000 -0.06618588   -0.00000000  0.10335636   -0.03947417  0.00000000
 -0.12193971  0.00000000   -0.03947417  0.00000000   -0.00000000  0.10518805
    2    1
 -0.00000000 -0.09691498    0.00000000  0.06618588   -0.12193971  0.00000000
  0.00000000  0.06618588   -0.00000000 -0.10335636   -0.03947417  0.00000000
 -0.12193971  0.00000000   -0.03947417  0.00000000   -0.00000000 -0.10518805
    2    2
  0.23062713  0.00000000    0.00660125  0.00000000    0.00000000 -0.00091279
  0.00660125  0.00000000    0.27286710  0.00000000   -0.00000000 -0.01260303
  0.00000000  0.00091279   -0.00000000  0.01260303    0.24428897  0.00000000

     Dynamical  Matrix in cartesian axes

     q = (    1.000000000   0.333333333  -0.666666667 ) 

    1    1
  0.24428897  0.00000000    0.00000000 -0.01260303    0.00000000  0.00091279
  0.00000000  0.01260303    0.27286710  0.00000000   -0.00660125  0.00000000
  0.00000000 -0.00091279   -0.00660125  0.00000000    0.23062713  0.00000000
    1    2
 -0.09109553 -0.05259403    0.01973709 -0.03418564   -0.06096986  0.10560289
  0.01973709 -0.03418564   -0.08950923 -0.05167818   -0.05731865 -0.03309294
 -0.06096986  0.10560289   -0.05731865 -0.03309294   -0.08393084 -0.04845749
    2    1
 -0.09109553  0.05259403    0.01973709  0.03418564   -0.06096986 -0.10560289
  0.01973709  0.03418564   -0.08950923  0.05167818   -0.05731865  0.03309294
 -0.06096986 -0.10560289   -0.05731865  0.03309294   -0.08393084  0.04845749
    2    2
  0.24428897  0.00000000    0.00000000  0.01260303    0.00000000 -0.00091279
  0.00000000 -0.01260303    0.27286710  0.00000000   -0.00660125  0.00000000
  0.00000000  0.00091279   -0.00660125  0.00000000    0.23062713  0.00000000

     Dynamical  Matrix in cartesian axes

     q = (   -0.666666667   0.333333333   1.000000000 ) 

    1    1
  0.23062713  0.00000000   -0.00660125  0.00000000   -0.00000000 -0.00091279
 -0.00660125  0.00000000    0.27286710  0.00000000    0.00000000  0.01260303
  0.00000000  0.00091279    0.00000000 -0.01260303    0.24428897  0.00000000
    1    2
 -0.08393084 -0.04845749   -0.05731865 -0.03309294   -0.06096986  0.10560289
 -0.05731865 -0.03309294   -0.08950923 -0.05167818    0.01973709 -0.03418564
 -0.06096986  0.10560289    0.01973709 -0.03418564   -0.09109553 -0.05259403
    2    1
 -0.08393084  0.04845749   -0.05731865  0.03309294   -0.06096986 -0.10560289
 -0.05731865  0.03309294   -0.08950923  0.05167818    0.01973709  0.03418564
 -0.06096986 -0.10560289    0.01973709  0.03418564   -0.09109553  0.05259403
    2    2
  0.23062713  0.00000000   -0.00660125  0.00000000    0.00000000  0.00091279
 -0.00660125  0.00000000    0.27286710  0.00000000    0.00000000 -0.01260303
  0.00000000 -0.00091279    0.00000000  0.01260303    0.24428897  0.00000000

     Dynamical  Matrix in cartesian axes

     q = (   -0.333333333   1.000000000   0.666666667 ) 

    1    1
  0.27286710  0.00000000    0.00000000 -0.01260303   -0.00660125  0.00000000
 -0.00000000  0.01260303    0.24428897  0.00000000   -0.00000000 -0.00091279
 -0.00660125  0.00000000    0.00000000  0.00091279    0.23062713  0.00000000
    1    2
 -0.08950923  0.05167818    0.01973709  0.03418564   -0.05731865  0.03309294
  0.01973709  0.03418564   -0.09109553  0.05259403   -0.06096986 -0.10560289
 -0.05731865  0.03309294   -0.06096986 -0.10560289   -0.08393084  0.04845749
    2    1
 -0.08950923 -0.05167818    0.01973709 -0.03418564   -0.05731865 -0.03309294
  0.01973709 -0.03418564   -0.09109553 -0.05259403   -0.06096986  0.10560289
 -0.05731865 -0.03309294   -0.06096986  0.10560289   -0.08393084 -0.04845749
    2    2
  0.27286710  0.00000000    0.00000000  0.01260303   -0.00660125  0.00000000
  0.00000000 -0.01260303    0.24428897  0.00000000    0.00000000  0.00091279
 -0.00660125  0.00000000    0.00000000 -0.00091279    0.23062713  0.00000000

     Dynamical  Matrix in cartesian axes

     q = (    0.333333333   1.000000000  -0.666666667 ) 

    1    1
  0.27286710  0.00000000    0.00000000  0.01260303   -0.00660125  0.00000000
  0.00000000 -0.01260303    0.24428897  0.00000000    0.00000000  0.00091279
 -0.00660125  0.00000000    0.00000000 -0.00091279    0.23062713  0.00000000
    1    2
 -0.08950923 -0.05167818    0.01973709 -0.03418564   -0.05731865 -0.03309294
  0.01973709 -0.03418564   -0.09109553 -0.05259403   -0.06096986  0.10560289
 -0.05731865 -0.03309294   -0.06096986  0.10560289   -0.08393084 -0.04845749
    2    1
 -0.08950923  0.05167818    0.01973709  0.03418564   -0.05731865  0.03309294
  0.01973709  0.03418564   -0.09109553  0.05259403   -0.06096986 -0.10560289
 -0.05731865  0.03309294   -0.06096986 -0.10560289   -0.08393084  0.04845749
    2    2
  0.27286710  0.00000000    0.00000000 -0.01260303   -0.00660125  0.00000000
 -0.00000000  0.01260303    0.24428897  0.00000000   -0.00000000 -0.00091279
 -0.00660125  0.00000000    0.00000000  0.00091279    0.23062713  0.00000000

     Dynamical  Matrix in cartesian axes

     q = (   -0.333333333  -1.000000000  -0.666666667 ) 

    1    1
  0.27286710  0.00000000    0.00000000  0.01260303    0.00660125  0.00000000
  0.00000000 -0.01260303    0.24428897  0.00000000   -0.00000000 -0.00091279
  0.00660125  0.00000000    0.00000000  0.00091279    0.23062713  0.00000000
    1    2
  0.00000000  0.10335636   -0.03947417  0.00000000   -0.00000000 -0.06618588
 -0.03947417  0.00000000    0.00000000  0.10518805   -0.12193971  0.00000000
 -0.00000000 -0.06618588   -0.12193971  0.00000000    0.00000000  0.09691498
    2    1
  0.00000000 -0.10335636   -0.03947417 -0.00000000   -0.00000000  0.06618588
 -0.03947417 -0.00000000    0.00000000 -0.10518805   -0.12193971 -0.00000000
 -0.00000000  0.06618588   -0.12193971 -0.00000000    0.00000000 -0.09691498
    2    2
  0.27286710  0.00000000    0.00000000 -0.01260303    0.00660125  0.00000000
  0.00000000  0.01260303    0.24428897  0.00000000   -0.00000000  0.00091279
  0.00660125  0.00000000   -0.00000000 -0.00091279    0.23062713  0.00000000

     Dynamical  Matrix in cartesian axes

     q = (    1.000000000  -0.666666667   0.333333333 ) 

    1    1
  0.24428897  0.00000000    0.00000000  0.00091279    0.00000000 -0.01260303
  0.00000000 -0.00091279    0.23062713  0.00000000   -0.00660125  0.00000000
  0.00000000  0.01260303   -0.00660125  0.00000000    0.27286710  0.00000000
    1    2
 -0.09109553 -0.05259403   -0.06096986  0.10560289    0.01973709 -0.03418564
 -0.06096986  0.10560289   -0.08393084 -0.04845749   -0.05731865 -0.03309294
  0.01973709 -0.03418564   -0.05731865 -0.03309294   -0.08950923 -0.05167818
    2    1
 -0.09109553  0.05259403   -0.06096986 -0.10560289    0.01973709  0.03418564
 -0.06096986 -0.10560289   -0.08393084  0.04845749   -0.05731865  0.03309294
  0.01973709  0.03418564   -0.05731865  0.03309294   -0.08950923  0.05167818
    2    2
  0.24428897  0.00000000    0.00000000 -0.00091279    0.00000000  0.01260303
  0.00000000  0.00091279    0.23062713  0.00000000   -0.00660125  0.00000000
  0.00000000 -0.01260303   -0.00660125  0.00000000    0.27286710  0.00000000

     Dynamical  Matrix in cartesian axes

     q = (    1.000000000   0.666666667  -0.333333333 ) 

    1    1
  0.24428897  0.00000000    0.00000000 -0.00091279    0.00000000  0.01260303
  0.00000000  0.00091279    0.23062713  0.00000000   -0.00660125  0.00000000
  0.00000000 -0.01260303   -0.00660125  0.00000000    0.27286710  0.00000000
    1    2
 -0.09109553  0.05259403   -0.06096986 -0.10560289    0.01973709  0.03418564
 -0.06096986 -0.10560289   -0.08393084  0.04845749   -0.05731865  0.03309294
  0.01973709  0.03418564   -0.05731865  0.03309294   -0.08950923  0.05167818
    2    1
 -0.09109553 -0.05259403   -0.06096986  0.10560289    0.01973709 -0.03418564
 -0.06096986  0.10560289   -0.08393084 -0.04845749   -0.05731865 -0.03309294
  0.01973709 -0.03418564   -0.05731865 -0.03309294   -0.08950923 -0.05167818
    2    2
  0.24428897  0.00000000    0.00000000  0.00091279    0.00000000 -0.01260303
  0.00000000 -0.00091279    0.23062713  0.00000000   -0.00660125  0.00000000
  0.00000000  0.01260303   -0.00660125  0.00000000    0.27286710  0.00000000

     Dynamical  Matrix in cartesian axes

     q = (   -0.333333333   0.666666667  -1.000000000 ) 

    1    1
  0.27286710  0.00000000   -0.00660125  0.00000000    0.00000000 -0.01260303
 -0.00660125  0.00000000    0.23062713  0.00000000    0.00000000  0.00091279
  0.00000000  0.01260303    0.00000000 -0.00091279    0.24428897  0.00000000
    1    2
 -0.08950923  0.05167818   -0.05731865  0.03309294    0.01973709  0.03418564
 -0.05731865  0.03309294   -0.08393084  0.04845749   -0.06096986 -0.10560289
  0.01973709  0.03418564   -0.06096986 -0.10560289   -0.09109553  0.05259403
    2    1
 -0.08950923 -0.05167818   -0.05731865 -0.03309294    0.01973709 -0.03418564
 -0.05731865 -0.03309294   -0.08393084 -0.04845749   -0.06096986  0.10560289
  0.01973709 -0.03418564   -0.06096986  0.10560289   -0.09109553 -0.05259403
    2    2
  0.27286710  0.00000000   -0.00660125  0.00000000    0.00000000  0.01260303
 -0.00660125  0.00000000    0.23062713  0.00000000   -0.00000000 -0.00091279
  0.00000000 -0.01260303    0.00000000  0.00091279    0.24428897  0.00000000

     Dynamical  Matrix in cartesian axes

     q = (   -1.000000000  -0.666666667  -0.333333333 ) 

    1    1
  0.24428897  0.00000000   -0.00000000 -0.00091279    0.00000000 -0.01260303
  0.00000000  0.00091279    0.23062713  0.00000000    0.00660125  0.00000000
  0.00000000  0.01260303    0.00660125  0.00000000    0.27286710  0.00000000
    1    2
  0.00000000  0.10518805   -0.12193971  0.00000000   -0.03947417  0.00000000
 -0.12193971  0.00000000    0.00000000  0.09691498   -0.00000000 -0.06618588
 -0.03947417  0.00000000    0.00000000 -0.06618588    0.00000000  0.10335636
    2    1
  0.00000000 -0.10518805   -0.12193971 -0.00000000   -0.03947417 -0.00000000
 -0.12193971 -0.00000000    0.00000000 -0.09691498   -0.00000000  0.06618588
 -0.03947417 -0.00000000   -0.00000000  0.06618588    0.00000000 -0.10335636
    2    2
  0.24428897  0.00000000    0.00000000  0.00091279   -0.00000000  0.01260303
 -0.00000000 -0.00091279    0.23062713  0.00000000    0.00660125  0.00000000
  0.00000000 -0.01260303    0.00660125  0.00000000    0.27286710  0.00000000

     Dynamical  Matrix in cartesian axes

     q = (   -1.000000000   0.666666667   0.333333333 ) 

    1    1
  0.24428897  0.00000000    0.00000000  0.00091279   -0.00000000  0.01260303
 -0.00000000 -0.00091279    0.23062713  0.00000000    0.00660125  0.00000000
  0.00000000 -0.01260303    0.00660125  0.00000000    0.27286710  0.00000000
    1    2
 -0.00000000 -0.10518805   -0.12193971  0.00000000   -0.03947417 -0.00000000
 -0.12193971  0.00000000   -0.00000000 -0.09691498    0.00000000  0.06618588
 -0.03947417  0.00000000    0.00000000  0.06618588   -0.00000000 -0.10335636
    2    1
 -0.00000000  0.10518805   -0.12193971 -0.00000000   -0.03947417  0.00000000
 -0.12193971 -0.00000000   -0.00000000  0.09691498    0.00000000 -0.06618588
 -0.03947417  0.00000000    0.00000000 -0.06618588   -0.00000000  0.10335636
    2    2
  0.24428897  0.00000000   -0.00000000 -0.00091279    0.00000000 -0.01260303
  0.00000000  0.00091279    0.23062713  0.00000000    0.00660125  0.00000000
  0.00000000  0.01260303    0.00660125  0.00000000    0.27286710  0.00000000

     Dynamical  Matrix in cartesian axes

     q = (    0.333333333  -0.666666667   1.000000000 ) 

    1    1
  0.27286710  0.00000000   -0.00660125  0.00000000    0.00000000  0.01260303
 -0.00660125  0.00000000    0.23062713  0.00000000   -0.00000000 -0.00091279
  0.00000000 -0.01260303    0.00000000  0.00091279    0.24428897  0.00000000
    1    2
 -0.08950923 -0.05167818   -0.05731865 -0.03309294    0.01973709 -0.03418564
 -0.05731865 -0.03309294   -0.08393084 -0.04845749   -0.06096986  0.10560289
  0.01973709 -0.03418564   -0.06096986  0.10560289   -0.09109553 -0.05259403
    2    1
 -0.08950923  0.05167818   -0.05731865  0.03309294    0.01973709  0.03418564
 -0.05731865  0.03309294   -0.08393084  0.04845749   -0.06096986 -0.10560289
  0.01973709  0.03418564   -0.06096986 -0.10560289   -0.09109553  0.05259403
    2    2
  0.27286710  0.00000000   -0.00660125  0.00000000    0.00000000 -0.01260303
 -0.00660125  0.00000000    0.23062713  0.00000000    0.00000000  0.00091279
  0.00000000  0.01260303    0.00000000 -0.00091279    0.24428897  0.00000000

     Dynamical  Matrix in cartesian axes

     q = (    0.333333333  -1.000000000   0.666666667 ) 

    1    1
  0.27286710  0.00000000    0.00000000 -0.01260303    0.00660125  0.00000000
  0.00000000  0.01260303    0.24428897  0.00000000   -0.00000000  0.00091279
  0.00660125  0.00000000   -0.00000000 -0.00091279    0.23062713  0.00000000
    1    2
 -0.00000000 -0.10335636   -0.03947417  0.00000000    0.00000000  0.06618588
 -0.03947417 -0.00000000    0.00000000 -0.10518805   -0.12193971  0.00000000
  0.00000000  0.06618588   -0.12193971 -0.00000000   -0.00000000 -0.09691498
    2    1
 -0.00000000  0.10335636   -0.03947417  0.00000000   -0.00000000 -0.06618588
 -0.03947417  0.00000000    0.00000000  0.10518805   -0.12193971  0.00000000
 -0.00000000 -0.06618588   -0.12193971 -0.00000000   -0.00000000  0.09691498
    2    2
  0.27286710  0.00000000    0.00000000  0.01260303    0.00660125  0.00000000
  0.00000000 -0.01260303    0.24428897  0.00000000   -0.00000000 -0.00091279
  0.00660125  0.00000000    0.00000000  0.00091279    0.23062713  0.00000000

     Dynamical  Matrix in cartesian axes

     q = (    0.666666667  -1.000000000   0.333333333 ) 

    1    1
  0.23062713  0.00000000    0.00000000 -0.00091279    0.00660125  0.00000000
  0.00000000  0.00091279    0.24428897  0.00000000   -0.00000000  0.01260303
  0.00660125  0.00000000    0.00000000 -0.01260303    0.27286710  0.00000000
    1    2
 -0.00000000 -0.09691498   -0.12193971  0.00000000    0.00000000  0.06618588
 -0.12193971  0.00000000   -0.00000000 -0.10518805   -0.03947417  0.00000000
  0.00000000  0.06618588   -0.03947417  0.00000000   -0.00000000 -0.10335636
    2    1
 -0.00000000  0.09691498   -0.12193971 -0.00000000    0.00000000 -0.06618588
 -0.12193971 -0.00000000   -0.00000000  0.10518805   -0.03947417  0.00000000
  0.00000000 -0.06618588   -0.03947417 -0.00000000   -0.00000000  0.10335636
    2    2
  0.23062713  0.00000000    0.00000000  0.00091279    0.00660125  0.00000000
  0.00000000 -0.00091279    0.24428897  0.00000000   -0.00000000 -0.01260303
  0.00660125  0.00000000   -0.00000000  0.01260303    0.27286710  0.00000000

     Dynamical  Matrix in cartesian axes

     q = (    0.333333333   0.666666667   1.000000000 ) 

    1    1
  0.27286710  0.00000000    0.00660125  0.00000000    0.00000000 -0.01260303
  0.00660125  0.00000000    0.23062713  0.00000000   -0.00000000 -0.00091279
  0.00000000  0.01260303   -0.00000000  0.00091279    0.24428897  0.00000000
    1    2
  0.00000000 -0.10335636   -0.00000000  0.06618588   -0.03947417 -0.00000000
 -0.00000000  0.06618588    0.00000000 -0.09691498   -0.12193971 -0.00000000
 -0.03947417 -0.00000000   -0.12193971 -0.00000000    0.00000000 -0.10518805
    2    1
  0.00000000  0.10335636   -0.00000000 -0.06618588   -0.03947417  0.00000000
 -0.00000000 -0.06618588    0.00000000  0.09691498   -0.12193971  0.00000000
 -0.03947417  0.00000000   -0.12193971  0.00000000    0.00000000  0.10518805
    2    2
  0.27286710  0.00000000    0.00660125  0.00000000    0.00000000  0.01260303
  0.00660125  0.00000000    0.23062713  0.00000000    0.00000000  0.00091279
  0.00000000 -0.01260303   -0.00000000 -0.00091279    0.24428897  0.00000000

     Dynamical  Matrix in cartesian axes

     q = (   -0.333333333  -0.666666667  -1.000000000 ) 

    1    1
  0.27286710  0.00000000    0.00660125  0.00000000    0.00000000  0.01260303
  0.00660125  0.00000000    0.23062713  0.00000000    0.00000000  0.00091279
  0.00000000 -0.01260303   -0.00000000 -0.00091279    0.24428897  0.00000000
    1    2
  0.00000000  0.10335636   -0.00000000 -0.06618588   -0.03947417  0.00000000
 -0.00000000 -0.06618588    0.00000000  0.09691498   -0.12193971  0.00000000
 -0.03947417  0.00000000   -0.12193971  0.00000000    0.00000000  0.10518805
    2    1
  0.00000000 -0.10335636   -0.00000000  0.06618588   -0.03947417 -0.00000000
 -0.00000000  0.06618588    0.00000000 -0.09691498   -0.12193971 -0.00000000
 -0.03947417 -0.00000000   -0.12193971 -0.00000000    0.00000000 -0.10518805
    2    2
  0.27286710  0.00000000    0.00660125  0.00000000    0.00000000 -0.01260303
  0.00660125  0.00000000    0.23062713  0.00000000   -0.00000000 -0.00091279
  0.00000000  0.01260303   -0.00000000  0.00091279    0.24428897  0.00000000

     Dynamical  Matrix in cartesian axes

     q = (   -0.666666667  -1.000000000   0.333333333 ) 

    1    1
  0.23062713  0.00000000   -0.00000000 -0.00091279   -0.00660125  0.00000000
  0.00000000  0.00091279    0.24428897  0.00000000    0.00000000 -0.01260303
 -0.00660125  0.00000000   -0.00000000  0.01260303    0.27286710  0.00000000
    1    2
 -0.08393084 -0.04845749   -0.06096986  0.10560289   -0.05731865 -0.03309294
 -0.06096986  0.10560289   -0.09109553 -0.05259403    0.01973709 -0.03418564
 -0.05731865 -0.03309294    0.01973709 -0.03418564   -0.08950923 -0.05167818
    2    1
 -0.08393084  0.04845749   -0.06096986 -0.10560289   -0.05731865  0.03309294
 -0.06096986 -0.10560289   -0.09109553  0.05259403    0.01973709  0.03418564
 -0.05731865  0.03309294    0.01973709  0.03418564   -0.08950923  0.05167818
    2    2
  0.23062713  0.00000000    0.00000000  0.00091279   -0.00660125  0.00000000
 -0.00000000 -0.00091279    0.24428897  0.00000000   -0.00000000  0.01260303
 -0.00660125  0.00000000    0.00000000 -0.01260303    0.27286710  0.00000000

     Dynamical  Matrix in cartesian axes

     q = (    0.666666667   1.000000000  -0.333333333 ) 

    1    1
  0.23062713  0.00000000    0.00000000  0.00091279   -0.00660125  0.00000000
 -0.00000000 -0.00091279    0.24428897  0.00000000   -0.00000000  0.01260303
 -0.00660125  0.00000000    0.00000000 -0.01260303    0.27286710  0.00000000
    1    2
 -0.08393084  0.04845749   -0.06096986 -0.10560289   -0.05731865  0.03309294
 -0.06096986 -0.10560289   -0.09109553  0.05259403    0.01973709  0.03418564
 -0.05731865  0.03309294    0.01973709  0.03418564   -0.08950923  0.05167818
    2    1
 -0.08393084 -0.04845749   -0.06096986  0.10560289   -0.05731865 -0.03309294
 -0.06096986  0.10560289   -0.09109553 -0.05259403    0.01973709 -0.03418564
 -0.05731865 -0.03309294    0.01973709 -0.03418564   -0.08950923 -0.05167818
    2    2
  0.23062713  0.00000000   -0.00000000 -0.00091279   -0.00660125  0.00000000
  0.00000000  0.00091279    0.24428897  0.00000000    0.00000000 -0.01260303
 -0.00660125  0.00000000   -0.00000000  0.01260303    0.27286710  0.00000000

     Dynamical  Matrix in cartesian axes

     q = (   -0.666666667  -1.000000000  -0.333333333 ) 

    1    1
  0.23062713  0.00000000    0.00000000  0.00091279    0.00660125  0.00000000
  0.00000000 -0.00091279    0.24428897  0.00000000   -0.00000000 -0.01260303
  0.00660125  0.00000000   -0.00000000  0.01260303    0.27286710  0.00000000
    1    2
  0.00000000  0.09691498   -0.12193971  0.00000000   -0.00000000 -0.06618588
 -0.12193971  0.00000000    0.00000000  0.10518805   -0.03947417 -0.00000000
 -0.00000000 -0.06618588   -0.03947417 -0.00000000    0.00000000  0.10335636
    2    1
  0.00000000 -0.09691498   -0.12193971 -0.00000000   -0.00000000  0.06618588
 -0.12193971 -0.00000000    0.00000000 -0.10518805   -0.03947417  0.00000000
 -0.00000000  0.06618588   -0.03947417  0.00000000    0.00000000 -0.10335636
    2    2
  0.23062713  0.00000000    0.00000000 -0.00091279    0.00660125  0.00000000
  0.00000000  0.00091279    0.24428897  0.00000000   -0.00000000  0.01260303
  0.00660125  0.00000000    0.00000000 -0.01260303    0.27286710  0.00000000

     Diagonalizing the dynamical matrix

     q = (    0.666666667  -0.333333333   1.000000000 ) 

 **************************************************************************
     freq (    1) =       4.909143 [THz] =     163.751387 [cm-1]
 ( -0.303887 -0.526348 -0.149865 -0.259574  0.174870 -0.100961 ) 
 (  0.000000 -0.607774  0.000000 -0.299730 -0.201922  0.000000 ) 
     freq (    2) =       5.497567 [THz] =     183.379103 [cm-1]
 ( -0.160047 -0.277209  0.058607  0.101511 -0.536517  0.309758 ) 
 ( -0.000000  0.320093 -0.000000 -0.117214 -0.619517  0.000000 ) 
     freq (    3) =       8.401271 [THz] =     280.236236 [cm-1]
 ( -0.098689 -0.170934  0.303121  0.525021  0.264830 -0.152900 ) 
 (  0.000000 -0.197378 -0.000000  0.606242 -0.305799  0.000000 ) 
     freq (    4) =      12.068870 [THz] =     402.574168 [cm-1]
 (  0.200561  0.347382 -0.249094 -0.431444 -0.261117  0.150756 ) 
 ( -0.000000 -0.401122 -0.000000  0.498189 -0.301511  0.000000 ) 
     freq (    5) =      13.434250 [THz] =     448.118330 [cm-1]
 (  0.243229  0.421285  0.243962  0.422554 -0.137722  0.079514 ) 
 (  0.000000 -0.486458  0.000000 -0.487923 -0.159028  0.000000 ) 
     freq (    6) =      13.463928 [THz] =     449.108306 [cm-1]
 (  0.151371  0.262182 -0.103239 -0.178815  0.523723 -0.302372 ) 
 ( -0.000000  0.302742 -0.000000 -0.206478 -0.604743  0.000000 ) 
 **************************************************************************
