Dynamical matrix file
                                                                           
  1    2  2 10.3640000  0.0000000  0.0000000  0.0000000  0.0000000  0.0000000
           1  'Si  '    25598.8229845270     
    1    1      0.0000000000      0.0000000000      0.0000000000
    2    1      0.2500000000      0.2500000000      0.2500000000

     Dynamical  Matrix in cartesian axes

     q = (    0.333333333   0.000000000   0.333333333 ) 

    1    1
  0.25817312  0.00000000    0.00000000  0.00470099    0.00741205  0.00000000
  0.00000000 -0.00470099    0.25969422  0.00000000    0.00000000 -0.00470099
  0.00741205  0.00000000    0.00000000  0.00470099    0.25817312  0.00000000
    1    2
 -0.09226018  0.15979933   -0.05830609 -0.03366304    0.02018432 -0.03496027
 -0.05830609 -0.03366304   -0.09714136  0.16825377   -0.05830609 -0.03366304
  0.02018432 -0.03496027   -0.05830609 -0.03366304   -0.09226018  0.15979933
    2    1
 -0.09226018 -0.15979933   -0.05830609  0.03366304    0.02018432  0.03496027
 -0.05830609  0.03366304   -0.09714136 -0.16825377   -0.05830609  0.03366304
  0.02018432  0.03496027   -0.05830609  0.03366304   -0.09226018 -0.15979933
    2    2
  0.25817312  0.00000000   -0.00000000 -0.00470099    0.00741205  0.00000000
  0.00000000  0.00470099    0.25969422  0.00000000    0.00000000  0.00470099
  0.00741205  0.00000000    0.00000000 -0.00470099    0.25817312  0.00000000

     Dynamical  Matrix in cartesian axes

     q = (   -0.333333333   0.000000000   0.333333333 ) 

    1    1
  0.25817312  0.00000000    0.00000000  0.00470099   -0.00741205  0.00000000
 -0.00000000 -0.00470099    0.25969422  0.00000000   -0.00000000  0.00470099
 -0.00741205  0.00000000    0.00000000 -0.00470099    0.25817312  0.00000000
    1    2
 -0.18452037  0.00000000    0.00000000 -0.06732608   -0.04036864  0.00000000
 -0.00000000 -0.06732608   -0.19428271 -0.00000000    0.00000000  0.06732608
 -0.04036864  0.00000000    0.00000000  0.06732608   -0.18452037  0.00000000
    2    1
 -0.18452037 -0.00000000    0.00000000  0.06732608   -0.04036864  0.00000000
  0.00000000  0.06732608   -0.19428271 -0.00000000    0.00000000 -0.06732608
 -0.04036864  0.00000000    0.00000000 -0.06732608   -0.18452037 -0.00000000
    2    2
  0.25817312  0.00000000   -0.00000000 -0.00470099   -0.00741205  0.00000000
 -0.00000000  0.00470099    0.25969422  0.00000000   -0.00000000 -0.00470099
 -0.00741205  0.00000000   -0.00000000  0.00470099    0.25817312  0.00000000

     Dynamical  Matrix in cartesian axes

     q = (    0.333333333   0.000000000  -0.333333333 ) 

    1    1
  0.25817312  0.00000000    0.00000000 -0.00470099   -0.00741205  0.00000000
 -0.00000000  0.00470099    0.25969422  0.00000000   -0.00000000 -0.00470099
 -0.00741205  0.00000000    0.00000000  0.00470099    0.25817312  0.00000000
    1    2
 -0.18452037 -0.00000000    0.00000000  0.06732608   -0.04036864 -0.00000000
  0.00000000  0.06732608   -0.19428271 -0.00000000    0.00000000 -0.06732608
 -0.04036864  0.00000000    0.00000000 -0.06732608   -0.18452037 -0.00000000
    2    1
 -0.18452037  0.00000000    0.00000000 -0.06732608   -0.04036864  0.00000000
  0.00000000 -0.06732608   -0.19428271 -0.00000000    0.00000000  0.06732608
 -0.04036864  0.00000000   -0.00000000  0.06732608   -0.18452037  0.00000000
    2    2
  0.25817312  0.00000000    0.00000000  0.00470099   -0.00741205  0.00000000
  0.00000000 -0.00470099    0.25969422  0.00000000    0.00000000  0.00470099
 -0.00741205  0.00000000    0.00000000 -0.00470099    0.25817312  0.00000000

     Dynamical  Matrix in cartesian axes

     q = (   -0.333333333   0.000000000  -0.333333333 ) 

    1    1
  0.25817312  0.00000000    0.00000000 -0.00470099    0.00741205  0.00000000
  0.00000000  0.00470099    0.25969422  0.00000000    0.00000000  0.00470099
  0.00741205  0.00000000    0.00000000 -0.00470099    0.25817312  0.00000000
    1    2
 -0.09226018 -0.15979933   -0.05830609  0.03366304    0.02018432  0.03496027
 -0.05830609  0.03366304   -0.09714136 -0.16825377   -0.05830609  0.03366304
  0.02018432  0.03496027   -0.05830609  0.03366304   -0.09226018 -0.15979933
    2    1
 -0.09226018  0.15979933   -0.05830609 -0.03366304    0.02018432 -0.03496027
 -0.05830609 -0.03366304   -0.09714136  0.16825377   -0.05830609 -0.03366304
  0.02018432 -0.03496027   -0.05830609 -0.03366304   -0.09226018  0.15979933
    2    2
  0.25817312  0.00000000   -0.00000000  0.00470099    0.00741205  0.00000000
  0.00000000 -0.00470099    0.25969422  0.00000000    0.00000000 -0.00470099
  0.00741205  0.00000000    0.00000000  0.00470099    0.25817312  0.00000000

     Dynamical  Matrix in cartesian axes

     q = (    0.000000000   0.333333333  -0.333333333 ) 

    1    1
  0.25969422  0.00000000   -0.00000000  0.00470099    0.00000000 -0.00470099
  0.00000000 -0.00470099    0.25817312  0.00000000   -0.00741205  0.00000000
  0.00000000  0.00470099   -0.00741205  0.00000000    0.25817312  0.00000000
    1    2
 -0.19428271  0.00000000    0.00000000  0.06732608   -0.00000000 -0.06732608
  0.00000000  0.06732608   -0.18452037 -0.00000000   -0.04036864  0.00000000
  0.00000000 -0.06732608   -0.04036864  0.00000000   -0.18452037 -0.00000000
    2    1
 -0.19428271 -0.00000000   -0.00000000 -0.06732608    0.00000000  0.06732608
 -0.00000000 -0.06732608   -0.18452037 -0.00000000   -0.04036864  0.00000000
  0.00000000  0.06732608   -0.04036864  0.00000000   -0.18452037 -0.00000000
    2    2
  0.25969422  0.00000000    0.00000000 -0.00470099    0.00000000  0.00470099
  0.00000000  0.00470099    0.25817312  0.00000000   -0.00741205  0.00000000
  0.00000000 -0.00470099   -0.00741205  0.00000000    0.25817312  0.00000000

     Dynamical  Matrix in cartesian axes

     q = (   -0.333333333   0.333333333   0.000000000 ) 

    1    1
  0.25817312  0.00000000   -0.00741205  0.00000000    0.00000000  0.00470099
 -0.00741205  0.00000000    0.25817312  0.00000000    0.00000000 -0.00470099
  0.00000000 -0.00470099    0.00000000  0.00470099    0.25969422  0.00000000
    1    2
 -0.18452037  0.00000000   -0.04036864  0.00000000    0.00000000 -0.06732608
 -0.04036864  0.00000000   -0.18452037 -0.00000000    0.00000000  0.06732608
 -0.00000000 -0.06732608    0.00000000  0.06732608   -0.19428271  0.00000000
    2    1
 -0.18452037 -0.00000000   -0.04036864 -0.00000000   -0.00000000  0.06732608
 -0.04036864 -0.00000000   -0.18452037 -0.00000000   -0.00000000 -0.06732608
  0.00000000  0.06732608    0.00000000 -0.06732608   -0.19428271 -0.00000000
    2    2
  0.25817312  0.00000000   -0.00741205  0.00000000   -0.00000000 -0.00470099
 -0.00741205  0.00000000    0.25817312  0.00000000   -0.00000000  0.00470099
  0.00000000  0.00470099    0.00000000 -0.00470099    0.25969422  0.00000000

     Dynamical  Matrix in cartesian axes

     q = (    0.000000000   0.333333333   0.333333333 ) 

    1    1
  0.25969422  0.00000000   -0.00000000 -0.00470099    0.00000000 -0.00470099
  0.00000000  0.00470099    0.25817312  0.00000000    0.00741205  0.00000000
 -0.00000000  0.00470099    0.00741205  0.00000000    0.25817312  0.00000000
    1    2
 -0.09714136  0.16825377   -0.05830609 -0.03366304   -0.05830609 -0.03366304
 -0.05830609 -0.03366304   -0.09226018  0.15979933    0.02018432 -0.03496027
 -0.05830609 -0.03366304    0.02018432 -0.03496027   -0.09226018  0.15979933
    2    1
 -0.09714136 -0.16825377   -0.05830609  0.03366304   -0.05830609  0.03366304
 -0.05830609  0.03366304   -0.09226018 -0.15979933    0.02018432  0.03496027
 -0.05830609  0.03366304    0.02018432  0.03496027   -0.09226018 -0.15979933
    2    2
  0.25969422  0.00000000   -0.00000000  0.00470099    0.00000000  0.00470099
  0.00000000 -0.00470099    0.25817312  0.00000000    0.00741205  0.00000000
 -0.00000000 -0.00470099    0.00741205  0.00000000    0.25817312  0.00000000

     Dynamical  Matrix in cartesian axes

     q = (    0.000000000  -0.333333333  -0.333333333 ) 

    1    1
  0.25969422  0.00000000    0.00000000  0.00470099    0.00000000  0.00470099
  0.00000000 -0.00470099    0.25817312  0.00000000    0.00741205  0.00000000
 -0.00000000 -0.00470099    0.00741205  0.00000000    0.25817312  0.00000000
    1    2
 -0.09714136 -0.16825377   -0.05830609  0.03366304   -0.05830609  0.03366304
 -0.05830609  0.03366304   -0.09226018 -0.15979933    0.02018432  0.03496027
 -0.05830609  0.03366304    0.02018432  0.03496027   -0.09226018 -0.15979933
    2    1
 -0.09714136  0.16825377   -0.05830609 -0.03366304   -0.05830609 -0.03366304
 -0.05830609 -0.03366304   -0.09226018  0.15979933    0.02018432 -0.03496027
 -0.05830609 -0.03366304    0.02018432 -0.03496027   -0.09226018  0.15979933
    2    2
  0.25969422  0.00000000    0.00000000 -0.00470099   -0.00000000 -0.00470099
 -0.00000000  0.00470099    0.25817312  0.00000000    0.00741205  0.00000000
  0.00000000  0.00470099    0.00741205  0.00000000    0.25817312  0.00000000

     Dynamical  Matrix in cartesian axes

     q = (    0.333333333  -0.333333333   0.000000000 ) 

    1    1
  0.25817312  0.00000000   -0.00741205  0.00000000    0.00000000 -0.00470099
 -0.00741205  0.00000000    0.25817312  0.00000000    0.00000000  0.00470099
  0.00000000  0.00470099    0.00000000 -0.00470099    0.25969422  0.00000000
    1    2
 -0.18452037 -0.00000000   -0.04036864 -0.00000000    0.00000000  0.06732608
 -0.04036864 -0.00000000   -0.18452037 -0.00000000    0.00000000 -0.06732608
  0.00000000  0.06732608    0.00000000 -0.06732608   -0.19428271 -0.00000000
    2    1
 -0.18452037 -0.00000000   -0.04036864  0.00000000    0.00000000 -0.06732608
 -0.04036864  0.00000000   -0.18452037  0.00000000    0.00000000  0.06732608
 -0.00000000 -0.06732608    0.00000000  0.06732608   -0.19428271 -0.00000000
    2    2
  0.25817312  0.00000000   -0.00741205  0.00000000   -0.00000000  0.00470099
 -0.00741205  0.00000000    0.25817312  0.00000000    0.00000000 -0.00470099
  0.00000000 -0.00470099    0.00000000  0.00470099    0.25969422  0.00000000

     Dynamical  Matrix in cartesian axes

     q = (    0.333333333   0.333333333   0.000000000 ) 

    1    1
  0.25817312  0.00000000    0.00741205  0.00000000   -0.00000000  0.00470099
  0.00741205  0.00000000    0.25817312  0.00000000    0.00000000  0.00470099
 -0.00000000 -0.00470099    0.00000000 -0.00470099    0.25969422  0.00000000
    1    2
 -0.09226018  0.15979933    0.02018432 -0.03496027   -0.05830609 -0.03366304
  0.02018432 -0.03496027   -0.09226018  0.15979933   -0.05830609 -0.03366304
 -0.05830609 -0.03366304   -0.05830609 -0.03366304   -0.09714136  0.16825377
    2    1
 -0.09226018 -0.15979933    0.02018432  0.03496027   -0.05830609  0.03366304
  0.02018432  0.03496027   -0.09226018 -0.15979933   -0.05830609  0.03366304
 -0.05830609  0.03366304   -0.05830609  0.03366304   -0.09714136 -0.16825377
    2    2
  0.25817312  0.00000000    0.00741205  0.00000000   -0.00000000 -0.00470099
  0.00741205  0.00000000    0.25817312  0.00000000   -0.00000000 -0.00470099
  0.00000000  0.00470099    0.00000000  0.00470099    0.25969422  0.00000000

     Dynamical  Matrix in cartesian axes

     q = (   -0.333333333  -0.333333333   0.000000000 ) 

    1    1
  0.25817312  0.00000000    0.00741205  0.00000000   -0.00000000 -0.00470099
  0.00741205  0.00000000    0.25817312  0.00000000   -0.00000000 -0.00470099
  0.00000000  0.00470099    0.00000000  0.00470099    0.25969422  0.00000000
    1    2
 -0.09226018 -0.15979933    0.02018432  0.03496027   -0.05830609  0.03366304
  0.02018432  0.03496027   -0.09226018 -0.15979933   -0.05830609  0.03366304
 -0.05830609  0.03366304   -0.05830609  0.03366304   -0.09714136 -0.16825377
    2    1
 -0.09226018  0.15979933    0.02018432 -0.03496027   -0.05830609 -0.03366304
  0.02018432 -0.03496027   -0.09226018  0.15979933   -0.05830609 -0.03366304
 -0.05830609 -0.03366304   -0.05830609 -0.03366304   -0.09714136  0.16825377
    2    2
  0.25817312  0.00000000    0.00741205  0.00000000   -0.00000000  0.00470099
  0.00741205  0.00000000    0.25817312  0.00000000    0.00000000  0.00470099
  0.00000000 -0.00470099    0.00000000 -0.00470099    0.25969422  0.00000000

     Dynamical  Matrix in cartesian axes

     q = (    0.000000000  -0.333333333   0.333333333 ) 

    1    1
  0.25969422  0.00000000   -0.00000000 -0.00470099    0.00000000  0.00470099
  0.00000000  0.00470099    0.25817312  0.00000000   -0.00741205  0.00000000
  0.00000000 -0.00470099   -0.00741205  0.00000000    0.25817312  0.00000000
    1    2
 -0.19428271 -0.00000000   -0.00000000 -0.06732608    0.00000000  0.06732608
 -0.00000000 -0.06732608   -0.18452037 -0.00000000   -0.04036864  0.00000000
  0.00000000  0.06732608   -0.04036864  0.00000000   -0.18452037 -0.00000000
    2    1
 -0.19428271  0.00000000    0.00000000  0.06732608    0.00000000 -0.06732608
  0.00000000  0.06732608   -0.18452037 -0.00000000   -0.04036864  0.00000000
  0.00000000 -0.06732608   -0.04036864  0.00000000   -0.18452037 -0.00000000
    2    2
  0.25969422  0.00000000   -0.00000000  0.00470099    0.00000000 -0.00470099
  0.00000000 -0.00470099    0.25817312  0.00000000   -0.00741205  0.00000000
  0.00000000  0.00470099   -0.00741205  0.00000000    0.25817312  0.00000000

     Diagonalizing the dynamical matrix

     q = (    0.333333333   0.000000000   0.333333333 ) 

 **************************************************************************
     freq (    1) =       3.307353 [THz] =     110.321419 [cm-1]
 ( -0.250000  0.433013 -0.000000  0.000000  0.250000 -0.433013 ) 
 ( -0.500000  0.000000 -0.000000 -0.000000  0.500000  0.000000 ) 
     freq (    2) =       4.311495 [THz] =     143.815985 [cm-1]
 ( -0.058833  0.101902  0.595174  0.343624 -0.058833  0.101902 ) 
 (  0.117667 -0.000000  0.000000  0.687247  0.117667  0.000000 ) 
     freq (    3) =       6.260868 [THz] =     208.840067 [cm-1]
 (  0.240618 -0.416763  0.166184  0.095947  0.240618 -0.416763 ) 
 (  0.481236  0.000000  0.000000 -0.191893  0.481236  0.000000 ) 
     freq (    4) =      13.501907 [THz] =     450.375142 [cm-1]
 (  0.242979 -0.420851  0.144112  0.083203  0.242979 -0.420851 ) 
 ( -0.485957 -0.000000  0.000000  0.166406 -0.485957  0.000000 ) 
     freq (    5) =      14.181064 [THz] =     473.029383 [cm-1]
 (  0.250000 -0.433013  0.000000  0.000000 -0.250000  0.433013 ) 
 ( -0.500000 -0.000000  0.000000 -0.000000  0.500000  0.000000 ) 
     freq (    6) =      14.285738 [THz] =     476.520912 [cm-1]
 (  0.067844 -0.117510 -0.589392 -0.340286  0.067844 -0.117510 ) 
 (  0.135689  0.000000 -0.000000  0.680571  0.135689  0.000000 ) 
 **************************************************************************
