Dynamical matrix file
                                                                           
  1    2  2 10.3040000  0.0000000  0.0000000  0.0000000  0.0000000  0.0000000
           1  'Si  '    25598.8229845270     
    1    1      0.0000000000      0.0000000000      0.0000000000
    2    1      0.2500000000      0.2500000000      0.2500000000

     Dynamical  Matrix in cartesian axes

     q = (    0.666666667   0.000000000   0.666666667 ) 

    1    1
  0.25210739  0.00000000    0.00000000  0.00803110    0.00781874  0.00000000
  0.00000000 -0.00803110    0.29624870  0.00000000    0.00000000 -0.00803110
  0.00781874  0.00000000    0.00000000  0.00803110    0.25210739  0.00000000
    1    2
  0.03016544  0.05224808   -0.06620638  0.03822427   -0.06918774 -0.11983668
 -0.06620638  0.03822427    0.04154932  0.07196553   -0.06620638  0.03822427
 -0.06918774 -0.11983668   -0.06620638  0.03822427    0.03016544  0.05224808
    2    1
  0.03016544 -0.05224808   -0.06620638 -0.03822427   -0.06918774  0.11983668
 -0.06620638 -0.03822427    0.04154932 -0.07196553   -0.06620638 -0.03822427
 -0.06918774  0.11983668   -0.06620638 -0.03822427    0.03016544 -0.05224808
    2    2
  0.25210739  0.00000000    0.00000000 -0.00803110    0.00781874  0.00000000
  0.00000000  0.00803110    0.29624870  0.00000000    0.00000000  0.00803110
  0.00781874  0.00000000    0.00000000 -0.00803110    0.25210739  0.00000000

     Dynamical  Matrix in cartesian axes

     q = (   -0.666666667   0.000000000   0.666666667 ) 

    1    1
  0.25210739  0.00000000    0.00000000  0.00803110   -0.00781874  0.00000000
  0.00000000 -0.00803110    0.29624870  0.00000000    0.00000000  0.00803110
 -0.00781874  0.00000000    0.00000000 -0.00803110    0.25210739  0.00000000
    1    2
 -0.06033089  0.00000000    0.00000000 -0.07644854   -0.13837547  0.00000000
 -0.00000000 -0.07644854   -0.08309864  0.00000000    0.00000000  0.07644854
 -0.13837547  0.00000000   -0.00000000  0.07644854   -0.06033089  0.00000000
    2    1
 -0.06033089 -0.00000000   -0.00000000  0.07644854   -0.13837547  0.00000000
 -0.00000000  0.07644854   -0.08309864 -0.00000000    0.00000000 -0.07644854
 -0.13837547  0.00000000    0.00000000 -0.07644854   -0.06033089  0.00000000
    2    2
  0.25210739  0.00000000    0.00000000 -0.00803110   -0.00781874  0.00000000
  0.00000000  0.00803110    0.29624870  0.00000000    0.00000000 -0.00803110
 -0.00781874  0.00000000    0.00000000  0.00803110    0.25210739  0.00000000

     Dynamical  Matrix in cartesian axes

     q = (   -0.666666667   0.000000000  -0.666666667 ) 

    1    1
  0.25210739  0.00000000    0.00000000 -0.00803110    0.00781874  0.00000000
  0.00000000  0.00803110    0.29624870  0.00000000    0.00000000  0.00803110
  0.00781874  0.00000000    0.00000000 -0.00803110    0.25210739  0.00000000
    1    2
  0.03016544 -0.05224808   -0.06620638 -0.03822427   -0.06918774  0.11983668
 -0.06620638 -0.03822427    0.04154932 -0.07196553   -0.06620638 -0.03822427
 -0.06918774  0.11983668   -0.06620638 -0.03822427    0.03016544 -0.05224808
    2    1
  0.03016544  0.05224808   -0.06620638  0.03822427   -0.06918774 -0.11983668
 -0.06620638  0.03822427    0.04154932  0.07196553   -0.06620638  0.03822427
 -0.06918774 -0.11983668   -0.06620638  0.03822427    0.03016544  0.05224808
    2    2
  0.25210739  0.00000000    0.00000000  0.00803110    0.00781874  0.00000000
  0.00000000 -0.00803110    0.29624870  0.00000000    0.00000000 -0.00803110
  0.00781874  0.00000000    0.00000000  0.00803110    0.25210739  0.00000000

     Dynamical  Matrix in cartesian axes

     q = (    0.666666667   0.000000000  -0.666666667 ) 

    1    1
  0.25210739  0.00000000    0.00000000 -0.00803110   -0.00781874  0.00000000
  0.00000000  0.00803110    0.29624870  0.00000000    0.00000000 -0.00803110
 -0.00781874  0.00000000    0.00000000  0.00803110    0.25210739  0.00000000
    1    2
 -0.06033089  0.00000000    0.00000000  0.07644854   -0.13837547  0.00000000
  0.00000000  0.07644854   -0.08309864 -0.00000000    0.00000000 -0.07644854
 -0.13837547  0.00000000    0.00000000 -0.07644854   -0.06033089  0.00000000
    2    1
 -0.06033089  0.00000000    0.00000000 -0.07644854   -0.13837547  0.00000000
  0.00000000 -0.07644854   -0.08309864  0.00000000    0.00000000  0.07644854
 -0.13837547  0.00000000   -0.00000000  0.07644854   -0.06033089  0.00000000
    2    2
  0.25210739  0.00000000    0.00000000  0.00803110   -0.00781874  0.00000000
  0.00000000 -0.00803110    0.29624870  0.00000000    0.00000000  0.00803110
 -0.00781874  0.00000000    0.00000000 -0.00803110    0.25210739  0.00000000

     Dynamical  Matrix in cartesian axes

     q = (    0.000000000   0.666666667  -0.666666667 ) 

    1    1
  0.29624870  0.00000000   -0.00000000  0.00803110    0.00000000 -0.00803110
  0.00000000 -0.00803110    0.25210739  0.00000000   -0.00781874  0.00000000
 -0.00000000  0.00803110   -0.00781874  0.00000000    0.25210739  0.00000000
    1    2
 -0.08309864 -0.00000000   -0.00000000  0.07644854    0.00000000 -0.07644854
 -0.00000000  0.07644854   -0.06033089  0.00000000   -0.13837547  0.00000000
 -0.00000000 -0.07644854   -0.13837547  0.00000000   -0.06033089  0.00000000
    2    1
 -0.08309864 -0.00000000    0.00000000 -0.07644854   -0.00000000  0.07644854
  0.00000000 -0.07644854   -0.06033089  0.00000000   -0.13837547 -0.00000000
 -0.00000000  0.07644854   -0.13837547 -0.00000000   -0.06033089  0.00000000
    2    2
  0.29624870  0.00000000    0.00000000 -0.00803110    0.00000000  0.00803110
  0.00000000  0.00803110    0.25210739  0.00000000   -0.00781874  0.00000000
  0.00000000 -0.00803110   -0.00781874  0.00000000    0.25210739  0.00000000

     Dynamical  Matrix in cartesian axes

     q = (   -0.666666667   0.666666667   0.000000000 ) 

    1    1
  0.25210739  0.00000000   -0.00781874  0.00000000   -0.00000000  0.00803110
 -0.00781874  0.00000000    0.25210739  0.00000000   -0.00000000 -0.00803110
  0.00000000 -0.00803110    0.00000000  0.00803110    0.29624870  0.00000000
    1    2
 -0.06033089 -0.00000000   -0.13837547 -0.00000000    0.00000000 -0.07644854
 -0.13837547 -0.00000000   -0.06033089 -0.00000000   -0.00000000  0.07644854
  0.00000000 -0.07644854   -0.00000000  0.07644854   -0.08309864 -0.00000000
    2    1
 -0.06033089  0.00000000   -0.13837547  0.00000000    0.00000000  0.07644854
 -0.13837547  0.00000000   -0.06033089  0.00000000   -0.00000000 -0.07644854
  0.00000000  0.07644854   -0.00000000 -0.07644854   -0.08309864  0.00000000
    2    2
  0.25210739  0.00000000   -0.00781874  0.00000000   -0.00000000 -0.00803110
 -0.00781874  0.00000000    0.25210739  0.00000000   -0.00000000  0.00803110
  0.00000000  0.00803110    0.00000000 -0.00803110    0.29624870  0.00000000

     Dynamical  Matrix in cartesian axes

     q = (    0.000000000   0.666666667   0.666666667 ) 

    1    1
  0.29624870  0.00000000   -0.00000000 -0.00803110    0.00000000 -0.00803110
  0.00000000  0.00803110    0.25210739  0.00000000    0.00781874  0.00000000
 -0.00000000  0.00803110    0.00781874  0.00000000    0.25210739  0.00000000
    1    2
  0.04154932  0.07196553   -0.06620638  0.03822427   -0.06620638  0.03822427
 -0.06620638  0.03822427    0.03016544  0.05224808   -0.06918774 -0.11983668
 -0.06620638  0.03822427   -0.06918774 -0.11983668    0.03016544  0.05224808
    2    1
  0.04154932 -0.07196553   -0.06620638 -0.03822427   -0.06620638 -0.03822427
 -0.06620638 -0.03822427    0.03016544 -0.05224808   -0.06918774  0.11983668
 -0.06620638 -0.03822427   -0.06918774  0.11983668    0.03016544 -0.05224808
    2    2
  0.29624870  0.00000000   -0.00000000  0.00803110    0.00000000  0.00803110
  0.00000000 -0.00803110    0.25210739  0.00000000    0.00781874  0.00000000
 -0.00000000 -0.00803110    0.00781874  0.00000000    0.25210739  0.00000000

     Dynamical  Matrix in cartesian axes

     q = (    0.000000000  -0.666666667  -0.666666667 ) 

    1    1
  0.29624870  0.00000000   -0.00000000  0.00803110    0.00000000  0.00803110
  0.00000000 -0.00803110    0.25210739  0.00000000    0.00781874  0.00000000
 -0.00000000 -0.00803110    0.00781874  0.00000000    0.25210739  0.00000000
    1    2
  0.04154932 -0.07196553   -0.06620638 -0.03822427   -0.06620638 -0.03822427
 -0.06620638 -0.03822427    0.03016544 -0.05224808   -0.06918774  0.11983668
 -0.06620638 -0.03822427   -0.06918774  0.11983668    0.03016544 -0.05224808
    2    1
  0.04154932  0.07196553   -0.06620638  0.03822427   -0.06620638  0.03822427
 -0.06620638  0.03822427    0.03016544  0.05224808   -0.06918774 -0.11983668
 -0.06620638  0.03822427   -0.06918774 -0.11983668    0.03016544  0.05224808
    2    2
  0.29624870  0.00000000   -0.00000000 -0.00803110    0.00000000 -0.00803110
  0.00000000  0.00803110    0.25210739  0.00000000    0.00781874  0.00000000
 -0.00000000  0.00803110    0.00781874  0.00000000    0.25210739  0.00000000

     Dynamical  Matrix in cartesian axes

     q = (    0.666666667  -0.666666667   0.000000000 ) 

    1    1
  0.25210739  0.00000000   -0.00781874  0.00000000    0.00000000 -0.00803110
 -0.00781874  0.00000000    0.25210739  0.00000000    0.00000000  0.00803110
  0.00000000  0.00803110    0.00000000 -0.00803110    0.29624870  0.00000000
    1    2
 -0.06033089  0.00000000   -0.13837547  0.00000000    0.00000000  0.07644854
 -0.13837547  0.00000000   -0.06033089  0.00000000   -0.00000000 -0.07644854
  0.00000000  0.07644854   -0.00000000 -0.07644854   -0.08309864  0.00000000
    2    1
 -0.06033089 -0.00000000   -0.13837547 -0.00000000    0.00000000 -0.07644854
 -0.13837547 -0.00000000   -0.06033089 -0.00000000   -0.00000000  0.07644854
  0.00000000 -0.07644854   -0.00000000  0.07644854   -0.08309864 -0.00000000
    2    2
  0.25210739  0.00000000   -0.00781874  0.00000000   -0.00000000  0.00803110
 -0.00781874  0.00000000    0.25210739  0.00000000   -0.00000000 -0.00803110
  0.00000000 -0.00803110    0.00000000  0.00803110    0.29624870  0.00000000

     Dynamical  Matrix in cartesian axes

     q = (    0.666666667   0.666666667   0.000000000 ) 

    1    1
  0.25210739  0.00000000    0.00781874  0.00000000   -0.00000000  0.00803110
  0.00781874  0.00000000    0.25210739  0.00000000   -0.00000000  0.00803110
  0.00000000 -0.00803110    0.00000000 -0.00803110    0.29624870  0.00000000
    1    2
  0.03016544  0.05224808   -0.06918774 -0.11983668   -0.06620638  0.03822427
 -0.06918774 -0.11983668    0.03016544  0.05224808   -0.06620638  0.03822427
 -0.06620638  0.03822427   -0.06620638  0.03822427    0.04154932  0.07196553
    2    1
  0.03016544 -0.05224808   -0.06918774  0.11983668   -0.06620638 -0.03822427
 -0.06918774  0.11983668    0.03016544 -0.05224808   -0.06620638 -0.03822427
 -0.06620638 -0.03822427   -0.06620638 -0.03822427    0.04154932 -0.07196553
    2    2
  0.25210739  0.00000000    0.00781874  0.00000000   -0.00000000 -0.00803110
  0.00781874  0.00000000    0.25210739  0.00000000   -0.00000000 -0.00803110
  0.00000000  0.00803110    0.00000000  0.00803110    0.29624870  0.00000000

     Dynamical  Matrix in cartesian axes

     q = (   -0.666666667  -0.666666667   0.000000000 ) 

    1    1
  0.25210739  0.00000000    0.00781874  0.00000000   -0.00000000 -0.00803110
  0.00781874  0.00000000    0.25210739  0.00000000   -0.00000000 -0.00803110
  0.00000000  0.00803110    0.00000000  0.00803110    0.29624870  0.00000000
    1    2
  0.03016544 -0.05224808   -0.06918774  0.11983668   -0.06620638 -0.03822427
 -0.06918774  0.11983668    0.03016544 -0.05224808   -0.06620638 -0.03822427
 -0.06620638 -0.03822427   -0.06620638 -0.03822427    0.04154932 -0.07196553
    2    1
  0.03016544  0.05224808   -0.06918774 -0.11983668   -0.06620638  0.03822427
 -0.06918774 -0.11983668    0.03016544  0.05224808   -0.06620638  0.03822427
 -0.06620638  0.03822427   -0.06620638  0.03822427    0.04154932  0.07196553
    2    2
  0.25210739  0.00000000    0.00781874  0.00000000   -0.00000000  0.00803110
  0.00781874  0.00000000    0.25210739  0.00000000   -0.00000000  0.00803110
  0.00000000 -0.00803110    0.00000000 -0.00803110    0.29624870  0.00000000

     Dynamical  Matrix in cartesian axes

     q = (    0.000000000  -0.666666667   0.666666667 ) 

    1    1
  0.29624870  0.00000000   -0.00000000 -0.00803110    0.00000000  0.00803110
  0.00000000  0.00803110    0.25210739  0.00000000   -0.00781874  0.00000000
 -0.00000000 -0.00803110   -0.00781874  0.00000000    0.25210739  0.00000000
    1    2
 -0.08309864 -0.00000000   -0.00000000 -0.07644854   -0.00000000  0.07644854
 -0.00000000 -0.07644854   -0.06033089  0.00000000   -0.13837547 -0.00000000
  0.00000000  0.07644854   -0.13837547 -0.00000000   -0.06033089  0.00000000
    2    1
 -0.08309864 -0.00000000   -0.00000000  0.07644854    0.00000000 -0.07644854
 -0.00000000  0.07644854   -0.06033089  0.00000000   -0.13837547  0.00000000
  0.00000000 -0.07644854   -0.13837547  0.00000000   -0.06033089  0.00000000
    2    2
  0.29624870  0.00000000   -0.00000000  0.00803110    0.00000000 -0.00803110
  0.00000000 -0.00803110    0.25210739  0.00000000   -0.00781874  0.00000000
 -0.00000000  0.00803110   -0.00781874  0.00000000    0.25210739  0.00000000

     Diagonalizing the dynamical matrix

     q = (    0.666666667  -0.000000000   0.666666667 ) 

 **************************************************************************
     freq (    1) =       4.389986 [THz] =     146.434162 [cm-1]
 (  0.250000  0.433013  0.000000  0.000000 -0.250000 -0.433013 ) 
 ( -0.500000  0.000000 -0.000000 -0.000000  0.500000  0.000000 ) 
     freq (    2) =       6.486123 [THz] =     216.353789 [cm-1]
 ( -0.190354 -0.329704 -0.396978  0.229195 -0.190354 -0.329704 ) 
 ( -0.380709  0.000000 -0.000000 -0.458390 -0.380709  0.000000 ) 
     freq (    3) =      10.018747 [THz] =     334.189435 [cm-1]
 ( -0.191264 -0.331279  0.394345 -0.227675 -0.191264 -0.331279 ) 
 (  0.382529 -0.000000 -0.000000 -0.455350  0.382529  0.000000 ) 
     freq (    4) =      11.178000 [THz] =     372.857943 [cm-1]
 (  0.162065  0.280705 -0.466271  0.269202  0.162065  0.280705 ) 
 (  0.324131  0.000000 -0.000000 -0.538404  0.324131  0.000000 ) 
     freq (    5) =      13.685619 [THz] =     456.503125 [cm-1]
 (  0.250000  0.433013 -0.000000  0.000000 -0.250000 -0.433013 ) 
 (  0.500000  0.000000 -0.000000  0.000000 -0.500000  0.000000 ) 
     freq (    6) =      14.244415 [THz] =     475.142536 [cm-1]
 ( -0.160991 -0.278844 -0.468500  0.270489 -0.160991 -0.278844 ) 
 (  0.321981  0.000000 -0.000000  0.540977  0.321981  0.000000 ) 
 **************************************************************************
