Dynamical matrix file
                                                                           
  1    2  2 10.3160000  0.0000000  0.0000000  0.0000000  0.0000000  0.0000000
           1  'Si  '    25598.8229845270     
    1    1      0.0000000000      0.0000000000      0.0000000000
    2    1      0.2500000000      0.2500000000      0.2500000000

     Dynamical  Matrix in cartesian axes

     q = (    0.000000000   0.333333333   0.000000000 ) 

    1    1
  0.25529512  0.00000000    0.00000000  0.00000000   -0.00000000 -0.00000000
  0.00000000  0.00000000    0.29044221  0.00000000    0.00000000  0.00000000
 -0.00000000 -0.00000000   -0.00000000  0.00000000    0.25529512  0.00000000
    1    2
 -0.19067148  0.11008423    0.00000000  0.00000000   -0.04029528 -0.06979347
  0.00000000  0.00000000   -0.20273832  0.11705102    0.00000000 -0.00000000
 -0.04029528 -0.06979347    0.00000000 -0.00000000   -0.19067148  0.11008423
    2    1
 -0.19067148 -0.11008423    0.00000000  0.00000000   -0.04029528  0.06979347
  0.00000000  0.00000000   -0.20273832 -0.11705102    0.00000000  0.00000000
 -0.04029528  0.06979347    0.00000000  0.00000000   -0.19067148 -0.11008423
    2    2
  0.25529512  0.00000000    0.00000000  0.00000000   -0.00000000  0.00000000
  0.00000000  0.00000000    0.29044221  0.00000000   -0.00000000  0.00000000
 -0.00000000  0.00000000   -0.00000000  0.00000000    0.25529512  0.00000000

     Dynamical  Matrix in cartesian axes

     q = (    0.333333333   0.000000000   0.000000000 ) 

    1    1
  0.29044221  0.00000000    0.00000000  0.00000000    0.00000000  0.00000000
  0.00000000  0.00000000    0.25529512  0.00000000    0.00000000 -0.00000000
  0.00000000  0.00000000    0.00000000 -0.00000000    0.25529512  0.00000000
    1    2
 -0.20273832  0.11705102   -0.00000000  0.00000000   -0.00000000  0.00000000
  0.00000000 -0.00000000   -0.19067148  0.11008423   -0.04029528 -0.06979347
 -0.00000000  0.00000000   -0.04029528 -0.06979347   -0.19067148  0.11008423
    2    1
 -0.20273832 -0.11705102   -0.00000000 -0.00000000   -0.00000000  0.00000000
 -0.00000000 -0.00000000   -0.19067148 -0.11008423   -0.04029528  0.06979347
 -0.00000000  0.00000000   -0.04029528  0.06979347   -0.19067148 -0.11008423
    2    2
  0.29044221  0.00000000    0.00000000  0.00000000    0.00000000  0.00000000
  0.00000000  0.00000000    0.25529512  0.00000000    0.00000000  0.00000000
  0.00000000  0.00000000    0.00000000  0.00000000    0.25529512  0.00000000

     Dynamical  Matrix in cartesian axes

     q = (    0.000000000   0.000000000   0.333333333 ) 

    1    1
  0.25529512  0.00000000    0.00000000 -0.00000000   -0.00000000  0.00000000
  0.00000000 -0.00000000    0.25529512  0.00000000   -0.00000000  0.00000000
 -0.00000000  0.00000000   -0.00000000  0.00000000    0.29044221  0.00000000
    1    2
 -0.19067148  0.11008423   -0.04029528 -0.06979347    0.00000000  0.00000000
 -0.04029528 -0.06979347   -0.19067148  0.11008423    0.00000000 -0.00000000
  0.00000000  0.00000000    0.00000000 -0.00000000   -0.20273832  0.11705102
    2    1
 -0.19067148 -0.11008423   -0.04029528  0.06979347   -0.00000000 -0.00000000
 -0.04029528  0.06979347   -0.19067148 -0.11008423   -0.00000000 -0.00000000
  0.00000000  0.00000000    0.00000000  0.00000000   -0.20273832 -0.11705102
    2    2
  0.25529512  0.00000000    0.00000000  0.00000000    0.00000000  0.00000000
  0.00000000  0.00000000    0.25529512  0.00000000    0.00000000  0.00000000
 -0.00000000  0.00000000   -0.00000000  0.00000000    0.29044221  0.00000000

     Dynamical  Matrix in cartesian axes

     q = (    0.000000000  -0.333333333   0.000000000 ) 

    1    1
  0.25529512  0.00000000    0.00000000  0.00000000    0.00000000  0.00000000
  0.00000000  0.00000000    0.29044221  0.00000000   -0.00000000  0.00000000
 -0.00000000  0.00000000   -0.00000000  0.00000000    0.25529512  0.00000000
    1    2
 -0.19067148 -0.11008423    0.00000000 -0.00000000   -0.04029528  0.06979347
  0.00000000  0.00000000   -0.20273832 -0.11705102    0.00000000 -0.00000000
 -0.04029528  0.06979347    0.00000000 -0.00000000   -0.19067148 -0.11008423
    2    1
 -0.19067148  0.11008423   -0.00000000  0.00000000   -0.04029528 -0.06979347
 -0.00000000  0.00000000   -0.20273832  0.11705102   -0.00000000  0.00000000
 -0.04029528 -0.06979347    0.00000000  0.00000000   -0.19067148  0.11008423
    2    2
  0.25529512  0.00000000    0.00000000  0.00000000    0.00000000 -0.00000000
  0.00000000  0.00000000    0.29044221  0.00000000    0.00000000  0.00000000
 -0.00000000 -0.00000000    0.00000000  0.00000000    0.25529512  0.00000000

     Dynamical  Matrix in cartesian axes

     q = (   -0.333333333   0.000000000   0.000000000 ) 

    1    1
  0.29044221  0.00000000    0.00000000  0.00000000    0.00000000  0.00000000
  0.00000000  0.00000000    0.25529512  0.00000000    0.00000000  0.00000000
  0.00000000  0.00000000    0.00000000  0.00000000    0.25529512  0.00000000
    1    2
 -0.20273832 -0.11705102   -0.00000000 -0.00000000   -0.00000000  0.00000000
  0.00000000  0.00000000   -0.19067148 -0.11008423   -0.04029528  0.06979347
 -0.00000000  0.00000000   -0.04029528  0.06979347   -0.19067148 -0.11008423
    2    1
 -0.20273832  0.11705102    0.00000000  0.00000000   -0.00000000  0.00000000
  0.00000000 -0.00000000   -0.19067148  0.11008423   -0.04029528 -0.06979347
 -0.00000000  0.00000000   -0.04029528 -0.06979347   -0.19067148  0.11008423
    2    2
  0.29044221  0.00000000    0.00000000  0.00000000    0.00000000  0.00000000
  0.00000000  0.00000000    0.25529512  0.00000000    0.00000000 -0.00000000
  0.00000000  0.00000000    0.00000000 -0.00000000    0.25529512  0.00000000

     Dynamical  Matrix in cartesian axes

     q = (    0.000000000   0.000000000  -0.333333333 ) 

    1    1
  0.25529512  0.00000000    0.00000000  0.00000000    0.00000000  0.00000000
  0.00000000  0.00000000    0.25529512  0.00000000    0.00000000  0.00000000
 -0.00000000  0.00000000   -0.00000000  0.00000000    0.29044221  0.00000000
    1    2
 -0.19067148 -0.11008423   -0.04029528  0.06979347   -0.00000000 -0.00000000
 -0.04029528  0.06979347   -0.19067148 -0.11008423    0.00000000  0.00000000
  0.00000000 -0.00000000    0.00000000 -0.00000000   -0.20273832 -0.11705102
    2    1
 -0.19067148  0.11008423   -0.04029528 -0.06979347   -0.00000000  0.00000000
 -0.04029528 -0.06979347   -0.19067148  0.11008423    0.00000000  0.00000000
 -0.00000000  0.00000000   -0.00000000  0.00000000   -0.20273832  0.11705102
    2    2
  0.25529512  0.00000000    0.00000000 -0.00000000   -0.00000000  0.00000000
  0.00000000 -0.00000000    0.25529512  0.00000000   -0.00000000  0.00000000
  0.00000000  0.00000000    0.00000000  0.00000000    0.29044221  0.00000000

     Diagonalizing the dynamical matrix

     q = (    0.000000000   0.333333333   0.000000000 ) 

 **************************************************************************
     freq (    1) =       2.968375 [THz] =      99.014316 [cm-1]
 ( -0.087080 -0.183069  0.000000 -0.000000 -0.583693  0.343809 ) 
 (  0.017167  0.043077  0.000000 -0.000000 -0.705585  0.000000 ) 
     freq (    2) =       2.968375 [THz] =      99.014316 [cm-1]
 (  0.528157  0.424208 -0.000000 -0.000000 -0.112513  0.168637 ) 
 (  0.261210  0.655453 -0.000000 -0.000000  0.046371  0.000000 ) 
     freq (    3) =       4.880610 [THz] =     162.799612 [cm-1]
 ( -0.000000  0.000000 -0.509135  0.490695 -0.000000  0.000000 ) 
 ( -0.000000  0.000000 -0.686271  0.170386 -0.000000  0.000000 ) 
     freq (    4) =      14.389714 [THz] =     479.989193 [cm-1]
 ( -0.538848  0.388028  0.000000  0.000000 -0.142034 -0.197240 ) 
 (  0.703539 -0.070941 -0.000000 -0.000000 -0.000000  0.000000 ) 
     freq (    5) =      14.389714 [THz] =     479.989193 [cm-1]
 ( -0.121529 -0.210495  0.000000 -0.000000 -0.575058  0.332010 ) 
 (  0.000000 -0.000000 -0.000000  0.000000  0.707107  0.000000 ) 
     freq (    6) =      14.892106 [THz] =     496.747171 [cm-1]
 ( -0.000000 -0.000000  0.509135 -0.490695  0.000000 -0.000000 ) 
 (  0.000000  0.000000 -0.686271  0.170386 -0.000000  0.000000 ) 
 **************************************************************************
