Dynamical matrix file
                                                                           
  1    2  2 10.3880000  0.0000000  0.0000000  0.0000000  0.0000000  0.0000000
           1  'Si  '    25598.8229845270     
    1    1      0.0000000000      0.0000000000      0.0000000000
    2    1      0.2500000000      0.2500000000      0.2500000000

     Dynamical  Matrix in cartesian axes

     q = (    0.666666667  -0.333333333   0.666666667 ) 

    1    1
  0.24648608  0.00000000   -0.01077097  0.00700511    0.00960997  0.00000000
 -0.01077097 -0.00700511    0.27476853  0.00000000   -0.01077097 -0.00700511
  0.00960997  0.00000000   -0.01077097  0.00700511    0.24648608  0.00000000
    1    2
 -0.09271325  0.05474508   -0.05936753  0.03671053    0.02526711 -0.10518722
 -0.05936753  0.03671053   -0.09665376  0.06955969   -0.05936753  0.03671053
  0.02526711 -0.10518722   -0.05936753  0.03671053   -0.09271325  0.05474508
    2    1
 -0.09271325 -0.05474508   -0.05936753 -0.03671053    0.02526711  0.10518722
 -0.05936753 -0.03671053   -0.09665376 -0.06955969   -0.05936753 -0.03671053
  0.02526711  0.10518722   -0.05936753 -0.03671053   -0.09271325 -0.05474508
    2    2
  0.24648608  0.00000000   -0.01077097 -0.00700511    0.00960997  0.00000000
 -0.01077097  0.00700511    0.27476853  0.00000000   -0.01077097  0.00700511
  0.00960997  0.00000000   -0.01077097 -0.00700511    0.24648608  0.00000000

     Dynamical  Matrix in cartesian axes

     q = (   -0.666666667  -0.333333333  -0.666666667 ) 

    1    1
  0.24648608  0.00000000    0.01077097 -0.00700511    0.00960997  0.00000000
  0.01077097  0.00700511    0.27476853  0.00000000    0.01077097  0.00700511
  0.00960997  0.00000000    0.01077097 -0.00700511    0.24648608  0.00000000
    1    2
  0.09376725  0.05291949   -0.06147602 -0.03305853   -0.10372836  0.03071165
 -0.06147602 -0.03305853    0.10856734  0.04892476   -0.06147602 -0.03305853
 -0.10372836  0.03071165   -0.06147602 -0.03305853    0.09376725  0.05291949
    2    1
  0.09376725 -0.05291949   -0.06147602  0.03305853   -0.10372836 -0.03071165
 -0.06147602  0.03305853    0.10856734 -0.04892476   -0.06147602  0.03305853
 -0.10372836 -0.03071165   -0.06147602  0.03305853    0.09376725 -0.05291949
    2    2
  0.24648608  0.00000000    0.01077097  0.00700511    0.00960997  0.00000000
  0.01077097 -0.00700511    0.27476853  0.00000000    0.01077097 -0.00700511
  0.00960997  0.00000000    0.01077097  0.00700511    0.24648608  0.00000000

     Dynamical  Matrix in cartesian axes

     q = (    0.666666667  -0.333333333  -0.666666667 ) 

    1    1
  0.24648608  0.00000000   -0.01077097 -0.00700511   -0.00960997  0.00000000
 -0.01077097  0.00700511    0.27476853  0.00000000    0.01077097 -0.00700511
 -0.00960997  0.00000000    0.01077097  0.00700511    0.24648608  0.00000000
    1    2
 -0.09376725  0.05291949   -0.06147602  0.03305853   -0.10372836 -0.03071165
 -0.06147602  0.03305853   -0.10856734  0.04892476    0.06147602 -0.03305853
 -0.10372836 -0.03071165    0.06147602 -0.03305853   -0.09376725  0.05291949
    2    1
 -0.09376725 -0.05291949   -0.06147602 -0.03305853   -0.10372836  0.03071165
 -0.06147602 -0.03305853   -0.10856734 -0.04892476    0.06147602  0.03305853
 -0.10372836  0.03071165    0.06147602  0.03305853   -0.09376725 -0.05291949
    2    2
  0.24648608  0.00000000   -0.01077097  0.00700511   -0.00960997  0.00000000
 -0.01077097 -0.00700511    0.27476853  0.00000000    0.01077097  0.00700511
 -0.00960997  0.00000000    0.01077097 -0.00700511    0.24648608  0.00000000

     Dynamical  Matrix in cartesian axes

     q = (   -0.666666667  -0.333333333   0.666666667 ) 

    1    1
  0.24648608  0.00000000    0.01077097  0.00700511   -0.00960997  0.00000000
  0.01077097 -0.00700511    0.27476853  0.00000000   -0.01077097  0.00700511
 -0.00960997  0.00000000   -0.01077097 -0.00700511    0.24648608  0.00000000
    1    2
 -0.09376725  0.05291949    0.06147602 -0.03305853   -0.10372836 -0.03071165
  0.06147602 -0.03305853   -0.10856734  0.04892476   -0.06147602  0.03305853
 -0.10372836 -0.03071165   -0.06147602  0.03305853   -0.09376725  0.05291949
    2    1
 -0.09376725 -0.05291949    0.06147602  0.03305853   -0.10372836  0.03071165
  0.06147602  0.03305853   -0.10856734 -0.04892476   -0.06147602 -0.03305853
 -0.10372836  0.03071165   -0.06147602 -0.03305853   -0.09376725 -0.05291949
    2    2
  0.24648608  0.00000000    0.01077097 -0.00700511   -0.00960997  0.00000000
  0.01077097  0.00700511    0.27476853  0.00000000   -0.01077097 -0.00700511
 -0.00960997  0.00000000   -0.01077097  0.00700511    0.24648608  0.00000000

     Dynamical  Matrix in cartesian axes

     q = (   -0.333333333   0.666666667  -0.666666667 ) 

    1    1
  0.27476853  0.00000000   -0.01077097  0.00700511    0.01077097 -0.00700511
 -0.01077097 -0.00700511    0.24648608  0.00000000   -0.00960997  0.00000000
  0.01077097  0.00700511   -0.00960997  0.00000000    0.24648608  0.00000000
    1    2
 -0.10856734  0.04892476   -0.06147602  0.03305853    0.06147602 -0.03305853
 -0.06147602  0.03305853   -0.09376725  0.05291949   -0.10372836 -0.03071165
  0.06147602 -0.03305853   -0.10372836 -0.03071165   -0.09376725  0.05291949
    2    1
 -0.10856734 -0.04892476   -0.06147602 -0.03305853    0.06147602  0.03305853
 -0.06147602 -0.03305853   -0.09376725 -0.05291949   -0.10372836  0.03071165
  0.06147602  0.03305853   -0.10372836  0.03071165   -0.09376725 -0.05291949
    2    2
  0.27476853  0.00000000   -0.01077097 -0.00700511    0.01077097  0.00700511
 -0.01077097  0.00700511    0.24648608  0.00000000   -0.00960997  0.00000000
  0.01077097 -0.00700511   -0.00960997  0.00000000    0.24648608  0.00000000

     Dynamical  Matrix in cartesian axes

     q = (   -0.666666667   0.666666667  -0.333333333 ) 

    1    1
  0.24648608  0.00000000   -0.00960997  0.00000000    0.01077097  0.00700511
 -0.00960997  0.00000000    0.24648608  0.00000000   -0.01077097 -0.00700511
  0.01077097 -0.00700511   -0.01077097  0.00700511    0.27476853  0.00000000
    1    2
 -0.09376725  0.05291949   -0.10372836 -0.03071165    0.06147602 -0.03305853
 -0.10372836 -0.03071165   -0.09376725  0.05291949   -0.06147602  0.03305853
  0.06147602 -0.03305853   -0.06147602  0.03305853   -0.10856734  0.04892476
    2    1
 -0.09376725 -0.05291949   -0.10372836  0.03071165    0.06147602  0.03305853
 -0.10372836  0.03071165   -0.09376725 -0.05291949   -0.06147602 -0.03305853
  0.06147602  0.03305853   -0.06147602 -0.03305853   -0.10856734 -0.04892476
    2    2
  0.24648608  0.00000000   -0.00960997  0.00000000    0.01077097 -0.00700511
 -0.00960997  0.00000000    0.24648608  0.00000000   -0.01077097  0.00700511
  0.01077097  0.00700511   -0.01077097 -0.00700511    0.27476853  0.00000000

     Dynamical  Matrix in cartesian axes

     q = (    0.666666667   0.333333333   0.666666667 ) 

    1    1
  0.24648608  0.00000000    0.01077097  0.00700511    0.00960997  0.00000000
  0.01077097 -0.00700511    0.27476853  0.00000000    0.01077097 -0.00700511
  0.00960997  0.00000000    0.01077097  0.00700511    0.24648608  0.00000000
    1    2
  0.09376725 -0.05291949   -0.06147602  0.03305853   -0.10372836 -0.03071165
 -0.06147602  0.03305853    0.10856734 -0.04892476   -0.06147602  0.03305853
 -0.10372836 -0.03071165   -0.06147602  0.03305853    0.09376725 -0.05291949
    2    1
  0.09376725  0.05291949   -0.06147602 -0.03305853   -0.10372836  0.03071165
 -0.06147602 -0.03305853    0.10856734  0.04892476   -0.06147602 -0.03305853
 -0.10372836  0.03071165   -0.06147602 -0.03305853    0.09376725  0.05291949
    2    2
  0.24648608  0.00000000    0.01077097 -0.00700511    0.00960997  0.00000000
  0.01077097  0.00700511    0.27476853  0.00000000    0.01077097  0.00700511
  0.00960997  0.00000000    0.01077097 -0.00700511    0.24648608  0.00000000

     Dynamical  Matrix in cartesian axes

     q = (   -0.666666667   0.333333333   0.666666667 ) 

    1    1
  0.24648608  0.00000000   -0.01077097  0.00700511   -0.00960997  0.00000000
 -0.01077097 -0.00700511    0.27476853  0.00000000    0.01077097  0.00700511
 -0.00960997  0.00000000    0.01077097 -0.00700511    0.24648608  0.00000000
    1    2
 -0.09376725 -0.05291949   -0.06147602 -0.03305853   -0.10372836  0.03071165
 -0.06147602 -0.03305853   -0.10856734 -0.04892476    0.06147602  0.03305853
 -0.10372836  0.03071165    0.06147602  0.03305853   -0.09376725 -0.05291949
    2    1
 -0.09376725  0.05291949   -0.06147602  0.03305853   -0.10372836 -0.03071165
 -0.06147602  0.03305853   -0.10856734  0.04892476    0.06147602 -0.03305853
 -0.10372836 -0.03071165    0.06147602 -0.03305853   -0.09376725  0.05291949
    2    2
  0.24648608  0.00000000   -0.01077097 -0.00700511   -0.00960997  0.00000000
 -0.01077097  0.00700511    0.27476853  0.00000000    0.01077097 -0.00700511
 -0.00960997  0.00000000    0.01077097  0.00700511    0.24648608  0.00000000

     Dynamical  Matrix in cartesian axes

     q = (    0.666666667   0.333333333  -0.666666667 ) 

    1    1
  0.24648608  0.00000000    0.01077097 -0.00700511   -0.00960997  0.00000000
  0.01077097  0.00700511    0.27476853  0.00000000   -0.01077097 -0.00700511
 -0.00960997  0.00000000   -0.01077097  0.00700511    0.24648608  0.00000000
    1    2
 -0.09376725 -0.05291949    0.06147602  0.03305853   -0.10372836  0.03071165
  0.06147602  0.03305853   -0.10856734 -0.04892476   -0.06147602 -0.03305853
 -0.10372836  0.03071165   -0.06147602 -0.03305853   -0.09376725 -0.05291949
    2    1
 -0.09376725  0.05291949    0.06147602 -0.03305853   -0.10372836 -0.03071165
  0.06147602 -0.03305853   -0.10856734  0.04892476   -0.06147602  0.03305853
 -0.10372836 -0.03071165   -0.06147602  0.03305853   -0.09376725  0.05291949
    2    2
  0.24648608  0.00000000    0.01077097  0.00700511   -0.00960997  0.00000000
  0.01077097 -0.00700511    0.27476853  0.00000000   -0.01077097  0.00700511
 -0.00960997  0.00000000   -0.01077097 -0.00700511    0.24648608  0.00000000

     Dynamical  Matrix in cartesian axes

     q = (   -0.333333333   0.666666667   0.666666667 ) 

    1    1
  0.27476853  0.00000000   -0.01077097 -0.00700511   -0.01077097 -0.00700511
 -0.01077097  0.00700511    0.24648608  0.00000000    0.00960997  0.00000000
 -0.01077097  0.00700511    0.00960997  0.00000000    0.24648608  0.00000000
    1    2
 -0.09665376  0.06955969   -0.05936753  0.03671053   -0.05936753  0.03671053
 -0.05936753  0.03671053   -0.09271325  0.05474508    0.02526711 -0.10518722
 -0.05936753  0.03671053    0.02526711 -0.10518722   -0.09271325  0.05474508
    2    1
 -0.09665376 -0.06955969   -0.05936753 -0.03671053   -0.05936753 -0.03671053
 -0.05936753 -0.03671053   -0.09271325 -0.05474508    0.02526711  0.10518722
 -0.05936753 -0.03671053    0.02526711  0.10518722   -0.09271325 -0.05474508
    2    2
  0.27476853  0.00000000   -0.01077097  0.00700511   -0.01077097  0.00700511
 -0.01077097 -0.00700511    0.24648608  0.00000000    0.00960997  0.00000000
 -0.01077097 -0.00700511    0.00960997  0.00000000    0.24648608  0.00000000

     Dynamical  Matrix in cartesian axes

     q = (    0.333333333   0.666666667  -0.666666667 ) 

    1    1
  0.27476853  0.00000000    0.01077097  0.00700511   -0.01077097 -0.00700511
  0.01077097 -0.00700511    0.24648608  0.00000000   -0.00960997  0.00000000
 -0.01077097  0.00700511   -0.00960997  0.00000000    0.24648608  0.00000000
    1    2
 -0.10856734 -0.04892476    0.06147602  0.03305853   -0.06147602 -0.03305853
  0.06147602  0.03305853   -0.09376725 -0.05291949   -0.10372836  0.03071165
 -0.06147602 -0.03305853   -0.10372836  0.03071165   -0.09376725 -0.05291949
    2    1
 -0.10856734  0.04892476    0.06147602 -0.03305853   -0.06147602  0.03305853
  0.06147602 -0.03305853   -0.09376725  0.05291949   -0.10372836 -0.03071165
 -0.06147602  0.03305853   -0.10372836 -0.03071165   -0.09376725  0.05291949
    2    2
  0.27476853  0.00000000    0.01077097 -0.00700511   -0.01077097  0.00700511
  0.01077097  0.00700511    0.24648608  0.00000000   -0.00960997  0.00000000
 -0.01077097 -0.00700511   -0.00960997  0.00000000    0.24648608  0.00000000

     Dynamical  Matrix in cartesian axes

     q = (   -0.333333333  -0.666666667  -0.666666667 ) 

    1    1
  0.27476853  0.00000000    0.01077097  0.00700511    0.01077097  0.00700511
  0.01077097 -0.00700511    0.24648608  0.00000000    0.00960997  0.00000000
  0.01077097 -0.00700511    0.00960997  0.00000000    0.24648608  0.00000000
    1    2
  0.10856734  0.04892476   -0.06147602 -0.03305853   -0.06147602 -0.03305853
 -0.06147602 -0.03305853    0.09376725  0.05291949   -0.10372836  0.03071165
 -0.06147602 -0.03305853   -0.10372836  0.03071165    0.09376725  0.05291949
    2    1
  0.10856734 -0.04892476   -0.06147602  0.03305853   -0.06147602  0.03305853
 -0.06147602  0.03305853    0.09376725 -0.05291949   -0.10372836 -0.03071165
 -0.06147602  0.03305853   -0.10372836 -0.03071165    0.09376725 -0.05291949
    2    2
  0.27476853  0.00000000    0.01077097 -0.00700511    0.01077097 -0.00700511
  0.01077097  0.00700511    0.24648608  0.00000000    0.00960997  0.00000000
  0.01077097  0.00700511    0.00960997  0.00000000    0.24648608  0.00000000

     Dynamical  Matrix in cartesian axes

     q = (    0.666666667  -0.666666667   0.333333333 ) 

    1    1
  0.24648608  0.00000000   -0.00960997  0.00000000    0.01077097 -0.00700511
 -0.00960997  0.00000000    0.24648608  0.00000000   -0.01077097  0.00700511
  0.01077097  0.00700511   -0.01077097 -0.00700511    0.27476853  0.00000000
    1    2
 -0.09376725 -0.05291949   -0.10372836  0.03071165    0.06147602  0.03305853
 -0.10372836  0.03071165   -0.09376725 -0.05291949   -0.06147602 -0.03305853
  0.06147602  0.03305853   -0.06147602 -0.03305853   -0.10856734 -0.04892476
    2    1
 -0.09376725  0.05291949   -0.10372836 -0.03071165    0.06147602 -0.03305853
 -0.10372836 -0.03071165   -0.09376725  0.05291949   -0.06147602  0.03305853
  0.06147602 -0.03305853   -0.06147602  0.03305853   -0.10856734  0.04892476
    2    2
  0.24648608  0.00000000   -0.00960997  0.00000000    0.01077097  0.00700511
 -0.00960997  0.00000000    0.24648608  0.00000000   -0.01077097 -0.00700511
  0.01077097 -0.00700511   -0.01077097  0.00700511    0.27476853  0.00000000

     Dynamical  Matrix in cartesian axes

     q = (    0.666666667   0.666666667  -0.333333333 ) 

    1    1
  0.24648608  0.00000000    0.00960997  0.00000000   -0.01077097  0.00700511
  0.00960997  0.00000000    0.24648608  0.00000000   -0.01077097  0.00700511
 -0.01077097 -0.00700511   -0.01077097 -0.00700511    0.27476853  0.00000000
    1    2
 -0.09271325  0.05474508    0.02526711 -0.10518722   -0.05936753  0.03671053
  0.02526711 -0.10518722   -0.09271325  0.05474508   -0.05936753  0.03671053
 -0.05936753  0.03671053   -0.05936753  0.03671053   -0.09665376  0.06955969
    2    1
 -0.09271325 -0.05474508    0.02526711  0.10518722   -0.05936753 -0.03671053
  0.02526711  0.10518722   -0.09271325 -0.05474508   -0.05936753 -0.03671053
 -0.05936753 -0.03671053   -0.05936753 -0.03671053   -0.09665376 -0.06955969
    2    2
  0.24648608  0.00000000    0.00960997  0.00000000   -0.01077097 -0.00700511
  0.00960997  0.00000000    0.24648608  0.00000000   -0.01077097 -0.00700511
 -0.01077097  0.00700511   -0.01077097  0.00700511    0.27476853  0.00000000

     Dynamical  Matrix in cartesian axes

     q = (   -0.666666667  -0.666666667  -0.333333333 ) 

    1    1
  0.24648608  0.00000000    0.00960997  0.00000000    0.01077097 -0.00700511
  0.00960997  0.00000000    0.24648608  0.00000000    0.01077097 -0.00700511
  0.01077097  0.00700511    0.01077097  0.00700511    0.27476853  0.00000000
    1    2
  0.09376725  0.05291949   -0.10372836  0.03071165   -0.06147602 -0.03305853
 -0.10372836  0.03071165    0.09376725  0.05291949   -0.06147602 -0.03305853
 -0.06147602 -0.03305853   -0.06147602 -0.03305853    0.10856734  0.04892476
    2    1
  0.09376725 -0.05291949   -0.10372836 -0.03071165   -0.06147602  0.03305853
 -0.10372836 -0.03071165    0.09376725 -0.05291949   -0.06147602  0.03305853
 -0.06147602  0.03305853   -0.06147602  0.03305853    0.10856734 -0.04892476
    2    2
  0.24648608  0.00000000    0.00960997  0.00000000    0.01077097  0.00700511
  0.00960997  0.00000000    0.24648608  0.00000000    0.01077097  0.00700511
  0.01077097 -0.00700511    0.01077097 -0.00700511    0.27476853  0.00000000

     Dynamical  Matrix in cartesian axes

     q = (   -0.666666667   0.666666667   0.333333333 ) 

    1    1
  0.24648608  0.00000000   -0.00960997  0.00000000   -0.01077097  0.00700511
 -0.00960997  0.00000000    0.24648608  0.00000000    0.01077097 -0.00700511
 -0.01077097 -0.00700511    0.01077097  0.00700511    0.27476853  0.00000000
    1    2
 -0.09376725 -0.05291949   -0.10372836  0.03071165   -0.06147602 -0.03305853
 -0.10372836  0.03071165   -0.09376725 -0.05291949    0.06147602  0.03305853
 -0.06147602 -0.03305853    0.06147602  0.03305853   -0.10856734 -0.04892476
    2    1
 -0.09376725  0.05291949   -0.10372836 -0.03071165   -0.06147602  0.03305853
 -0.10372836 -0.03071165   -0.09376725  0.05291949    0.06147602 -0.03305853
 -0.06147602  0.03305853    0.06147602 -0.03305853   -0.10856734  0.04892476
    2    2
  0.24648608  0.00000000   -0.00960997  0.00000000   -0.01077097 -0.00700511
 -0.00960997  0.00000000    0.24648608  0.00000000    0.01077097  0.00700511
 -0.01077097  0.00700511    0.01077097 -0.00700511    0.27476853  0.00000000

     Dynamical  Matrix in cartesian axes

     q = (    0.333333333  -0.666666667   0.666666667 ) 

    1    1
  0.27476853  0.00000000   -0.01077097 -0.00700511    0.01077097  0.00700511
 -0.01077097  0.00700511    0.24648608  0.00000000   -0.00960997  0.00000000
  0.01077097 -0.00700511   -0.00960997  0.00000000    0.24648608  0.00000000
    1    2
 -0.10856734 -0.04892476   -0.06147602 -0.03305853    0.06147602  0.03305853
 -0.06147602 -0.03305853   -0.09376725 -0.05291949   -0.10372836  0.03071165
  0.06147602  0.03305853   -0.10372836  0.03071165   -0.09376725 -0.05291949
    2    1
 -0.10856734  0.04892476   -0.06147602  0.03305853    0.06147602 -0.03305853
 -0.06147602  0.03305853   -0.09376725  0.05291949   -0.10372836 -0.03071165
  0.06147602 -0.03305853   -0.10372836 -0.03071165   -0.09376725  0.05291949
    2    2
  0.27476853  0.00000000   -0.01077097  0.00700511    0.01077097 -0.00700511
 -0.01077097 -0.00700511    0.24648608  0.00000000   -0.00960997  0.00000000
  0.01077097  0.00700511   -0.00960997  0.00000000    0.24648608  0.00000000

     Dynamical  Matrix in cartesian axes

     q = (    0.333333333   0.666666667   0.666666667 ) 

    1    1
  0.27476853  0.00000000    0.01077097 -0.00700511    0.01077097 -0.00700511
  0.01077097  0.00700511    0.24648608  0.00000000    0.00960997  0.00000000
  0.01077097  0.00700511    0.00960997  0.00000000    0.24648608  0.00000000
    1    2
  0.10856734 -0.04892476   -0.06147602  0.03305853   -0.06147602  0.03305853
 -0.06147602  0.03305853    0.09376725 -0.05291949   -0.10372836 -0.03071165
 -0.06147602  0.03305853   -0.10372836 -0.03071165    0.09376725 -0.05291949
    2    1
  0.10856734  0.04892476   -0.06147602 -0.03305853   -0.06147602 -0.03305853
 -0.06147602 -0.03305853    0.09376725  0.05291949   -0.10372836  0.03071165
 -0.06147602 -0.03305853   -0.10372836  0.03071165    0.09376725  0.05291949
    2    2
  0.27476853  0.00000000    0.01077097  0.00700511    0.01077097  0.00700511
  0.01077097 -0.00700511    0.24648608  0.00000000    0.00960997  0.00000000
  0.01077097 -0.00700511    0.00960997  0.00000000    0.24648608  0.00000000

     Dynamical  Matrix in cartesian axes

     q = (   -0.666666667   0.333333333  -0.666666667 ) 

    1    1
  0.24648608  0.00000000   -0.01077097 -0.00700511    0.00960997  0.00000000
 -0.01077097  0.00700511    0.27476853  0.00000000   -0.01077097  0.00700511
  0.00960997  0.00000000   -0.01077097 -0.00700511    0.24648608  0.00000000
    1    2
 -0.09271325 -0.05474508   -0.05936753 -0.03671053    0.02526711  0.10518722
 -0.05936753 -0.03671053   -0.09665376 -0.06955969   -0.05936753 -0.03671053
  0.02526711  0.10518722   -0.05936753 -0.03671053   -0.09271325 -0.05474508
    2    1
 -0.09271325  0.05474508   -0.05936753  0.03671053    0.02526711 -0.10518722
 -0.05936753  0.03671053   -0.09665376  0.06955969   -0.05936753  0.03671053
  0.02526711 -0.10518722   -0.05936753  0.03671053   -0.09271325  0.05474508
    2    2
  0.24648608  0.00000000   -0.01077097  0.00700511    0.00960997  0.00000000
 -0.01077097 -0.00700511    0.27476853  0.00000000   -0.01077097 -0.00700511
  0.00960997  0.00000000   -0.01077097  0.00700511    0.24648608  0.00000000

     Dynamical  Matrix in cartesian axes

     q = (   -0.333333333  -0.666666667   0.666666667 ) 

    1    1
  0.27476853  0.00000000    0.01077097 -0.00700511   -0.01077097  0.00700511
  0.01077097  0.00700511    0.24648608  0.00000000   -0.00960997  0.00000000
 -0.01077097 -0.00700511   -0.00960997  0.00000000    0.24648608  0.00000000
    1    2
 -0.10856734  0.04892476    0.06147602 -0.03305853   -0.06147602  0.03305853
  0.06147602 -0.03305853   -0.09376725  0.05291949   -0.10372836 -0.03071165
 -0.06147602  0.03305853   -0.10372836 -0.03071165   -0.09376725  0.05291949
    2    1
 -0.10856734 -0.04892476    0.06147602  0.03305853   -0.06147602 -0.03305853
  0.06147602  0.03305853   -0.09376725 -0.05291949   -0.10372836  0.03071165
 -0.06147602 -0.03305853   -0.10372836  0.03071165   -0.09376725 -0.05291949
    2    2
  0.27476853  0.00000000    0.01077097  0.00700511   -0.01077097 -0.00700511
  0.01077097 -0.00700511    0.24648608  0.00000000   -0.00960997  0.00000000
 -0.01077097  0.00700511   -0.00960997  0.00000000    0.24648608  0.00000000

     Dynamical  Matrix in cartesian axes

     q = (   -0.666666667  -0.666666667   0.333333333 ) 

    1    1
  0.24648608  0.00000000    0.00960997  0.00000000   -0.01077097 -0.00700511
  0.00960997  0.00000000    0.24648608  0.00000000   -0.01077097 -0.00700511
 -0.01077097  0.00700511   -0.01077097  0.00700511    0.27476853  0.00000000
    1    2
 -0.09271325 -0.05474508    0.02526711  0.10518722   -0.05936753 -0.03671053
  0.02526711  0.10518722   -0.09271325 -0.05474508   -0.05936753 -0.03671053
 -0.05936753 -0.03671053   -0.05936753 -0.03671053   -0.09665376 -0.06955969
    2    1
 -0.09271325  0.05474508    0.02526711 -0.10518722   -0.05936753  0.03671053
  0.02526711 -0.10518722   -0.09271325  0.05474508   -0.05936753  0.03671053
 -0.05936753  0.03671053   -0.05936753  0.03671053   -0.09665376  0.06955969
    2    2
  0.24648608  0.00000000    0.00960997  0.00000000   -0.01077097  0.00700511
  0.00960997  0.00000000    0.24648608  0.00000000   -0.01077097  0.00700511
 -0.01077097 -0.00700511   -0.01077097 -0.00700511    0.27476853  0.00000000

     Dynamical  Matrix in cartesian axes

     q = (    0.666666667   0.666666667   0.333333333 ) 

    1    1
  0.24648608  0.00000000    0.00960997  0.00000000    0.01077097  0.00700511
  0.00960997  0.00000000    0.24648608  0.00000000    0.01077097  0.00700511
  0.01077097 -0.00700511    0.01077097 -0.00700511    0.27476853  0.00000000
    1    2
  0.09376725 -0.05291949   -0.10372836 -0.03071165   -0.06147602  0.03305853
 -0.10372836 -0.03071165    0.09376725 -0.05291949   -0.06147602  0.03305853
 -0.06147602  0.03305853   -0.06147602  0.03305853    0.10856734 -0.04892476
    2    1
  0.09376725  0.05291949   -0.10372836  0.03071165   -0.06147602 -0.03305853
 -0.10372836  0.03071165    0.09376725  0.05291949   -0.06147602 -0.03305853
 -0.06147602 -0.03305853   -0.06147602 -0.03305853    0.10856734  0.04892476
    2    2
  0.24648608  0.00000000    0.00960997  0.00000000    0.01077097 -0.00700511
  0.00960997  0.00000000    0.24648608  0.00000000    0.01077097 -0.00700511
  0.01077097  0.00700511    0.01077097  0.00700511    0.27476853  0.00000000

     Dynamical  Matrix in cartesian axes

     q = (    0.333333333  -0.666666667  -0.666666667 ) 

    1    1
  0.27476853  0.00000000   -0.01077097  0.00700511   -0.01077097  0.00700511
 -0.01077097 -0.00700511    0.24648608  0.00000000    0.00960997  0.00000000
 -0.01077097 -0.00700511    0.00960997  0.00000000    0.24648608  0.00000000
    1    2
 -0.09665376 -0.06955969   -0.05936753 -0.03671053   -0.05936753 -0.03671053
 -0.05936753 -0.03671053   -0.09271325 -0.05474508    0.02526711  0.10518722
 -0.05936753 -0.03671053    0.02526711  0.10518722   -0.09271325 -0.05474508
    2    1
 -0.09665376  0.06955969   -0.05936753  0.03671053   -0.05936753  0.03671053
 -0.05936753  0.03671053   -0.09271325  0.05474508    0.02526711 -0.10518722
 -0.05936753  0.03671053    0.02526711 -0.10518722   -0.09271325  0.05474508
    2    2
  0.27476853  0.00000000   -0.01077097 -0.00700511   -0.01077097 -0.00700511
 -0.01077097  0.00700511    0.24648608  0.00000000    0.00960997  0.00000000
 -0.01077097  0.00700511    0.00960997  0.00000000    0.24648608  0.00000000

     Dynamical  Matrix in cartesian axes

     q = (    0.666666667  -0.666666667  -0.333333333 ) 

    1    1
  0.24648608  0.00000000   -0.00960997  0.00000000   -0.01077097 -0.00700511
 -0.00960997  0.00000000    0.24648608  0.00000000    0.01077097  0.00700511
 -0.01077097  0.00700511    0.01077097 -0.00700511    0.27476853  0.00000000
    1    2
 -0.09376725  0.05291949   -0.10372836 -0.03071165   -0.06147602  0.03305853
 -0.10372836 -0.03071165   -0.09376725  0.05291949    0.06147602 -0.03305853
 -0.06147602  0.03305853    0.06147602 -0.03305853   -0.10856734  0.04892476
    2    1
 -0.09376725 -0.05291949   -0.10372836  0.03071165   -0.06147602 -0.03305853
 -0.10372836  0.03071165   -0.09376725 -0.05291949    0.06147602  0.03305853
 -0.06147602 -0.03305853    0.06147602  0.03305853   -0.10856734 -0.04892476
    2    2
  0.24648608  0.00000000   -0.00960997  0.00000000   -0.01077097  0.00700511
 -0.00960997  0.00000000    0.24648608  0.00000000    0.01077097 -0.00700511
 -0.01077097 -0.00700511    0.01077097  0.00700511    0.27476853  0.00000000

     Diagonalizing the dynamical matrix

     q = (    0.666666667  -0.333333333   0.666666667 ) 

 **************************************************************************
     freq (    1) =       4.015426 [THz] =     133.940185 [cm-1]
 ( -0.296820  0.402365  0.000000 -0.000000  0.296820 -0.402365 ) 
 ( -0.500000  0.000000  0.000000  0.000000  0.500000  0.000000 ) 
     freq (    2) =       5.174983 [THz] =     172.618843 [cm-1]
 (  0.327810  0.026525  0.507911 -0.160313  0.327810  0.026525 ) 
 (  0.328881 -0.000000  0.493327  0.200756  0.328881  0.000000 ) 
     freq (    3) =       9.552925 [THz] =     318.651281 [cm-1]
 (  0.116129 -0.392987  0.128883  0.384109  0.116129 -0.392987 ) 
 ( -0.409786  0.000000  0.331839  0.232451 -0.409786  0.000000 ) 
     freq (    4) =      11.760778 [THz] =     392.297315 [cm-1]
 (  0.061115 -0.359106  0.139765  0.463769  0.061115 -0.359106 ) 
 (  0.364269 -0.000000 -0.433746 -0.215593  0.364269  0.000000 ) 
     freq (    5) =      13.571166 [THz] =     452.685357 [cm-1]
 (  0.296820 -0.402365  0.000000 -0.000000 -0.296820  0.402365 ) 
 ( -0.500000  0.000000 -0.000000  0.000000  0.500000  0.000000 ) 
     freq (    6) =      13.875853 [THz] =     462.848644 [cm-1]
 (  0.273105  0.128973  0.546773 -0.136378  0.273105  0.128973 ) 
 ( -0.302027  0.000000 -0.436177 -0.356804 -0.302027  0.000000 ) 
 **************************************************************************
