Dynamical matrix file
                                                                           
  1    2  2 10.4000000  0.0000000  0.0000000  0.0000000  0.0000000  0.0000000
           1  'Si  '    25598.8229845270     
    1    1      0.0000000000      0.0000000000      0.0000000000
    2    1      0.2500000000      0.2500000000      0.2500000000

     Dynamical  Matrix in cartesian axes

     q = (    0.500000000  -0.166666667   0.500000000 ) 

    1    1
  0.24855314  0.00000000   -0.00804112  0.00652125    0.01087767  0.00000000
 -0.00804112 -0.00652125    0.26237292  0.00000000   -0.00804112 -0.00652125
  0.01087767  0.00000000   -0.00804112  0.00652125    0.24855314  0.00000000
    1    2
 -0.06440176  0.10127550   -0.07869221  0.00154552    0.04289652 -0.06717277
 -0.07869221  0.00154552   -0.06922843  0.11587439   -0.07869221  0.00154552
  0.04289652 -0.06717277   -0.07869221  0.00154552   -0.06440176  0.10127550
    2    1
 -0.06440176 -0.10127550   -0.07869221 -0.00154552    0.04289652  0.06717277
 -0.07869221 -0.00154552   -0.06922843 -0.11587439   -0.07869221 -0.00154552
  0.04289652  0.06717277   -0.07869221 -0.00154552   -0.06440176 -0.10127550
    2    2
  0.24855314 -0.00000000   -0.00804112 -0.00652125    0.01087767 -0.00000000
 -0.00804112  0.00652125    0.26237292 -0.00000000   -0.00804112  0.00652125
  0.01087767 -0.00000000   -0.00804112 -0.00652125    0.24855314 -0.00000000

     Dynamical  Matrix in cartesian axes

     q = (   -0.500000000  -0.166666667  -0.500000000 ) 

    1    1
  0.24855314 -0.00000000    0.00804112 -0.00652125    0.01087767 -0.00000000
  0.00804112  0.00652125    0.26237292 -0.00000000    0.00804112  0.00652125
  0.01087767 -0.00000000    0.00804112 -0.00652125    0.24855314 -0.00000000
    1    2
  0.06440176 -0.10127550   -0.07869221  0.00154552   -0.04289652  0.06717277
 -0.07869221  0.00154552    0.06922843 -0.11587439   -0.07869221  0.00154552
 -0.04289652  0.06717277   -0.07869221  0.00154552    0.06440176 -0.10127550
    2    1
  0.06440176  0.10127550   -0.07869221 -0.00154552   -0.04289652 -0.06717277
 -0.07869221 -0.00154552    0.06922843  0.11587439   -0.07869221 -0.00154552
 -0.04289652 -0.06717277   -0.07869221 -0.00154552    0.06440176  0.10127550
    2    2
  0.24855314  0.00000000    0.00804112  0.00652125    0.01087767  0.00000000
  0.00804112 -0.00652125    0.26237292  0.00000000    0.00804112 -0.00652125
  0.01087767  0.00000000    0.00804112  0.00652125    0.24855314  0.00000000

     Dynamical  Matrix in cartesian axes

     q = (    0.500000000  -0.166666667  -0.500000000 ) 

    1    1
  0.24855314  0.00000000   -0.00804112 -0.00652125   -0.01087767  0.00000000
 -0.00804112  0.00652125    0.26237292 -0.00000000    0.00804112 -0.00652125
 -0.01087767  0.00000000    0.00804112  0.00652125    0.24855314  0.00000000
    1    2
 -0.11990803  0.00513581   -0.04068456  0.06737669   -0.07962159  0.00356309
 -0.04068456  0.06737669   -0.13496438  0.00201638    0.04068456 -0.06737669
 -0.07962159  0.00356309    0.04068456 -0.06737669   -0.11990803  0.00513581
    2    1
 -0.11990803 -0.00513581   -0.04068456 -0.06737669   -0.07962159 -0.00356309
 -0.04068456 -0.06737669   -0.13496438 -0.00201638    0.04068456  0.06737669
 -0.07962159 -0.00356309    0.04068456  0.06737669   -0.11990803 -0.00513581
    2    2
  0.24855314  0.00000000   -0.00804112  0.00652125   -0.01087767  0.00000000
 -0.00804112 -0.00652125    0.26237292  0.00000000    0.00804112  0.00652125
 -0.01087767  0.00000000    0.00804112 -0.00652125    0.24855314  0.00000000

     Dynamical  Matrix in cartesian axes

     q = (   -0.500000000  -0.166666667   0.500000000 ) 

    1    1
  0.24855314  0.00000000    0.00804112  0.00652125   -0.01087767  0.00000000
  0.00804112 -0.00652125    0.26237292  0.00000000   -0.00804112  0.00652125
 -0.01087767  0.00000000   -0.00804112 -0.00652125    0.24855314  0.00000000
    1    2
 -0.11990803  0.00513581    0.04068456 -0.06737669   -0.07962159  0.00356309
  0.04068456 -0.06737669   -0.13496438  0.00201638   -0.04068456  0.06737669
 -0.07962159  0.00356309   -0.04068456  0.06737669   -0.11990803  0.00513581
    2    1
 -0.11990803 -0.00513581    0.04068456  0.06737669   -0.07962159 -0.00356309
  0.04068456  0.06737669   -0.13496438 -0.00201638   -0.04068456 -0.06737669
 -0.07962159 -0.00356309   -0.04068456 -0.06737669   -0.11990803 -0.00513581
    2    2
  0.24855314  0.00000000    0.00804112 -0.00652125   -0.01087767  0.00000000
  0.00804112  0.00652125    0.26237292 -0.00000000   -0.00804112 -0.00652125
 -0.01087767  0.00000000   -0.00804112  0.00652125    0.24855314  0.00000000

     Dynamical  Matrix in cartesian axes

     q = (   -0.166666667   0.500000000  -0.500000000 ) 

    1    1
  0.26237292 -0.00000000   -0.00804112  0.00652125    0.00804112 -0.00652125
 -0.00804112 -0.00652125    0.24855314 -0.00000000   -0.01087767  0.00000000
  0.00804112  0.00652125   -0.01087767  0.00000000    0.24855314 -0.00000000
    1    2
 -0.13496438  0.00201638   -0.04068456  0.06737669    0.04068456 -0.06737669
 -0.04068456  0.06737669   -0.11990803  0.00513581   -0.07962159  0.00356309
  0.04068456 -0.06737669   -0.07962159  0.00356309   -0.11990803  0.00513581
    2    1
 -0.13496438 -0.00201638   -0.04068456 -0.06737669    0.04068456  0.06737669
 -0.04068456 -0.06737669   -0.11990803 -0.00513581   -0.07962159 -0.00356309
  0.04068456  0.06737669   -0.07962159 -0.00356309   -0.11990803 -0.00513581
    2    2
  0.26237292  0.00000000   -0.00804112 -0.00652125    0.00804112  0.00652125
 -0.00804112  0.00652125    0.24855314  0.00000000   -0.01087767 -0.00000000
  0.00804112 -0.00652125   -0.01087767 -0.00000000    0.24855314  0.00000000

     Dynamical  Matrix in cartesian axes

     q = (   -0.500000000   0.500000000  -0.166666667 ) 

    1    1
  0.24855314 -0.00000000   -0.01087767  0.00000000    0.00804112  0.00652125
 -0.01087767  0.00000000    0.24855314 -0.00000000   -0.00804112 -0.00652125
  0.00804112 -0.00652125   -0.00804112  0.00652125    0.26237292 -0.00000000
    1    2
 -0.11990803  0.00513581   -0.07962159  0.00356309    0.04068456 -0.06737669
 -0.07962159  0.00356309   -0.11990803  0.00513581   -0.04068456  0.06737669
  0.04068456 -0.06737669   -0.04068456  0.06737669   -0.13496438  0.00201638
    2    1
 -0.11990803 -0.00513581   -0.07962159 -0.00356309    0.04068456  0.06737669
 -0.07962159 -0.00356309   -0.11990803 -0.00513581   -0.04068456 -0.06737669
  0.04068456  0.06737669   -0.04068456 -0.06737669   -0.13496438 -0.00201638
    2    2
  0.24855314  0.00000000   -0.01087767 -0.00000000    0.00804112 -0.00652125
 -0.01087767 -0.00000000    0.24855314  0.00000000   -0.00804112  0.00652125
  0.00804112  0.00652125   -0.00804112 -0.00652125    0.26237292  0.00000000

     Dynamical  Matrix in cartesian axes

     q = (    0.500000000   0.166666667   0.500000000 ) 

    1    1
  0.24855314  0.00000000    0.00804112  0.00652125    0.01087767  0.00000000
  0.00804112 -0.00652125    0.26237292  0.00000000    0.00804112 -0.00652125
  0.01087767  0.00000000    0.00804112  0.00652125    0.24855314  0.00000000
    1    2
  0.06440176  0.10127550   -0.07869221 -0.00154552   -0.04289652 -0.06717277
 -0.07869221 -0.00154552    0.06922843  0.11587439   -0.07869221 -0.00154552
 -0.04289652 -0.06717277   -0.07869221 -0.00154552    0.06440176  0.10127550
    2    1
  0.06440176 -0.10127550   -0.07869221  0.00154552   -0.04289652  0.06717277
 -0.07869221  0.00154552    0.06922843 -0.11587439   -0.07869221  0.00154552
 -0.04289652  0.06717277   -0.07869221  0.00154552    0.06440176 -0.10127550
    2    2
  0.24855314 -0.00000000    0.00804112 -0.00652125    0.01087767 -0.00000000
  0.00804112  0.00652125    0.26237292 -0.00000000    0.00804112  0.00652125
  0.01087767 -0.00000000    0.00804112 -0.00652125    0.24855314 -0.00000000

     Dynamical  Matrix in cartesian axes

     q = (   -0.500000000   0.166666667   0.500000000 ) 

    1    1
  0.24855314  0.00000000   -0.00804112  0.00652125   -0.01087767  0.00000000
 -0.00804112 -0.00652125    0.26237292  0.00000000    0.00804112  0.00652125
 -0.01087767  0.00000000    0.00804112 -0.00652125    0.24855314  0.00000000
    1    2
 -0.11990803 -0.00513581   -0.04068456 -0.06737669   -0.07962159 -0.00356309
 -0.04068456 -0.06737669   -0.13496438 -0.00201638    0.04068456  0.06737669
 -0.07962159 -0.00356309    0.04068456  0.06737669   -0.11990803 -0.00513581
    2    1
 -0.11990803  0.00513581   -0.04068456  0.06737669   -0.07962159  0.00356309
 -0.04068456  0.06737669   -0.13496438  0.00201638    0.04068456 -0.06737669
 -0.07962159  0.00356309    0.04068456 -0.06737669   -0.11990803  0.00513581
    2    2
  0.24855314  0.00000000   -0.00804112 -0.00652125   -0.01087767  0.00000000
 -0.00804112  0.00652125    0.26237292 -0.00000000    0.00804112 -0.00652125
 -0.01087767  0.00000000    0.00804112  0.00652125    0.24855314  0.00000000

     Dynamical  Matrix in cartesian axes

     q = (    0.500000000   0.166666667  -0.500000000 ) 

    1    1
  0.24855314  0.00000000    0.00804112 -0.00652125   -0.01087767  0.00000000
  0.00804112  0.00652125    0.26237292 -0.00000000   -0.00804112 -0.00652125
 -0.01087767  0.00000000   -0.00804112  0.00652125    0.24855314  0.00000000
    1    2
 -0.11990803 -0.00513581    0.04068456  0.06737669   -0.07962159 -0.00356309
  0.04068456  0.06737669   -0.13496438 -0.00201638   -0.04068456 -0.06737669
 -0.07962159 -0.00356309   -0.04068456 -0.06737669   -0.11990803 -0.00513581
    2    1
 -0.11990803  0.00513581    0.04068456 -0.06737669   -0.07962159  0.00356309
  0.04068456 -0.06737669   -0.13496438  0.00201638   -0.04068456  0.06737669
 -0.07962159  0.00356309   -0.04068456  0.06737669   -0.11990803  0.00513581
    2    2
  0.24855314  0.00000000    0.00804112  0.00652125   -0.01087767  0.00000000
  0.00804112 -0.00652125    0.26237292  0.00000000   -0.00804112  0.00652125
 -0.01087767  0.00000000   -0.00804112 -0.00652125    0.24855314  0.00000000

     Dynamical  Matrix in cartesian axes

     q = (   -0.166666667   0.500000000   0.500000000 ) 

    1    1
  0.26237292  0.00000000   -0.00804112 -0.00652125   -0.00804112 -0.00652125
 -0.00804112  0.00652125    0.24855314  0.00000000    0.01087767 -0.00000000
 -0.00804112  0.00652125    0.01087767 -0.00000000    0.24855314  0.00000000
    1    2
 -0.06922843  0.11587439   -0.07869221  0.00154552   -0.07869221  0.00154552
 -0.07869221  0.00154552   -0.06440176  0.10127550    0.04289652 -0.06717277
 -0.07869221  0.00154552    0.04289652 -0.06717277   -0.06440176  0.10127550
    2    1
 -0.06922843 -0.11587439   -0.07869221 -0.00154552   -0.07869221 -0.00154552
 -0.07869221 -0.00154552   -0.06440176 -0.10127550    0.04289652  0.06717277
 -0.07869221 -0.00154552    0.04289652  0.06717277   -0.06440176 -0.10127550
    2    2
  0.26237292 -0.00000000   -0.00804112  0.00652125   -0.00804112  0.00652125
 -0.00804112 -0.00652125    0.24855314 -0.00000000    0.01087767  0.00000000
 -0.00804112 -0.00652125    0.01087767  0.00000000    0.24855314 -0.00000000

     Dynamical  Matrix in cartesian axes

     q = (    0.166666667   0.500000000  -0.500000000 ) 

    1    1
  0.26237292 -0.00000000    0.00804112  0.00652125   -0.00804112 -0.00652125
  0.00804112 -0.00652125    0.24855314 -0.00000000   -0.01087767  0.00000000
 -0.00804112  0.00652125   -0.01087767  0.00000000    0.24855314 -0.00000000
    1    2
 -0.13496438 -0.00201638    0.04068456  0.06737669   -0.04068456 -0.06737669
  0.04068456  0.06737669   -0.11990803 -0.00513581   -0.07962159 -0.00356309
 -0.04068456 -0.06737669   -0.07962159 -0.00356309   -0.11990803 -0.00513581
    2    1
 -0.13496438  0.00201638    0.04068456 -0.06737669   -0.04068456  0.06737669
  0.04068456 -0.06737669   -0.11990803  0.00513581   -0.07962159  0.00356309
 -0.04068456  0.06737669   -0.07962159  0.00356309   -0.11990803  0.00513581
    2    2
  0.26237292  0.00000000    0.00804112 -0.00652125   -0.00804112  0.00652125
  0.00804112  0.00652125    0.24855314  0.00000000   -0.01087767 -0.00000000
 -0.00804112 -0.00652125   -0.01087767 -0.00000000    0.24855314  0.00000000

     Dynamical  Matrix in cartesian axes

     q = (   -0.166666667  -0.500000000  -0.500000000 ) 

    1    1
  0.26237292 -0.00000000    0.00804112  0.00652125    0.00804112  0.00652125
  0.00804112 -0.00652125    0.24855314 -0.00000000    0.01087767  0.00000000
  0.00804112 -0.00652125    0.01087767  0.00000000    0.24855314 -0.00000000
    1    2
  0.06922843 -0.11587439   -0.07869221  0.00154552   -0.07869221  0.00154552
 -0.07869221  0.00154552    0.06440176 -0.10127550   -0.04289652  0.06717277
 -0.07869221  0.00154552   -0.04289652  0.06717277    0.06440176 -0.10127550
    2    1
  0.06922843  0.11587439   -0.07869221 -0.00154552   -0.07869221 -0.00154552
 -0.07869221 -0.00154552    0.06440176  0.10127550   -0.04289652 -0.06717277
 -0.07869221 -0.00154552   -0.04289652 -0.06717277    0.06440176  0.10127550
    2    2
  0.26237292  0.00000000    0.00804112 -0.00652125    0.00804112 -0.00652125
  0.00804112  0.00652125    0.24855314  0.00000000    0.01087767 -0.00000000
  0.00804112  0.00652125    0.01087767 -0.00000000    0.24855314  0.00000000

     Dynamical  Matrix in cartesian axes

     q = (    0.500000000  -0.500000000   0.166666667 ) 

    1    1
  0.24855314  0.00000000   -0.01087767 -0.00000000    0.00804112 -0.00652125
 -0.01087767 -0.00000000    0.24855314  0.00000000   -0.00804112  0.00652125
  0.00804112  0.00652125   -0.00804112 -0.00652125    0.26237292  0.00000000
    1    2
 -0.11990803 -0.00513581   -0.07962159 -0.00356309    0.04068456  0.06737669
 -0.07962159 -0.00356309   -0.11990803 -0.00513581   -0.04068456 -0.06737669
  0.04068456  0.06737669   -0.04068456 -0.06737669   -0.13496438 -0.00201638
    2    1
 -0.11990803  0.00513581   -0.07962159  0.00356309    0.04068456 -0.06737669
 -0.07962159  0.00356309   -0.11990803  0.00513581   -0.04068456  0.06737669
  0.04068456 -0.06737669   -0.04068456  0.06737669   -0.13496438  0.00201638
    2    2
  0.24855314 -0.00000000   -0.01087767  0.00000000    0.00804112  0.00652125
 -0.01087767  0.00000000    0.24855314 -0.00000000   -0.00804112 -0.00652125
  0.00804112 -0.00652125   -0.00804112  0.00652125    0.26237292 -0.00000000

     Dynamical  Matrix in cartesian axes

     q = (    0.500000000   0.500000000  -0.166666667 ) 

    1    1
  0.24855314 -0.00000000    0.01087767 -0.00000000   -0.00804112  0.00652125
  0.01087767 -0.00000000    0.24855314 -0.00000000   -0.00804112  0.00652125
 -0.00804112 -0.00652125   -0.00804112 -0.00652125    0.26237292 -0.00000000
    1    2
 -0.06440176  0.10127550    0.04289652 -0.06717277   -0.07869221  0.00154552
  0.04289652 -0.06717277   -0.06440176  0.10127550   -0.07869221  0.00154552
 -0.07869221  0.00154552   -0.07869221  0.00154552   -0.06922843  0.11587439
    2    1
 -0.06440176 -0.10127550    0.04289652  0.06717277   -0.07869221 -0.00154552
  0.04289652  0.06717277   -0.06440176 -0.10127550   -0.07869221 -0.00154552
 -0.07869221 -0.00154552   -0.07869221 -0.00154552   -0.06922843 -0.11587439
    2    2
  0.24855314  0.00000000    0.01087767  0.00000000   -0.00804112 -0.00652125
  0.01087767  0.00000000    0.24855314  0.00000000   -0.00804112 -0.00652125
 -0.00804112  0.00652125   -0.00804112  0.00652125    0.26237292  0.00000000

     Dynamical  Matrix in cartesian axes

     q = (   -0.500000000  -0.500000000  -0.166666667 ) 

    1    1
  0.24855314  0.00000000    0.01087767  0.00000000    0.00804112 -0.00652125
  0.01087767  0.00000000    0.24855314  0.00000000    0.00804112 -0.00652125
  0.00804112  0.00652125    0.00804112  0.00652125    0.26237292  0.00000000
    1    2
  0.06440176 -0.10127550   -0.04289652  0.06717277   -0.07869221  0.00154552
 -0.04289652  0.06717277    0.06440176 -0.10127550   -0.07869221  0.00154552
 -0.07869221  0.00154552   -0.07869221  0.00154552    0.06922843 -0.11587439
    2    1
  0.06440176  0.10127550   -0.04289652 -0.06717277   -0.07869221 -0.00154552
 -0.04289652 -0.06717277    0.06440176  0.10127550   -0.07869221 -0.00154552
 -0.07869221 -0.00154552   -0.07869221 -0.00154552    0.06922843  0.11587439
    2    2
  0.24855314 -0.00000000    0.01087767 -0.00000000    0.00804112  0.00652125
  0.01087767 -0.00000000    0.24855314 -0.00000000    0.00804112  0.00652125
  0.00804112 -0.00652125    0.00804112 -0.00652125    0.26237292 -0.00000000

     Dynamical  Matrix in cartesian axes

     q = (   -0.500000000   0.500000000   0.166666667 ) 

    1    1
  0.24855314  0.00000000   -0.01087767 -0.00000000   -0.00804112  0.00652125
 -0.01087767 -0.00000000    0.24855314  0.00000000    0.00804112 -0.00652125
 -0.00804112 -0.00652125    0.00804112  0.00652125    0.26237292  0.00000000
    1    2
 -0.11990803 -0.00513581   -0.07962159 -0.00356309   -0.04068456 -0.06737669
 -0.07962159 -0.00356309   -0.11990803 -0.00513581    0.04068456  0.06737669
 -0.04068456 -0.06737669    0.04068456  0.06737669   -0.13496438 -0.00201638
    2    1
 -0.11990803  0.00513581   -0.07962159  0.00356309   -0.04068456  0.06737669
 -0.07962159  0.00356309   -0.11990803  0.00513581    0.04068456 -0.06737669
 -0.04068456  0.06737669    0.04068456 -0.06737669   -0.13496438  0.00201638
    2    2
  0.24855314 -0.00000000   -0.01087767  0.00000000   -0.00804112 -0.00652125
 -0.01087767  0.00000000    0.24855314 -0.00000000    0.00804112  0.00652125
 -0.00804112  0.00652125    0.00804112 -0.00652125    0.26237292 -0.00000000

     Dynamical  Matrix in cartesian axes

     q = (    0.166666667  -0.500000000   0.500000000 ) 

    1    1
  0.26237292  0.00000000   -0.00804112 -0.00652125    0.00804112  0.00652125
 -0.00804112  0.00652125    0.24855314  0.00000000   -0.01087767 -0.00000000
  0.00804112 -0.00652125   -0.01087767 -0.00000000    0.24855314  0.00000000
    1    2
 -0.13496438 -0.00201638   -0.04068456 -0.06737669    0.04068456  0.06737669
 -0.04068456 -0.06737669   -0.11990803 -0.00513581   -0.07962159 -0.00356309
  0.04068456  0.06737669   -0.07962159 -0.00356309   -0.11990803 -0.00513581
    2    1
 -0.13496438  0.00201638   -0.04068456  0.06737669    0.04068456 -0.06737669
 -0.04068456  0.06737669   -0.11990803  0.00513581   -0.07962159  0.00356309
  0.04068456 -0.06737669   -0.07962159  0.00356309   -0.11990803  0.00513581
    2    2
  0.26237292 -0.00000000   -0.00804112  0.00652125    0.00804112 -0.00652125
 -0.00804112 -0.00652125    0.24855314 -0.00000000   -0.01087767  0.00000000
  0.00804112  0.00652125   -0.01087767  0.00000000    0.24855314 -0.00000000

     Dynamical  Matrix in cartesian axes

     q = (    0.166666667   0.500000000   0.500000000 ) 

    1    1
  0.26237292  0.00000000    0.00804112 -0.00652125    0.00804112 -0.00652125
  0.00804112  0.00652125    0.24855314  0.00000000    0.01087767 -0.00000000
  0.00804112  0.00652125    0.01087767 -0.00000000    0.24855314  0.00000000
    1    2
  0.06922843  0.11587439   -0.07869221 -0.00154552   -0.07869221 -0.00154552
 -0.07869221 -0.00154552    0.06440176  0.10127550   -0.04289652 -0.06717277
 -0.07869221 -0.00154552   -0.04289652 -0.06717277    0.06440176  0.10127550
    2    1
  0.06922843 -0.11587439   -0.07869221  0.00154552   -0.07869221  0.00154552
 -0.07869221  0.00154552    0.06440176 -0.10127550   -0.04289652  0.06717277
 -0.07869221  0.00154552   -0.04289652  0.06717277    0.06440176 -0.10127550
    2    2
  0.26237292 -0.00000000    0.00804112  0.00652125    0.00804112  0.00652125
  0.00804112 -0.00652125    0.24855314 -0.00000000    0.01087767  0.00000000
  0.00804112 -0.00652125    0.01087767  0.00000000    0.24855314 -0.00000000

     Dynamical  Matrix in cartesian axes

     q = (   -0.500000000   0.166666667  -0.500000000 ) 

    1    1
  0.24855314 -0.00000000   -0.00804112 -0.00652125    0.01087767 -0.00000000
 -0.00804112  0.00652125    0.26237292 -0.00000000   -0.00804112  0.00652125
  0.01087767 -0.00000000   -0.00804112 -0.00652125    0.24855314 -0.00000000
    1    2
 -0.06440176 -0.10127550   -0.07869221 -0.00154552    0.04289652  0.06717277
 -0.07869221 -0.00154552   -0.06922843 -0.11587439   -0.07869221 -0.00154552
  0.04289652  0.06717277   -0.07869221 -0.00154552   -0.06440176 -0.10127550
    2    1
 -0.06440176  0.10127550   -0.07869221  0.00154552    0.04289652 -0.06717277
 -0.07869221  0.00154552   -0.06922843  0.11587439   -0.07869221  0.00154552
  0.04289652 -0.06717277   -0.07869221  0.00154552   -0.06440176  0.10127550
    2    2
  0.24855314  0.00000000   -0.00804112  0.00652125    0.01087767  0.00000000
 -0.00804112 -0.00652125    0.26237292  0.00000000   -0.00804112 -0.00652125
  0.01087767  0.00000000   -0.00804112  0.00652125    0.24855314  0.00000000

     Dynamical  Matrix in cartesian axes

     q = (   -0.166666667  -0.500000000   0.500000000 ) 

    1    1
  0.26237292  0.00000000    0.00804112 -0.00652125   -0.00804112  0.00652125
  0.00804112  0.00652125    0.24855314  0.00000000   -0.01087767 -0.00000000
 -0.00804112 -0.00652125   -0.01087767 -0.00000000    0.24855314  0.00000000
    1    2
 -0.13496438  0.00201638    0.04068456 -0.06737669   -0.04068456  0.06737669
  0.04068456 -0.06737669   -0.11990803  0.00513581   -0.07962159  0.00356309
 -0.04068456  0.06737669   -0.07962159  0.00356309   -0.11990803  0.00513581
    2    1
 -0.13496438 -0.00201638    0.04068456  0.06737669   -0.04068456 -0.06737669
  0.04068456  0.06737669   -0.11990803 -0.00513581   -0.07962159 -0.00356309
 -0.04068456 -0.06737669   -0.07962159 -0.00356309   -0.11990803 -0.00513581
    2    2
  0.26237292 -0.00000000    0.00804112  0.00652125   -0.00804112 -0.00652125
  0.00804112 -0.00652125    0.24855314 -0.00000000   -0.01087767  0.00000000
 -0.00804112  0.00652125   -0.01087767  0.00000000    0.24855314 -0.00000000

     Dynamical  Matrix in cartesian axes

     q = (   -0.500000000  -0.500000000   0.166666667 ) 

    1    1
  0.24855314  0.00000000    0.01087767  0.00000000   -0.00804112 -0.00652125
  0.01087767  0.00000000    0.24855314  0.00000000   -0.00804112 -0.00652125
 -0.00804112  0.00652125   -0.00804112  0.00652125    0.26237292  0.00000000
    1    2
 -0.06440176 -0.10127550    0.04289652  0.06717277   -0.07869221 -0.00154552
  0.04289652  0.06717277   -0.06440176 -0.10127550   -0.07869221 -0.00154552
 -0.07869221 -0.00154552   -0.07869221 -0.00154552   -0.06922843 -0.11587439
    2    1
 -0.06440176  0.10127550    0.04289652 -0.06717277   -0.07869221  0.00154552
  0.04289652 -0.06717277   -0.06440176  0.10127550   -0.07869221  0.00154552
 -0.07869221  0.00154552   -0.07869221  0.00154552   -0.06922843  0.11587439
    2    2
  0.24855314 -0.00000000    0.01087767 -0.00000000   -0.00804112  0.00652125
  0.01087767 -0.00000000    0.24855314 -0.00000000   -0.00804112  0.00652125
 -0.00804112 -0.00652125   -0.00804112 -0.00652125    0.26237292 -0.00000000

     Dynamical  Matrix in cartesian axes

     q = (    0.500000000   0.500000000   0.166666667 ) 

    1    1
  0.24855314 -0.00000000    0.01087767 -0.00000000    0.00804112  0.00652125
  0.01087767 -0.00000000    0.24855314 -0.00000000    0.00804112  0.00652125
  0.00804112 -0.00652125    0.00804112 -0.00652125    0.26237292 -0.00000000
    1    2
  0.06440176  0.10127550   -0.04289652 -0.06717277   -0.07869221 -0.00154552
 -0.04289652 -0.06717277    0.06440176  0.10127550   -0.07869221 -0.00154552
 -0.07869221 -0.00154552   -0.07869221 -0.00154552    0.06922843  0.11587439
    2    1
  0.06440176 -0.10127550   -0.04289652  0.06717277   -0.07869221  0.00154552
 -0.04289652  0.06717277    0.06440176 -0.10127550   -0.07869221  0.00154552
 -0.07869221  0.00154552   -0.07869221  0.00154552    0.06922843 -0.11587439
    2    2
  0.24855314  0.00000000    0.01087767  0.00000000    0.00804112 -0.00652125
  0.01087767  0.00000000    0.24855314  0.00000000    0.00804112 -0.00652125
  0.00804112  0.00652125    0.00804112  0.00652125    0.26237292  0.00000000

     Dynamical  Matrix in cartesian axes

     q = (    0.166666667  -0.500000000  -0.500000000 ) 

    1    1
  0.26237292 -0.00000000   -0.00804112  0.00652125   -0.00804112  0.00652125
 -0.00804112 -0.00652125    0.24855314 -0.00000000    0.01087767  0.00000000
 -0.00804112 -0.00652125    0.01087767  0.00000000    0.24855314 -0.00000000
    1    2
 -0.06922843 -0.11587439   -0.07869221 -0.00154552   -0.07869221 -0.00154552
 -0.07869221 -0.00154552   -0.06440176 -0.10127550    0.04289652  0.06717277
 -0.07869221 -0.00154552    0.04289652  0.06717277   -0.06440176 -0.10127550
    2    1
 -0.06922843  0.11587439   -0.07869221  0.00154552   -0.07869221  0.00154552
 -0.07869221  0.00154552   -0.06440176  0.10127550    0.04289652 -0.06717277
 -0.07869221  0.00154552    0.04289652 -0.06717277   -0.06440176  0.10127550
    2    2
  0.26237292  0.00000000   -0.00804112 -0.00652125   -0.00804112 -0.00652125
 -0.00804112  0.00652125    0.24855314  0.00000000    0.01087767 -0.00000000
 -0.00804112  0.00652125    0.01087767 -0.00000000    0.24855314  0.00000000

     Dynamical  Matrix in cartesian axes

     q = (    0.500000000  -0.500000000  -0.166666667 ) 

    1    1
  0.24855314 -0.00000000   -0.01087767  0.00000000   -0.00804112 -0.00652125
 -0.01087767  0.00000000    0.24855314 -0.00000000    0.00804112  0.00652125
 -0.00804112  0.00652125    0.00804112 -0.00652125    0.26237292 -0.00000000
    1    2
 -0.11990803  0.00513581   -0.07962159  0.00356309   -0.04068456  0.06737669
 -0.07962159  0.00356309   -0.11990803  0.00513581    0.04068456 -0.06737669
 -0.04068456  0.06737669    0.04068456 -0.06737669   -0.13496438  0.00201638
    2    1
 -0.11990803 -0.00513581   -0.07962159 -0.00356309   -0.04068456 -0.06737669
 -0.07962159 -0.00356309   -0.11990803 -0.00513581    0.04068456  0.06737669
 -0.04068456 -0.06737669    0.04068456  0.06737669   -0.13496438 -0.00201638
    2    2
  0.24855314  0.00000000   -0.01087767 -0.00000000   -0.00804112  0.00652125
 -0.01087767 -0.00000000    0.24855314  0.00000000    0.00804112 -0.00652125
 -0.00804112 -0.00652125    0.00804112  0.00652125    0.26237292  0.00000000

     Diagonalizing the dynamical matrix

     q = (    0.500000000  -0.166666667   0.500000000 ) 

 **************************************************************************
     freq (    1) =       4.005964 [THz] =     133.624584 [cm-1]
 (  0.268623 -0.421713 -0.000000  0.000000 -0.268623  0.421713 ) 
 (  0.500000  0.000000 -0.000000 -0.000000 -0.500000  0.000000 ) 
     freq (    2) =       5.111179 [THz] =     170.490589 [cm-1]
 ( -0.261637 -0.029282 -0.565350  0.204344 -0.261637 -0.029282 ) 
 ( -0.263270 -0.000000 -0.539114 -0.265958 -0.263270  0.000000 ) 
     freq (    3) =       8.845516 [THz] =     295.054665 [cm-1]
 (  0.188568  0.375578 -0.310438 -0.224487  0.188568  0.375578 ) 
 ( -0.420258  0.000000  0.339913  0.176708 -0.420258  0.000000 ) 
     freq (    4) =      11.981954 [THz] =     399.674960 [cm-1]
 (  0.096851  0.435497 -0.298464 -0.113330  0.096851  0.435497 ) 
 (  0.446136 -0.000000 -0.175420 -0.266744  0.446136  0.000000 ) 
     freq (    5) =      13.598837 [THz] =     453.608365 [cm-1]
 (  0.268623 -0.421713  0.000000 -0.000000 -0.268623  0.421713 ) 
 ( -0.500000  0.000000 -0.000000 -0.000000  0.500000  0.000000 ) 
     freq (    6) =      13.903155 [THz] =     463.759337 [cm-1]
 (  0.139998  0.188241  0.622983 -0.042695  0.139998  0.188241 ) 
 ( -0.234594  0.000000 -0.337518 -0.525369 -0.234594  0.000000 ) 
 **************************************************************************
