Dynamical matrix file
                                                                           
  1    2  2 10.4000000  0.0000000  0.0000000  0.0000000  0.0000000  0.0000000
           1  'Si  '    25598.8229845270     
    1    1      0.0000000000      0.0000000000      0.0000000000
    2    1      0.2500000000      0.2500000000      0.2500000000

     Dynamical  Matrix in cartesian axes

     q = (    0.000000000   0.666666667   0.000000000 ) 

    1    1
  0.22753285  0.00000000   -0.00000000  0.00000000    0.00000000  0.00000000
 -0.00000000  0.00000000    0.31179009  0.00000000    0.00000000  0.00000000
  0.00000000  0.00000000    0.00000000  0.00000000    0.22753285  0.00000000
    1    2
 -0.05647615  0.09781956   -0.00000000  0.00000000   -0.12550970 -0.07246306
 -0.00000000 -0.00000000   -0.06371866  0.11036395    0.00000000 -0.00000000
 -0.12550970 -0.07246306    0.00000000  0.00000000   -0.05647615  0.09781956
    2    1
 -0.05647615 -0.09781956   -0.00000000  0.00000000   -0.12550970  0.07246306
  0.00000000 -0.00000000   -0.06371866 -0.11036395    0.00000000  0.00000000
 -0.12550970  0.07246306    0.00000000  0.00000000   -0.05647615 -0.09781956
    2    2
  0.22753285  0.00000000   -0.00000000  0.00000000    0.00000000 -0.00000000
 -0.00000000  0.00000000    0.31179009  0.00000000    0.00000000  0.00000000
  0.00000000 -0.00000000    0.00000000  0.00000000    0.22753285  0.00000000

     Dynamical  Matrix in cartesian axes

     q = (    0.666666667   0.000000000   0.000000000 ) 

    1    1
  0.31179009  0.00000000    0.00000000  0.00000000   -0.00000000  0.00000000
  0.00000000  0.00000000    0.22753285  0.00000000   -0.00000000  0.00000000
 -0.00000000  0.00000000   -0.00000000  0.00000000    0.22753285  0.00000000
    1    2
 -0.06371866  0.11036395   -0.00000000  0.00000000    0.00000000 -0.00000000
  0.00000000  0.00000000   -0.05647615  0.09781956   -0.12550970 -0.07246306
  0.00000000 -0.00000000   -0.12550970 -0.07246306   -0.05647615  0.09781956
    2    1
 -0.06371866 -0.11036395   -0.00000000 -0.00000000   -0.00000000  0.00000000
  0.00000000  0.00000000   -0.05647615 -0.09781956   -0.12550970  0.07246306
  0.00000000  0.00000000   -0.12550970  0.07246306   -0.05647615 -0.09781956
    2    2
  0.31179009  0.00000000   -0.00000000  0.00000000   -0.00000000  0.00000000
 -0.00000000  0.00000000    0.22753285  0.00000000   -0.00000000 -0.00000000
 -0.00000000  0.00000000   -0.00000000 -0.00000000    0.22753285  0.00000000

     Dynamical  Matrix in cartesian axes

     q = (    0.000000000   0.000000000   0.666666667 ) 

    1    1
  0.22753285  0.00000000    0.00000000  0.00000000   -0.00000000  0.00000000
  0.00000000  0.00000000    0.22753285  0.00000000   -0.00000000  0.00000000
 -0.00000000  0.00000000   -0.00000000  0.00000000    0.31179009  0.00000000
    1    2
 -0.05647615  0.09781956   -0.12550970 -0.07246306    0.00000000 -0.00000000
 -0.12550970 -0.07246306   -0.05647615  0.09781956    0.00000000  0.00000000
 -0.00000000 -0.00000000    0.00000000 -0.00000000   -0.06371866  0.11036395
    2    1
 -0.05647615 -0.09781956   -0.12550970  0.07246306    0.00000000  0.00000000
 -0.12550970  0.07246306   -0.05647615 -0.09781956    0.00000000 -0.00000000
  0.00000000  0.00000000    0.00000000  0.00000000   -0.06371866 -0.11036395
    2    2
  0.22753285  0.00000000    0.00000000 -0.00000000   -0.00000000  0.00000000
  0.00000000 -0.00000000    0.22753285  0.00000000    0.00000000  0.00000000
 -0.00000000  0.00000000    0.00000000  0.00000000    0.31179009  0.00000000

     Dynamical  Matrix in cartesian axes

     q = (    0.000000000  -0.666666667   0.000000000 ) 

    1    1
  0.22753285  0.00000000   -0.00000000  0.00000000    0.00000000 -0.00000000
 -0.00000000  0.00000000    0.31179009  0.00000000    0.00000000  0.00000000
  0.00000000 -0.00000000   -0.00000000  0.00000000    0.22753285  0.00000000
    1    2
 -0.05647615 -0.09781956    0.00000000 -0.00000000   -0.12550970  0.07246306
  0.00000000  0.00000000   -0.06371866 -0.11036395   -0.00000000  0.00000000
 -0.12550970  0.07246306    0.00000000  0.00000000   -0.05647615 -0.09781956
    2    1
 -0.05647615  0.09781956   -0.00000000  0.00000000   -0.12550970 -0.07246306
 -0.00000000  0.00000000   -0.06371866  0.11036395    0.00000000  0.00000000
 -0.12550970 -0.07246306    0.00000000  0.00000000   -0.05647615  0.09781956
    2    2
  0.22753285  0.00000000    0.00000000  0.00000000    0.00000000  0.00000000
 -0.00000000  0.00000000    0.31179009  0.00000000    0.00000000  0.00000000
  0.00000000  0.00000000    0.00000000  0.00000000    0.22753285  0.00000000

     Dynamical  Matrix in cartesian axes

     q = (   -0.666666667   0.000000000   0.000000000 ) 

    1    1
  0.31179009  0.00000000   -0.00000000  0.00000000    0.00000000  0.00000000
 -0.00000000  0.00000000    0.22753285  0.00000000    0.00000000 -0.00000000
 -0.00000000  0.00000000   -0.00000000 -0.00000000    0.22753285  0.00000000
    1    2
 -0.06371866 -0.11036395    0.00000000 -0.00000000   -0.00000000  0.00000000
  0.00000000  0.00000000   -0.05647615 -0.09781956   -0.12550970  0.07246306
  0.00000000 -0.00000000   -0.12550970  0.07246306   -0.05647615 -0.09781956
    2    1
 -0.06371866  0.11036395   -0.00000000  0.00000000    0.00000000 -0.00000000
  0.00000000  0.00000000   -0.05647615  0.09781956   -0.12550970 -0.07246306
  0.00000000  0.00000000   -0.12550970 -0.07246306   -0.05647615  0.09781956
    2    2
  0.31179009  0.00000000   -0.00000000  0.00000000    0.00000000  0.00000000
 -0.00000000  0.00000000    0.22753285  0.00000000    0.00000000  0.00000000
 -0.00000000  0.00000000    0.00000000  0.00000000    0.22753285  0.00000000

     Dynamical  Matrix in cartesian axes

     q = (    0.000000000   0.000000000  -0.666666667 ) 

    1    1
  0.22753285  0.00000000   -0.00000000 -0.00000000   -0.00000000  0.00000000
 -0.00000000 -0.00000000    0.22753285  0.00000000    0.00000000  0.00000000
 -0.00000000  0.00000000   -0.00000000  0.00000000    0.31179009  0.00000000
    1    2
 -0.05647615 -0.09781956   -0.12550970  0.07246306    0.00000000 -0.00000000
 -0.12550970  0.07246306   -0.05647615 -0.09781956    0.00000000  0.00000000
  0.00000000  0.00000000    0.00000000  0.00000000   -0.06371866 -0.11036395
    2    1
 -0.05647615  0.09781956   -0.12550970 -0.07246306   -0.00000000  0.00000000
 -0.12550970 -0.07246306   -0.05647615  0.09781956    0.00000000  0.00000000
  0.00000000  0.00000000    0.00000000  0.00000000   -0.06371866  0.11036395
    2    2
  0.22753285  0.00000000    0.00000000  0.00000000   -0.00000000  0.00000000
  0.00000000  0.00000000    0.22753285  0.00000000    0.00000000  0.00000000
 -0.00000000  0.00000000    0.00000000  0.00000000    0.31179009  0.00000000

     Diagonalizing the dynamical matrix

     q = (    0.000000000   0.666666667   0.000000000 ) 

 **************************************************************************
     freq (    1) =       4.302764 [THz] =     143.524761 [cm-1]
 ( -0.428077  0.213993 -0.000000  0.000000 -0.489567 -0.176866 ) 
 ( -0.649657 -0.089863 -0.000000 -0.000000 -0.264330  0.000000 ) 
     freq (    2) =       4.302764 [THz] =     143.524761 [cm-1]
 (  0.348225  0.386907  0.000000 -0.000000  0.037012 -0.477151 ) 
 ( -0.261837 -0.036218  0.000000 -0.000000  0.655843  0.000000 ) 
     freq (    3) =       8.828560 [THz] =     294.489070 [cm-1]
 ( -0.000000  0.000000 -0.390841  0.589274 -0.000000 -0.000000 ) 
 ( -0.000000 -0.000000 -0.705746 -0.043842  0.000000  0.000000 ) 
     freq (    4) =      13.186577 [THz] =     439.856875 [cm-1]
 (  0.065389 -0.102895 -0.000000 -0.000000 -0.204033  0.665963 ) 
 ( -0.198144 -0.538548  0.000000  0.000000  0.413165  0.000000 ) 
     freq (    5) =      13.186577 [THz] =     439.856875 [cm-1]
 ( -0.642251 -0.269538  0.000000 -0.000000 -0.120909 -0.015628 ) 
 (  0.142663  0.387753 -0.000000 -0.000000  0.573842  0.000000 ) 
     freq (    6) =      13.627298 [THz] =     454.557733 [cm-1]
 (  0.000000 -0.000000  0.241608 -0.664549  0.000000 -0.000000 ) 
 ( -0.000000  0.000000 -0.696320  0.123036 -0.000000  0.000000 ) 
 **************************************************************************
