Dynamical matrix file
                                                                           
  1    2  2 10.3880000  0.0000000  0.0000000  0.0000000  0.0000000  0.0000000
           1  'Si  '    25598.8229845270     
    1    1      0.0000000000      0.0000000000      0.0000000000
    2    1      0.2500000000      0.2500000000      0.2500000000

     Dynamical  Matrix in cartesian axes

     q = (    0.666666667   0.000000000   0.666666667 ) 

    1    1
  0.23791489  0.00000000   -0.00000000  0.00776550    0.00713907  0.00000000
 -0.00000000 -0.00776550    0.28105042  0.00000000   -0.00000000 -0.00776550
  0.00713907  0.00000000    0.00000000  0.00776550    0.23791489  0.00000000
    1    2
  0.02852616  0.04940876   -0.05999407  0.03463759   -0.06283289 -0.10882976
 -0.05999407  0.03463759    0.03987502  0.06906556   -0.05999407  0.03463759
 -0.06283289 -0.10882976   -0.05999407  0.03463759    0.02852616  0.04940876
    2    1
  0.02852616 -0.04940876   -0.05999407 -0.03463759   -0.06283289  0.10882976
 -0.05999407 -0.03463759    0.03987502 -0.06906556   -0.05999407 -0.03463759
 -0.06283289  0.10882976   -0.05999407 -0.03463759    0.02852616 -0.04940876
    2    2
  0.23791489  0.00000000    0.00000000 -0.00776550    0.00713907  0.00000000
  0.00000000  0.00776550    0.28105042  0.00000000    0.00000000  0.00776550
  0.00713907  0.00000000   -0.00000000 -0.00776550    0.23791489  0.00000000

     Dynamical  Matrix in cartesian axes

     q = (   -0.666666667   0.000000000   0.666666667 ) 

    1    1
  0.23791489  0.00000000    0.00000000  0.00776550   -0.00713907  0.00000000
  0.00000000 -0.00776550    0.28105042  0.00000000    0.00000000  0.00776550
 -0.00713907  0.00000000    0.00000000 -0.00776550    0.23791489  0.00000000
    1    2
 -0.05705233  0.00000000    0.00000000 -0.06927518   -0.12566578 -0.00000000
  0.00000000 -0.06927518   -0.07975004 -0.00000000   -0.00000000  0.06927518
 -0.12566578  0.00000000   -0.00000000  0.06927518   -0.05705233  0.00000000
    2    1
 -0.05705233  0.00000000    0.00000000  0.06927518   -0.12566578  0.00000000
  0.00000000  0.06927518   -0.07975004 -0.00000000    0.00000000 -0.06927518
 -0.12566578  0.00000000    0.00000000 -0.06927518   -0.05705233  0.00000000
    2    2
  0.23791489  0.00000000    0.00000000 -0.00776550   -0.00713907  0.00000000
  0.00000000  0.00776550    0.28105042  0.00000000    0.00000000 -0.00776550
 -0.00713907  0.00000000    0.00000000  0.00776550    0.23791489  0.00000000

     Dynamical  Matrix in cartesian axes

     q = (   -0.666666667   0.000000000  -0.666666667 ) 

    1    1
  0.23791489  0.00000000   -0.00000000 -0.00776550    0.00713907  0.00000000
 -0.00000000  0.00776550    0.28105042  0.00000000   -0.00000000  0.00776550
  0.00713907  0.00000000    0.00000000 -0.00776550    0.23791489  0.00000000
    1    2
  0.02852616 -0.04940876   -0.05999407 -0.03463759   -0.06283289  0.10882976
 -0.05999407 -0.03463759    0.03987502 -0.06906556   -0.05999407 -0.03463759
 -0.06283289  0.10882976   -0.05999407 -0.03463759    0.02852616 -0.04940876
    2    1
  0.02852616  0.04940876   -0.05999407  0.03463759   -0.06283289 -0.10882976
 -0.05999407  0.03463759    0.03987502  0.06906556   -0.05999407  0.03463759
 -0.06283289 -0.10882976   -0.05999407  0.03463759    0.02852616  0.04940876
    2    2
  0.23791489  0.00000000    0.00000000  0.00776550    0.00713907  0.00000000
  0.00000000 -0.00776550    0.28105042  0.00000000    0.00000000 -0.00776550
  0.00713907  0.00000000   -0.00000000  0.00776550    0.23791489  0.00000000

     Dynamical  Matrix in cartesian axes

     q = (    0.666666667   0.000000000  -0.666666667 ) 

    1    1
  0.23791489  0.00000000   -0.00000000 -0.00776550   -0.00713907  0.00000000
 -0.00000000  0.00776550    0.28105042  0.00000000   -0.00000000 -0.00776550
 -0.00713907  0.00000000   -0.00000000  0.00776550    0.23791489  0.00000000
    1    2
 -0.05705233  0.00000000    0.00000000  0.06927518   -0.12566578  0.00000000
  0.00000000  0.06927518   -0.07975004 -0.00000000   -0.00000000 -0.06927518
 -0.12566578  0.00000000    0.00000000 -0.06927518   -0.05705233  0.00000000
    2    1
 -0.05705233  0.00000000    0.00000000 -0.06927518   -0.12566578  0.00000000
  0.00000000 -0.06927518   -0.07975004 -0.00000000   -0.00000000  0.06927518
 -0.12566578  0.00000000   -0.00000000  0.06927518   -0.05705233  0.00000000
    2    2
  0.23791489  0.00000000    0.00000000  0.00776550   -0.00713907  0.00000000
  0.00000000 -0.00776550    0.28105042  0.00000000    0.00000000  0.00776550
 -0.00713907  0.00000000    0.00000000 -0.00776550    0.23791489  0.00000000

     Dynamical  Matrix in cartesian axes

     q = (    0.000000000   0.666666667  -0.666666667 ) 

    1    1
  0.28105042  0.00000000    0.00000000  0.00776550    0.00000000 -0.00776550
  0.00000000 -0.00776550    0.23791489  0.00000000   -0.00713907  0.00000000
  0.00000000  0.00776550   -0.00713907  0.00000000    0.23791489  0.00000000
    1    2
 -0.07975004 -0.00000000    0.00000000  0.06927518    0.00000000 -0.06927518
  0.00000000  0.06927518   -0.05705233  0.00000000   -0.12566578 -0.00000000
  0.00000000 -0.06927518   -0.12566578 -0.00000000   -0.05705233  0.00000000
    2    1
 -0.07975004 -0.00000000    0.00000000 -0.06927518    0.00000000  0.06927518
  0.00000000 -0.06927518   -0.05705233  0.00000000   -0.12566578  0.00000000
  0.00000000  0.06927518   -0.12566578  0.00000000   -0.05705233  0.00000000
    2    2
  0.28105042  0.00000000   -0.00000000 -0.00776550    0.00000000  0.00776550
 -0.00000000  0.00776550    0.23791489  0.00000000   -0.00713907  0.00000000
 -0.00000000 -0.00776550   -0.00713907  0.00000000    0.23791489  0.00000000

     Dynamical  Matrix in cartesian axes

     q = (   -0.666666667   0.666666667   0.000000000 ) 

    1    1
  0.23791489  0.00000000   -0.00713907  0.00000000    0.00000000  0.00776550
 -0.00713907  0.00000000    0.23791489  0.00000000    0.00000000 -0.00776550
  0.00000000 -0.00776550    0.00000000  0.00776550    0.28105042  0.00000000
    1    2
 -0.05705233 -0.00000000   -0.12566578 -0.00000000    0.00000000 -0.06927518
 -0.12566578 -0.00000000   -0.05705233 -0.00000000   -0.00000000  0.06927518
  0.00000000 -0.06927518   -0.00000000  0.06927518   -0.07975004 -0.00000000
    2    1
 -0.05705233  0.00000000   -0.12566578  0.00000000    0.00000000  0.06927518
 -0.12566578  0.00000000   -0.05705233  0.00000000   -0.00000000 -0.06927518
  0.00000000  0.06927518   -0.00000000 -0.06927518   -0.07975004 -0.00000000
    2    2
  0.23791489  0.00000000   -0.00713907  0.00000000    0.00000000 -0.00776550
 -0.00713907  0.00000000    0.23791489  0.00000000    0.00000000  0.00776550
  0.00000000  0.00776550    0.00000000 -0.00776550    0.28105042  0.00000000

     Dynamical  Matrix in cartesian axes

     q = (    0.000000000   0.666666667   0.666666667 ) 

    1    1
  0.28105042  0.00000000    0.00000000 -0.00776550    0.00000000 -0.00776550
  0.00000000  0.00776550    0.23791489  0.00000000    0.00713907  0.00000000
  0.00000000  0.00776550    0.00713907  0.00000000    0.23791489  0.00000000
    1    2
  0.03987502  0.06906556   -0.05999407  0.03463759   -0.05999407  0.03463759
 -0.05999407  0.03463759    0.02852616  0.04940876   -0.06283289 -0.10882976
 -0.05999407  0.03463759   -0.06283289 -0.10882976    0.02852616  0.04940876
    2    1
  0.03987502 -0.06906556   -0.05999407 -0.03463759   -0.05999407 -0.03463759
 -0.05999407 -0.03463759    0.02852616 -0.04940876   -0.06283289  0.10882976
 -0.05999407 -0.03463759   -0.06283289  0.10882976    0.02852616 -0.04940876
    2    2
  0.28105042  0.00000000    0.00000000  0.00776550   -0.00000000  0.00776550
  0.00000000 -0.00776550    0.23791489  0.00000000    0.00713907  0.00000000
 -0.00000000 -0.00776550    0.00713907  0.00000000    0.23791489  0.00000000

     Dynamical  Matrix in cartesian axes

     q = (    0.000000000  -0.666666667  -0.666666667 ) 

    1    1
  0.28105042  0.00000000    0.00000000  0.00776550    0.00000000  0.00776550
  0.00000000 -0.00776550    0.23791489  0.00000000    0.00713907  0.00000000
  0.00000000 -0.00776550    0.00713907  0.00000000    0.23791489  0.00000000
    1    2
  0.03987502 -0.06906556   -0.05999407 -0.03463759   -0.05999407 -0.03463759
 -0.05999407 -0.03463759    0.02852616 -0.04940876   -0.06283289  0.10882976
 -0.05999407 -0.03463759   -0.06283289  0.10882976    0.02852616 -0.04940876
    2    1
  0.03987502  0.06906556   -0.05999407  0.03463759   -0.05999407  0.03463759
 -0.05999407  0.03463759    0.02852616  0.04940876   -0.06283289 -0.10882976
 -0.05999407  0.03463759   -0.06283289 -0.10882976    0.02852616  0.04940876
    2    2
  0.28105042  0.00000000   -0.00000000 -0.00776550    0.00000000 -0.00776550
 -0.00000000  0.00776550    0.23791489  0.00000000    0.00713907  0.00000000
  0.00000000  0.00776550    0.00713907  0.00000000    0.23791489  0.00000000

     Dynamical  Matrix in cartesian axes

     q = (    0.666666667  -0.666666667   0.000000000 ) 

    1    1
  0.23791489  0.00000000   -0.00713907  0.00000000    0.00000000 -0.00776550
 -0.00713907  0.00000000    0.23791489  0.00000000    0.00000000  0.00776550
  0.00000000  0.00776550    0.00000000 -0.00776550    0.28105042  0.00000000
    1    2
 -0.05705233  0.00000000   -0.12566578  0.00000000    0.00000000  0.06927518
 -0.12566578  0.00000000   -0.05705233  0.00000000   -0.00000000 -0.06927518
  0.00000000  0.06927518   -0.00000000 -0.06927518   -0.07975004  0.00000000
    2    1
 -0.05705233 -0.00000000   -0.12566578 -0.00000000    0.00000000 -0.06927518
 -0.12566578 -0.00000000   -0.05705233 -0.00000000   -0.00000000  0.06927518
  0.00000000 -0.06927518   -0.00000000  0.06927518   -0.07975004 -0.00000000
    2    2
  0.23791489  0.00000000   -0.00713907  0.00000000   -0.00000000  0.00776550
 -0.00713907  0.00000000    0.23791489  0.00000000   -0.00000000 -0.00776550
 -0.00000000 -0.00776550   -0.00000000  0.00776550    0.28105042  0.00000000

     Dynamical  Matrix in cartesian axes

     q = (    0.666666667   0.666666667   0.000000000 ) 

    1    1
  0.23791489  0.00000000    0.00713907  0.00000000   -0.00000000  0.00776550
  0.00713907  0.00000000    0.23791489  0.00000000    0.00000000  0.00776550
  0.00000000 -0.00776550    0.00000000 -0.00776550    0.28105042  0.00000000
    1    2
  0.02852616  0.04940876   -0.06283289 -0.10882976   -0.05999407  0.03463759
 -0.06283289 -0.10882976    0.02852616  0.04940876   -0.05999407  0.03463759
 -0.05999407  0.03463759   -0.05999407  0.03463759    0.03987502  0.06906556
    2    1
  0.02852616 -0.04940876   -0.06283289  0.10882976   -0.05999407 -0.03463759
 -0.06283289  0.10882976    0.02852616 -0.04940876   -0.05999407 -0.03463759
 -0.05999407 -0.03463759   -0.05999407 -0.03463759    0.03987502 -0.06906556
    2    2
  0.23791489  0.00000000    0.00713907  0.00000000   -0.00000000 -0.00776550
  0.00713907  0.00000000    0.23791489  0.00000000    0.00000000 -0.00776550
  0.00000000  0.00776550    0.00000000  0.00776550    0.28105042  0.00000000

     Dynamical  Matrix in cartesian axes

     q = (   -0.666666667  -0.666666667   0.000000000 ) 

    1    1
  0.23791489  0.00000000    0.00713907  0.00000000   -0.00000000 -0.00776550
  0.00713907  0.00000000    0.23791489  0.00000000    0.00000000 -0.00776550
  0.00000000  0.00776550    0.00000000  0.00776550    0.28105042  0.00000000
    1    2
  0.02852616 -0.04940876   -0.06283289  0.10882976   -0.05999407 -0.03463759
 -0.06283289  0.10882976    0.02852616 -0.04940876   -0.05999407 -0.03463759
 -0.05999407 -0.03463759   -0.05999407 -0.03463759    0.03987502 -0.06906556
    2    1
  0.02852616  0.04940876   -0.06283289 -0.10882976   -0.05999407  0.03463759
 -0.06283289 -0.10882976    0.02852616  0.04940876   -0.05999407  0.03463759
 -0.05999407  0.03463759   -0.05999407  0.03463759    0.03987502  0.06906556
    2    2
  0.23791489  0.00000000    0.00713907  0.00000000    0.00000000  0.00776550
  0.00713907  0.00000000    0.23791489  0.00000000   -0.00000000  0.00776550
  0.00000000 -0.00776550    0.00000000 -0.00776550    0.28105042  0.00000000

     Dynamical  Matrix in cartesian axes

     q = (    0.000000000  -0.666666667   0.666666667 ) 

    1    1
  0.28105042  0.00000000   -0.00000000 -0.00776550    0.00000000  0.00776550
 -0.00000000  0.00776550    0.23791489  0.00000000   -0.00713907  0.00000000
 -0.00000000 -0.00776550   -0.00713907  0.00000000    0.23791489  0.00000000
    1    2
 -0.07975004 -0.00000000    0.00000000 -0.06927518   -0.00000000  0.06927518
  0.00000000 -0.06927518   -0.05705233  0.00000000   -0.12566578  0.00000000
  0.00000000  0.06927518   -0.12566578  0.00000000   -0.05705233  0.00000000
    2    1
 -0.07975004 -0.00000000    0.00000000  0.06927518    0.00000000 -0.06927518
  0.00000000  0.06927518   -0.05705233  0.00000000   -0.12566578  0.00000000
  0.00000000 -0.06927518   -0.12566578  0.00000000   -0.05705233  0.00000000
    2    2
  0.28105042  0.00000000   -0.00000000  0.00776550    0.00000000 -0.00776550
  0.00000000 -0.00776550    0.23791489  0.00000000   -0.00713907  0.00000000
 -0.00000000  0.00776550   -0.00713907  0.00000000    0.23791489  0.00000000

     Diagonalizing the dynamical matrix

     q = (    0.666666667  -0.000000000   0.666666667 ) 

 **************************************************************************
     freq (    1) =       4.507613 [THz] =     150.357784 [cm-1]
 (  0.250000  0.433013 -0.000000 -0.000000 -0.250000 -0.433013 ) 
 ( -0.500000 -0.000000  0.000000  0.000000  0.500000  0.000000 ) 
     freq (    2) =       6.534670 [THz] =     217.973116 [cm-1]
 ( -0.188866 -0.327126 -0.401219  0.231644 -0.188866 -0.327126 ) 
 ( -0.377733 -0.000000  0.000000 -0.463288 -0.377733  0.000000 ) 
     freq (    3) =       9.769915 [THz] =     325.889287 [cm-1]
 ( -0.194568 -0.337001  0.384526 -0.222006 -0.194568 -0.337001 ) 
 (  0.389136 -0.000000  0.000000 -0.444012  0.389136  0.000000 ) 
     freq (    4) =      10.816891 [THz] =     360.812650 [cm-1]
 (  0.163797  0.283705 -0.462626  0.267097  0.163797  0.283705 ) 
 (  0.327594  0.000000  0.000000 -0.534195  0.327594  0.000000 ) 
     freq (    5) =      13.222075 [THz] =     441.040936 [cm-1]
 (  0.250000  0.433013 -0.000000  0.000000 -0.250000 -0.433013 ) 
 (  0.500000  0.000000 -0.000000  0.000000 -0.500000  0.000000 ) 
     freq (    6) =      13.773545 [THz] =     459.436023 [cm-1]
 ( -0.156982 -0.271901 -0.476592  0.275161 -0.156982 -0.271901 ) 
 (  0.313964  0.000000 -0.000000  0.550321  0.313964  0.000000 ) 
 **************************************************************************
