Dynamical matrix file
                                                                           
  1    2  2 10.3280000  0.0000000  0.0000000  0.0000000  0.0000000  0.0000000
           1  'Si  '    25598.8229845270     
    1    1      0.0000000000      0.0000000000      0.0000000000
    2    1      0.2500000000      0.2500000000      0.2500000000

     Dynamical  Matrix in cartesian axes

     q = (    0.500000000  -0.166666667   0.833333333 ) 

    1    1
  0.24108444  0.00000000   -0.00511064  0.00094797    0.00511064  0.00094797
 -0.00511064 -0.00094797    0.27004969  0.00000000   -0.00366593 -0.01468877
  0.00511064 -0.00094797   -0.00366593  0.01468877    0.27004969 -0.00000000
    1    2
 -0.02948761  0.05107404   -0.10809898  0.03978086   -0.01959825 -0.11350689
 -0.10809898  0.03978086   -0.02943748  0.05957368   -0.02238098  0.03876500
 -0.01959825 -0.11350689   -0.02238098  0.03876500   -0.03687358  0.05528044
    2    1
 -0.02948761 -0.05107404   -0.10809898 -0.03978086   -0.01959825  0.11350689
 -0.10809898 -0.03978086   -0.02943748 -0.05957368   -0.02238098 -0.03876500
 -0.01959825  0.11350689   -0.02238098 -0.03876500   -0.03687358 -0.05528044
    2    2
  0.24108444  0.00000000   -0.00511064 -0.00094797    0.00511064 -0.00094797
 -0.00511064  0.00094797    0.27004969  0.00000000   -0.00366593  0.01468877
  0.00511064  0.00094797   -0.00366593 -0.01468877    0.27004969  0.00000000

     Dynamical  Matrix in cartesian axes

     q = (    0.833333333   0.166666667   0.500000000 ) 

    1    1
  0.27004969  0.00000000    0.00366593  0.01468877    0.00511064  0.00094797
  0.00366593 -0.01468877    0.27004969  0.00000000    0.00511064 -0.00094797
  0.00511064 -0.00094797    0.00511064  0.00094797    0.24108444  0.00000000
    1    2
  0.06631106 -0.00429323   -0.04476196  0.00000000   -0.08850072 -0.07372603
 -0.04476196  0.00000000    0.06631106  0.00429323   -0.08850072  0.07372603
 -0.08850072 -0.07372603   -0.08850072  0.07372603    0.05897522 -0.00000000
    2    1
  0.06631106  0.00429323   -0.04476196 -0.00000000   -0.08850072  0.07372603
 -0.04476196 -0.00000000    0.06631106 -0.00429323   -0.08850072 -0.07372603
 -0.08850072  0.07372603   -0.08850072 -0.07372603    0.05897522  0.00000000
    2    2
  0.27004969  0.00000000    0.00366593 -0.01468877    0.00511064 -0.00094797
  0.00366593  0.01468877    0.27004969  0.00000000    0.00511064  0.00094797
  0.00511064  0.00094797    0.00511064 -0.00094797    0.24108444  0.00000000

     Dynamical  Matrix in cartesian axes

     q = (    0.500000000   0.166666667   0.833333333 ) 

    1    1
  0.24108444  0.00000000    0.00511064  0.00094797    0.00511064 -0.00094797
  0.00511064 -0.00094797    0.27004969  0.00000000    0.00366593 -0.01468877
  0.00511064  0.00094797    0.00366593  0.01468877    0.27004969  0.00000000
    1    2
  0.05897522  0.00000000   -0.08850072  0.07372603   -0.08850072 -0.07372603
 -0.08850072  0.07372603    0.06631106  0.00429323   -0.04476196 -0.00000000
 -0.08850072 -0.07372603   -0.04476196 -0.00000000    0.06631106 -0.00429323
    2    1
  0.05897522 -0.00000000   -0.08850072 -0.07372603   -0.08850072  0.07372603
 -0.08850072 -0.07372603    0.06631106 -0.00429323   -0.04476196  0.00000000
 -0.08850072  0.07372603   -0.04476196  0.00000000    0.06631106  0.00429323
    2    2
  0.24108444 -0.00000000    0.00511064 -0.00094797    0.00511064  0.00094797
  0.00511064  0.00094797    0.27004969 -0.00000000    0.00366593  0.01468877
  0.00511064 -0.00094797    0.00366593 -0.01468877    0.27004969 -0.00000000

     Dynamical  Matrix in cartesian axes

     q = (   -0.833333333  -0.166666667   0.500000000 ) 

    1    1
  0.27004969  0.00000000    0.00366593  0.01468877   -0.00511064 -0.00094797
  0.00366593 -0.01468877    0.27004969 -0.00000000   -0.00511064  0.00094797
 -0.00511064  0.00094797   -0.00511064 -0.00094797    0.24108444  0.00000000
    1    2
 -0.06631106  0.00429323    0.04476196  0.00000000   -0.08850072 -0.07372603
  0.04476196  0.00000000   -0.06631106 -0.00429323   -0.08850072  0.07372603
 -0.08850072 -0.07372603   -0.08850072  0.07372603   -0.05897522 -0.00000000
    2    1
 -0.06631106 -0.00429323    0.04476196 -0.00000000   -0.08850072  0.07372603
  0.04476196 -0.00000000   -0.06631106  0.00429323   -0.08850072 -0.07372603
 -0.08850072  0.07372603   -0.08850072 -0.07372603   -0.05897522  0.00000000
    2    2
  0.27004969 -0.00000000    0.00366593 -0.01468877   -0.00511064  0.00094797
  0.00366593  0.01468877    0.27004969  0.00000000   -0.00511064 -0.00094797
 -0.00511064 -0.00094797   -0.00511064  0.00094797    0.24108444 -0.00000000

     Dynamical  Matrix in cartesian axes

     q = (   -0.833333333  -0.166666667  -0.500000000 ) 

    1    1
  0.27004969  0.00000000    0.00366593 -0.01468877    0.00511064 -0.00094797
  0.00366593  0.01468877    0.27004969  0.00000000    0.00511064  0.00094797
  0.00511064  0.00094797    0.00511064 -0.00094797    0.24108444  0.00000000
    1    2
  0.06631106  0.00429323   -0.04476196 -0.00000000   -0.08850072  0.07372603
 -0.04476196 -0.00000000    0.06631106 -0.00429323   -0.08850072 -0.07372603
 -0.08850072  0.07372603   -0.08850072 -0.07372603    0.05897522  0.00000000
    2    1
  0.06631106 -0.00429323   -0.04476196  0.00000000   -0.08850072 -0.07372603
 -0.04476196  0.00000000    0.06631106  0.00429323   -0.08850072  0.07372603
 -0.08850072 -0.07372603   -0.08850072  0.07372603    0.05897522 -0.00000000
    2    2
  0.27004969  0.00000000    0.00366593  0.01468877    0.00511064  0.00094797
  0.00366593 -0.01468877    0.27004969  0.00000000    0.00511064 -0.00094797
  0.00511064 -0.00094797    0.00511064  0.00094797    0.24108444  0.00000000

     Dynamical  Matrix in cartesian axes

     q = (   -0.500000000  -0.166666667  -0.833333333 ) 

    1    1
  0.24108444 -0.00000000    0.00511064 -0.00094797    0.00511064  0.00094797
  0.00511064  0.00094797    0.27004969 -0.00000000    0.00366593  0.01468877
  0.00511064 -0.00094797    0.00366593 -0.01468877    0.27004969 -0.00000000
    1    2
  0.05897522 -0.00000000   -0.08850072 -0.07372603   -0.08850072  0.07372603
 -0.08850072 -0.07372603    0.06631106 -0.00429323   -0.04476196  0.00000000
 -0.08850072  0.07372603   -0.04476196  0.00000000    0.06631106  0.00429323
    2    1
  0.05897522  0.00000000   -0.08850072  0.07372603   -0.08850072 -0.07372603
 -0.08850072  0.07372603    0.06631106  0.00429323   -0.04476196 -0.00000000
 -0.08850072 -0.07372603   -0.04476196 -0.00000000    0.06631106 -0.00429323
    2    2
  0.24108444  0.00000000    0.00511064  0.00094797    0.00511064 -0.00094797
  0.00511064 -0.00094797    0.27004969  0.00000000    0.00366593 -0.01468877
  0.00511064  0.00094797    0.00366593  0.01468877    0.27004969  0.00000000

     Dynamical  Matrix in cartesian axes

     q = (    0.833333333  -0.166666667   0.500000000 ) 

    1    1
  0.27004969  0.00000000   -0.00366593  0.01468877    0.00511064 -0.00094797
 -0.00366593 -0.01468877    0.27004969  0.00000000   -0.00511064 -0.00094797
  0.00511064  0.00094797   -0.00511064  0.00094797    0.24108444  0.00000000
    1    2
 -0.03687358  0.05528044   -0.02238098  0.03876500   -0.01959825 -0.11350689
 -0.02238098  0.03876500   -0.02943748  0.05957368   -0.10809898  0.03978086
 -0.01959825 -0.11350689   -0.10809898  0.03978086   -0.02948761  0.05107404
    2    1
 -0.03687358 -0.05528044   -0.02238098 -0.03876500   -0.01959825  0.11350689
 -0.02238098 -0.03876500   -0.02943748 -0.05957368   -0.10809898 -0.03978086
 -0.01959825  0.11350689   -0.10809898 -0.03978086   -0.02948761 -0.05107404
    2    2
  0.27004969  0.00000000   -0.00366593 -0.01468877    0.00511064  0.00094797
 -0.00366593  0.01468877    0.27004969  0.00000000   -0.00511064  0.00094797
  0.00511064 -0.00094797   -0.00511064 -0.00094797    0.24108444  0.00000000

     Dynamical  Matrix in cartesian axes

     q = (   -0.500000000  -0.166666667   0.833333333 ) 

    1    1
  0.24108444  0.00000000    0.00511064  0.00094797   -0.00511064  0.00094797
  0.00511064 -0.00094797    0.27004969 -0.00000000   -0.00366593  0.01468877
 -0.00511064 -0.00094797   -0.00366593 -0.01468877    0.27004969  0.00000000
    1    2
 -0.02948761  0.05107404   -0.01959825 -0.11350689   -0.10809898  0.03978086
 -0.01959825 -0.11350689   -0.03687358  0.05528044   -0.02238098  0.03876500
 -0.10809898  0.03978086   -0.02238098  0.03876500   -0.02943748  0.05957368
    2    1
 -0.02948761 -0.05107404   -0.01959825  0.11350689   -0.10809898 -0.03978086
 -0.01959825  0.11350689   -0.03687358 -0.05528044   -0.02238098 -0.03876500
 -0.10809898 -0.03978086   -0.02238098 -0.03876500   -0.02943748 -0.05957368
    2    2
  0.24108444 -0.00000000    0.00511064 -0.00094797   -0.00511064 -0.00094797
  0.00511064  0.00094797    0.27004969  0.00000000   -0.00366593 -0.01468877
 -0.00511064  0.00094797   -0.00366593  0.01468877    0.27004969 -0.00000000

     Dynamical  Matrix in cartesian axes

     q = (   -0.833333333   0.166666667   0.500000000 ) 

    1    1
  0.27004969  0.00000000   -0.00366593  0.01468877   -0.00511064  0.00094797
 -0.00366593 -0.01468877    0.27004969 -0.00000000    0.00511064  0.00094797
 -0.00511064 -0.00094797    0.00511064 -0.00094797    0.24108444  0.00000000
    1    2
 -0.02943748 -0.05957368   -0.02238098 -0.03876500   -0.10809898 -0.03978086
 -0.02238098 -0.03876500   -0.03687358 -0.05528044   -0.01959825  0.11350689
 -0.10809898 -0.03978086   -0.01959825  0.11350689   -0.02948761 -0.05107404
    2    1
 -0.02943748  0.05957368   -0.02238098  0.03876500   -0.10809898  0.03978086
 -0.02238098  0.03876500   -0.03687358  0.05528044   -0.01959825 -0.11350689
 -0.10809898  0.03978086   -0.01959825 -0.11350689   -0.02948761  0.05107404
    2    2
  0.27004969  0.00000000   -0.00366593 -0.01468877   -0.00511064 -0.00094797
 -0.00366593  0.01468877    0.27004969  0.00000000    0.00511064 -0.00094797
 -0.00511064  0.00094797    0.00511064  0.00094797    0.24108444  0.00000000

     Dynamical  Matrix in cartesian axes

     q = (    0.833333333   0.166666667  -0.500000000 ) 

    1    1
  0.27004969 -0.00000000    0.00366593 -0.01468877   -0.00511064  0.00094797
  0.00366593  0.01468877    0.27004969  0.00000000   -0.00511064 -0.00094797
 -0.00511064 -0.00094797   -0.00511064  0.00094797    0.24108444 -0.00000000
    1    2
 -0.06631106 -0.00429323    0.04476196 -0.00000000   -0.08850072  0.07372603
  0.04476196 -0.00000000   -0.06631106  0.00429323   -0.08850072 -0.07372603
 -0.08850072  0.07372603   -0.08850072 -0.07372603   -0.05897522  0.00000000
    2    1
 -0.06631106  0.00429323    0.04476196  0.00000000   -0.08850072 -0.07372603
  0.04476196  0.00000000   -0.06631106 -0.00429323   -0.08850072  0.07372603
 -0.08850072 -0.07372603   -0.08850072  0.07372603   -0.05897522 -0.00000000
    2    2
  0.27004969  0.00000000    0.00366593  0.01468877   -0.00511064 -0.00094797
  0.00366593 -0.01468877    0.27004969 -0.00000000   -0.00511064  0.00094797
 -0.00511064  0.00094797   -0.00511064 -0.00094797    0.24108444  0.00000000

     Dynamical  Matrix in cartesian axes

     q = (    0.833333333  -0.166666667  -0.500000000 ) 

    1    1
  0.27004969  0.00000000   -0.00366593 -0.01468877   -0.00511064 -0.00094797
 -0.00366593  0.01468877    0.27004969  0.00000000    0.00511064 -0.00094797
 -0.00511064  0.00094797    0.00511064  0.00094797    0.24108444  0.00000000
    1    2
 -0.02943748  0.05957368   -0.02238098  0.03876500   -0.10809898  0.03978086
 -0.02238098  0.03876500   -0.03687358  0.05528044   -0.01959825 -0.11350689
 -0.10809898  0.03978086   -0.01959825 -0.11350689   -0.02948761  0.05107404
    2    1
 -0.02943748 -0.05957368   -0.02238098 -0.03876500   -0.10809898 -0.03978086
 -0.02238098 -0.03876500   -0.03687358 -0.05528044   -0.01959825  0.11350689
 -0.10809898 -0.03978086   -0.01959825  0.11350689   -0.02948761 -0.05107404
    2    2
  0.27004969  0.00000000   -0.00366593  0.01468877   -0.00511064  0.00094797
 -0.00366593 -0.01468877    0.27004969 -0.00000000    0.00511064  0.00094797
 -0.00511064 -0.00094797    0.00511064 -0.00094797    0.24108444  0.00000000

     Dynamical  Matrix in cartesian axes

     q = (    0.500000000   0.166666667  -0.833333333 ) 

    1    1
  0.24108444 -0.00000000    0.00511064 -0.00094797   -0.00511064 -0.00094797
  0.00511064  0.00094797    0.27004969  0.00000000   -0.00366593 -0.01468877
 -0.00511064  0.00094797   -0.00366593  0.01468877    0.27004969 -0.00000000
    1    2
 -0.02948761 -0.05107404   -0.01959825  0.11350689   -0.10809898 -0.03978086
 -0.01959825  0.11350689   -0.03687358 -0.05528044   -0.02238098 -0.03876500
 -0.10809898 -0.03978086   -0.02238098 -0.03876500   -0.02943748 -0.05957368
    2    1
 -0.02948761  0.05107404   -0.01959825 -0.11350689   -0.10809898  0.03978086
 -0.01959825 -0.11350689   -0.03687358  0.05528044   -0.02238098  0.03876500
 -0.10809898  0.03978086   -0.02238098  0.03876500   -0.02943748  0.05957368
    2    2
  0.24108444  0.00000000    0.00511064  0.00094797   -0.00511064  0.00094797
  0.00511064 -0.00094797    0.27004969 -0.00000000   -0.00366593  0.01468877
 -0.00511064 -0.00094797   -0.00366593 -0.01468877    0.27004969  0.00000000

     Dynamical  Matrix in cartesian axes

     q = (   -0.500000000   0.166666667   0.833333333 ) 

    1    1
  0.24108444  0.00000000   -0.00511064  0.00094797   -0.00511064 -0.00094797
 -0.00511064 -0.00094797    0.27004969 -0.00000000    0.00366593  0.01468877
 -0.00511064  0.00094797    0.00366593 -0.01468877    0.27004969 -0.00000000
    1    2
 -0.05897522 -0.00000000   -0.08850072 -0.07372603   -0.08850072  0.07372603
 -0.08850072 -0.07372603   -0.06631106  0.00429323    0.04476196  0.00000000
 -0.08850072  0.07372603    0.04476196  0.00000000   -0.06631106 -0.00429323
    2    1
 -0.05897522  0.00000000   -0.08850072  0.07372603   -0.08850072 -0.07372603
 -0.08850072  0.07372603   -0.06631106 -0.00429323    0.04476196  0.00000000
 -0.08850072 -0.07372603    0.04476196  0.00000000   -0.06631106  0.00429323
    2    2
  0.24108444  0.00000000   -0.00511064 -0.00094797   -0.00511064  0.00094797
 -0.00511064  0.00094797    0.27004969  0.00000000    0.00366593 -0.01468877
 -0.00511064 -0.00094797    0.00366593  0.01468877    0.27004969  0.00000000

     Dynamical  Matrix in cartesian axes

     q = (   -0.500000000   0.166666667  -0.833333333 ) 

    1    1
  0.24108444  0.00000000   -0.00511064 -0.00094797    0.00511064 -0.00094797
 -0.00511064  0.00094797    0.27004969  0.00000000   -0.00366593  0.01468877
  0.00511064  0.00094797   -0.00366593 -0.01468877    0.27004969  0.00000000
    1    2
 -0.02948761 -0.05107404   -0.10809898 -0.03978086   -0.01959825  0.11350689
 -0.10809898 -0.03978086   -0.02943748 -0.05957368   -0.02238098 -0.03876500
 -0.01959825  0.11350689   -0.02238098 -0.03876500   -0.03687358 -0.05528044
    2    1
 -0.02948761  0.05107404   -0.10809898  0.03978086   -0.01959825 -0.11350689
 -0.10809898  0.03978086   -0.02943748  0.05957368   -0.02238098  0.03876500
 -0.01959825 -0.11350689   -0.02238098  0.03876500   -0.03687358  0.05528044
    2    2
  0.24108444  0.00000000   -0.00511064  0.00094797    0.00511064  0.00094797
 -0.00511064 -0.00094797    0.27004969  0.00000000   -0.00366593 -0.01468877
  0.00511064 -0.00094797   -0.00366593  0.01468877    0.27004969 -0.00000000

     Dynamical  Matrix in cartesian axes

     q = (   -0.833333333   0.166666667  -0.500000000 ) 

    1    1
  0.27004969  0.00000000   -0.00366593 -0.01468877    0.00511064  0.00094797
 -0.00366593  0.01468877    0.27004969  0.00000000   -0.00511064  0.00094797
  0.00511064 -0.00094797   -0.00511064 -0.00094797    0.24108444  0.00000000
    1    2
 -0.03687358 -0.05528044   -0.02238098 -0.03876500   -0.01959825  0.11350689
 -0.02238098 -0.03876500   -0.02943748 -0.05957368   -0.10809898 -0.03978086
 -0.01959825  0.11350689   -0.10809898 -0.03978086   -0.02948761 -0.05107404
    2    1
 -0.03687358  0.05528044   -0.02238098  0.03876500   -0.01959825 -0.11350689
 -0.02238098  0.03876500   -0.02943748  0.05957368   -0.10809898  0.03978086
 -0.01959825 -0.11350689   -0.10809898  0.03978086   -0.02948761  0.05107404
    2    2
  0.27004969  0.00000000   -0.00366593  0.01468877    0.00511064 -0.00094797
 -0.00366593 -0.01468877    0.27004969  0.00000000   -0.00511064 -0.00094797
  0.00511064  0.00094797   -0.00511064  0.00094797    0.24108444  0.00000000

     Dynamical  Matrix in cartesian axes

     q = (    0.833333333  -0.500000000   0.166666667 ) 

    1    1
  0.27004969  0.00000000   -0.00511064  0.00094797    0.00366593 -0.01468877
 -0.00511064 -0.00094797    0.24108444  0.00000000   -0.00511064  0.00094797
  0.00366593  0.01468877   -0.00511064 -0.00094797    0.27004969 -0.00000000
    1    2
 -0.06631106 -0.00429323   -0.08850072  0.07372603    0.04476196 -0.00000000
 -0.08850072  0.07372603   -0.05897522  0.00000000   -0.08850072 -0.07372603
  0.04476196 -0.00000000   -0.08850072 -0.07372603   -0.06631106  0.00429323
    2    1
 -0.06631106  0.00429323   -0.08850072 -0.07372603    0.04476196  0.00000000
 -0.08850072 -0.07372603   -0.05897522  0.00000000   -0.08850072  0.07372603
  0.04476196  0.00000000   -0.08850072  0.07372603   -0.06631106 -0.00429323
    2    2
  0.27004969  0.00000000   -0.00511064 -0.00094797    0.00366593  0.01468877
 -0.00511064  0.00094797    0.24108444  0.00000000   -0.00511064 -0.00094797
  0.00366593 -0.01468877   -0.00511064  0.00094797    0.27004969  0.00000000

     Dynamical  Matrix in cartesian axes

     q = (    0.833333333   0.500000000  -0.166666667 ) 

    1    1
  0.27004969  0.00000000    0.00511064 -0.00094797   -0.00366593  0.01468877
  0.00511064  0.00094797    0.24108444  0.00000000   -0.00511064  0.00094797
 -0.00366593 -0.01468877   -0.00511064 -0.00094797    0.27004969  0.00000000
    1    2
 -0.03687358  0.05528044   -0.01959825 -0.11350689   -0.02238098  0.03876500
 -0.01959825 -0.11350689   -0.02948761  0.05107404   -0.10809898  0.03978086
 -0.02238098  0.03876500   -0.10809898  0.03978086   -0.02943748  0.05957368
    2    1
 -0.03687358 -0.05528044   -0.01959825  0.11350689   -0.02238098 -0.03876500
 -0.01959825  0.11350689   -0.02948761 -0.05107404   -0.10809898 -0.03978086
 -0.02238098 -0.03876500   -0.10809898 -0.03978086   -0.02943748 -0.05957368
    2    2
  0.27004969 -0.00000000    0.00511064  0.00094797   -0.00366593 -0.01468877
  0.00511064 -0.00094797    0.24108444 -0.00000000   -0.00511064 -0.00094797
 -0.00366593  0.01468877   -0.00511064  0.00094797    0.27004969 -0.00000000

     Dynamical  Matrix in cartesian axes

     q = (   -0.833333333  -0.500000000  -0.166666667 ) 

    1    1
  0.27004969 -0.00000000    0.00511064 -0.00094797    0.00366593 -0.01468877
  0.00511064  0.00094797    0.24108444  0.00000000    0.00511064 -0.00094797
  0.00366593  0.01468877    0.00511064  0.00094797    0.27004969 -0.00000000
    1    2
  0.06631106  0.00429323   -0.08850072  0.07372603   -0.04476196  0.00000000
 -0.08850072  0.07372603    0.05897522  0.00000000   -0.08850072 -0.07372603
 -0.04476196 -0.00000000   -0.08850072 -0.07372603    0.06631106 -0.00429323
    2    1
  0.06631106 -0.00429323   -0.08850072 -0.07372603   -0.04476196 -0.00000000
 -0.08850072 -0.07372603    0.05897522  0.00000000   -0.08850072  0.07372603
 -0.04476196  0.00000000   -0.08850072  0.07372603    0.06631106  0.00429323
    2    2
  0.27004969  0.00000000    0.00511064  0.00094797    0.00366593  0.01468877
  0.00511064 -0.00094797    0.24108444 -0.00000000    0.00511064  0.00094797
  0.00366593 -0.01468877    0.00511064 -0.00094797    0.27004969  0.00000000

     Dynamical  Matrix in cartesian axes

     q = (   -0.833333333   0.500000000   0.166666667 ) 

    1    1
  0.27004969  0.00000000   -0.00511064  0.00094797   -0.00366593  0.01468877
 -0.00511064 -0.00094797    0.24108444  0.00000000    0.00511064 -0.00094797
 -0.00366593 -0.01468877    0.00511064  0.00094797    0.27004969  0.00000000
    1    2
 -0.02943748 -0.05957368   -0.10809898 -0.03978086   -0.02238098 -0.03876500
 -0.10809898 -0.03978086   -0.02948761 -0.05107404   -0.01959825  0.11350689
 -0.02238098 -0.03876500   -0.01959825  0.11350689   -0.03687358 -0.05528044
    2    1
 -0.02943748  0.05957368   -0.10809898  0.03978086   -0.02238098  0.03876500
 -0.10809898  0.03978086   -0.02948761  0.05107404   -0.01959825 -0.11350689
 -0.02238098  0.03876500   -0.01959825 -0.11350689   -0.03687358  0.05528044
    2    2
  0.27004969  0.00000000   -0.00511064 -0.00094797   -0.00366593 -0.01468877
 -0.00511064  0.00094797    0.24108444  0.00000000    0.00511064  0.00094797
 -0.00366593  0.01468877    0.00511064 -0.00094797    0.27004969 -0.00000000

     Dynamical  Matrix in cartesian axes

     q = (    0.166666667  -0.500000000   0.833333333 ) 

    1    1
  0.27004969  0.00000000   -0.00511064 -0.00094797    0.00366593  0.01468877
 -0.00511064  0.00094797    0.24108444  0.00000000   -0.00511064 -0.00094797
  0.00366593 -0.01468877   -0.00511064  0.00094797    0.27004969  0.00000000
    1    2
 -0.06631106  0.00429323   -0.08850072 -0.07372603    0.04476196  0.00000000
 -0.08850072 -0.07372603   -0.05897522  0.00000000   -0.08850072  0.07372603
  0.04476196  0.00000000   -0.08850072  0.07372603   -0.06631106 -0.00429323
    2    1
 -0.06631106 -0.00429323   -0.08850072  0.07372603    0.04476196 -0.00000000
 -0.08850072  0.07372603   -0.05897522  0.00000000   -0.08850072 -0.07372603
  0.04476196  0.00000000   -0.08850072 -0.07372603   -0.06631106  0.00429323
    2    2
  0.27004969  0.00000000   -0.00511064  0.00094797    0.00366593 -0.01468877
 -0.00511064 -0.00094797    0.24108444  0.00000000   -0.00511064  0.00094797
  0.00366593  0.01468877   -0.00511064 -0.00094797    0.27004969 -0.00000000

     Dynamical  Matrix in cartesian axes

     q = (   -0.166666667   0.500000000   0.833333333 ) 

    1    1
  0.27004969  0.00000000   -0.00511064 -0.00094797   -0.00366593 -0.01468877
 -0.00511064  0.00094797    0.24108444  0.00000000    0.00511064  0.00094797
 -0.00366593  0.01468877    0.00511064 -0.00094797    0.27004969 -0.00000000
    1    2
 -0.02943748  0.05957368   -0.10809898  0.03978086   -0.02238098  0.03876500
 -0.10809898  0.03978086   -0.02948761  0.05107404   -0.01959825 -0.11350689
 -0.02238098  0.03876500   -0.01959825 -0.11350689   -0.03687358  0.05528044
    2    1
 -0.02943748 -0.05957368   -0.10809898 -0.03978086   -0.02238098 -0.03876500
 -0.10809898 -0.03978086   -0.02948761 -0.05107404   -0.01959825  0.11350689
 -0.02238098 -0.03876500   -0.01959825  0.11350689   -0.03687358 -0.05528044
    2    2
  0.27004969  0.00000000   -0.00511064  0.00094797   -0.00366593  0.01468877
 -0.00511064 -0.00094797    0.24108444  0.00000000    0.00511064 -0.00094797
 -0.00366593 -0.01468877    0.00511064  0.00094797    0.27004969  0.00000000

     Dynamical  Matrix in cartesian axes

     q = (    0.166666667   0.500000000  -0.833333333 ) 

    1    1
  0.27004969 -0.00000000    0.00511064  0.00094797   -0.00366593 -0.01468877
  0.00511064 -0.00094797    0.24108444 -0.00000000   -0.00511064 -0.00094797
 -0.00366593  0.01468877   -0.00511064  0.00094797    0.27004969 -0.00000000
    1    2
 -0.03687358 -0.05528044   -0.01959825  0.11350689   -0.02238098 -0.03876500
 -0.01959825  0.11350689   -0.02948761 -0.05107404   -0.10809898 -0.03978086
 -0.02238098 -0.03876500   -0.10809898 -0.03978086   -0.02943748 -0.05957368
    2    1
 -0.03687358  0.05528044   -0.01959825 -0.11350689   -0.02238098  0.03876500
 -0.01959825 -0.11350689   -0.02948761  0.05107404   -0.10809898  0.03978086
 -0.02238098  0.03876500   -0.10809898  0.03978086   -0.02943748  0.05957368
    2    2
  0.27004969  0.00000000    0.00511064 -0.00094797   -0.00366593  0.01468877
  0.00511064  0.00094797    0.24108444  0.00000000   -0.00511064  0.00094797
 -0.00366593 -0.01468877   -0.00511064 -0.00094797    0.27004969  0.00000000

     Dynamical  Matrix in cartesian axes

     q = (   -0.166666667  -0.500000000  -0.833333333 ) 

    1    1
  0.27004969  0.00000000    0.00511064  0.00094797    0.00366593  0.01468877
  0.00511064 -0.00094797    0.24108444 -0.00000000    0.00511064  0.00094797
  0.00366593 -0.01468877    0.00511064 -0.00094797    0.27004969  0.00000000
    1    2
  0.06631106 -0.00429323   -0.08850072 -0.07372603   -0.04476196 -0.00000000
 -0.08850072 -0.07372603    0.05897522  0.00000000   -0.08850072  0.07372603
 -0.04476196 -0.00000000   -0.08850072  0.07372603    0.06631106  0.00429323
    2    1
  0.06631106  0.00429323   -0.08850072  0.07372603   -0.04476196  0.00000000
 -0.08850072  0.07372603    0.05897522 -0.00000000   -0.08850072 -0.07372603
 -0.04476196  0.00000000   -0.08850072 -0.07372603    0.06631106 -0.00429323
    2    2
  0.27004969 -0.00000000    0.00511064 -0.00094797    0.00366593 -0.01468877
  0.00511064  0.00094797    0.24108444  0.00000000    0.00511064 -0.00094797
  0.00366593  0.01468877    0.00511064  0.00094797    0.27004969 -0.00000000

     Dynamical  Matrix in cartesian axes

     q = (   -0.500000000   0.833333333   0.166666667 ) 

    1    1
  0.24108444  0.00000000   -0.00511064 -0.00094797   -0.00511064  0.00094797
 -0.00511064  0.00094797    0.27004969  0.00000000    0.00366593 -0.01468877
 -0.00511064 -0.00094797    0.00366593  0.01468877    0.27004969  0.00000000
    1    2
 -0.05897522 -0.00000000   -0.08850072  0.07372603   -0.08850072 -0.07372603
 -0.08850072  0.07372603   -0.06631106 -0.00429323    0.04476196  0.00000000
 -0.08850072 -0.07372603    0.04476196  0.00000000   -0.06631106  0.00429323
    2    1
 -0.05897522  0.00000000   -0.08850072 -0.07372603   -0.08850072  0.07372603
 -0.08850072 -0.07372603   -0.06631106  0.00429323    0.04476196 -0.00000000
 -0.08850072  0.07372603    0.04476196 -0.00000000   -0.06631106 -0.00429323
    2    2
  0.24108444  0.00000000   -0.00511064  0.00094797   -0.00511064 -0.00094797
 -0.00511064 -0.00094797    0.27004969 -0.00000000    0.00366593  0.01468877
 -0.00511064  0.00094797    0.00366593 -0.01468877    0.27004969 -0.00000000

     Diagonalizing the dynamical matrix

     q = (    0.500000000  -0.166666667   0.833333333 ) 

 **************************************************************************
     freq (    1) =       5.139370 [THz] =     171.430924 [cm-1]
 ( -0.061519  0.567639 -0.147479  0.255442 -0.089330 -0.281106 ) 
 ( -0.522350  0.230542 -0.198780  0.217915  0.294959  0.000000 ) 
     freq (    2) =       6.140951 [THz] =     204.840082 [cm-1]
 (  0.252333  0.286267  0.210470 -0.364544  0.388077 -0.163052 ) 
 (  0.121748 -0.361660  0.335245  0.254559  0.420939  0.000000 ) 
     freq (    3) =       9.677668 [THz] =     322.812251 [cm-1]
 (  0.267672 -0.121225 -0.227392  0.393854  0.446014  0.088878 ) 
 ( -0.238820 -0.171198  0.146037  0.430699 -0.454783  0.000000 ) 
     freq (    4) =      11.166635 [THz] =     372.478853 [cm-1]
 (  0.212754 -0.084953 -0.236516  0.409658  0.453631  0.134082 ) 
 (  0.179948  0.141774 -0.110697 -0.459897  0.473032  0.000000 ) 
     freq (    5) =      13.638050 [THz] =     454.916381 [cm-1]
 ( -0.045560  0.515713 -0.170281  0.294935 -0.115935 -0.320221 ) 
 (  0.469400 -0.218400  0.219352 -0.260513 -0.340562  0.000000 ) 
     freq (    6) =      13.859646 [THz] =     462.308012 [cm-1]
 ( -0.189633 -0.292505 -0.217509  0.376736 -0.432704  0.044802 ) 
 (  0.158500 -0.310480  0.255152  0.352332  0.435017  0.000000 ) 
 **************************************************************************
