Dynamical matrix file
                                                                           
  1    2  2 10.4000000  0.0000000  0.0000000  0.0000000  0.0000000  0.0000000
           1  'Si  '    25598.8229845270     
    1    1      0.0000000000      0.0000000000      0.0000000000
    2    1      0.2500000000      0.2500000000      0.2500000000

     Dynamical  Matrix in cartesian axes

     q = (    0.333333333   0.000000000   0.333333333 ) 

    1    1
  0.25238134  0.00000000    0.00000000  0.00463369    0.00714164  0.00000000
  0.00000000 -0.00463369    0.25398764  0.00000000    0.00000000 -0.00463369
  0.00714164  0.00000000    0.00000000  0.00463369    0.25238134  0.00000000
    1    2
 -0.09026114  0.15633687   -0.05570189 -0.03215950    0.01933615 -0.03349119
 -0.05570189 -0.03215950   -0.09513238  0.16477412   -0.05570189 -0.03215950
  0.01933615 -0.03349119   -0.05570189 -0.03215950   -0.09026114  0.15633687
    2    1
 -0.09026114 -0.15633687   -0.05570189  0.03215950    0.01933615  0.03349119
 -0.05570189  0.03215950   -0.09513238 -0.16477412   -0.05570189  0.03215950
  0.01933615  0.03349119   -0.05570189  0.03215950   -0.09026114 -0.15633687
    2    2
  0.25238134  0.00000000   -0.00000000 -0.00463369    0.00714164  0.00000000
  0.00000000  0.00463369    0.25398764  0.00000000    0.00000000  0.00463369
  0.00714164  0.00000000    0.00000000 -0.00463369    0.25238134  0.00000000

     Dynamical  Matrix in cartesian axes

     q = (   -0.333333333   0.000000000   0.333333333 ) 

    1    1
  0.25238134  0.00000000    0.00000000  0.00463369   -0.00714164  0.00000000
  0.00000000 -0.00463369    0.25398764  0.00000000    0.00000000  0.00463369
 -0.00714164  0.00000000    0.00000000 -0.00463369    0.25238134  0.00000000
    1    2
 -0.18052227 -0.00000000    0.00000000 -0.06431900   -0.03867229  0.00000000
 -0.00000000 -0.06431900   -0.19026476 -0.00000000   -0.00000000  0.06431900
 -0.03867229 -0.00000000    0.00000000  0.06431900   -0.18052227 -0.00000000
    2    1
 -0.18052227  0.00000000    0.00000000  0.06431900   -0.03867229  0.00000000
  0.00000000  0.06431900   -0.19026476 -0.00000000    0.00000000 -0.06431900
 -0.03867229  0.00000000   -0.00000000 -0.06431900   -0.18052227  0.00000000
    2    2
  0.25238134  0.00000000    0.00000000 -0.00463369   -0.00714164  0.00000000
  0.00000000  0.00463369    0.25398764  0.00000000    0.00000000 -0.00463369
 -0.00714164  0.00000000    0.00000000  0.00463369    0.25238134  0.00000000

     Dynamical  Matrix in cartesian axes

     q = (    0.333333333   0.000000000  -0.333333333 ) 

    1    1
  0.25238134  0.00000000    0.00000000 -0.00463369   -0.00714164  0.00000000
  0.00000000  0.00463369    0.25398764  0.00000000    0.00000000 -0.00463369
 -0.00714164  0.00000000    0.00000000  0.00463369    0.25238134  0.00000000
    1    2
 -0.18052227  0.00000000    0.00000000  0.06431900   -0.03867229  0.00000000
  0.00000000  0.06431900   -0.19026476  0.00000000    0.00000000 -0.06431900
 -0.03867229  0.00000000    0.00000000 -0.06431900   -0.18052227  0.00000000
    2    1
 -0.18052227 -0.00000000    0.00000000 -0.06431900   -0.03867229 -0.00000000
 -0.00000000 -0.06431900   -0.19026476 -0.00000000   -0.00000000  0.06431900
 -0.03867229 -0.00000000    0.00000000  0.06431900   -0.18052227 -0.00000000
    2    2
  0.25238134  0.00000000    0.00000000  0.00463369   -0.00714164  0.00000000
  0.00000000 -0.00463369    0.25398764  0.00000000    0.00000000  0.00463369
 -0.00714164  0.00000000    0.00000000 -0.00463369    0.25238134  0.00000000

     Dynamical  Matrix in cartesian axes

     q = (   -0.333333333   0.000000000  -0.333333333 ) 

    1    1
  0.25238134  0.00000000    0.00000000 -0.00463369    0.00714164  0.00000000
  0.00000000  0.00463369    0.25398764  0.00000000    0.00000000  0.00463369
  0.00714164  0.00000000    0.00000000 -0.00463369    0.25238134  0.00000000
    1    2
 -0.09026114 -0.15633687   -0.05570189  0.03215950    0.01933615  0.03349119
 -0.05570189  0.03215950   -0.09513238 -0.16477412   -0.05570189  0.03215950
  0.01933615  0.03349119   -0.05570189  0.03215950   -0.09026114 -0.15633687
    2    1
 -0.09026114  0.15633687   -0.05570189 -0.03215950    0.01933615 -0.03349119
 -0.05570189 -0.03215950   -0.09513238  0.16477412   -0.05570189 -0.03215950
  0.01933615 -0.03349119   -0.05570189 -0.03215950   -0.09026114  0.15633687
    2    2
  0.25238134  0.00000000   -0.00000000  0.00463369    0.00714164  0.00000000
  0.00000000 -0.00463369    0.25398764  0.00000000    0.00000000 -0.00463369
  0.00714164  0.00000000    0.00000000  0.00463369    0.25238134  0.00000000

     Dynamical  Matrix in cartesian axes

     q = (    0.000000000   0.333333333  -0.333333333 ) 

    1    1
  0.25398764  0.00000000    0.00000000  0.00463369   -0.00000000 -0.00463369
 -0.00000000 -0.00463369    0.25238134  0.00000000   -0.00714164  0.00000000
 -0.00000000  0.00463369   -0.00714164  0.00000000    0.25238134  0.00000000
    1    2
 -0.19026476 -0.00000000    0.00000000  0.06431900   -0.00000000 -0.06431900
  0.00000000  0.06431900   -0.18052227 -0.00000000   -0.03867229  0.00000000
  0.00000000 -0.06431900   -0.03867229  0.00000000   -0.18052227 -0.00000000
    2    1
 -0.19026476 -0.00000000   -0.00000000 -0.06431900    0.00000000  0.06431900
  0.00000000 -0.06431900   -0.18052227 -0.00000000   -0.03867229  0.00000000
  0.00000000  0.06431900   -0.03867229  0.00000000   -0.18052227 -0.00000000
    2    2
  0.25398764  0.00000000    0.00000000 -0.00463369    0.00000000  0.00463369
  0.00000000  0.00463369    0.25238134  0.00000000   -0.00714164  0.00000000
  0.00000000 -0.00463369   -0.00714164  0.00000000    0.25238134  0.00000000

     Dynamical  Matrix in cartesian axes

     q = (   -0.333333333   0.333333333   0.000000000 ) 

    1    1
  0.25238134 -0.00000000   -0.00714164  0.00000000    0.00000000  0.00463369
 -0.00714164  0.00000000    0.25238134 -0.00000000    0.00000000 -0.00463369
  0.00000000 -0.00463369    0.00000000  0.00463369    0.25398764 -0.00000000
    1    2
 -0.18052227 -0.00000000   -0.03867229 -0.00000000    0.00000000 -0.06431900
 -0.03867229 -0.00000000   -0.18052227 -0.00000000    0.00000000  0.06431900
  0.00000000 -0.06431900    0.00000000  0.06431900   -0.19026476  0.00000000
    2    1
 -0.18052227  0.00000000   -0.03867229  0.00000000    0.00000000  0.06431900
 -0.03867229  0.00000000   -0.18052227  0.00000000   -0.00000000 -0.06431900
  0.00000000  0.06431900    0.00000000 -0.06431900   -0.19026476 -0.00000000
    2    2
  0.25238134 -0.00000000   -0.00714164  0.00000000    0.00000000 -0.00463369
 -0.00714164  0.00000000    0.25238134 -0.00000000    0.00000000  0.00463369
  0.00000000  0.00463369    0.00000000 -0.00463369    0.25398764 -0.00000000

     Dynamical  Matrix in cartesian axes

     q = (    0.000000000   0.333333333   0.333333333 ) 

    1    1
  0.25398764  0.00000000    0.00000000 -0.00463369    0.00000000 -0.00463369
  0.00000000  0.00463369    0.25238134  0.00000000    0.00714164  0.00000000
  0.00000000  0.00463369    0.00714164  0.00000000    0.25238134  0.00000000
    1    2
 -0.09513238  0.16477412   -0.05570189 -0.03215950   -0.05570189 -0.03215950
 -0.05570189 -0.03215950   -0.09026114  0.15633687    0.01933615 -0.03349119
 -0.05570189 -0.03215950    0.01933615 -0.03349119   -0.09026114  0.15633687
    2    1
 -0.09513238 -0.16477412   -0.05570189  0.03215950   -0.05570189  0.03215950
 -0.05570189  0.03215950   -0.09026114 -0.15633687    0.01933615  0.03349119
 -0.05570189  0.03215950    0.01933615  0.03349119   -0.09026114 -0.15633687
    2    2
  0.25398764  0.00000000    0.00000000  0.00463369    0.00000000  0.00463369
  0.00000000 -0.00463369    0.25238134  0.00000000    0.00714164  0.00000000
  0.00000000 -0.00463369    0.00714164  0.00000000    0.25238134  0.00000000

     Dynamical  Matrix in cartesian axes

     q = (    0.000000000  -0.333333333  -0.333333333 ) 

    1    1
  0.25398764  0.00000000    0.00000000  0.00463369    0.00000000  0.00463369
  0.00000000 -0.00463369    0.25238134  0.00000000    0.00714164  0.00000000
  0.00000000 -0.00463369    0.00714164  0.00000000    0.25238134  0.00000000
    1    2
 -0.09513238 -0.16477412   -0.05570189  0.03215950   -0.05570189  0.03215950
 -0.05570189  0.03215950   -0.09026114 -0.15633687    0.01933615  0.03349119
 -0.05570189  0.03215950    0.01933615  0.03349119   -0.09026114 -0.15633687
    2    1
 -0.09513238  0.16477412   -0.05570189 -0.03215950   -0.05570189 -0.03215950
 -0.05570189 -0.03215950   -0.09026114  0.15633687    0.01933615 -0.03349119
 -0.05570189 -0.03215950    0.01933615 -0.03349119   -0.09026114  0.15633687
    2    2
  0.25398764  0.00000000    0.00000000 -0.00463369    0.00000000 -0.00463369
  0.00000000  0.00463369    0.25238134  0.00000000    0.00714164  0.00000000
  0.00000000  0.00463369    0.00714164  0.00000000    0.25238134  0.00000000

     Dynamical  Matrix in cartesian axes

     q = (    0.333333333  -0.333333333   0.000000000 ) 

    1    1
  0.25238134 -0.00000000   -0.00714164  0.00000000    0.00000000 -0.00463369
 -0.00714164  0.00000000    0.25238134 -0.00000000    0.00000000  0.00463369
  0.00000000  0.00463369    0.00000000 -0.00463369    0.25398764 -0.00000000
    1    2
 -0.18052227  0.00000000   -0.03867229  0.00000000    0.00000000  0.06431900
 -0.03867229  0.00000000   -0.18052227  0.00000000   -0.00000000 -0.06431900
  0.00000000  0.06431900    0.00000000 -0.06431900   -0.19026476 -0.00000000
    2    1
 -0.18052227 -0.00000000   -0.03867229 -0.00000000    0.00000000 -0.06431900
 -0.03867229  0.00000000   -0.18052227 -0.00000000    0.00000000  0.06431900
  0.00000000 -0.06431900    0.00000000  0.06431900   -0.19026476  0.00000000
    2    2
  0.25238134 -0.00000000   -0.00714164  0.00000000    0.00000000  0.00463369
 -0.00714164  0.00000000    0.25238134 -0.00000000    0.00000000 -0.00463369
  0.00000000 -0.00463369    0.00000000  0.00463369    0.25398764 -0.00000000

     Dynamical  Matrix in cartesian axes

     q = (    0.333333333   0.333333333   0.000000000 ) 

    1    1
  0.25238134  0.00000000    0.00714164  0.00000000    0.00000000  0.00463369
  0.00714164  0.00000000    0.25238134  0.00000000   -0.00000000  0.00463369
  0.00000000 -0.00463369   -0.00000000 -0.00463369    0.25398764  0.00000000
    1    2
 -0.09026114  0.15633687    0.01933615 -0.03349119   -0.05570189 -0.03215950
  0.01933615 -0.03349119   -0.09026114  0.15633687   -0.05570189 -0.03215950
 -0.05570189 -0.03215950   -0.05570189 -0.03215950   -0.09513238  0.16477412
    2    1
 -0.09026114 -0.15633687    0.01933615  0.03349119   -0.05570189  0.03215950
  0.01933615  0.03349119   -0.09026114 -0.15633687   -0.05570189  0.03215950
 -0.05570189  0.03215950   -0.05570189  0.03215950   -0.09513238 -0.16477412
    2    2
  0.25238134  0.00000000    0.00714164  0.00000000    0.00000000 -0.00463369
  0.00714164  0.00000000    0.25238134  0.00000000   -0.00000000 -0.00463369
 -0.00000000  0.00463369   -0.00000000  0.00463369    0.25398764  0.00000000

     Dynamical  Matrix in cartesian axes

     q = (   -0.333333333  -0.333333333   0.000000000 ) 

    1    1
  0.25238134  0.00000000    0.00714164  0.00000000   -0.00000000 -0.00463369
  0.00714164  0.00000000    0.25238134  0.00000000    0.00000000 -0.00463369
  0.00000000  0.00463369    0.00000000  0.00463369    0.25398764  0.00000000
    1    2
 -0.09026114 -0.15633687    0.01933615  0.03349119   -0.05570189  0.03215950
  0.01933615  0.03349119   -0.09026114 -0.15633687   -0.05570189  0.03215950
 -0.05570189  0.03215950   -0.05570189  0.03215950   -0.09513238 -0.16477412
    2    1
 -0.09026114  0.15633687    0.01933615 -0.03349119   -0.05570189 -0.03215950
  0.01933615 -0.03349119   -0.09026114  0.15633687   -0.05570189 -0.03215950
 -0.05570189 -0.03215950   -0.05570189 -0.03215950   -0.09513238  0.16477412
    2    2
  0.25238134  0.00000000    0.00714164  0.00000000   -0.00000000  0.00463369
  0.00714164  0.00000000    0.25238134  0.00000000    0.00000000  0.00463369
  0.00000000 -0.00463369    0.00000000 -0.00463369    0.25398764  0.00000000

     Dynamical  Matrix in cartesian axes

     q = (    0.000000000  -0.333333333   0.333333333 ) 

    1    1
  0.25398764  0.00000000    0.00000000 -0.00463369    0.00000000  0.00463369
  0.00000000  0.00463369    0.25238134  0.00000000   -0.00714164  0.00000000
  0.00000000 -0.00463369   -0.00714164  0.00000000    0.25238134  0.00000000
    1    2
 -0.19026476 -0.00000000   -0.00000000 -0.06431900    0.00000000  0.06431900
  0.00000000 -0.06431900   -0.18052227 -0.00000000   -0.03867229  0.00000000
  0.00000000  0.06431900   -0.03867229  0.00000000   -0.18052227 -0.00000000
    2    1
 -0.19026476 -0.00000000    0.00000000  0.06431900   -0.00000000 -0.06431900
  0.00000000  0.06431900   -0.18052227 -0.00000000   -0.03867229  0.00000000
  0.00000000 -0.06431900   -0.03867229  0.00000000   -0.18052227 -0.00000000
    2    2
  0.25398764  0.00000000    0.00000000  0.00463369    0.00000000 -0.00463369
  0.00000000 -0.00463369    0.25238134  0.00000000   -0.00714164  0.00000000
  0.00000000  0.00463369   -0.00714164  0.00000000    0.25238134  0.00000000

     Diagonalizing the dynamical matrix

     q = (    0.333333333   0.000000000   0.333333333 ) 

 **************************************************************************
     freq (    1) =       3.318397 [THz] =     110.689808 [cm-1]
 ( -0.250000  0.433013  0.000000  0.000000  0.250000 -0.433013 ) 
 ( -0.500000  0.000000 -0.000000  0.000000  0.500000  0.000000 ) 
     freq (    2) =       4.303202 [THz] =     143.539361 [cm-1]
 ( -0.057435  0.099481  0.595992  0.344096 -0.057435  0.099481 ) 
 (  0.114871 -0.000000  0.000000  0.688193  0.114871  0.000000 ) 
     freq (    3) =       6.194998 [THz] =     206.642891 [cm-1]
 (  0.240998 -0.417420  0.162851  0.094022  0.240998 -0.417420 ) 
 (  0.481996  0.000000  0.000000 -0.188044  0.481996  0.000000 ) 
     freq (    4) =      13.346264 [THz] =     445.183432 [cm-1]
 (  0.243313 -0.421430  0.140688  0.081226  0.243313 -0.421430 ) 
 ( -0.486626 -0.000000 -0.000000  0.162452 -0.486626  0.000000 ) 
     freq (    5) =      14.012872 [THz] =     467.419106 [cm-1]
 (  0.250000 -0.433013 -0.000000  0.000000 -0.250000  0.433013 ) 
 ( -0.500000 -0.000000  0.000000  0.000000  0.500000  0.000000 ) 
     freq (    6) =      14.113872 [THz] =     470.788087 [cm-1]
 (  0.066484 -0.115153 -0.590322 -0.340822  0.066484 -0.115153 ) 
 (  0.132967  0.000000 -0.000000  0.681645  0.132967  0.000000 ) 
 **************************************************************************
