Dynamical matrix file
                                                                           
  1    2  2 10.2800000  0.0000000  0.0000000  0.0000000  0.0000000  0.0000000
           1  'Si  '    25598.8229845270     
    1    1      0.0000000000      0.0000000000      0.0000000000
    2    1      0.2500000000      0.2500000000      0.2500000000

     Dynamical  Matrix in cartesian axes

     q = (    0.500000000  -0.166666667   0.500000000 ) 

    1    1
  0.26891029  0.00000000   -0.00860971  0.00684191    0.01207002  0.00000000
 -0.00860971 -0.00684191    0.28294311 -0.00000000   -0.00860971 -0.00684191
  0.01207002  0.00000000   -0.00860971  0.00684191    0.26891029  0.00000000
    1    2
 -0.06911861  0.10922046   -0.09082441  0.00174327    0.04916014 -0.07744029
 -0.09082441  0.00174327   -0.07397341  0.12383704   -0.09082441  0.00174327
  0.04916014 -0.07744029   -0.09082441  0.00174327   -0.06911861  0.10922046
    2    1
 -0.06911861 -0.10922046   -0.09082441 -0.00174327    0.04916014  0.07744029
 -0.09082441 -0.00174327   -0.07397341 -0.12383704   -0.09082441 -0.00174327
  0.04916014  0.07744029   -0.09082441 -0.00174327   -0.06911861 -0.10922046
    2    2
  0.26891029 -0.00000000   -0.00860971 -0.00684191    0.01207002 -0.00000000
 -0.00860971  0.00684191    0.28294311  0.00000000   -0.00860971  0.00684191
  0.01207002 -0.00000000   -0.00860971 -0.00684191    0.26891029 -0.00000000

     Dynamical  Matrix in cartesian axes

     q = (   -0.500000000  -0.166666667  -0.500000000 ) 

    1    1
  0.26891029  0.00000000    0.00860971 -0.00684191    0.01207002  0.00000000
  0.00860971  0.00684191    0.28294311 -0.00000000    0.00860971  0.00684191
  0.01207002  0.00000000    0.00860971 -0.00684191    0.26891029  0.00000000
    1    2
  0.06911861 -0.10922046   -0.09082441  0.00174327   -0.04916014  0.07744029
 -0.09082441  0.00174327    0.07397341 -0.12383704   -0.09082441  0.00174327
 -0.04916014  0.07744029   -0.09082441  0.00174327    0.06911861 -0.10922046
    2    1
  0.06911861  0.10922046   -0.09082441 -0.00174327   -0.04916014 -0.07744029
 -0.09082441 -0.00174327    0.07397341  0.12383704   -0.09082441 -0.00174327
 -0.04916014 -0.07744029   -0.09082441 -0.00174327    0.06911861  0.10922046
    2    2
  0.26891029 -0.00000000    0.00860971  0.00684191    0.01207002 -0.00000000
  0.00860971 -0.00684191    0.28294311  0.00000000    0.00860971 -0.00684191
  0.01207002 -0.00000000    0.00860971  0.00684191    0.26891029 -0.00000000

     Dynamical  Matrix in cartesian axes

     q = (    0.500000000  -0.166666667  -0.500000000 ) 

    1    1
  0.26891029 -0.00000000   -0.00860971 -0.00684191   -0.01207002  0.00000000
 -0.00860971  0.00684191    0.28294311  0.00000000    0.00860971 -0.00684191
 -0.01207002  0.00000000    0.00860971  0.00684191    0.26891029 -0.00000000
    1    2
 -0.12914700  0.00524824   -0.04692192  0.07778461   -0.09164533  0.00385378
 -0.04692192  0.07778461   -0.14423273  0.00214433    0.04692192 -0.07778461
 -0.09164533  0.00385378    0.04692192 -0.07778461   -0.12914700  0.00524824
    2    1
 -0.12914700 -0.00524824   -0.04692192 -0.07778461   -0.09164533 -0.00385378
 -0.04692192 -0.07778461   -0.14423273 -0.00214433    0.04692192  0.07778461
 -0.09164533 -0.00385378    0.04692192  0.07778461   -0.12914700 -0.00524824
    2    2
  0.26891029  0.00000000   -0.00860971  0.00684191   -0.01207002 -0.00000000
 -0.00860971 -0.00684191    0.28294311 -0.00000000    0.00860971  0.00684191
 -0.01207002 -0.00000000    0.00860971 -0.00684191    0.26891029  0.00000000

     Dynamical  Matrix in cartesian axes

     q = (   -0.500000000  -0.166666667   0.500000000 ) 

    1    1
  0.26891029 -0.00000000    0.00860971  0.00684191   -0.01207002  0.00000000
  0.00860971 -0.00684191    0.28294311  0.00000000   -0.00860971  0.00684191
 -0.01207002  0.00000000   -0.00860971 -0.00684191    0.26891029 -0.00000000
    1    2
 -0.12914700  0.00524824    0.04692192 -0.07778461   -0.09164533  0.00385378
  0.04692192 -0.07778461   -0.14423273  0.00214433   -0.04692192  0.07778461
 -0.09164533  0.00385378   -0.04692192  0.07778461   -0.12914700  0.00524824
    2    1
 -0.12914700 -0.00524824    0.04692192  0.07778461   -0.09164533 -0.00385378
  0.04692192  0.07778461   -0.14423273 -0.00214433   -0.04692192 -0.07778461
 -0.09164533 -0.00385378   -0.04692192 -0.07778461   -0.12914700 -0.00524824
    2    2
  0.26891029  0.00000000    0.00860971 -0.00684191   -0.01207002 -0.00000000
  0.00860971  0.00684191    0.28294311 -0.00000000   -0.00860971 -0.00684191
 -0.01207002 -0.00000000   -0.00860971  0.00684191    0.26891029  0.00000000

     Dynamical  Matrix in cartesian axes

     q = (   -0.166666667   0.500000000  -0.500000000 ) 

    1    1
  0.28294311  0.00000000   -0.00860971  0.00684191    0.00860971 -0.00684191
 -0.00860971 -0.00684191    0.26891029 -0.00000000   -0.01207002  0.00000000
  0.00860971  0.00684191   -0.01207002  0.00000000    0.26891029 -0.00000000
    1    2
 -0.14423273  0.00214433   -0.04692192  0.07778461    0.04692192 -0.07778461
 -0.04692192  0.07778461   -0.12914700  0.00524824   -0.09164533  0.00385378
  0.04692192 -0.07778461   -0.09164533  0.00385378   -0.12914700  0.00524824
    2    1
 -0.14423273 -0.00214433   -0.04692192 -0.07778461    0.04692192  0.07778461
 -0.04692192 -0.07778461   -0.12914700 -0.00524824   -0.09164533 -0.00385378
  0.04692192  0.07778461   -0.09164533 -0.00385378   -0.12914700 -0.00524824
    2    2
  0.28294311 -0.00000000   -0.00860971 -0.00684191    0.00860971  0.00684191
 -0.00860971  0.00684191    0.26891029  0.00000000   -0.01207002 -0.00000000
  0.00860971 -0.00684191   -0.01207002 -0.00000000    0.26891029  0.00000000

     Dynamical  Matrix in cartesian axes

     q = (   -0.500000000   0.500000000  -0.166666667 ) 

    1    1
  0.26891029 -0.00000000   -0.01207002  0.00000000    0.00860971  0.00684191
 -0.01207002  0.00000000    0.26891029 -0.00000000   -0.00860971 -0.00684191
  0.00860971 -0.00684191   -0.00860971  0.00684191    0.28294311  0.00000000
    1    2
 -0.12914700  0.00524824   -0.09164533  0.00385378    0.04692192 -0.07778461
 -0.09164533  0.00385378   -0.12914700  0.00524824   -0.04692192  0.07778461
  0.04692192 -0.07778461   -0.04692192  0.07778461   -0.14423273  0.00214433
    2    1
 -0.12914700 -0.00524824   -0.09164533 -0.00385378    0.04692192  0.07778461
 -0.09164533 -0.00385378   -0.12914700 -0.00524824   -0.04692192 -0.07778461
  0.04692192  0.07778461   -0.04692192 -0.07778461   -0.14423273 -0.00214433
    2    2
  0.26891029  0.00000000   -0.01207002 -0.00000000    0.00860971 -0.00684191
 -0.01207002 -0.00000000    0.26891029  0.00000000   -0.00860971  0.00684191
  0.00860971  0.00684191   -0.00860971 -0.00684191    0.28294311 -0.00000000

     Dynamical  Matrix in cartesian axes

     q = (    0.500000000   0.166666667   0.500000000 ) 

    1    1
  0.26891029 -0.00000000    0.00860971  0.00684191    0.01207002 -0.00000000
  0.00860971 -0.00684191    0.28294311  0.00000000    0.00860971 -0.00684191
  0.01207002 -0.00000000    0.00860971  0.00684191    0.26891029 -0.00000000
    1    2
  0.06911861  0.10922046   -0.09082441 -0.00174327   -0.04916014 -0.07744029
 -0.09082441 -0.00174327    0.07397341  0.12383704   -0.09082441 -0.00174327
 -0.04916014 -0.07744029   -0.09082441 -0.00174327    0.06911861  0.10922046
    2    1
  0.06911861 -0.10922046   -0.09082441  0.00174327   -0.04916014  0.07744029
 -0.09082441  0.00174327    0.07397341 -0.12383704   -0.09082441  0.00174327
 -0.04916014  0.07744029   -0.09082441  0.00174327    0.06911861 -0.10922046
    2    2
  0.26891029  0.00000000    0.00860971 -0.00684191    0.01207002  0.00000000
  0.00860971  0.00684191    0.28294311 -0.00000000    0.00860971  0.00684191
  0.01207002  0.00000000    0.00860971 -0.00684191    0.26891029  0.00000000

     Dynamical  Matrix in cartesian axes

     q = (   -0.500000000   0.166666667   0.500000000 ) 

    1    1
  0.26891029  0.00000000   -0.00860971  0.00684191   -0.01207002 -0.00000000
 -0.00860971 -0.00684191    0.28294311 -0.00000000    0.00860971  0.00684191
 -0.01207002 -0.00000000    0.00860971 -0.00684191    0.26891029  0.00000000
    1    2
 -0.12914700 -0.00524824   -0.04692192 -0.07778461   -0.09164533 -0.00385378
 -0.04692192 -0.07778461   -0.14423273 -0.00214433    0.04692192  0.07778461
 -0.09164533 -0.00385378    0.04692192  0.07778461   -0.12914700 -0.00524824
    2    1
 -0.12914700  0.00524824   -0.04692192  0.07778461   -0.09164533  0.00385378
 -0.04692192  0.07778461   -0.14423273  0.00214433    0.04692192 -0.07778461
 -0.09164533  0.00385378    0.04692192 -0.07778461   -0.12914700  0.00524824
    2    2
  0.26891029 -0.00000000   -0.00860971 -0.00684191   -0.01207002  0.00000000
 -0.00860971  0.00684191    0.28294311  0.00000000    0.00860971 -0.00684191
 -0.01207002  0.00000000    0.00860971  0.00684191    0.26891029 -0.00000000

     Dynamical  Matrix in cartesian axes

     q = (    0.500000000   0.166666667  -0.500000000 ) 

    1    1
  0.26891029  0.00000000    0.00860971 -0.00684191   -0.01207002 -0.00000000
  0.00860971  0.00684191    0.28294311 -0.00000000   -0.00860971 -0.00684191
 -0.01207002 -0.00000000   -0.00860971  0.00684191    0.26891029  0.00000000
    1    2
 -0.12914700 -0.00524824    0.04692192  0.07778461   -0.09164533 -0.00385378
  0.04692192  0.07778461   -0.14423273 -0.00214433   -0.04692192 -0.07778461
 -0.09164533 -0.00385378   -0.04692192 -0.07778461   -0.12914700 -0.00524824
    2    1
 -0.12914700  0.00524824    0.04692192 -0.07778461   -0.09164533  0.00385378
  0.04692192 -0.07778461   -0.14423273  0.00214433   -0.04692192  0.07778461
 -0.09164533  0.00385378   -0.04692192  0.07778461   -0.12914700  0.00524824
    2    2
  0.26891029 -0.00000000    0.00860971  0.00684191   -0.01207002  0.00000000
  0.00860971 -0.00684191    0.28294311  0.00000000   -0.00860971  0.00684191
 -0.01207002  0.00000000   -0.00860971 -0.00684191    0.26891029 -0.00000000

     Dynamical  Matrix in cartesian axes

     q = (   -0.166666667   0.500000000   0.500000000 ) 

    1    1
  0.28294311 -0.00000000   -0.00860971 -0.00684191   -0.00860971 -0.00684191
 -0.00860971  0.00684191    0.26891029  0.00000000    0.01207002  0.00000000
 -0.00860971  0.00684191    0.01207002 -0.00000000    0.26891029  0.00000000
    1    2
 -0.07397341  0.12383704   -0.09082441  0.00174327   -0.09082441  0.00174327
 -0.09082441  0.00174327   -0.06911861  0.10922046    0.04916014 -0.07744029
 -0.09082441  0.00174327    0.04916014 -0.07744029   -0.06911861  0.10922046
    2    1
 -0.07397341 -0.12383704   -0.09082441 -0.00174327   -0.09082441 -0.00174327
 -0.09082441 -0.00174327   -0.06911861 -0.10922046    0.04916014  0.07744029
 -0.09082441 -0.00174327    0.04916014  0.07744029   -0.06911861 -0.10922046
    2    2
  0.28294311  0.00000000   -0.00860971  0.00684191   -0.00860971  0.00684191
 -0.00860971 -0.00684191    0.26891029 -0.00000000    0.01207002 -0.00000000
 -0.00860971 -0.00684191    0.01207002  0.00000000    0.26891029 -0.00000000

     Dynamical  Matrix in cartesian axes

     q = (    0.166666667   0.500000000  -0.500000000 ) 

    1    1
  0.28294311 -0.00000000    0.00860971  0.00684191   -0.00860971 -0.00684191
  0.00860971 -0.00684191    0.26891029  0.00000000   -0.01207002 -0.00000000
 -0.00860971  0.00684191   -0.01207002 -0.00000000    0.26891029  0.00000000
    1    2
 -0.14423273 -0.00214433    0.04692192  0.07778461   -0.04692192 -0.07778461
  0.04692192  0.07778461   -0.12914700 -0.00524824   -0.09164533 -0.00385378
 -0.04692192 -0.07778461   -0.09164533 -0.00385378   -0.12914700 -0.00524824
    2    1
 -0.14423273  0.00214433    0.04692192 -0.07778461   -0.04692192  0.07778461
  0.04692192 -0.07778461   -0.12914700  0.00524824   -0.09164533  0.00385378
 -0.04692192  0.07778461   -0.09164533  0.00385378   -0.12914700  0.00524824
    2    2
  0.28294311  0.00000000    0.00860971 -0.00684191   -0.00860971  0.00684191
  0.00860971  0.00684191    0.26891029 -0.00000000   -0.01207002  0.00000000
 -0.00860971 -0.00684191   -0.01207002  0.00000000    0.26891029 -0.00000000

     Dynamical  Matrix in cartesian axes

     q = (   -0.166666667  -0.500000000  -0.500000000 ) 

    1    1
  0.28294311 -0.00000000    0.00860971  0.00684191    0.00860971  0.00684191
  0.00860971 -0.00684191    0.26891029  0.00000000    0.01207002 -0.00000000
  0.00860971 -0.00684191    0.01207002  0.00000000    0.26891029  0.00000000
    1    2
  0.07397341 -0.12383704   -0.09082441  0.00174327   -0.09082441  0.00174327
 -0.09082441  0.00174327    0.06911861 -0.10922046   -0.04916014  0.07744029
 -0.09082441  0.00174327   -0.04916014  0.07744029    0.06911861 -0.10922046
    2    1
  0.07397341  0.12383704   -0.09082441 -0.00174327   -0.09082441 -0.00174327
 -0.09082441 -0.00174327    0.06911861  0.10922046   -0.04916014 -0.07744029
 -0.09082441 -0.00174327   -0.04916014 -0.07744029    0.06911861  0.10922046
    2    2
  0.28294311  0.00000000    0.00860971 -0.00684191    0.00860971 -0.00684191
  0.00860971  0.00684191    0.26891029 -0.00000000    0.01207002  0.00000000
  0.00860971  0.00684191    0.01207002 -0.00000000    0.26891029 -0.00000000

     Dynamical  Matrix in cartesian axes

     q = (    0.500000000  -0.500000000   0.166666667 ) 

    1    1
  0.26891029  0.00000000   -0.01207002 -0.00000000    0.00860971 -0.00684191
 -0.01207002 -0.00000000    0.26891029  0.00000000   -0.00860971  0.00684191
  0.00860971  0.00684191   -0.00860971 -0.00684191    0.28294311 -0.00000000
    1    2
 -0.12914700 -0.00524824   -0.09164533 -0.00385378    0.04692192  0.07778461
 -0.09164533 -0.00385378   -0.12914700 -0.00524824   -0.04692192 -0.07778461
  0.04692192  0.07778461   -0.04692192 -0.07778461   -0.14423273 -0.00214433
    2    1
 -0.12914700  0.00524824   -0.09164533  0.00385378    0.04692192 -0.07778461
 -0.09164533  0.00385378   -0.12914700  0.00524824   -0.04692192  0.07778461
  0.04692192 -0.07778461   -0.04692192  0.07778461   -0.14423273  0.00214433
    2    2
  0.26891029 -0.00000000   -0.01207002  0.00000000    0.00860971  0.00684191
 -0.01207002  0.00000000    0.26891029 -0.00000000   -0.00860971 -0.00684191
  0.00860971 -0.00684191   -0.00860971  0.00684191    0.28294311  0.00000000

     Dynamical  Matrix in cartesian axes

     q = (    0.500000000   0.500000000  -0.166666667 ) 

    1    1
  0.26891029  0.00000000    0.01207002  0.00000000   -0.00860971  0.00684191
  0.01207002  0.00000000    0.26891029  0.00000000   -0.00860971  0.00684191
 -0.00860971 -0.00684191   -0.00860971 -0.00684191    0.28294311 -0.00000000
    1    2
 -0.06911861  0.10922046    0.04916014 -0.07744029   -0.09082441  0.00174327
  0.04916014 -0.07744029   -0.06911861  0.10922046   -0.09082441  0.00174327
 -0.09082441  0.00174327   -0.09082441  0.00174327   -0.07397341  0.12383704
    2    1
 -0.06911861 -0.10922046    0.04916014  0.07744029   -0.09082441 -0.00174327
  0.04916014  0.07744029   -0.06911861 -0.10922046   -0.09082441 -0.00174327
 -0.09082441 -0.00174327   -0.09082441 -0.00174327   -0.07397341 -0.12383704
    2    2
  0.26891029 -0.00000000    0.01207002 -0.00000000   -0.00860971 -0.00684191
  0.01207002 -0.00000000    0.26891029 -0.00000000   -0.00860971 -0.00684191
 -0.00860971  0.00684191   -0.00860971  0.00684191    0.28294311  0.00000000

     Dynamical  Matrix in cartesian axes

     q = (   -0.500000000  -0.500000000  -0.166666667 ) 

    1    1
  0.26891029  0.00000000    0.01207002  0.00000000    0.00860971 -0.00684191
  0.01207002  0.00000000    0.26891029  0.00000000    0.00860971 -0.00684191
  0.00860971  0.00684191    0.00860971  0.00684191    0.28294311 -0.00000000
    1    2
  0.06911861 -0.10922046   -0.04916014  0.07744029   -0.09082441  0.00174327
 -0.04916014  0.07744029    0.06911861 -0.10922046   -0.09082441  0.00174327
 -0.09082441  0.00174327   -0.09082441  0.00174327    0.07397341 -0.12383704
    2    1
  0.06911861  0.10922046   -0.04916014 -0.07744029   -0.09082441 -0.00174327
 -0.04916014 -0.07744029    0.06911861  0.10922046   -0.09082441 -0.00174327
 -0.09082441 -0.00174327   -0.09082441 -0.00174327    0.07397341  0.12383704
    2    2
  0.26891029 -0.00000000    0.01207002 -0.00000000    0.00860971  0.00684191
  0.01207002 -0.00000000    0.26891029 -0.00000000    0.00860971  0.00684191
  0.00860971 -0.00684191    0.00860971 -0.00684191    0.28294311  0.00000000

     Dynamical  Matrix in cartesian axes

     q = (   -0.500000000   0.500000000   0.166666667 ) 

    1    1
  0.26891029  0.00000000   -0.01207002 -0.00000000   -0.00860971  0.00684191
 -0.01207002 -0.00000000    0.26891029  0.00000000    0.00860971 -0.00684191
 -0.00860971 -0.00684191    0.00860971  0.00684191    0.28294311 -0.00000000
    1    2
 -0.12914700 -0.00524824   -0.09164533 -0.00385378   -0.04692192 -0.07778461
 -0.09164533 -0.00385378   -0.12914700 -0.00524824    0.04692192  0.07778461
 -0.04692192 -0.07778461    0.04692192  0.07778461   -0.14423273 -0.00214433
    2    1
 -0.12914700  0.00524824   -0.09164533  0.00385378   -0.04692192  0.07778461
 -0.09164533  0.00385378   -0.12914700  0.00524824    0.04692192 -0.07778461
 -0.04692192  0.07778461    0.04692192 -0.07778461   -0.14423273  0.00214433
    2    2
  0.26891029 -0.00000000   -0.01207002  0.00000000   -0.00860971 -0.00684191
 -0.01207002  0.00000000    0.26891029 -0.00000000    0.00860971  0.00684191
 -0.00860971  0.00684191    0.00860971 -0.00684191    0.28294311  0.00000000

     Dynamical  Matrix in cartesian axes

     q = (    0.166666667  -0.500000000   0.500000000 ) 

    1    1
  0.28294311 -0.00000000   -0.00860971 -0.00684191    0.00860971  0.00684191
 -0.00860971  0.00684191    0.26891029  0.00000000   -0.01207002 -0.00000000
  0.00860971 -0.00684191   -0.01207002 -0.00000000    0.26891029  0.00000000
    1    2
 -0.14423273 -0.00214433   -0.04692192 -0.07778461    0.04692192  0.07778461
 -0.04692192 -0.07778461   -0.12914700 -0.00524824   -0.09164533 -0.00385378
  0.04692192  0.07778461   -0.09164533 -0.00385378   -0.12914700 -0.00524824
    2    1
 -0.14423273  0.00214433   -0.04692192  0.07778461    0.04692192 -0.07778461
 -0.04692192  0.07778461   -0.12914700  0.00524824   -0.09164533  0.00385378
  0.04692192 -0.07778461   -0.09164533  0.00385378   -0.12914700  0.00524824
    2    2
  0.28294311  0.00000000   -0.00860971  0.00684191    0.00860971 -0.00684191
 -0.00860971 -0.00684191    0.26891029 -0.00000000   -0.01207002  0.00000000
  0.00860971  0.00684191   -0.01207002  0.00000000    0.26891029 -0.00000000

     Dynamical  Matrix in cartesian axes

     q = (    0.166666667   0.500000000   0.500000000 ) 

    1    1
  0.28294311  0.00000000    0.00860971 -0.00684191    0.00860971 -0.00684191
  0.00860971  0.00684191    0.26891029 -0.00000000    0.01207002  0.00000000
  0.00860971  0.00684191    0.01207002 -0.00000000    0.26891029 -0.00000000
    1    2
  0.07397341  0.12383704   -0.09082441 -0.00174327   -0.09082441 -0.00174327
 -0.09082441 -0.00174327    0.06911861  0.10922046   -0.04916014 -0.07744029
 -0.09082441 -0.00174327   -0.04916014 -0.07744029    0.06911861  0.10922046
    2    1
  0.07397341 -0.12383704   -0.09082441  0.00174327   -0.09082441  0.00174327
 -0.09082441  0.00174327    0.06911861 -0.10922046   -0.04916014  0.07744029
 -0.09082441  0.00174327   -0.04916014  0.07744029    0.06911861 -0.10922046
    2    2
  0.28294311 -0.00000000    0.00860971  0.00684191    0.00860971  0.00684191
  0.00860971 -0.00684191    0.26891029  0.00000000    0.01207002 -0.00000000
  0.00860971 -0.00684191    0.01207002  0.00000000    0.26891029  0.00000000

     Dynamical  Matrix in cartesian axes

     q = (   -0.500000000   0.166666667  -0.500000000 ) 

    1    1
  0.26891029 -0.00000000   -0.00860971 -0.00684191    0.01207002 -0.00000000
 -0.00860971  0.00684191    0.28294311  0.00000000   -0.00860971  0.00684191
  0.01207002 -0.00000000   -0.00860971 -0.00684191    0.26891029 -0.00000000
    1    2
 -0.06911861 -0.10922046   -0.09082441 -0.00174327    0.04916014  0.07744029
 -0.09082441 -0.00174327   -0.07397341 -0.12383704   -0.09082441 -0.00174327
  0.04916014  0.07744029   -0.09082441 -0.00174327   -0.06911861 -0.10922046
    2    1
 -0.06911861  0.10922046   -0.09082441  0.00174327    0.04916014 -0.07744029
 -0.09082441  0.00174327   -0.07397341  0.12383704   -0.09082441  0.00174327
  0.04916014 -0.07744029   -0.09082441  0.00174327   -0.06911861  0.10922046
    2    2
  0.26891029  0.00000000   -0.00860971  0.00684191    0.01207002  0.00000000
 -0.00860971 -0.00684191    0.28294311 -0.00000000   -0.00860971 -0.00684191
  0.01207002  0.00000000   -0.00860971  0.00684191    0.26891029  0.00000000

     Dynamical  Matrix in cartesian axes

     q = (   -0.166666667  -0.500000000   0.500000000 ) 

    1    1
  0.28294311  0.00000000    0.00860971 -0.00684191   -0.00860971  0.00684191
  0.00860971  0.00684191    0.26891029 -0.00000000   -0.01207002  0.00000000
 -0.00860971 -0.00684191   -0.01207002  0.00000000    0.26891029 -0.00000000
    1    2
 -0.14423273  0.00214433    0.04692192 -0.07778461   -0.04692192  0.07778461
  0.04692192 -0.07778461   -0.12914700  0.00524824   -0.09164533  0.00385378
 -0.04692192  0.07778461   -0.09164533  0.00385378   -0.12914700  0.00524824
    2    1
 -0.14423273 -0.00214433    0.04692192  0.07778461   -0.04692192 -0.07778461
  0.04692192  0.07778461   -0.12914700 -0.00524824   -0.09164533 -0.00385378
 -0.04692192 -0.07778461   -0.09164533 -0.00385378   -0.12914700 -0.00524824
    2    2
  0.28294311 -0.00000000    0.00860971  0.00684191   -0.00860971 -0.00684191
  0.00860971 -0.00684191    0.26891029  0.00000000   -0.01207002 -0.00000000
 -0.00860971  0.00684191   -0.01207002 -0.00000000    0.26891029  0.00000000

     Dynamical  Matrix in cartesian axes

     q = (   -0.500000000  -0.500000000   0.166666667 ) 

    1    1
  0.26891029 -0.00000000    0.01207002 -0.00000000   -0.00860971 -0.00684191
  0.01207002 -0.00000000    0.26891029 -0.00000000   -0.00860971 -0.00684191
 -0.00860971  0.00684191   -0.00860971  0.00684191    0.28294311  0.00000000
    1    2
 -0.06911861 -0.10922046    0.04916014  0.07744029   -0.09082441 -0.00174327
  0.04916014  0.07744029   -0.06911861 -0.10922046   -0.09082441 -0.00174327
 -0.09082441 -0.00174327   -0.09082441 -0.00174327   -0.07397341 -0.12383704
    2    1
 -0.06911861  0.10922046    0.04916014 -0.07744029   -0.09082441  0.00174327
  0.04916014 -0.07744029   -0.06911861  0.10922046   -0.09082441  0.00174327
 -0.09082441  0.00174327   -0.09082441  0.00174327   -0.07397341  0.12383704
    2    2
  0.26891029  0.00000000    0.01207002  0.00000000   -0.00860971  0.00684191
  0.01207002  0.00000000    0.26891029  0.00000000   -0.00860971  0.00684191
 -0.00860971 -0.00684191   -0.00860971 -0.00684191    0.28294311 -0.00000000

     Dynamical  Matrix in cartesian axes

     q = (    0.500000000   0.500000000   0.166666667 ) 

    1    1
  0.26891029 -0.00000000    0.01207002 -0.00000000    0.00860971  0.00684191
  0.01207002 -0.00000000    0.26891029 -0.00000000    0.00860971  0.00684191
  0.00860971 -0.00684191    0.00860971 -0.00684191    0.28294311  0.00000000
    1    2
  0.06911861  0.10922046   -0.04916014 -0.07744029   -0.09082441 -0.00174327
 -0.04916014 -0.07744029    0.06911861  0.10922046   -0.09082441 -0.00174327
 -0.09082441 -0.00174327   -0.09082441 -0.00174327    0.07397341  0.12383704
    2    1
  0.06911861 -0.10922046   -0.04916014  0.07744029   -0.09082441  0.00174327
 -0.04916014  0.07744029    0.06911861 -0.10922046   -0.09082441  0.00174327
 -0.09082441  0.00174327   -0.09082441  0.00174327    0.07397341 -0.12383704
    2    2
  0.26891029  0.00000000    0.01207002  0.00000000    0.00860971 -0.00684191
  0.01207002  0.00000000    0.26891029  0.00000000    0.00860971 -0.00684191
  0.00860971  0.00684191    0.00860971  0.00684191    0.28294311 -0.00000000

     Dynamical  Matrix in cartesian axes

     q = (    0.166666667  -0.500000000  -0.500000000 ) 

    1    1
  0.28294311  0.00000000   -0.00860971  0.00684191   -0.00860971  0.00684191
 -0.00860971 -0.00684191    0.26891029 -0.00000000    0.01207002 -0.00000000
 -0.00860971 -0.00684191    0.01207002  0.00000000    0.26891029 -0.00000000
    1    2
 -0.07397341 -0.12383704   -0.09082441 -0.00174327   -0.09082441 -0.00174327
 -0.09082441 -0.00174327   -0.06911861 -0.10922046    0.04916014  0.07744029
 -0.09082441 -0.00174327    0.04916014  0.07744029   -0.06911861 -0.10922046
    2    1
 -0.07397341  0.12383704   -0.09082441  0.00174327   -0.09082441  0.00174327
 -0.09082441  0.00174327   -0.06911861  0.10922046    0.04916014 -0.07744029
 -0.09082441  0.00174327    0.04916014 -0.07744029   -0.06911861  0.10922046
    2    2
  0.28294311 -0.00000000   -0.00860971 -0.00684191   -0.00860971 -0.00684191
 -0.00860971  0.00684191    0.26891029  0.00000000    0.01207002  0.00000000
 -0.00860971  0.00684191    0.01207002 -0.00000000    0.26891029  0.00000000

     Dynamical  Matrix in cartesian axes

     q = (    0.500000000  -0.500000000  -0.166666667 ) 

    1    1
  0.26891029 -0.00000000   -0.01207002  0.00000000   -0.00860971 -0.00684191
 -0.01207002  0.00000000    0.26891029 -0.00000000    0.00860971  0.00684191
 -0.00860971  0.00684191    0.00860971 -0.00684191    0.28294311  0.00000000
    1    2
 -0.12914700  0.00524824   -0.09164533  0.00385378   -0.04692192  0.07778461
 -0.09164533  0.00385378   -0.12914700  0.00524824    0.04692192 -0.07778461
 -0.04692192  0.07778461    0.04692192 -0.07778461   -0.14423273  0.00214433
    2    1
 -0.12914700 -0.00524824   -0.09164533 -0.00385378   -0.04692192 -0.07778461
 -0.09164533 -0.00385378   -0.12914700 -0.00524824    0.04692192  0.07778461
 -0.04692192 -0.07778461    0.04692192  0.07778461   -0.14423273 -0.00214433
    2    2
  0.26891029  0.00000000   -0.01207002 -0.00000000   -0.00860971  0.00684191
 -0.01207002 -0.00000000    0.26891029  0.00000000    0.00860971 -0.00684191
 -0.00860971 -0.00684191    0.00860971  0.00684191    0.28294311 -0.00000000

     Diagonalizing the dynamical matrix

     q = (    0.500000000  -0.166666667   0.500000000 ) 

 **************************************************************************
     freq (    1) =       3.893791 [THz] =     129.882878 [cm-1]
 (  0.267623 -0.422348  0.000000 -0.000000 -0.267623  0.422348 ) 
 (  0.500000 -0.000000  0.000000 -0.000000 -0.500000  0.000000 ) 
     freq (    2) =       5.092178 [THz] =     169.856782 [cm-1]
 ( -0.260120 -0.052380 -0.571500  0.180485 -0.260120 -0.052380 ) 
 ( -0.265342  0.000000 -0.524625 -0.289752 -0.265342  0.000000 ) 
     freq (    3) =       9.100482 [THz] =     303.559419 [cm-1]
 (  0.212793  0.361494 -0.334202 -0.190765  0.212793  0.361494 ) 
 ( -0.419475 -0.000000  0.333933  0.191235 -0.419475  0.000000 ) 
     freq (    4) =      12.522654 [THz] =     417.710781 [cm-1]
 (  0.120464  0.424138 -0.321320 -0.089124  0.120464  0.424138 ) 
 (  0.440914  0.000000 -0.173522 -0.284745  0.440914  0.000000 ) 
     freq (    5) =      14.213376 [THz] =     474.107205 [cm-1]
 (  0.267623 -0.422348  0.000000 -0.000000 -0.267623  0.422348 ) 
 ( -0.500000 -0.000000 -0.000000 -0.000000  0.500000  0.000000 ) 
     freq (    6) =      14.535554 [THz] =     484.853893 [cm-1]
 (  0.135076  0.202446  0.616988 -0.029441  0.135076  0.202446 ) 
 ( -0.243372 -0.000000 -0.317949 -0.529574 -0.243372  0.000000 ) 
 **************************************************************************
