Dynamical matrix file
                                                                           
  1    2  2 10.3520000  0.0000000  0.0000000  0.0000000  0.0000000  0.0000000
           1  'Si  '    25598.8229845270     
    1    1      0.0000000000      0.0000000000      0.0000000000
    2    1      0.2500000000      0.2500000000      0.2500000000

     Dynamical  Matrix in cartesian axes

     q = (    0.000000000   0.333333333   0.000000000 ) 

    1    1
  0.24956911  0.00000000    0.00000000  0.00000000    0.00000000  0.00000000
  0.00000000  0.00000000    0.28446623  0.00000000    0.00000000  0.00000000
 -0.00000000  0.00000000    0.00000000  0.00000000    0.24956911  0.00000000
    1    2
 -0.18650088  0.10767633    0.00000000  0.00000000   -0.03848196 -0.06665272
 -0.00000000  0.00000000   -0.19866778  0.11470090    0.00000000  0.00000000
 -0.03848196 -0.06665272    0.00000000  0.00000000   -0.18650088  0.10767633
    2    1
 -0.18650088 -0.10767633   -0.00000000 -0.00000000   -0.03848196  0.06665272
 -0.00000000  0.00000000   -0.19866778 -0.11470090    0.00000000  0.00000000
 -0.03848196  0.06665272    0.00000000  0.00000000   -0.18650088 -0.10767633
    2    2
  0.24956911  0.00000000    0.00000000  0.00000000    0.00000000  0.00000000
  0.00000000  0.00000000    0.28446623  0.00000000    0.00000000  0.00000000
 -0.00000000  0.00000000    0.00000000  0.00000000    0.24956911  0.00000000

     Dynamical  Matrix in cartesian axes

     q = (    0.333333333   0.000000000   0.000000000 ) 

    1    1
  0.28446623  0.00000000    0.00000000  0.00000000    0.00000000  0.00000000
  0.00000000  0.00000000    0.24956911  0.00000000    0.00000000  0.00000000
  0.00000000  0.00000000    0.00000000  0.00000000    0.24956911  0.00000000
    1    2
 -0.19866778  0.11470090    0.00000000  0.00000000   -0.00000000  0.00000000
  0.00000000  0.00000000   -0.18650088  0.10767633   -0.03848196 -0.06665272
  0.00000000 -0.00000000   -0.03848196 -0.06665272   -0.18650088  0.10767633
    2    1
 -0.19866778 -0.11470090    0.00000000  0.00000000    0.00000000  0.00000000
 -0.00000000 -0.00000000   -0.18650088 -0.10767633   -0.03848196  0.06665272
  0.00000000  0.00000000   -0.03848196  0.06665272   -0.18650088 -0.10767633
    2    2
  0.28446623  0.00000000    0.00000000  0.00000000    0.00000000  0.00000000
  0.00000000  0.00000000    0.24956911  0.00000000    0.00000000  0.00000000
  0.00000000  0.00000000    0.00000000  0.00000000    0.24956911  0.00000000

     Dynamical  Matrix in cartesian axes

     q = (    0.000000000   0.000000000   0.333333333 ) 

    1    1
  0.24956911  0.00000000   -0.00000000  0.00000000    0.00000000  0.00000000
 -0.00000000  0.00000000    0.24956911  0.00000000   -0.00000000  0.00000000
  0.00000000  0.00000000   -0.00000000  0.00000000    0.28446623  0.00000000
    1    2
 -0.18650088  0.10767633   -0.03848196 -0.06665272   -0.00000000  0.00000000
 -0.03848196 -0.06665272   -0.18650088  0.10767633   -0.00000000  0.00000000
  0.00000000  0.00000000    0.00000000  0.00000000   -0.19866778  0.11470090
    2    1
 -0.18650088 -0.10767633   -0.03848196  0.06665272   -0.00000000  0.00000000
 -0.03848196  0.06665272   -0.18650088 -0.10767633   -0.00000000  0.00000000
  0.00000000  0.00000000    0.00000000  0.00000000   -0.19866778 -0.11470090
    2    2
  0.24956911  0.00000000   -0.00000000  0.00000000    0.00000000  0.00000000
 -0.00000000  0.00000000    0.24956911  0.00000000   -0.00000000  0.00000000
  0.00000000  0.00000000   -0.00000000  0.00000000    0.28446623  0.00000000

     Dynamical  Matrix in cartesian axes

     q = (    0.000000000  -0.333333333   0.000000000 ) 

    1    1
  0.24956911  0.00000000    0.00000000  0.00000000    0.00000000  0.00000000
  0.00000000  0.00000000    0.28446623  0.00000000    0.00000000  0.00000000
  0.00000000  0.00000000    0.00000000  0.00000000    0.24956911  0.00000000
    1    2
 -0.18650088 -0.10767633   -0.00000000  0.00000000   -0.03848196  0.06665272
  0.00000000  0.00000000   -0.19866778 -0.11470090    0.00000000  0.00000000
 -0.03848196  0.06665272    0.00000000  0.00000000   -0.18650088 -0.10767633
    2    1
 -0.18650088  0.10767633    0.00000000  0.00000000   -0.03848196 -0.06665272
 -0.00000000  0.00000000   -0.19866778  0.11470090    0.00000000  0.00000000
 -0.03848196 -0.06665272    0.00000000  0.00000000   -0.18650088  0.10767633
    2    2
  0.24956911  0.00000000    0.00000000  0.00000000    0.00000000  0.00000000
  0.00000000  0.00000000    0.28446623  0.00000000   -0.00000000  0.00000000
 -0.00000000  0.00000000    0.00000000  0.00000000    0.24956911  0.00000000

     Dynamical  Matrix in cartesian axes

     q = (   -0.333333333   0.000000000   0.000000000 ) 

    1    1
  0.28446623  0.00000000    0.00000000  0.00000000    0.00000000  0.00000000
  0.00000000  0.00000000    0.24956911  0.00000000    0.00000000  0.00000000
  0.00000000  0.00000000    0.00000000  0.00000000    0.24956911  0.00000000
    1    2
 -0.19866778 -0.11470090    0.00000000  0.00000000    0.00000000  0.00000000
  0.00000000 -0.00000000   -0.18650088 -0.10767633   -0.03848196  0.06665272
  0.00000000  0.00000000   -0.03848196  0.06665272   -0.18650088 -0.10767633
    2    1
 -0.19866778  0.11470090    0.00000000  0.00000000   -0.00000000  0.00000000
  0.00000000  0.00000000   -0.18650088  0.10767633   -0.03848196 -0.06665272
  0.00000000 -0.00000000   -0.03848196 -0.06665272   -0.18650088  0.10767633
    2    2
  0.28446623  0.00000000    0.00000000  0.00000000    0.00000000  0.00000000
 -0.00000000  0.00000000    0.24956911  0.00000000   -0.00000000  0.00000000
  0.00000000  0.00000000    0.00000000  0.00000000    0.24956911  0.00000000

     Dynamical  Matrix in cartesian axes

     q = (    0.000000000   0.000000000  -0.333333333 ) 

    1    1
  0.24956911  0.00000000   -0.00000000  0.00000000    0.00000000  0.00000000
 -0.00000000  0.00000000    0.24956911  0.00000000   -0.00000000  0.00000000
  0.00000000  0.00000000   -0.00000000  0.00000000    0.28446623  0.00000000
    1    2
 -0.18650088 -0.10767633   -0.03848196  0.06665272   -0.00000000 -0.00000000
 -0.03848196  0.06665272   -0.18650088 -0.10767633    0.00000000  0.00000000
  0.00000000 -0.00000000    0.00000000  0.00000000   -0.19866778 -0.11470090
    2    1
 -0.18650088  0.10767633   -0.03848196 -0.06665272   -0.00000000  0.00000000
 -0.03848196 -0.06665272   -0.18650088  0.10767633    0.00000000 -0.00000000
  0.00000000  0.00000000    0.00000000 -0.00000000   -0.19866778  0.11470090
    2    2
  0.24956911  0.00000000   -0.00000000  0.00000000    0.00000000  0.00000000
 -0.00000000  0.00000000    0.24956911  0.00000000   -0.00000000  0.00000000
  0.00000000  0.00000000   -0.00000000  0.00000000    0.28446623  0.00000000

     Diagonalizing the dynamical matrix

     q = (    0.000000000   0.333333333   0.000000000 ) 

 **************************************************************************
     freq (    1) =       2.970954 [THz] =      99.100363 [cm-1]
 (  0.539472 -0.369766 -0.000000  0.000000  0.232497  0.134863 ) 
 (  0.692472 -0.092614 -0.000000  0.000000  0.109113  0.000000 ) 
     freq (    2) =       2.970954 [THz] =      99.100363 [cm-1]
 (  0.036172  0.266336  0.000000 -0.000000  0.547332 -0.358029 ) 
 ( -0.108150  0.014464  0.000000 -0.000000  0.698637  0.000000 ) 
     freq (    3) =       4.825037 [THz] =     160.945904 [cm-1]
 ( -0.000000  0.000000 -0.557628  0.434801  0.000000 -0.000000 ) 
 ( -0.000000  0.000000 -0.700320  0.097735  0.000000  0.000000 ) 
     freq (    4) =      14.219940 [THz] =     474.326132 [cm-1]
 ( -0.649778  0.157673  0.000000  0.000000 -0.130977 -0.189136 ) 
 (  0.681302  0.171007 -0.000000 -0.000000  0.081145  0.000000 ) 
     freq (    5) =      14.219940 [THz] =     474.326132 [cm-1]
 (  0.044714  0.225672 -0.000000  0.000000  0.565357 -0.356993 ) 
 (  0.078704  0.019755  0.000000 -0.000000 -0.702435  0.000000 ) 
     freq (    6) =      14.739774 [THz] =     491.665951 [cm-1]
 (  0.000000  0.000000  0.605405 -0.365356  0.000000 -0.000000 ) 
 ( -0.000000  0.000000 -0.706974  0.013706 -0.000000  0.000000 ) 
 **************************************************************************
