Dynamical matrix file
                                                                           
  1    2  2 10.2800000  0.0000000  0.0000000  0.0000000  0.0000000  0.0000000
           1  'Si  '    25598.8229845270     
    1    1      0.0000000000      0.0000000000      0.0000000000
    2    1      0.2500000000      0.2500000000      0.2500000000

     Dynamical  Matrix in cartesian axes

     q = (    0.000000000   0.333333333   0.000000000 ) 

    1    1
  0.26113311  0.00000000    0.00000000  0.00000000    0.00000000  0.00000000
 -0.00000000  0.00000000    0.29653225  0.00000000   -0.00000000  0.00000000
  0.00000000  0.00000000   -0.00000000  0.00000000    0.26113311  0.00000000
    1    2
 -0.19492335  0.11253905    0.00000000  0.00000000   -0.04216669 -0.07303484
  0.00000000 -0.00000000   -0.20689193  0.11944911    0.00000000 -0.00000000
 -0.04216669 -0.07303484   -0.00000000  0.00000000   -0.19492335  0.11253905
    2    1
 -0.19492335 -0.11253905    0.00000000  0.00000000   -0.04216669  0.07303484
  0.00000000 -0.00000000   -0.20689193 -0.11944911    0.00000000 -0.00000000
 -0.04216669  0.07303484    0.00000000 -0.00000000   -0.19492335 -0.11253905
    2    2
  0.26113311  0.00000000    0.00000000  0.00000000   -0.00000000 -0.00000000
 -0.00000000  0.00000000    0.29653225  0.00000000   -0.00000000  0.00000000
 -0.00000000 -0.00000000    0.00000000  0.00000000    0.26113311  0.00000000

     Dynamical  Matrix in cartesian axes

     q = (    0.333333333   0.000000000   0.000000000 ) 

    1    1
  0.29653225  0.00000000   -0.00000000  0.00000000    0.00000000  0.00000000
 -0.00000000  0.00000000    0.26113311  0.00000000    0.00000000  0.00000000
  0.00000000  0.00000000    0.00000000  0.00000000    0.26113311  0.00000000
    1    2
 -0.20689193  0.11944911    0.00000000  0.00000000   -0.00000000  0.00000000
  0.00000000  0.00000000   -0.19492335  0.11253905   -0.04216669 -0.07303484
  0.00000000  0.00000000   -0.04216669 -0.07303484   -0.19492335  0.11253905
    2    1
 -0.20689193 -0.11944911   -0.00000000  0.00000000    0.00000000  0.00000000
 -0.00000000  0.00000000   -0.19492335 -0.11253905   -0.04216669  0.07303484
  0.00000000  0.00000000   -0.04216669  0.07303484   -0.19492335 -0.11253905
    2    2
  0.29653225  0.00000000    0.00000000  0.00000000    0.00000000  0.00000000
  0.00000000  0.00000000    0.26113311  0.00000000    0.00000000 -0.00000000
  0.00000000  0.00000000    0.00000000 -0.00000000    0.26113311  0.00000000

     Dynamical  Matrix in cartesian axes

     q = (    0.000000000   0.000000000   0.333333333 ) 

    1    1
  0.26113311  0.00000000   -0.00000000  0.00000000    0.00000000  0.00000000
 -0.00000000  0.00000000    0.26113311  0.00000000    0.00000000  0.00000000
  0.00000000  0.00000000    0.00000000  0.00000000    0.29653225  0.00000000
    1    2
 -0.19492335  0.11253905   -0.04216669 -0.07303484    0.00000000  0.00000000
 -0.04216669 -0.07303484   -0.19492335  0.11253905    0.00000000 -0.00000000
  0.00000000  0.00000000    0.00000000  0.00000000   -0.20689193  0.11944911
    2    1
 -0.19492335 -0.11253905   -0.04216669  0.07303484    0.00000000  0.00000000
 -0.04216669  0.07303484   -0.19492335 -0.11253905    0.00000000  0.00000000
  0.00000000  0.00000000   -0.00000000  0.00000000   -0.20689193 -0.11944911
    2    2
  0.26113311  0.00000000    0.00000000 -0.00000000    0.00000000  0.00000000
  0.00000000 -0.00000000    0.26113311  0.00000000    0.00000000  0.00000000
  0.00000000  0.00000000    0.00000000  0.00000000    0.29653225  0.00000000

     Dynamical  Matrix in cartesian axes

     q = (    0.000000000  -0.333333333   0.000000000 ) 

    1    1
  0.26113311  0.00000000    0.00000000  0.00000000   -0.00000000 -0.00000000
 -0.00000000  0.00000000    0.29653225  0.00000000   -0.00000000  0.00000000
 -0.00000000 -0.00000000    0.00000000  0.00000000    0.26113311  0.00000000
    1    2
 -0.19492335 -0.11253905    0.00000000  0.00000000   -0.04216669  0.07303484
  0.00000000  0.00000000   -0.20689193 -0.11944911    0.00000000  0.00000000
 -0.04216669  0.07303484   -0.00000000  0.00000000   -0.19492335 -0.11253905
    2    1
 -0.19492335  0.11253905    0.00000000 -0.00000000   -0.04216669 -0.07303484
  0.00000000  0.00000000   -0.20689193  0.11944911    0.00000000  0.00000000
 -0.04216669 -0.07303484    0.00000000  0.00000000   -0.19492335  0.11253905
    2    2
  0.26113311  0.00000000   -0.00000000  0.00000000   -0.00000000  0.00000000
  0.00000000  0.00000000    0.29653225  0.00000000    0.00000000  0.00000000
 -0.00000000  0.00000000   -0.00000000  0.00000000    0.26113311  0.00000000

     Dynamical  Matrix in cartesian axes

     q = (   -0.333333333   0.000000000   0.000000000 ) 

    1    1
  0.29653225  0.00000000    0.00000000  0.00000000    0.00000000  0.00000000
  0.00000000  0.00000000    0.26113311  0.00000000    0.00000000 -0.00000000
  0.00000000  0.00000000    0.00000000 -0.00000000    0.26113311  0.00000000
    1    2
 -0.20689193 -0.11944911   -0.00000000  0.00000000    0.00000000  0.00000000
 -0.00000000  0.00000000   -0.19492335 -0.11253905   -0.04216669  0.07303484
  0.00000000  0.00000000   -0.04216669  0.07303484   -0.19492335 -0.11253905
    2    1
 -0.20689193  0.11944911    0.00000000  0.00000000   -0.00000000  0.00000000
  0.00000000  0.00000000   -0.19492335  0.11253905   -0.04216669 -0.07303484
 -0.00000000  0.00000000   -0.04216669 -0.07303484   -0.19492335  0.11253905
    2    2
  0.29653225  0.00000000    0.00000000  0.00000000    0.00000000  0.00000000
  0.00000000  0.00000000    0.26113311  0.00000000    0.00000000  0.00000000
  0.00000000  0.00000000    0.00000000  0.00000000    0.26113311  0.00000000

     Dynamical  Matrix in cartesian axes

     q = (    0.000000000   0.000000000  -0.333333333 ) 

    1    1
  0.26113311  0.00000000   -0.00000000 -0.00000000   -0.00000000  0.00000000
 -0.00000000 -0.00000000    0.26113311  0.00000000   -0.00000000  0.00000000
 -0.00000000  0.00000000   -0.00000000  0.00000000    0.29653225  0.00000000
    1    2
 -0.19492335 -0.11253905   -0.04216669  0.07303484   -0.00000000  0.00000000
 -0.04216669  0.07303484   -0.19492335 -0.11253905   -0.00000000  0.00000000
 -0.00000000 -0.00000000   -0.00000000 -0.00000000   -0.20689193 -0.11944911
    2    1
 -0.19492335  0.11253905   -0.04216669 -0.07303484    0.00000000  0.00000000
 -0.04216669 -0.07303484   -0.19492335  0.11253905    0.00000000 -0.00000000
  0.00000000  0.00000000    0.00000000  0.00000000   -0.20689193  0.11944911
    2    2
  0.26113311  0.00000000   -0.00000000  0.00000000    0.00000000  0.00000000
 -0.00000000  0.00000000    0.26113311  0.00000000    0.00000000  0.00000000
  0.00000000  0.00000000    0.00000000  0.00000000    0.29653225  0.00000000

     Diagonalizing the dynamical matrix

     q = (    0.000000000   0.333333333   0.000000000 ) 

 **************************************************************************
     freq (    1) =       2.963672 [THz] =      98.857467 [cm-1]
 (  0.301629 -0.479492 -0.000000 -0.000000  0.422342 -0.027098 ) 
 (  0.534975 -0.380713  0.000000 -0.000000  0.262412  0.000000 ) 
     freq (    2) =       2.963672 [THz] =      98.857467 [cm-1]
 ( -0.013045 -0.423009 -0.000000  0.000000 -0.448753  0.345707 ) 
 (  0.213800 -0.152150 -0.000000 -0.000000 -0.656613  0.000000 ) 
     freq (    3) =       4.936334 [THz] =     164.658372 [cm-1]
 (  0.000000  0.000000 -0.577518  0.408011  0.000000 -0.000000 ) 
 (  0.000000  0.000000 -0.704151  0.064589  0.000000  0.000000 ) 
     freq (    4) =      14.561192 [THz] =     485.709083 [cm-1]
 ( -0.041348 -0.302510  0.000000  0.000000 -0.529444  0.355622 ) 
 ( -0.123284  0.041423 -0.000000 -0.000000  0.695043  0.000000 ) 
     freq (    5) =      14.561192 [THz] =     485.709083 [cm-1]
 (  0.453474 -0.448485  0.000000  0.000000  0.288320  0.100467 ) 
 ( -0.658848  0.221368 -0.000000 -0.000000 -0.130057  0.000000 ) 
     freq (    6) =      15.045845 [THz] =     501.875358 [cm-1]
 ( -0.000000  0.000000  0.697059  0.118782  0.000000 -0.000000 ) 
 (  0.000000 -0.000000 -0.544280 -0.451397 -0.000000  0.000000 ) 
 **************************************************************************
