Dynamical matrix file
                                                                           
  1    2  2 10.3400000  0.0000000  0.0000000  0.0000000  0.0000000  0.0000000
           1  'Si  '    25598.8229845270     
    1    1      0.0000000000      0.0000000000      0.0000000000
    2    1      0.2500000000      0.2500000000      0.2500000000

     Dynamical  Matrix in cartesian axes

     q = (    0.000000000   0.333333333   0.000000000 ) 

    1    1
  0.25145765  0.00000000   -0.00000000  0.00000000    0.00000000  0.00000000
  0.00000000  0.00000000    0.28643889  0.00000000    0.00000000  0.00000000
 -0.00000000  0.00000000   -0.00000000  0.00000000    0.25145765  0.00000000
    1    2
 -0.18787619  0.10847037   -0.00000000  0.00000000   -0.03907966 -0.06768796
 -0.00000000  0.00000000   -0.20001035  0.11547603   -0.00000000  0.00000000
 -0.03907966 -0.06768796   -0.00000000  0.00000000   -0.18787619  0.10847037
    2    1
 -0.18787619 -0.10847037   -0.00000000  0.00000000   -0.03907966  0.06768796
 -0.00000000  0.00000000   -0.20001035 -0.11547603   -0.00000000 -0.00000000
 -0.03907966  0.06768796    0.00000000  0.00000000   -0.18787619 -0.10847037
    2    2
  0.25145765  0.00000000   -0.00000000  0.00000000   -0.00000000  0.00000000
  0.00000000  0.00000000    0.28643889  0.00000000   -0.00000000  0.00000000
 -0.00000000  0.00000000   -0.00000000  0.00000000    0.25145765  0.00000000

     Dynamical  Matrix in cartesian axes

     q = (    0.333333333   0.000000000   0.000000000 ) 

    1    1
  0.28643889  0.00000000   -0.00000000  0.00000000    0.00000000  0.00000000
 -0.00000000  0.00000000    0.25145765  0.00000000    0.00000000  0.00000000
  0.00000000  0.00000000    0.00000000  0.00000000    0.25145765  0.00000000
    1    2
 -0.20001035  0.11547603   -0.00000000 -0.00000000    0.00000000  0.00000000
  0.00000000  0.00000000   -0.18787619  0.10847037   -0.03907966 -0.06768796
 -0.00000000 -0.00000000   -0.03907966 -0.06768796   -0.18787619  0.10847037
    2    1
 -0.20001035 -0.11547603   -0.00000000  0.00000000    0.00000000 -0.00000000
  0.00000000  0.00000000   -0.18787619 -0.10847037   -0.03907966  0.06768796
 -0.00000000  0.00000000   -0.03907966  0.06768796   -0.18787619 -0.10847037
    2    2
  0.28643889  0.00000000    0.00000000  0.00000000    0.00000000  0.00000000
  0.00000000  0.00000000    0.25145765  0.00000000    0.00000000  0.00000000
  0.00000000  0.00000000    0.00000000  0.00000000    0.25145765  0.00000000

     Dynamical  Matrix in cartesian axes

     q = (    0.000000000   0.000000000   0.333333333 ) 

    1    1
  0.25145765  0.00000000    0.00000000  0.00000000   -0.00000000  0.00000000
 -0.00000000  0.00000000    0.25145765  0.00000000    0.00000000  0.00000000
  0.00000000  0.00000000    0.00000000  0.00000000    0.28643889  0.00000000
    1    2
 -0.18787619  0.10847037   -0.03907966 -0.06768796    0.00000000  0.00000000
 -0.03907966 -0.06768796   -0.18787619  0.10847037    0.00000000  0.00000000
  0.00000000  0.00000000    0.00000000  0.00000000   -0.20001035  0.11547603
    2    1
 -0.18787619 -0.10847037   -0.03907966  0.06768796   -0.00000000  0.00000000
 -0.03907966  0.06768796   -0.18787619 -0.10847037   -0.00000000  0.00000000
 -0.00000000  0.00000000    0.00000000  0.00000000   -0.20001035 -0.11547603
    2    2
  0.25145765  0.00000000    0.00000000  0.00000000    0.00000000  0.00000000
  0.00000000  0.00000000    0.25145765  0.00000000    0.00000000  0.00000000
 -0.00000000  0.00000000    0.00000000  0.00000000    0.28643889  0.00000000

     Dynamical  Matrix in cartesian axes

     q = (    0.000000000  -0.333333333   0.000000000 ) 

    1    1
  0.25145765  0.00000000    0.00000000  0.00000000   -0.00000000  0.00000000
  0.00000000  0.00000000    0.28643889  0.00000000    0.00000000  0.00000000
  0.00000000  0.00000000    0.00000000  0.00000000    0.25145765  0.00000000
    1    2
 -0.18787619 -0.10847037   -0.00000000  0.00000000   -0.03907966  0.06768796
 -0.00000000 -0.00000000   -0.20001035 -0.11547603   -0.00000000 -0.00000000
 -0.03907966  0.06768796   -0.00000000 -0.00000000   -0.18787619 -0.10847037
    2    1
 -0.18787619  0.10847037    0.00000000 -0.00000000   -0.03907966 -0.06768796
  0.00000000 -0.00000000   -0.20001035  0.11547603    0.00000000 -0.00000000
 -0.03907966 -0.06768796    0.00000000  0.00000000   -0.18787619  0.10847037
    2    2
  0.25145765  0.00000000   -0.00000000  0.00000000   -0.00000000  0.00000000
 -0.00000000  0.00000000    0.28643889  0.00000000    0.00000000  0.00000000
 -0.00000000  0.00000000    0.00000000  0.00000000    0.25145765  0.00000000

     Dynamical  Matrix in cartesian axes

     q = (   -0.333333333   0.000000000   0.000000000 ) 

    1    1
  0.28643889  0.00000000    0.00000000  0.00000000    0.00000000  0.00000000
 -0.00000000  0.00000000    0.25145765  0.00000000   -0.00000000  0.00000000
 -0.00000000  0.00000000    0.00000000  0.00000000    0.25145765  0.00000000
    1    2
 -0.20001035 -0.11547603    0.00000000  0.00000000   -0.00000000 -0.00000000
  0.00000000  0.00000000   -0.18787619 -0.10847037   -0.03907966  0.06768796
 -0.00000000 -0.00000000   -0.03907966  0.06768796   -0.18787619 -0.10847037
    2    1
 -0.20001035  0.11547603   -0.00000000 -0.00000000   -0.00000000 -0.00000000
 -0.00000000 -0.00000000   -0.18787619  0.10847037   -0.03907966 -0.06768796
 -0.00000000  0.00000000   -0.03907966 -0.06768796   -0.18787619  0.10847037
    2    2
  0.28643889  0.00000000    0.00000000  0.00000000   -0.00000000  0.00000000
 -0.00000000  0.00000000    0.25145765  0.00000000   -0.00000000  0.00000000
 -0.00000000  0.00000000    0.00000000  0.00000000    0.25145765  0.00000000

     Dynamical  Matrix in cartesian axes

     q = (    0.000000000   0.000000000  -0.333333333 ) 

    1    1
  0.25145765  0.00000000    0.00000000  0.00000000    0.00000000  0.00000000
  0.00000000  0.00000000    0.25145765  0.00000000    0.00000000  0.00000000
  0.00000000  0.00000000    0.00000000  0.00000000    0.28643889  0.00000000
    1    2
 -0.18787619 -0.10847037   -0.03907966  0.06768796   -0.00000000  0.00000000
 -0.03907966  0.06768796   -0.18787619 -0.10847037   -0.00000000 -0.00000000
 -0.00000000  0.00000000   -0.00000000  0.00000000   -0.20001035 -0.11547603
    2    1
 -0.18787619  0.10847037   -0.03907966 -0.06768796    0.00000000  0.00000000
 -0.03907966 -0.06768796   -0.18787619  0.10847037    0.00000000  0.00000000
  0.00000000 -0.00000000    0.00000000 -0.00000000   -0.20001035  0.11547603
    2    2
  0.25145765  0.00000000    0.00000000  0.00000000    0.00000000  0.00000000
  0.00000000  0.00000000    0.25145765  0.00000000    0.00000000  0.00000000
  0.00000000  0.00000000    0.00000000  0.00000000    0.28643889  0.00000000

     Diagonalizing the dynamical matrix

     q = (    0.000000000   0.333333333   0.000000000 ) 

 **************************************************************************
     freq (    1) =       2.970246 [THz] =      99.076748 [cm-1]
 ( -0.583714 -0.196962 -0.000000  0.000000  0.199138 -0.284303 ) 
 ( -0.432641 -0.541695 -0.000000 -0.000000  0.139244  0.000000 ) 
     freq (    2) =       2.970246 [THz] =      99.076748 [cm-1]
 ( -0.239472 -0.251271  0.000000  0.000000 -0.547631  0.282164 ) 
 ( -0.086897 -0.108801 -0.000000  0.000000 -0.693261  0.000000 ) 
     freq (    3) =       4.843508 [THz] =     161.562024 [cm-1]
 ( -0.000000 -0.000000  0.638824  0.303157  0.000000 -0.000000 ) 
 (  0.000000 -0.000000  0.401659  0.581954  0.000000  0.000000 ) 
     freq (    4) =      14.276128 [THz] =     476.200362 [cm-1]
 ( -0.632131 -0.167056  0.000000  0.000000  0.099256 -0.250301 ) 
 (  0.493104  0.505022  0.000000 -0.000000 -0.042443  0.000000 ) 
     freq (    5) =      14.276128 [THz] =     476.200362 [cm-1]
 (  0.158066  0.217985  0.000000  0.000000  0.571194 -0.318174 ) 
 ( -0.029651 -0.030368 -0.000000 -0.000000 -0.705832  0.000000 ) 
     freq (    6) =      14.790214 [THz] =     493.348425 [cm-1]
 ( -0.000000  0.000000 -0.638824 -0.303157  0.000000 -0.000000 ) 
 (  0.000000 -0.000000  0.401659  0.581954 -0.000000  0.000000 ) 
 **************************************************************************
