Dynamical matrix file
                                                                           
  1    2  2 10.3400000  0.0000000  0.0000000  0.0000000  0.0000000  0.0000000
           1  'Si  '    25598.8229845270     
    1    1      0.0000000000      0.0000000000      0.0000000000
    2    1      0.2500000000      0.2500000000      0.2500000000

     Dynamical  Matrix in cartesian axes

     q = (    0.666666667  -0.333333333   1.000000000 ) 

    1    1
  0.24042400  0.00000000   -0.00700642  0.00000000    0.00000000  0.00092701
 -0.00700642  0.00000000    0.28337267  0.00000000    0.00000000 -0.01295344
  0.00000000 -0.00092701    0.00000000  0.01295344    0.25424999  0.00000000
    1    2
 -0.08730342  0.05040465   -0.06155763  0.03554032   -0.06541211 -0.11329709
 -0.06155763  0.03554032   -0.09278843  0.05357143    0.02121951  0.03675328
 -0.06541211 -0.11329709    0.02121951  0.03675328   -0.09445625  0.05453434
    2    1
 -0.08730342 -0.05040465   -0.06155763 -0.03554032   -0.06541211  0.11329709
 -0.06155763 -0.03554032   -0.09278843 -0.05357143    0.02121951 -0.03675328
 -0.06541211  0.11329709    0.02121951 -0.03675328   -0.09445625 -0.05453434
    2    2
  0.24042400  0.00000000   -0.00700642  0.00000000    0.00000000 -0.00092701
 -0.00700642  0.00000000    0.28337267  0.00000000    0.00000000  0.01295344
  0.00000000  0.00092701    0.00000000 -0.01295344    0.25424999  0.00000000

     Dynamical  Matrix in cartesian axes

     q = (    1.000000000   0.333333333   0.666666667 ) 

    1    1
  0.25424999 -0.00000000   -0.00000000  0.01295344    0.00000000  0.00092701
  0.00000000 -0.01295344    0.28337267  0.00000000    0.00700642  0.00000000
  0.00000000 -0.00092701    0.00700642 -0.00000000    0.24042400  0.00000000
    1    2
  0.00000000 -0.10906869   -0.04243903 -0.00000000   -0.13082422 -0.00000000
 -0.04243903  0.00000000   -0.00000000 -0.10714286   -0.00000000  0.07108063
 -0.13082422 -0.00000000    0.00000000  0.07108063    0.00000000 -0.10080930
    2    1
  0.00000000  0.10906869   -0.04243903  0.00000000   -0.13082422  0.00000000
 -0.04243903  0.00000000    0.00000000  0.10714286   -0.00000000 -0.07108063
 -0.13082422  0.00000000   -0.00000000 -0.07108063    0.00000000  0.10080930
    2    2
  0.25424999  0.00000000   -0.00000000 -0.01295344    0.00000000 -0.00092701
  0.00000000  0.01295344    0.28337267  0.00000000    0.00700642 -0.00000000
  0.00000000  0.00092701    0.00700642 -0.00000000    0.24042400  0.00000000

     Dynamical  Matrix in cartesian axes

     q = (    0.666666667   0.333333333   1.000000000 ) 

    1    1
  0.24042400  0.00000000    0.00700642  0.00000000    0.00000000 -0.00092701
  0.00700642  0.00000000    0.28337267  0.00000000    0.00000000 -0.01295344
  0.00000000  0.00092701    0.00000000  0.01295344    0.25424999 -0.00000000
    1    2
 -0.00000000 -0.10080930    0.00000000  0.07108063   -0.13082422  0.00000000
  0.00000000  0.07108063   -0.00000000 -0.10714286   -0.04243903  0.00000000
 -0.13082422  0.00000000   -0.04243903  0.00000000   -0.00000000 -0.10906869
    2    1
 -0.00000000  0.10080930    0.00000000 -0.07108063   -0.13082422 -0.00000000
  0.00000000 -0.07108063   -0.00000000  0.10714286   -0.04243903 -0.00000000
 -0.13082422 -0.00000000   -0.04243903 -0.00000000   -0.00000000  0.10906869
    2    2
  0.24042400  0.00000000    0.00700642  0.00000000    0.00000000  0.00092701
  0.00700642  0.00000000    0.28337267  0.00000000    0.00000000  0.01295344
  0.00000000 -0.00092701    0.00000000 -0.01295344    0.25424999  0.00000000

     Dynamical  Matrix in cartesian axes

     q = (   -1.000000000  -0.333333333   0.666666667 ) 

    1    1
  0.25424999 -0.00000000   -0.00000000  0.01295344    0.00000000 -0.00092701
  0.00000000 -0.01295344    0.28337267  0.00000000   -0.00700642 -0.00000000
  0.00000000  0.00092701   -0.00700642 -0.00000000    0.24042400  0.00000000
    1    2
 -0.09445625  0.05453434    0.02121951  0.03675328   -0.06541211 -0.11329709
  0.02121951  0.03675328   -0.09278843  0.05357143   -0.06155763  0.03554032
 -0.06541211 -0.11329709   -0.06155763  0.03554032   -0.08730342  0.05040465
    2    1
 -0.09445625 -0.05453434    0.02121951 -0.03675328   -0.06541211  0.11329709
  0.02121951 -0.03675328   -0.09278843 -0.05357143   -0.06155763 -0.03554032
 -0.06541211  0.11329709   -0.06155763 -0.03554032   -0.08730342 -0.05040465
    2    2
  0.25424999 -0.00000000    0.00000000 -0.01295344    0.00000000  0.00092701
  0.00000000  0.01295344    0.28337267  0.00000000   -0.00700642  0.00000000
  0.00000000 -0.00092701   -0.00700642 -0.00000000    0.24042400  0.00000000

     Dynamical  Matrix in cartesian axes

     q = (   -1.000000000  -0.333333333  -0.666666667 ) 

    1    1
  0.25424999  0.00000000   -0.00000000 -0.01295344    0.00000000 -0.00092701
  0.00000000  0.01295344    0.28337267  0.00000000    0.00700642 -0.00000000
  0.00000000  0.00092701    0.00700642 -0.00000000    0.24042400  0.00000000
    1    2
  0.00000000  0.10906869   -0.04243903  0.00000000   -0.13082422  0.00000000
 -0.04243903  0.00000000    0.00000000  0.10714286   -0.00000000 -0.07108063
 -0.13082422  0.00000000   -0.00000000 -0.07108063    0.00000000  0.10080930
    2    1
  0.00000000 -0.10906869   -0.04243903 -0.00000000   -0.13082422 -0.00000000
 -0.04243903  0.00000000   -0.00000000 -0.10714286   -0.00000000  0.07108063
 -0.13082422 -0.00000000    0.00000000  0.07108063    0.00000000 -0.10080930
    2    2
  0.25424999 -0.00000000   -0.00000000  0.01295344    0.00000000  0.00092701
  0.00000000 -0.01295344    0.28337267  0.00000000    0.00700642  0.00000000
  0.00000000 -0.00092701    0.00700642 -0.00000000    0.24042400  0.00000000

     Dynamical  Matrix in cartesian axes

     q = (   -0.666666667  -0.333333333  -1.000000000 ) 

    1    1
  0.24042400  0.00000000    0.00700642  0.00000000    0.00000000  0.00092701
  0.00700642  0.00000000    0.28337267  0.00000000    0.00000000  0.01295344
  0.00000000 -0.00092701    0.00000000 -0.01295344    0.25424999  0.00000000
    1    2
 -0.00000000  0.10080930    0.00000000 -0.07108063   -0.13082422 -0.00000000
  0.00000000 -0.07108063   -0.00000000  0.10714286   -0.04243903 -0.00000000
 -0.13082422 -0.00000000   -0.04243903 -0.00000000   -0.00000000  0.10906869
    2    1
 -0.00000000 -0.10080930    0.00000000  0.07108063   -0.13082422  0.00000000
  0.00000000  0.07108063   -0.00000000 -0.10714286   -0.04243903  0.00000000
 -0.13082422  0.00000000   -0.04243903  0.00000000   -0.00000000 -0.10906869
    2    2
  0.24042400  0.00000000    0.00700642  0.00000000    0.00000000 -0.00092701
  0.00700642  0.00000000    0.28337267  0.00000000    0.00000000 -0.01295344
  0.00000000  0.00092701    0.00000000  0.01295344    0.25424999 -0.00000000

     Dynamical  Matrix in cartesian axes

     q = (    1.000000000   0.333333333  -0.666666667 ) 

    1    1
  0.25424999 -0.00000000    0.00000000 -0.01295344    0.00000000  0.00092701
  0.00000000  0.01295344    0.28337267  0.00000000   -0.00700642  0.00000000
  0.00000000 -0.00092701   -0.00700642 -0.00000000    0.24042400  0.00000000
    1    2
 -0.09445625 -0.05453434    0.02121951 -0.03675328   -0.06541211  0.11329709
  0.02121951 -0.03675328   -0.09278843 -0.05357143   -0.06155763 -0.03554032
 -0.06541211  0.11329709   -0.06155763 -0.03554032   -0.08730342 -0.05040465
    2    1
 -0.09445625  0.05453434    0.02121951  0.03675328   -0.06541211 -0.11329709
  0.02121951  0.03675328   -0.09278843  0.05357143   -0.06155763  0.03554032
 -0.06541211 -0.11329709   -0.06155763  0.03554032   -0.08730342  0.05040465
    2    2
  0.25424999 -0.00000000   -0.00000000  0.01295344    0.00000000 -0.00092701
  0.00000000 -0.01295344    0.28337267  0.00000000   -0.00700642 -0.00000000
  0.00000000  0.00092701   -0.00700642 -0.00000000    0.24042400  0.00000000

     Dynamical  Matrix in cartesian axes

     q = (   -0.666666667   0.333333333   1.000000000 ) 

    1    1
  0.24042400  0.00000000   -0.00700642  0.00000000    0.00000000 -0.00092701
 -0.00700642  0.00000000    0.28337267  0.00000000    0.00000000  0.01295344
  0.00000000  0.00092701    0.00000000 -0.01295344    0.25424999  0.00000000
    1    2
 -0.08730342 -0.05040465   -0.06155763 -0.03554032   -0.06541211  0.11329709
 -0.06155763 -0.03554032   -0.09278843 -0.05357143    0.02121951 -0.03675328
 -0.06541211  0.11329709    0.02121951 -0.03675328   -0.09445625 -0.05453434
    2    1
 -0.08730342  0.05040465   -0.06155763  0.03554032   -0.06541211 -0.11329709
 -0.06155763  0.03554032   -0.09278843  0.05357143    0.02121951  0.03675328
 -0.06541211 -0.11329709    0.02121951  0.03675328   -0.09445625  0.05453434
    2    2
  0.24042400  0.00000000   -0.00700642  0.00000000    0.00000000  0.00092701
 -0.00700642  0.00000000    0.28337267  0.00000000    0.00000000 -0.01295344
  0.00000000 -0.00092701    0.00000000  0.01295344    0.25424999  0.00000000

     Dynamical  Matrix in cartesian axes

     q = (   -0.333333333   1.000000000   0.666666667 ) 

    1    1
  0.28337267  0.00000000   -0.00000000 -0.01295344   -0.00700642  0.00000000
 -0.00000000  0.01295344    0.25424999 -0.00000000   -0.00000000 -0.00092701
 -0.00700642  0.00000000    0.00000000  0.00092701    0.24042400  0.00000000
    1    2
 -0.09278843  0.05357143    0.02121951  0.03675328   -0.06155763  0.03554032
  0.02121951  0.03675328   -0.09445625  0.05453434   -0.06541211 -0.11329709
 -0.06155763  0.03554032   -0.06541211 -0.11329709   -0.08730342  0.05040465
    2    1
 -0.09278843 -0.05357143    0.02121951 -0.03675328   -0.06155763 -0.03554032
  0.02121951 -0.03675328   -0.09445625 -0.05453434   -0.06541211  0.11329709
 -0.06155763 -0.03554032   -0.06541211  0.11329709   -0.08730342 -0.05040465
    2    2
  0.28337267  0.00000000    0.00000000  0.01295344   -0.00700642  0.00000000
 -0.00000000 -0.01295344    0.25424999  0.00000000   -0.00000000  0.00092701
 -0.00700642  0.00000000    0.00000000 -0.00092701    0.24042400  0.00000000

     Dynamical  Matrix in cartesian axes

     q = (    0.333333333   1.000000000  -0.666666667 ) 

    1    1
  0.28337267  0.00000000    0.00000000  0.01295344   -0.00700642  0.00000000
 -0.00000000 -0.01295344    0.25424999  0.00000000   -0.00000000  0.00092701
 -0.00700642  0.00000000    0.00000000 -0.00092701    0.24042400  0.00000000
    1    2
 -0.09278843 -0.05357143    0.02121951 -0.03675328   -0.06155763 -0.03554032
  0.02121951 -0.03675328   -0.09445625 -0.05453434   -0.06541211  0.11329709
 -0.06155763 -0.03554032   -0.06541211  0.11329709   -0.08730342 -0.05040465
    2    1
 -0.09278843  0.05357143    0.02121951  0.03675328   -0.06155763  0.03554032
  0.02121951  0.03675328   -0.09445625  0.05453434   -0.06541211 -0.11329709
 -0.06155763  0.03554032   -0.06541211 -0.11329709   -0.08730342  0.05040465
    2    2
  0.28337267  0.00000000   -0.00000000 -0.01295344   -0.00700642  0.00000000
 -0.00000000  0.01295344    0.25424999 -0.00000000   -0.00000000 -0.00092701
 -0.00700642  0.00000000    0.00000000  0.00092701    0.24042400  0.00000000

     Dynamical  Matrix in cartesian axes

     q = (   -0.333333333  -1.000000000  -0.666666667 ) 

    1    1
  0.28337267  0.00000000    0.00000000  0.01295344    0.00700642  0.00000000
  0.00000000 -0.01295344    0.25424999 -0.00000000   -0.00000000 -0.00092701
  0.00700642  0.00000000   -0.00000000  0.00092701    0.24042400  0.00000000
    1    2
  0.00000000  0.10714286   -0.04243903  0.00000000   -0.00000000 -0.07108063
 -0.04243903  0.00000000    0.00000000  0.10906869   -0.13082422  0.00000000
 -0.00000000 -0.07108063   -0.13082422  0.00000000    0.00000000  0.10080930
    2    1
  0.00000000 -0.10714286   -0.04243903 -0.00000000   -0.00000000  0.07108063
 -0.04243903 -0.00000000    0.00000000 -0.10906869   -0.13082422 -0.00000000
 -0.00000000  0.07108063   -0.13082422 -0.00000000    0.00000000 -0.10080930
    2    2
  0.28337267  0.00000000   -0.00000000 -0.01295344    0.00700642  0.00000000
 -0.00000000  0.01295344    0.25424999 -0.00000000    0.00000000  0.00092701
  0.00700642  0.00000000    0.00000000 -0.00092701    0.24042400  0.00000000

     Dynamical  Matrix in cartesian axes

     q = (    1.000000000  -0.666666667   0.333333333 ) 

    1    1
  0.25424999 -0.00000000    0.00000000  0.00092701    0.00000000 -0.01295344
  0.00000000 -0.00092701    0.24042400  0.00000000   -0.00700642 -0.00000000
  0.00000000  0.01295344   -0.00700642 -0.00000000    0.28337267  0.00000000
    1    2
 -0.09445625 -0.05453434   -0.06541211  0.11329709    0.02121951 -0.03675328
 -0.06541211  0.11329709   -0.08730342 -0.05040465   -0.06155763 -0.03554032
  0.02121951 -0.03675328   -0.06155763 -0.03554032   -0.09278843 -0.05357143
    2    1
 -0.09445625  0.05453434   -0.06541211 -0.11329709    0.02121951  0.03675328
 -0.06541211 -0.11329709   -0.08730342  0.05040465   -0.06155763  0.03554032
  0.02121951  0.03675328   -0.06155763  0.03554032   -0.09278843  0.05357143
    2    2
  0.25424999 -0.00000000    0.00000000 -0.00092701   -0.00000000  0.01295344
  0.00000000  0.00092701    0.24042400  0.00000000   -0.00700642 -0.00000000
 -0.00000000 -0.01295344   -0.00700642  0.00000000    0.28337267  0.00000000

     Dynamical  Matrix in cartesian axes

     q = (    1.000000000   0.666666667  -0.333333333 ) 

    1    1
  0.25424999 -0.00000000    0.00000000 -0.00092701   -0.00000000  0.01295344
  0.00000000  0.00092701    0.24042400  0.00000000   -0.00700642 -0.00000000
 -0.00000000 -0.01295344   -0.00700642  0.00000000    0.28337267  0.00000000
    1    2
 -0.09445625  0.05453434   -0.06541211 -0.11329709    0.02121951  0.03675328
 -0.06541211 -0.11329709   -0.08730342  0.05040465   -0.06155763  0.03554032
  0.02121951  0.03675328   -0.06155763  0.03554032   -0.09278843  0.05357143
    2    1
 -0.09445625 -0.05453434   -0.06541211  0.11329709    0.02121951 -0.03675328
 -0.06541211  0.11329709   -0.08730342 -0.05040465   -0.06155763 -0.03554032
  0.02121951 -0.03675328   -0.06155763 -0.03554032   -0.09278843 -0.05357143
    2    2
  0.25424999 -0.00000000    0.00000000  0.00092701    0.00000000 -0.01295344
  0.00000000 -0.00092701    0.24042400  0.00000000   -0.00700642 -0.00000000
  0.00000000  0.01295344   -0.00700642 -0.00000000    0.28337267  0.00000000

     Dynamical  Matrix in cartesian axes

     q = (   -0.333333333   0.666666667  -1.000000000 ) 

    1    1
  0.28337267  0.00000000   -0.00700642  0.00000000   -0.00000000 -0.01295344
 -0.00700642  0.00000000    0.24042400  0.00000000    0.00000000  0.00092701
 -0.00000000  0.01295344   -0.00000000 -0.00092701    0.25424999 -0.00000000
    1    2
 -0.09278843  0.05357143   -0.06155763  0.03554032    0.02121951  0.03675328
 -0.06155763  0.03554032   -0.08730342  0.05040465   -0.06541211 -0.11329709
  0.02121951  0.03675328   -0.06541211 -0.11329709   -0.09445625  0.05453434
    2    1
 -0.09278843 -0.05357143   -0.06155763 -0.03554032    0.02121951 -0.03675328
 -0.06155763 -0.03554032   -0.08730342 -0.05040465   -0.06541211  0.11329709
  0.02121951 -0.03675328   -0.06541211  0.11329709   -0.09445625 -0.05453434
    2    2
  0.28337267  0.00000000   -0.00700642  0.00000000    0.00000000  0.01295344
 -0.00700642  0.00000000    0.24042400  0.00000000    0.00000000 -0.00092701
 -0.00000000 -0.01295344   -0.00000000  0.00092701    0.25424999  0.00000000

     Dynamical  Matrix in cartesian axes

     q = (   -1.000000000  -0.666666667  -0.333333333 ) 

    1    1
  0.25424999  0.00000000    0.00000000 -0.00092701   -0.00000000 -0.01295344
  0.00000000  0.00092701    0.24042400  0.00000000    0.00700642 -0.00000000
 -0.00000000  0.01295344    0.00700642  0.00000000    0.28337267  0.00000000
    1    2
  0.00000000  0.10906869   -0.13082422  0.00000000   -0.04243903  0.00000000
 -0.13082422  0.00000000    0.00000000  0.10080930   -0.00000000 -0.07108063
 -0.04243903  0.00000000    0.00000000 -0.07108063    0.00000000  0.10714286
    2    1
  0.00000000 -0.10906869   -0.13082422 -0.00000000   -0.04243903 -0.00000000
 -0.13082422 -0.00000000    0.00000000 -0.10080930    0.00000000  0.07108063
 -0.04243903  0.00000000    0.00000000  0.07108063   -0.00000000 -0.10714286
    2    2
  0.25424999 -0.00000000    0.00000000  0.00092701   -0.00000000  0.01295344
  0.00000000 -0.00092701    0.24042400  0.00000000    0.00700642 -0.00000000
 -0.00000000 -0.01295344    0.00700642 -0.00000000    0.28337267  0.00000000

     Dynamical  Matrix in cartesian axes

     q = (   -1.000000000   0.666666667   0.333333333 ) 

    1    1
  0.25424999 -0.00000000    0.00000000  0.00092701   -0.00000000  0.01295344
  0.00000000 -0.00092701    0.24042400  0.00000000    0.00700642 -0.00000000
 -0.00000000 -0.01295344    0.00700642 -0.00000000    0.28337267  0.00000000
    1    2
 -0.00000000 -0.10906869   -0.13082422  0.00000000   -0.04243903  0.00000000
 -0.13082422  0.00000000    0.00000000 -0.10080930    0.00000000  0.07108063
 -0.04243903  0.00000000    0.00000000  0.07108063    0.00000000 -0.10714286
    2    1
 -0.00000000  0.10906869   -0.13082422 -0.00000000   -0.04243903 -0.00000000
 -0.13082422 -0.00000000    0.00000000  0.10080930    0.00000000 -0.07108063
 -0.04243903  0.00000000    0.00000000 -0.07108063   -0.00000000  0.10714286
    2    2
  0.25424999  0.00000000    0.00000000 -0.00092701   -0.00000000 -0.01295344
  0.00000000  0.00092701    0.24042400  0.00000000    0.00700642 -0.00000000
 -0.00000000  0.01295344    0.00700642  0.00000000    0.28337267  0.00000000

     Dynamical  Matrix in cartesian axes

     q = (    0.333333333  -0.666666667   1.000000000 ) 

    1    1
  0.28337267  0.00000000   -0.00700642  0.00000000    0.00000000  0.01295344
 -0.00700642  0.00000000    0.24042400  0.00000000    0.00000000 -0.00092701
 -0.00000000 -0.01295344   -0.00000000  0.00092701    0.25424999  0.00000000
    1    2
 -0.09278843 -0.05357143   -0.06155763 -0.03554032    0.02121951 -0.03675328
 -0.06155763 -0.03554032   -0.08730342 -0.05040465   -0.06541211  0.11329709
  0.02121951 -0.03675328   -0.06541211  0.11329709   -0.09445625 -0.05453434
    2    1
 -0.09278843  0.05357143   -0.06155763  0.03554032    0.02121951  0.03675328
 -0.06155763  0.03554032   -0.08730342  0.05040465   -0.06541211 -0.11329709
  0.02121951  0.03675328   -0.06541211 -0.11329709   -0.09445625  0.05453434
    2    2
  0.28337267  0.00000000   -0.00700642  0.00000000   -0.00000000 -0.01295344
 -0.00700642  0.00000000    0.24042400  0.00000000    0.00000000  0.00092701
 -0.00000000  0.01295344   -0.00000000 -0.00092701    0.25424999 -0.00000000

     Dynamical  Matrix in cartesian axes

     q = (    0.333333333  -1.000000000   0.666666667 ) 

    1    1
  0.28337267  0.00000000   -0.00000000 -0.01295344    0.00700642  0.00000000
 -0.00000000  0.01295344    0.25424999 -0.00000000    0.00000000  0.00092701
  0.00700642  0.00000000    0.00000000 -0.00092701    0.24042400  0.00000000
    1    2
 -0.00000000 -0.10714286   -0.04243903  0.00000000   -0.00000000  0.07108063
 -0.04243903  0.00000000    0.00000000 -0.10906869   -0.13082422  0.00000000
 -0.00000000  0.07108063   -0.13082422  0.00000000   -0.00000000 -0.10080930
    2    1
 -0.00000000  0.10714286   -0.04243903  0.00000000    0.00000000 -0.07108063
 -0.04243903  0.00000000   -0.00000000  0.10906869   -0.13082422  0.00000000
 -0.00000000 -0.07108063   -0.13082422 -0.00000000   -0.00000000  0.10080930
    2    2
  0.28337267  0.00000000    0.00000000  0.01295344    0.00700642  0.00000000
  0.00000000 -0.01295344    0.25424999 -0.00000000   -0.00000000 -0.00092701
  0.00700642  0.00000000   -0.00000000  0.00092701    0.24042400  0.00000000

     Dynamical  Matrix in cartesian axes

     q = (    0.666666667  -1.000000000   0.333333333 ) 

    1    1
  0.24042400  0.00000000    0.00000000 -0.00092701    0.00700642  0.00000000
  0.00000000  0.00092701    0.25424999 -0.00000000    0.00000000  0.01295344
  0.00700642  0.00000000    0.00000000 -0.01295344    0.28337267  0.00000000
    1    2
 -0.00000000 -0.10080930   -0.13082422  0.00000000    0.00000000  0.07108063
 -0.13082422  0.00000000   -0.00000000 -0.10906869   -0.04243903  0.00000000
  0.00000000  0.07108063   -0.04243903  0.00000000   -0.00000000 -0.10714286
    2    1
 -0.00000000  0.10080930   -0.13082422 -0.00000000    0.00000000 -0.07108063
 -0.13082422 -0.00000000   -0.00000000  0.10906869   -0.04243903  0.00000000
  0.00000000 -0.07108063   -0.04243903 -0.00000000   -0.00000000  0.10714286
    2    2
  0.24042400  0.00000000   -0.00000000  0.00092701    0.00700642  0.00000000
  0.00000000 -0.00092701    0.25424999 -0.00000000    0.00000000 -0.01295344
  0.00700642  0.00000000    0.00000000  0.01295344    0.28337267  0.00000000

     Dynamical  Matrix in cartesian axes

     q = (    0.333333333   0.666666667   1.000000000 ) 

    1    1
  0.28337267  0.00000000    0.00700642  0.00000000    0.00000000 -0.01295344
  0.00700642  0.00000000    0.24042400  0.00000000    0.00000000 -0.00092701
 -0.00000000  0.01295344   -0.00000000  0.00092701    0.25424999 -0.00000000
    1    2
  0.00000000 -0.10714286   -0.00000000  0.07108063   -0.04243903 -0.00000000
 -0.00000000  0.07108063    0.00000000 -0.10080930   -0.13082422 -0.00000000
 -0.04243903 -0.00000000   -0.13082422 -0.00000000    0.00000000 -0.10906869
    2    1
  0.00000000  0.10714286   -0.00000000 -0.07108063   -0.04243903  0.00000000
 -0.00000000 -0.07108063    0.00000000  0.10080930   -0.13082422  0.00000000
 -0.04243903  0.00000000   -0.13082422  0.00000000    0.00000000  0.10906869
    2    2
  0.28337267  0.00000000    0.00700642  0.00000000    0.00000000  0.01295344
  0.00700642  0.00000000    0.24042400  0.00000000   -0.00000000  0.00092701
  0.00000000 -0.01295344   -0.00000000 -0.00092701    0.25424999  0.00000000

     Dynamical  Matrix in cartesian axes

     q = (   -0.333333333  -0.666666667  -1.000000000 ) 

    1    1
  0.28337267  0.00000000    0.00700642  0.00000000    0.00000000  0.01295344
  0.00700642  0.00000000    0.24042400  0.00000000   -0.00000000  0.00092701
  0.00000000 -0.01295344   -0.00000000 -0.00092701    0.25424999  0.00000000
    1    2
  0.00000000  0.10714286   -0.00000000 -0.07108063   -0.04243903  0.00000000
 -0.00000000 -0.07108063    0.00000000  0.10080930   -0.13082422  0.00000000
 -0.04243903  0.00000000   -0.13082422  0.00000000    0.00000000  0.10906869
    2    1
  0.00000000 -0.10714286   -0.00000000  0.07108063   -0.04243903 -0.00000000
 -0.00000000  0.07108063    0.00000000 -0.10080930   -0.13082422 -0.00000000
 -0.04243903 -0.00000000   -0.13082422 -0.00000000    0.00000000 -0.10906869
    2    2
  0.28337267  0.00000000    0.00700642  0.00000000    0.00000000 -0.01295344
  0.00700642  0.00000000    0.24042400  0.00000000    0.00000000 -0.00092701
 -0.00000000  0.01295344   -0.00000000  0.00092701    0.25424999 -0.00000000

     Dynamical  Matrix in cartesian axes

     q = (   -0.666666667  -1.000000000   0.333333333 ) 

    1    1
  0.24042400  0.00000000    0.00000000 -0.00092701   -0.00700642  0.00000000
  0.00000000  0.00092701    0.25424999 -0.00000000    0.00000000 -0.01295344
 -0.00700642  0.00000000    0.00000000  0.01295344    0.28337267  0.00000000
    1    2
 -0.08730342 -0.05040465   -0.06541211  0.11329709   -0.06155763 -0.03554032
 -0.06541211  0.11329709   -0.09445625 -0.05453434    0.02121951 -0.03675328
 -0.06155763 -0.03554032    0.02121951 -0.03675328   -0.09278843 -0.05357143
    2    1
 -0.08730342  0.05040465   -0.06541211 -0.11329709   -0.06155763  0.03554032
 -0.06541211 -0.11329709   -0.09445625  0.05453434    0.02121951  0.03675328
 -0.06155763  0.03554032    0.02121951  0.03675328   -0.09278843  0.05357143
    2    2
  0.24042400  0.00000000    0.00000000  0.00092701   -0.00700642  0.00000000
  0.00000000 -0.00092701    0.25424999  0.00000000    0.00000000  0.01295344
 -0.00700642  0.00000000   -0.00000000 -0.01295344    0.28337267  0.00000000

     Dynamical  Matrix in cartesian axes

     q = (    0.666666667   1.000000000  -0.333333333 ) 

    1    1
  0.24042400  0.00000000    0.00000000  0.00092701   -0.00700642  0.00000000
  0.00000000 -0.00092701    0.25424999  0.00000000    0.00000000  0.01295344
 -0.00700642  0.00000000   -0.00000000 -0.01295344    0.28337267  0.00000000
    1    2
 -0.08730342  0.05040465   -0.06541211 -0.11329709   -0.06155763  0.03554032
 -0.06541211 -0.11329709   -0.09445625  0.05453434    0.02121951  0.03675328
 -0.06155763  0.03554032    0.02121951  0.03675328   -0.09278843  0.05357143
    2    1
 -0.08730342 -0.05040465   -0.06541211  0.11329709   -0.06155763 -0.03554032
 -0.06541211  0.11329709   -0.09445625 -0.05453434    0.02121951 -0.03675328
 -0.06155763 -0.03554032    0.02121951 -0.03675328   -0.09278843 -0.05357143
    2    2
  0.24042400  0.00000000    0.00000000 -0.00092701   -0.00700642  0.00000000
  0.00000000  0.00092701    0.25424999 -0.00000000    0.00000000 -0.01295344
 -0.00700642  0.00000000    0.00000000  0.01295344    0.28337267  0.00000000

     Dynamical  Matrix in cartesian axes

     q = (   -0.666666667  -1.000000000  -0.333333333 ) 

    1    1
  0.24042400  0.00000000   -0.00000000  0.00092701    0.00700642  0.00000000
  0.00000000 -0.00092701    0.25424999 -0.00000000    0.00000000 -0.01295344
  0.00700642  0.00000000    0.00000000  0.01295344    0.28337267  0.00000000
    1    2
  0.00000000  0.10080930   -0.13082422  0.00000000   -0.00000000 -0.07108063
 -0.13082422  0.00000000    0.00000000  0.10906869   -0.04243903  0.00000000
 -0.00000000 -0.07108063   -0.04243903  0.00000000    0.00000000  0.10714286
    2    1
  0.00000000 -0.10080930   -0.13082422 -0.00000000   -0.00000000  0.07108063
 -0.13082422 -0.00000000    0.00000000 -0.10906869   -0.04243903 -0.00000000
 -0.00000000  0.07108063   -0.04243903 -0.00000000    0.00000000 -0.10714286
    2    2
  0.24042400  0.00000000    0.00000000 -0.00092701    0.00700642  0.00000000
  0.00000000  0.00092701    0.25424999 -0.00000000    0.00000000  0.01295344
  0.00700642  0.00000000    0.00000000 -0.01295344    0.28337267  0.00000000

     Diagonalizing the dynamical matrix

     q = (    0.666666667  -0.333333333   1.000000000 ) 

 **************************************************************************
     freq (    1) =       4.876953 [THz] =     162.677625 [cm-1]
 ( -0.303223 -0.525198 -0.149762 -0.259395  0.178553 -0.103088 ) 
 (  0.000000 -0.606447  0.000000 -0.299524 -0.206175  0.000000 ) 
     freq (    2) =       5.473032 [THz] =     182.560686 [cm-1]
 ( -0.162441 -0.281356  0.060974  0.105610 -0.533559  0.308050 ) 
 ( -0.000000  0.324882 -0.000000 -0.121947 -0.616101  0.000000 ) 
     freq (    3) =       8.548482 [THz] =     285.146652 [cm-1]
 ( -0.096802 -0.167667  0.302674  0.524246  0.268429 -0.154977 ) 
 (  0.000000 -0.193605  0.000000  0.605347 -0.309955  0.000000 ) 
     freq (    4) =      12.326553 [THz] =     411.169534 [cm-1]
 (  0.193393  0.334966 -0.253827 -0.439641 -0.263654  0.152221 ) 
 (  0.000000 -0.386786 -0.000000  0.507653 -0.304442  0.000000 ) 
     freq (    5) =      13.742776 [THz] =     458.409671 [cm-1]
 (  0.247411  0.428528  0.238441  0.412992 -0.144226  0.083269 ) 
 ( -0.000000 -0.494821 -0.000000 -0.476883 -0.166538  0.000000 ) 
     freq (    6) =      13.794410 [THz] =     460.131992 [cm-1]
 (  0.153899  0.266561 -0.104690 -0.181329  0.520639 -0.300591 ) 
 (  0.000000  0.307798  0.000000 -0.209381 -0.601182  0.000000 ) 
 **************************************************************************
