Dynamical matrix file
                                                                           
  1    2  2 10.3880000  0.0000000  0.0000000  0.0000000  0.0000000  0.0000000
           1  'Si  '    25598.8229845270     
    1    1      0.0000000000      0.0000000000      0.0000000000
    2    1      0.2500000000      0.2500000000      0.2500000000

     Dynamical  Matrix in cartesian axes

     q = (    0.500000000  -0.166666667   0.833333333 ) 

    1    1
  0.23111917  0.00000000   -0.00482608  0.00093522    0.00482608  0.00093522
 -0.00482608 -0.00093522    0.25960022  0.00000000   -0.00354242 -0.01429672
  0.00482608 -0.00093522   -0.00354242  0.01429672    0.25960022  0.00000000
    1    2
 -0.02834589  0.04909652   -0.10076764  0.03716543   -0.01819761 -0.10585005
 -0.10076764  0.03716543   -0.02830735  0.05760182   -0.02086906  0.03614628
 -0.01819761 -0.10585005   -0.02086906  0.03614628   -0.03573096  0.05331580
    2    1
 -0.02834589 -0.04909652   -0.10076764 -0.03716543   -0.01819761  0.10585005
 -0.10076764 -0.03716543   -0.02830735 -0.05760182   -0.02086906 -0.03614628
 -0.01819761  0.10585005   -0.02086906 -0.03614628   -0.03573096 -0.05331580
    2    2
  0.23111917  0.00000000   -0.00482608 -0.00093522    0.00482608 -0.00093522
 -0.00482608  0.00093522    0.25960022  0.00000000   -0.00354242  0.01429672
  0.00482608  0.00093522   -0.00354242 -0.01429672    0.25960022  0.00000000

     Dynamical  Matrix in cartesian axes

     q = (    0.833333333   0.166666667   0.500000000 ) 

    1    1
  0.25960022  0.00000000    0.00354242  0.01429672    0.00482608  0.00093522
  0.00354242 -0.01429672    0.25960022  0.00000000    0.00482608 -0.00093522
  0.00482608 -0.00093522    0.00482608  0.00093522    0.23111917  0.00000000
    1    2
  0.06403832 -0.00428602   -0.04173813  0.00000000   -0.08257003 -0.06868462
 -0.04173813  0.00000000    0.06403832  0.00428602   -0.08257003  0.06868462
 -0.08257003 -0.06868462   -0.08257003  0.06868462    0.05669177 -0.00000000
    2    1
  0.06403832  0.00428602   -0.04173813 -0.00000000   -0.08257003  0.06868462
 -0.04173813 -0.00000000    0.06403832 -0.00428602   -0.08257003 -0.06868462
 -0.08257003  0.06868462   -0.08257003 -0.06868462    0.05669177  0.00000000
    2    2
  0.25960022  0.00000000    0.00354242 -0.01429672    0.00482608 -0.00093522
  0.00354242  0.01429672    0.25960022 -0.00000000    0.00482608  0.00093522
  0.00482608  0.00093522    0.00482608 -0.00093522    0.23111917  0.00000000

     Dynamical  Matrix in cartesian axes

     q = (    0.500000000   0.166666667   0.833333333 ) 

    1    1
  0.23111917  0.00000000    0.00482608  0.00093522    0.00482608 -0.00093522
  0.00482608 -0.00093522    0.25960022 -0.00000000    0.00354242 -0.01429672
  0.00482608  0.00093522    0.00354242  0.01429672    0.25960022 -0.00000000
    1    2
  0.05669177  0.00000000   -0.08257003  0.06868462   -0.08257003 -0.06868462
 -0.08257003  0.06868462    0.06403832  0.00428602   -0.04173813 -0.00000000
 -0.08257003 -0.06868462   -0.04173813 -0.00000000    0.06403832 -0.00428602
    2    1
  0.05669177 -0.00000000   -0.08257003 -0.06868462   -0.08257003  0.06868462
 -0.08257003 -0.06868462    0.06403832 -0.00428602   -0.04173813  0.00000000
 -0.08257003  0.06868462   -0.04173813  0.00000000    0.06403832  0.00428602
    2    2
  0.23111917  0.00000000    0.00482608 -0.00093522    0.00482608  0.00093522
  0.00482608  0.00093522    0.25960022  0.00000000    0.00354242  0.01429672
  0.00482608 -0.00093522    0.00354242 -0.01429672    0.25960022  0.00000000

     Dynamical  Matrix in cartesian axes

     q = (   -0.833333333  -0.166666667   0.500000000 ) 

    1    1
  0.25960022  0.00000000    0.00354242  0.01429672   -0.00482608 -0.00093522
  0.00354242 -0.01429672    0.25960022  0.00000000   -0.00482608  0.00093522
 -0.00482608  0.00093522   -0.00482608 -0.00093522    0.23111917  0.00000000
    1    2
 -0.06403832  0.00428602    0.04173813  0.00000000   -0.08257003 -0.06868462
  0.04173813  0.00000000   -0.06403832 -0.00428602   -0.08257003  0.06868462
 -0.08257003 -0.06868462   -0.08257003  0.06868462   -0.05669177 -0.00000000
    2    1
 -0.06403832 -0.00428602    0.04173813 -0.00000000   -0.08257003  0.06868462
  0.04173813 -0.00000000   -0.06403832  0.00428602   -0.08257003 -0.06868462
 -0.08257003  0.06868462   -0.08257003 -0.06868462   -0.05669177  0.00000000
    2    2
  0.25960022  0.00000000    0.00354242 -0.01429672   -0.00482608  0.00093522
  0.00354242  0.01429672    0.25960022  0.00000000   -0.00482608 -0.00093522
 -0.00482608 -0.00093522   -0.00482608  0.00093522    0.23111917  0.00000000

     Dynamical  Matrix in cartesian axes

     q = (   -0.833333333  -0.166666667  -0.500000000 ) 

    1    1
  0.25960022  0.00000000    0.00354242 -0.01429672    0.00482608 -0.00093522
  0.00354242  0.01429672    0.25960022 -0.00000000    0.00482608  0.00093522
  0.00482608  0.00093522    0.00482608 -0.00093522    0.23111917  0.00000000
    1    2
  0.06403832  0.00428602   -0.04173813 -0.00000000   -0.08257003  0.06868462
 -0.04173813 -0.00000000    0.06403832 -0.00428602   -0.08257003 -0.06868462
 -0.08257003  0.06868462   -0.08257003 -0.06868462    0.05669177  0.00000000
    2    1
  0.06403832 -0.00428602   -0.04173813  0.00000000   -0.08257003 -0.06868462
 -0.04173813  0.00000000    0.06403832  0.00428602   -0.08257003  0.06868462
 -0.08257003 -0.06868462   -0.08257003  0.06868462    0.05669177 -0.00000000
    2    2
  0.25960022  0.00000000    0.00354242  0.01429672    0.00482608  0.00093522
  0.00354242 -0.01429672    0.25960022  0.00000000    0.00482608 -0.00093522
  0.00482608 -0.00093522    0.00482608  0.00093522    0.23111917  0.00000000

     Dynamical  Matrix in cartesian axes

     q = (   -0.500000000  -0.166666667  -0.833333333 ) 

    1    1
  0.23111917  0.00000000    0.00482608 -0.00093522    0.00482608  0.00093522
  0.00482608  0.00093522    0.25960022  0.00000000    0.00354242  0.01429672
  0.00482608 -0.00093522    0.00354242 -0.01429672    0.25960022  0.00000000
    1    2
  0.05669177 -0.00000000   -0.08257003 -0.06868462   -0.08257003  0.06868462
 -0.08257003 -0.06868462    0.06403832 -0.00428602   -0.04173813  0.00000000
 -0.08257003  0.06868462   -0.04173813  0.00000000    0.06403832  0.00428602
    2    1
  0.05669177  0.00000000   -0.08257003  0.06868462   -0.08257003 -0.06868462
 -0.08257003  0.06868462    0.06403832  0.00428602   -0.04173813 -0.00000000
 -0.08257003 -0.06868462   -0.04173813 -0.00000000    0.06403832 -0.00428602
    2    2
  0.23111917  0.00000000    0.00482608  0.00093522    0.00482608 -0.00093522
  0.00482608 -0.00093522    0.25960022 -0.00000000    0.00354242 -0.01429672
  0.00482608  0.00093522    0.00354242  0.01429672    0.25960022 -0.00000000

     Dynamical  Matrix in cartesian axes

     q = (    0.833333333  -0.166666667   0.500000000 ) 

    1    1
  0.25960022  0.00000000   -0.00354242  0.01429672    0.00482608 -0.00093522
 -0.00354242 -0.01429672    0.25960022  0.00000000   -0.00482608 -0.00093522
  0.00482608  0.00093522   -0.00482608  0.00093522    0.23111917  0.00000000
    1    2
 -0.03573096  0.05331580   -0.02086906  0.03614628   -0.01819761 -0.10585005
 -0.02086906  0.03614628   -0.02830735  0.05760182   -0.10076764  0.03716543
 -0.01819761 -0.10585005   -0.10076764  0.03716543   -0.02834589  0.04909652
    2    1
 -0.03573096 -0.05331580   -0.02086906 -0.03614628   -0.01819761  0.10585005
 -0.02086906 -0.03614628   -0.02830735 -0.05760182   -0.10076764 -0.03716543
 -0.01819761  0.10585005   -0.10076764 -0.03716543   -0.02834589 -0.04909652
    2    2
  0.25960022  0.00000000   -0.00354242 -0.01429672    0.00482608  0.00093522
 -0.00354242  0.01429672    0.25960022 -0.00000000   -0.00482608  0.00093522
  0.00482608 -0.00093522   -0.00482608 -0.00093522    0.23111917  0.00000000

     Dynamical  Matrix in cartesian axes

     q = (   -0.500000000  -0.166666667   0.833333333 ) 

    1    1
  0.23111917  0.00000000    0.00482608  0.00093522   -0.00482608  0.00093522
  0.00482608 -0.00093522    0.25960022 -0.00000000   -0.00354242  0.01429672
 -0.00482608 -0.00093522   -0.00354242 -0.01429672    0.25960022  0.00000000
    1    2
 -0.02834589  0.04909652   -0.01819761 -0.10585005   -0.10076764  0.03716543
 -0.01819761 -0.10585005   -0.03573096  0.05331580   -0.02086906  0.03614628
 -0.10076764  0.03716543   -0.02086906  0.03614628   -0.02830735  0.05760182
    2    1
 -0.02834589 -0.04909652   -0.01819761  0.10585005   -0.10076764 -0.03716543
 -0.01819761  0.10585005   -0.03573096 -0.05331580   -0.02086906 -0.03614628
 -0.10076764 -0.03716543   -0.02086906 -0.03614628   -0.02830735 -0.05760182
    2    2
  0.23111917  0.00000000    0.00482608 -0.00093522   -0.00482608 -0.00093522
  0.00482608  0.00093522    0.25960022  0.00000000   -0.00354242 -0.01429672
 -0.00482608  0.00093522   -0.00354242  0.01429672    0.25960022 -0.00000000

     Dynamical  Matrix in cartesian axes

     q = (   -0.833333333   0.166666667   0.500000000 ) 

    1    1
  0.25960022  0.00000000   -0.00354242  0.01429672   -0.00482608  0.00093522
 -0.00354242 -0.01429672    0.25960022 -0.00000000    0.00482608  0.00093522
 -0.00482608 -0.00093522    0.00482608 -0.00093522    0.23111917  0.00000000
    1    2
 -0.02830735 -0.05760182   -0.02086906 -0.03614628   -0.10076764 -0.03716543
 -0.02086906 -0.03614628   -0.03573096 -0.05331580   -0.01819761  0.10585005
 -0.10076764 -0.03716543   -0.01819761  0.10585005   -0.02834589 -0.04909652
    2    1
 -0.02830735  0.05760182   -0.02086906  0.03614628   -0.10076764  0.03716543
 -0.02086906  0.03614628   -0.03573096  0.05331580   -0.01819761 -0.10585005
 -0.10076764  0.03716543   -0.01819761 -0.10585005   -0.02834589  0.04909652
    2    2
  0.25960022  0.00000000   -0.00354242 -0.01429672   -0.00482608 -0.00093522
 -0.00354242  0.01429672    0.25960022  0.00000000    0.00482608 -0.00093522
 -0.00482608  0.00093522    0.00482608  0.00093522    0.23111917  0.00000000

     Dynamical  Matrix in cartesian axes

     q = (    0.833333333   0.166666667  -0.500000000 ) 

    1    1
  0.25960022  0.00000000    0.00354242 -0.01429672   -0.00482608  0.00093522
  0.00354242  0.01429672    0.25960022  0.00000000   -0.00482608 -0.00093522
 -0.00482608 -0.00093522   -0.00482608  0.00093522    0.23111917  0.00000000
    1    2
 -0.06403832 -0.00428602    0.04173813 -0.00000000   -0.08257003  0.06868462
  0.04173813 -0.00000000   -0.06403832  0.00428602   -0.08257003 -0.06868462
 -0.08257003  0.06868462   -0.08257003 -0.06868462   -0.05669177  0.00000000
    2    1
 -0.06403832  0.00428602    0.04173813  0.00000000   -0.08257003 -0.06868462
  0.04173813  0.00000000   -0.06403832 -0.00428602   -0.08257003  0.06868462
 -0.08257003 -0.06868462   -0.08257003  0.06868462   -0.05669177 -0.00000000
    2    2
  0.25960022  0.00000000    0.00354242  0.01429672   -0.00482608 -0.00093522
  0.00354242 -0.01429672    0.25960022  0.00000000   -0.00482608  0.00093522
 -0.00482608  0.00093522   -0.00482608 -0.00093522    0.23111917  0.00000000

     Dynamical  Matrix in cartesian axes

     q = (    0.833333333  -0.166666667  -0.500000000 ) 

    1    1
  0.25960022  0.00000000   -0.00354242 -0.01429672   -0.00482608 -0.00093522
 -0.00354242  0.01429672    0.25960022  0.00000000    0.00482608 -0.00093522
 -0.00482608  0.00093522    0.00482608  0.00093522    0.23111917  0.00000000
    1    2
 -0.02830735  0.05760182   -0.02086906  0.03614628   -0.10076764  0.03716543
 -0.02086906  0.03614628   -0.03573096  0.05331580   -0.01819761 -0.10585005
 -0.10076764  0.03716543   -0.01819761 -0.10585005   -0.02834589  0.04909652
    2    1
 -0.02830735 -0.05760182   -0.02086906 -0.03614628   -0.10076764 -0.03716543
 -0.02086906 -0.03614628   -0.03573096 -0.05331580   -0.01819761  0.10585005
 -0.10076764 -0.03716543   -0.01819761  0.10585005   -0.02834589 -0.04909652
    2    2
  0.25960022  0.00000000   -0.00354242  0.01429672   -0.00482608  0.00093522
 -0.00354242 -0.01429672    0.25960022 -0.00000000    0.00482608  0.00093522
 -0.00482608 -0.00093522    0.00482608 -0.00093522    0.23111917  0.00000000

     Dynamical  Matrix in cartesian axes

     q = (    0.500000000   0.166666667  -0.833333333 ) 

    1    1
  0.23111917  0.00000000    0.00482608 -0.00093522   -0.00482608 -0.00093522
  0.00482608  0.00093522    0.25960022  0.00000000   -0.00354242 -0.01429672
 -0.00482608  0.00093522   -0.00354242  0.01429672    0.25960022 -0.00000000
    1    2
 -0.02834589 -0.04909652   -0.01819761  0.10585005   -0.10076764 -0.03716543
 -0.01819761  0.10585005   -0.03573096 -0.05331580   -0.02086906 -0.03614628
 -0.10076764 -0.03716543   -0.02086906 -0.03614628   -0.02830735 -0.05760182
    2    1
 -0.02834589  0.04909652   -0.01819761 -0.10585005   -0.10076764  0.03716543
 -0.01819761 -0.10585005   -0.03573096  0.05331580   -0.02086906  0.03614628
 -0.10076764  0.03716543   -0.02086906  0.03614628   -0.02830735  0.05760182
    2    2
  0.23111917  0.00000000    0.00482608  0.00093522   -0.00482608  0.00093522
  0.00482608 -0.00093522    0.25960022 -0.00000000   -0.00354242  0.01429672
 -0.00482608 -0.00093522   -0.00354242 -0.01429672    0.25960022  0.00000000

     Dynamical  Matrix in cartesian axes

     q = (   -0.500000000   0.166666667   0.833333333 ) 

    1    1
  0.23111917  0.00000000   -0.00482608  0.00093522   -0.00482608 -0.00093522
 -0.00482608 -0.00093522    0.25960022  0.00000000    0.00354242  0.01429672
 -0.00482608  0.00093522    0.00354242 -0.01429672    0.25960022 -0.00000000
    1    2
 -0.05669177 -0.00000000   -0.08257003 -0.06868462   -0.08257003  0.06868462
 -0.08257003 -0.06868462   -0.06403832  0.00428602    0.04173813  0.00000000
 -0.08257003  0.06868462    0.04173813  0.00000000   -0.06403832 -0.00428602
    2    1
 -0.05669177  0.00000000   -0.08257003  0.06868462   -0.08257003 -0.06868462
 -0.08257003  0.06868462   -0.06403832 -0.00428602    0.04173813  0.00000000
 -0.08257003 -0.06868462    0.04173813  0.00000000   -0.06403832  0.00428602
    2    2
  0.23111917  0.00000000   -0.00482608 -0.00093522   -0.00482608  0.00093522
 -0.00482608  0.00093522    0.25960022  0.00000000    0.00354242 -0.01429672
 -0.00482608 -0.00093522    0.00354242  0.01429672    0.25960022  0.00000000

     Dynamical  Matrix in cartesian axes

     q = (   -0.500000000   0.166666667  -0.833333333 ) 

    1    1
  0.23111917  0.00000000   -0.00482608 -0.00093522    0.00482608 -0.00093522
 -0.00482608  0.00093522    0.25960022  0.00000000   -0.00354242  0.01429672
  0.00482608  0.00093522   -0.00354242 -0.01429672    0.25960022  0.00000000
    1    2
 -0.02834589 -0.04909652   -0.10076764 -0.03716543   -0.01819761  0.10585005
 -0.10076764 -0.03716543   -0.02830735 -0.05760182   -0.02086906 -0.03614628
 -0.01819761  0.10585005   -0.02086906 -0.03614628   -0.03573096 -0.05331580
    2    1
 -0.02834589  0.04909652   -0.10076764  0.03716543   -0.01819761 -0.10585005
 -0.10076764  0.03716543   -0.02830735  0.05760182   -0.02086906  0.03614628
 -0.01819761 -0.10585005   -0.02086906  0.03614628   -0.03573096  0.05331580
    2    2
  0.23111917  0.00000000   -0.00482608  0.00093522    0.00482608  0.00093522
 -0.00482608 -0.00093522    0.25960022  0.00000000   -0.00354242 -0.01429672
  0.00482608 -0.00093522   -0.00354242  0.01429672    0.25960022  0.00000000

     Dynamical  Matrix in cartesian axes

     q = (   -0.833333333   0.166666667  -0.500000000 ) 

    1    1
  0.25960022  0.00000000   -0.00354242 -0.01429672    0.00482608  0.00093522
 -0.00354242  0.01429672    0.25960022 -0.00000000   -0.00482608  0.00093522
  0.00482608 -0.00093522   -0.00482608 -0.00093522    0.23111917  0.00000000
    1    2
 -0.03573096 -0.05331580   -0.02086906 -0.03614628   -0.01819761  0.10585005
 -0.02086906 -0.03614628   -0.02830735 -0.05760182   -0.10076764 -0.03716543
 -0.01819761  0.10585005   -0.10076764 -0.03716543   -0.02834589 -0.04909652
    2    1
 -0.03573096  0.05331580   -0.02086906  0.03614628   -0.01819761 -0.10585005
 -0.02086906  0.03614628   -0.02830735  0.05760182   -0.10076764  0.03716543
 -0.01819761 -0.10585005   -0.10076764  0.03716543   -0.02834589  0.04909652
    2    2
  0.25960022  0.00000000   -0.00354242  0.01429672    0.00482608 -0.00093522
 -0.00354242 -0.01429672    0.25960022  0.00000000   -0.00482608 -0.00093522
  0.00482608  0.00093522   -0.00482608  0.00093522    0.23111917  0.00000000

     Dynamical  Matrix in cartesian axes

     q = (    0.833333333  -0.500000000   0.166666667 ) 

    1    1
  0.25960022  0.00000000   -0.00482608  0.00093522    0.00354242 -0.01429672
 -0.00482608 -0.00093522    0.23111917  0.00000000   -0.00482608  0.00093522
  0.00354242  0.01429672   -0.00482608 -0.00093522    0.25960022 -0.00000000
    1    2
 -0.06403832 -0.00428602   -0.08257003  0.06868462    0.04173813 -0.00000000
 -0.08257003  0.06868462   -0.05669177  0.00000000   -0.08257003 -0.06868462
  0.04173813 -0.00000000   -0.08257003 -0.06868462   -0.06403832  0.00428602
    2    1
 -0.06403832  0.00428602   -0.08257003 -0.06868462    0.04173813  0.00000000
 -0.08257003 -0.06868462   -0.05669177 -0.00000000   -0.08257003  0.06868462
  0.04173813  0.00000000   -0.08257003  0.06868462   -0.06403832 -0.00428602
    2    2
  0.25960022  0.00000000   -0.00482608 -0.00093522    0.00354242  0.01429672
 -0.00482608  0.00093522    0.23111917  0.00000000   -0.00482608 -0.00093522
  0.00354242 -0.01429672   -0.00482608  0.00093522    0.25960022  0.00000000

     Dynamical  Matrix in cartesian axes

     q = (    0.833333333   0.500000000  -0.166666667 ) 

    1    1
  0.25960022  0.00000000    0.00482608 -0.00093522   -0.00354242  0.01429672
  0.00482608  0.00093522    0.23111917  0.00000000   -0.00482608  0.00093522
 -0.00354242 -0.01429672   -0.00482608 -0.00093522    0.25960022 -0.00000000
    1    2
 -0.03573096  0.05331580   -0.01819761 -0.10585005   -0.02086906  0.03614628
 -0.01819761 -0.10585005   -0.02834589  0.04909652   -0.10076764  0.03716543
 -0.02086906  0.03614628   -0.10076764  0.03716543   -0.02830735  0.05760182
    2    1
 -0.03573096 -0.05331580   -0.01819761  0.10585005   -0.02086906 -0.03614628
 -0.01819761  0.10585005   -0.02834589 -0.04909652   -0.10076764 -0.03716543
 -0.02086906 -0.03614628   -0.10076764 -0.03716543   -0.02830735 -0.05760182
    2    2
  0.25960022  0.00000000    0.00482608  0.00093522   -0.00354242 -0.01429672
  0.00482608 -0.00093522    0.23111917  0.00000000   -0.00482608 -0.00093522
 -0.00354242  0.01429672   -0.00482608  0.00093522    0.25960022  0.00000000

     Dynamical  Matrix in cartesian axes

     q = (   -0.833333333  -0.500000000  -0.166666667 ) 

    1    1
  0.25960022  0.00000000    0.00482608 -0.00093522    0.00354242 -0.01429672
  0.00482608  0.00093522    0.23111917  0.00000000    0.00482608 -0.00093522
  0.00354242  0.01429672    0.00482608  0.00093522    0.25960022  0.00000000
    1    2
  0.06403832  0.00428602   -0.08257003  0.06868462   -0.04173813 -0.00000000
 -0.08257003  0.06868462    0.05669177 -0.00000000   -0.08257003 -0.06868462
 -0.04173813  0.00000000   -0.08257003 -0.06868462    0.06403832 -0.00428602
    2    1
  0.06403832 -0.00428602   -0.08257003 -0.06868462   -0.04173813  0.00000000
 -0.08257003 -0.06868462    0.05669177  0.00000000   -0.08257003  0.06868462
 -0.04173813  0.00000000   -0.08257003  0.06868462    0.06403832  0.00428602
    2    2
  0.25960022  0.00000000    0.00482608  0.00093522    0.00354242  0.01429672
  0.00482608 -0.00093522    0.23111917  0.00000000    0.00482608  0.00093522
  0.00354242 -0.01429672    0.00482608 -0.00093522    0.25960022 -0.00000000

     Dynamical  Matrix in cartesian axes

     q = (   -0.833333333   0.500000000   0.166666667 ) 

    1    1
  0.25960022  0.00000000   -0.00482608  0.00093522   -0.00354242  0.01429672
 -0.00482608 -0.00093522    0.23111917  0.00000000    0.00482608 -0.00093522
 -0.00354242 -0.01429672    0.00482608  0.00093522    0.25960022  0.00000000
    1    2
 -0.02830735 -0.05760182   -0.10076764 -0.03716543   -0.02086906 -0.03614628
 -0.10076764 -0.03716543   -0.02834589 -0.04909652   -0.01819761  0.10585005
 -0.02086906 -0.03614628   -0.01819761  0.10585005   -0.03573096 -0.05331580
    2    1
 -0.02830735  0.05760182   -0.10076764  0.03716543   -0.02086906  0.03614628
 -0.10076764  0.03716543   -0.02834589  0.04909652   -0.01819761 -0.10585005
 -0.02086906  0.03614628   -0.01819761 -0.10585005   -0.03573096  0.05331580
    2    2
  0.25960022  0.00000000   -0.00482608 -0.00093522   -0.00354242 -0.01429672
 -0.00482608  0.00093522    0.23111917  0.00000000    0.00482608  0.00093522
 -0.00354242  0.01429672    0.00482608 -0.00093522    0.25960022  0.00000000

     Dynamical  Matrix in cartesian axes

     q = (    0.166666667  -0.500000000   0.833333333 ) 

    1    1
  0.25960022  0.00000000   -0.00482608 -0.00093522    0.00354242  0.01429672
 -0.00482608  0.00093522    0.23111917  0.00000000   -0.00482608 -0.00093522
  0.00354242 -0.01429672   -0.00482608  0.00093522    0.25960022  0.00000000
    1    2
 -0.06403832  0.00428602   -0.08257003 -0.06868462    0.04173813 -0.00000000
 -0.08257003 -0.06868462   -0.05669177  0.00000000   -0.08257003  0.06868462
  0.04173813  0.00000000   -0.08257003  0.06868462   -0.06403832 -0.00428602
    2    1
 -0.06403832 -0.00428602   -0.08257003  0.06868462    0.04173813  0.00000000
 -0.08257003  0.06868462   -0.05669177  0.00000000   -0.08257003 -0.06868462
  0.04173813 -0.00000000   -0.08257003 -0.06868462   -0.06403832  0.00428602
    2    2
  0.25960022  0.00000000   -0.00482608  0.00093522    0.00354242 -0.01429672
 -0.00482608 -0.00093522    0.23111917  0.00000000   -0.00482608  0.00093522
  0.00354242  0.01429672   -0.00482608 -0.00093522    0.25960022 -0.00000000

     Dynamical  Matrix in cartesian axes

     q = (   -0.166666667   0.500000000   0.833333333 ) 

    1    1
  0.25960022  0.00000000   -0.00482608 -0.00093522   -0.00354242 -0.01429672
 -0.00482608  0.00093522    0.23111917  0.00000000    0.00482608  0.00093522
 -0.00354242  0.01429672    0.00482608 -0.00093522    0.25960022  0.00000000
    1    2
 -0.02830735  0.05760182   -0.10076764  0.03716543   -0.02086906  0.03614628
 -0.10076764  0.03716543   -0.02834589  0.04909652   -0.01819761 -0.10585005
 -0.02086906  0.03614628   -0.01819761 -0.10585005   -0.03573096  0.05331580
    2    1
 -0.02830735 -0.05760182   -0.10076764 -0.03716543   -0.02086906 -0.03614628
 -0.10076764 -0.03716543   -0.02834589 -0.04909652   -0.01819761  0.10585005
 -0.02086906 -0.03614628   -0.01819761  0.10585005   -0.03573096 -0.05331580
    2    2
  0.25960022  0.00000000   -0.00482608  0.00093522   -0.00354242  0.01429672
 -0.00482608 -0.00093522    0.23111917  0.00000000    0.00482608 -0.00093522
 -0.00354242 -0.01429672    0.00482608  0.00093522    0.25960022  0.00000000

     Dynamical  Matrix in cartesian axes

     q = (    0.166666667   0.500000000  -0.833333333 ) 

    1    1
  0.25960022  0.00000000    0.00482608  0.00093522   -0.00354242 -0.01429672
  0.00482608 -0.00093522    0.23111917  0.00000000   -0.00482608 -0.00093522
 -0.00354242  0.01429672   -0.00482608  0.00093522    0.25960022  0.00000000
    1    2
 -0.03573096 -0.05331580   -0.01819761  0.10585005   -0.02086906 -0.03614628
 -0.01819761  0.10585005   -0.02834589 -0.04909652   -0.10076764 -0.03716543
 -0.02086906 -0.03614628   -0.10076764 -0.03716543   -0.02830735 -0.05760182
    2    1
 -0.03573096  0.05331580   -0.01819761 -0.10585005   -0.02086906  0.03614628
 -0.01819761 -0.10585005   -0.02834589  0.04909652   -0.10076764  0.03716543
 -0.02086906  0.03614628   -0.10076764  0.03716543   -0.02830735  0.05760182
    2    2
  0.25960022  0.00000000    0.00482608 -0.00093522   -0.00354242  0.01429672
  0.00482608  0.00093522    0.23111917  0.00000000   -0.00482608  0.00093522
 -0.00354242 -0.01429672   -0.00482608 -0.00093522    0.25960022 -0.00000000

     Dynamical  Matrix in cartesian axes

     q = (   -0.166666667  -0.500000000  -0.833333333 ) 

    1    1
  0.25960022  0.00000000    0.00482608  0.00093522    0.00354242  0.01429672
  0.00482608 -0.00093522    0.23111917  0.00000000    0.00482608  0.00093522
  0.00354242 -0.01429672    0.00482608 -0.00093522    0.25960022 -0.00000000
    1    2
  0.06403832 -0.00428602   -0.08257003 -0.06868462   -0.04173813 -0.00000000
 -0.08257003 -0.06868462    0.05669177  0.00000000   -0.08257003  0.06868462
 -0.04173813 -0.00000000   -0.08257003  0.06868462    0.06403832  0.00428602
    2    1
  0.06403832  0.00428602   -0.08257003  0.06868462   -0.04173813  0.00000000
 -0.08257003  0.06868462    0.05669177 -0.00000000   -0.08257003 -0.06868462
 -0.04173813  0.00000000   -0.08257003 -0.06868462    0.06403832 -0.00428602
    2    2
  0.25960022  0.00000000    0.00482608 -0.00093522    0.00354242 -0.01429672
  0.00482608  0.00093522    0.23111917  0.00000000    0.00482608 -0.00093522
  0.00354242  0.01429672    0.00482608  0.00093522    0.25960022  0.00000000

     Dynamical  Matrix in cartesian axes

     q = (   -0.500000000   0.833333333   0.166666667 ) 

    1    1
  0.23111917  0.00000000   -0.00482608 -0.00093522   -0.00482608  0.00093522
 -0.00482608  0.00093522    0.25960022  0.00000000    0.00354242 -0.01429672
 -0.00482608 -0.00093522    0.00354242  0.01429672    0.25960022  0.00000000
    1    2
 -0.05669177 -0.00000000   -0.08257003  0.06868462   -0.08257003 -0.06868462
 -0.08257003  0.06868462   -0.06403832 -0.00428602    0.04173813  0.00000000
 -0.08257003 -0.06868462    0.04173813  0.00000000   -0.06403832  0.00428602
    2    1
 -0.05669177  0.00000000   -0.08257003 -0.06868462   -0.08257003  0.06868462
 -0.08257003 -0.06868462   -0.06403832  0.00428602    0.04173813 -0.00000000
 -0.08257003  0.06868462    0.04173813 -0.00000000   -0.06403832 -0.00428602
    2    2
  0.23111917  0.00000000   -0.00482608  0.00093522   -0.00482608 -0.00093522
 -0.00482608 -0.00093522    0.25960022  0.00000000    0.00354242  0.01429672
 -0.00482608  0.00093522    0.00354242 -0.01429672    0.25960022 -0.00000000

     Diagonalizing the dynamical matrix

     q = (    0.500000000  -0.166666667   0.833333333 ) 

 **************************************************************************
     freq (    1) =       5.184657 [THz] =     172.941550 [cm-1]
 ( -0.065804  0.568210 -0.146972  0.254563 -0.084901 -0.281416 ) 
 ( -0.524987  0.227117 -0.201263  0.214234  0.293944  0.000000 ) 
     freq (    2) =       6.167554 [THz] =     205.727458 [cm-1]
 (  0.253359  0.279768  0.211406 -0.366166  0.385266 -0.174183 ) 
 (  0.115606 -0.359299  0.343480  0.246558  0.422812  0.000000 ) 
     freq (    3) =       9.527811 [THz] =     317.813559 [cm-1]
 (  0.274541 -0.126787 -0.225985  0.391417  0.444510  0.081772 ) 
 ( -0.247071 -0.174366  0.151439  0.425843 -0.451969  0.000000 ) 
     freq (    4) =      10.906009 [THz] =     363.785298 [cm-1]
 (  0.216728 -0.088788 -0.235888  0.408570  0.454740  0.125637 ) 
 (  0.185257  0.143298 -0.118565 -0.456634  0.471776  0.000000 ) 
     freq (    5) =      13.307490 [THz] =     443.890095 [cm-1]
 ( -0.049595  0.513451 -0.170993  0.296168 -0.111145 -0.323421 ) 
 (  0.469459 -0.213775  0.224518 -0.257965 -0.341986  0.000000 ) 
     freq (    6) =      13.517921 [THz] =     450.909321 [cm-1]
 ( -0.189685 -0.286307 -0.218531  0.378507 -0.433757  0.053650 ) 
 (  0.153106 -0.307426  0.263341  0.348820  0.437063  0.000000 ) 
 **************************************************************************
