Dynamical matrix file
                                                                           
  1    2  2 10.3280000  0.0000000  0.0000000  0.0000000  0.0000000  0.0000000
           1  'Si  '    25598.8229845270     
    1    1      0.0000000000      0.0000000000      0.0000000000
    2    1      0.2500000000      0.2500000000      0.2500000000

     Dynamical  Matrix in cartesian axes

     q = (   -0.166666667   0.166666667  -0.166666667 ) 

    1    1
  0.26917868  0.00000000   -0.00637164 -0.00000000    0.00637164  0.00000000
 -0.00637164 -0.00000000    0.26917868  0.00000000   -0.00637164 -0.00000000
  0.00637164  0.00000000   -0.00637164 -0.00000000    0.26917868  0.00000000
    1    2
 -0.23267345 -0.05357532   -0.01754157  0.03263195    0.01754157 -0.03263195
 -0.01754157  0.03263195   -0.23267345 -0.05357532   -0.01754157  0.03263195
  0.01754157 -0.03263195   -0.01754157  0.03263195   -0.23267345 -0.05357532
    2    1
 -0.23267345  0.05357532   -0.01754157 -0.03263195    0.01754157  0.03263195
 -0.01754157 -0.03263195   -0.23267345  0.05357532   -0.01754157 -0.03263195
  0.01754157  0.03263195   -0.01754157 -0.03263195   -0.23267345  0.05357532
    2    2
  0.26917868 -0.00000000   -0.00637164  0.00000000    0.00637164 -0.00000000
 -0.00637164  0.00000000    0.26917868 -0.00000000   -0.00637164  0.00000000
  0.00637164  0.00000000   -0.00637164  0.00000000    0.26917868  0.00000000

     Dynamical  Matrix in cartesian axes

     q = (    0.166666667   0.166666667   0.166666667 ) 

    1    1
  0.26917868  0.00000000    0.00637164  0.00000000    0.00637164  0.00000000
  0.00637164  0.00000000    0.26917868  0.00000000    0.00637164  0.00000000
  0.00637164  0.00000000    0.00637164  0.00000000    0.26917868  0.00000000
    1    2
 -0.16273432  0.17471346   -0.01948931 -0.03150742   -0.01948931 -0.03150742
 -0.01948931 -0.03150742   -0.16273432  0.17471346   -0.01948931 -0.03150742
 -0.01948931 -0.03150742   -0.01948931 -0.03150742   -0.16273432  0.17471346
    2    1
 -0.16273432 -0.17471346   -0.01948931  0.03150742   -0.01948931  0.03150742
 -0.01948931  0.03150742   -0.16273432 -0.17471346   -0.01948931  0.03150742
 -0.01948931  0.03150742   -0.01948931  0.03150742   -0.16273432 -0.17471346
    2    2
  0.26917868 -0.00000000    0.00637164 -0.00000000    0.00637164 -0.00000000
  0.00637164 -0.00000000    0.26917868 -0.00000000    0.00637164 -0.00000000
  0.00637164 -0.00000000    0.00637164 -0.00000000    0.26917868 -0.00000000

     Dynamical  Matrix in cartesian axes

     q = (   -0.166666667  -0.166666667  -0.166666667 ) 

    1    1
  0.26917868 -0.00000000    0.00637164 -0.00000000    0.00637164 -0.00000000
  0.00637164 -0.00000000    0.26917868 -0.00000000    0.00637164 -0.00000000
  0.00637164 -0.00000000    0.00637164 -0.00000000    0.26917868 -0.00000000
    1    2
 -0.16273432 -0.17471346   -0.01948931  0.03150742   -0.01948931  0.03150742
 -0.01948931  0.03150742   -0.16273432 -0.17471346   -0.01948931  0.03150742
 -0.01948931  0.03150742   -0.01948931  0.03150742   -0.16273432 -0.17471346
    2    1
 -0.16273432  0.17471346   -0.01948931 -0.03150742   -0.01948931 -0.03150742
 -0.01948931 -0.03150742   -0.16273432  0.17471346   -0.01948931 -0.03150742
 -0.01948931 -0.03150742   -0.01948931 -0.03150742   -0.16273432  0.17471346
    2    2
  0.26917868  0.00000000    0.00637164  0.00000000    0.00637164  0.00000000
  0.00637164  0.00000000    0.26917868  0.00000000    0.00637164  0.00000000
  0.00637164  0.00000000    0.00637164  0.00000000    0.26917868  0.00000000

     Dynamical  Matrix in cartesian axes

     q = (    0.166666667  -0.166666667   0.166666667 ) 

    1    1
  0.26917868 -0.00000000   -0.00637164  0.00000000    0.00637164 -0.00000000
 -0.00637164  0.00000000    0.26917868 -0.00000000   -0.00637164  0.00000000
  0.00637164 -0.00000000   -0.00637164  0.00000000    0.26917868 -0.00000000
    1    2
 -0.23267345  0.05357532   -0.01754157 -0.03263195    0.01754157  0.03263195
 -0.01754157 -0.03263195   -0.23267345  0.05357532   -0.01754157 -0.03263195
  0.01754157  0.03263195   -0.01754157 -0.03263195   -0.23267345  0.05357532
    2    1
 -0.23267345 -0.05357532   -0.01754157  0.03263195    0.01754157 -0.03263195
 -0.01754157  0.03263195   -0.23267345 -0.05357532   -0.01754157  0.03263195
  0.01754157 -0.03263195   -0.01754157  0.03263195   -0.23267345 -0.05357532
    2    2
  0.26917868  0.00000000   -0.00637164 -0.00000000    0.00637164  0.00000000
 -0.00637164 -0.00000000    0.26917868  0.00000000   -0.00637164 -0.00000000
  0.00637164  0.00000000   -0.00637164 -0.00000000    0.26917868  0.00000000

     Dynamical  Matrix in cartesian axes

     q = (    0.166666667  -0.166666667  -0.166666667 ) 

    1    1
  0.26917868  0.00000000   -0.00637164 -0.00000000   -0.00637164 -0.00000000
 -0.00637164 -0.00000000    0.26917868  0.00000000    0.00637164  0.00000000
 -0.00637164 -0.00000000    0.00637164  0.00000000    0.26917868  0.00000000
    1    2
 -0.23267345 -0.05357532   -0.01754157  0.03263195   -0.01754157  0.03263195
 -0.01754157  0.03263195   -0.23267345 -0.05357532    0.01754157 -0.03263195
 -0.01754157  0.03263195    0.01754157 -0.03263195   -0.23267345 -0.05357532
    2    1
 -0.23267345  0.05357532   -0.01754157 -0.03263195   -0.01754157 -0.03263195
 -0.01754157 -0.03263195   -0.23267345  0.05357532    0.01754157  0.03263195
 -0.01754157 -0.03263195    0.01754157  0.03263195   -0.23267345  0.05357532
    2    2
  0.26917868 -0.00000000   -0.00637164  0.00000000   -0.00637164  0.00000000
 -0.00637164  0.00000000    0.26917868 -0.00000000    0.00637164 -0.00000000
 -0.00637164  0.00000000    0.00637164 -0.00000000    0.26917868 -0.00000000

     Dynamical  Matrix in cartesian axes

     q = (    0.166666667   0.166666667  -0.166666667 ) 

    1    1
  0.26917868 -0.00000000    0.00637164 -0.00000000   -0.00637164  0.00000000
  0.00637164 -0.00000000    0.26917868 -0.00000000   -0.00637164  0.00000000
 -0.00637164  0.00000000   -0.00637164  0.00000000    0.26917868 -0.00000000
    1    2
 -0.23267345  0.05357532    0.01754157  0.03263195   -0.01754157 -0.03263195
  0.01754157  0.03263195   -0.23267345  0.05357532   -0.01754157 -0.03263195
 -0.01754157 -0.03263195   -0.01754157 -0.03263195   -0.23267345  0.05357532
    2    1
 -0.23267345 -0.05357532    0.01754157 -0.03263195   -0.01754157  0.03263195
  0.01754157 -0.03263195   -0.23267345 -0.05357532   -0.01754157  0.03263195
 -0.01754157  0.03263195   -0.01754157  0.03263195   -0.23267345 -0.05357532
    2    2
  0.26917868  0.00000000    0.00637164  0.00000000   -0.00637164 -0.00000000
  0.00637164  0.00000000    0.26917868  0.00000000   -0.00637164 -0.00000000
 -0.00637164 -0.00000000   -0.00637164 -0.00000000    0.26917868  0.00000000

     Dynamical  Matrix in cartesian axes

     q = (   -0.166666667  -0.166666667   0.166666667 ) 

    1    1
  0.26917868  0.00000000    0.00637164  0.00000000   -0.00637164 -0.00000000
  0.00637164  0.00000000    0.26917868  0.00000000   -0.00637164 -0.00000000
 -0.00637164 -0.00000000   -0.00637164 -0.00000000    0.26917868  0.00000000
    1    2
 -0.23267345 -0.05357532    0.01754157 -0.03263195   -0.01754157  0.03263195
  0.01754157 -0.03263195   -0.23267345 -0.05357532   -0.01754157  0.03263195
 -0.01754157  0.03263195   -0.01754157  0.03263195   -0.23267345 -0.05357532
    2    1
 -0.23267345  0.05357532    0.01754157  0.03263195   -0.01754157 -0.03263195
  0.01754157  0.03263195   -0.23267345  0.05357532   -0.01754157 -0.03263195
 -0.01754157 -0.03263195   -0.01754157 -0.03263195   -0.23267345  0.05357532
    2    2
  0.26917868 -0.00000000    0.00637164 -0.00000000   -0.00637164  0.00000000
  0.00637164 -0.00000000    0.26917868 -0.00000000   -0.00637164  0.00000000
 -0.00637164  0.00000000   -0.00637164  0.00000000    0.26917868 -0.00000000

     Dynamical  Matrix in cartesian axes

     q = (   -0.166666667   0.166666667   0.166666667 ) 

    1    1
  0.26917868 -0.00000000   -0.00637164  0.00000000   -0.00637164  0.00000000
 -0.00637164  0.00000000    0.26917868 -0.00000000    0.00637164 -0.00000000
 -0.00637164  0.00000000    0.00637164 -0.00000000    0.26917868 -0.00000000
    1    2
 -0.23267345  0.05357532   -0.01754157 -0.03263195   -0.01754157 -0.03263195
 -0.01754157 -0.03263195   -0.23267345  0.05357532    0.01754157  0.03263195
 -0.01754157 -0.03263195    0.01754157  0.03263195   -0.23267345  0.05357532
    2    1
 -0.23267345 -0.05357532   -0.01754157  0.03263195   -0.01754157  0.03263195
 -0.01754157  0.03263195   -0.23267345 -0.05357532    0.01754157 -0.03263195
 -0.01754157  0.03263195    0.01754157 -0.03263195   -0.23267345 -0.05357532
    2    2
  0.26917868  0.00000000   -0.00637164 -0.00000000   -0.00637164 -0.00000000
 -0.00637164 -0.00000000    0.26917868  0.00000000    0.00637164  0.00000000
 -0.00637164 -0.00000000    0.00637164  0.00000000    0.26917868  0.00000000

     Diagonalizing the dynamical matrix

     q = (   -0.166666667   0.166666667  -0.166666667 ) 

 **************************************************************************
     freq (    1) =       2.225739 [THz] =      74.242654 [cm-1]
 ( -0.282739  0.000810  0.291864  0.048905  0.574603  0.048095 ) 
 ( -0.281686  0.024390  0.294926  0.024390  0.576612  0.000000 ) 
     freq (    2) =       2.225739 [THz] =      74.242654 [cm-1]
 (  0.104690  0.492373  0.075609  0.489939 -0.029081 -0.002434 ) 
 (  0.145394  0.481925  0.116211  0.481925 -0.029182  0.000000 ) 
     freq (    3) =       4.659332 [THz] =     155.418590 [cm-1]
 ( -0.349847 -0.210413  0.349847  0.210413 -0.349847 -0.210413 ) 
 ( -0.408248 -0.000000  0.408248  0.000000 -0.408248  0.000000 ) 
     freq (    4) =      14.720093 [THz] =     491.009455 [cm-1]
 (  0.349847  0.210413 -0.349847 -0.210413  0.349847  0.210413 ) 
 ( -0.408248 -0.000000  0.408248  0.000000 -0.408248  0.000000 ) 
     freq (    5) =      14.740190 [THz] =     491.679823 [cm-1]
 (  0.510335 -0.063638  0.479777 -0.066196 -0.030558 -0.002558 ) 
 ( -0.503249  0.105983 -0.472584  0.105983  0.030665  0.000000 ) 
     freq (    6) =      14.740190 [THz] =     491.679823 [cm-1]
 ( -0.260932 -0.027497  0.313595  0.020592  0.574526  0.048089 ) 
 (  0.262316  0.005637 -0.314219  0.005637 -0.576535  0.000000 ) 
 **************************************************************************
