Dynamical matrix file
                                                                           
  1    2  2 10.3760000  0.0000000  0.0000000  0.0000000  0.0000000  0.0000000
           1  'Si  '    25598.8229845270     
    1    1      0.0000000000      0.0000000000      0.0000000000
    2    1      0.2500000000      0.2500000000      0.2500000000

     Dynamical  Matrix in cartesian axes

     q = (    0.000000000   0.333333333   0.000000000 ) 

    1    1
  0.24583503  0.00000000    0.00000000  0.00000000    0.00000000  0.00000000
  0.00000000  0.00000000    0.28056776  0.00000000    0.00000000  0.00000000
  0.00000000  0.00000000    0.00000000  0.00000000    0.24583503  0.00000000
    1    2
 -0.18377994  0.10610540    0.00000000  0.00000000   -0.03730566 -0.06461529
  0.00000000  0.00000000   -0.19601253  0.11316789    0.00000000  0.00000000
 -0.03730566 -0.06461529    0.00000000 -0.00000000   -0.18377994  0.10610540
    2    1
 -0.18377994 -0.10610540    0.00000000  0.00000000   -0.03730566  0.06461529
  0.00000000  0.00000000   -0.19601253 -0.11316789    0.00000000  0.00000000
 -0.03730566  0.06461529    0.00000000  0.00000000   -0.18377994 -0.10610540
    2    2
  0.24583503  0.00000000    0.00000000  0.00000000    0.00000000 -0.00000000
  0.00000000  0.00000000    0.28056776  0.00000000    0.00000000  0.00000000
  0.00000000 -0.00000000    0.00000000  0.00000000    0.24583503  0.00000000

     Dynamical  Matrix in cartesian axes

     q = (    0.333333333   0.000000000   0.000000000 ) 

    1    1
  0.28056776  0.00000000    0.00000000  0.00000000    0.00000000  0.00000000
  0.00000000  0.00000000    0.24583503  0.00000000    0.00000000  0.00000000
  0.00000000  0.00000000    0.00000000  0.00000000    0.24583503  0.00000000
    1    2
 -0.19601253  0.11316789    0.00000000 -0.00000000    0.00000000  0.00000000
  0.00000000  0.00000000   -0.18377994  0.10610540   -0.03730566 -0.06461529
  0.00000000 -0.00000000   -0.03730566 -0.06461529   -0.18377994  0.10610540
    2    1
 -0.19601253 -0.11316789    0.00000000  0.00000000    0.00000000 -0.00000000
  0.00000000 -0.00000000   -0.18377994 -0.10610540   -0.03730566  0.06461529
  0.00000000  0.00000000   -0.03730566  0.06461529   -0.18377994 -0.10610540
    2    2
  0.28056776  0.00000000    0.00000000  0.00000000    0.00000000  0.00000000
  0.00000000  0.00000000    0.24583503  0.00000000    0.00000000 -0.00000000
  0.00000000  0.00000000    0.00000000 -0.00000000    0.24583503  0.00000000

     Dynamical  Matrix in cartesian axes

     q = (    0.000000000   0.000000000   0.333333333 ) 

    1    1
  0.24583503  0.00000000   -0.00000000  0.00000000    0.00000000  0.00000000
 -0.00000000  0.00000000    0.24583503  0.00000000    0.00000000  0.00000000
  0.00000000  0.00000000    0.00000000  0.00000000    0.28056776  0.00000000
    1    2
 -0.18377994  0.10610540   -0.03730566 -0.06461529    0.00000000 -0.00000000
 -0.03730566 -0.06461529   -0.18377994  0.10610540    0.00000000 -0.00000000
  0.00000000  0.00000000    0.00000000  0.00000000   -0.19601253  0.11316789
    2    1
 -0.18377994 -0.10610540   -0.03730566  0.06461529    0.00000000 -0.00000000
 -0.03730566  0.06461529   -0.18377994 -0.10610540    0.00000000  0.00000000
  0.00000000  0.00000000    0.00000000  0.00000000   -0.19601253 -0.11316789
    2    2
  0.24583503  0.00000000   -0.00000000 -0.00000000    0.00000000  0.00000000
 -0.00000000 -0.00000000    0.24583503  0.00000000   -0.00000000  0.00000000
 -0.00000000  0.00000000    0.00000000  0.00000000    0.28056776  0.00000000

     Dynamical  Matrix in cartesian axes

     q = (    0.000000000  -0.333333333   0.000000000 ) 

    1    1
  0.24583503  0.00000000    0.00000000  0.00000000   -0.00000000 -0.00000000
  0.00000000  0.00000000    0.28056776  0.00000000    0.00000000  0.00000000
 -0.00000000 -0.00000000    0.00000000  0.00000000    0.24583503  0.00000000
    1    2
 -0.18377994 -0.10610540    0.00000000  0.00000000   -0.03730566  0.06461529
  0.00000000 -0.00000000   -0.19601253 -0.11316789    0.00000000  0.00000000
 -0.03730566  0.06461529    0.00000000 -0.00000000   -0.18377994 -0.10610540
    2    1
 -0.18377994  0.10610540    0.00000000  0.00000000   -0.03730566 -0.06461529
  0.00000000  0.00000000   -0.19601253  0.11316789    0.00000000  0.00000000
 -0.03730566 -0.06461529    0.00000000  0.00000000   -0.18377994  0.10610540
    2    2
  0.24583503  0.00000000    0.00000000  0.00000000    0.00000000  0.00000000
  0.00000000  0.00000000    0.28056776  0.00000000    0.00000000  0.00000000
  0.00000000  0.00000000    0.00000000  0.00000000    0.24583503  0.00000000

     Dynamical  Matrix in cartesian axes

     q = (   -0.333333333   0.000000000   0.000000000 ) 

    1    1
  0.28056776  0.00000000    0.00000000  0.00000000    0.00000000  0.00000000
  0.00000000  0.00000000    0.24583503  0.00000000    0.00000000 -0.00000000
  0.00000000  0.00000000    0.00000000 -0.00000000    0.24583503  0.00000000
    1    2
 -0.19601253 -0.11316789    0.00000000 -0.00000000   -0.00000000  0.00000000
  0.00000000  0.00000000   -0.18377994 -0.10610540   -0.03730566  0.06461529
  0.00000000  0.00000000   -0.03730566  0.06461529   -0.18377994 -0.10610540
    2    1
 -0.19601253  0.11316789    0.00000000  0.00000000    0.00000000 -0.00000000
  0.00000000 -0.00000000   -0.18377994  0.10610540   -0.03730566 -0.06461529
  0.00000000  0.00000000   -0.03730566 -0.06461529   -0.18377994  0.10610540
    2    2
  0.28056776  0.00000000    0.00000000  0.00000000    0.00000000  0.00000000
  0.00000000  0.00000000    0.24583503  0.00000000    0.00000000  0.00000000
  0.00000000  0.00000000    0.00000000  0.00000000    0.24583503  0.00000000

     Dynamical  Matrix in cartesian axes

     q = (    0.000000000   0.000000000  -0.333333333 ) 

    1    1
  0.24583503  0.00000000   -0.00000000 -0.00000000    0.00000000  0.00000000
 -0.00000000 -0.00000000    0.24583503  0.00000000   -0.00000000  0.00000000
 -0.00000000  0.00000000    0.00000000  0.00000000    0.28056776  0.00000000
    1    2
 -0.18377994 -0.10610540   -0.03730566  0.06461529    0.00000000  0.00000000
 -0.03730566  0.06461529   -0.18377994 -0.10610540    0.00000000  0.00000000
  0.00000000 -0.00000000    0.00000000  0.00000000   -0.19601253 -0.11316789
    2    1
 -0.18377994  0.10610540   -0.03730566 -0.06461529    0.00000000  0.00000000
 -0.03730566 -0.06461529   -0.18377994  0.10610540    0.00000000  0.00000000
  0.00000000  0.00000000    0.00000000 -0.00000000   -0.19601253  0.11316789
    2    2
  0.24583503  0.00000000   -0.00000000  0.00000000    0.00000000  0.00000000
 -0.00000000  0.00000000    0.24583503  0.00000000    0.00000000  0.00000000
  0.00000000  0.00000000    0.00000000  0.00000000    0.28056776  0.00000000

     Diagonalizing the dynamical matrix

     q = (    0.000000000   0.333333333   0.000000000 ) 

 **************************************************************************
     freq (    1) =       2.971900 [THz] =      99.131929 [cm-1]
 (  0.027125  0.317028  0.000000 -0.000000  0.521587 -0.355955 ) 
 ( -0.143126  0.062948  0.000000 -0.000000  0.689603  0.000000 ) 
     freq (    2) =       2.971900 [THz] =      99.131929 [cm-1]
 (  0.410704 -0.479666  0.000000  0.000000  0.312180  0.061530 ) 
 (  0.631249 -0.277629 -0.000000  0.000000  0.156357  0.000000 ) 
     freq (    3) =       4.788426 [THz] =     159.724710 [cm-1]
 (  0.000000 -0.000000  0.643246 -0.293656 -0.000000  0.000000 ) 
 (  0.000000  0.000000  0.703896  0.067309 -0.000000  0.000000 ) 
     freq (    4) =      14.108280 [THz] =     470.601565 [cm-1]
 ( -0.004088  0.218106 -0.000000  0.000000  0.561700 -0.370008 ) 
 (  0.119350  0.046447 -0.000000 -0.000000 -0.695412  0.000000 ) 
     freq (    5) =      14.108280 [THz] =     470.601565 [cm-1]
 ( -0.669674  0.062850  0.000000  0.000000 -0.139664 -0.167574 ) 
 (  0.648067  0.252206 -0.000000 -0.000000  0.128069  0.000000 ) 
     freq (    6) =      14.639549 [THz] =     488.322789 [cm-1]
 ( -0.000000  0.000000 -0.695658 -0.126728 -0.000000 -0.000000 ) 
 (  0.000000  0.000000  0.539093  0.457579  0.000000  0.000000 ) 
 **************************************************************************
