Dynamical matrix file
                                                                           
  1    2  2 10.3640000  0.0000000  0.0000000  0.0000000  0.0000000  0.0000000
           1  'Si  '    25598.8229845270     
    1    1      0.0000000000      0.0000000000      0.0000000000
    2    1      0.2500000000      0.2500000000      0.2500000000

     Dynamical  Matrix in cartesian axes

     q = (    0.000000000   0.333333333   0.000000000 ) 

    1    1
  0.24769525  0.00000000    0.00000000  0.00000000    0.00000000  0.00000000
  0.00000000  0.00000000    0.28250998  0.00000000    0.00000000  0.00000000
  0.00000000  0.00000000    0.00000000  0.00000000    0.24769525  0.00000000
    1    2
 -0.18513532  0.10688792    0.00000000  0.00000000   -0.03789060 -0.06562844
  0.00000000 -0.00000000   -0.19733512  0.11393148    0.00000000 -0.00000000
 -0.03789060 -0.06562844    0.00000000  0.00000000   -0.18513532  0.10688792
    2    1
 -0.18513532 -0.10688792    0.00000000 -0.00000000   -0.03789060  0.06562844
  0.00000000  0.00000000   -0.19733512 -0.11393148    0.00000000 -0.00000000
 -0.03789060  0.06562844    0.00000000 -0.00000000   -0.18513532 -0.10688792
    2    2
  0.24769525  0.00000000   -0.00000000  0.00000000    0.00000000  0.00000000
  0.00000000  0.00000000    0.28250998  0.00000000    0.00000000  0.00000000
  0.00000000  0.00000000    0.00000000  0.00000000    0.24769525  0.00000000

     Dynamical  Matrix in cartesian axes

     q = (    0.333333333   0.000000000   0.000000000 ) 

    1    1
  0.28250998  0.00000000   -0.00000000  0.00000000    0.00000000  0.00000000
 -0.00000000  0.00000000    0.24769525  0.00000000    0.00000000  0.00000000
  0.00000000  0.00000000    0.00000000  0.00000000    0.24769525  0.00000000
    1    2
 -0.19733512  0.11393148   -0.00000000  0.00000000    0.00000000  0.00000000
  0.00000000  0.00000000   -0.18513532  0.10688792   -0.03789060 -0.06562844
 -0.00000000 -0.00000000   -0.03789060 -0.06562844   -0.18513532  0.10688792
    2    1
 -0.19733512 -0.11393148   -0.00000000  0.00000000    0.00000000  0.00000000
 -0.00000000 -0.00000000   -0.18513532 -0.10688792   -0.03789060  0.06562844
 -0.00000000  0.00000000   -0.03789060  0.06562844   -0.18513532 -0.10688792
    2    2
  0.28250998  0.00000000    0.00000000  0.00000000    0.00000000  0.00000000
 -0.00000000  0.00000000    0.24769525  0.00000000   -0.00000000  0.00000000
 -0.00000000  0.00000000   -0.00000000  0.00000000    0.24769525  0.00000000

     Dynamical  Matrix in cartesian axes

     q = (    0.000000000   0.000000000   0.333333333 ) 

    1    1
  0.24769525  0.00000000    0.00000000  0.00000000   -0.00000000  0.00000000
  0.00000000  0.00000000    0.24769525  0.00000000    0.00000000  0.00000000
 -0.00000000  0.00000000   -0.00000000  0.00000000    0.28250998  0.00000000
    1    2
 -0.18513532  0.10688792   -0.03789060 -0.06562844    0.00000000  0.00000000
 -0.03789060 -0.06562844   -0.18513532  0.10688792   -0.00000000 -0.00000000
  0.00000000  0.00000000    0.00000000  0.00000000   -0.19733512  0.11393148
    2    1
 -0.18513532 -0.10688792   -0.03789060  0.06562844   -0.00000000  0.00000000
 -0.03789060  0.06562844   -0.18513532 -0.10688792   -0.00000000  0.00000000
  0.00000000 -0.00000000    0.00000000 -0.00000000   -0.19733512 -0.11393148
    2    2
  0.24769525  0.00000000   -0.00000000  0.00000000    0.00000000  0.00000000
 -0.00000000  0.00000000    0.24769525  0.00000000    0.00000000  0.00000000
  0.00000000  0.00000000    0.00000000  0.00000000    0.28250998  0.00000000

     Dynamical  Matrix in cartesian axes

     q = (    0.000000000  -0.333333333   0.000000000 ) 

    1    1
  0.24769525  0.00000000    0.00000000  0.00000000   -0.00000000  0.00000000
 -0.00000000  0.00000000    0.28250998  0.00000000   -0.00000000  0.00000000
 -0.00000000  0.00000000   -0.00000000  0.00000000    0.24769525  0.00000000
    1    2
 -0.18513532 -0.10688792    0.00000000  0.00000000   -0.03789060  0.06562844
  0.00000000  0.00000000   -0.19733512 -0.11393148    0.00000000 -0.00000000
 -0.03789060  0.06562844    0.00000000  0.00000000   -0.18513532 -0.10688792
    2    1
 -0.18513532  0.10688792    0.00000000 -0.00000000   -0.03789060 -0.06562844
  0.00000000 -0.00000000   -0.19733512  0.11393148    0.00000000 -0.00000000
 -0.03789060 -0.06562844    0.00000000  0.00000000   -0.18513532  0.10688792
    2    2
  0.24769525  0.00000000   -0.00000000  0.00000000    0.00000000  0.00000000
  0.00000000  0.00000000    0.28250998  0.00000000    0.00000000  0.00000000
 -0.00000000  0.00000000    0.00000000  0.00000000    0.24769525  0.00000000

     Dynamical  Matrix in cartesian axes

     q = (   -0.333333333   0.000000000   0.000000000 ) 

    1    1
  0.28250998  0.00000000   -0.00000000  0.00000000    0.00000000  0.00000000
 -0.00000000  0.00000000    0.24769525  0.00000000    0.00000000  0.00000000
  0.00000000  0.00000000    0.00000000  0.00000000    0.24769525  0.00000000
    1    2
 -0.19733512 -0.11393148   -0.00000000  0.00000000    0.00000000  0.00000000
 -0.00000000 -0.00000000   -0.18513532 -0.10688792   -0.03789060  0.06562844
 -0.00000000  0.00000000   -0.03789060  0.06562844   -0.18513532 -0.10688792
    2    1
 -0.19733512  0.11393148    0.00000000  0.00000000   -0.00000000  0.00000000
 -0.00000000  0.00000000   -0.18513532  0.10688792   -0.03789060 -0.06562844
  0.00000000 -0.00000000   -0.03789060 -0.06562844   -0.18513532  0.10688792
    2    2
  0.28250998  0.00000000   -0.00000000  0.00000000   -0.00000000  0.00000000
 -0.00000000  0.00000000    0.24769525  0.00000000   -0.00000000  0.00000000
 -0.00000000  0.00000000   -0.00000000  0.00000000    0.24769525  0.00000000

     Dynamical  Matrix in cartesian axes

     q = (    0.000000000   0.000000000  -0.333333333 ) 

    1    1
  0.24769525  0.00000000    0.00000000  0.00000000   -0.00000000  0.00000000
  0.00000000  0.00000000    0.24769525  0.00000000    0.00000000  0.00000000
 -0.00000000  0.00000000   -0.00000000  0.00000000    0.28250998  0.00000000
    1    2
 -0.18513532 -0.10688792   -0.03789060  0.06562844   -0.00000000  0.00000000
 -0.03789060  0.06562844   -0.18513532 -0.10688792   -0.00000000 -0.00000000
  0.00000000  0.00000000    0.00000000 -0.00000000   -0.19733512 -0.11393148
    2    1
 -0.18513532  0.10688792   -0.03789060 -0.06562844    0.00000000  0.00000000
 -0.03789060 -0.06562844   -0.18513532  0.10688792    0.00000000 -0.00000000
  0.00000000  0.00000000    0.00000000  0.00000000   -0.19733512  0.11393148
    2    2
  0.24769525  0.00000000    0.00000000  0.00000000   -0.00000000  0.00000000
  0.00000000  0.00000000    0.24769525  0.00000000    0.00000000  0.00000000
 -0.00000000  0.00000000   -0.00000000  0.00000000    0.28250998  0.00000000

     Diagonalizing the dynamical matrix

     q = (    0.000000000   0.333333333   0.000000000 ) 

 **************************************************************************
     freq (    1) =       2.971542 [THz] =      99.119980 [cm-1]
 (  0.528604 -0.371093  0.000000 -0.000000 -0.038106  0.285334 ) 
 (  0.682557  0.004899  0.000000  0.000000 -0.184642  0.000000 ) 
     freq (    2) =       2.971542 [THz] =      99.119980 [cm-1]
 ( -0.265365 -0.111574  0.000000 -0.000000 -0.587617  0.268027 ) 
 ( -0.184637 -0.001325  0.000000 -0.000000 -0.682574  0.000000 ) 
     freq (    3) =       4.806714 [THz] =     160.334707 [cm-1]
 ( -0.000000  0.000000  0.566398 -0.423313  0.000000 -0.000000 ) 
 ( -0.000000  0.000000  0.702171 -0.083400  0.000000  0.000000 ) 
     freq (    4) =      14.163992 [THz] =     472.459920 [cm-1]
 (  0.109084  0.279699 -0.000000  0.000000  0.546220 -0.333936 ) 
 (  0.048147 -0.065876  0.000000 -0.000000 -0.702383  0.000000 ) 
     freq (    5) =      14.163992 [THz] =     472.459920 [cm-1]
 ( -0.084695  0.634583 -0.000000  0.000000 -0.299925  0.013262 ) 
 (  0.414457 -0.567069  0.000000 -0.000000  0.081596  0.000000 ) 
     freq (    6) =      14.689562 [THz] =     489.991062 [cm-1]
 (  0.000000  0.000000  0.181218 -0.683491 -0.000000  0.000000 ) 
 ( -0.000000 -0.000000 -0.498685  0.501311 -0.000000  0.000000 ) 
 **************************************************************************
