Dynamical matrix file
                                                                           
  1    2  2 10.3640000  0.0000000  0.0000000  0.0000000  0.0000000  0.0000000
           1  'Si  '    25598.8229845270     
    1    1      0.0000000000      0.0000000000      0.0000000000
    2    1      0.2500000000      0.2500000000      0.2500000000

     Dynamical  Matrix in cartesian axes

     q = (   -0.333333333   0.333333333  -0.333333333 ) 

    1    1
  0.26712792  0.00000000   -0.01569682 -0.00000000    0.01569682  0.00000000
 -0.01569682 -0.00000000    0.26712792  0.00000000   -0.01569682 -0.00000000
  0.01569682  0.00000000   -0.01569682 -0.00000000    0.26712792  0.00000000
    1    2
 -0.16867479 -0.04747954   -0.05820648  0.03407284    0.05820648 -0.03407284
 -0.05820648  0.03407284   -0.16867479 -0.04747954   -0.05820648  0.03407284
  0.05820648 -0.03407284   -0.05820648  0.03407284   -0.16867479 -0.04747954
    2    1
 -0.16867479  0.04747954   -0.05820648 -0.03407284    0.05820648  0.03407284
 -0.05820648 -0.03407284   -0.16867479  0.04747954   -0.05820648 -0.03407284
  0.05820648  0.03407284   -0.05820648 -0.03407284   -0.16867479  0.04747954
    2    2
  0.26712792 -0.00000000   -0.01569682  0.00000000    0.01569682 -0.00000000
 -0.01569682  0.00000000    0.26712792 -0.00000000   -0.01569682  0.00000000
  0.01569682 -0.00000000   -0.01569682  0.00000000    0.26712792 -0.00000000

     Dynamical  Matrix in cartesian axes

     q = (    0.333333333   0.333333333   0.333333333 ) 

    1    1
  0.26712792  0.00000000    0.01569682  0.00000000    0.01569682  0.00000000
  0.01569682  0.00000000    0.26712792  0.00000000    0.01569682  0.00000000
  0.01569682  0.00000000    0.01569682  0.00000000    0.26712792  0.00000000
    1    2
  0.04321891  0.16981642   -0.05861119 -0.03337187   -0.05861119 -0.03337187
 -0.05861119 -0.03337187    0.04321891  0.16981642   -0.05861119 -0.03337187
 -0.05861119 -0.03337187   -0.05861119 -0.03337187    0.04321891  0.16981642
    2    1
  0.04321891 -0.16981642   -0.05861119  0.03337187   -0.05861119  0.03337187
 -0.05861119  0.03337187    0.04321891 -0.16981642   -0.05861119  0.03337187
 -0.05861119  0.03337187   -0.05861119  0.03337187    0.04321891 -0.16981642
    2    2
  0.26712792 -0.00000000    0.01569682 -0.00000000    0.01569682 -0.00000000
  0.01569682 -0.00000000    0.26712792 -0.00000000    0.01569682 -0.00000000
  0.01569682 -0.00000000    0.01569682 -0.00000000    0.26712792 -0.00000000

     Dynamical  Matrix in cartesian axes

     q = (   -0.333333333  -0.333333333  -0.333333333 ) 

    1    1
  0.26712792 -0.00000000    0.01569682 -0.00000000    0.01569682 -0.00000000
  0.01569682 -0.00000000    0.26712792 -0.00000000    0.01569682 -0.00000000
  0.01569682 -0.00000000    0.01569682 -0.00000000    0.26712792 -0.00000000
    1    2
  0.04321891 -0.16981642   -0.05861119  0.03337187   -0.05861119  0.03337187
 -0.05861119  0.03337187    0.04321891 -0.16981642   -0.05861119  0.03337187
 -0.05861119  0.03337187   -0.05861119  0.03337187    0.04321891 -0.16981642
    2    1
  0.04321891  0.16981642   -0.05861119 -0.03337187   -0.05861119 -0.03337187
 -0.05861119 -0.03337187    0.04321891  0.16981642   -0.05861119 -0.03337187
 -0.05861119 -0.03337187   -0.05861119 -0.03337187    0.04321891  0.16981642
    2    2
  0.26712792  0.00000000    0.01569682  0.00000000    0.01569682  0.00000000
  0.01569682  0.00000000    0.26712792  0.00000000    0.01569682  0.00000000
  0.01569682  0.00000000    0.01569682  0.00000000    0.26712792  0.00000000

     Dynamical  Matrix in cartesian axes

     q = (    0.333333333  -0.333333333   0.333333333 ) 

    1    1
  0.26712792 -0.00000000   -0.01569682  0.00000000    0.01569682 -0.00000000
 -0.01569682  0.00000000    0.26712792 -0.00000000   -0.01569682  0.00000000
  0.01569682 -0.00000000   -0.01569682  0.00000000    0.26712792 -0.00000000
    1    2
 -0.16867479  0.04747954   -0.05820648 -0.03407284    0.05820648  0.03407284
 -0.05820648 -0.03407284   -0.16867479  0.04747954   -0.05820648 -0.03407284
  0.05820648  0.03407284   -0.05820648 -0.03407284   -0.16867479  0.04747954
    2    1
 -0.16867479 -0.04747954   -0.05820648  0.03407284    0.05820648 -0.03407284
 -0.05820648  0.03407284   -0.16867479 -0.04747954   -0.05820648  0.03407284
  0.05820648 -0.03407284   -0.05820648  0.03407284   -0.16867479 -0.04747954
    2    2
  0.26712792  0.00000000   -0.01569682 -0.00000000    0.01569682  0.00000000
 -0.01569682 -0.00000000    0.26712792  0.00000000   -0.01569682 -0.00000000
  0.01569682  0.00000000   -0.01569682 -0.00000000    0.26712792  0.00000000

     Dynamical  Matrix in cartesian axes

     q = (    0.333333333  -0.333333333  -0.333333333 ) 

    1    1
  0.26712792  0.00000000   -0.01569682  0.00000000   -0.01569682 -0.00000000
 -0.01569682 -0.00000000    0.26712792  0.00000000    0.01569682  0.00000000
 -0.01569682 -0.00000000    0.01569682  0.00000000    0.26712792  0.00000000
    1    2
 -0.16867479 -0.04747954   -0.05820648  0.03407284   -0.05820648  0.03407284
 -0.05820648  0.03407284   -0.16867479 -0.04747954    0.05820648 -0.03407284
 -0.05820648  0.03407284    0.05820648 -0.03407284   -0.16867479 -0.04747954
    2    1
 -0.16867479  0.04747954   -0.05820648 -0.03407284   -0.05820648 -0.03407284
 -0.05820648 -0.03407284   -0.16867479  0.04747954    0.05820648  0.03407284
 -0.05820648 -0.03407284    0.05820648  0.03407284   -0.16867479  0.04747954
    2    2
  0.26712792 -0.00000000   -0.01569682  0.00000000   -0.01569682  0.00000000
 -0.01569682  0.00000000    0.26712792 -0.00000000    0.01569682 -0.00000000
 -0.01569682  0.00000000    0.01569682 -0.00000000    0.26712792 -0.00000000

     Dynamical  Matrix in cartesian axes

     q = (    0.333333333   0.333333333  -0.333333333 ) 

    1    1
  0.26712792 -0.00000000    0.01569682 -0.00000000   -0.01569682  0.00000000
  0.01569682 -0.00000000    0.26712792 -0.00000000   -0.01569682  0.00000000
 -0.01569682  0.00000000   -0.01569682  0.00000000    0.26712792 -0.00000000
    1    2
 -0.16867479  0.04747954    0.05820648  0.03407284   -0.05820648 -0.03407284
  0.05820648  0.03407284   -0.16867479  0.04747954   -0.05820648 -0.03407284
 -0.05820648 -0.03407284   -0.05820648 -0.03407284   -0.16867479  0.04747954
    2    1
 -0.16867479 -0.04747954    0.05820648 -0.03407284   -0.05820648  0.03407284
  0.05820648 -0.03407284   -0.16867479 -0.04747954   -0.05820648  0.03407284
 -0.05820648  0.03407284   -0.05820648  0.03407284   -0.16867479 -0.04747954
    2    2
  0.26712792  0.00000000    0.01569682  0.00000000   -0.01569682 -0.00000000
  0.01569682  0.00000000    0.26712792  0.00000000   -0.01569682 -0.00000000
 -0.01569682 -0.00000000   -0.01569682 -0.00000000    0.26712792  0.00000000

     Dynamical  Matrix in cartesian axes

     q = (   -0.333333333  -0.333333333   0.333333333 ) 

    1    1
  0.26712792  0.00000000    0.01569682  0.00000000   -0.01569682 -0.00000000
  0.01569682  0.00000000    0.26712792  0.00000000   -0.01569682 -0.00000000
 -0.01569682 -0.00000000   -0.01569682 -0.00000000    0.26712792  0.00000000
    1    2
 -0.16867479 -0.04747954    0.05820648 -0.03407284   -0.05820648  0.03407284
  0.05820648 -0.03407284   -0.16867479 -0.04747954   -0.05820648  0.03407284
 -0.05820648  0.03407284   -0.05820648  0.03407284   -0.16867479 -0.04747954
    2    1
 -0.16867479  0.04747954    0.05820648  0.03407284   -0.05820648 -0.03407284
  0.05820648  0.03407284   -0.16867479  0.04747954   -0.05820648 -0.03407284
 -0.05820648 -0.03407284   -0.05820648 -0.03407284   -0.16867479  0.04747954
    2    2
  0.26712792 -0.00000000    0.01569682 -0.00000000   -0.01569682  0.00000000
  0.01569682 -0.00000000    0.26712792 -0.00000000   -0.01569682  0.00000000
 -0.01569682  0.00000000   -0.01569682  0.00000000    0.26712792 -0.00000000

     Dynamical  Matrix in cartesian axes

     q = (   -0.333333333   0.333333333   0.333333333 ) 

    1    1
  0.26712792 -0.00000000   -0.01569682 -0.00000000   -0.01569682  0.00000000
 -0.01569682  0.00000000    0.26712792 -0.00000000    0.01569682  0.00000000
 -0.01569682  0.00000000    0.01569682 -0.00000000    0.26712792 -0.00000000
    1    2
 -0.16867479  0.04747954   -0.05820648 -0.03407284   -0.05820648 -0.03407284
 -0.05820648 -0.03407284   -0.16867479  0.04747954    0.05820648  0.03407284
 -0.05820648 -0.03407284    0.05820648  0.03407284   -0.16867479  0.04747954
    2    1
 -0.16867479 -0.04747954   -0.05820648  0.03407284   -0.05820648  0.03407284
 -0.05820648  0.03407284   -0.16867479 -0.04747954    0.05820648 -0.03407284
 -0.05820648  0.03407284    0.05820648 -0.03407284   -0.16867479 -0.04747954
    2    2
  0.26712792  0.00000000   -0.01569682  0.00000000   -0.01569682 -0.00000000
 -0.01569682 -0.00000000    0.26712792  0.00000000    0.01569682 -0.00000000
 -0.01569682 -0.00000000    0.01569682  0.00000000    0.26712792  0.00000000

     Diagonalizing the dynamical matrix

     q = (   -0.333333333   0.333333333  -0.333333333 ) 

 **************************************************************************
     freq (    1) =       3.195656 [THz] =     106.595624 [cm-1]
 ( -0.166868 -0.214035 -0.506061 -0.234079 -0.339193 -0.020043 ) 
 ( -0.179203 -0.203819 -0.518987 -0.203819 -0.339785  0.000000 ) 
     freq (    2) =       3.195656 [THz] =     106.595624 [cm-1]
 (  0.477907  0.176867  0.011944  0.149333 -0.465963 -0.027534 ) 
 (  0.487508  0.148368  0.020732  0.148368 -0.466776  0.000000 ) 
     freq (    3) =       8.518566 [THz] =     284.148791 [cm-1]
 (  0.168147  0.372012 -0.168147 -0.372012  0.168147  0.372012 ) 
 (  0.408248 -0.000000 -0.408248  0.000000  0.408248  0.000000 ) 
     freq (    4) =      13.411227 [THz] =     447.350382 [cm-1]
 (  0.168147  0.372012 -0.168147 -0.372012  0.168147  0.372012 ) 
 ( -0.408248  0.000000  0.408248 -0.000000 -0.408248  0.000000 ) 
     freq (    5) =      14.226578 [THz] =     474.547549 [cm-1]
 ( -0.354004  0.322215 -0.407653  0.319045 -0.053649 -0.003170 ) 
 (  0.334381 -0.342536  0.388123 -0.342536  0.053742  0.000000 ) 
     freq (    6) =      14.226578 [THz] =     474.547549 [cm-1]
 ( -0.322525  0.013021  0.251318  0.046930  0.573843  0.033909 ) 
 (  0.321195 -0.032024 -0.253648 -0.032024 -0.574844  0.000000 ) 
 **************************************************************************
