Dynamical matrix file
                                                                           
  1    2  2 10.3520000  0.0000000  0.0000000  0.0000000  0.0000000  0.0000000
           1  'Si  '    25598.8229845270     
    1    1      0.0000000000      0.0000000000      0.0000000000
    2    1      0.2500000000      0.2500000000      0.2500000000

     Dynamical  Matrix in cartesian axes

     q = (   -0.166666667   0.166666667  -0.166666667 ) 

    1    1
  0.26537669 -0.00000000   -0.00631545  0.00000000    0.00631545 -0.00000000
 -0.00631545  0.00000000    0.26537669 -0.00000000   -0.00631545  0.00000000
  0.00631545  0.00000000   -0.00631545  0.00000000    0.26537669  0.00000000
    1    2
 -0.22946340 -0.05280692   -0.01692671  0.03160578    0.01692671 -0.03160578
 -0.01692671  0.03160578   -0.22946340 -0.05280692   -0.01692671  0.03160578
  0.01692671 -0.03160578   -0.01692671  0.03160578   -0.22946340 -0.05280692
    2    1
 -0.22946340  0.05280692   -0.01692671 -0.03160578    0.01692671  0.03160578
 -0.01692671 -0.03160578   -0.22946340  0.05280692   -0.01692671 -0.03160578
  0.01692671  0.03160578   -0.01692671 -0.03160578   -0.22946340  0.05280692
    2    2
  0.26537669  0.00000000   -0.00631545 -0.00000000    0.00631545  0.00000000
 -0.00631545 -0.00000000    0.26537669  0.00000000   -0.00631545 -0.00000000
  0.00631545  0.00000000   -0.00631545 -0.00000000    0.26537669  0.00000000

     Dynamical  Matrix in cartesian axes

     q = (    0.166666667   0.166666667   0.166666667 ) 

    1    1
  0.26537669 -0.00000000    0.00631545 -0.00000000    0.00631545 -0.00000000
  0.00631545 -0.00000000    0.26537669 -0.00000000    0.00631545 -0.00000000
  0.00631545 -0.00000000    0.00631545 -0.00000000    0.26537669 -0.00000000
    1    2
 -0.16046383  0.17231767   -0.01890805 -0.03046185   -0.01890805 -0.03046185
 -0.01890805 -0.03046185   -0.16046383  0.17231767   -0.01890805 -0.03046185
 -0.01890805 -0.03046185   -0.01890805 -0.03046185   -0.16046383  0.17231767
    2    1
 -0.16046383 -0.17231767   -0.01890805  0.03046185   -0.01890805  0.03046185
 -0.01890805  0.03046185   -0.16046383 -0.17231767   -0.01890805  0.03046185
 -0.01890805  0.03046185   -0.01890805  0.03046185   -0.16046383 -0.17231767
    2    2
  0.26537669  0.00000000    0.00631545  0.00000000    0.00631545  0.00000000
  0.00631545  0.00000000    0.26537669  0.00000000    0.00631545  0.00000000
  0.00631545  0.00000000    0.00631545  0.00000000    0.26537669  0.00000000

     Dynamical  Matrix in cartesian axes

     q = (   -0.166666667  -0.166666667  -0.166666667 ) 

    1    1
  0.26537669  0.00000000    0.00631545  0.00000000    0.00631545  0.00000000
  0.00631545  0.00000000    0.26537669  0.00000000    0.00631545  0.00000000
  0.00631545  0.00000000    0.00631545  0.00000000    0.26537669  0.00000000
    1    2
 -0.16046383 -0.17231767   -0.01890805  0.03046185   -0.01890805  0.03046185
 -0.01890805  0.03046185   -0.16046383 -0.17231767   -0.01890805  0.03046185
 -0.01890805  0.03046185   -0.01890805  0.03046185   -0.16046383 -0.17231767
    2    1
 -0.16046383  0.17231767   -0.01890805 -0.03046185   -0.01890805 -0.03046185
 -0.01890805 -0.03046185   -0.16046383  0.17231767   -0.01890805 -0.03046185
 -0.01890805 -0.03046185   -0.01890805 -0.03046185   -0.16046383  0.17231767
    2    2
  0.26537669 -0.00000000    0.00631545 -0.00000000    0.00631545 -0.00000000
  0.00631545 -0.00000000    0.26537669 -0.00000000    0.00631545 -0.00000000
  0.00631545 -0.00000000    0.00631545 -0.00000000    0.26537669 -0.00000000

     Dynamical  Matrix in cartesian axes

     q = (    0.166666667  -0.166666667   0.166666667 ) 

    1    1
  0.26537669  0.00000000   -0.00631545 -0.00000000    0.00631545  0.00000000
 -0.00631545 -0.00000000    0.26537669  0.00000000   -0.00631545 -0.00000000
  0.00631545  0.00000000   -0.00631545 -0.00000000    0.26537669  0.00000000
    1    2
 -0.22946340  0.05280692   -0.01692671 -0.03160578    0.01692671  0.03160578
 -0.01692671 -0.03160578   -0.22946340  0.05280692   -0.01692671 -0.03160578
  0.01692671  0.03160578   -0.01692671 -0.03160578   -0.22946340  0.05280692
    2    1
 -0.22946340 -0.05280692   -0.01692671  0.03160578    0.01692671 -0.03160578
 -0.01692671  0.03160578   -0.22946340 -0.05280692   -0.01692671  0.03160578
  0.01692671 -0.03160578   -0.01692671  0.03160578   -0.22946340 -0.05280692
    2    2
  0.26537669 -0.00000000   -0.00631545  0.00000000    0.00631545 -0.00000000
 -0.00631545  0.00000000    0.26537669 -0.00000000   -0.00631545  0.00000000
  0.00631545 -0.00000000   -0.00631545  0.00000000    0.26537669 -0.00000000

     Dynamical  Matrix in cartesian axes

     q = (    0.166666667  -0.166666667  -0.166666667 ) 

    1    1
  0.26537669 -0.00000000   -0.00631545  0.00000000   -0.00631545  0.00000000
 -0.00631545  0.00000000    0.26537669 -0.00000000    0.00631545 -0.00000000
 -0.00631545  0.00000000    0.00631545 -0.00000000    0.26537669 -0.00000000
    1    2
 -0.22946340 -0.05280692   -0.01692671  0.03160578   -0.01692671  0.03160578
 -0.01692671  0.03160578   -0.22946340 -0.05280692    0.01692671 -0.03160578
 -0.01692671  0.03160578    0.01692671 -0.03160578   -0.22946340 -0.05280692
    2    1
 -0.22946340  0.05280692   -0.01692671 -0.03160578   -0.01692671 -0.03160578
 -0.01692671 -0.03160578   -0.22946340  0.05280692    0.01692671  0.03160578
 -0.01692671 -0.03160578    0.01692671  0.03160578   -0.22946340  0.05280692
    2    2
  0.26537669  0.00000000   -0.00631545 -0.00000000   -0.00631545 -0.00000000
 -0.00631545 -0.00000000    0.26537669  0.00000000    0.00631545  0.00000000
 -0.00631545 -0.00000000    0.00631545  0.00000000    0.26537669  0.00000000

     Dynamical  Matrix in cartesian axes

     q = (    0.166666667   0.166666667  -0.166666667 ) 

    1    1
  0.26537669  0.00000000    0.00631545  0.00000000   -0.00631545 -0.00000000
  0.00631545  0.00000000    0.26537669  0.00000000   -0.00631545 -0.00000000
 -0.00631545 -0.00000000   -0.00631545 -0.00000000    0.26537669  0.00000000
    1    2
 -0.22946340  0.05280692    0.01692671  0.03160578   -0.01692671 -0.03160578
  0.01692671  0.03160578   -0.22946340  0.05280692   -0.01692671 -0.03160578
 -0.01692671 -0.03160578   -0.01692671 -0.03160578   -0.22946340  0.05280692
    2    1
 -0.22946340 -0.05280692    0.01692671 -0.03160578   -0.01692671  0.03160578
  0.01692671 -0.03160578   -0.22946340 -0.05280692   -0.01692671  0.03160578
 -0.01692671  0.03160578   -0.01692671  0.03160578   -0.22946340 -0.05280692
    2    2
  0.26537669 -0.00000000    0.00631545 -0.00000000   -0.00631545  0.00000000
  0.00631545 -0.00000000    0.26537669 -0.00000000   -0.00631545  0.00000000
 -0.00631545  0.00000000   -0.00631545  0.00000000    0.26537669 -0.00000000

     Dynamical  Matrix in cartesian axes

     q = (   -0.166666667  -0.166666667   0.166666667 ) 

    1    1
  0.26537669 -0.00000000    0.00631545 -0.00000000   -0.00631545  0.00000000
  0.00631545 -0.00000000    0.26537669 -0.00000000   -0.00631545  0.00000000
 -0.00631545  0.00000000   -0.00631545  0.00000000    0.26537669 -0.00000000
    1    2
 -0.22946340 -0.05280692    0.01692671 -0.03160578   -0.01692671  0.03160578
  0.01692671 -0.03160578   -0.22946340 -0.05280692   -0.01692671  0.03160578
 -0.01692671  0.03160578   -0.01692671  0.03160578   -0.22946340 -0.05280692
    2    1
 -0.22946340  0.05280692    0.01692671  0.03160578   -0.01692671 -0.03160578
  0.01692671  0.03160578   -0.22946340  0.05280692   -0.01692671 -0.03160578
 -0.01692671 -0.03160578   -0.01692671 -0.03160578   -0.22946340  0.05280692
    2    2
  0.26537669  0.00000000    0.00631545  0.00000000   -0.00631545 -0.00000000
  0.00631545  0.00000000    0.26537669  0.00000000   -0.00631545 -0.00000000
 -0.00631545 -0.00000000   -0.00631545 -0.00000000    0.26537669  0.00000000

     Dynamical  Matrix in cartesian axes

     q = (   -0.166666667   0.166666667   0.166666667 ) 

    1    1
  0.26537669  0.00000000   -0.00631545 -0.00000000   -0.00631545 -0.00000000
 -0.00631545 -0.00000000    0.26537669  0.00000000    0.00631545  0.00000000
 -0.00631545 -0.00000000    0.00631545  0.00000000    0.26537669  0.00000000
    1    2
 -0.22946340  0.05280692   -0.01692671 -0.03160578   -0.01692671 -0.03160578
 -0.01692671 -0.03160578   -0.22946340  0.05280692    0.01692671  0.03160578
 -0.01692671 -0.03160578    0.01692671  0.03160578   -0.22946340  0.05280692
    2    1
 -0.22946340 -0.05280692   -0.01692671  0.03160578   -0.01692671  0.03160578
 -0.01692671  0.03160578   -0.22946340 -0.05280692    0.01692671 -0.03160578
 -0.01692671  0.03160578    0.01692671 -0.03160578   -0.22946340 -0.05280692
    2    2
  0.26537669 -0.00000000   -0.00631545  0.00000000   -0.00631545  0.00000000
 -0.00631545  0.00000000    0.26537669 -0.00000000    0.00631545 -0.00000000
 -0.00631545  0.00000000    0.00631545 -0.00000000    0.26537669 -0.00000000

     Diagonalizing the dynamical matrix

     q = (   -0.166666667   0.166666667  -0.166666667 ) 

 **************************************************************************
     freq (    1) =       2.229877 [THz] =      74.380697 [cm-1]
 (  0.566709  0.037603  0.373161  0.020949 -0.193548 -0.016654 ) 
 (  0.567847 -0.011119  0.373584 -0.011119 -0.194263  0.000000 ) 
     freq (    2) =       2.229877 [THz] =      74.380697 [cm-1]
 ( -0.102931 -0.012845  0.438754  0.033766  0.541685  0.046610 ) 
 ( -0.103653 -0.003973  0.440033 -0.003973  0.543687  0.000000 ) 
     freq (    3) =       4.624366 [THz] =     154.252255 [cm-1]
 ( -0.351133 -0.208261  0.351133  0.208261 -0.351133 -0.208261 ) 
 ( -0.408248 -0.000000  0.408248 -0.000000 -0.408248  0.000000 ) 
     freq (    4) =      14.618338 [THz] =     487.615275 [cm-1]
 (  0.351133  0.208261 -0.351133 -0.208261  0.351133  0.208261 ) 
 ( -0.408248 -0.000000  0.408248 -0.000000 -0.408248  0.000000 ) 
     freq (    5) =      14.631724 [THz] =     488.061789 [cm-1]
 (  0.249611 -0.003017  0.574875  0.024971  0.325264  0.027988 ) 
 ( -0.248434  0.024405 -0.574900  0.024405 -0.326466  0.000000 ) 
     freq (    6) =      14.631724 [THz] =     488.061789 [cm-1]
 ( -0.519844 -0.027937 -0.045411  0.012886  0.474433  0.040824 ) 
 (  0.520325 -0.016732  0.044139 -0.016732 -0.476186  0.000000 ) 
 **************************************************************************
