Dynamical matrix file
                                                                           
  1    2  2 10.3160000  0.0000000  0.0000000  0.0000000  0.0000000  0.0000000
           1  'Si  '    25598.8229845270     
    1    1      0.0000000000      0.0000000000      0.0000000000
    2    1      0.2500000000      0.2500000000      0.2500000000

     Dynamical  Matrix in cartesian axes

     q = (    0.500000000  -0.166666667   0.833333333 ) 

    1    1
  0.24313518  0.00000000   -0.00516738  0.00095153    0.00516738  0.00095153
 -0.00516738 -0.00095153    0.27219569  0.00000000   -0.00369326 -0.01476799
  0.00516738 -0.00095153   -0.00369326  0.01476799    0.27219569  0.00000000
    1    2
 -0.02972463  0.05148457   -0.10961268  0.04032139   -0.01988699 -0.11508806
 -0.10961268  0.04032139   -0.02967422  0.05998555   -0.02269379  0.03930680
 -0.01988699 -0.11508806   -0.02269379  0.03930680   -0.03711190  0.05569140
    2    1
 -0.02972463 -0.05148457   -0.10961268 -0.04032139   -0.01988699  0.11508806
 -0.10961268 -0.04032139   -0.02967422 -0.05998555   -0.02269379 -0.03930680
 -0.01988699  0.11508806   -0.02269379 -0.03930680   -0.03711190 -0.05569140
    2    2
  0.24313518  0.00000000   -0.00516738 -0.00095153    0.00516738 -0.00095153
 -0.00516738  0.00095153    0.27219569  0.00000000   -0.00369326  0.01476799
  0.00516738  0.00095153   -0.00369326 -0.01476799    0.27219569  0.00000000

     Dynamical  Matrix in cartesian axes

     q = (    0.833333333   0.166666667   0.500000000 ) 

    1    1
  0.27219569  0.00000000    0.00369326  0.01476799    0.00516738  0.00095153
  0.00369326 -0.01476799    0.27219569  0.00000000    0.00516738 -0.00095153
  0.00516738 -0.00095153    0.00516738  0.00095153    0.24313518  0.00000000
    1    2
  0.06678612 -0.00429415   -0.04538758  0.00000000   -0.08972569 -0.07476667
 -0.04538758  0.00000000    0.06678612  0.00429415   -0.08972569  0.07476667
 -0.08972569 -0.07476667   -0.08972569  0.07476667    0.05944927 -0.00000000
    2    1
  0.06678612  0.00429415   -0.04538758 -0.00000000   -0.08972569  0.07476667
 -0.04538758 -0.00000000    0.06678612 -0.00429415   -0.08972569 -0.07476667
 -0.08972569  0.07476667   -0.08972569 -0.07476667    0.05944927  0.00000000
    2    2
  0.27219569  0.00000000    0.00369326 -0.01476799    0.00516738 -0.00095153
  0.00369326  0.01476799    0.27219569 -0.00000000    0.00516738  0.00095153
  0.00516738  0.00095153    0.00516738 -0.00095153    0.24313518  0.00000000

     Dynamical  Matrix in cartesian axes

     q = (    0.500000000   0.166666667   0.833333333 ) 

    1    1
  0.24313518  0.00000000    0.00516738  0.00095153    0.00516738 -0.00095153
  0.00516738 -0.00095153    0.27219569 -0.00000000    0.00369326 -0.01476799
  0.00516738  0.00095153    0.00369326  0.01476799    0.27219569 -0.00000000
    1    2
  0.05944927  0.00000000   -0.08972569  0.07476667   -0.08972569 -0.07476667
 -0.08972569  0.07476667    0.06678612  0.00429415   -0.04538758 -0.00000000
 -0.08972569 -0.07476667   -0.04538758 -0.00000000    0.06678612 -0.00429415
    2    1
  0.05944927 -0.00000000   -0.08972569 -0.07476667   -0.08972569  0.07476667
 -0.08972569 -0.07476667    0.06678612 -0.00429415   -0.04538758  0.00000000
 -0.08972569  0.07476667   -0.04538758  0.00000000    0.06678612  0.00429415
    2    2
  0.24313518  0.00000000    0.00516738 -0.00095153    0.00516738  0.00095153
  0.00516738  0.00095153    0.27219569  0.00000000    0.00369326  0.01476799
  0.00516738 -0.00095153    0.00369326 -0.01476799    0.27219569  0.00000000

     Dynamical  Matrix in cartesian axes

     q = (   -0.833333333  -0.166666667   0.500000000 ) 

    1    1
  0.27219569  0.00000000    0.00369326  0.01476799   -0.00516738 -0.00095153
  0.00369326 -0.01476799    0.27219569  0.00000000   -0.00516738  0.00095153
 -0.00516738  0.00095153   -0.00516738 -0.00095153    0.24313518  0.00000000
    1    2
 -0.06678612  0.00429415    0.04538758  0.00000000   -0.08972569 -0.07476667
  0.04538758  0.00000000   -0.06678612 -0.00429415   -0.08972569  0.07476667
 -0.08972569 -0.07476667   -0.08972569  0.07476667   -0.05944927 -0.00000000
    2    1
 -0.06678612 -0.00429415    0.04538758 -0.00000000   -0.08972569  0.07476667
  0.04538758 -0.00000000   -0.06678612  0.00429415   -0.08972569 -0.07476667
 -0.08972569  0.07476667   -0.08972569 -0.07476667   -0.05944927  0.00000000
    2    2
  0.27219569  0.00000000    0.00369326 -0.01476799   -0.00516738  0.00095153
  0.00369326  0.01476799    0.27219569  0.00000000   -0.00516738 -0.00095153
 -0.00516738 -0.00095153   -0.00516738  0.00095153    0.24313518  0.00000000

     Dynamical  Matrix in cartesian axes

     q = (   -0.833333333  -0.166666667  -0.500000000 ) 

    1    1
  0.27219569  0.00000000    0.00369326 -0.01476799    0.00516738 -0.00095153
  0.00369326  0.01476799    0.27219569 -0.00000000    0.00516738  0.00095153
  0.00516738  0.00095153    0.00516738 -0.00095153    0.24313518  0.00000000
    1    2
  0.06678612  0.00429415   -0.04538758 -0.00000000   -0.08972569  0.07476667
 -0.04538758 -0.00000000    0.06678612 -0.00429415   -0.08972569 -0.07476667
 -0.08972569  0.07476667   -0.08972569 -0.07476667    0.05944927  0.00000000
    2    1
  0.06678612 -0.00429415   -0.04538758  0.00000000   -0.08972569 -0.07476667
 -0.04538758  0.00000000    0.06678612  0.00429415   -0.08972569  0.07476667
 -0.08972569 -0.07476667   -0.08972569  0.07476667    0.05944927 -0.00000000
    2    2
  0.27219569  0.00000000    0.00369326  0.01476799    0.00516738  0.00095153
  0.00369326 -0.01476799    0.27219569  0.00000000    0.00516738 -0.00095153
  0.00516738 -0.00095153    0.00516738  0.00095153    0.24313518  0.00000000

     Dynamical  Matrix in cartesian axes

     q = (   -0.500000000  -0.166666667  -0.833333333 ) 

    1    1
  0.24313518  0.00000000    0.00516738 -0.00095153    0.00516738  0.00095153
  0.00516738  0.00095153    0.27219569  0.00000000    0.00369326  0.01476799
  0.00516738 -0.00095153    0.00369326 -0.01476799    0.27219569  0.00000000
    1    2
  0.05944927 -0.00000000   -0.08972569 -0.07476667   -0.08972569  0.07476667
 -0.08972569 -0.07476667    0.06678612 -0.00429415   -0.04538758  0.00000000
 -0.08972569  0.07476667   -0.04538758  0.00000000    0.06678612  0.00429415
    2    1
  0.05944927  0.00000000   -0.08972569  0.07476667   -0.08972569 -0.07476667
 -0.08972569  0.07476667    0.06678612  0.00429415   -0.04538758 -0.00000000
 -0.08972569 -0.07476667   -0.04538758 -0.00000000    0.06678612 -0.00429415
    2    2
  0.24313518  0.00000000    0.00516738  0.00095153    0.00516738 -0.00095153
  0.00516738 -0.00095153    0.27219569 -0.00000000    0.00369326 -0.01476799
  0.00516738  0.00095153    0.00369326  0.01476799    0.27219569 -0.00000000

     Dynamical  Matrix in cartesian axes

     q = (    0.833333333  -0.166666667   0.500000000 ) 

    1    1
  0.27219569  0.00000000   -0.00369326  0.01476799    0.00516738 -0.00095153
 -0.00369326 -0.01476799    0.27219569  0.00000000   -0.00516738 -0.00095153
  0.00516738  0.00095153   -0.00516738  0.00095153    0.24313518  0.00000000
    1    2
 -0.03711190  0.05569140   -0.02269379  0.03930680   -0.01988699 -0.11508806
 -0.02269379  0.03930680   -0.02967422  0.05998555   -0.10961268  0.04032139
 -0.01988699 -0.11508806   -0.10961268  0.04032139   -0.02972463  0.05148457
    2    1
 -0.03711190 -0.05569140   -0.02269379 -0.03930680   -0.01988699  0.11508806
 -0.02269379 -0.03930680   -0.02967422 -0.05998555   -0.10961268 -0.04032139
 -0.01988699  0.11508806   -0.10961268 -0.04032139   -0.02972463 -0.05148457
    2    2
  0.27219569  0.00000000   -0.00369326 -0.01476799    0.00516738  0.00095153
 -0.00369326  0.01476799    0.27219569 -0.00000000   -0.00516738  0.00095153
  0.00516738 -0.00095153   -0.00516738 -0.00095153    0.24313518  0.00000000

     Dynamical  Matrix in cartesian axes

     q = (   -0.500000000  -0.166666667   0.833333333 ) 

    1    1
  0.24313518  0.00000000    0.00516738  0.00095153   -0.00516738  0.00095153
  0.00516738 -0.00095153    0.27219569 -0.00000000   -0.00369326  0.01476799
 -0.00516738 -0.00095153   -0.00369326 -0.01476799    0.27219569  0.00000000
    1    2
 -0.02972463  0.05148457   -0.01988699 -0.11508806   -0.10961268  0.04032139
 -0.01988699 -0.11508806   -0.03711190  0.05569140   -0.02269379  0.03930680
 -0.10961268  0.04032139   -0.02269379  0.03930680   -0.02967422  0.05998555
    2    1
 -0.02972463 -0.05148457   -0.01988699  0.11508806   -0.10961268 -0.04032139
 -0.01988699  0.11508806   -0.03711190 -0.05569140   -0.02269379 -0.03930680
 -0.10961268 -0.04032139   -0.02269379 -0.03930680   -0.02967422 -0.05998555
    2    2
  0.24313518  0.00000000    0.00516738 -0.00095153   -0.00516738 -0.00095153
  0.00516738  0.00095153    0.27219569  0.00000000   -0.00369326 -0.01476799
 -0.00516738  0.00095153   -0.00369326  0.01476799    0.27219569 -0.00000000

     Dynamical  Matrix in cartesian axes

     q = (   -0.833333333   0.166666667   0.500000000 ) 

    1    1
  0.27219569  0.00000000   -0.00369326  0.01476799   -0.00516738  0.00095153
 -0.00369326 -0.01476799    0.27219569 -0.00000000    0.00516738  0.00095153
 -0.00516738 -0.00095153    0.00516738 -0.00095153    0.24313518  0.00000000
    1    2
 -0.02967422 -0.05998555   -0.02269379 -0.03930680   -0.10961268 -0.04032139
 -0.02269379 -0.03930680   -0.03711190 -0.05569140   -0.01988699  0.11508806
 -0.10961268 -0.04032139   -0.01988699  0.11508806   -0.02972463 -0.05148457
    2    1
 -0.02967422  0.05998555   -0.02269379  0.03930680   -0.10961268  0.04032139
 -0.02269379  0.03930680   -0.03711190  0.05569140   -0.01988699 -0.11508806
 -0.10961268  0.04032139   -0.01988699 -0.11508806   -0.02972463  0.05148457
    2    2
  0.27219569  0.00000000   -0.00369326 -0.01476799   -0.00516738 -0.00095153
 -0.00369326  0.01476799    0.27219569  0.00000000    0.00516738 -0.00095153
 -0.00516738  0.00095153    0.00516738  0.00095153    0.24313518  0.00000000

     Dynamical  Matrix in cartesian axes

     q = (    0.833333333   0.166666667  -0.500000000 ) 

    1    1
  0.27219569  0.00000000    0.00369326 -0.01476799   -0.00516738  0.00095153
  0.00369326  0.01476799    0.27219569  0.00000000   -0.00516738 -0.00095153
 -0.00516738 -0.00095153   -0.00516738  0.00095153    0.24313518  0.00000000
    1    2
 -0.06678612 -0.00429415    0.04538758 -0.00000000   -0.08972569  0.07476667
  0.04538758 -0.00000000   -0.06678612  0.00429415   -0.08972569 -0.07476667
 -0.08972569  0.07476667   -0.08972569 -0.07476667   -0.05944927  0.00000000
    2    1
 -0.06678612  0.00429415    0.04538758  0.00000000   -0.08972569 -0.07476667
  0.04538758  0.00000000   -0.06678612 -0.00429415   -0.08972569  0.07476667
 -0.08972569 -0.07476667   -0.08972569  0.07476667   -0.05944927 -0.00000000
    2    2
  0.27219569  0.00000000    0.00369326  0.01476799   -0.00516738 -0.00095153
  0.00369326 -0.01476799    0.27219569  0.00000000   -0.00516738  0.00095153
 -0.00516738  0.00095153   -0.00516738 -0.00095153    0.24313518  0.00000000

     Dynamical  Matrix in cartesian axes

     q = (    0.833333333  -0.166666667  -0.500000000 ) 

    1    1
  0.27219569  0.00000000   -0.00369326 -0.01476799   -0.00516738 -0.00095153
 -0.00369326  0.01476799    0.27219569  0.00000000    0.00516738 -0.00095153
 -0.00516738  0.00095153    0.00516738  0.00095153    0.24313518  0.00000000
    1    2
 -0.02967422  0.05998555   -0.02269379  0.03930680   -0.10961268  0.04032139
 -0.02269379  0.03930680   -0.03711190  0.05569140   -0.01988699 -0.11508806
 -0.10961268  0.04032139   -0.01988699 -0.11508806   -0.02972463  0.05148457
    2    1
 -0.02967422 -0.05998555   -0.02269379 -0.03930680   -0.10961268 -0.04032139
 -0.02269379 -0.03930680   -0.03711190 -0.05569140   -0.01988699  0.11508806
 -0.10961268 -0.04032139   -0.01988699  0.11508806   -0.02972463 -0.05148457
    2    2
  0.27219569  0.00000000   -0.00369326  0.01476799   -0.00516738  0.00095153
 -0.00369326 -0.01476799    0.27219569 -0.00000000    0.00516738  0.00095153
 -0.00516738 -0.00095153    0.00516738 -0.00095153    0.24313518  0.00000000

     Dynamical  Matrix in cartesian axes

     q = (    0.500000000   0.166666667  -0.833333333 ) 

    1    1
  0.24313518  0.00000000    0.00516738 -0.00095153   -0.00516738 -0.00095153
  0.00516738  0.00095153    0.27219569  0.00000000   -0.00369326 -0.01476799
 -0.00516738  0.00095153   -0.00369326  0.01476799    0.27219569 -0.00000000
    1    2
 -0.02972463 -0.05148457   -0.01988699  0.11508806   -0.10961268 -0.04032139
 -0.01988699  0.11508806   -0.03711190 -0.05569140   -0.02269379 -0.03930680
 -0.10961268 -0.04032139   -0.02269379 -0.03930680   -0.02967422 -0.05998555
    2    1
 -0.02972463  0.05148457   -0.01988699 -0.11508806   -0.10961268  0.04032139
 -0.01988699 -0.11508806   -0.03711190  0.05569140   -0.02269379  0.03930680
 -0.10961268  0.04032139   -0.02269379  0.03930680   -0.02967422  0.05998555
    2    2
  0.24313518  0.00000000    0.00516738  0.00095153   -0.00516738  0.00095153
  0.00516738 -0.00095153    0.27219569 -0.00000000   -0.00369326  0.01476799
 -0.00516738 -0.00095153   -0.00369326 -0.01476799    0.27219569  0.00000000

     Dynamical  Matrix in cartesian axes

     q = (   -0.500000000   0.166666667   0.833333333 ) 

    1    1
  0.24313518  0.00000000   -0.00516738  0.00095153   -0.00516738 -0.00095153
 -0.00516738 -0.00095153    0.27219569  0.00000000    0.00369326  0.01476799
 -0.00516738  0.00095153    0.00369326 -0.01476799    0.27219569 -0.00000000
    1    2
 -0.05944927 -0.00000000   -0.08972569 -0.07476667   -0.08972569  0.07476667
 -0.08972569 -0.07476667   -0.06678612  0.00429415    0.04538758  0.00000000
 -0.08972569  0.07476667    0.04538758  0.00000000   -0.06678612 -0.00429415
    2    1
 -0.05944927  0.00000000   -0.08972569  0.07476667   -0.08972569 -0.07476667
 -0.08972569  0.07476667   -0.06678612 -0.00429415    0.04538758  0.00000000
 -0.08972569 -0.07476667    0.04538758 -0.00000000   -0.06678612  0.00429415
    2    2
  0.24313518  0.00000000   -0.00516738 -0.00095153   -0.00516738  0.00095153
 -0.00516738  0.00095153    0.27219569  0.00000000    0.00369326 -0.01476799
 -0.00516738 -0.00095153    0.00369326  0.01476799    0.27219569  0.00000000

     Dynamical  Matrix in cartesian axes

     q = (   -0.500000000   0.166666667  -0.833333333 ) 

    1    1
  0.24313518  0.00000000   -0.00516738 -0.00095153    0.00516738 -0.00095153
 -0.00516738  0.00095153    0.27219569  0.00000000   -0.00369326  0.01476799
  0.00516738  0.00095153   -0.00369326 -0.01476799    0.27219569  0.00000000
    1    2
 -0.02972463 -0.05148457   -0.10961268 -0.04032139   -0.01988699  0.11508806
 -0.10961268 -0.04032139   -0.02967422 -0.05998555   -0.02269379 -0.03930680
 -0.01988699  0.11508806   -0.02269379 -0.03930680   -0.03711190 -0.05569140
    2    1
 -0.02972463  0.05148457   -0.10961268  0.04032139   -0.01988699 -0.11508806
 -0.10961268  0.04032139   -0.02967422  0.05998555   -0.02269379  0.03930680
 -0.01988699 -0.11508806   -0.02269379  0.03930680   -0.03711190  0.05569140
    2    2
  0.24313518  0.00000000   -0.00516738  0.00095153    0.00516738  0.00095153
 -0.00516738 -0.00095153    0.27219569  0.00000000   -0.00369326 -0.01476799
  0.00516738 -0.00095153   -0.00369326  0.01476799    0.27219569  0.00000000

     Dynamical  Matrix in cartesian axes

     q = (   -0.833333333   0.166666667  -0.500000000 ) 

    1    1
  0.27219569  0.00000000   -0.00369326 -0.01476799    0.00516738  0.00095153
 -0.00369326  0.01476799    0.27219569 -0.00000000   -0.00516738  0.00095153
  0.00516738 -0.00095153   -0.00516738 -0.00095153    0.24313518  0.00000000
    1    2
 -0.03711190 -0.05569140   -0.02269379 -0.03930680   -0.01988699  0.11508806
 -0.02269379 -0.03930680   -0.02967422 -0.05998555   -0.10961268 -0.04032139
 -0.01988699  0.11508806   -0.10961268 -0.04032139   -0.02972463 -0.05148457
    2    1
 -0.03711190  0.05569140   -0.02269379  0.03930680   -0.01988699 -0.11508806
 -0.02269379  0.03930680   -0.02967422  0.05998555   -0.10961268  0.04032139
 -0.01988699 -0.11508806   -0.10961268  0.04032139   -0.02972463  0.05148457
    2    2
  0.27219569  0.00000000   -0.00369326  0.01476799    0.00516738 -0.00095153
 -0.00369326 -0.01476799    0.27219569  0.00000000   -0.00516738 -0.00095153
  0.00516738  0.00095153   -0.00516738  0.00095153    0.24313518  0.00000000

     Dynamical  Matrix in cartesian axes

     q = (    0.833333333  -0.500000000   0.166666667 ) 

    1    1
  0.27219569  0.00000000   -0.00516738  0.00095153    0.00369326 -0.01476799
 -0.00516738 -0.00095153    0.24313518  0.00000000   -0.00516738  0.00095153
  0.00369326  0.01476799   -0.00516738 -0.00095153    0.27219569 -0.00000000
    1    2
 -0.06678612 -0.00429415   -0.08972569  0.07476667    0.04538758 -0.00000000
 -0.08972569  0.07476667   -0.05944927  0.00000000   -0.08972569 -0.07476667
  0.04538758 -0.00000000   -0.08972569 -0.07476667   -0.06678612  0.00429415
    2    1
 -0.06678612  0.00429415   -0.08972569 -0.07476667    0.04538758  0.00000000
 -0.08972569 -0.07476667   -0.05944927 -0.00000000   -0.08972569  0.07476667
  0.04538758  0.00000000   -0.08972569  0.07476667   -0.06678612 -0.00429415
    2    2
  0.27219569  0.00000000   -0.00516738 -0.00095153    0.00369326  0.01476799
 -0.00516738  0.00095153    0.24313518  0.00000000   -0.00516738 -0.00095153
  0.00369326 -0.01476799   -0.00516738  0.00095153    0.27219569  0.00000000

     Dynamical  Matrix in cartesian axes

     q = (    0.833333333   0.500000000  -0.166666667 ) 

    1    1
  0.27219569  0.00000000    0.00516738 -0.00095153   -0.00369326  0.01476799
  0.00516738  0.00095153    0.24313518  0.00000000   -0.00516738  0.00095153
 -0.00369326 -0.01476799   -0.00516738 -0.00095153    0.27219569 -0.00000000
    1    2
 -0.03711190  0.05569140   -0.01988699 -0.11508806   -0.02269379  0.03930680
 -0.01988699 -0.11508806   -0.02972463  0.05148457   -0.10961268  0.04032139
 -0.02269379  0.03930680   -0.10961268  0.04032139   -0.02967422  0.05998555
    2    1
 -0.03711190 -0.05569140   -0.01988699  0.11508806   -0.02269379 -0.03930680
 -0.01988699  0.11508806   -0.02972463 -0.05148457   -0.10961268 -0.04032139
 -0.02269379 -0.03930680   -0.10961268 -0.04032139   -0.02967422 -0.05998555
    2    2
  0.27219569  0.00000000    0.00516738  0.00095153   -0.00369326 -0.01476799
  0.00516738 -0.00095153    0.24313518  0.00000000   -0.00516738 -0.00095153
 -0.00369326  0.01476799   -0.00516738  0.00095153    0.27219569  0.00000000

     Dynamical  Matrix in cartesian axes

     q = (   -0.833333333  -0.500000000  -0.166666667 ) 

    1    1
  0.27219569  0.00000000    0.00516738 -0.00095153    0.00369326 -0.01476799
  0.00516738  0.00095153    0.24313518  0.00000000    0.00516738 -0.00095153
  0.00369326  0.01476799    0.00516738  0.00095153    0.27219569  0.00000000
    1    2
  0.06678612  0.00429415   -0.08972569  0.07476667   -0.04538758  0.00000000
 -0.08972569  0.07476667    0.05944927  0.00000000   -0.08972569 -0.07476667
 -0.04538758  0.00000000   -0.08972569 -0.07476667    0.06678612 -0.00429415
    2    1
  0.06678612 -0.00429415   -0.08972569 -0.07476667   -0.04538758 -0.00000000
 -0.08972569 -0.07476667    0.05944927  0.00000000   -0.08972569  0.07476667
 -0.04538758  0.00000000   -0.08972569  0.07476667    0.06678612  0.00429415
    2    2
  0.27219569  0.00000000    0.00516738  0.00095153    0.00369326  0.01476799
  0.00516738 -0.00095153    0.24313518  0.00000000    0.00516738  0.00095153
  0.00369326 -0.01476799    0.00516738 -0.00095153    0.27219569 -0.00000000

     Dynamical  Matrix in cartesian axes

     q = (   -0.833333333   0.500000000   0.166666667 ) 

    1    1
  0.27219569  0.00000000   -0.00516738  0.00095153   -0.00369326  0.01476799
 -0.00516738 -0.00095153    0.24313518  0.00000000    0.00516738 -0.00095153
 -0.00369326 -0.01476799    0.00516738  0.00095153    0.27219569  0.00000000
    1    2
 -0.02967422 -0.05998555   -0.10961268 -0.04032139   -0.02269379 -0.03930680
 -0.10961268 -0.04032139   -0.02972463 -0.05148457   -0.01988699  0.11508806
 -0.02269379 -0.03930680   -0.01988699  0.11508806   -0.03711190 -0.05569140
    2    1
 -0.02967422  0.05998555   -0.10961268  0.04032139   -0.02269379  0.03930680
 -0.10961268  0.04032139   -0.02972463  0.05148457   -0.01988699 -0.11508806
 -0.02269379  0.03930680   -0.01988699 -0.11508806   -0.03711190  0.05569140
    2    2
  0.27219569  0.00000000   -0.00516738 -0.00095153   -0.00369326 -0.01476799
 -0.00516738  0.00095153    0.24313518  0.00000000    0.00516738  0.00095153
 -0.00369326  0.01476799    0.00516738 -0.00095153    0.27219569  0.00000000

     Dynamical  Matrix in cartesian axes

     q = (    0.166666667  -0.500000000   0.833333333 ) 

    1    1
  0.27219569  0.00000000   -0.00516738 -0.00095153    0.00369326  0.01476799
 -0.00516738  0.00095153    0.24313518  0.00000000   -0.00516738 -0.00095153
  0.00369326 -0.01476799   -0.00516738  0.00095153    0.27219569  0.00000000
    1    2
 -0.06678612  0.00429415   -0.08972569 -0.07476667    0.04538758 -0.00000000
 -0.08972569 -0.07476667   -0.05944927 -0.00000000   -0.08972569  0.07476667
  0.04538758  0.00000000   -0.08972569  0.07476667   -0.06678612 -0.00429415
    2    1
 -0.06678612 -0.00429415   -0.08972569  0.07476667    0.04538758  0.00000000
 -0.08972569  0.07476667   -0.05944927  0.00000000   -0.08972569 -0.07476667
  0.04538758  0.00000000   -0.08972569 -0.07476667   -0.06678612  0.00429415
    2    2
  0.27219569  0.00000000   -0.00516738  0.00095153    0.00369326 -0.01476799
 -0.00516738 -0.00095153    0.24313518  0.00000000   -0.00516738  0.00095153
  0.00369326  0.01476799   -0.00516738 -0.00095153    0.27219569 -0.00000000

     Dynamical  Matrix in cartesian axes

     q = (   -0.166666667   0.500000000   0.833333333 ) 

    1    1
  0.27219569  0.00000000   -0.00516738 -0.00095153   -0.00369326 -0.01476799
 -0.00516738  0.00095153    0.24313518  0.00000000    0.00516738  0.00095153
 -0.00369326  0.01476799    0.00516738 -0.00095153    0.27219569  0.00000000
    1    2
 -0.02967422  0.05998555   -0.10961268  0.04032139   -0.02269379  0.03930680
 -0.10961268  0.04032139   -0.02972463  0.05148457   -0.01988699 -0.11508806
 -0.02269379  0.03930680   -0.01988699 -0.11508806   -0.03711190  0.05569140
    2    1
 -0.02967422 -0.05998555   -0.10961268 -0.04032139   -0.02269379 -0.03930680
 -0.10961268 -0.04032139   -0.02972463 -0.05148457   -0.01988699  0.11508806
 -0.02269379 -0.03930680   -0.01988699  0.11508806   -0.03711190 -0.05569140
    2    2
  0.27219569  0.00000000   -0.00516738  0.00095153   -0.00369326  0.01476799
 -0.00516738 -0.00095153    0.24313518  0.00000000    0.00516738 -0.00095153
 -0.00369326 -0.01476799    0.00516738  0.00095153    0.27219569  0.00000000

     Dynamical  Matrix in cartesian axes

     q = (    0.166666667   0.500000000  -0.833333333 ) 

    1    1
  0.27219569  0.00000000    0.00516738  0.00095153   -0.00369326 -0.01476799
  0.00516738 -0.00095153    0.24313518  0.00000000   -0.00516738 -0.00095153
 -0.00369326  0.01476799   -0.00516738  0.00095153    0.27219569  0.00000000
    1    2
 -0.03711190 -0.05569140   -0.01988699  0.11508806   -0.02269379 -0.03930680
 -0.01988699  0.11508806   -0.02972463 -0.05148457   -0.10961268 -0.04032139
 -0.02269379 -0.03930680   -0.10961268 -0.04032139   -0.02967422 -0.05998555
    2    1
 -0.03711190  0.05569140   -0.01988699 -0.11508806   -0.02269379  0.03930680
 -0.01988699 -0.11508806   -0.02972463  0.05148457   -0.10961268  0.04032139
 -0.02269379  0.03930680   -0.10961268  0.04032139   -0.02967422  0.05998555
    2    2
  0.27219569  0.00000000    0.00516738 -0.00095153   -0.00369326  0.01476799
  0.00516738  0.00095153    0.24313518  0.00000000   -0.00516738  0.00095153
 -0.00369326 -0.01476799   -0.00516738 -0.00095153    0.27219569 -0.00000000

     Dynamical  Matrix in cartesian axes

     q = (   -0.166666667  -0.500000000  -0.833333333 ) 

    1    1
  0.27219569  0.00000000    0.00516738  0.00095153    0.00369326  0.01476799
  0.00516738 -0.00095153    0.24313518  0.00000000    0.00516738  0.00095153
  0.00369326 -0.01476799    0.00516738 -0.00095153    0.27219569 -0.00000000
    1    2
  0.06678612 -0.00429415   -0.08972569 -0.07476667   -0.04538758 -0.00000000
 -0.08972569 -0.07476667    0.05944927  0.00000000   -0.08972569  0.07476667
 -0.04538758 -0.00000000   -0.08972569  0.07476667    0.06678612  0.00429415
    2    1
  0.06678612  0.00429415   -0.08972569  0.07476667   -0.04538758  0.00000000
 -0.08972569  0.07476667    0.05944927 -0.00000000   -0.08972569 -0.07476667
 -0.04538758  0.00000000   -0.08972569 -0.07476667    0.06678612 -0.00429415
    2    2
  0.27219569  0.00000000    0.00516738 -0.00095153    0.00369326 -0.01476799
  0.00516738  0.00095153    0.24313518  0.00000000    0.00516738 -0.00095153
  0.00369326  0.01476799    0.00516738  0.00095153    0.27219569  0.00000000

     Dynamical  Matrix in cartesian axes

     q = (   -0.500000000   0.833333333   0.166666667 ) 

    1    1
  0.24313518  0.00000000   -0.00516738 -0.00095153   -0.00516738  0.00095153
 -0.00516738  0.00095153    0.27219569  0.00000000    0.00369326 -0.01476799
 -0.00516738 -0.00095153    0.00369326  0.01476799    0.27219569  0.00000000
    1    2
 -0.05944927 -0.00000000   -0.08972569  0.07476667   -0.08972569 -0.07476667
 -0.08972569  0.07476667   -0.06678612 -0.00429415    0.04538758  0.00000000
 -0.08972569 -0.07476667    0.04538758 -0.00000000   -0.06678612  0.00429415
    2    1
 -0.05944927  0.00000000   -0.08972569 -0.07476667   -0.08972569  0.07476667
 -0.08972569 -0.07476667   -0.06678612  0.00429415    0.04538758 -0.00000000
 -0.08972569  0.07476667    0.04538758  0.00000000   -0.06678612 -0.00429415
    2    2
  0.24313518  0.00000000   -0.00516738  0.00095153   -0.00516738 -0.00095153
 -0.00516738 -0.00095153    0.27219569  0.00000000    0.00369326  0.01476799
 -0.00516738  0.00095153    0.00369326 -0.01476799    0.27219569 -0.00000000

     Diagonalizing the dynamical matrix

     q = (    0.500000000  -0.166666667   0.833333333 ) 

 **************************************************************************
     freq (    1) =       5.129486 [THz] =     171.101239 [cm-1]
 ( -0.060695  0.567523 -0.147578  0.255612 -0.090184 -0.281040 ) 
 ( -0.521837  0.231198 -0.198296  0.218622  0.295156  0.000000 ) 
     freq (    2) =       6.134752 [THz] =     204.633309 [cm-1]
 (  0.252101  0.287494  0.210295 -0.364242  0.388591 -0.160915 ) 
 (  0.122926 -0.362072  0.333652  0.256072  0.420591  0.000000 ) 
     freq (    3) =       9.708143 [THz] =     323.828798 [cm-1]
 (  0.266360 -0.120182 -0.227653  0.394307  0.446277  0.090228 ) 
 ( -0.237261 -0.170583  0.144998  0.431601 -0.455307  0.000000 ) 
     freq (    4) =      11.219415 [THz] =     374.239405 [cm-1]
 (  0.211978 -0.084230 -0.236635  0.409865  0.453407  0.135674 ) 
 (  0.178935  0.141463 -0.109207 -0.460499  0.473271  0.000000 ) 
     freq (    5) =      13.705284 [THz] =     457.159059 [cm-1]
 ( -0.044798  0.516134 -0.170146  0.294702 -0.116827 -0.319610 ) 
 (  0.469384 -0.219271  0.218377 -0.260980 -0.340293  0.000000 ) 
     freq (    6) =      13.929106 [THz] =     464.624978 [cm-1]
 ( -0.189609 -0.293688 -0.217312  0.376395 -0.432480  0.043118 ) 
 (  0.159537 -0.311050  0.253581  0.352979  0.434624  0.000000 ) 
 **************************************************************************
