Dynamical matrix file
                                                                           
  1    2  2 10.3160000  0.0000000  0.0000000  0.0000000  0.0000000  0.0000000
           1  'Si  '    25598.8229845270     
    1    1      0.0000000000      0.0000000000      0.0000000000
    2    1      0.2500000000      0.2500000000      0.2500000000

     Dynamical  Matrix in cartesian axes

     q = (    0.666666667  -0.333333333   0.666666667 ) 

    1    1
  0.25857127 -0.00000000   -0.01126667  0.00722224    0.01017381 -0.00000000
 -0.01126667 -0.00722224    0.28739732 -0.00000000   -0.01126667 -0.00722224
  0.01017381 -0.00000000   -0.01126667  0.00722224    0.25857127 -0.00000000
    1    2
 -0.09685167  0.05720469   -0.06471688  0.03995951    0.02728992 -0.11453059
 -0.06471688  0.03995951   -0.10077516  0.07207872   -0.06471688  0.03995951
  0.02728992 -0.11453059   -0.06471688  0.03995951   -0.09685167  0.05720469
    2    1
 -0.09685167 -0.05720469   -0.06471688 -0.03995951    0.02728992  0.11453059
 -0.06471688 -0.03995951   -0.10077516 -0.07207872   -0.06471688 -0.03995951
  0.02728992  0.11453059   -0.06471688 -0.03995951   -0.09685167 -0.05720469
    2    2
  0.25857127  0.00000000   -0.01126667 -0.00722224    0.01017381  0.00000000
 -0.01126667  0.00722224    0.28739732  0.00000000   -0.01126667  0.00722224
  0.01017381  0.00000000   -0.01126667 -0.00722224    0.25857127  0.00000000

     Dynamical  Matrix in cartesian axes

     q = (   -0.666666667  -0.333333333  -0.666666667 ) 

    1    1
  0.25857127  0.00000000    0.01126667 -0.00722224    0.01017381  0.00000000
  0.01126667  0.00722224    0.28739732  0.00000000    0.01126667  0.00722224
  0.01017381  0.00000000    0.01126667 -0.00722224    0.25857127  0.00000000
    1    2
  0.09796655  0.05527366   -0.06696439 -0.03606671   -0.11283136  0.03363153
 -0.06696439 -0.03606671    0.11280958  0.05123449   -0.06696439 -0.03606671
 -0.11283136  0.03363153   -0.06696439 -0.03606671    0.09796655  0.05527366
    2    1
  0.09796655 -0.05527366   -0.06696439  0.03606671   -0.11283136 -0.03363153
 -0.06696439  0.03606671    0.11280958 -0.05123449   -0.06696439  0.03606671
 -0.11283136 -0.03363153   -0.06696439  0.03606671    0.09796655 -0.05527366
    2    2
  0.25857127 -0.00000000    0.01126667  0.00722224    0.01017381 -0.00000000
  0.01126667 -0.00722224    0.28739732 -0.00000000    0.01126667 -0.00722224
  0.01017381 -0.00000000    0.01126667  0.00722224    0.25857127 -0.00000000

     Dynamical  Matrix in cartesian axes

     q = (    0.666666667  -0.333333333  -0.666666667 ) 

    1    1
  0.25857127  0.00000000   -0.01126667 -0.00722224   -0.01017381  0.00000000
 -0.01126667  0.00722224    0.28739732  0.00000000    0.01126667 -0.00722224
 -0.01017381  0.00000000    0.01126667  0.00722224    0.25857127  0.00000000
    1    2
 -0.09796655  0.05527366   -0.06696439  0.03606671   -0.11283136 -0.03363153
 -0.06696439  0.03606671   -0.11280958  0.05123449    0.06696439 -0.03606671
 -0.11283136 -0.03363153    0.06696439 -0.03606671   -0.09796655  0.05527366
    2    1
 -0.09796655 -0.05527366   -0.06696439 -0.03606671   -0.11283136  0.03363153
 -0.06696439 -0.03606671   -0.11280958 -0.05123449    0.06696439  0.03606671
 -0.11283136  0.03363153    0.06696439  0.03606671   -0.09796655 -0.05527366
    2    2
  0.25857127  0.00000000   -0.01126667  0.00722224   -0.01017381  0.00000000
 -0.01126667 -0.00722224    0.28739732 -0.00000000    0.01126667  0.00722224
 -0.01017381  0.00000000    0.01126667 -0.00722224    0.25857127  0.00000000

     Dynamical  Matrix in cartesian axes

     q = (   -0.666666667  -0.333333333   0.666666667 ) 

    1    1
  0.25857127  0.00000000    0.01126667  0.00722224   -0.01017381  0.00000000
  0.01126667 -0.00722224    0.28739732 -0.00000000   -0.01126667  0.00722224
 -0.01017381  0.00000000   -0.01126667 -0.00722224    0.25857127  0.00000000
    1    2
 -0.09796655  0.05527366    0.06696439 -0.03606671   -0.11283136 -0.03363153
  0.06696439 -0.03606671   -0.11280958  0.05123449   -0.06696439  0.03606671
 -0.11283136 -0.03363153   -0.06696439  0.03606671   -0.09796655  0.05527366
    2    1
 -0.09796655 -0.05527366    0.06696439  0.03606671   -0.11283136  0.03363153
  0.06696439  0.03606671   -0.11280958 -0.05123449   -0.06696439 -0.03606671
 -0.11283136  0.03363153   -0.06696439 -0.03606671   -0.09796655 -0.05527366
    2    2
  0.25857127  0.00000000    0.01126667 -0.00722224   -0.01017381  0.00000000
  0.01126667  0.00722224    0.28739732  0.00000000   -0.01126667 -0.00722224
 -0.01017381  0.00000000   -0.01126667  0.00722224    0.25857127  0.00000000

     Dynamical  Matrix in cartesian axes

     q = (   -0.333333333   0.666666667  -0.666666667 ) 

    1    1
  0.28739732  0.00000000   -0.01126667  0.00722224    0.01126667 -0.00722224
 -0.01126667 -0.00722224    0.25857127  0.00000000   -0.01017381 -0.00000000
  0.01126667  0.00722224   -0.01017381 -0.00000000    0.25857127  0.00000000
    1    2
 -0.11280958  0.05123449   -0.06696439  0.03606671    0.06696439 -0.03606671
 -0.06696439  0.03606671   -0.09796655  0.05527366   -0.11283136 -0.03363153
  0.06696439 -0.03606671   -0.11283136 -0.03363153   -0.09796655  0.05527366
    2    1
 -0.11280958 -0.05123449   -0.06696439 -0.03606671    0.06696439  0.03606671
 -0.06696439 -0.03606671   -0.09796655 -0.05527366   -0.11283136  0.03363153
  0.06696439  0.03606671   -0.11283136  0.03363153   -0.09796655 -0.05527366
    2    2
  0.28739732 -0.00000000   -0.01126667 -0.00722224    0.01126667  0.00722224
 -0.01126667  0.00722224    0.25857127 -0.00000000   -0.01017381  0.00000000
  0.01126667 -0.00722224   -0.01017381  0.00000000    0.25857127 -0.00000000

     Dynamical  Matrix in cartesian axes

     q = (   -0.666666667   0.666666667  -0.333333333 ) 

    1    1
  0.25857127  0.00000000   -0.01017381 -0.00000000    0.01126667  0.00722224
 -0.01017381 -0.00000000    0.25857127  0.00000000   -0.01126667 -0.00722224
  0.01126667 -0.00722224   -0.01126667  0.00722224    0.28739732  0.00000000
    1    2
 -0.09796655  0.05527366   -0.11283136 -0.03363153    0.06696439 -0.03606671
 -0.11283136 -0.03363153   -0.09796655  0.05527366   -0.06696439  0.03606671
  0.06696439 -0.03606671   -0.06696439  0.03606671   -0.11280958  0.05123449
    2    1
 -0.09796655 -0.05527366   -0.11283136  0.03363153    0.06696439  0.03606671
 -0.11283136  0.03363153   -0.09796655 -0.05527366   -0.06696439 -0.03606671
  0.06696439  0.03606671   -0.06696439 -0.03606671   -0.11280958 -0.05123449
    2    2
  0.25857127 -0.00000000   -0.01017381  0.00000000    0.01126667 -0.00722224
 -0.01017381  0.00000000    0.25857127 -0.00000000   -0.01126667  0.00722224
  0.01126667  0.00722224   -0.01126667 -0.00722224    0.28739732 -0.00000000

     Dynamical  Matrix in cartesian axes

     q = (    0.666666667   0.333333333   0.666666667 ) 

    1    1
  0.25857127 -0.00000000    0.01126667  0.00722224    0.01017381 -0.00000000
  0.01126667 -0.00722224    0.28739732 -0.00000000    0.01126667 -0.00722224
  0.01017381 -0.00000000    0.01126667  0.00722224    0.25857127 -0.00000000
    1    2
  0.09796655 -0.05527366   -0.06696439  0.03606671   -0.11283136 -0.03363153
 -0.06696439  0.03606671    0.11280958 -0.05123449   -0.06696439  0.03606671
 -0.11283136 -0.03363153   -0.06696439  0.03606671    0.09796655 -0.05527366
    2    1
  0.09796655  0.05527366   -0.06696439 -0.03606671   -0.11283136  0.03363153
 -0.06696439 -0.03606671    0.11280958  0.05123449   -0.06696439 -0.03606671
 -0.11283136  0.03363153   -0.06696439 -0.03606671    0.09796655  0.05527366
    2    2
  0.25857127  0.00000000    0.01126667 -0.00722224    0.01017381  0.00000000
  0.01126667  0.00722224    0.28739732  0.00000000    0.01126667  0.00722224
  0.01017381  0.00000000    0.01126667 -0.00722224    0.25857127  0.00000000

     Dynamical  Matrix in cartesian axes

     q = (   -0.666666667   0.333333333   0.666666667 ) 

    1    1
  0.25857127  0.00000000   -0.01126667  0.00722224   -0.01017381  0.00000000
 -0.01126667 -0.00722224    0.28739732 -0.00000000    0.01126667  0.00722224
 -0.01017381  0.00000000    0.01126667 -0.00722224    0.25857127  0.00000000
    1    2
 -0.09796655 -0.05527366   -0.06696439 -0.03606671   -0.11283136  0.03363153
 -0.06696439 -0.03606671   -0.11280958 -0.05123449    0.06696439  0.03606671
 -0.11283136  0.03363153    0.06696439  0.03606671   -0.09796655 -0.05527366
    2    1
 -0.09796655  0.05527366   -0.06696439  0.03606671   -0.11283136 -0.03363153
 -0.06696439  0.03606671   -0.11280958  0.05123449    0.06696439 -0.03606671
 -0.11283136 -0.03363153    0.06696439 -0.03606671   -0.09796655  0.05527366
    2    2
  0.25857127  0.00000000   -0.01126667 -0.00722224   -0.01017381  0.00000000
 -0.01126667  0.00722224    0.28739732  0.00000000    0.01126667 -0.00722224
 -0.01017381  0.00000000    0.01126667  0.00722224    0.25857127  0.00000000

     Dynamical  Matrix in cartesian axes

     q = (    0.666666667   0.333333333  -0.666666667 ) 

    1    1
  0.25857127  0.00000000    0.01126667 -0.00722224   -0.01017381  0.00000000
  0.01126667  0.00722224    0.28739732  0.00000000   -0.01126667 -0.00722224
 -0.01017381  0.00000000   -0.01126667  0.00722224    0.25857127  0.00000000
    1    2
 -0.09796655 -0.05527366    0.06696439  0.03606671   -0.11283136  0.03363153
  0.06696439  0.03606671   -0.11280958 -0.05123449   -0.06696439 -0.03606671
 -0.11283136  0.03363153   -0.06696439 -0.03606671   -0.09796655 -0.05527366
    2    1
 -0.09796655  0.05527366    0.06696439 -0.03606671   -0.11283136 -0.03363153
  0.06696439 -0.03606671   -0.11280958  0.05123449   -0.06696439  0.03606671
 -0.11283136 -0.03363153   -0.06696439  0.03606671   -0.09796655  0.05527366
    2    2
  0.25857127  0.00000000    0.01126667  0.00722224   -0.01017381  0.00000000
  0.01126667 -0.00722224    0.28739732 -0.00000000   -0.01126667  0.00722224
 -0.01017381  0.00000000   -0.01126667 -0.00722224    0.25857127  0.00000000

     Dynamical  Matrix in cartesian axes

     q = (   -0.333333333   0.666666667   0.666666667 ) 

    1    1
  0.28739732 -0.00000000   -0.01126667 -0.00722224   -0.01126667 -0.00722224
 -0.01126667  0.00722224    0.25857127 -0.00000000    0.01017381  0.00000000
 -0.01126667  0.00722224    0.01017381  0.00000000    0.25857127 -0.00000000
    1    2
 -0.10077516  0.07207872   -0.06471688  0.03995951   -0.06471688  0.03995951
 -0.06471688  0.03995951   -0.09685167  0.05720469    0.02728992 -0.11453059
 -0.06471688  0.03995951    0.02728992 -0.11453059   -0.09685167  0.05720469
    2    1
 -0.10077516 -0.07207872   -0.06471688 -0.03995951   -0.06471688 -0.03995951
 -0.06471688 -0.03995951   -0.09685167 -0.05720469    0.02728992  0.11453059
 -0.06471688 -0.03995951    0.02728992  0.11453059   -0.09685167 -0.05720469
    2    2
  0.28739732  0.00000000   -0.01126667  0.00722224   -0.01126667  0.00722224
 -0.01126667 -0.00722224    0.25857127  0.00000000    0.01017381 -0.00000000
 -0.01126667 -0.00722224    0.01017381 -0.00000000    0.25857127  0.00000000

     Dynamical  Matrix in cartesian axes

     q = (    0.333333333   0.666666667  -0.666666667 ) 

    1    1
  0.28739732  0.00000000    0.01126667  0.00722224   -0.01126667 -0.00722224
  0.01126667 -0.00722224    0.25857127  0.00000000   -0.01017381 -0.00000000
 -0.01126667  0.00722224   -0.01017381 -0.00000000    0.25857127  0.00000000
    1    2
 -0.11280958 -0.05123449    0.06696439  0.03606671   -0.06696439 -0.03606671
  0.06696439  0.03606671   -0.09796655 -0.05527366   -0.11283136  0.03363153
 -0.06696439 -0.03606671   -0.11283136  0.03363153   -0.09796655 -0.05527366
    2    1
 -0.11280958  0.05123449    0.06696439 -0.03606671   -0.06696439  0.03606671
  0.06696439 -0.03606671   -0.09796655  0.05527366   -0.11283136 -0.03363153
 -0.06696439  0.03606671   -0.11283136 -0.03363153   -0.09796655  0.05527366
    2    2
  0.28739732 -0.00000000    0.01126667 -0.00722224   -0.01126667  0.00722224
  0.01126667  0.00722224    0.25857127 -0.00000000   -0.01017381  0.00000000
 -0.01126667 -0.00722224   -0.01017381  0.00000000    0.25857127 -0.00000000

     Dynamical  Matrix in cartesian axes

     q = (   -0.333333333  -0.666666667  -0.666666667 ) 

    1    1
  0.28739732  0.00000000    0.01126667  0.00722224    0.01126667  0.00722224
  0.01126667 -0.00722224    0.25857127  0.00000000    0.01017381 -0.00000000
  0.01126667 -0.00722224    0.01017381 -0.00000000    0.25857127  0.00000000
    1    2
  0.11280958  0.05123449   -0.06696439 -0.03606671   -0.06696439 -0.03606671
 -0.06696439 -0.03606671    0.09796655  0.05527366   -0.11283136  0.03363153
 -0.06696439 -0.03606671   -0.11283136  0.03363153    0.09796655  0.05527366
    2    1
  0.11280958 -0.05123449   -0.06696439  0.03606671   -0.06696439  0.03606671
 -0.06696439  0.03606671    0.09796655 -0.05527366   -0.11283136 -0.03363153
 -0.06696439  0.03606671   -0.11283136 -0.03363153    0.09796655 -0.05527366
    2    2
  0.28739732 -0.00000000    0.01126667 -0.00722224    0.01126667 -0.00722224
  0.01126667  0.00722224    0.25857127 -0.00000000    0.01017381  0.00000000
  0.01126667  0.00722224    0.01017381  0.00000000    0.25857127 -0.00000000

     Dynamical  Matrix in cartesian axes

     q = (    0.666666667  -0.666666667   0.333333333 ) 

    1    1
  0.25857127 -0.00000000   -0.01017381  0.00000000    0.01126667 -0.00722224
 -0.01017381  0.00000000    0.25857127 -0.00000000   -0.01126667  0.00722224
  0.01126667  0.00722224   -0.01126667 -0.00722224    0.28739732 -0.00000000
    1    2
 -0.09796655 -0.05527366   -0.11283136  0.03363153    0.06696439  0.03606671
 -0.11283136  0.03363153   -0.09796655 -0.05527366   -0.06696439 -0.03606671
  0.06696439  0.03606671   -0.06696439 -0.03606671   -0.11280958 -0.05123449
    2    1
 -0.09796655  0.05527366   -0.11283136 -0.03363153    0.06696439 -0.03606671
 -0.11283136 -0.03363153   -0.09796655  0.05527366   -0.06696439  0.03606671
  0.06696439 -0.03606671   -0.06696439  0.03606671   -0.11280958  0.05123449
    2    2
  0.25857127  0.00000000   -0.01017381 -0.00000000    0.01126667  0.00722224
 -0.01017381 -0.00000000    0.25857127  0.00000000   -0.01126667 -0.00722224
  0.01126667 -0.00722224   -0.01126667  0.00722224    0.28739732  0.00000000

     Dynamical  Matrix in cartesian axes

     q = (    0.666666667   0.666666667  -0.333333333 ) 

    1    1
  0.25857127  0.00000000    0.01017381  0.00000000   -0.01126667  0.00722224
  0.01017381  0.00000000    0.25857127  0.00000000   -0.01126667  0.00722224
 -0.01126667 -0.00722224   -0.01126667 -0.00722224    0.28739732  0.00000000
    1    2
 -0.09685167  0.05720469    0.02728992 -0.11453059   -0.06471688  0.03995951
  0.02728992 -0.11453059   -0.09685167  0.05720469   -0.06471688  0.03995951
 -0.06471688  0.03995951   -0.06471688  0.03995951   -0.10077516  0.07207872
    2    1
 -0.09685167 -0.05720469    0.02728992  0.11453059   -0.06471688 -0.03995951
  0.02728992  0.11453059   -0.09685167 -0.05720469   -0.06471688 -0.03995951
 -0.06471688 -0.03995951   -0.06471688 -0.03995951   -0.10077516 -0.07207872
    2    2
  0.25857127 -0.00000000    0.01017381 -0.00000000   -0.01126667 -0.00722224
  0.01017381 -0.00000000    0.25857127 -0.00000000   -0.01126667 -0.00722224
 -0.01126667  0.00722224   -0.01126667  0.00722224    0.28739732 -0.00000000

     Dynamical  Matrix in cartesian axes

     q = (   -0.666666667  -0.666666667  -0.333333333 ) 

    1    1
  0.25857127 -0.00000000    0.01017381 -0.00000000    0.01126667 -0.00722224
  0.01017381 -0.00000000    0.25857127 -0.00000000    0.01126667 -0.00722224
  0.01126667  0.00722224    0.01126667  0.00722224    0.28739732 -0.00000000
    1    2
  0.09796655  0.05527366   -0.11283136  0.03363153   -0.06696439 -0.03606671
 -0.11283136  0.03363153    0.09796655  0.05527366   -0.06696439 -0.03606671
 -0.06696439 -0.03606671   -0.06696439 -0.03606671    0.11280958  0.05123449
    2    1
  0.09796655 -0.05527366   -0.11283136 -0.03363153   -0.06696439  0.03606671
 -0.11283136 -0.03363153    0.09796655 -0.05527366   -0.06696439  0.03606671
 -0.06696439  0.03606671   -0.06696439  0.03606671    0.11280958 -0.05123449
    2    2
  0.25857127  0.00000000    0.01017381  0.00000000    0.01126667  0.00722224
  0.01017381  0.00000000    0.25857127  0.00000000    0.01126667  0.00722224
  0.01126667 -0.00722224    0.01126667 -0.00722224    0.28739732  0.00000000

     Dynamical  Matrix in cartesian axes

     q = (   -0.666666667   0.666666667   0.333333333 ) 

    1    1
  0.25857127 -0.00000000   -0.01017381  0.00000000   -0.01126667  0.00722224
 -0.01017381  0.00000000    0.25857127 -0.00000000    0.01126667 -0.00722224
 -0.01126667 -0.00722224    0.01126667  0.00722224    0.28739732 -0.00000000
    1    2
 -0.09796655 -0.05527366   -0.11283136  0.03363153   -0.06696439 -0.03606671
 -0.11283136  0.03363153   -0.09796655 -0.05527366    0.06696439  0.03606671
 -0.06696439 -0.03606671    0.06696439  0.03606671   -0.11280958 -0.05123449
    2    1
 -0.09796655  0.05527366   -0.11283136 -0.03363153   -0.06696439  0.03606671
 -0.11283136 -0.03363153   -0.09796655  0.05527366    0.06696439 -0.03606671
 -0.06696439  0.03606671    0.06696439 -0.03606671   -0.11280958  0.05123449
    2    2
  0.25857127  0.00000000   -0.01017381 -0.00000000   -0.01126667 -0.00722224
 -0.01017381 -0.00000000    0.25857127  0.00000000    0.01126667  0.00722224
 -0.01126667  0.00722224    0.01126667 -0.00722224    0.28739732  0.00000000

     Dynamical  Matrix in cartesian axes

     q = (    0.333333333  -0.666666667   0.666666667 ) 

    1    1
  0.28739732 -0.00000000   -0.01126667 -0.00722224    0.01126667  0.00722224
 -0.01126667  0.00722224    0.25857127 -0.00000000   -0.01017381  0.00000000
  0.01126667 -0.00722224   -0.01017381  0.00000000    0.25857127 -0.00000000
    1    2
 -0.11280958 -0.05123449   -0.06696439 -0.03606671    0.06696439  0.03606671
 -0.06696439 -0.03606671   -0.09796655 -0.05527366   -0.11283136  0.03363153
  0.06696439  0.03606671   -0.11283136  0.03363153   -0.09796655 -0.05527366
    2    1
 -0.11280958  0.05123449   -0.06696439  0.03606671    0.06696439 -0.03606671
 -0.06696439  0.03606671   -0.09796655  0.05527366   -0.11283136 -0.03363153
  0.06696439 -0.03606671   -0.11283136 -0.03363153   -0.09796655  0.05527366
    2    2
  0.28739732  0.00000000   -0.01126667  0.00722224    0.01126667 -0.00722224
 -0.01126667 -0.00722224    0.25857127  0.00000000   -0.01017381 -0.00000000
  0.01126667  0.00722224   -0.01017381 -0.00000000    0.25857127  0.00000000

     Dynamical  Matrix in cartesian axes

     q = (    0.333333333   0.666666667   0.666666667 ) 

    1    1
  0.28739732 -0.00000000    0.01126667 -0.00722224    0.01126667 -0.00722224
  0.01126667  0.00722224    0.25857127 -0.00000000    0.01017381  0.00000000
  0.01126667  0.00722224    0.01017381  0.00000000    0.25857127 -0.00000000
    1    2
  0.11280958 -0.05123449   -0.06696439  0.03606671   -0.06696439  0.03606671
 -0.06696439  0.03606671    0.09796655 -0.05527366   -0.11283136 -0.03363153
 -0.06696439  0.03606671   -0.11283136 -0.03363153    0.09796655 -0.05527366
    2    1
  0.11280958  0.05123449   -0.06696439 -0.03606671   -0.06696439 -0.03606671
 -0.06696439 -0.03606671    0.09796655  0.05527366   -0.11283136  0.03363153
 -0.06696439 -0.03606671   -0.11283136  0.03363153    0.09796655  0.05527366
    2    2
  0.28739732  0.00000000    0.01126667  0.00722224    0.01126667  0.00722224
  0.01126667 -0.00722224    0.25857127  0.00000000    0.01017381 -0.00000000
  0.01126667 -0.00722224    0.01017381 -0.00000000    0.25857127  0.00000000

     Dynamical  Matrix in cartesian axes

     q = (   -0.666666667   0.333333333  -0.666666667 ) 

    1    1
  0.25857127  0.00000000   -0.01126667 -0.00722224    0.01017381  0.00000000
 -0.01126667  0.00722224    0.28739732  0.00000000   -0.01126667  0.00722224
  0.01017381  0.00000000   -0.01126667 -0.00722224    0.25857127  0.00000000
    1    2
 -0.09685167 -0.05720469   -0.06471688 -0.03995951    0.02728992  0.11453059
 -0.06471688 -0.03995951   -0.10077516 -0.07207872   -0.06471688 -0.03995951
  0.02728992  0.11453059   -0.06471688 -0.03995951   -0.09685167 -0.05720469
    2    1
 -0.09685167  0.05720469   -0.06471688  0.03995951    0.02728992 -0.11453059
 -0.06471688  0.03995951   -0.10077516  0.07207872   -0.06471688  0.03995951
  0.02728992 -0.11453059   -0.06471688  0.03995951   -0.09685167  0.05720469
    2    2
  0.25857127 -0.00000000   -0.01126667  0.00722224    0.01017381 -0.00000000
 -0.01126667 -0.00722224    0.28739732 -0.00000000   -0.01126667 -0.00722224
  0.01017381 -0.00000000   -0.01126667  0.00722224    0.25857127 -0.00000000

     Dynamical  Matrix in cartesian axes

     q = (   -0.333333333  -0.666666667   0.666666667 ) 

    1    1
  0.28739732 -0.00000000    0.01126667 -0.00722224   -0.01126667  0.00722224
  0.01126667  0.00722224    0.25857127 -0.00000000   -0.01017381  0.00000000
 -0.01126667 -0.00722224   -0.01017381  0.00000000    0.25857127 -0.00000000
    1    2
 -0.11280958  0.05123449    0.06696439 -0.03606671   -0.06696439  0.03606671
  0.06696439 -0.03606671   -0.09796655  0.05527366   -0.11283136 -0.03363153
 -0.06696439  0.03606671   -0.11283136 -0.03363153   -0.09796655  0.05527366
    2    1
 -0.11280958 -0.05123449    0.06696439  0.03606671   -0.06696439 -0.03606671
  0.06696439  0.03606671   -0.09796655 -0.05527366   -0.11283136  0.03363153
 -0.06696439 -0.03606671   -0.11283136  0.03363153   -0.09796655 -0.05527366
    2    2
  0.28739732  0.00000000    0.01126667  0.00722224   -0.01126667 -0.00722224
  0.01126667 -0.00722224    0.25857127  0.00000000   -0.01017381 -0.00000000
 -0.01126667  0.00722224   -0.01017381 -0.00000000    0.25857127  0.00000000

     Dynamical  Matrix in cartesian axes

     q = (   -0.666666667  -0.666666667   0.333333333 ) 

    1    1
  0.25857127 -0.00000000    0.01017381 -0.00000000   -0.01126667 -0.00722224
  0.01017381 -0.00000000    0.25857127 -0.00000000   -0.01126667 -0.00722224
 -0.01126667  0.00722224   -0.01126667  0.00722224    0.28739732 -0.00000000
    1    2
 -0.09685167 -0.05720469    0.02728992  0.11453059   -0.06471688 -0.03995951
  0.02728992  0.11453059   -0.09685167 -0.05720469   -0.06471688 -0.03995951
 -0.06471688 -0.03995951   -0.06471688 -0.03995951   -0.10077516 -0.07207872
    2    1
 -0.09685167  0.05720469    0.02728992 -0.11453059   -0.06471688  0.03995951
  0.02728992 -0.11453059   -0.09685167  0.05720469   -0.06471688  0.03995951
 -0.06471688  0.03995951   -0.06471688  0.03995951   -0.10077516  0.07207872
    2    2
  0.25857127  0.00000000    0.01017381  0.00000000   -0.01126667  0.00722224
  0.01017381  0.00000000    0.25857127  0.00000000   -0.01126667  0.00722224
 -0.01126667 -0.00722224   -0.01126667 -0.00722224    0.28739732  0.00000000

     Dynamical  Matrix in cartesian axes

     q = (    0.666666667   0.666666667   0.333333333 ) 

    1    1
  0.25857127  0.00000000    0.01017381  0.00000000    0.01126667  0.00722224
  0.01017381  0.00000000    0.25857127  0.00000000    0.01126667  0.00722224
  0.01126667 -0.00722224    0.01126667 -0.00722224    0.28739732  0.00000000
    1    2
  0.09796655 -0.05527366   -0.11283136 -0.03363153   -0.06696439  0.03606671
 -0.11283136 -0.03363153    0.09796655 -0.05527366   -0.06696439  0.03606671
 -0.06696439  0.03606671   -0.06696439  0.03606671    0.11280958 -0.05123449
    2    1
  0.09796655  0.05527366   -0.11283136  0.03363153   -0.06696439 -0.03606671
 -0.11283136  0.03363153    0.09796655  0.05527366   -0.06696439 -0.03606671
 -0.06696439 -0.03606671   -0.06696439 -0.03606671    0.11280958  0.05123449
    2    2
  0.25857127 -0.00000000    0.01017381 -0.00000000    0.01126667 -0.00722224
  0.01017381 -0.00000000    0.25857127 -0.00000000    0.01126667 -0.00722224
  0.01126667  0.00722224    0.01126667  0.00722224    0.28739732 -0.00000000

     Dynamical  Matrix in cartesian axes

     q = (    0.333333333  -0.666666667  -0.666666667 ) 

    1    1
  0.28739732  0.00000000   -0.01126667  0.00722224   -0.01126667  0.00722224
 -0.01126667 -0.00722224    0.25857127  0.00000000    0.01017381 -0.00000000
 -0.01126667 -0.00722224    0.01017381 -0.00000000    0.25857127  0.00000000
    1    2
 -0.10077516 -0.07207872   -0.06471688 -0.03995951   -0.06471688 -0.03995951
 -0.06471688 -0.03995951   -0.09685167 -0.05720469    0.02728992  0.11453059
 -0.06471688 -0.03995951    0.02728992  0.11453059   -0.09685167 -0.05720469
    2    1
 -0.10077516  0.07207872   -0.06471688  0.03995951   -0.06471688  0.03995951
 -0.06471688  0.03995951   -0.09685167  0.05720469    0.02728992 -0.11453059
 -0.06471688  0.03995951    0.02728992 -0.11453059   -0.09685167  0.05720469
    2    2
  0.28739732 -0.00000000   -0.01126667 -0.00722224   -0.01126667 -0.00722224
 -0.01126667  0.00722224    0.25857127 -0.00000000    0.01017381  0.00000000
 -0.01126667  0.00722224    0.01017381  0.00000000    0.25857127 -0.00000000

     Dynamical  Matrix in cartesian axes

     q = (    0.666666667  -0.666666667  -0.333333333 ) 

    1    1
  0.25857127  0.00000000   -0.01017381 -0.00000000   -0.01126667 -0.00722224
 -0.01017381 -0.00000000    0.25857127  0.00000000    0.01126667  0.00722224
 -0.01126667  0.00722224    0.01126667 -0.00722224    0.28739732  0.00000000
    1    2
 -0.09796655  0.05527366   -0.11283136 -0.03363153   -0.06696439  0.03606671
 -0.11283136 -0.03363153   -0.09796655  0.05527366    0.06696439 -0.03606671
 -0.06696439  0.03606671    0.06696439 -0.03606671   -0.11280958  0.05123449
    2    1
 -0.09796655 -0.05527366   -0.11283136  0.03363153   -0.06696439 -0.03606671
 -0.11283136  0.03363153   -0.09796655 -0.05527366    0.06696439  0.03606671
 -0.06696439 -0.03606671    0.06696439  0.03606671   -0.11280958 -0.05123449
    2    2
  0.25857127 -0.00000000   -0.01017381  0.00000000   -0.01126667  0.00722224
 -0.01017381  0.00000000    0.25857127 -0.00000000    0.01126667 -0.00722224
 -0.01126667 -0.00722224    0.01126667  0.00722224    0.28739732 -0.00000000

     Diagonalizing the dynamical matrix

     q = (    0.666666667  -0.333333333   0.666666667 ) 

 **************************************************************************
     freq (    1) =       3.927904 [THz] =     131.020759 [cm-1]
 ( -0.292917  0.405216 -0.000000  0.000000  0.292917 -0.405216 ) 
 ( -0.500000  0.000000 -0.000000  0.000000  0.500000  0.000000 ) 
     freq (    2) =       5.162524 [THz] =     172.203263 [cm-1]
 (  0.328318  0.037717  0.507703 -0.154297  0.328318  0.037717 ) 
 (  0.330477 -0.000000  0.486775  0.211233  0.330477  0.000000 ) 
     freq (    3) =       9.694112 [THz] =     323.360771 [cm-1]
 (  0.144413 -0.381358  0.102524  0.396121  0.144413 -0.381358 ) 
 ( -0.407785 -0.000000  0.334141  0.236162 -0.407785  0.000000 ) 
     freq (    4) =      12.103013 [THz] =     403.713072 [cm-1]
 (  0.097296 -0.346321  0.113383  0.477843  0.097296 -0.346321 ) 
 (  0.359729 -0.000000 -0.429366 -0.238400  0.359729  0.000000 ) 
     freq (    5) =      13.950415 [THz] =     465.335772 [cm-1]
 (  0.292917 -0.405216 -0.000000  0.000000 -0.292917  0.405216 ) 
 ( -0.500000  0.000000 -0.000000 -0.000000  0.500000  0.000000 ) 
     freq (    6) =      14.253361 [THz] =     475.440958 [cm-1]
 (  0.274387  0.140723  0.540794 -0.131757  0.274387  0.140723 ) 
 ( -0.308369  0.000000 -0.421072 -0.364028 -0.308369  0.000000 ) 
 **************************************************************************
