Dynamical matrix file
                                                                           
  1    2  2 10.3280000  0.0000000  0.0000000  0.0000000  0.0000000  0.0000000
           1  'Si  '    25598.8229845270     
    1    1      0.0000000000      0.0000000000      0.0000000000
    2    1      0.2500000000      0.2500000000      0.2500000000

     Dynamical  Matrix in cartesian axes

     q = (   -0.333333333   0.333333333  -0.333333333 ) 

    1    1
  0.27310609  0.00000000   -0.01596121  0.00000000    0.01596121  0.00000000
 -0.01596121  0.00000000    0.27310609  0.00000000   -0.01596121  0.00000000
  0.01596121  0.00000000   -0.01596121  0.00000000    0.27310609  0.00000000
    1    2
 -0.17215816 -0.04859155   -0.06098464  0.03562241    0.06098464 -0.03562241
 -0.06098464  0.03562241   -0.17215816 -0.04859155   -0.06098464  0.03562241
  0.06098464 -0.03562241   -0.06098464  0.03562241   -0.17215816 -0.04859155
    2    1
 -0.17215816  0.04859155   -0.06098464 -0.03562241    0.06098464  0.03562241
 -0.06098464 -0.03562241   -0.17215816  0.04859155   -0.06098464 -0.03562241
  0.06098464  0.03562241   -0.06098464 -0.03562241   -0.17215816  0.04859155
    2    2
  0.27310609  0.00000000   -0.01596121  0.00000000    0.01596121  0.00000000
 -0.01596121  0.00000000    0.27310609  0.00000000   -0.01596121  0.00000000
  0.01596121  0.00000000   -0.01596121  0.00000000    0.27310609  0.00000000

     Dynamical  Matrix in cartesian axes

     q = (    0.333333333   0.333333333   0.333333333 ) 

    1    1
  0.27310609  0.00000000    0.01596121  0.00000000    0.01596121  0.00000000
  0.01596121  0.00000000    0.27310609  0.00000000    0.01596121  0.00000000
  0.01596121  0.00000000    0.01596121  0.00000000    0.27310609  0.00000000
    1    2
  0.04399756  0.17338912   -0.06134224 -0.03500304   -0.06134224 -0.03500304
 -0.06134224 -0.03500304    0.04399756  0.17338912   -0.06134224 -0.03500304
 -0.06134224 -0.03500304   -0.06134224 -0.03500304    0.04399756  0.17338912
    2    1
  0.04399756 -0.17338912   -0.06134224  0.03500304   -0.06134224  0.03500304
 -0.06134224  0.03500304    0.04399756 -0.17338912   -0.06134224  0.03500304
 -0.06134224  0.03500304   -0.06134224  0.03500304    0.04399756 -0.17338912
    2    2
  0.27310609  0.00000000    0.01596121  0.00000000    0.01596121  0.00000000
  0.01596121  0.00000000    0.27310609  0.00000000    0.01596121  0.00000000
  0.01596121  0.00000000    0.01596121  0.00000000    0.27310609  0.00000000

     Dynamical  Matrix in cartesian axes

     q = (   -0.333333333  -0.333333333  -0.333333333 ) 

    1    1
  0.27310609  0.00000000    0.01596121  0.00000000    0.01596121  0.00000000
  0.01596121  0.00000000    0.27310609  0.00000000    0.01596121  0.00000000
  0.01596121  0.00000000    0.01596121  0.00000000    0.27310609  0.00000000
    1    2
  0.04399756 -0.17338912   -0.06134224  0.03500304   -0.06134224  0.03500304
 -0.06134224  0.03500304    0.04399756 -0.17338912   -0.06134224  0.03500304
 -0.06134224  0.03500304   -0.06134224  0.03500304    0.04399756 -0.17338912
    2    1
  0.04399756  0.17338912   -0.06134224 -0.03500304   -0.06134224 -0.03500304
 -0.06134224 -0.03500304    0.04399756  0.17338912   -0.06134224 -0.03500304
 -0.06134224 -0.03500304   -0.06134224 -0.03500304    0.04399756  0.17338912
    2    2
  0.27310609  0.00000000    0.01596121  0.00000000    0.01596121  0.00000000
  0.01596121  0.00000000    0.27310609  0.00000000    0.01596121  0.00000000
  0.01596121  0.00000000    0.01596121  0.00000000    0.27310609  0.00000000

     Dynamical  Matrix in cartesian axes

     q = (    0.333333333  -0.333333333   0.333333333 ) 

    1    1
  0.27310609  0.00000000   -0.01596121  0.00000000    0.01596121  0.00000000
 -0.01596121  0.00000000    0.27310609  0.00000000   -0.01596121  0.00000000
  0.01596121  0.00000000   -0.01596121  0.00000000    0.27310609  0.00000000
    1    2
 -0.17215816  0.04859155   -0.06098464 -0.03562241    0.06098464  0.03562241
 -0.06098464 -0.03562241   -0.17215816  0.04859155   -0.06098464 -0.03562241
  0.06098464  0.03562241   -0.06098464 -0.03562241   -0.17215816  0.04859155
    2    1
 -0.17215816 -0.04859155   -0.06098464  0.03562241    0.06098464 -0.03562241
 -0.06098464  0.03562241   -0.17215816 -0.04859155   -0.06098464  0.03562241
  0.06098464 -0.03562241   -0.06098464  0.03562241   -0.17215816 -0.04859155
    2    2
  0.27310609  0.00000000   -0.01596121  0.00000000    0.01596121  0.00000000
 -0.01596121  0.00000000    0.27310609  0.00000000   -0.01596121  0.00000000
  0.01596121  0.00000000   -0.01596121  0.00000000    0.27310609  0.00000000

     Dynamical  Matrix in cartesian axes

     q = (    0.333333333  -0.333333333  -0.333333333 ) 

    1    1
  0.27310609  0.00000000   -0.01596121  0.00000000   -0.01596121  0.00000000
 -0.01596121  0.00000000    0.27310609  0.00000000    0.01596121  0.00000000
 -0.01596121  0.00000000    0.01596121  0.00000000    0.27310609  0.00000000
    1    2
 -0.17215816 -0.04859155   -0.06098464  0.03562241   -0.06098464  0.03562241
 -0.06098464  0.03562241   -0.17215816 -0.04859155    0.06098464 -0.03562241
 -0.06098464  0.03562241    0.06098464 -0.03562241   -0.17215816 -0.04859155
    2    1
 -0.17215816  0.04859155   -0.06098464 -0.03562241   -0.06098464 -0.03562241
 -0.06098464 -0.03562241   -0.17215816  0.04859155    0.06098464  0.03562241
 -0.06098464 -0.03562241    0.06098464  0.03562241   -0.17215816  0.04859155
    2    2
  0.27310609  0.00000000   -0.01596121  0.00000000   -0.01596121  0.00000000
 -0.01596121  0.00000000    0.27310609  0.00000000    0.01596121  0.00000000
 -0.01596121  0.00000000    0.01596121  0.00000000    0.27310609  0.00000000

     Dynamical  Matrix in cartesian axes

     q = (    0.333333333   0.333333333  -0.333333333 ) 

    1    1
  0.27310609  0.00000000    0.01596121  0.00000000   -0.01596121  0.00000000
  0.01596121  0.00000000    0.27310609  0.00000000   -0.01596121  0.00000000
 -0.01596121  0.00000000   -0.01596121  0.00000000    0.27310609  0.00000000
    1    2
 -0.17215816  0.04859155    0.06098464  0.03562241   -0.06098464 -0.03562241
  0.06098464  0.03562241   -0.17215816  0.04859155   -0.06098464 -0.03562241
 -0.06098464 -0.03562241   -0.06098464 -0.03562241   -0.17215816  0.04859155
    2    1
 -0.17215816 -0.04859155    0.06098464 -0.03562241   -0.06098464  0.03562241
  0.06098464 -0.03562241   -0.17215816 -0.04859155   -0.06098464  0.03562241
 -0.06098464  0.03562241   -0.06098464  0.03562241   -0.17215816 -0.04859155
    2    2
  0.27310609  0.00000000    0.01596121  0.00000000   -0.01596121  0.00000000
  0.01596121  0.00000000    0.27310609  0.00000000   -0.01596121  0.00000000
 -0.01596121  0.00000000   -0.01596121  0.00000000    0.27310609  0.00000000

     Dynamical  Matrix in cartesian axes

     q = (   -0.333333333  -0.333333333   0.333333333 ) 

    1    1
  0.27310609  0.00000000    0.01596121  0.00000000   -0.01596121  0.00000000
  0.01596121  0.00000000    0.27310609  0.00000000   -0.01596121  0.00000000
 -0.01596121  0.00000000   -0.01596121  0.00000000    0.27310609  0.00000000
    1    2
 -0.17215816 -0.04859155    0.06098464 -0.03562241   -0.06098464  0.03562241
  0.06098464 -0.03562241   -0.17215816 -0.04859155   -0.06098464  0.03562241
 -0.06098464  0.03562241   -0.06098464  0.03562241   -0.17215816 -0.04859155
    2    1
 -0.17215816  0.04859155    0.06098464  0.03562241   -0.06098464 -0.03562241
  0.06098464  0.03562241   -0.17215816  0.04859155   -0.06098464 -0.03562241
 -0.06098464 -0.03562241   -0.06098464 -0.03562241   -0.17215816  0.04859155
    2    2
  0.27310609  0.00000000    0.01596121  0.00000000   -0.01596121  0.00000000
  0.01596121  0.00000000    0.27310609  0.00000000   -0.01596121  0.00000000
 -0.01596121  0.00000000   -0.01596121  0.00000000    0.27310609  0.00000000

     Dynamical  Matrix in cartesian axes

     q = (   -0.333333333   0.333333333   0.333333333 ) 

    1    1
  0.27310609  0.00000000   -0.01596121  0.00000000   -0.01596121  0.00000000
 -0.01596121  0.00000000    0.27310609  0.00000000    0.01596121  0.00000000
 -0.01596121  0.00000000    0.01596121  0.00000000    0.27310609  0.00000000
    1    2
 -0.17215816  0.04859155   -0.06098464 -0.03562241   -0.06098464 -0.03562241
 -0.06098464 -0.03562241   -0.17215816  0.04859155    0.06098464  0.03562241
 -0.06098464 -0.03562241    0.06098464  0.03562241   -0.17215816  0.04859155
    2    1
 -0.17215816 -0.04859155   -0.06098464  0.03562241   -0.06098464  0.03562241
 -0.06098464  0.03562241   -0.17215816 -0.04859155    0.06098464 -0.03562241
 -0.06098464  0.03562241    0.06098464 -0.03562241   -0.17215816 -0.04859155
    2    2
  0.27310609  0.00000000   -0.01596121  0.00000000   -0.01596121  0.00000000
 -0.01596121  0.00000000    0.27310609  0.00000000    0.01596121  0.00000000
 -0.01596121  0.00000000    0.01596121  0.00000000    0.27310609  0.00000000

     Diagonalizing the dynamical matrix

     q = (   -0.333333333   0.333333333  -0.333333333 ) 

 **************************************************************************
     freq (    1) =       3.161577 [THz] =     105.458855 [cm-1]
 ( -0.316448 -0.075569  0.254785 -0.043793  0.571233  0.031776 ) 
 ( -0.320157 -0.057876  0.251959 -0.057876  0.572116  0.000000 ) 
     freq (    2) =       3.161577 [THz] =     105.458855 [cm-1]
 (  0.188686  0.438042  0.266133  0.442350  0.077446  0.004308 ) 
 (  0.212724  0.426886  0.290291  0.426886  0.077566  0.000000 ) 
     freq (    3) =       8.604317 [THz] =     287.009116 [cm-1]
 (  0.157707  0.376557 -0.157707 -0.376557  0.157707  0.376557 ) 
 (  0.408248 -0.000000 -0.408248  0.000000  0.408248  0.000000 ) 
     freq (    4) =      13.560786 [THz] =     452.339139 [cm-1]
 (  0.157707  0.376557 -0.157707 -0.376557  0.157707  0.376557 ) 
 ( -0.408248  0.000000  0.408248  0.000000 -0.408248  0.000000 ) 
     freq (    5) =      14.402905 [THz] =     480.429209 [cm-1]
 ( -0.528901  0.185981 -0.322229  0.197477  0.206672  0.011497 ) 
 (  0.517755 -0.215069  0.310763 -0.215069 -0.206992  0.000000 ) 
     freq (    6) =      14.402905 [THz] =     480.429209 [cm-1]
 ( -0.105629 -0.088601  0.432508 -0.058666  0.538137  0.029935 ) 
 (  0.110387  0.082598 -0.428582  0.082598 -0.538969  0.000000 ) 
 **************************************************************************
