Dynamical matrix file
                                                                           
  1    2  2 10.3880000  0.0000000  0.0000000  0.0000000  0.0000000  0.0000000
           1  'Si  '    25598.8229845270     
    1    1      0.0000000000      0.0000000000      0.0000000000
    2    1      0.2500000000      0.2500000000      0.2500000000

     Dynamical  Matrix in cartesian axes

     q = (   -0.333333333   0.333333333  -0.333333333 ) 

    1    1
  0.26320950  0.00000000   -0.01552296 -0.00000000    0.01552296  0.00000000
 -0.01552296 -0.00000000    0.26320950  0.00000000   -0.01552296 -0.00000000
  0.01552296  0.00000000   -0.01552296 -0.00000000    0.26320950  0.00000000
    1    2
 -0.16639041 -0.04674988   -0.05640192  0.03306655    0.05640192 -0.03306655
 -0.05640192  0.03306655   -0.16639041 -0.04674988   -0.05640192  0.03306655
  0.05640192 -0.03306655   -0.05640192  0.03306655   -0.16639041 -0.04674988
    2    1
 -0.16639041  0.04674988   -0.05640192 -0.03306655    0.05640192  0.03306655
 -0.05640192 -0.03306655   -0.16639041  0.04674988   -0.05640192 -0.03306655
  0.05640192  0.03306655   -0.05640192 -0.03306655   -0.16639041  0.04674988
    2    2
  0.26320950 -0.00000000   -0.01552296  0.00000000    0.01552296 -0.00000000
 -0.01552296  0.00000000    0.26320950 -0.00000000   -0.01552296  0.00000000
  0.01552296 -0.00000000   -0.01552296  0.00000000    0.26320950 -0.00000000

     Dynamical  Matrix in cartesian axes

     q = (    0.333333333   0.333333333   0.333333333 ) 

    1    1
  0.26320950  0.00000000    0.01552296  0.00000000    0.01552296  0.00000000
  0.01552296  0.00000000    0.26320950  0.00000000    0.01552296  0.00000000
  0.01552296  0.00000000    0.01552296  0.00000000    0.26320950  0.00000000
    1    2
  0.04270862  0.16747326   -0.05683743 -0.03231222   -0.05683743 -0.03231222
 -0.05683743 -0.03231222    0.04270862  0.16747326   -0.05683743 -0.03231222
 -0.05683743 -0.03231222   -0.05683743 -0.03231222    0.04270862  0.16747326
    2    1
  0.04270862 -0.16747326   -0.05683743  0.03231222   -0.05683743  0.03231222
 -0.05683743  0.03231222    0.04270862 -0.16747326   -0.05683743  0.03231222
 -0.05683743  0.03231222   -0.05683743  0.03231222    0.04270862 -0.16747326
    2    2
  0.26320950 -0.00000000    0.01552296 -0.00000000    0.01552296 -0.00000000
  0.01552296 -0.00000000    0.26320950 -0.00000000    0.01552296 -0.00000000
  0.01552296 -0.00000000    0.01552296 -0.00000000    0.26320950 -0.00000000

     Dynamical  Matrix in cartesian axes

     q = (   -0.333333333  -0.333333333  -0.333333333 ) 

    1    1
  0.26320950 -0.00000000    0.01552296 -0.00000000    0.01552296 -0.00000000
  0.01552296 -0.00000000    0.26320950 -0.00000000    0.01552296 -0.00000000
  0.01552296 -0.00000000    0.01552296 -0.00000000    0.26320950 -0.00000000
    1    2
  0.04270862 -0.16747326   -0.05683743  0.03231222   -0.05683743  0.03231222
 -0.05683743  0.03231222    0.04270862 -0.16747326   -0.05683743  0.03231222
 -0.05683743  0.03231222   -0.05683743  0.03231222    0.04270862 -0.16747326
    2    1
  0.04270862  0.16747326   -0.05683743 -0.03231222   -0.05683743 -0.03231222
 -0.05683743 -0.03231222    0.04270862  0.16747326   -0.05683743 -0.03231222
 -0.05683743 -0.03231222   -0.05683743 -0.03231222    0.04270862  0.16747326
    2    2
  0.26320950  0.00000000    0.01552296  0.00000000    0.01552296  0.00000000
  0.01552296  0.00000000    0.26320950  0.00000000    0.01552296  0.00000000
  0.01552296  0.00000000    0.01552296  0.00000000    0.26320950  0.00000000

     Dynamical  Matrix in cartesian axes

     q = (    0.333333333  -0.333333333   0.333333333 ) 

    1    1
  0.26320950 -0.00000000   -0.01552296  0.00000000    0.01552296 -0.00000000
 -0.01552296  0.00000000    0.26320950 -0.00000000   -0.01552296  0.00000000
  0.01552296 -0.00000000   -0.01552296  0.00000000    0.26320950 -0.00000000
    1    2
 -0.16639041  0.04674988   -0.05640192 -0.03306655    0.05640192  0.03306655
 -0.05640192 -0.03306655   -0.16639041  0.04674988   -0.05640192 -0.03306655
  0.05640192  0.03306655   -0.05640192 -0.03306655   -0.16639041  0.04674988
    2    1
 -0.16639041 -0.04674988   -0.05640192  0.03306655    0.05640192 -0.03306655
 -0.05640192  0.03306655   -0.16639041 -0.04674988   -0.05640192  0.03306655
  0.05640192 -0.03306655   -0.05640192  0.03306655   -0.16639041 -0.04674988
    2    2
  0.26320950  0.00000000   -0.01552296 -0.00000000    0.01552296  0.00000000
 -0.01552296 -0.00000000    0.26320950  0.00000000   -0.01552296 -0.00000000
  0.01552296  0.00000000   -0.01552296 -0.00000000    0.26320950  0.00000000

     Dynamical  Matrix in cartesian axes

     q = (    0.333333333  -0.333333333  -0.333333333 ) 

    1    1
  0.26320950  0.00000000   -0.01552296 -0.00000000   -0.01552296 -0.00000000
 -0.01552296 -0.00000000    0.26320950  0.00000000    0.01552296  0.00000000
 -0.01552296 -0.00000000    0.01552296  0.00000000    0.26320950  0.00000000
    1    2
 -0.16639041 -0.04674988   -0.05640192  0.03306655   -0.05640192  0.03306655
 -0.05640192  0.03306655   -0.16639041 -0.04674988    0.05640192 -0.03306655
 -0.05640192  0.03306655    0.05640192 -0.03306655   -0.16639041 -0.04674988
    2    1
 -0.16639041  0.04674988   -0.05640192 -0.03306655   -0.05640192 -0.03306655
 -0.05640192 -0.03306655   -0.16639041  0.04674988    0.05640192  0.03306655
 -0.05640192 -0.03306655    0.05640192  0.03306655   -0.16639041  0.04674988
    2    2
  0.26320950 -0.00000000   -0.01552296  0.00000000   -0.01552296  0.00000000
 -0.01552296  0.00000000    0.26320950 -0.00000000    0.01552296 -0.00000000
 -0.01552296  0.00000000    0.01552296 -0.00000000    0.26320950 -0.00000000

     Dynamical  Matrix in cartesian axes

     q = (    0.333333333   0.333333333  -0.333333333 ) 

    1    1
  0.26320950 -0.00000000    0.01552296 -0.00000000   -0.01552296  0.00000000
  0.01552296 -0.00000000    0.26320950 -0.00000000   -0.01552296  0.00000000
 -0.01552296  0.00000000   -0.01552296  0.00000000    0.26320950 -0.00000000
    1    2
 -0.16639041  0.04674988    0.05640192  0.03306655   -0.05640192 -0.03306655
  0.05640192  0.03306655   -0.16639041  0.04674988   -0.05640192 -0.03306655
 -0.05640192 -0.03306655   -0.05640192 -0.03306655   -0.16639041  0.04674988
    2    1
 -0.16639041 -0.04674988    0.05640192 -0.03306655   -0.05640192  0.03306655
  0.05640192 -0.03306655   -0.16639041 -0.04674988   -0.05640192  0.03306655
 -0.05640192  0.03306655   -0.05640192  0.03306655   -0.16639041 -0.04674988
    2    2
  0.26320950  0.00000000    0.01552296  0.00000000   -0.01552296 -0.00000000
  0.01552296  0.00000000    0.26320950  0.00000000   -0.01552296 -0.00000000
 -0.01552296 -0.00000000   -0.01552296 -0.00000000    0.26320950  0.00000000

     Dynamical  Matrix in cartesian axes

     q = (   -0.333333333  -0.333333333   0.333333333 ) 

    1    1
  0.26320950  0.00000000    0.01552296  0.00000000   -0.01552296 -0.00000000
  0.01552296  0.00000000    0.26320950  0.00000000   -0.01552296 -0.00000000
 -0.01552296 -0.00000000   -0.01552296 -0.00000000    0.26320950  0.00000000
    1    2
 -0.16639041 -0.04674988    0.05640192 -0.03306655   -0.05640192  0.03306655
  0.05640192 -0.03306655   -0.16639041 -0.04674988   -0.05640192  0.03306655
 -0.05640192  0.03306655   -0.05640192  0.03306655   -0.16639041 -0.04674988
    2    1
 -0.16639041  0.04674988    0.05640192  0.03306655   -0.05640192 -0.03306655
  0.05640192  0.03306655   -0.16639041  0.04674988   -0.05640192 -0.03306655
 -0.05640192 -0.03306655   -0.05640192 -0.03306655   -0.16639041  0.04674988
    2    2
  0.26320950 -0.00000000    0.01552296 -0.00000000   -0.01552296  0.00000000
  0.01552296 -0.00000000    0.26320950 -0.00000000   -0.01552296  0.00000000
 -0.01552296  0.00000000   -0.01552296  0.00000000    0.26320950 -0.00000000

     Dynamical  Matrix in cartesian axes

     q = (   -0.333333333   0.333333333   0.333333333 ) 

    1    1
  0.26320950 -0.00000000   -0.01552296  0.00000000   -0.01552296  0.00000000
 -0.01552296  0.00000000    0.26320950 -0.00000000    0.01552296 -0.00000000
 -0.01552296  0.00000000    0.01552296 -0.00000000    0.26320950 -0.00000000
    1    2
 -0.16639041  0.04674988   -0.05640192 -0.03306655   -0.05640192 -0.03306655
 -0.05640192 -0.03306655   -0.16639041  0.04674988    0.05640192  0.03306655
 -0.05640192 -0.03306655    0.05640192  0.03306655   -0.16639041  0.04674988
    2    1
 -0.16639041 -0.04674988   -0.05640192  0.03306655   -0.05640192  0.03306655
 -0.05640192  0.03306655   -0.16639041 -0.04674988    0.05640192 -0.03306655
 -0.05640192  0.03306655    0.05640192 -0.03306655   -0.16639041 -0.04674988
    2    2
  0.26320950  0.00000000   -0.01552296 -0.00000000   -0.01552296 -0.00000000
 -0.01552296 -0.00000000    0.26320950  0.00000000    0.01552296  0.00000000
 -0.01552296 -0.00000000    0.01552296  0.00000000    0.26320950  0.00000000

     Diagonalizing the dynamical matrix

     q = (   -0.333333333   0.333333333  -0.333333333 ) 

 **************************************************************************
     freq (    1) =       3.216778 [THz] =     107.300173 [cm-1]
 ( -0.407850  0.084806 -0.548468  0.076169 -0.140618 -0.008636 ) 
 ( -0.401884  0.109648 -0.542767  0.109648 -0.140883  0.000000 ) 
     freq (    2) =       3.216778 [THz] =     107.300173 [cm-1]
 (  0.399738 -0.003091 -0.159106 -0.037414 -0.558845 -0.034323 ) 
 (  0.398797 -0.027590 -0.161101 -0.027590 -0.559898  0.000000 ) 
     freq (    3) =       8.460428 [THz] =     282.209493 [cm-1]
 (  0.175074  0.368803 -0.175074 -0.368803  0.175074  0.368803 ) 
 (  0.408248 -0.000000 -0.408248  0.000000  0.408248  0.000000 ) 
     freq (    4) =      13.313179 [THz] =     444.079846 [cm-1]
 (  0.175074  0.368803 -0.175074 -0.368803  0.175074  0.368803 ) 
 ( -0.408248  0.000000  0.408248  0.000000 -0.408248  0.000000 ) 
     freq (    5) =      14.110057 [THz] =     470.660838 [cm-1]
 ( -0.317395  0.026564  0.255509  0.061751  0.572904  0.035186 ) 
 (  0.315169 -0.045971 -0.258814 -0.045971 -0.573983  0.000000 ) 
     freq (    6) =      14.110057 [THz] =     470.660838 [cm-1]
 ( -0.254190  0.408994 -0.316334  0.405177 -0.062144 -0.003817 ) 
 (  0.228639 -0.423807  0.290901 -0.423807  0.062261  0.000000 ) 
 **************************************************************************
