Dynamical matrix file
                                                                           
  1    2  2 10.3640000  0.0000000  0.0000000  0.0000000  0.0000000  0.0000000
           1  'Si  '    25598.8229845270     
    1    1      0.0000000000      0.0000000000      0.0000000000
    2    1      0.2500000000      0.2500000000      0.2500000000

     Dynamical  Matrix in cartesian axes

     q = (    0.833333333  -0.166666667   0.833333333 ) 

    1    1
  0.23455127  0.00000000   -0.00263300  0.00722966    0.00284027  0.00000000
 -0.00263300 -0.00722966    0.30857910  0.00000000   -0.00263300 -0.00722966
  0.00284027  0.00000000   -0.00263300  0.00722966    0.23455127  0.00000000
    1    2
 -0.02837229  0.05037878   -0.01868302  0.03396381   -0.10970820 -0.11609520
 -0.01868302  0.03396381   -0.02218769  0.06423611   -0.01868302  0.03396381
 -0.10970820 -0.11609520   -0.01868302  0.03396381   -0.02837229  0.05037878
    2    1
 -0.02837229 -0.05037878   -0.01868302 -0.03396381   -0.10970820  0.11609520
 -0.01868302 -0.03396381   -0.02218769 -0.06423611   -0.01868302 -0.03396381
 -0.10970820  0.11609520   -0.01868302 -0.03396381   -0.02837229 -0.05037878
    2    2
  0.23455127 -0.00000000   -0.00263300 -0.00722966    0.00284027 -0.00000000
 -0.00263300  0.00722966    0.30857910 -0.00000000   -0.00263300  0.00722966
  0.00284027 -0.00000000   -0.00263300 -0.00722966    0.23455127 -0.00000000

     Dynamical  Matrix in cartesian axes

     q = (   -0.833333333  -0.166666667   0.833333333 ) 

    1    1
  0.23455127  0.00000000    0.00263300  0.00722966   -0.00284027  0.00000000
  0.00263300 -0.00722966    0.30857910  0.00000000   -0.00263300  0.00722966
 -0.00284027  0.00000000   -0.00263300 -0.00722966    0.23455127  0.00000000
    1    2
 -0.02944316  0.04976051    0.02007202 -0.03316188   -0.15539549 -0.03696249
  0.02007202 -0.03316188   -0.04453626  0.05133316   -0.02007202  0.03316188
 -0.15539549 -0.03696249   -0.02007202  0.03316188   -0.02944316  0.04976051
    2    1
 -0.02944316 -0.04976051    0.02007202  0.03316188   -0.15539549  0.03696249
  0.02007202  0.03316188   -0.04453626 -0.05133316   -0.02007202 -0.03316188
 -0.15539549  0.03696249   -0.02007202 -0.03316188   -0.02944316 -0.04976051
    2    2
  0.23455127  0.00000000    0.00263300 -0.00722966   -0.00284027  0.00000000
  0.00263300  0.00722966    0.30857910 -0.00000000   -0.00263300 -0.00722966
 -0.00284027  0.00000000   -0.00263300  0.00722966    0.23455127  0.00000000

     Dynamical  Matrix in cartesian axes

     q = (    0.833333333  -0.166666667  -0.833333333 ) 

    1    1
  0.23455127  0.00000000   -0.00263300 -0.00722966   -0.00284027  0.00000000
 -0.00263300  0.00722966    0.30857910 -0.00000000    0.00263300 -0.00722966
 -0.00284027  0.00000000    0.00263300  0.00722966    0.23455127  0.00000000
    1    2
 -0.02944316  0.04976051   -0.02007202  0.03316188   -0.15539549 -0.03696249
 -0.02007202  0.03316188   -0.04453626  0.05133316    0.02007202 -0.03316188
 -0.15539549 -0.03696249    0.02007202 -0.03316188   -0.02944316  0.04976051
    2    1
 -0.02944316 -0.04976051   -0.02007202 -0.03316188   -0.15539549  0.03696249
 -0.02007202 -0.03316188   -0.04453626 -0.05133316    0.02007202  0.03316188
 -0.15539549  0.03696249    0.02007202  0.03316188   -0.02944316 -0.04976051
    2    2
  0.23455127  0.00000000   -0.00263300  0.00722966   -0.00284027  0.00000000
 -0.00263300 -0.00722966    0.30857910  0.00000000    0.00263300  0.00722966
 -0.00284027  0.00000000    0.00263300 -0.00722966    0.23455127  0.00000000

     Dynamical  Matrix in cartesian axes

     q = (   -0.833333333  -0.166666667  -0.833333333 ) 

    1    1
  0.23455127 -0.00000000    0.00263300 -0.00722966    0.00284027 -0.00000000
  0.00263300  0.00722966    0.30857910 -0.00000000    0.00263300  0.00722966
  0.00284027 -0.00000000    0.00263300 -0.00722966    0.23455127 -0.00000000
    1    2
  0.02944316  0.04976051   -0.02007202 -0.03316188   -0.15539549  0.03696249
 -0.02007202 -0.03316188    0.04453626  0.05133316   -0.02007202 -0.03316188
 -0.15539549  0.03696249   -0.02007202 -0.03316188    0.02944316  0.04976051
    2    1
  0.02944316 -0.04976051   -0.02007202  0.03316188   -0.15539549 -0.03696249
 -0.02007202  0.03316188    0.04453626 -0.05133316   -0.02007202  0.03316188
 -0.15539549 -0.03696249   -0.02007202  0.03316188    0.02944316 -0.04976051
    2    2
  0.23455127  0.00000000    0.00263300  0.00722966    0.00284027  0.00000000
  0.00263300 -0.00722966    0.30857910  0.00000000    0.00263300 -0.00722966
  0.00284027  0.00000000    0.00263300  0.00722966    0.23455127  0.00000000

     Dynamical  Matrix in cartesian axes

     q = (   -0.166666667   0.833333333  -0.833333333 ) 

    1    1
  0.30857910 -0.00000000   -0.00263300  0.00722966    0.00263300 -0.00722966
 -0.00263300 -0.00722966    0.23455127 -0.00000000   -0.00284027  0.00000000
  0.00263300  0.00722966   -0.00284027  0.00000000    0.23455127 -0.00000000
    1    2
 -0.04453626  0.05133316   -0.02007202  0.03316188    0.02007202 -0.03316188
 -0.02007202  0.03316188   -0.02944316  0.04976051   -0.15539549 -0.03696249
  0.02007202 -0.03316188   -0.15539549 -0.03696249   -0.02944316  0.04976051
    2    1
 -0.04453626 -0.05133316   -0.02007202 -0.03316188    0.02007202  0.03316188
 -0.02007202 -0.03316188   -0.02944316 -0.04976051   -0.15539549  0.03696249
  0.02007202  0.03316188   -0.15539549  0.03696249   -0.02944316 -0.04976051
    2    2
  0.30857910  0.00000000   -0.00263300 -0.00722966    0.00263300  0.00722966
 -0.00263300  0.00722966    0.23455127  0.00000000   -0.00284027 -0.00000000
  0.00263300 -0.00722966   -0.00284027 -0.00000000    0.23455127  0.00000000

     Dynamical  Matrix in cartesian axes

     q = (   -0.833333333   0.833333333  -0.166666667 ) 

    1    1
  0.23455127 -0.00000000   -0.00284027  0.00000000    0.00263300  0.00722966
 -0.00284027  0.00000000    0.23455127 -0.00000000   -0.00263300 -0.00722966
  0.00263300 -0.00722966   -0.00263300  0.00722966    0.30857910 -0.00000000
    1    2
 -0.02944316  0.04976051   -0.15539549 -0.03696249    0.02007202 -0.03316188
 -0.15539549 -0.03696249   -0.02944316  0.04976051   -0.02007202  0.03316188
  0.02007202 -0.03316188   -0.02007202  0.03316188   -0.04453626  0.05133316
    2    1
 -0.02944316 -0.04976051   -0.15539549  0.03696249    0.02007202  0.03316188
 -0.15539549  0.03696249   -0.02944316 -0.04976051   -0.02007202 -0.03316188
  0.02007202  0.03316188   -0.02007202 -0.03316188   -0.04453626 -0.05133316
    2    2
  0.23455127  0.00000000   -0.00284027 -0.00000000    0.00263300 -0.00722966
 -0.00284027 -0.00000000    0.23455127  0.00000000   -0.00263300  0.00722966
  0.00263300  0.00722966   -0.00263300 -0.00722966    0.30857910  0.00000000

     Dynamical  Matrix in cartesian axes

     q = (    0.833333333   0.166666667   0.833333333 ) 

    1    1
  0.23455127  0.00000000    0.00263300  0.00722966    0.00284027  0.00000000
  0.00263300 -0.00722966    0.30857910  0.00000000    0.00263300 -0.00722966
  0.00284027  0.00000000    0.00263300  0.00722966    0.23455127  0.00000000
    1    2
  0.02944316 -0.04976051   -0.02007202  0.03316188   -0.15539549 -0.03696249
 -0.02007202  0.03316188    0.04453626 -0.05133316   -0.02007202  0.03316188
 -0.15539549 -0.03696249   -0.02007202  0.03316188    0.02944316 -0.04976051
    2    1
  0.02944316  0.04976051   -0.02007202 -0.03316188   -0.15539549  0.03696249
 -0.02007202 -0.03316188    0.04453626  0.05133316   -0.02007202 -0.03316188
 -0.15539549  0.03696249   -0.02007202 -0.03316188    0.02944316  0.04976051
    2    2
  0.23455127 -0.00000000    0.00263300 -0.00722966    0.00284027 -0.00000000
  0.00263300  0.00722966    0.30857910 -0.00000000    0.00263300  0.00722966
  0.00284027 -0.00000000    0.00263300 -0.00722966    0.23455127 -0.00000000

     Dynamical  Matrix in cartesian axes

     q = (   -0.833333333   0.166666667   0.833333333 ) 

    1    1
  0.23455127  0.00000000   -0.00263300  0.00722966   -0.00284027  0.00000000
 -0.00263300 -0.00722966    0.30857910  0.00000000    0.00263300  0.00722966
 -0.00284027  0.00000000    0.00263300 -0.00722966    0.23455127  0.00000000
    1    2
 -0.02944316 -0.04976051   -0.02007202 -0.03316188   -0.15539549  0.03696249
 -0.02007202 -0.03316188   -0.04453626 -0.05133316    0.02007202  0.03316188
 -0.15539549  0.03696249    0.02007202  0.03316188   -0.02944316 -0.04976051
    2    1
 -0.02944316  0.04976051   -0.02007202  0.03316188   -0.15539549 -0.03696249
 -0.02007202  0.03316188   -0.04453626  0.05133316    0.02007202 -0.03316188
 -0.15539549 -0.03696249    0.02007202 -0.03316188   -0.02944316  0.04976051
    2    2
  0.23455127  0.00000000   -0.00263300 -0.00722966   -0.00284027  0.00000000
 -0.00263300  0.00722966    0.30857910 -0.00000000    0.00263300 -0.00722966
 -0.00284027  0.00000000    0.00263300  0.00722966    0.23455127  0.00000000

     Dynamical  Matrix in cartesian axes

     q = (    0.833333333   0.166666667  -0.833333333 ) 

    1    1
  0.23455127  0.00000000    0.00263300 -0.00722966   -0.00284027  0.00000000
  0.00263300  0.00722966    0.30857910 -0.00000000   -0.00263300 -0.00722966
 -0.00284027  0.00000000   -0.00263300  0.00722966    0.23455127  0.00000000
    1    2
 -0.02944316 -0.04976051    0.02007202  0.03316188   -0.15539549  0.03696249
  0.02007202  0.03316188   -0.04453626 -0.05133316   -0.02007202 -0.03316188
 -0.15539549  0.03696249   -0.02007202 -0.03316188   -0.02944316 -0.04976051
    2    1
 -0.02944316  0.04976051    0.02007202 -0.03316188   -0.15539549 -0.03696249
  0.02007202 -0.03316188   -0.04453626  0.05133316   -0.02007202  0.03316188
 -0.15539549 -0.03696249   -0.02007202  0.03316188   -0.02944316  0.04976051
    2    2
  0.23455127  0.00000000    0.00263300  0.00722966   -0.00284027  0.00000000
  0.00263300 -0.00722966    0.30857910  0.00000000   -0.00263300  0.00722966
 -0.00284027  0.00000000   -0.00263300 -0.00722966    0.23455127  0.00000000

     Dynamical  Matrix in cartesian axes

     q = (   -0.166666667   0.833333333   0.833333333 ) 

    1    1
  0.30857910  0.00000000   -0.00263300 -0.00722966   -0.00263300 -0.00722966
 -0.00263300  0.00722966    0.23455127  0.00000000    0.00284027 -0.00000000
 -0.00263300  0.00722966    0.00284027 -0.00000000    0.23455127  0.00000000
    1    2
 -0.02218769  0.06423611   -0.01868302  0.03396381   -0.01868302  0.03396381
 -0.01868302  0.03396381   -0.02837229  0.05037878   -0.10970820 -0.11609520
 -0.01868302  0.03396381   -0.10970820 -0.11609520   -0.02837229  0.05037878
    2    1
 -0.02218769 -0.06423611   -0.01868302 -0.03396381   -0.01868302 -0.03396381
 -0.01868302 -0.03396381   -0.02837229 -0.05037878   -0.10970820  0.11609520
 -0.01868302 -0.03396381   -0.10970820  0.11609520   -0.02837229 -0.05037878
    2    2
  0.30857910 -0.00000000   -0.00263300  0.00722966   -0.00263300  0.00722966
 -0.00263300 -0.00722966    0.23455127 -0.00000000    0.00284027  0.00000000
 -0.00263300 -0.00722966    0.00284027  0.00000000    0.23455127 -0.00000000

     Dynamical  Matrix in cartesian axes

     q = (    0.166666667   0.833333333  -0.833333333 ) 

    1    1
  0.30857910 -0.00000000    0.00263300  0.00722966   -0.00263300 -0.00722966
  0.00263300 -0.00722966    0.23455127 -0.00000000   -0.00284027  0.00000000
 -0.00263300  0.00722966   -0.00284027  0.00000000    0.23455127 -0.00000000
    1    2
 -0.04453626 -0.05133316    0.02007202  0.03316188   -0.02007202 -0.03316188
  0.02007202  0.03316188   -0.02944316 -0.04976051   -0.15539549  0.03696249
 -0.02007202 -0.03316188   -0.15539549  0.03696249   -0.02944316 -0.04976051
    2    1
 -0.04453626  0.05133316    0.02007202 -0.03316188   -0.02007202  0.03316188
  0.02007202 -0.03316188   -0.02944316  0.04976051   -0.15539549 -0.03696249
 -0.02007202  0.03316188   -0.15539549 -0.03696249   -0.02944316  0.04976051
    2    2
  0.30857910  0.00000000    0.00263300 -0.00722966   -0.00263300  0.00722966
  0.00263300  0.00722966    0.23455127  0.00000000   -0.00284027 -0.00000000
 -0.00263300 -0.00722966   -0.00284027 -0.00000000    0.23455127  0.00000000

     Dynamical  Matrix in cartesian axes

     q = (   -0.166666667  -0.833333333  -0.833333333 ) 

    1    1
  0.30857910 -0.00000000    0.00263300  0.00722966    0.00263300  0.00722966
  0.00263300 -0.00722966    0.23455127 -0.00000000    0.00284027  0.00000000
  0.00263300 -0.00722966    0.00284027  0.00000000    0.23455127 -0.00000000
    1    2
  0.04453626  0.05133316   -0.02007202 -0.03316188   -0.02007202 -0.03316188
 -0.02007202 -0.03316188    0.02944316  0.04976051   -0.15539549  0.03696249
 -0.02007202 -0.03316188   -0.15539549  0.03696249    0.02944316  0.04976051
    2    1
  0.04453626 -0.05133316   -0.02007202  0.03316188   -0.02007202  0.03316188
 -0.02007202  0.03316188    0.02944316 -0.04976051   -0.15539549 -0.03696249
 -0.02007202  0.03316188   -0.15539549 -0.03696249    0.02944316 -0.04976051
    2    2
  0.30857910  0.00000000    0.00263300 -0.00722966    0.00263300 -0.00722966
  0.00263300  0.00722966    0.23455127  0.00000000    0.00284027 -0.00000000
  0.00263300  0.00722966    0.00284027 -0.00000000    0.23455127  0.00000000

     Dynamical  Matrix in cartesian axes

     q = (    0.833333333  -0.833333333   0.166666667 ) 

    1    1
  0.23455127  0.00000000   -0.00284027 -0.00000000    0.00263300 -0.00722966
 -0.00284027 -0.00000000    0.23455127  0.00000000   -0.00263300  0.00722966
  0.00263300  0.00722966   -0.00263300 -0.00722966    0.30857910  0.00000000
    1    2
 -0.02944316 -0.04976051   -0.15539549  0.03696249    0.02007202  0.03316188
 -0.15539549  0.03696249   -0.02944316 -0.04976051   -0.02007202 -0.03316188
  0.02007202  0.03316188   -0.02007202 -0.03316188   -0.04453626 -0.05133316
    2    1
 -0.02944316  0.04976051   -0.15539549 -0.03696249    0.02007202 -0.03316188
 -0.15539549 -0.03696249   -0.02944316  0.04976051   -0.02007202  0.03316188
  0.02007202 -0.03316188   -0.02007202  0.03316188   -0.04453626  0.05133316
    2    2
  0.23455127 -0.00000000   -0.00284027  0.00000000    0.00263300  0.00722966
 -0.00284027  0.00000000    0.23455127 -0.00000000   -0.00263300 -0.00722966
  0.00263300 -0.00722966   -0.00263300  0.00722966    0.30857910 -0.00000000

     Dynamical  Matrix in cartesian axes

     q = (    0.833333333   0.833333333  -0.166666667 ) 

    1    1
  0.23455127 -0.00000000    0.00284027 -0.00000000   -0.00263300  0.00722966
  0.00284027 -0.00000000    0.23455127 -0.00000000   -0.00263300  0.00722966
 -0.00263300 -0.00722966   -0.00263300 -0.00722966    0.30857910 -0.00000000
    1    2
 -0.02837229  0.05037878   -0.10970820 -0.11609520   -0.01868302  0.03396381
 -0.10970820 -0.11609520   -0.02837229  0.05037878   -0.01868302  0.03396381
 -0.01868302  0.03396381   -0.01868302  0.03396381   -0.02218769  0.06423611
    2    1
 -0.02837229 -0.05037878   -0.10970820  0.11609520   -0.01868302 -0.03396381
 -0.10970820  0.11609520   -0.02837229 -0.05037878   -0.01868302 -0.03396381
 -0.01868302 -0.03396381   -0.01868302 -0.03396381   -0.02218769 -0.06423611
    2    2
  0.23455127  0.00000000    0.00284027  0.00000000   -0.00263300 -0.00722966
  0.00284027  0.00000000    0.23455127  0.00000000   -0.00263300 -0.00722966
 -0.00263300  0.00722966   -0.00263300  0.00722966    0.30857910  0.00000000

     Dynamical  Matrix in cartesian axes

     q = (   -0.833333333  -0.833333333  -0.166666667 ) 

    1    1
  0.23455127  0.00000000    0.00284027  0.00000000    0.00263300 -0.00722966
  0.00284027  0.00000000    0.23455127  0.00000000    0.00263300 -0.00722966
  0.00263300  0.00722966    0.00263300  0.00722966    0.30857910  0.00000000
    1    2
  0.02944316  0.04976051   -0.15539549  0.03696249   -0.02007202 -0.03316188
 -0.15539549  0.03696249    0.02944316  0.04976051   -0.02007202 -0.03316188
 -0.02007202 -0.03316188   -0.02007202 -0.03316188    0.04453626  0.05133316
    2    1
  0.02944316 -0.04976051   -0.15539549 -0.03696249   -0.02007202  0.03316188
 -0.15539549 -0.03696249    0.02944316 -0.04976051   -0.02007202  0.03316188
 -0.02007202  0.03316188   -0.02007202  0.03316188    0.04453626 -0.05133316
    2    2
  0.23455127 -0.00000000    0.00284027 -0.00000000    0.00263300  0.00722966
  0.00284027 -0.00000000    0.23455127 -0.00000000    0.00263300  0.00722966
  0.00263300 -0.00722966    0.00263300 -0.00722966    0.30857910 -0.00000000

     Dynamical  Matrix in cartesian axes

     q = (   -0.833333333   0.833333333   0.166666667 ) 

    1    1
  0.23455127  0.00000000   -0.00284027 -0.00000000   -0.00263300  0.00722966
 -0.00284027 -0.00000000    0.23455127  0.00000000    0.00263300 -0.00722966
 -0.00263300 -0.00722966    0.00263300  0.00722966    0.30857910  0.00000000
    1    2
 -0.02944316 -0.04976051   -0.15539549  0.03696249   -0.02007202 -0.03316188
 -0.15539549  0.03696249   -0.02944316 -0.04976051    0.02007202  0.03316188
 -0.02007202 -0.03316188    0.02007202  0.03316188   -0.04453626 -0.05133316
    2    1
 -0.02944316  0.04976051   -0.15539549 -0.03696249   -0.02007202  0.03316188
 -0.15539549 -0.03696249   -0.02944316  0.04976051    0.02007202 -0.03316188
 -0.02007202  0.03316188    0.02007202 -0.03316188   -0.04453626  0.05133316
    2    2
  0.23455127 -0.00000000   -0.00284027  0.00000000   -0.00263300 -0.00722966
 -0.00284027  0.00000000    0.23455127 -0.00000000    0.00263300  0.00722966
 -0.00263300  0.00722966    0.00263300 -0.00722966    0.30857910 -0.00000000

     Dynamical  Matrix in cartesian axes

     q = (    0.166666667  -0.833333333   0.833333333 ) 

    1    1
  0.30857910  0.00000000   -0.00263300 -0.00722966    0.00263300  0.00722966
 -0.00263300  0.00722966    0.23455127  0.00000000   -0.00284027 -0.00000000
  0.00263300 -0.00722966   -0.00284027 -0.00000000    0.23455127  0.00000000
    1    2
 -0.04453626 -0.05133316   -0.02007202 -0.03316188    0.02007202  0.03316188
 -0.02007202 -0.03316188   -0.02944316 -0.04976051   -0.15539549  0.03696249
  0.02007202  0.03316188   -0.15539549  0.03696249   -0.02944316 -0.04976051
    2    1
 -0.04453626  0.05133316   -0.02007202  0.03316188    0.02007202 -0.03316188
 -0.02007202  0.03316188   -0.02944316  0.04976051   -0.15539549 -0.03696249
  0.02007202 -0.03316188   -0.15539549 -0.03696249   -0.02944316  0.04976051
    2    2
  0.30857910 -0.00000000   -0.00263300  0.00722966    0.00263300 -0.00722966
 -0.00263300 -0.00722966    0.23455127 -0.00000000   -0.00284027  0.00000000
  0.00263300  0.00722966   -0.00284027  0.00000000    0.23455127 -0.00000000

     Dynamical  Matrix in cartesian axes

     q = (    0.166666667   0.833333333   0.833333333 ) 

    1    1
  0.30857910  0.00000000    0.00263300 -0.00722966    0.00263300 -0.00722966
  0.00263300  0.00722966    0.23455127  0.00000000    0.00284027 -0.00000000
  0.00263300  0.00722966    0.00284027 -0.00000000    0.23455127  0.00000000
    1    2
  0.04453626 -0.05133316   -0.02007202  0.03316188   -0.02007202  0.03316188
 -0.02007202  0.03316188    0.02944316 -0.04976051   -0.15539549 -0.03696249
 -0.02007202  0.03316188   -0.15539549 -0.03696249    0.02944316 -0.04976051
    2    1
  0.04453626  0.05133316   -0.02007202 -0.03316188   -0.02007202 -0.03316188
 -0.02007202 -0.03316188    0.02944316  0.04976051   -0.15539549  0.03696249
 -0.02007202 -0.03316188   -0.15539549  0.03696249    0.02944316  0.04976051
    2    2
  0.30857910 -0.00000000    0.00263300  0.00722966    0.00263300  0.00722966
  0.00263300 -0.00722966    0.23455127 -0.00000000    0.00284027  0.00000000
  0.00263300 -0.00722966    0.00284027  0.00000000    0.23455127 -0.00000000

     Dynamical  Matrix in cartesian axes

     q = (   -0.833333333   0.166666667  -0.833333333 ) 

    1    1
  0.23455127 -0.00000000   -0.00263300 -0.00722966    0.00284027 -0.00000000
 -0.00263300  0.00722966    0.30857910 -0.00000000   -0.00263300  0.00722966
  0.00284027 -0.00000000   -0.00263300 -0.00722966    0.23455127 -0.00000000
    1    2
 -0.02837229 -0.05037878   -0.01868302 -0.03396381   -0.10970820  0.11609520
 -0.01868302 -0.03396381   -0.02218769 -0.06423611   -0.01868302 -0.03396381
 -0.10970820  0.11609520   -0.01868302 -0.03396381   -0.02837229 -0.05037878
    2    1
 -0.02837229  0.05037878   -0.01868302  0.03396381   -0.10970820 -0.11609520
 -0.01868302  0.03396381   -0.02218769  0.06423611   -0.01868302  0.03396381
 -0.10970820 -0.11609520   -0.01868302  0.03396381   -0.02837229  0.05037878
    2    2
  0.23455127  0.00000000   -0.00263300  0.00722966    0.00284027  0.00000000
 -0.00263300 -0.00722966    0.30857910  0.00000000   -0.00263300 -0.00722966
  0.00284027  0.00000000   -0.00263300  0.00722966    0.23455127  0.00000000

     Dynamical  Matrix in cartesian axes

     q = (   -0.166666667  -0.833333333   0.833333333 ) 

    1    1
  0.30857910  0.00000000    0.00263300 -0.00722966   -0.00263300  0.00722966
  0.00263300  0.00722966    0.23455127  0.00000000   -0.00284027 -0.00000000
 -0.00263300 -0.00722966   -0.00284027 -0.00000000    0.23455127  0.00000000
    1    2
 -0.04453626  0.05133316    0.02007202 -0.03316188   -0.02007202  0.03316188
  0.02007202 -0.03316188   -0.02944316  0.04976051   -0.15539549 -0.03696249
 -0.02007202  0.03316188   -0.15539549 -0.03696249   -0.02944316  0.04976051
    2    1
 -0.04453626 -0.05133316    0.02007202  0.03316188   -0.02007202 -0.03316188
  0.02007202  0.03316188   -0.02944316 -0.04976051   -0.15539549  0.03696249
 -0.02007202 -0.03316188   -0.15539549  0.03696249   -0.02944316 -0.04976051
    2    2
  0.30857910 -0.00000000    0.00263300  0.00722966   -0.00263300 -0.00722966
  0.00263300 -0.00722966    0.23455127 -0.00000000   -0.00284027  0.00000000
 -0.00263300  0.00722966   -0.00284027  0.00000000    0.23455127 -0.00000000

     Dynamical  Matrix in cartesian axes

     q = (   -0.833333333  -0.833333333   0.166666667 ) 

    1    1
  0.23455127  0.00000000    0.00284027  0.00000000   -0.00263300 -0.00722966
  0.00284027  0.00000000    0.23455127  0.00000000   -0.00263300 -0.00722966
 -0.00263300  0.00722966   -0.00263300  0.00722966    0.30857910  0.00000000
    1    2
 -0.02837229 -0.05037878   -0.10970820  0.11609520   -0.01868302 -0.03396381
 -0.10970820  0.11609520   -0.02837229 -0.05037878   -0.01868302 -0.03396381
 -0.01868302 -0.03396381   -0.01868302 -0.03396381   -0.02218769 -0.06423611
    2    1
 -0.02837229  0.05037878   -0.10970820 -0.11609520   -0.01868302  0.03396381
 -0.10970820 -0.11609520   -0.02837229  0.05037878   -0.01868302  0.03396381
 -0.01868302  0.03396381   -0.01868302  0.03396381   -0.02218769  0.06423611
    2    2
  0.23455127 -0.00000000    0.00284027 -0.00000000   -0.00263300  0.00722966
  0.00284027 -0.00000000    0.23455127 -0.00000000   -0.00263300  0.00722966
 -0.00263300 -0.00722966   -0.00263300 -0.00722966    0.30857910 -0.00000000

     Dynamical  Matrix in cartesian axes

     q = (    0.833333333   0.833333333   0.166666667 ) 

    1    1
  0.23455127 -0.00000000    0.00284027 -0.00000000    0.00263300  0.00722966
  0.00284027 -0.00000000    0.23455127 -0.00000000    0.00263300  0.00722966
  0.00263300 -0.00722966    0.00263300 -0.00722966    0.30857910 -0.00000000
    1    2
  0.02944316 -0.04976051   -0.15539549 -0.03696249   -0.02007202  0.03316188
 -0.15539549 -0.03696249    0.02944316 -0.04976051   -0.02007202  0.03316188
 -0.02007202  0.03316188   -0.02007202  0.03316188    0.04453626 -0.05133316
    2    1
  0.02944316  0.04976051   -0.15539549  0.03696249   -0.02007202 -0.03316188
 -0.15539549  0.03696249    0.02944316  0.04976051   -0.02007202 -0.03316188
 -0.02007202 -0.03316188   -0.02007202 -0.03316188    0.04453626  0.05133316
    2    2
  0.23455127  0.00000000    0.00284027  0.00000000    0.00263300 -0.00722966
  0.00284027  0.00000000    0.23455127  0.00000000    0.00263300 -0.00722966
  0.00263300  0.00722966    0.00263300  0.00722966    0.30857910  0.00000000

     Dynamical  Matrix in cartesian axes

     q = (    0.166666667  -0.833333333  -0.833333333 ) 

    1    1
  0.30857910 -0.00000000   -0.00263300  0.00722966   -0.00263300  0.00722966
 -0.00263300 -0.00722966    0.23455127 -0.00000000    0.00284027  0.00000000
 -0.00263300 -0.00722966    0.00284027  0.00000000    0.23455127 -0.00000000
    1    2
 -0.02218769 -0.06423611   -0.01868302 -0.03396381   -0.01868302 -0.03396381
 -0.01868302 -0.03396381   -0.02837229 -0.05037878   -0.10970820  0.11609520
 -0.01868302 -0.03396381   -0.10970820  0.11609520   -0.02837229 -0.05037878
    2    1
 -0.02218769  0.06423611   -0.01868302  0.03396381   -0.01868302  0.03396381
 -0.01868302  0.03396381   -0.02837229  0.05037878   -0.10970820 -0.11609520
 -0.01868302  0.03396381   -0.10970820 -0.11609520   -0.02837229  0.05037878
    2    2
  0.30857910  0.00000000   -0.00263300 -0.00722966   -0.00263300 -0.00722966
 -0.00263300  0.00722966    0.23455127  0.00000000    0.00284027 -0.00000000
 -0.00263300  0.00722966    0.00284027 -0.00000000    0.23455127  0.00000000

     Dynamical  Matrix in cartesian axes

     q = (    0.833333333  -0.833333333  -0.166666667 ) 

    1    1
  0.23455127 -0.00000000   -0.00284027  0.00000000   -0.00263300 -0.00722966
 -0.00284027  0.00000000    0.23455127 -0.00000000    0.00263300  0.00722966
 -0.00263300  0.00722966    0.00263300 -0.00722966    0.30857910 -0.00000000
    1    2
 -0.02944316  0.04976051   -0.15539549 -0.03696249   -0.02007202  0.03316188
 -0.15539549 -0.03696249   -0.02944316  0.04976051    0.02007202 -0.03316188
 -0.02007202  0.03316188    0.02007202 -0.03316188   -0.04453626  0.05133316
    2    1
 -0.02944316 -0.04976051   -0.15539549  0.03696249   -0.02007202 -0.03316188
 -0.15539549  0.03696249   -0.02944316 -0.04976051    0.02007202  0.03316188
 -0.02007202 -0.03316188    0.02007202  0.03316188   -0.04453626 -0.05133316
    2    2
  0.23455127  0.00000000   -0.00284027 -0.00000000   -0.00263300  0.00722966
 -0.00284027 -0.00000000    0.23455127  0.00000000    0.00263300 -0.00722966
 -0.00263300 -0.00722966    0.00263300  0.00722966    0.30857910  0.00000000

     Diagonalizing the dynamical matrix

     q = (    0.833333333  -0.166666667   0.833333333 ) 

 **************************************************************************
     freq (    1) =       4.430610 [THz] =     147.789246 [cm-1]
 (  0.219493  0.449247  0.000000 -0.000000 -0.219493 -0.449247 ) 
 ( -0.500000 -0.000000  0.000000  0.000000  0.500000  0.000000 ) 
     freq (    2) =       5.586020 [THz] =     186.329575 [cm-1]
 ( -0.446627 -0.190848 -0.123963  0.113297 -0.446627 -0.190848 ) 
 ( -0.485694 -0.000000 -0.069474 -0.152894 -0.485694  0.000000 ) 
     freq (    3) =       9.965461 [THz] =     332.411985 [cm-1]
 ( -0.131921  0.127209 -0.495767 -0.432487 -0.131921  0.127209 ) 
 (  0.183262 -0.000000  0.056672 -0.655453  0.183262  0.000000 ) 
     freq (    4) =      12.082489 [THz] =     403.028460 [cm-1]
 ( -0.190584 -0.212735  0.574563  0.081978 -0.190584 -0.212735 ) 
 (  0.285619  0.000000 -0.444445 -0.373245  0.285619  0.000000 ) 
     freq (    5) =      13.277888 [THz] =     442.902665 [cm-1]
 (  0.219493  0.449247  0.000000 -0.000000 -0.219493 -0.449247 ) 
 (  0.500000  0.000000 -0.000000 -0.000000 -0.500000  0.000000 ) 
     freq (    6) =      13.607607 [THz] =     453.900926 [cm-1]
 (  0.358394  0.143149  0.345816 -0.287289  0.358394  0.143149 ) 
 ( -0.385925 -0.000000 -0.214584 -0.395066 -0.385925  0.000000 ) 
 **************************************************************************
