Dynamical matrix file
                                                                           
  1    2  2 10.2800000  0.0000000  0.0000000  0.0000000  0.0000000  0.0000000
           1  'Si  '    25598.8229845270     
    1    1      0.0000000000      0.0000000000      0.0000000000
    2    1      0.2500000000      0.2500000000      0.2500000000

     Dynamical  Matrix in cartesian axes

     q = (    0.666666667  -0.333333333   0.666666667 ) 

    1    1
  0.26480526  0.00000000   -0.01151896  0.00733009    0.01046370  0.00000000
 -0.01151896 -0.00733009    0.29390332  0.00000000   -0.01151896 -0.00733009
  0.01046370  0.00000000   -0.01151896  0.00733009    0.26480526  0.00000000
    1    2
 -0.09899347  0.05847114   -0.06751916  0.04165843    0.02834598 -0.11942683
 -0.06751916  0.04165843   -0.10290851  0.07336682   -0.06751916  0.04165843
  0.02834598 -0.11942683   -0.06751916  0.04165843   -0.09899347  0.05847114
    2    1
 -0.09899347 -0.05847114   -0.06751916 -0.04165843    0.02834598  0.11942683
 -0.06751916 -0.04165843   -0.10290851 -0.07336682   -0.06751916 -0.04165843
  0.02834598  0.11942683   -0.06751916 -0.04165843   -0.09899347 -0.05847114
    2    2
  0.26480526  0.00000000   -0.01151896 -0.00733009    0.01046370  0.00000000
 -0.01151896  0.00733009    0.29390332  0.00000000   -0.01151896  0.00733009
  0.01046370  0.00000000   -0.01151896 -0.00733009    0.26480526  0.00000000

     Dynamical  Matrix in cartesian axes

     q = (   -0.666666667  -0.333333333  -0.666666667 ) 

    1    1
  0.26480526  0.00000000    0.01151896 -0.00733009    0.01046370  0.00000000
  0.01151896  0.00733009    0.29390332  0.00000000    0.01151896  0.00733009
  0.01046370  0.00000000    0.01151896 -0.00733009    0.26480526  0.00000000
    1    2
  0.10013423  0.05649529   -0.06983683 -0.03764409   -0.11759966  0.03516508
 -0.06983683 -0.03764409    0.11499178  0.05243797   -0.06983683 -0.03764409
 -0.11759966  0.03516508   -0.06983683 -0.03764409    0.10013423  0.05649529
    2    1
  0.10013423 -0.05649529   -0.06983683  0.03764409   -0.11759966 -0.03516508
 -0.06983683  0.03764409    0.11499178 -0.05243797   -0.06983683  0.03764409
 -0.11759966 -0.03516508   -0.06983683  0.03764409    0.10013423 -0.05649529
    2    2
  0.26480526  0.00000000    0.01151896  0.00733009    0.01046370  0.00000000
  0.01151896 -0.00733009    0.29390332  0.00000000    0.01151896 -0.00733009
  0.01046370  0.00000000    0.01151896  0.00733009    0.26480526  0.00000000

     Dynamical  Matrix in cartesian axes

     q = (    0.666666667  -0.333333333  -0.666666667 ) 

    1    1
  0.26480526  0.00000000   -0.01151896 -0.00733009   -0.01046370  0.00000000
 -0.01151896  0.00733009    0.29390332  0.00000000    0.01151896 -0.00733009
 -0.01046370  0.00000000    0.01151896  0.00733009    0.26480526  0.00000000
    1    2
 -0.10013423  0.05649529   -0.06983683  0.03764409   -0.11759966 -0.03516508
 -0.06983683  0.03764409   -0.11499178  0.05243797    0.06983683 -0.03764409
 -0.11759966 -0.03516508    0.06983683 -0.03764409   -0.10013423  0.05649529
    2    1
 -0.10013423 -0.05649529   -0.06983683 -0.03764409   -0.11759966  0.03516508
 -0.06983683 -0.03764409   -0.11499178 -0.05243797    0.06983683  0.03764409
 -0.11759966  0.03516508    0.06983683  0.03764409   -0.10013423 -0.05649529
    2    2
  0.26480526  0.00000000   -0.01151896  0.00733009   -0.01046370  0.00000000
 -0.01151896 -0.00733009    0.29390332  0.00000000    0.01151896  0.00733009
 -0.01046370  0.00000000    0.01151896 -0.00733009    0.26480526  0.00000000

     Dynamical  Matrix in cartesian axes

     q = (   -0.666666667  -0.333333333   0.666666667 ) 

    1    1
  0.26480526  0.00000000    0.01151896  0.00733009   -0.01046370  0.00000000
  0.01151896 -0.00733009    0.29390332  0.00000000   -0.01151896  0.00733009
 -0.01046370  0.00000000   -0.01151896 -0.00733009    0.26480526  0.00000000
    1    2
 -0.10013423  0.05649529    0.06983683 -0.03764409   -0.11759966 -0.03516508
  0.06983683 -0.03764409   -0.11499178  0.05243797   -0.06983683  0.03764409
 -0.11759966 -0.03516508   -0.06983683  0.03764409   -0.10013423  0.05649529
    2    1
 -0.10013423 -0.05649529    0.06983683  0.03764409   -0.11759966  0.03516508
  0.06983683  0.03764409   -0.11499178 -0.05243797   -0.06983683 -0.03764409
 -0.11759966  0.03516508   -0.06983683 -0.03764409   -0.10013423 -0.05649529
    2    2
  0.26480526  0.00000000    0.01151896 -0.00733009   -0.01046370  0.00000000
  0.01151896  0.00733009    0.29390332  0.00000000   -0.01151896 -0.00733009
 -0.01046370  0.00000000   -0.01151896  0.00733009    0.26480526  0.00000000

     Dynamical  Matrix in cartesian axes

     q = (   -0.333333333   0.666666667  -0.666666667 ) 

    1    1
  0.29390332  0.00000000   -0.01151896  0.00733009    0.01151896 -0.00733009
 -0.01151896 -0.00733009    0.26480526  0.00000000   -0.01046370  0.00000000
  0.01151896  0.00733009   -0.01046370  0.00000000    0.26480526  0.00000000
    1    2
 -0.11499178  0.05243797   -0.06983683  0.03764409    0.06983683 -0.03764409
 -0.06983683  0.03764409   -0.10013423  0.05649529   -0.11759966 -0.03516508
  0.06983683 -0.03764409   -0.11759966 -0.03516508   -0.10013423  0.05649529
    2    1
 -0.11499178 -0.05243797   -0.06983683 -0.03764409    0.06983683  0.03764409
 -0.06983683 -0.03764409   -0.10013423 -0.05649529   -0.11759966  0.03516508
  0.06983683  0.03764409   -0.11759966  0.03516508   -0.10013423 -0.05649529
    2    2
  0.29390332  0.00000000   -0.01151896 -0.00733009    0.01151896  0.00733009
 -0.01151896  0.00733009    0.26480526  0.00000000   -0.01046370  0.00000000
  0.01151896 -0.00733009   -0.01046370  0.00000000    0.26480526  0.00000000

     Dynamical  Matrix in cartesian axes

     q = (   -0.666666667   0.666666667  -0.333333333 ) 

    1    1
  0.26480526  0.00000000   -0.01046370  0.00000000    0.01151896  0.00733009
 -0.01046370  0.00000000    0.26480526  0.00000000   -0.01151896 -0.00733009
  0.01151896 -0.00733009   -0.01151896  0.00733009    0.29390332  0.00000000
    1    2
 -0.10013423  0.05649529   -0.11759966 -0.03516508    0.06983683 -0.03764409
 -0.11759966 -0.03516508   -0.10013423  0.05649529   -0.06983683  0.03764409
  0.06983683 -0.03764409   -0.06983683  0.03764409   -0.11499178  0.05243797
    2    1
 -0.10013423 -0.05649529   -0.11759966  0.03516508    0.06983683  0.03764409
 -0.11759966  0.03516508   -0.10013423 -0.05649529   -0.06983683 -0.03764409
  0.06983683  0.03764409   -0.06983683 -0.03764409   -0.11499178 -0.05243797
    2    2
  0.26480526  0.00000000   -0.01046370  0.00000000    0.01151896 -0.00733009
 -0.01046370  0.00000000    0.26480526  0.00000000   -0.01151896  0.00733009
  0.01151896  0.00733009   -0.01151896 -0.00733009    0.29390332  0.00000000

     Dynamical  Matrix in cartesian axes

     q = (    0.666666667   0.333333333   0.666666667 ) 

    1    1
  0.26480526  0.00000000    0.01151896  0.00733009    0.01046370  0.00000000
  0.01151896 -0.00733009    0.29390332  0.00000000    0.01151896 -0.00733009
  0.01046370  0.00000000    0.01151896  0.00733009    0.26480526  0.00000000
    1    2
  0.10013423 -0.05649529   -0.06983683  0.03764409   -0.11759966 -0.03516508
 -0.06983683  0.03764409    0.11499178 -0.05243797   -0.06983683  0.03764409
 -0.11759966 -0.03516508   -0.06983683  0.03764409    0.10013423 -0.05649529
    2    1
  0.10013423  0.05649529   -0.06983683 -0.03764409   -0.11759966  0.03516508
 -0.06983683 -0.03764409    0.11499178  0.05243797   -0.06983683 -0.03764409
 -0.11759966  0.03516508   -0.06983683 -0.03764409    0.10013423  0.05649529
    2    2
  0.26480526  0.00000000    0.01151896 -0.00733009    0.01046370  0.00000000
  0.01151896  0.00733009    0.29390332  0.00000000    0.01151896  0.00733009
  0.01046370  0.00000000    0.01151896 -0.00733009    0.26480526  0.00000000

     Dynamical  Matrix in cartesian axes

     q = (   -0.666666667   0.333333333   0.666666667 ) 

    1    1
  0.26480526  0.00000000   -0.01151896  0.00733009   -0.01046370  0.00000000
 -0.01151896 -0.00733009    0.29390332  0.00000000    0.01151896  0.00733009
 -0.01046370  0.00000000    0.01151896 -0.00733009    0.26480526  0.00000000
    1    2
 -0.10013423 -0.05649529   -0.06983683 -0.03764409   -0.11759966  0.03516508
 -0.06983683 -0.03764409   -0.11499178 -0.05243797    0.06983683  0.03764409
 -0.11759966  0.03516508    0.06983683  0.03764409   -0.10013423 -0.05649529
    2    1
 -0.10013423  0.05649529   -0.06983683  0.03764409   -0.11759966 -0.03516508
 -0.06983683  0.03764409   -0.11499178  0.05243797    0.06983683 -0.03764409
 -0.11759966 -0.03516508    0.06983683 -0.03764409   -0.10013423  0.05649529
    2    2
  0.26480526  0.00000000   -0.01151896 -0.00733009   -0.01046370  0.00000000
 -0.01151896  0.00733009    0.29390332  0.00000000    0.01151896 -0.00733009
 -0.01046370  0.00000000    0.01151896  0.00733009    0.26480526  0.00000000

     Dynamical  Matrix in cartesian axes

     q = (    0.666666667   0.333333333  -0.666666667 ) 

    1    1
  0.26480526  0.00000000    0.01151896 -0.00733009   -0.01046370  0.00000000
  0.01151896  0.00733009    0.29390332  0.00000000   -0.01151896 -0.00733009
 -0.01046370  0.00000000   -0.01151896  0.00733009    0.26480526  0.00000000
    1    2
 -0.10013423 -0.05649529    0.06983683  0.03764409   -0.11759966  0.03516508
  0.06983683  0.03764409   -0.11499178 -0.05243797   -0.06983683 -0.03764409
 -0.11759966  0.03516508   -0.06983683 -0.03764409   -0.10013423 -0.05649529
    2    1
 -0.10013423  0.05649529    0.06983683 -0.03764409   -0.11759966 -0.03516508
  0.06983683 -0.03764409   -0.11499178  0.05243797   -0.06983683  0.03764409
 -0.11759966 -0.03516508   -0.06983683  0.03764409   -0.10013423  0.05649529
    2    2
  0.26480526  0.00000000    0.01151896  0.00733009   -0.01046370  0.00000000
  0.01151896 -0.00733009    0.29390332  0.00000000   -0.01151896  0.00733009
 -0.01046370  0.00000000   -0.01151896 -0.00733009    0.26480526  0.00000000

     Dynamical  Matrix in cartesian axes

     q = (   -0.333333333   0.666666667   0.666666667 ) 

    1    1
  0.29390332  0.00000000   -0.01151896 -0.00733009   -0.01151896 -0.00733009
 -0.01151896  0.00733009    0.26480526  0.00000000    0.01046370  0.00000000
 -0.01151896  0.00733009    0.01046370  0.00000000    0.26480526  0.00000000
    1    2
 -0.10290851  0.07336682   -0.06751916  0.04165843   -0.06751916  0.04165843
 -0.06751916  0.04165843   -0.09899347  0.05847114    0.02834598 -0.11942683
 -0.06751916  0.04165843    0.02834598 -0.11942683   -0.09899347  0.05847114
    2    1
 -0.10290851 -0.07336682   -0.06751916 -0.04165843   -0.06751916 -0.04165843
 -0.06751916 -0.04165843   -0.09899347 -0.05847114    0.02834598  0.11942683
 -0.06751916 -0.04165843    0.02834598  0.11942683   -0.09899347 -0.05847114
    2    2
  0.29390332  0.00000000   -0.01151896  0.00733009   -0.01151896  0.00733009
 -0.01151896 -0.00733009    0.26480526  0.00000000    0.01046370  0.00000000
 -0.01151896 -0.00733009    0.01046370  0.00000000    0.26480526  0.00000000

     Dynamical  Matrix in cartesian axes

     q = (    0.333333333   0.666666667  -0.666666667 ) 

    1    1
  0.29390332  0.00000000    0.01151896  0.00733009   -0.01151896 -0.00733009
  0.01151896 -0.00733009    0.26480526  0.00000000   -0.01046370  0.00000000
 -0.01151896  0.00733009   -0.01046370  0.00000000    0.26480526  0.00000000
    1    2
 -0.11499178 -0.05243797    0.06983683  0.03764409   -0.06983683 -0.03764409
  0.06983683  0.03764409   -0.10013423 -0.05649529   -0.11759966  0.03516508
 -0.06983683 -0.03764409   -0.11759966  0.03516508   -0.10013423 -0.05649529
    2    1
 -0.11499178  0.05243797    0.06983683 -0.03764409   -0.06983683  0.03764409
  0.06983683 -0.03764409   -0.10013423  0.05649529   -0.11759966 -0.03516508
 -0.06983683  0.03764409   -0.11759966 -0.03516508   -0.10013423  0.05649529
    2    2
  0.29390332  0.00000000    0.01151896 -0.00733009   -0.01151896  0.00733009
  0.01151896  0.00733009    0.26480526  0.00000000   -0.01046370  0.00000000
 -0.01151896 -0.00733009   -0.01046370  0.00000000    0.26480526  0.00000000

     Dynamical  Matrix in cartesian axes

     q = (   -0.333333333  -0.666666667  -0.666666667 ) 

    1    1
  0.29390332  0.00000000    0.01151896  0.00733009    0.01151896  0.00733009
  0.01151896 -0.00733009    0.26480526  0.00000000    0.01046370  0.00000000
  0.01151896 -0.00733009    0.01046370  0.00000000    0.26480526  0.00000000
    1    2
  0.11499178  0.05243797   -0.06983683 -0.03764409   -0.06983683 -0.03764409
 -0.06983683 -0.03764409    0.10013423  0.05649529   -0.11759966  0.03516508
 -0.06983683 -0.03764409   -0.11759966  0.03516508    0.10013423  0.05649529
    2    1
  0.11499178 -0.05243797   -0.06983683  0.03764409   -0.06983683  0.03764409
 -0.06983683  0.03764409    0.10013423 -0.05649529   -0.11759966 -0.03516508
 -0.06983683  0.03764409   -0.11759966 -0.03516508    0.10013423 -0.05649529
    2    2
  0.29390332  0.00000000    0.01151896 -0.00733009    0.01151896 -0.00733009
  0.01151896  0.00733009    0.26480526  0.00000000    0.01046370  0.00000000
  0.01151896  0.00733009    0.01046370  0.00000000    0.26480526  0.00000000

     Dynamical  Matrix in cartesian axes

     q = (    0.666666667  -0.666666667   0.333333333 ) 

    1    1
  0.26480526  0.00000000   -0.01046370  0.00000000    0.01151896 -0.00733009
 -0.01046370  0.00000000    0.26480526  0.00000000   -0.01151896  0.00733009
  0.01151896  0.00733009   -0.01151896 -0.00733009    0.29390332  0.00000000
    1    2
 -0.10013423 -0.05649529   -0.11759966  0.03516508    0.06983683  0.03764409
 -0.11759966  0.03516508   -0.10013423 -0.05649529   -0.06983683 -0.03764409
  0.06983683  0.03764409   -0.06983683 -0.03764409   -0.11499178 -0.05243797
    2    1
 -0.10013423  0.05649529   -0.11759966 -0.03516508    0.06983683 -0.03764409
 -0.11759966 -0.03516508   -0.10013423  0.05649529   -0.06983683  0.03764409
  0.06983683 -0.03764409   -0.06983683  0.03764409   -0.11499178  0.05243797
    2    2
  0.26480526  0.00000000   -0.01046370  0.00000000    0.01151896  0.00733009
 -0.01046370  0.00000000    0.26480526  0.00000000   -0.01151896 -0.00733009
  0.01151896 -0.00733009   -0.01151896  0.00733009    0.29390332  0.00000000

     Dynamical  Matrix in cartesian axes

     q = (    0.666666667   0.666666667  -0.333333333 ) 

    1    1
  0.26480526  0.00000000    0.01046370  0.00000000   -0.01151896  0.00733009
  0.01046370  0.00000000    0.26480526  0.00000000   -0.01151896  0.00733009
 -0.01151896 -0.00733009   -0.01151896 -0.00733009    0.29390332  0.00000000
    1    2
 -0.09899347  0.05847114    0.02834598 -0.11942683   -0.06751916  0.04165843
  0.02834598 -0.11942683   -0.09899347  0.05847114   -0.06751916  0.04165843
 -0.06751916  0.04165843   -0.06751916  0.04165843   -0.10290851  0.07336682
    2    1
 -0.09899347 -0.05847114    0.02834598  0.11942683   -0.06751916 -0.04165843
  0.02834598  0.11942683   -0.09899347 -0.05847114   -0.06751916 -0.04165843
 -0.06751916 -0.04165843   -0.06751916 -0.04165843   -0.10290851 -0.07336682
    2    2
  0.26480526  0.00000000    0.01046370  0.00000000   -0.01151896 -0.00733009
  0.01046370  0.00000000    0.26480526  0.00000000   -0.01151896 -0.00733009
 -0.01151896  0.00733009   -0.01151896  0.00733009    0.29390332  0.00000000

     Dynamical  Matrix in cartesian axes

     q = (   -0.666666667  -0.666666667  -0.333333333 ) 

    1    1
  0.26480526  0.00000000    0.01046370  0.00000000    0.01151896 -0.00733009
  0.01046370  0.00000000    0.26480526  0.00000000    0.01151896 -0.00733009
  0.01151896  0.00733009    0.01151896  0.00733009    0.29390332  0.00000000
    1    2
  0.10013423  0.05649529   -0.11759966  0.03516508   -0.06983683 -0.03764409
 -0.11759966  0.03516508    0.10013423  0.05649529   -0.06983683 -0.03764409
 -0.06983683 -0.03764409   -0.06983683 -0.03764409    0.11499178  0.05243797
    2    1
  0.10013423 -0.05649529   -0.11759966 -0.03516508   -0.06983683  0.03764409
 -0.11759966 -0.03516508    0.10013423 -0.05649529   -0.06983683  0.03764409
 -0.06983683  0.03764409   -0.06983683  0.03764409    0.11499178 -0.05243797
    2    2
  0.26480526  0.00000000    0.01046370  0.00000000    0.01151896  0.00733009
  0.01046370  0.00000000    0.26480526  0.00000000    0.01151896  0.00733009
  0.01151896 -0.00733009    0.01151896 -0.00733009    0.29390332  0.00000000

     Dynamical  Matrix in cartesian axes

     q = (   -0.666666667   0.666666667   0.333333333 ) 

    1    1
  0.26480526  0.00000000   -0.01046370  0.00000000   -0.01151896  0.00733009
 -0.01046370  0.00000000    0.26480526  0.00000000    0.01151896 -0.00733009
 -0.01151896 -0.00733009    0.01151896  0.00733009    0.29390332  0.00000000
    1    2
 -0.10013423 -0.05649529   -0.11759966  0.03516508   -0.06983683 -0.03764409
 -0.11759966  0.03516508   -0.10013423 -0.05649529    0.06983683  0.03764409
 -0.06983683 -0.03764409    0.06983683  0.03764409   -0.11499178 -0.05243797
    2    1
 -0.10013423  0.05649529   -0.11759966 -0.03516508   -0.06983683  0.03764409
 -0.11759966 -0.03516508   -0.10013423  0.05649529    0.06983683 -0.03764409
 -0.06983683  0.03764409    0.06983683 -0.03764409   -0.11499178  0.05243797
    2    2
  0.26480526  0.00000000   -0.01046370  0.00000000   -0.01151896 -0.00733009
 -0.01046370  0.00000000    0.26480526  0.00000000    0.01151896  0.00733009
 -0.01151896  0.00733009    0.01151896 -0.00733009    0.29390332  0.00000000

     Dynamical  Matrix in cartesian axes

     q = (    0.333333333  -0.666666667   0.666666667 ) 

    1    1
  0.29390332  0.00000000   -0.01151896 -0.00733009    0.01151896  0.00733009
 -0.01151896  0.00733009    0.26480526  0.00000000   -0.01046370  0.00000000
  0.01151896 -0.00733009   -0.01046370  0.00000000    0.26480526  0.00000000
    1    2
 -0.11499178 -0.05243797   -0.06983683 -0.03764409    0.06983683  0.03764409
 -0.06983683 -0.03764409   -0.10013423 -0.05649529   -0.11759966  0.03516508
  0.06983683  0.03764409   -0.11759966  0.03516508   -0.10013423 -0.05649529
    2    1
 -0.11499178  0.05243797   -0.06983683  0.03764409    0.06983683 -0.03764409
 -0.06983683  0.03764409   -0.10013423  0.05649529   -0.11759966 -0.03516508
  0.06983683 -0.03764409   -0.11759966 -0.03516508   -0.10013423  0.05649529
    2    2
  0.29390332  0.00000000   -0.01151896  0.00733009    0.01151896 -0.00733009
 -0.01151896 -0.00733009    0.26480526  0.00000000   -0.01046370  0.00000000
  0.01151896  0.00733009   -0.01046370  0.00000000    0.26480526  0.00000000

     Dynamical  Matrix in cartesian axes

     q = (    0.333333333   0.666666667   0.666666667 ) 

    1    1
  0.29390332  0.00000000    0.01151896 -0.00733009    0.01151896 -0.00733009
  0.01151896  0.00733009    0.26480526  0.00000000    0.01046370  0.00000000
  0.01151896  0.00733009    0.01046370  0.00000000    0.26480526  0.00000000
    1    2
  0.11499178 -0.05243797   -0.06983683  0.03764409   -0.06983683  0.03764409
 -0.06983683  0.03764409    0.10013423 -0.05649529   -0.11759966 -0.03516508
 -0.06983683  0.03764409   -0.11759966 -0.03516508    0.10013423 -0.05649529
    2    1
  0.11499178  0.05243797   -0.06983683 -0.03764409   -0.06983683 -0.03764409
 -0.06983683 -0.03764409    0.10013423  0.05649529   -0.11759966  0.03516508
 -0.06983683 -0.03764409   -0.11759966  0.03516508    0.10013423  0.05649529
    2    2
  0.29390332  0.00000000    0.01151896  0.00733009    0.01151896  0.00733009
  0.01151896 -0.00733009    0.26480526  0.00000000    0.01046370  0.00000000
  0.01151896 -0.00733009    0.01046370  0.00000000    0.26480526  0.00000000

     Dynamical  Matrix in cartesian axes

     q = (   -0.666666667   0.333333333  -0.666666667 ) 

    1    1
  0.26480526  0.00000000   -0.01151896 -0.00733009    0.01046370  0.00000000
 -0.01151896  0.00733009    0.29390332  0.00000000   -0.01151896  0.00733009
  0.01046370  0.00000000   -0.01151896 -0.00733009    0.26480526  0.00000000
    1    2
 -0.09899347 -0.05847114   -0.06751916 -0.04165843    0.02834598  0.11942683
 -0.06751916 -0.04165843   -0.10290851 -0.07336682   -0.06751916 -0.04165843
  0.02834598  0.11942683   -0.06751916 -0.04165843   -0.09899347 -0.05847114
    2    1
 -0.09899347  0.05847114   -0.06751916  0.04165843    0.02834598 -0.11942683
 -0.06751916  0.04165843   -0.10290851  0.07336682   -0.06751916  0.04165843
  0.02834598 -0.11942683   -0.06751916  0.04165843   -0.09899347  0.05847114
    2    2
  0.26480526  0.00000000   -0.01151896  0.00733009    0.01046370  0.00000000
 -0.01151896 -0.00733009    0.29390332  0.00000000   -0.01151896 -0.00733009
  0.01046370  0.00000000   -0.01151896  0.00733009    0.26480526  0.00000000

     Dynamical  Matrix in cartesian axes

     q = (   -0.333333333  -0.666666667   0.666666667 ) 

    1    1
  0.29390332  0.00000000    0.01151896 -0.00733009   -0.01151896  0.00733009
  0.01151896  0.00733009    0.26480526  0.00000000   -0.01046370  0.00000000
 -0.01151896 -0.00733009   -0.01046370  0.00000000    0.26480526  0.00000000
    1    2
 -0.11499178  0.05243797    0.06983683 -0.03764409   -0.06983683  0.03764409
  0.06983683 -0.03764409   -0.10013423  0.05649529   -0.11759966 -0.03516508
 -0.06983683  0.03764409   -0.11759966 -0.03516508   -0.10013423  0.05649529
    2    1
 -0.11499178 -0.05243797    0.06983683  0.03764409   -0.06983683 -0.03764409
  0.06983683  0.03764409   -0.10013423 -0.05649529   -0.11759966  0.03516508
 -0.06983683 -0.03764409   -0.11759966  0.03516508   -0.10013423 -0.05649529
    2    2
  0.29390332  0.00000000    0.01151896  0.00733009   -0.01151896 -0.00733009
  0.01151896 -0.00733009    0.26480526  0.00000000   -0.01046370  0.00000000
 -0.01151896  0.00733009   -0.01046370  0.00000000    0.26480526  0.00000000

     Dynamical  Matrix in cartesian axes

     q = (   -0.666666667  -0.666666667   0.333333333 ) 

    1    1
  0.26480526  0.00000000    0.01046370  0.00000000   -0.01151896 -0.00733009
  0.01046370  0.00000000    0.26480526  0.00000000   -0.01151896 -0.00733009
 -0.01151896  0.00733009   -0.01151896  0.00733009    0.29390332  0.00000000
    1    2
 -0.09899347 -0.05847114    0.02834598  0.11942683   -0.06751916 -0.04165843
  0.02834598  0.11942683   -0.09899347 -0.05847114   -0.06751916 -0.04165843
 -0.06751916 -0.04165843   -0.06751916 -0.04165843   -0.10290851 -0.07336682
    2    1
 -0.09899347  0.05847114    0.02834598 -0.11942683   -0.06751916  0.04165843
  0.02834598 -0.11942683   -0.09899347  0.05847114   -0.06751916  0.04165843
 -0.06751916  0.04165843   -0.06751916  0.04165843   -0.10290851  0.07336682
    2    2
  0.26480526  0.00000000    0.01046370  0.00000000   -0.01151896  0.00733009
  0.01046370  0.00000000    0.26480526  0.00000000   -0.01151896  0.00733009
 -0.01151896 -0.00733009   -0.01151896 -0.00733009    0.29390332  0.00000000

     Dynamical  Matrix in cartesian axes

     q = (    0.666666667   0.666666667   0.333333333 ) 

    1    1
  0.26480526  0.00000000    0.01046370  0.00000000    0.01151896  0.00733009
  0.01046370  0.00000000    0.26480526  0.00000000    0.01151896  0.00733009
  0.01151896 -0.00733009    0.01151896 -0.00733009    0.29390332  0.00000000
    1    2
  0.10013423 -0.05649529   -0.11759966 -0.03516508   -0.06983683  0.03764409
 -0.11759966 -0.03516508    0.10013423 -0.05649529   -0.06983683  0.03764409
 -0.06983683  0.03764409   -0.06983683  0.03764409    0.11499178 -0.05243797
    2    1
  0.10013423  0.05649529   -0.11759966  0.03516508   -0.06983683 -0.03764409
 -0.11759966  0.03516508    0.10013423  0.05649529   -0.06983683 -0.03764409
 -0.06983683 -0.03764409   -0.06983683 -0.03764409    0.11499178  0.05243797
    2    2
  0.26480526  0.00000000    0.01046370  0.00000000    0.01151896 -0.00733009
  0.01046370  0.00000000    0.26480526  0.00000000    0.01151896 -0.00733009
  0.01151896  0.00733009    0.01151896  0.00733009    0.29390332  0.00000000

     Dynamical  Matrix in cartesian axes

     q = (    0.333333333  -0.666666667  -0.666666667 ) 

    1    1
  0.29390332  0.00000000   -0.01151896  0.00733009   -0.01151896  0.00733009
 -0.01151896 -0.00733009    0.26480526  0.00000000    0.01046370  0.00000000
 -0.01151896 -0.00733009    0.01046370  0.00000000    0.26480526  0.00000000
    1    2
 -0.10290851 -0.07336682   -0.06751916 -0.04165843   -0.06751916 -0.04165843
 -0.06751916 -0.04165843   -0.09899347 -0.05847114    0.02834598  0.11942683
 -0.06751916 -0.04165843    0.02834598  0.11942683   -0.09899347 -0.05847114
    2    1
 -0.10290851  0.07336682   -0.06751916  0.04165843   -0.06751916  0.04165843
 -0.06751916  0.04165843   -0.09899347  0.05847114    0.02834598 -0.11942683
 -0.06751916  0.04165843    0.02834598 -0.11942683   -0.09899347  0.05847114
    2    2
  0.29390332  0.00000000   -0.01151896 -0.00733009   -0.01151896 -0.00733009
 -0.01151896  0.00733009    0.26480526  0.00000000    0.01046370  0.00000000
 -0.01151896  0.00733009    0.01046370  0.00000000    0.26480526  0.00000000

     Dynamical  Matrix in cartesian axes

     q = (    0.666666667  -0.666666667  -0.333333333 ) 

    1    1
  0.26480526  0.00000000   -0.01046370  0.00000000   -0.01151896 -0.00733009
 -0.01046370  0.00000000    0.26480526  0.00000000    0.01151896  0.00733009
 -0.01151896  0.00733009    0.01151896 -0.00733009    0.29390332  0.00000000
    1    2
 -0.10013423  0.05649529   -0.11759966 -0.03516508   -0.06983683  0.03764409
 -0.11759966 -0.03516508   -0.10013423  0.05649529    0.06983683 -0.03764409
 -0.06983683  0.03764409    0.06983683 -0.03764409   -0.11499178  0.05243797
    2    1
 -0.10013423 -0.05649529   -0.11759966  0.03516508   -0.06983683 -0.03764409
 -0.11759966  0.03516508   -0.10013423 -0.05649529    0.06983683  0.03764409
 -0.06983683 -0.03764409    0.06983683  0.03764409   -0.11499178 -0.05243797
    2    2
  0.26480526  0.00000000   -0.01046370  0.00000000   -0.01151896  0.00733009
 -0.01046370  0.00000000    0.26480526  0.00000000    0.01151896 -0.00733009
 -0.01151896 -0.00733009    0.01151896  0.00733009    0.29390332  0.00000000

     Diagonalizing the dynamical matrix

     q = (    0.666666667  -0.333333333   0.666666667 ) 

 **************************************************************************
     freq (    1) =       3.877740 [THz] =     129.347481 [cm-1]
 ( -0.291027  0.406575 -0.000000  0.000000  0.291027 -0.406575 ) 
 ( -0.500000  0.000000 -0.000000 -0.000000  0.500000  0.000000 ) 
     freq (    2) =       5.152267 [THz] =     171.861133 [cm-1]
 (  0.328470  0.043353  0.507497 -0.151338  0.328470  0.043353 ) 
 (  0.331319 -0.000000  0.483331  0.216443  0.331319  0.000000 ) 
     freq (    3) =       9.762704 [THz] =     325.648750 [cm-1]
 (  0.157004 -0.375128  0.090509  0.401331  0.157004 -0.375128 ) 
 ( -0.406658 -0.000000  0.335269  0.238439 -0.406658  0.000000 ) 
     freq (    4) =      12.277911 [THz] =     409.547025 [cm-1]
 (  0.113505 -0.339096  0.101098  0.483777  0.113505 -0.339096 ) 
 (  0.357589 -0.000000 -0.426668 -0.249430  0.357589  0.000000 ) 
     freq (    5) =      14.143264 [THz] =     471.768518 [cm-1]
 (  0.291027 -0.406575 -0.000000 -0.000000 -0.291027  0.406575 ) 
 ( -0.500000  0.000000  0.000000  0.000000  0.500000  0.000000 ) 
     freq (    6) =      14.445875 [THz] =     481.862534 [cm-1]
 (  0.274765  0.146600  0.537807 -0.129572  0.274765  0.146600 ) 
 ( -0.311428  0.000000 -0.413499 -0.367483 -0.311428  0.000000 ) 
 **************************************************************************
