Dynamical matrix file
                                                                           
  1    2  2 10.3880000  0.0000000  0.0000000  0.0000000  0.0000000  0.0000000
           1  'Si  '    25598.8229845270     
    1    1      0.0000000000      0.0000000000      0.0000000000
    2    1      0.2500000000      0.2500000000      0.2500000000

     Dynamical  Matrix in cartesian axes

     q = (    0.500000000  -0.166666667   0.500000000 ) 

    1    1
  0.25051778 -0.00000000   -0.00809679  0.00655360    0.01099402 -0.00000000
 -0.00809679 -0.00655360    0.26436019  0.00000000   -0.00809679 -0.00655360
  0.01099402 -0.00000000   -0.00809679  0.00655360    0.25051778 -0.00000000
    1    2
 -0.06485798  0.10204247   -0.07984792  0.00156487    0.04349333 -0.06814970
 -0.07984792  0.00156487   -0.06968709  0.11664368   -0.07984792  0.00156487
  0.04349333 -0.06814970   -0.07984792  0.00156487   -0.06485798  0.10204247
    2    1
 -0.06485798 -0.10204247   -0.07984792 -0.00156487    0.04349333  0.06814970
 -0.07984792 -0.00156487   -0.06968709 -0.11664368   -0.07984792 -0.00156487
  0.04349333  0.06814970   -0.07984792 -0.00156487   -0.06485798 -0.10204247
    2    2
  0.25051778  0.00000000   -0.00809679 -0.00655360    0.01099402  0.00000000
 -0.00809679  0.00655360    0.26436019 -0.00000000   -0.00809679  0.00655360
  0.01099402  0.00000000   -0.00809679 -0.00655360    0.25051778  0.00000000

     Dynamical  Matrix in cartesian axes

     q = (   -0.500000000  -0.166666667  -0.500000000 ) 

    1    1
  0.25051778 -0.00000000    0.00809679 -0.00655360    0.01099402 -0.00000000
  0.00809679  0.00655360    0.26436019  0.00000000    0.00809679  0.00655360
  0.01099402 -0.00000000    0.00809679 -0.00655360    0.25051778 -0.00000000
    1    2
  0.06485798 -0.10204247   -0.07984792  0.00156487   -0.04349333  0.06814970
 -0.07984792  0.00156487    0.06968709 -0.11664368   -0.07984792  0.00156487
 -0.04349333  0.06814970   -0.07984792  0.00156487    0.06485798 -0.10204247
    2    1
  0.06485798  0.10204247   -0.07984792 -0.00156487   -0.04349333 -0.06814970
 -0.07984792 -0.00156487    0.06968709  0.11664368   -0.07984792 -0.00156487
 -0.04349333 -0.06814970   -0.07984792 -0.00156487    0.06485798  0.10204247
    2    2
  0.25051778  0.00000000    0.00809679  0.00655360    0.01099402  0.00000000
  0.00809679 -0.00655360    0.26436019 -0.00000000    0.00809679 -0.00655360
  0.01099402  0.00000000    0.00809679  0.00655360    0.25051778  0.00000000

     Dynamical  Matrix in cartesian axes

     q = (    0.500000000  -0.166666667  -0.500000000 ) 

    1    1
  0.25051778  0.00000000   -0.00809679 -0.00655360   -0.01099402 -0.00000000
 -0.00809679  0.00655360    0.26436019 -0.00000000    0.00809679 -0.00655360
 -0.01099402 -0.00000000    0.00809679  0.00655360    0.25051778  0.00000000
    1    2
 -0.12080036  0.00514742   -0.04127917  0.06836790   -0.08076603  0.00359148
 -0.04127917  0.06836790   -0.13585993  0.00202895    0.04127917 -0.06836790
 -0.08076603  0.00359148    0.04127917 -0.06836790   -0.12080036  0.00514742
    2    1
 -0.12080036 -0.00514742   -0.04127917 -0.06836790   -0.08076603 -0.00359148
 -0.04127917 -0.06836790   -0.13585993 -0.00202895    0.04127917  0.06836790
 -0.08076603 -0.00359148    0.04127917  0.06836790   -0.12080036 -0.00514742
    2    2
  0.25051778 -0.00000000   -0.00809679  0.00655360   -0.01099402  0.00000000
 -0.00809679 -0.00655360    0.26436019  0.00000000    0.00809679  0.00655360
 -0.01099402  0.00000000    0.00809679 -0.00655360    0.25051778 -0.00000000

     Dynamical  Matrix in cartesian axes

     q = (   -0.500000000  -0.166666667   0.500000000 ) 

    1    1
  0.25051778  0.00000000    0.00809679  0.00655360   -0.01099402 -0.00000000
  0.00809679 -0.00655360    0.26436019 -0.00000000   -0.00809679  0.00655360
 -0.01099402 -0.00000000   -0.00809679 -0.00655360    0.25051778  0.00000000
    1    2
 -0.12080036  0.00514742    0.04127917 -0.06836790   -0.08076603  0.00359148
  0.04127917 -0.06836790   -0.13585993  0.00202895   -0.04127917  0.06836790
 -0.08076603  0.00359148   -0.04127917  0.06836790   -0.12080036  0.00514742
    2    1
 -0.12080036 -0.00514742    0.04127917  0.06836790   -0.08076603 -0.00359148
  0.04127917  0.06836790   -0.13585993 -0.00202895   -0.04127917 -0.06836790
 -0.08076603 -0.00359148   -0.04127917 -0.06836790   -0.12080036 -0.00514742
    2    2
  0.25051778 -0.00000000    0.00809679 -0.00655360   -0.01099402  0.00000000
  0.00809679  0.00655360    0.26436019  0.00000000   -0.00809679 -0.00655360
 -0.01099402  0.00000000   -0.00809679  0.00655360    0.25051778 -0.00000000

     Dynamical  Matrix in cartesian axes

     q = (   -0.166666667   0.500000000  -0.500000000 ) 

    1    1
  0.26436019 -0.00000000   -0.00809679  0.00655360    0.00809679 -0.00655360
 -0.00809679 -0.00655360    0.25051778  0.00000000   -0.01099402 -0.00000000
  0.00809679  0.00655360   -0.01099402 -0.00000000    0.25051778  0.00000000
    1    2
 -0.13585993  0.00202895   -0.04127917  0.06836790    0.04127917 -0.06836790
 -0.04127917  0.06836790   -0.12080036  0.00514742   -0.08076603  0.00359148
  0.04127917 -0.06836790   -0.08076603  0.00359148   -0.12080036  0.00514742
    2    1
 -0.13585993 -0.00202895   -0.04127917 -0.06836790    0.04127917  0.06836790
 -0.04127917 -0.06836790   -0.12080036 -0.00514742   -0.08076603 -0.00359148
  0.04127917  0.06836790   -0.08076603 -0.00359148   -0.12080036 -0.00514742
    2    2
  0.26436019  0.00000000   -0.00809679 -0.00655360    0.00809679  0.00655360
 -0.00809679  0.00655360    0.25051778 -0.00000000   -0.01099402  0.00000000
  0.00809679 -0.00655360   -0.01099402  0.00000000    0.25051778 -0.00000000

     Dynamical  Matrix in cartesian axes

     q = (   -0.500000000   0.500000000  -0.166666667 ) 

    1    1
  0.25051778  0.00000000   -0.01099402 -0.00000000    0.00809679  0.00655360
 -0.01099402 -0.00000000    0.25051778  0.00000000   -0.00809679 -0.00655360
  0.00809679 -0.00655360   -0.00809679  0.00655360    0.26436019 -0.00000000
    1    2
 -0.12080036  0.00514742   -0.08076603  0.00359148    0.04127917 -0.06836790
 -0.08076603  0.00359148   -0.12080036  0.00514742   -0.04127917  0.06836790
  0.04127917 -0.06836790   -0.04127917  0.06836790   -0.13585993  0.00202895
    2    1
 -0.12080036 -0.00514742   -0.08076603 -0.00359148    0.04127917  0.06836790
 -0.08076603 -0.00359148   -0.12080036 -0.00514742   -0.04127917 -0.06836790
  0.04127917  0.06836790   -0.04127917 -0.06836790   -0.13585993 -0.00202895
    2    2
  0.25051778 -0.00000000   -0.01099402  0.00000000    0.00809679 -0.00655360
 -0.01099402  0.00000000    0.25051778 -0.00000000   -0.00809679  0.00655360
  0.00809679  0.00655360   -0.00809679 -0.00655360    0.26436019  0.00000000

     Dynamical  Matrix in cartesian axes

     q = (    0.500000000   0.166666667   0.500000000 ) 

    1    1
  0.25051778  0.00000000    0.00809679  0.00655360    0.01099402  0.00000000
  0.00809679 -0.00655360    0.26436019 -0.00000000    0.00809679 -0.00655360
  0.01099402  0.00000000    0.00809679  0.00655360    0.25051778  0.00000000
    1    2
  0.06485798  0.10204247   -0.07984792 -0.00156487   -0.04349333 -0.06814970
 -0.07984792 -0.00156487    0.06968709  0.11664368   -0.07984792 -0.00156487
 -0.04349333 -0.06814970   -0.07984792 -0.00156487    0.06485798  0.10204247
    2    1
  0.06485798 -0.10204247   -0.07984792  0.00156487   -0.04349333  0.06814970
 -0.07984792  0.00156487    0.06968709 -0.11664368   -0.07984792  0.00156487
 -0.04349333  0.06814970   -0.07984792  0.00156487    0.06485798 -0.10204247
    2    2
  0.25051778 -0.00000000    0.00809679 -0.00655360    0.01099402 -0.00000000
  0.00809679  0.00655360    0.26436019  0.00000000    0.00809679  0.00655360
  0.01099402 -0.00000000    0.00809679 -0.00655360    0.25051778 -0.00000000

     Dynamical  Matrix in cartesian axes

     q = (   -0.500000000   0.166666667   0.500000000 ) 

    1    1
  0.25051778 -0.00000000   -0.00809679  0.00655360   -0.01099402  0.00000000
 -0.00809679 -0.00655360    0.26436019  0.00000000    0.00809679  0.00655360
 -0.01099402  0.00000000    0.00809679 -0.00655360    0.25051778 -0.00000000
    1    2
 -0.12080036 -0.00514742   -0.04127917 -0.06836790   -0.08076603 -0.00359148
 -0.04127917 -0.06836790   -0.13585993 -0.00202895    0.04127917  0.06836790
 -0.08076603 -0.00359148    0.04127917  0.06836790   -0.12080036 -0.00514742
    2    1
 -0.12080036  0.00514742   -0.04127917  0.06836790   -0.08076603  0.00359148
 -0.04127917  0.06836790   -0.13585993  0.00202895    0.04127917 -0.06836790
 -0.08076603  0.00359148    0.04127917 -0.06836790   -0.12080036  0.00514742
    2    2
  0.25051778  0.00000000   -0.00809679 -0.00655360   -0.01099402 -0.00000000
 -0.00809679  0.00655360    0.26436019 -0.00000000    0.00809679 -0.00655360
 -0.01099402 -0.00000000    0.00809679  0.00655360    0.25051778  0.00000000

     Dynamical  Matrix in cartesian axes

     q = (    0.500000000   0.166666667  -0.500000000 ) 

    1    1
  0.25051778 -0.00000000    0.00809679 -0.00655360   -0.01099402  0.00000000
  0.00809679  0.00655360    0.26436019  0.00000000   -0.00809679 -0.00655360
 -0.01099402  0.00000000   -0.00809679  0.00655360    0.25051778 -0.00000000
    1    2
 -0.12080036 -0.00514742    0.04127917  0.06836790   -0.08076603 -0.00359148
  0.04127917  0.06836790   -0.13585993 -0.00202895   -0.04127917 -0.06836790
 -0.08076603 -0.00359148   -0.04127917 -0.06836790   -0.12080036 -0.00514742
    2    1
 -0.12080036  0.00514742    0.04127917 -0.06836790   -0.08076603  0.00359148
  0.04127917 -0.06836790   -0.13585993  0.00202895   -0.04127917  0.06836790
 -0.08076603  0.00359148   -0.04127917  0.06836790   -0.12080036  0.00514742
    2    2
  0.25051778  0.00000000    0.00809679  0.00655360   -0.01099402 -0.00000000
  0.00809679 -0.00655360    0.26436019 -0.00000000   -0.00809679  0.00655360
 -0.01099402 -0.00000000   -0.00809679 -0.00655360    0.25051778  0.00000000

     Dynamical  Matrix in cartesian axes

     q = (   -0.166666667   0.500000000   0.500000000 ) 

    1    1
  0.26436019  0.00000000   -0.00809679 -0.00655360   -0.00809679 -0.00655360
 -0.00809679  0.00655360    0.25051778 -0.00000000    0.01099402 -0.00000000
 -0.00809679  0.00655360    0.01099402 -0.00000000    0.25051778 -0.00000000
    1    2
 -0.06968709  0.11664368   -0.07984792  0.00156487   -0.07984792  0.00156487
 -0.07984792  0.00156487   -0.06485798  0.10204247    0.04349333 -0.06814970
 -0.07984792  0.00156487    0.04349333 -0.06814970   -0.06485798  0.10204247
    2    1
 -0.06968709 -0.11664368   -0.07984792 -0.00156487   -0.07984792 -0.00156487
 -0.07984792 -0.00156487   -0.06485798 -0.10204247    0.04349333  0.06814970
 -0.07984792 -0.00156487    0.04349333  0.06814970   -0.06485798 -0.10204247
    2    2
  0.26436019 -0.00000000   -0.00809679  0.00655360   -0.00809679  0.00655360
 -0.00809679 -0.00655360    0.25051778  0.00000000    0.01099402  0.00000000
 -0.00809679 -0.00655360    0.01099402  0.00000000    0.25051778  0.00000000

     Dynamical  Matrix in cartesian axes

     q = (    0.166666667   0.500000000  -0.500000000 ) 

    1    1
  0.26436019  0.00000000    0.00809679  0.00655360   -0.00809679 -0.00655360
  0.00809679 -0.00655360    0.25051778 -0.00000000   -0.01099402  0.00000000
 -0.00809679  0.00655360   -0.01099402  0.00000000    0.25051778 -0.00000000
    1    2
 -0.13585993 -0.00202895    0.04127917  0.06836790   -0.04127917 -0.06836790
  0.04127917  0.06836790   -0.12080036 -0.00514742   -0.08076603 -0.00359148
 -0.04127917 -0.06836790   -0.08076603 -0.00359148   -0.12080036 -0.00514742
    2    1
 -0.13585993  0.00202895    0.04127917 -0.06836790   -0.04127917  0.06836790
  0.04127917 -0.06836790   -0.12080036  0.00514742   -0.08076603  0.00359148
 -0.04127917  0.06836790   -0.08076603  0.00359148   -0.12080036  0.00514742
    2    2
  0.26436019 -0.00000000    0.00809679 -0.00655360   -0.00809679  0.00655360
  0.00809679  0.00655360    0.25051778  0.00000000   -0.01099402 -0.00000000
 -0.00809679 -0.00655360   -0.01099402 -0.00000000    0.25051778  0.00000000

     Dynamical  Matrix in cartesian axes

     q = (   -0.166666667  -0.500000000  -0.500000000 ) 

    1    1
  0.26436019  0.00000000    0.00809679  0.00655360    0.00809679  0.00655360
  0.00809679 -0.00655360    0.25051778 -0.00000000    0.01099402 -0.00000000
  0.00809679 -0.00655360    0.01099402 -0.00000000    0.25051778 -0.00000000
    1    2
  0.06968709 -0.11664368   -0.07984792  0.00156487   -0.07984792  0.00156487
 -0.07984792  0.00156487    0.06485798 -0.10204247   -0.04349333  0.06814970
 -0.07984792  0.00156487   -0.04349333  0.06814970    0.06485798 -0.10204247
    2    1
  0.06968709  0.11664368   -0.07984792 -0.00156487   -0.07984792 -0.00156487
 -0.07984792 -0.00156487    0.06485798  0.10204247   -0.04349333 -0.06814970
 -0.07984792 -0.00156487   -0.04349333 -0.06814970    0.06485798  0.10204247
    2    2
  0.26436019 -0.00000000    0.00809679 -0.00655360    0.00809679 -0.00655360
  0.00809679  0.00655360    0.25051778  0.00000000    0.01099402  0.00000000
  0.00809679  0.00655360    0.01099402  0.00000000    0.25051778  0.00000000

     Dynamical  Matrix in cartesian axes

     q = (    0.500000000  -0.500000000   0.166666667 ) 

    1    1
  0.25051778 -0.00000000   -0.01099402  0.00000000    0.00809679 -0.00655360
 -0.01099402  0.00000000    0.25051778 -0.00000000   -0.00809679  0.00655360
  0.00809679  0.00655360   -0.00809679 -0.00655360    0.26436019  0.00000000
    1    2
 -0.12080036 -0.00514742   -0.08076603 -0.00359148    0.04127917  0.06836790
 -0.08076603 -0.00359148   -0.12080036 -0.00514742   -0.04127917 -0.06836790
  0.04127917  0.06836790   -0.04127917 -0.06836790   -0.13585993 -0.00202895
    2    1
 -0.12080036  0.00514742   -0.08076603  0.00359148    0.04127917 -0.06836790
 -0.08076603  0.00359148   -0.12080036  0.00514742   -0.04127917  0.06836790
  0.04127917 -0.06836790   -0.04127917  0.06836790   -0.13585993  0.00202895
    2    2
  0.25051778  0.00000000   -0.01099402 -0.00000000    0.00809679  0.00655360
 -0.01099402 -0.00000000    0.25051778  0.00000000   -0.00809679 -0.00655360
  0.00809679 -0.00655360   -0.00809679  0.00655360    0.26436019 -0.00000000

     Dynamical  Matrix in cartesian axes

     q = (    0.500000000   0.500000000  -0.166666667 ) 

    1    1
  0.25051778 -0.00000000    0.01099402 -0.00000000   -0.00809679  0.00655360
  0.01099402 -0.00000000    0.25051778 -0.00000000   -0.00809679  0.00655360
 -0.00809679 -0.00655360   -0.00809679 -0.00655360    0.26436019  0.00000000
    1    2
 -0.06485798  0.10204247    0.04349333 -0.06814970   -0.07984792  0.00156487
  0.04349333 -0.06814970   -0.06485798  0.10204247   -0.07984792  0.00156487
 -0.07984792  0.00156487   -0.07984792  0.00156487   -0.06968709  0.11664368
    2    1
 -0.06485798 -0.10204247    0.04349333  0.06814970   -0.07984792 -0.00156487
  0.04349333  0.06814970   -0.06485798 -0.10204247   -0.07984792 -0.00156487
 -0.07984792 -0.00156487   -0.07984792 -0.00156487   -0.06968709 -0.11664368
    2    2
  0.25051778  0.00000000    0.01099402  0.00000000   -0.00809679 -0.00655360
  0.01099402  0.00000000    0.25051778  0.00000000   -0.00809679 -0.00655360
 -0.00809679  0.00655360   -0.00809679  0.00655360    0.26436019 -0.00000000

     Dynamical  Matrix in cartesian axes

     q = (   -0.500000000  -0.500000000  -0.166666667 ) 

    1    1
  0.25051778 -0.00000000    0.01099402 -0.00000000    0.00809679 -0.00655360
  0.01099402 -0.00000000    0.25051778 -0.00000000    0.00809679 -0.00655360
  0.00809679  0.00655360    0.00809679  0.00655360    0.26436019  0.00000000
    1    2
  0.06485798 -0.10204247   -0.04349333  0.06814970   -0.07984792  0.00156487
 -0.04349333  0.06814970    0.06485798 -0.10204247   -0.07984792  0.00156487
 -0.07984792  0.00156487   -0.07984792  0.00156487    0.06968709 -0.11664368
    2    1
  0.06485798  0.10204247   -0.04349333 -0.06814970   -0.07984792 -0.00156487
 -0.04349333 -0.06814970    0.06485798  0.10204247   -0.07984792 -0.00156487
 -0.07984792 -0.00156487   -0.07984792 -0.00156487    0.06968709  0.11664368
    2    2
  0.25051778  0.00000000    0.01099402  0.00000000    0.00809679  0.00655360
  0.01099402  0.00000000    0.25051778  0.00000000    0.00809679  0.00655360
  0.00809679 -0.00655360    0.00809679 -0.00655360    0.26436019 -0.00000000

     Dynamical  Matrix in cartesian axes

     q = (   -0.500000000   0.500000000   0.166666667 ) 

    1    1
  0.25051778 -0.00000000   -0.01099402  0.00000000   -0.00809679  0.00655360
 -0.01099402  0.00000000    0.25051778 -0.00000000    0.00809679 -0.00655360
 -0.00809679 -0.00655360    0.00809679  0.00655360    0.26436019  0.00000000
    1    2
 -0.12080036 -0.00514742   -0.08076603 -0.00359148   -0.04127917 -0.06836790
 -0.08076603 -0.00359148   -0.12080036 -0.00514742    0.04127917  0.06836790
 -0.04127917 -0.06836790    0.04127917  0.06836790   -0.13585993 -0.00202895
    2    1
 -0.12080036  0.00514742   -0.08076603  0.00359148   -0.04127917  0.06836790
 -0.08076603  0.00359148   -0.12080036  0.00514742    0.04127917 -0.06836790
 -0.04127917  0.06836790    0.04127917 -0.06836790   -0.13585993  0.00202895
    2    2
  0.25051778  0.00000000   -0.01099402 -0.00000000   -0.00809679 -0.00655360
 -0.01099402 -0.00000000    0.25051778  0.00000000    0.00809679  0.00655360
 -0.00809679  0.00655360    0.00809679 -0.00655360    0.26436019 -0.00000000

     Dynamical  Matrix in cartesian axes

     q = (    0.166666667  -0.500000000   0.500000000 ) 

    1    1
  0.26436019  0.00000000   -0.00809679 -0.00655360    0.00809679  0.00655360
 -0.00809679  0.00655360    0.25051778 -0.00000000   -0.01099402  0.00000000
  0.00809679 -0.00655360   -0.01099402  0.00000000    0.25051778 -0.00000000
    1    2
 -0.13585993 -0.00202895   -0.04127917 -0.06836790    0.04127917  0.06836790
 -0.04127917 -0.06836790   -0.12080036 -0.00514742   -0.08076603 -0.00359148
  0.04127917  0.06836790   -0.08076603 -0.00359148   -0.12080036 -0.00514742
    2    1
 -0.13585993  0.00202895   -0.04127917  0.06836790    0.04127917 -0.06836790
 -0.04127917  0.06836790   -0.12080036  0.00514742   -0.08076603  0.00359148
  0.04127917 -0.06836790   -0.08076603  0.00359148   -0.12080036  0.00514742
    2    2
  0.26436019 -0.00000000   -0.00809679  0.00655360    0.00809679 -0.00655360
 -0.00809679 -0.00655360    0.25051778  0.00000000   -0.01099402 -0.00000000
  0.00809679  0.00655360   -0.01099402 -0.00000000    0.25051778  0.00000000

     Dynamical  Matrix in cartesian axes

     q = (    0.166666667   0.500000000   0.500000000 ) 

    1    1
  0.26436019 -0.00000000    0.00809679 -0.00655360    0.00809679 -0.00655360
  0.00809679  0.00655360    0.25051778  0.00000000    0.01099402  0.00000000
  0.00809679  0.00655360    0.01099402  0.00000000    0.25051778  0.00000000
    1    2
  0.06968709  0.11664368   -0.07984792 -0.00156487   -0.07984792 -0.00156487
 -0.07984792 -0.00156487    0.06485798  0.10204247   -0.04349333 -0.06814970
 -0.07984792 -0.00156487   -0.04349333 -0.06814970    0.06485798  0.10204247
    2    1
  0.06968709 -0.11664368   -0.07984792  0.00156487   -0.07984792  0.00156487
 -0.07984792  0.00156487    0.06485798 -0.10204247   -0.04349333  0.06814970
 -0.07984792  0.00156487   -0.04349333  0.06814970    0.06485798 -0.10204247
    2    2
  0.26436019  0.00000000    0.00809679  0.00655360    0.00809679  0.00655360
  0.00809679 -0.00655360    0.25051778 -0.00000000    0.01099402 -0.00000000
  0.00809679 -0.00655360    0.01099402 -0.00000000    0.25051778 -0.00000000

     Dynamical  Matrix in cartesian axes

     q = (   -0.500000000   0.166666667  -0.500000000 ) 

    1    1
  0.25051778  0.00000000   -0.00809679 -0.00655360    0.01099402  0.00000000
 -0.00809679  0.00655360    0.26436019 -0.00000000   -0.00809679  0.00655360
  0.01099402  0.00000000   -0.00809679 -0.00655360    0.25051778  0.00000000
    1    2
 -0.06485798 -0.10204247   -0.07984792 -0.00156487    0.04349333  0.06814970
 -0.07984792 -0.00156487   -0.06968709 -0.11664368   -0.07984792 -0.00156487
  0.04349333  0.06814970   -0.07984792 -0.00156487   -0.06485798 -0.10204247
    2    1
 -0.06485798  0.10204247   -0.07984792  0.00156487    0.04349333 -0.06814970
 -0.07984792  0.00156487   -0.06968709  0.11664368   -0.07984792  0.00156487
  0.04349333 -0.06814970   -0.07984792  0.00156487   -0.06485798  0.10204247
    2    2
  0.25051778 -0.00000000   -0.00809679  0.00655360    0.01099402 -0.00000000
 -0.00809679 -0.00655360    0.26436019  0.00000000   -0.00809679 -0.00655360
  0.01099402 -0.00000000   -0.00809679  0.00655360    0.25051778 -0.00000000

     Dynamical  Matrix in cartesian axes

     q = (   -0.166666667  -0.500000000   0.500000000 ) 

    1    1
  0.26436019 -0.00000000    0.00809679 -0.00655360   -0.00809679  0.00655360
  0.00809679  0.00655360    0.25051778  0.00000000   -0.01099402 -0.00000000
 -0.00809679 -0.00655360   -0.01099402 -0.00000000    0.25051778  0.00000000
    1    2
 -0.13585993  0.00202895    0.04127917 -0.06836790   -0.04127917  0.06836790
  0.04127917 -0.06836790   -0.12080036  0.00514742   -0.08076603  0.00359148
 -0.04127917  0.06836790   -0.08076603  0.00359148   -0.12080036  0.00514742
    2    1
 -0.13585993 -0.00202895    0.04127917  0.06836790   -0.04127917 -0.06836790
  0.04127917  0.06836790   -0.12080036 -0.00514742   -0.08076603 -0.00359148
 -0.04127917 -0.06836790   -0.08076603 -0.00359148   -0.12080036 -0.00514742
    2    2
  0.26436019  0.00000000    0.00809679  0.00655360   -0.00809679 -0.00655360
  0.00809679 -0.00655360    0.25051778 -0.00000000   -0.01099402  0.00000000
 -0.00809679  0.00655360   -0.01099402  0.00000000    0.25051778 -0.00000000

     Dynamical  Matrix in cartesian axes

     q = (   -0.500000000  -0.500000000   0.166666667 ) 

    1    1
  0.25051778  0.00000000    0.01099402  0.00000000   -0.00809679 -0.00655360
  0.01099402  0.00000000    0.25051778  0.00000000   -0.00809679 -0.00655360
 -0.00809679  0.00655360   -0.00809679  0.00655360    0.26436019 -0.00000000
    1    2
 -0.06485798 -0.10204247    0.04349333  0.06814970   -0.07984792 -0.00156487
  0.04349333  0.06814970   -0.06485798 -0.10204247   -0.07984792 -0.00156487
 -0.07984792 -0.00156487   -0.07984792 -0.00156487   -0.06968709 -0.11664368
    2    1
 -0.06485798  0.10204247    0.04349333 -0.06814970   -0.07984792  0.00156487
  0.04349333 -0.06814970   -0.06485798  0.10204247   -0.07984792  0.00156487
 -0.07984792  0.00156487   -0.07984792  0.00156487   -0.06968709  0.11664368
    2    2
  0.25051778 -0.00000000    0.01099402 -0.00000000   -0.00809679  0.00655360
  0.01099402 -0.00000000    0.25051778 -0.00000000   -0.00809679  0.00655360
 -0.00809679 -0.00655360   -0.00809679 -0.00655360    0.26436019  0.00000000

     Dynamical  Matrix in cartesian axes

     q = (    0.500000000   0.500000000   0.166666667 ) 

    1    1
  0.25051778  0.00000000    0.01099402  0.00000000    0.00809679  0.00655360
  0.01099402  0.00000000    0.25051778  0.00000000    0.00809679  0.00655360
  0.00809679 -0.00655360    0.00809679 -0.00655360    0.26436019 -0.00000000
    1    2
  0.06485798  0.10204247   -0.04349333 -0.06814970   -0.07984792 -0.00156487
 -0.04349333 -0.06814970    0.06485798  0.10204247   -0.07984792 -0.00156487
 -0.07984792 -0.00156487   -0.07984792 -0.00156487    0.06968709  0.11664368
    2    1
  0.06485798 -0.10204247   -0.04349333  0.06814970   -0.07984792  0.00156487
 -0.04349333  0.06814970    0.06485798 -0.10204247   -0.07984792  0.00156487
 -0.07984792  0.00156487   -0.07984792  0.00156487    0.06968709 -0.11664368
    2    2
  0.25051778 -0.00000000    0.01099402 -0.00000000    0.00809679 -0.00655360
  0.01099402 -0.00000000    0.25051778 -0.00000000    0.00809679 -0.00655360
  0.00809679  0.00655360    0.00809679  0.00655360    0.26436019  0.00000000

     Dynamical  Matrix in cartesian axes

     q = (    0.166666667  -0.500000000  -0.500000000 ) 

    1    1
  0.26436019 -0.00000000   -0.00809679  0.00655360   -0.00809679  0.00655360
 -0.00809679 -0.00655360    0.25051778  0.00000000    0.01099402  0.00000000
 -0.00809679 -0.00655360    0.01099402  0.00000000    0.25051778  0.00000000
    1    2
 -0.06968709 -0.11664368   -0.07984792 -0.00156487   -0.07984792 -0.00156487
 -0.07984792 -0.00156487   -0.06485798 -0.10204247    0.04349333  0.06814970
 -0.07984792 -0.00156487    0.04349333  0.06814970   -0.06485798 -0.10204247
    2    1
 -0.06968709  0.11664368   -0.07984792  0.00156487   -0.07984792  0.00156487
 -0.07984792  0.00156487   -0.06485798  0.10204247    0.04349333 -0.06814970
 -0.07984792  0.00156487    0.04349333 -0.06814970   -0.06485798  0.10204247
    2    2
  0.26436019  0.00000000   -0.00809679 -0.00655360   -0.00809679 -0.00655360
 -0.00809679  0.00655360    0.25051778 -0.00000000    0.01099402 -0.00000000
 -0.00809679  0.00655360    0.01099402 -0.00000000    0.25051778 -0.00000000

     Dynamical  Matrix in cartesian axes

     q = (    0.500000000  -0.500000000  -0.166666667 ) 

    1    1
  0.25051778  0.00000000   -0.01099402 -0.00000000   -0.00809679 -0.00655360
 -0.01099402 -0.00000000    0.25051778  0.00000000    0.00809679  0.00655360
 -0.00809679  0.00655360    0.00809679 -0.00655360    0.26436019 -0.00000000
    1    2
 -0.12080036  0.00514742   -0.08076603  0.00359148   -0.04127917  0.06836790
 -0.08076603  0.00359148   -0.12080036  0.00514742    0.04127917 -0.06836790
 -0.04127917  0.06836790    0.04127917 -0.06836790   -0.13585993  0.00202895
    2    1
 -0.12080036 -0.00514742   -0.08076603 -0.00359148   -0.04127917 -0.06836790
 -0.08076603 -0.00359148   -0.12080036 -0.00514742    0.04127917  0.06836790
 -0.04127917 -0.06836790    0.04127917  0.06836790   -0.13585993 -0.00202895
    2    2
  0.25051778 -0.00000000   -0.01099402  0.00000000   -0.00809679  0.00655360
 -0.01099402  0.00000000    0.25051778 -0.00000000    0.00809679 -0.00655360
 -0.00809679 -0.00655360    0.00809679  0.00655360    0.26436019  0.00000000

     Diagonalizing the dynamical matrix

     q = (    0.500000000  -0.166666667   0.500000000 ) 

 **************************************************************************
     freq (    1) =       3.996015 [THz] =     133.292729 [cm-1]
 (  0.268521 -0.421778  0.000000 -0.000000 -0.268521  0.421778 ) 
 (  0.500000  0.000000  0.000000  0.000000 -0.500000  0.000000 ) 
     freq (    2) =       5.110523 [THz] =     170.468708 [cm-1]
 ( -0.261568 -0.031599 -0.566034  0.201922 -0.261568 -0.031599 ) 
 ( -0.263470 -0.000000 -0.537731 -0.268352 -0.263470  0.000000 ) 
     freq (    3) =       8.871538 [THz] =     295.922653 [cm-1]
 (  0.191271  0.374131 -0.313066 -0.221072  0.191271  0.374131 ) 
 ( -0.420189 -0.000000  0.339348  0.178118 -0.420189  0.000000 ) 
     freq (    4) =      12.034527 [THz] =     401.428611 [cm-1]
 (  0.099471  0.434359 -0.300951 -0.110920  0.099471  0.434359 ) 
 (  0.445604  0.000000 -0.175302 -0.268596  0.445604  0.000000 ) 
     freq (    5) =      13.659095 [THz] =     455.618359 [cm-1]
 (  0.268521 -0.421778  0.000000 -0.000000 -0.268521  0.421778 ) 
 ( -0.500000 -0.000000 -0.000000 -0.000000  0.500000  0.000000 ) 
     freq (    6) =      13.964987 [THz] =     465.821819 [cm-1]
 (  0.139576  0.189686  0.622388 -0.041336  0.139576  0.189686 ) 
 ( -0.235504  0.000000 -0.335574 -0.525800 -0.235504  0.000000 ) 
 **************************************************************************
