Dynamical matrix file
                                                                           
  1    2  2 10.3640000  0.0000000  0.0000000  0.0000000  0.0000000  0.0000000
           1  'Si  '    25598.8229845270     
    1    1      0.0000000000      0.0000000000      0.0000000000
    2    1      0.2500000000      0.2500000000      0.2500000000

     Dynamical  Matrix in cartesian axes

     q = (   -0.166666667   0.166666667  -0.166666667 ) 

    1    1
  0.26349827  0.00000000   -0.00628758 -0.00000000    0.00628758  0.00000000
 -0.00628758 -0.00000000    0.26349827  0.00000000   -0.00628758 -0.00000000
  0.00628758  0.00000000   -0.00628758 -0.00000000    0.26349827  0.00000000
    1    2
 -0.22787720 -0.05242719   -0.01662405  0.03110081    0.01662405 -0.03110081
 -0.01662405  0.03110081   -0.22787720 -0.05242719   -0.01662405  0.03110081
  0.01662405 -0.03110081   -0.01662405  0.03110081   -0.22787720 -0.05242719
    2    1
 -0.22787720  0.05242719   -0.01662405 -0.03110081    0.01662405  0.03110081
 -0.01662405 -0.03110081   -0.22787720  0.05242719   -0.01662405 -0.03110081
  0.01662405  0.03110081   -0.01662405 -0.03110081   -0.22787720  0.05242719
    2    2
  0.26349827 -0.00000000   -0.00628758  0.00000000    0.00628758 -0.00000000
 -0.00628758  0.00000000    0.26349827 -0.00000000   -0.00628758  0.00000000
  0.00628758 -0.00000000   -0.00628758  0.00000000    0.26349827 -0.00000000

     Dynamical  Matrix in cartesian axes

     q = (    0.166666667   0.166666667   0.166666667 ) 

    1    1
  0.26349827  0.00000000    0.00628758  0.00000000    0.00628758  0.00000000
  0.00628758  0.00000000    0.26349827  0.00000000    0.00628758  0.00000000
  0.00628758  0.00000000    0.00628758  0.00000000    0.26349827  0.00000000
    1    2
 -0.15934188  0.17113384   -0.01862206 -0.02994726   -0.01862206 -0.02994726
 -0.01862206 -0.02994726   -0.15934188  0.17113384   -0.01862206 -0.02994726
 -0.01862206 -0.02994726   -0.01862206 -0.02994726   -0.15934188  0.17113384
    2    1
 -0.15934188 -0.17113384   -0.01862206  0.02994726   -0.01862206  0.02994726
 -0.01862206  0.02994726   -0.15934188 -0.17113384   -0.01862206  0.02994726
 -0.01862206  0.02994726   -0.01862206  0.02994726   -0.15934188 -0.17113384
    2    2
  0.26349827 -0.00000000    0.00628758 -0.00000000    0.00628758 -0.00000000
  0.00628758 -0.00000000    0.26349827 -0.00000000    0.00628758 -0.00000000
  0.00628758 -0.00000000    0.00628758 -0.00000000    0.26349827 -0.00000000

     Dynamical  Matrix in cartesian axes

     q = (   -0.166666667  -0.166666667  -0.166666667 ) 

    1    1
  0.26349827 -0.00000000    0.00628758 -0.00000000    0.00628758 -0.00000000
  0.00628758 -0.00000000    0.26349827 -0.00000000    0.00628758 -0.00000000
  0.00628758 -0.00000000    0.00628758 -0.00000000    0.26349827 -0.00000000
    1    2
 -0.15934188 -0.17113384   -0.01862206  0.02994726   -0.01862206  0.02994726
 -0.01862206  0.02994726   -0.15934188 -0.17113384   -0.01862206  0.02994726
 -0.01862206  0.02994726   -0.01862206  0.02994726   -0.15934188 -0.17113384
    2    1
 -0.15934188  0.17113384   -0.01862206 -0.02994726   -0.01862206 -0.02994726
 -0.01862206 -0.02994726   -0.15934188  0.17113384   -0.01862206 -0.02994726
 -0.01862206 -0.02994726   -0.01862206 -0.02994726   -0.15934188  0.17113384
    2    2
  0.26349827  0.00000000    0.00628758  0.00000000    0.00628758  0.00000000
  0.00628758  0.00000000    0.26349827  0.00000000    0.00628758  0.00000000
  0.00628758  0.00000000    0.00628758  0.00000000    0.26349827  0.00000000

     Dynamical  Matrix in cartesian axes

     q = (    0.166666667  -0.166666667   0.166666667 ) 

    1    1
  0.26349827 -0.00000000   -0.00628758  0.00000000    0.00628758 -0.00000000
 -0.00628758  0.00000000    0.26349827 -0.00000000   -0.00628758  0.00000000
  0.00628758 -0.00000000   -0.00628758  0.00000000    0.26349827 -0.00000000
    1    2
 -0.22787720  0.05242719   -0.01662405 -0.03110081    0.01662405  0.03110081
 -0.01662405 -0.03110081   -0.22787720  0.05242719   -0.01662405 -0.03110081
  0.01662405  0.03110081   -0.01662405 -0.03110081   -0.22787720  0.05242719
    2    1
 -0.22787720 -0.05242719   -0.01662405  0.03110081    0.01662405 -0.03110081
 -0.01662405  0.03110081   -0.22787720 -0.05242719   -0.01662405  0.03110081
  0.01662405 -0.03110081   -0.01662405  0.03110081   -0.22787720 -0.05242719
    2    2
  0.26349827  0.00000000   -0.00628758 -0.00000000    0.00628758  0.00000000
 -0.00628758 -0.00000000    0.26349827  0.00000000   -0.00628758 -0.00000000
  0.00628758  0.00000000   -0.00628758 -0.00000000    0.26349827  0.00000000

     Dynamical  Matrix in cartesian axes

     q = (    0.166666667  -0.166666667  -0.166666667 ) 

    1    1
  0.26349827  0.00000000   -0.00628758 -0.00000000   -0.00628758 -0.00000000
 -0.00628758 -0.00000000    0.26349827  0.00000000    0.00628758  0.00000000
 -0.00628758 -0.00000000    0.00628758  0.00000000    0.26349827  0.00000000
    1    2
 -0.22787720 -0.05242719   -0.01662405  0.03110081   -0.01662405  0.03110081
 -0.01662405  0.03110081   -0.22787720 -0.05242719    0.01662405 -0.03110081
 -0.01662405  0.03110081    0.01662405 -0.03110081   -0.22787720 -0.05242719
    2    1
 -0.22787720  0.05242719   -0.01662405 -0.03110081   -0.01662405 -0.03110081
 -0.01662405 -0.03110081   -0.22787720  0.05242719    0.01662405  0.03110081
 -0.01662405 -0.03110081    0.01662405  0.03110081   -0.22787720  0.05242719
    2    2
  0.26349827 -0.00000000   -0.00628758  0.00000000   -0.00628758  0.00000000
 -0.00628758  0.00000000    0.26349827 -0.00000000    0.00628758 -0.00000000
 -0.00628758  0.00000000    0.00628758 -0.00000000    0.26349827 -0.00000000

     Dynamical  Matrix in cartesian axes

     q = (    0.166666667   0.166666667  -0.166666667 ) 

    1    1
  0.26349827 -0.00000000    0.00628758 -0.00000000   -0.00628758  0.00000000
  0.00628758 -0.00000000    0.26349827 -0.00000000   -0.00628758  0.00000000
 -0.00628758  0.00000000   -0.00628758  0.00000000    0.26349827 -0.00000000
    1    2
 -0.22787720  0.05242719    0.01662405  0.03110081   -0.01662405 -0.03110081
  0.01662405  0.03110081   -0.22787720  0.05242719   -0.01662405 -0.03110081
 -0.01662405 -0.03110081   -0.01662405 -0.03110081   -0.22787720  0.05242719
    2    1
 -0.22787720 -0.05242719    0.01662405 -0.03110081   -0.01662405  0.03110081
  0.01662405 -0.03110081   -0.22787720 -0.05242719   -0.01662405  0.03110081
 -0.01662405  0.03110081   -0.01662405  0.03110081   -0.22787720 -0.05242719
    2    2
  0.26349827  0.00000000    0.00628758  0.00000000   -0.00628758 -0.00000000
  0.00628758  0.00000000    0.26349827  0.00000000   -0.00628758 -0.00000000
 -0.00628758 -0.00000000   -0.00628758 -0.00000000    0.26349827  0.00000000

     Dynamical  Matrix in cartesian axes

     q = (   -0.166666667  -0.166666667   0.166666667 ) 

    1    1
  0.26349827  0.00000000    0.00628758  0.00000000   -0.00628758 -0.00000000
  0.00628758  0.00000000    0.26349827  0.00000000   -0.00628758 -0.00000000
 -0.00628758 -0.00000000   -0.00628758 -0.00000000    0.26349827  0.00000000
    1    2
 -0.22787720 -0.05242719    0.01662405 -0.03110081   -0.01662405  0.03110081
  0.01662405 -0.03110081   -0.22787720 -0.05242719   -0.01662405  0.03110081
 -0.01662405  0.03110081   -0.01662405  0.03110081   -0.22787720 -0.05242719
    2    1
 -0.22787720  0.05242719    0.01662405  0.03110081   -0.01662405 -0.03110081
  0.01662405  0.03110081   -0.22787720  0.05242719   -0.01662405 -0.03110081
 -0.01662405 -0.03110081   -0.01662405 -0.03110081   -0.22787720  0.05242719
    2    2
  0.26349827 -0.00000000    0.00628758 -0.00000000   -0.00628758  0.00000000
  0.00628758 -0.00000000    0.26349827 -0.00000000   -0.00628758  0.00000000
 -0.00628758  0.00000000   -0.00628758  0.00000000    0.26349827 -0.00000000

     Dynamical  Matrix in cartesian axes

     q = (   -0.166666667   0.166666667   0.166666667 ) 

    1    1
  0.26349827 -0.00000000   -0.00628758  0.00000000   -0.00628758  0.00000000
 -0.00628758  0.00000000    0.26349827 -0.00000000    0.00628758 -0.00000000
 -0.00628758  0.00000000    0.00628758 -0.00000000    0.26349827 -0.00000000
    1    2
 -0.22787720  0.05242719   -0.01662405 -0.03110081   -0.01662405 -0.03110081
 -0.01662405 -0.03110081   -0.22787720  0.05242719    0.01662405  0.03110081
 -0.01662405 -0.03110081    0.01662405  0.03110081   -0.22787720  0.05242719
    2    1
 -0.22787720 -0.05242719   -0.01662405  0.03110081   -0.01662405  0.03110081
 -0.01662405  0.03110081   -0.22787720 -0.05242719    0.01662405 -0.03110081
 -0.01662405  0.03110081    0.01662405 -0.03110081   -0.22787720 -0.05242719
    2    2
  0.26349827  0.00000000   -0.00628758 -0.00000000   -0.00628758 -0.00000000
 -0.00628758 -0.00000000    0.26349827  0.00000000    0.00628758  0.00000000
 -0.00628758 -0.00000000    0.00628758  0.00000000    0.26349827  0.00000000

     Diagonalizing the dynamical matrix

     q = (   -0.166666667   0.166666667  -0.166666667 ) 

 **************************************************************************
     freq (    1) =       2.231815 [THz] =      74.445346 [cm-1]
 (  0.226020  0.023829 -0.345056 -0.025983 -0.571076 -0.049812 ) 
 (  0.227236  0.004099 -0.346008  0.004099 -0.573244  0.000000 ) 
     freq (    2) =       2.231815 [THz] =      74.445346 [cm-1]
 ( -0.530601 -0.011968 -0.462124 -0.005995  0.068477  0.005973 ) 
 ( -0.529634  0.034184 -0.460897  0.034184  0.068737  0.000000 ) 
     freq (    3) =       4.606840 [THz] =     153.667630 [cm-1]
 (  0.351772  0.207180 -0.351772 -0.207180  0.351772  0.207180 ) 
 (  0.408248 -0.000000 -0.408248  0.000000  0.408248  0.000000 ) 
     freq (    4) =      14.567844 [THz] =     485.930973 [cm-1]
 ( -0.351772 -0.207180  0.351772  0.207180 -0.351772 -0.207180 ) 
 (  0.408248  0.000000 -0.408248 -0.000000  0.408248  0.000000 ) 
     freq (    5) =      14.577857 [THz] =     486.264956 [cm-1]
 (  0.037416  0.017911  0.514842  0.059554  0.477426  0.041643 ) 
 ( -0.038831 -0.014592 -0.518070 -0.014592 -0.479239  0.000000 ) 
     freq (    6) =      14.577857 [THz] =     486.264956 [cm-1]
 (  0.571384  0.071640  0.250634  0.043663 -0.320750 -0.027977 ) 
 ( -0.575448 -0.021720 -0.253480 -0.021720  0.321968  0.000000 ) 
 **************************************************************************
