Dynamical matrix file
                                                                           
  1    2  2 10.3280000  0.0000000  0.0000000  0.0000000  0.0000000  0.0000000
           1  'Si  '    25598.8229845270     
    1    1      0.0000000000      0.0000000000      0.0000000000
    2    1      0.2500000000      0.2500000000      0.2500000000

     Dynamical  Matrix in cartesian axes

     q = (    0.666666667   0.000000000   0.666666667 ) 

    1    1
  0.24797069  0.00000000    0.00000000  0.00795534    0.00762408  0.00000000
  0.00000000 -0.00795534    0.29182250  0.00000000    0.00000000 -0.00795534
  0.00762408  0.00000000    0.00000000  0.00795534    0.24797069  0.00000000
    1    2
  0.02968483  0.05141564   -0.06438209  0.03717101   -0.06732369 -0.11660805
 -0.06438209  0.03717101    0.04105977  0.07111760   -0.06438209  0.03717101
 -0.06732369 -0.11660805   -0.06438209  0.03717101    0.02968483  0.05141564
    2    1
  0.02968483 -0.05141564   -0.06438209 -0.03717101   -0.06732369  0.11660805
 -0.06438209 -0.03717101    0.04105977 -0.07111760   -0.06438209 -0.03717101
 -0.06732369  0.11660805   -0.06438209 -0.03717101    0.02968483 -0.05141564
    2    2
  0.24797069  0.00000000    0.00000000 -0.00795534    0.00762408  0.00000000
  0.00000000  0.00795534    0.29182250  0.00000000    0.00000000  0.00795534
  0.00762408  0.00000000    0.00000000 -0.00795534    0.24797069  0.00000000

     Dynamical  Matrix in cartesian axes

     q = (   -0.666666667   0.000000000   0.666666667 ) 

    1    1
  0.24797069  0.00000000    0.00000000  0.00795534   -0.00762408  0.00000000
  0.00000000 -0.00795534    0.29182250  0.00000000    0.00000000  0.00795534
 -0.00762408  0.00000000    0.00000000 -0.00795534    0.24797069  0.00000000
    1    2
 -0.05936967  0.00000000    0.00000000 -0.07434203   -0.13464738 -0.00000000
  0.00000000 -0.07434203   -0.08211954  0.00000000    0.00000000  0.07434203
 -0.13464738  0.00000000   -0.00000000  0.07434203   -0.05936967  0.00000000
    2    1
 -0.05936967  0.00000000    0.00000000  0.07434203   -0.13464738 -0.00000000
  0.00000000  0.07434203   -0.08211954  0.00000000    0.00000000 -0.07434203
 -0.13464738  0.00000000    0.00000000 -0.07434203   -0.05936967  0.00000000
    2    2
  0.24797069  0.00000000    0.00000000 -0.00795534   -0.00762408  0.00000000
  0.00000000  0.00795534    0.29182250  0.00000000    0.00000000 -0.00795534
 -0.00762408  0.00000000    0.00000000  0.00795534    0.24797069  0.00000000

     Dynamical  Matrix in cartesian axes

     q = (   -0.666666667   0.000000000  -0.666666667 ) 

    1    1
  0.24797069  0.00000000    0.00000000 -0.00795534    0.00762408  0.00000000
  0.00000000  0.00795534    0.29182250  0.00000000    0.00000000  0.00795534
  0.00762408  0.00000000    0.00000000 -0.00795534    0.24797069  0.00000000
    1    2
  0.02968483 -0.05141564   -0.06438209 -0.03717101   -0.06732369  0.11660805
 -0.06438209 -0.03717101    0.04105977 -0.07111760   -0.06438209 -0.03717101
 -0.06732369  0.11660805   -0.06438209 -0.03717101    0.02968483 -0.05141564
    2    1
  0.02968483  0.05141564   -0.06438209  0.03717101   -0.06732369 -0.11660805
 -0.06438209  0.03717101    0.04105977  0.07111760   -0.06438209  0.03717101
 -0.06732369 -0.11660805   -0.06438209  0.03717101    0.02968483  0.05141564
    2    2
  0.24797069  0.00000000    0.00000000  0.00795534    0.00762408  0.00000000
  0.00000000 -0.00795534    0.29182250  0.00000000    0.00000000 -0.00795534
  0.00762408  0.00000000    0.00000000  0.00795534    0.24797069  0.00000000

     Dynamical  Matrix in cartesian axes

     q = (    0.666666667   0.000000000  -0.666666667 ) 

    1    1
  0.24797069  0.00000000    0.00000000 -0.00795534   -0.00762408  0.00000000
  0.00000000  0.00795534    0.29182250  0.00000000    0.00000000 -0.00795534
 -0.00762408  0.00000000    0.00000000  0.00795534    0.24797069  0.00000000
    1    2
 -0.05936967  0.00000000    0.00000000  0.07434203   -0.13464738  0.00000000
  0.00000000  0.07434203   -0.08211954  0.00000000    0.00000000 -0.07434203
 -0.13464738 -0.00000000    0.00000000 -0.07434203   -0.05936967  0.00000000
    2    1
 -0.05936967  0.00000000    0.00000000 -0.07434203   -0.13464738  0.00000000
  0.00000000 -0.07434203   -0.08211954  0.00000000    0.00000000  0.07434203
 -0.13464738 -0.00000000    0.00000000  0.07434203   -0.05936967  0.00000000
    2    2
  0.24797069  0.00000000    0.00000000  0.00795534   -0.00762408  0.00000000
  0.00000000 -0.00795534    0.29182250  0.00000000    0.00000000  0.00795534
 -0.00762408  0.00000000    0.00000000 -0.00795534    0.24797069  0.00000000

     Dynamical  Matrix in cartesian axes

     q = (    0.000000000   0.666666667  -0.666666667 ) 

    1    1
  0.29182250  0.00000000    0.00000000  0.00795534    0.00000000 -0.00795534
  0.00000000 -0.00795534    0.24797069  0.00000000   -0.00762408  0.00000000
  0.00000000  0.00795534   -0.00762408  0.00000000    0.24797069  0.00000000
    1    2
 -0.08211954  0.00000000    0.00000000  0.07434203    0.00000000 -0.07434203
  0.00000000  0.07434203   -0.05936967  0.00000000   -0.13464738  0.00000000
  0.00000000 -0.07434203   -0.13464738  0.00000000   -0.05936967  0.00000000
    2    1
 -0.08211954  0.00000000    0.00000000 -0.07434203    0.00000000  0.07434203
  0.00000000 -0.07434203   -0.05936967  0.00000000   -0.13464738  0.00000000
  0.00000000  0.07434203   -0.13464738  0.00000000   -0.05936967  0.00000000
    2    2
  0.29182250  0.00000000    0.00000000 -0.00795534    0.00000000  0.00795534
  0.00000000  0.00795534    0.24797069  0.00000000   -0.00762408  0.00000000
  0.00000000 -0.00795534   -0.00762408  0.00000000    0.24797069  0.00000000

     Dynamical  Matrix in cartesian axes

     q = (   -0.666666667   0.666666667   0.000000000 ) 

    1    1
  0.24797069  0.00000000   -0.00762408  0.00000000    0.00000000  0.00795534
 -0.00762408  0.00000000    0.24797069  0.00000000    0.00000000 -0.00795534
  0.00000000 -0.00795534    0.00000000  0.00795534    0.29182250  0.00000000
    1    2
 -0.05936967  0.00000000   -0.13464738 -0.00000000    0.00000000 -0.07434203
 -0.13464738 -0.00000000   -0.05936967  0.00000000   -0.00000000  0.07434203
  0.00000000 -0.07434203   -0.00000000  0.07434203   -0.08211954 -0.00000000
    2    1
 -0.05936967  0.00000000   -0.13464738  0.00000000    0.00000000  0.07434203
 -0.13464738  0.00000000   -0.05936967  0.00000000   -0.00000000 -0.07434203
  0.00000000  0.07434203   -0.00000000 -0.07434203   -0.08211954  0.00000000
    2    2
  0.24797069  0.00000000   -0.00762408  0.00000000    0.00000000 -0.00795534
 -0.00762408  0.00000000    0.24797069  0.00000000    0.00000000  0.00795534
  0.00000000  0.00795534    0.00000000 -0.00795534    0.29182250  0.00000000

     Dynamical  Matrix in cartesian axes

     q = (    0.000000000   0.666666667   0.666666667 ) 

    1    1
  0.29182250  0.00000000    0.00000000 -0.00795534    0.00000000 -0.00795534
  0.00000000  0.00795534    0.24797069  0.00000000    0.00762408  0.00000000
  0.00000000  0.00795534    0.00762408  0.00000000    0.24797069  0.00000000
    1    2
  0.04105977  0.07111760   -0.06438209  0.03717101   -0.06438209  0.03717101
 -0.06438209  0.03717101    0.02968483  0.05141564   -0.06732369 -0.11660805
 -0.06438209  0.03717101   -0.06732369 -0.11660805    0.02968483  0.05141564
    2    1
  0.04105977 -0.07111760   -0.06438209 -0.03717101   -0.06438209 -0.03717101
 -0.06438209 -0.03717101    0.02968483 -0.05141564   -0.06732369  0.11660805
 -0.06438209 -0.03717101   -0.06732369  0.11660805    0.02968483 -0.05141564
    2    2
  0.29182250  0.00000000    0.00000000  0.00795534    0.00000000  0.00795534
  0.00000000 -0.00795534    0.24797069  0.00000000    0.00762408  0.00000000
  0.00000000 -0.00795534    0.00762408  0.00000000    0.24797069  0.00000000

     Dynamical  Matrix in cartesian axes

     q = (    0.000000000  -0.666666667  -0.666666667 ) 

    1    1
  0.29182250  0.00000000    0.00000000  0.00795534    0.00000000  0.00795534
  0.00000000 -0.00795534    0.24797069  0.00000000    0.00762408  0.00000000
  0.00000000 -0.00795534    0.00762408  0.00000000    0.24797069  0.00000000
    1    2
  0.04105977 -0.07111760   -0.06438209 -0.03717101   -0.06438209 -0.03717101
 -0.06438209 -0.03717101    0.02968483 -0.05141564   -0.06732369  0.11660805
 -0.06438209 -0.03717101   -0.06732369  0.11660805    0.02968483 -0.05141564
    2    1
  0.04105977  0.07111760   -0.06438209  0.03717101   -0.06438209  0.03717101
 -0.06438209  0.03717101    0.02968483  0.05141564   -0.06732369 -0.11660805
 -0.06438209  0.03717101   -0.06732369 -0.11660805    0.02968483  0.05141564
    2    2
  0.29182250  0.00000000    0.00000000 -0.00795534    0.00000000 -0.00795534
  0.00000000  0.00795534    0.24797069  0.00000000    0.00762408  0.00000000
  0.00000000  0.00795534    0.00762408  0.00000000    0.24797069  0.00000000

     Dynamical  Matrix in cartesian axes

     q = (    0.666666667  -0.666666667   0.000000000 ) 

    1    1
  0.24797069  0.00000000   -0.00762408  0.00000000    0.00000000 -0.00795534
 -0.00762408  0.00000000    0.24797069  0.00000000    0.00000000  0.00795534
  0.00000000  0.00795534    0.00000000 -0.00795534    0.29182250  0.00000000
    1    2
 -0.05936967  0.00000000   -0.13464738  0.00000000    0.00000000  0.07434203
 -0.13464738  0.00000000   -0.05936967  0.00000000   -0.00000000 -0.07434203
  0.00000000  0.07434203   -0.00000000 -0.07434203   -0.08211954  0.00000000
    2    1
 -0.05936967  0.00000000   -0.13464738 -0.00000000    0.00000000 -0.07434203
 -0.13464738 -0.00000000   -0.05936967  0.00000000   -0.00000000  0.07434203
  0.00000000 -0.07434203   -0.00000000  0.07434203   -0.08211954 -0.00000000
    2    2
  0.24797069  0.00000000   -0.00762408  0.00000000    0.00000000  0.00795534
 -0.00762408  0.00000000    0.24797069  0.00000000    0.00000000 -0.00795534
  0.00000000 -0.00795534    0.00000000  0.00795534    0.29182250  0.00000000

     Dynamical  Matrix in cartesian axes

     q = (    0.666666667   0.666666667   0.000000000 ) 

    1    1
  0.24797069  0.00000000    0.00762408  0.00000000   -0.00000000  0.00795534
  0.00762408  0.00000000    0.24797069  0.00000000    0.00000000  0.00795534
  0.00000000 -0.00795534    0.00000000 -0.00795534    0.29182250  0.00000000
    1    2
  0.02968483  0.05141564   -0.06732369 -0.11660805   -0.06438209  0.03717101
 -0.06732369 -0.11660805    0.02968483  0.05141564   -0.06438209  0.03717101
 -0.06438209  0.03717101   -0.06438209  0.03717101    0.04105977  0.07111760
    2    1
  0.02968483 -0.05141564   -0.06732369  0.11660805   -0.06438209 -0.03717101
 -0.06732369  0.11660805    0.02968483 -0.05141564   -0.06438209 -0.03717101
 -0.06438209 -0.03717101   -0.06438209 -0.03717101    0.04105977 -0.07111760
    2    2
  0.24797069  0.00000000    0.00762408  0.00000000   -0.00000000 -0.00795534
  0.00762408  0.00000000    0.24797069  0.00000000    0.00000000 -0.00795534
  0.00000000  0.00795534    0.00000000  0.00795534    0.29182250  0.00000000

     Dynamical  Matrix in cartesian axes

     q = (   -0.666666667  -0.666666667   0.000000000 ) 

    1    1
  0.24797069  0.00000000    0.00762408  0.00000000   -0.00000000 -0.00795534
  0.00762408  0.00000000    0.24797069  0.00000000    0.00000000 -0.00795534
  0.00000000  0.00795534    0.00000000  0.00795534    0.29182250  0.00000000
    1    2
  0.02968483 -0.05141564   -0.06732369  0.11660805   -0.06438209 -0.03717101
 -0.06732369  0.11660805    0.02968483 -0.05141564   -0.06438209 -0.03717101
 -0.06438209 -0.03717101   -0.06438209 -0.03717101    0.04105977 -0.07111760
    2    1
  0.02968483  0.05141564   -0.06732369 -0.11660805   -0.06438209  0.03717101
 -0.06732369 -0.11660805    0.02968483  0.05141564   -0.06438209  0.03717101
 -0.06438209  0.03717101   -0.06438209  0.03717101    0.04105977  0.07111760
    2    2
  0.24797069  0.00000000    0.00762408  0.00000000   -0.00000000  0.00795534
  0.00762408  0.00000000    0.24797069  0.00000000    0.00000000  0.00795534
  0.00000000 -0.00795534    0.00000000 -0.00795534    0.29182250  0.00000000

     Dynamical  Matrix in cartesian axes

     q = (    0.000000000  -0.666666667   0.666666667 ) 

    1    1
  0.29182250  0.00000000    0.00000000 -0.00795534    0.00000000  0.00795534
  0.00000000  0.00795534    0.24797069  0.00000000   -0.00762408  0.00000000
  0.00000000 -0.00795534   -0.00762408  0.00000000    0.24797069  0.00000000
    1    2
 -0.08211954  0.00000000   -0.00000000 -0.07434203   -0.00000000  0.07434203
  0.00000000 -0.07434203   -0.05936967  0.00000000   -0.13464738  0.00000000
 -0.00000000  0.07434203   -0.13464738  0.00000000   -0.05936967  0.00000000
    2    1
 -0.08211954  0.00000000   -0.00000000  0.07434203    0.00000000 -0.07434203
 -0.00000000  0.07434203   -0.05936967  0.00000000   -0.13464738  0.00000000
 -0.00000000 -0.07434203   -0.13464738  0.00000000   -0.05936967  0.00000000
    2    2
  0.29182250  0.00000000    0.00000000  0.00795534    0.00000000 -0.00795534
  0.00000000 -0.00795534    0.24797069  0.00000000   -0.00762408  0.00000000
  0.00000000  0.00795534   -0.00762408  0.00000000    0.24797069  0.00000000

     Diagonalizing the dynamical matrix

     q = (    0.666666667  -0.000000000   0.666666667 ) 

 **************************************************************************
     freq (    1) =       4.425824 [THz] =     147.629602 [cm-1]
 (  0.250000  0.433013  0.000000 -0.000000 -0.250000 -0.433013 ) 
 ( -0.500000 -0.000000  0.000000  0.000000  0.500000  0.000000 ) 
     freq (    2) =       6.501695 [THz] =     216.873188 [cm-1]
 ( -0.189952 -0.329007 -0.398132  0.229862 -0.189952 -0.329007 ) 
 ( -0.379904 -0.000000  0.000000 -0.459723 -0.379904  0.000000 ) 
     freq (    3) =       9.947532 [THz] =     331.813966 [cm-1]
 ( -0.192186 -0.332877  0.391645 -0.226117 -0.192186 -0.332877 ) 
 (  0.384373 -0.000000 -0.000000 -0.452233  0.384373  0.000000 ) 
     freq (    4) =      11.073688 [THz] =     369.378478 [cm-1]
 (  0.162537  0.281522 -0.465286  0.268633  0.162537  0.281522 ) 
 (  0.325074 -0.000000 -0.000000 -0.537266  0.325074  0.000000 ) 
     freq (    5) =      13.551638 [THz] =     452.033972 [cm-1]
 (  0.250000  0.433013  0.000000  0.000000 -0.250000 -0.433013 ) 
 (  0.500000 -0.000000  0.000000 -0.000000 -0.500000  0.000000 ) 
     freq (    6) =      14.108111 [THz] =     470.595944 [cm-1]
 ( -0.159889 -0.276935 -0.470759  0.271793 -0.159889 -0.276935 ) 
 (  0.319777 -0.000000  0.000000  0.543585  0.319777  0.000000 ) 
 **************************************************************************
