Dynamical matrix file
                                                                           
  1    2  2 10.2800000  0.0000000  0.0000000  0.0000000  0.0000000  0.0000000
           1  'Si  '    25598.8229845270     
    1    1      0.0000000000      0.0000000000      0.0000000000
    2    1      0.2500000000      0.2500000000      0.2500000000

     Dynamical  Matrix in cartesian axes

     q = (    0.333333333   0.000000000   0.333333333 ) 

    1    1
  0.27218776  0.00000000    0.00000000  0.00485251    0.00804118  0.00000000
  0.00000000 -0.00485251    0.27351712  0.00000000    0.00000000 -0.00485251
  0.00804118  0.00000000    0.00000000  0.00485251    0.27218776  0.00000000
    1    2
 -0.09710811  0.16819618   -0.06471425 -0.03736279    0.02227067 -0.03857393
 -0.06471425 -0.03736279   -0.10200550  0.17667871   -0.06471425 -0.03736279
  0.02227067 -0.03857393   -0.06471425 -0.03736279   -0.09710811  0.16819618
    2    1
 -0.09710811 -0.16819618   -0.06471425  0.03736279    0.02227067  0.03857393
 -0.06471425  0.03736279   -0.10200550 -0.17667871   -0.06471425  0.03736279
  0.02227067  0.03857393   -0.06471425  0.03736279   -0.09710811 -0.16819618
    2    2
  0.27218776  0.00000000    0.00000000 -0.00485251    0.00804118  0.00000000
  0.00000000  0.00485251    0.27351712  0.00000000    0.00000000  0.00485251
  0.00804118  0.00000000    0.00000000 -0.00485251    0.27218776  0.00000000

     Dynamical  Matrix in cartesian axes

     q = (   -0.333333333   0.000000000   0.333333333 ) 

    1    1
  0.27218776  0.00000000    0.00000000  0.00485251   -0.00804118  0.00000000
  0.00000000 -0.00485251    0.27351712  0.00000000    0.00000000  0.00485251
 -0.00804118  0.00000000    0.00000000 -0.00485251    0.27218776  0.00000000
    1    2
 -0.19421622  0.00000000    0.00000000 -0.07472557   -0.04454133 -0.00000000
  0.00000000 -0.07472557   -0.20401100  0.00000000    0.00000000  0.07472557
 -0.04454133  0.00000000    0.00000000  0.07472557   -0.19421622  0.00000000
    2    1
 -0.19421622  0.00000000    0.00000000  0.07472557   -0.04454133  0.00000000
  0.00000000  0.07472557   -0.20401100  0.00000000    0.00000000 -0.07472557
 -0.04454133  0.00000000    0.00000000 -0.07472557   -0.19421622  0.00000000
    2    2
  0.27218776  0.00000000    0.00000000 -0.00485251   -0.00804118  0.00000000
  0.00000000  0.00485251    0.27351712  0.00000000    0.00000000 -0.00485251
 -0.00804118  0.00000000    0.00000000  0.00485251    0.27218776  0.00000000

     Dynamical  Matrix in cartesian axes

     q = (    0.333333333   0.000000000  -0.333333333 ) 

    1    1
  0.27218776  0.00000000    0.00000000 -0.00485251   -0.00804118  0.00000000
  0.00000000  0.00485251    0.27351712  0.00000000    0.00000000 -0.00485251
 -0.00804118  0.00000000    0.00000000  0.00485251    0.27218776  0.00000000
    1    2
 -0.19421622 -0.00000000    0.00000000  0.07472557   -0.04454133 -0.00000000
  0.00000000  0.07472557   -0.20401100  0.00000000    0.00000000 -0.07472557
 -0.04454133  0.00000000    0.00000000 -0.07472557   -0.19421622  0.00000000
    2    1
 -0.19421622  0.00000000    0.00000000 -0.07472557   -0.04454133 -0.00000000
  0.00000000 -0.07472557   -0.20401100  0.00000000   -0.00000000  0.07472557
 -0.04454133 -0.00000000    0.00000000  0.07472557   -0.19421622  0.00000000
    2    2
  0.27218776  0.00000000    0.00000000  0.00485251   -0.00804118  0.00000000
  0.00000000 -0.00485251    0.27351712  0.00000000    0.00000000  0.00485251
 -0.00804118  0.00000000    0.00000000 -0.00485251    0.27218776  0.00000000

     Dynamical  Matrix in cartesian axes

     q = (   -0.333333333   0.000000000  -0.333333333 ) 

    1    1
  0.27218776  0.00000000    0.00000000 -0.00485251    0.00804118  0.00000000
  0.00000000  0.00485251    0.27351712  0.00000000    0.00000000  0.00485251
  0.00804118  0.00000000    0.00000000 -0.00485251    0.27218776  0.00000000
    1    2
 -0.09710811 -0.16819618   -0.06471425  0.03736279    0.02227067  0.03857393
 -0.06471425  0.03736279   -0.10200550 -0.17667871   -0.06471425  0.03736279
  0.02227067  0.03857393   -0.06471425  0.03736279   -0.09710811 -0.16819618
    2    1
 -0.09710811  0.16819618   -0.06471425 -0.03736279    0.02227067 -0.03857393
 -0.06471425 -0.03736279   -0.10200550  0.17667871   -0.06471425 -0.03736279
  0.02227067 -0.03857393   -0.06471425 -0.03736279   -0.09710811  0.16819618
    2    2
  0.27218776  0.00000000    0.00000000  0.00485251    0.00804118  0.00000000
  0.00000000 -0.00485251    0.27351712  0.00000000    0.00000000 -0.00485251
  0.00804118  0.00000000    0.00000000  0.00485251    0.27218776  0.00000000

     Dynamical  Matrix in cartesian axes

     q = (    0.000000000   0.333333333  -0.333333333 ) 

    1    1
  0.27351712  0.00000000    0.00000000  0.00485251    0.00000000 -0.00485251
  0.00000000 -0.00485251    0.27218776  0.00000000   -0.00804118  0.00000000
  0.00000000  0.00485251   -0.00804118  0.00000000    0.27218776  0.00000000
    1    2
 -0.20401100  0.00000000   -0.00000000  0.07472557    0.00000000 -0.07472557
 -0.00000000  0.07472557   -0.19421622  0.00000000   -0.04454133  0.00000000
  0.00000000 -0.07472557   -0.04454133  0.00000000   -0.19421622  0.00000000
    2    1
 -0.20401100  0.00000000   -0.00000000 -0.07472557    0.00000000  0.07472557
  0.00000000 -0.07472557   -0.19421622  0.00000000   -0.04454133 -0.00000000
  0.00000000  0.07472557   -0.04454133 -0.00000000   -0.19421622  0.00000000
    2    2
  0.27351712  0.00000000    0.00000000 -0.00485251    0.00000000  0.00485251
  0.00000000  0.00485251    0.27218776  0.00000000   -0.00804118  0.00000000
  0.00000000 -0.00485251   -0.00804118  0.00000000    0.27218776  0.00000000

     Dynamical  Matrix in cartesian axes

     q = (   -0.333333333   0.333333333   0.000000000 ) 

    1    1
  0.27218776  0.00000000   -0.00804118  0.00000000    0.00000000  0.00485251
 -0.00804118  0.00000000    0.27218776  0.00000000    0.00000000 -0.00485251
  0.00000000 -0.00485251    0.00000000  0.00485251    0.27351712  0.00000000
    1    2
 -0.19421622  0.00000000   -0.04454133 -0.00000000   -0.00000000 -0.07472557
 -0.04454133  0.00000000   -0.19421622 -0.00000000    0.00000000  0.07472557
  0.00000000 -0.07472557   -0.00000000  0.07472557   -0.20401100  0.00000000
    2    1
 -0.19421622  0.00000000   -0.04454133 -0.00000000   -0.00000000  0.07472557
 -0.04454133 -0.00000000   -0.19421622 -0.00000000    0.00000000 -0.07472557
 -0.00000000  0.07472557    0.00000000 -0.07472557   -0.20401100 -0.00000000
    2    2
  0.27218776  0.00000000   -0.00804118  0.00000000    0.00000000 -0.00485251
 -0.00804118  0.00000000    0.27218776  0.00000000    0.00000000  0.00485251
  0.00000000  0.00485251    0.00000000 -0.00485251    0.27351712  0.00000000

     Dynamical  Matrix in cartesian axes

     q = (    0.000000000   0.333333333   0.333333333 ) 

    1    1
  0.27351712  0.00000000    0.00000000 -0.00485251    0.00000000 -0.00485251
  0.00000000  0.00485251    0.27218776  0.00000000    0.00804118  0.00000000
  0.00000000  0.00485251    0.00804118  0.00000000    0.27218776  0.00000000
    1    2
 -0.10200550  0.17667871   -0.06471425 -0.03736279   -0.06471425 -0.03736279
 -0.06471425 -0.03736279   -0.09710811  0.16819618    0.02227067 -0.03857393
 -0.06471425 -0.03736279    0.02227067 -0.03857393   -0.09710811  0.16819618
    2    1
 -0.10200550 -0.17667871   -0.06471425  0.03736279   -0.06471425  0.03736279
 -0.06471425  0.03736279   -0.09710811 -0.16819618    0.02227067  0.03857393
 -0.06471425  0.03736279    0.02227067  0.03857393   -0.09710811 -0.16819618
    2    2
  0.27351712  0.00000000    0.00000000  0.00485251    0.00000000  0.00485251
  0.00000000 -0.00485251    0.27218776  0.00000000    0.00804118  0.00000000
  0.00000000 -0.00485251    0.00804118  0.00000000    0.27218776  0.00000000

     Dynamical  Matrix in cartesian axes

     q = (    0.000000000  -0.333333333  -0.333333333 ) 

    1    1
  0.27351712  0.00000000    0.00000000  0.00485251    0.00000000  0.00485251
  0.00000000 -0.00485251    0.27218776  0.00000000    0.00804118  0.00000000
  0.00000000 -0.00485251    0.00804118  0.00000000    0.27218776  0.00000000
    1    2
 -0.10200550 -0.17667871   -0.06471425  0.03736279   -0.06471425  0.03736279
 -0.06471425  0.03736279   -0.09710811 -0.16819618    0.02227067  0.03857393
 -0.06471425  0.03736279    0.02227067  0.03857393   -0.09710811 -0.16819618
    2    1
 -0.10200550  0.17667871   -0.06471425 -0.03736279   -0.06471425 -0.03736279
 -0.06471425 -0.03736279   -0.09710811  0.16819618    0.02227067 -0.03857393
 -0.06471425 -0.03736279    0.02227067 -0.03857393   -0.09710811  0.16819618
    2    2
  0.27351712  0.00000000    0.00000000 -0.00485251    0.00000000 -0.00485251
  0.00000000  0.00485251    0.27218776  0.00000000    0.00804118  0.00000000
  0.00000000  0.00485251    0.00804118  0.00000000    0.27218776  0.00000000

     Dynamical  Matrix in cartesian axes

     q = (    0.333333333  -0.333333333   0.000000000 ) 

    1    1
  0.27218776  0.00000000   -0.00804118  0.00000000    0.00000000 -0.00485251
 -0.00804118  0.00000000    0.27218776  0.00000000    0.00000000  0.00485251
  0.00000000  0.00485251    0.00000000 -0.00485251    0.27351712  0.00000000
    1    2
 -0.19421622  0.00000000   -0.04454133 -0.00000000   -0.00000000  0.07472557
 -0.04454133 -0.00000000   -0.19421622 -0.00000000    0.00000000 -0.07472557
 -0.00000000  0.07472557    0.00000000 -0.07472557   -0.20401100 -0.00000000
    2    1
 -0.19421622 -0.00000000   -0.04454133  0.00000000   -0.00000000 -0.07472557
 -0.04454133 -0.00000000   -0.19421622  0.00000000    0.00000000  0.07472557
  0.00000000 -0.07472557   -0.00000000  0.07472557   -0.20401100  0.00000000
    2    2
  0.27218776  0.00000000   -0.00804118  0.00000000    0.00000000  0.00485251
 -0.00804118  0.00000000    0.27218776  0.00000000    0.00000000 -0.00485251
  0.00000000 -0.00485251    0.00000000  0.00485251    0.27351712  0.00000000

     Dynamical  Matrix in cartesian axes

     q = (    0.333333333   0.333333333   0.000000000 ) 

    1    1
  0.27218776  0.00000000    0.00804118  0.00000000    0.00000000  0.00485251
  0.00804118  0.00000000    0.27218776  0.00000000    0.00000000  0.00485251
  0.00000000 -0.00485251    0.00000000 -0.00485251    0.27351712  0.00000000
    1    2
 -0.09710811  0.16819618    0.02227067 -0.03857393   -0.06471425 -0.03736279
  0.02227067 -0.03857393   -0.09710811  0.16819618   -0.06471425 -0.03736279
 -0.06471425 -0.03736279   -0.06471425 -0.03736279   -0.10200550  0.17667871
    2    1
 -0.09710811 -0.16819618    0.02227067  0.03857393   -0.06471425  0.03736279
  0.02227067  0.03857393   -0.09710811 -0.16819618   -0.06471425  0.03736279
 -0.06471425  0.03736279   -0.06471425  0.03736279   -0.10200550 -0.17667871
    2    2
  0.27218776  0.00000000    0.00804118  0.00000000    0.00000000 -0.00485251
  0.00804118  0.00000000    0.27218776  0.00000000    0.00000000 -0.00485251
  0.00000000  0.00485251    0.00000000  0.00485251    0.27351712  0.00000000

     Dynamical  Matrix in cartesian axes

     q = (   -0.333333333  -0.333333333   0.000000000 ) 

    1    1
  0.27218776  0.00000000    0.00804118  0.00000000    0.00000000 -0.00485251
  0.00804118  0.00000000    0.27218776  0.00000000    0.00000000 -0.00485251
  0.00000000  0.00485251    0.00000000  0.00485251    0.27351712  0.00000000
    1    2
 -0.09710811 -0.16819618    0.02227067  0.03857393   -0.06471425  0.03736279
  0.02227067  0.03857393   -0.09710811 -0.16819618   -0.06471425  0.03736279
 -0.06471425  0.03736279   -0.06471425  0.03736279   -0.10200550 -0.17667871
    2    1
 -0.09710811  0.16819618    0.02227067 -0.03857393   -0.06471425 -0.03736279
  0.02227067 -0.03857393   -0.09710811  0.16819618   -0.06471425 -0.03736279
 -0.06471425 -0.03736279   -0.06471425 -0.03736279   -0.10200550  0.17667871
    2    2
  0.27218776  0.00000000    0.00804118  0.00000000    0.00000000  0.00485251
  0.00804118  0.00000000    0.27218776  0.00000000    0.00000000  0.00485251
  0.00000000 -0.00485251    0.00000000 -0.00485251    0.27351712  0.00000000

     Dynamical  Matrix in cartesian axes

     q = (    0.000000000  -0.333333333   0.333333333 ) 

    1    1
  0.27351712  0.00000000    0.00000000 -0.00485251    0.00000000  0.00485251
  0.00000000  0.00485251    0.27218776  0.00000000   -0.00804118  0.00000000
  0.00000000 -0.00485251   -0.00804118  0.00000000    0.27218776  0.00000000
    1    2
 -0.20401100  0.00000000   -0.00000000 -0.07472557    0.00000000  0.07472557
  0.00000000 -0.07472557   -0.19421622  0.00000000   -0.04454133 -0.00000000
  0.00000000  0.07472557   -0.04454133 -0.00000000   -0.19421622  0.00000000
    2    1
 -0.20401100  0.00000000   -0.00000000  0.07472557    0.00000000 -0.07472557
 -0.00000000  0.07472557   -0.19421622  0.00000000   -0.04454133  0.00000000
  0.00000000 -0.07472557   -0.04454133  0.00000000   -0.19421622  0.00000000
    2    2
  0.27351712  0.00000000    0.00000000  0.00485251    0.00000000 -0.00485251
  0.00000000 -0.00485251    0.27218776  0.00000000   -0.00804118  0.00000000
  0.00000000  0.00485251   -0.00804118  0.00000000    0.27218776  0.00000000

     Diagonalizing the dynamical matrix

     q = (    0.333333333   0.000000000   0.333333333 ) 

 **************************************************************************
     freq (    1) =       3.276333 [THz] =     109.286720 [cm-1]
 ( -0.250000  0.433013 -0.000000 -0.000000  0.250000 -0.433013 ) 
 ( -0.500000 -0.000000  0.000000 -0.000000  0.500000  0.000000 ) 
     freq (    2) =       4.322455 [THz] =     144.181572 [cm-1]
 ( -0.062044  0.107463  0.593215  0.342493 -0.062044  0.107463 ) 
 (  0.124087  0.000000 -0.000000  0.684985  0.124087  0.000000 ) 
     freq (    3) =       6.412198 [THz] =     213.887905 [cm-1]
 (  0.239723 -0.415212  0.173776  0.100330  0.239723 -0.415212 ) 
 (  0.479445 -0.000000  0.000000 -0.200660  0.479445  0.000000 ) 
     freq (    4) =      13.873158 [THz] =     462.758752 [cm-1]
 (  0.242179 -0.419466  0.151975  0.087743  0.242179 -0.419466 ) 
 ( -0.484358 -0.000000  0.000000  0.175486 -0.484358  0.000000 ) 
     freq (    5) =      14.581683 [THz] =     486.392578 [cm-1]
 (  0.250000 -0.433013 -0.000000 -0.000000 -0.250000  0.433013 ) 
 ( -0.500000  0.000000 -0.000000  0.000000  0.500000  0.000000 ) 
     freq (    6) =      14.696188 [THz] =     490.212082 [cm-1]
 (  0.070944 -0.122878 -0.587198 -0.339019  0.070944 -0.122878 ) 
 (  0.141888 -0.000000  0.000000  0.678038  0.141888  0.000000 ) 
 **************************************************************************
