Dynamical matrix file
                                                                           
  1    2  2 10.2920000  0.0000000  0.0000000  0.0000000  0.0000000  0.0000000
           1  'Si  '    25598.8229845270     
    1    1      0.0000000000      0.0000000000      0.0000000000
    2    1      0.2500000000      0.2500000000      0.2500000000

     Dynamical  Matrix in cartesian axes

     q = (    0.666666667   0.000000000   0.666666667 ) 

    1    1
  0.25419055  0.00000000    0.00000000  0.00806824    0.00792222  0.00000000
  0.00000000 -0.00806824    0.29847151  0.00000000    0.00000000 -0.00806824
  0.00792222  0.00000000    0.00000000  0.00806824    0.25419055  0.00000000
    1    2
  0.03040290  0.05265937   -0.06713052  0.03875782   -0.07013451 -0.12147653
 -0.06713052  0.03875782    0.04178808  0.07237908   -0.06713052  0.03875782
 -0.07013451 -0.12147653   -0.06713052  0.03875782    0.03040290  0.05265937
    2    1
  0.03040290 -0.05265937   -0.06713052 -0.03875782   -0.07013451  0.12147653
 -0.06713052 -0.03875782    0.04178808 -0.07237908   -0.06713052 -0.03875782
 -0.07013451  0.12147653   -0.06713052 -0.03875782    0.03040290 -0.05265937
    2    2
  0.25419055  0.00000000    0.00000000 -0.00806824    0.00792222  0.00000000
  0.00000000  0.00806824    0.29847151  0.00000000    0.00000000  0.00806824
  0.00792222  0.00000000    0.00000000 -0.00806824    0.25419055  0.00000000

     Dynamical  Matrix in cartesian axes

     q = (   -0.666666667   0.000000000   0.666666667 ) 

    1    1
  0.25419055  0.00000000    0.00000000  0.00806824   -0.00792222  0.00000000
  0.00000000 -0.00806824    0.29847151  0.00000000    0.00000000  0.00806824
 -0.00792222  0.00000000    0.00000000 -0.00806824    0.25419055  0.00000000
    1    2
 -0.06080580 -0.00000000    0.00000000 -0.07751564   -0.14026902 -0.00000000
  0.00000000 -0.07751564   -0.08357617  0.00000000    0.00000000  0.07751564
 -0.14026902 -0.00000000   -0.00000000  0.07751564   -0.06080580 -0.00000000
    2    1
 -0.06080580  0.00000000    0.00000000  0.07751564   -0.14026902 -0.00000000
  0.00000000  0.07751564   -0.08357617  0.00000000    0.00000000 -0.07751564
 -0.14026902 -0.00000000   -0.00000000 -0.07751564   -0.06080580  0.00000000
    2    2
  0.25419055  0.00000000    0.00000000 -0.00806824   -0.00792222  0.00000000
  0.00000000  0.00806824    0.29847151  0.00000000    0.00000000 -0.00806824
 -0.00792222  0.00000000    0.00000000  0.00806824    0.25419055  0.00000000

     Dynamical  Matrix in cartesian axes

     q = (   -0.666666667   0.000000000  -0.666666667 ) 

    1    1
  0.25419055  0.00000000    0.00000000 -0.00806824    0.00792222  0.00000000
  0.00000000  0.00806824    0.29847151  0.00000000    0.00000000  0.00806824
  0.00792222  0.00000000    0.00000000 -0.00806824    0.25419055  0.00000000
    1    2
  0.03040290 -0.05265937   -0.06713052 -0.03875782   -0.07013451  0.12147653
 -0.06713052 -0.03875782    0.04178808 -0.07237908   -0.06713052 -0.03875782
 -0.07013451  0.12147653   -0.06713052 -0.03875782    0.03040290 -0.05265937
    2    1
  0.03040290  0.05265937   -0.06713052  0.03875782   -0.07013451 -0.12147653
 -0.06713052  0.03875782    0.04178808  0.07237908   -0.06713052  0.03875782
 -0.07013451 -0.12147653   -0.06713052  0.03875782    0.03040290  0.05265937
    2    2
  0.25419055  0.00000000    0.00000000  0.00806824    0.00792222  0.00000000
  0.00000000 -0.00806824    0.29847151  0.00000000    0.00000000 -0.00806824
  0.00792222  0.00000000    0.00000000  0.00806824    0.25419055  0.00000000

     Dynamical  Matrix in cartesian axes

     q = (    0.666666667   0.000000000  -0.666666667 ) 

    1    1
  0.25419055  0.00000000    0.00000000 -0.00806824   -0.00792222  0.00000000
  0.00000000  0.00806824    0.29847151  0.00000000    0.00000000 -0.00806824
 -0.00792222  0.00000000    0.00000000  0.00806824    0.25419055  0.00000000
    1    2
 -0.06080580 -0.00000000   -0.00000000  0.07751564   -0.14026902 -0.00000000
  0.00000000  0.07751564   -0.08357617  0.00000000    0.00000000 -0.07751564
 -0.14026902 -0.00000000   -0.00000000 -0.07751564   -0.06080580 -0.00000000
    2    1
 -0.06080580  0.00000000   -0.00000000 -0.07751564   -0.14026902 -0.00000000
 -0.00000000 -0.07751564   -0.08357617  0.00000000   -0.00000000  0.07751564
 -0.14026902 -0.00000000   -0.00000000  0.07751564   -0.06080580 -0.00000000
    2    2
  0.25419055  0.00000000    0.00000000  0.00806824   -0.00792222  0.00000000
  0.00000000 -0.00806824    0.29847151  0.00000000    0.00000000  0.00806824
 -0.00792222  0.00000000    0.00000000 -0.00806824    0.25419055  0.00000000

     Dynamical  Matrix in cartesian axes

     q = (    0.000000000   0.666666667  -0.666666667 ) 

    1    1
  0.29847151  0.00000000    0.00000000  0.00806824    0.00000000 -0.00806824
  0.00000000 -0.00806824    0.25419055  0.00000000   -0.00792222  0.00000000
  0.00000000  0.00806824   -0.00792222  0.00000000    0.25419055  0.00000000
    1    2
 -0.08357617  0.00000000    0.00000000  0.07751564   -0.00000000 -0.07751564
  0.00000000  0.07751564   -0.06080580  0.00000000   -0.14026902  0.00000000
 -0.00000000 -0.07751564   -0.14026902  0.00000000   -0.06080580  0.00000000
    2    1
 -0.08357617 -0.00000000   -0.00000000 -0.07751564    0.00000000  0.07751564
  0.00000000 -0.07751564   -0.06080580  0.00000000   -0.14026902  0.00000000
  0.00000000  0.07751564   -0.14026902  0.00000000   -0.06080580  0.00000000
    2    2
  0.29847151  0.00000000    0.00000000 -0.00806824    0.00000000  0.00806824
  0.00000000  0.00806824    0.25419055  0.00000000   -0.00792222  0.00000000
  0.00000000 -0.00806824   -0.00792222  0.00000000    0.25419055  0.00000000

     Dynamical  Matrix in cartesian axes

     q = (   -0.666666667   0.666666667   0.000000000 ) 

    1    1
  0.25419055  0.00000000   -0.00792222  0.00000000    0.00000000  0.00806824
 -0.00792222  0.00000000    0.25419055  0.00000000    0.00000000 -0.00806824
  0.00000000 -0.00806824    0.00000000  0.00806824    0.29847151  0.00000000
    1    2
 -0.06080580 -0.00000000   -0.14026902 -0.00000000    0.00000000 -0.07751564
 -0.14026902 -0.00000000   -0.06080580 -0.00000000   -0.00000000  0.07751564
  0.00000000 -0.07751564   -0.00000000  0.07751564   -0.08357617 -0.00000000
    2    1
 -0.06080580  0.00000000   -0.14026902  0.00000000    0.00000000  0.07751564
 -0.14026902  0.00000000   -0.06080580  0.00000000   -0.00000000 -0.07751564
  0.00000000  0.07751564   -0.00000000 -0.07751564   -0.08357617  0.00000000
    2    2
  0.25419055  0.00000000   -0.00792222  0.00000000    0.00000000 -0.00806824
 -0.00792222  0.00000000    0.25419055  0.00000000    0.00000000  0.00806824
  0.00000000  0.00806824    0.00000000 -0.00806824    0.29847151  0.00000000

     Dynamical  Matrix in cartesian axes

     q = (    0.000000000   0.666666667   0.666666667 ) 

    1    1
  0.29847151  0.00000000    0.00000000 -0.00806824    0.00000000 -0.00806824
  0.00000000  0.00806824    0.25419055  0.00000000    0.00792222  0.00000000
  0.00000000  0.00806824    0.00792222  0.00000000    0.25419055  0.00000000
    1    2
  0.04178808  0.07237908   -0.06713052  0.03875782   -0.06713052  0.03875782
 -0.06713052  0.03875782    0.03040290  0.05265937   -0.07013451 -0.12147653
 -0.06713052  0.03875782   -0.07013451 -0.12147653    0.03040290  0.05265937
    2    1
  0.04178808 -0.07237908   -0.06713052 -0.03875782   -0.06713052 -0.03875782
 -0.06713052 -0.03875782    0.03040290 -0.05265937   -0.07013451  0.12147653
 -0.06713052 -0.03875782   -0.07013451  0.12147653    0.03040290 -0.05265937
    2    2
  0.29847151  0.00000000    0.00000000  0.00806824    0.00000000  0.00806824
  0.00000000 -0.00806824    0.25419055  0.00000000    0.00792222  0.00000000
  0.00000000 -0.00806824    0.00792222  0.00000000    0.25419055  0.00000000

     Dynamical  Matrix in cartesian axes

     q = (    0.000000000  -0.666666667  -0.666666667 ) 

    1    1
  0.29847151  0.00000000    0.00000000  0.00806824    0.00000000  0.00806824
  0.00000000 -0.00806824    0.25419055  0.00000000    0.00792222  0.00000000
  0.00000000 -0.00806824    0.00792222  0.00000000    0.25419055  0.00000000
    1    2
  0.04178808 -0.07237908   -0.06713052 -0.03875782   -0.06713052 -0.03875782
 -0.06713052 -0.03875782    0.03040290 -0.05265937   -0.07013451  0.12147653
 -0.06713052 -0.03875782   -0.07013451  0.12147653    0.03040290 -0.05265937
    2    1
  0.04178808  0.07237908   -0.06713052  0.03875782   -0.06713052  0.03875782
 -0.06713052  0.03875782    0.03040290  0.05265937   -0.07013451 -0.12147653
 -0.06713052  0.03875782   -0.07013451 -0.12147653    0.03040290  0.05265937
    2    2
  0.29847151  0.00000000    0.00000000 -0.00806824    0.00000000 -0.00806824
  0.00000000  0.00806824    0.25419055  0.00000000    0.00792222  0.00000000
  0.00000000  0.00806824    0.00792222  0.00000000    0.25419055  0.00000000

     Dynamical  Matrix in cartesian axes

     q = (    0.666666667  -0.666666667   0.000000000 ) 

    1    1
  0.25419055  0.00000000   -0.00792222  0.00000000    0.00000000 -0.00806824
 -0.00792222  0.00000000    0.25419055  0.00000000    0.00000000  0.00806824
  0.00000000  0.00806824    0.00000000 -0.00806824    0.29847151  0.00000000
    1    2
 -0.06080580  0.00000000   -0.14026902  0.00000000    0.00000000  0.07751564
 -0.14026902  0.00000000   -0.06080580  0.00000000   -0.00000000 -0.07751564
  0.00000000  0.07751564   -0.00000000 -0.07751564   -0.08357617  0.00000000
    2    1
 -0.06080580 -0.00000000   -0.14026902 -0.00000000    0.00000000 -0.07751564
 -0.14026902 -0.00000000   -0.06080580 -0.00000000   -0.00000000  0.07751564
  0.00000000 -0.07751564   -0.00000000  0.07751564   -0.08357617 -0.00000000
    2    2
  0.25419055  0.00000000   -0.00792222  0.00000000    0.00000000  0.00806824
 -0.00792222  0.00000000    0.25419055  0.00000000    0.00000000 -0.00806824
  0.00000000 -0.00806824    0.00000000  0.00806824    0.29847151  0.00000000

     Dynamical  Matrix in cartesian axes

     q = (    0.666666667   0.666666667   0.000000000 ) 

    1    1
  0.25419055  0.00000000    0.00792222  0.00000000    0.00000000  0.00806824
  0.00792222  0.00000000    0.25419055  0.00000000    0.00000000  0.00806824
  0.00000000 -0.00806824    0.00000000 -0.00806824    0.29847151  0.00000000
    1    2
  0.03040290  0.05265937   -0.07013451 -0.12147653   -0.06713052  0.03875782
 -0.07013451 -0.12147653    0.03040290  0.05265937   -0.06713052  0.03875782
 -0.06713052  0.03875782   -0.06713052  0.03875782    0.04178808  0.07237908
    2    1
  0.03040290 -0.05265937   -0.07013451  0.12147653   -0.06713052 -0.03875782
 -0.07013451  0.12147653    0.03040290 -0.05265937   -0.06713052 -0.03875782
 -0.06713052 -0.03875782   -0.06713052 -0.03875782    0.04178808 -0.07237908
    2    2
  0.25419055  0.00000000    0.00792222  0.00000000    0.00000000 -0.00806824
  0.00792222  0.00000000    0.25419055  0.00000000    0.00000000 -0.00806824
  0.00000000  0.00806824    0.00000000  0.00806824    0.29847151  0.00000000

     Dynamical  Matrix in cartesian axes

     q = (   -0.666666667  -0.666666667   0.000000000 ) 

    1    1
  0.25419055  0.00000000    0.00792222  0.00000000    0.00000000 -0.00806824
  0.00792222  0.00000000    0.25419055  0.00000000    0.00000000 -0.00806824
  0.00000000  0.00806824    0.00000000  0.00806824    0.29847151  0.00000000
    1    2
  0.03040290 -0.05265937   -0.07013451  0.12147653   -0.06713052 -0.03875782
 -0.07013451  0.12147653    0.03040290 -0.05265937   -0.06713052 -0.03875782
 -0.06713052 -0.03875782   -0.06713052 -0.03875782    0.04178808 -0.07237908
    2    1
  0.03040290  0.05265937   -0.07013451 -0.12147653   -0.06713052  0.03875782
 -0.07013451 -0.12147653    0.03040290  0.05265937   -0.06713052  0.03875782
 -0.06713052  0.03875782   -0.06713052  0.03875782    0.04178808  0.07237908
    2    2
  0.25419055  0.00000000    0.00792222  0.00000000    0.00000000  0.00806824
  0.00792222  0.00000000    0.25419055  0.00000000    0.00000000  0.00806824
  0.00000000 -0.00806824    0.00000000 -0.00806824    0.29847151  0.00000000

     Dynamical  Matrix in cartesian axes

     q = (    0.000000000  -0.666666667   0.666666667 ) 

    1    1
  0.29847151  0.00000000    0.00000000 -0.00806824    0.00000000  0.00806824
  0.00000000  0.00806824    0.25419055  0.00000000   -0.00792222  0.00000000
  0.00000000 -0.00806824   -0.00792222  0.00000000    0.25419055  0.00000000
    1    2
 -0.08357617  0.00000000    0.00000000 -0.07751564   -0.00000000  0.07751564
  0.00000000 -0.07751564   -0.06080580  0.00000000   -0.14026902  0.00000000
  0.00000000  0.07751564   -0.14026902  0.00000000   -0.06080580  0.00000000
    2    1
 -0.08357617  0.00000000   -0.00000000  0.07751564    0.00000000 -0.07751564
 -0.00000000  0.07751564   -0.06080580  0.00000000   -0.14026902  0.00000000
  0.00000000 -0.07751564   -0.14026902  0.00000000   -0.06080580  0.00000000
    2    2
  0.29847151  0.00000000    0.00000000  0.00806824    0.00000000 -0.00806824
  0.00000000 -0.00806824    0.25419055  0.00000000   -0.00792222  0.00000000
  0.00000000  0.00806824   -0.00792222  0.00000000    0.25419055  0.00000000

     Diagonalizing the dynamical matrix

     q = (    0.666666667  -0.000000000   0.666666667 ) 

 **************************************************************************
     freq (    1) =       4.371224 [THz] =     145.808348 [cm-1]
 (  0.250000  0.433013 -0.000000  0.000000 -0.250000 -0.433013 ) 
 ( -0.500000 -0.000000  0.000000 -0.000000  0.500000  0.000000 ) 
     freq (    2) =       6.477659 [THz] =     216.071437 [cm-1]
 ( -0.190558 -0.330056 -0.396391  0.228857 -0.190558 -0.330056 ) 
 ( -0.381116 -0.000000  0.000000 -0.457713 -0.381116  0.000000 ) 
     freq (    3) =      10.054326 [THz] =     335.376226 [cm-1]
 ( -0.190796 -0.330469  0.395703 -0.228459 -0.190796 -0.330469 ) 
 (  0.381593 -0.000000  0.000000 -0.456918  0.381593  0.000000 ) 
     freq (    4) =      11.230317 [THz] =     374.603057 [cm-1]
 (  0.161826  0.280291 -0.466770  0.269490  0.161826  0.280291 ) 
 (  0.323652 -0.000000 -0.000000 -0.538979  0.323652  0.000000 ) 
     freq (    5) =      13.752620 [THz] =     458.738017 [cm-1]
 (  0.250000  0.433013  0.000000 -0.000000 -0.250000 -0.433013 ) 
 (  0.500000 -0.000000  0.000000 -0.000000 -0.500000  0.000000 ) 
     freq (    6) =      14.312762 [THz] =     477.422345 [cm-1]
 ( -0.161545 -0.279804 -0.467353  0.269827 -0.161545 -0.279804 ) 
 (  0.323090 -0.000000  0.000000  0.539653  0.323090  0.000000 ) 
 **************************************************************************
