Dynamical matrix file
                                                                           
  1    2  2 10.3520000  0.0000000  0.0000000  0.0000000  0.0000000  0.0000000
           1  'Si  '    25598.8229845270     
    1    1      0.0000000000      0.0000000000      0.0000000000
    2    1      0.2500000000      0.2500000000      0.2500000000

     Dynamical  Matrix in cartesian axes

     q = (    0.833333333  -0.166666667   0.833333333 ) 

    1    1
  0.23651626  0.00000000   -0.00265769  0.00726824    0.00287884  0.00000000
 -0.00265769 -0.00726824    0.31081374  0.00000000   -0.00265769 -0.00726824
  0.00287884  0.00000000   -0.00265769  0.00726824    0.23651626  0.00000000
    1    2
 -0.02859436  0.05078155   -0.01895499  0.03445770   -0.11122499 -0.11768606
 -0.01895499  0.03445770   -0.02238060  0.06463342   -0.01895499  0.03445770
 -0.11122499 -0.11768606   -0.01895499  0.03445770   -0.02859436  0.05078155
    2    1
 -0.02859436 -0.05078155   -0.01895499 -0.03445770   -0.11122499  0.11768606
 -0.01895499 -0.03445770   -0.02238060 -0.06463342   -0.01895499 -0.03445770
 -0.11122499  0.11768606   -0.01895499 -0.03445770   -0.02859436 -0.05078155
    2    2
  0.23651626  0.00000000   -0.00265769 -0.00726824    0.00287884  0.00000000
 -0.00265769  0.00726824    0.31081374  0.00000000   -0.00265769  0.00726824
  0.00287884  0.00000000   -0.00265769 -0.00726824    0.23651626  0.00000000

     Dynamical  Matrix in cartesian axes

     q = (   -0.833333333  -0.166666667   0.833333333 ) 

    1    1
  0.23651626  0.00000000    0.00265769  0.00726824   -0.00287884  0.00000000
  0.00265769 -0.00726824    0.31081374  0.00000000   -0.00265769  0.00726824
 -0.00287884  0.00000000   -0.00265769 -0.00726824    0.23651626  0.00000000
    1    2
 -0.02968093  0.05015422    0.02036374 -0.03364435   -0.15753161 -0.03748063
  0.02036374 -0.03364435   -0.04478389  0.05169888   -0.02036374  0.03364435
 -0.15753161 -0.03748063   -0.02036374  0.03364435   -0.02968093  0.05015422
    2    1
 -0.02968093 -0.05015422    0.02036374  0.03364435   -0.15753161  0.03748063
  0.02036374  0.03364435   -0.04478389 -0.05169888   -0.02036374 -0.03364435
 -0.15753161  0.03748063   -0.02036374 -0.03364435   -0.02968093 -0.05015422
    2    2
  0.23651626  0.00000000    0.00265769 -0.00726824   -0.00287884  0.00000000
  0.00265769  0.00726824    0.31081374  0.00000000   -0.00265769 -0.00726824
 -0.00287884  0.00000000   -0.00265769  0.00726824    0.23651626  0.00000000

     Dynamical  Matrix in cartesian axes

     q = (    0.833333333  -0.166666667  -0.833333333 ) 

    1    1
  0.23651626  0.00000000   -0.00265769 -0.00726824   -0.00287884  0.00000000
 -0.00265769  0.00726824    0.31081374  0.00000000    0.00265769 -0.00726824
 -0.00287884  0.00000000    0.00265769  0.00726824    0.23651626  0.00000000
    1    2
 -0.02968093  0.05015422   -0.02036374  0.03364435   -0.15753161 -0.03748063
 -0.02036374  0.03364435   -0.04478389  0.05169888    0.02036374 -0.03364435
 -0.15753161 -0.03748063    0.02036374 -0.03364435   -0.02968093  0.05015422
    2    1
 -0.02968093 -0.05015422   -0.02036374 -0.03364435   -0.15753161  0.03748063
 -0.02036374 -0.03364435   -0.04478389 -0.05169888    0.02036374  0.03364435
 -0.15753161  0.03748063    0.02036374  0.03364435   -0.02968093 -0.05015422
    2    2
  0.23651626  0.00000000   -0.00265769  0.00726824   -0.00287884  0.00000000
 -0.00265769 -0.00726824    0.31081374  0.00000000    0.00265769  0.00726824
 -0.00287884  0.00000000    0.00265769 -0.00726824    0.23651626  0.00000000

     Dynamical  Matrix in cartesian axes

     q = (   -0.833333333  -0.166666667  -0.833333333 ) 

    1    1
  0.23651626  0.00000000    0.00265769 -0.00726824    0.00287884  0.00000000
  0.00265769  0.00726824    0.31081374  0.00000000    0.00265769  0.00726824
  0.00287884  0.00000000    0.00265769 -0.00726824    0.23651626  0.00000000
    1    2
  0.02968093  0.05015422   -0.02036374 -0.03364435   -0.15753161  0.03748063
 -0.02036374 -0.03364435    0.04478389  0.05169888   -0.02036374 -0.03364435
 -0.15753161  0.03748063   -0.02036374 -0.03364435    0.02968093  0.05015422
    2    1
  0.02968093 -0.05015422   -0.02036374  0.03364435   -0.15753161 -0.03748063
 -0.02036374  0.03364435    0.04478389 -0.05169888   -0.02036374  0.03364435
 -0.15753161 -0.03748063   -0.02036374  0.03364435    0.02968093 -0.05015422
    2    2
  0.23651626  0.00000000    0.00265769  0.00726824    0.00287884  0.00000000
  0.00265769 -0.00726824    0.31081374  0.00000000    0.00265769 -0.00726824
  0.00287884  0.00000000    0.00265769  0.00726824    0.23651626  0.00000000

     Dynamical  Matrix in cartesian axes

     q = (   -0.166666667   0.833333333  -0.833333333 ) 

    1    1
  0.31081374  0.00000000   -0.00265769  0.00726824    0.00265769 -0.00726824
 -0.00265769 -0.00726824    0.23651626  0.00000000   -0.00287884  0.00000000
  0.00265769  0.00726824   -0.00287884  0.00000000    0.23651626  0.00000000
    1    2
 -0.04478389  0.05169888   -0.02036374  0.03364435    0.02036374 -0.03364435
 -0.02036374  0.03364435   -0.02968093  0.05015422   -0.15753161 -0.03748063
  0.02036374 -0.03364435   -0.15753161 -0.03748063   -0.02968093  0.05015422
    2    1
 -0.04478389 -0.05169888   -0.02036374 -0.03364435    0.02036374  0.03364435
 -0.02036374 -0.03364435   -0.02968093 -0.05015422   -0.15753161  0.03748063
  0.02036374  0.03364435   -0.15753161  0.03748063   -0.02968093 -0.05015422
    2    2
  0.31081374  0.00000000   -0.00265769 -0.00726824    0.00265769  0.00726824
 -0.00265769  0.00726824    0.23651626  0.00000000   -0.00287884  0.00000000
  0.00265769 -0.00726824   -0.00287884  0.00000000    0.23651626  0.00000000

     Dynamical  Matrix in cartesian axes

     q = (   -0.833333333   0.833333333  -0.166666667 ) 

    1    1
  0.23651626  0.00000000   -0.00287884  0.00000000    0.00265769  0.00726824
 -0.00287884  0.00000000    0.23651626  0.00000000   -0.00265769 -0.00726824
  0.00265769 -0.00726824   -0.00265769  0.00726824    0.31081374  0.00000000
    1    2
 -0.02968093  0.05015422   -0.15753161 -0.03748063    0.02036374 -0.03364435
 -0.15753161 -0.03748063   -0.02968093  0.05015422   -0.02036374  0.03364435
  0.02036374 -0.03364435   -0.02036374  0.03364435   -0.04478389  0.05169888
    2    1
 -0.02968093 -0.05015422   -0.15753161  0.03748063    0.02036374  0.03364435
 -0.15753161  0.03748063   -0.02968093 -0.05015422   -0.02036374 -0.03364435
  0.02036374  0.03364435   -0.02036374 -0.03364435   -0.04478389 -0.05169888
    2    2
  0.23651626  0.00000000   -0.00287884  0.00000000    0.00265769 -0.00726824
 -0.00287884  0.00000000    0.23651626  0.00000000   -0.00265769  0.00726824
  0.00265769  0.00726824   -0.00265769 -0.00726824    0.31081374  0.00000000

     Dynamical  Matrix in cartesian axes

     q = (    0.833333333   0.166666667   0.833333333 ) 

    1    1
  0.23651626  0.00000000    0.00265769  0.00726824    0.00287884  0.00000000
  0.00265769 -0.00726824    0.31081374  0.00000000    0.00265769 -0.00726824
  0.00287884  0.00000000    0.00265769  0.00726824    0.23651626  0.00000000
    1    2
  0.02968093 -0.05015422   -0.02036374  0.03364435   -0.15753161 -0.03748063
 -0.02036374  0.03364435    0.04478389 -0.05169888   -0.02036374  0.03364435
 -0.15753161 -0.03748063   -0.02036374  0.03364435    0.02968093 -0.05015422
    2    1
  0.02968093  0.05015422   -0.02036374 -0.03364435   -0.15753161  0.03748063
 -0.02036374 -0.03364435    0.04478389  0.05169888   -0.02036374 -0.03364435
 -0.15753161  0.03748063   -0.02036374 -0.03364435    0.02968093  0.05015422
    2    2
  0.23651626  0.00000000    0.00265769 -0.00726824    0.00287884  0.00000000
  0.00265769  0.00726824    0.31081374  0.00000000    0.00265769  0.00726824
  0.00287884  0.00000000    0.00265769 -0.00726824    0.23651626  0.00000000

     Dynamical  Matrix in cartesian axes

     q = (   -0.833333333   0.166666667   0.833333333 ) 

    1    1
  0.23651626  0.00000000   -0.00265769  0.00726824   -0.00287884  0.00000000
 -0.00265769 -0.00726824    0.31081374  0.00000000    0.00265769  0.00726824
 -0.00287884  0.00000000    0.00265769 -0.00726824    0.23651626  0.00000000
    1    2
 -0.02968093 -0.05015422   -0.02036374 -0.03364435   -0.15753161  0.03748063
 -0.02036374 -0.03364435   -0.04478389 -0.05169888    0.02036374  0.03364435
 -0.15753161  0.03748063    0.02036374  0.03364435   -0.02968093 -0.05015422
    2    1
 -0.02968093  0.05015422   -0.02036374  0.03364435   -0.15753161 -0.03748063
 -0.02036374  0.03364435   -0.04478389  0.05169888    0.02036374 -0.03364435
 -0.15753161 -0.03748063    0.02036374 -0.03364435   -0.02968093  0.05015422
    2    2
  0.23651626  0.00000000   -0.00265769 -0.00726824   -0.00287884  0.00000000
 -0.00265769  0.00726824    0.31081374  0.00000000    0.00265769 -0.00726824
 -0.00287884  0.00000000    0.00265769  0.00726824    0.23651626  0.00000000

     Dynamical  Matrix in cartesian axes

     q = (    0.833333333   0.166666667  -0.833333333 ) 

    1    1
  0.23651626  0.00000000    0.00265769 -0.00726824   -0.00287884  0.00000000
  0.00265769  0.00726824    0.31081374  0.00000000   -0.00265769 -0.00726824
 -0.00287884  0.00000000   -0.00265769  0.00726824    0.23651626  0.00000000
    1    2
 -0.02968093 -0.05015422    0.02036374  0.03364435   -0.15753161  0.03748063
  0.02036374  0.03364435   -0.04478389 -0.05169888   -0.02036374 -0.03364435
 -0.15753161  0.03748063   -0.02036374 -0.03364435   -0.02968093 -0.05015422
    2    1
 -0.02968093  0.05015422    0.02036374 -0.03364435   -0.15753161 -0.03748063
  0.02036374 -0.03364435   -0.04478389  0.05169888   -0.02036374  0.03364435
 -0.15753161 -0.03748063   -0.02036374  0.03364435   -0.02968093  0.05015422
    2    2
  0.23651626  0.00000000    0.00265769  0.00726824   -0.00287884  0.00000000
  0.00265769 -0.00726824    0.31081374  0.00000000   -0.00265769  0.00726824
 -0.00287884  0.00000000   -0.00265769 -0.00726824    0.23651626  0.00000000

     Dynamical  Matrix in cartesian axes

     q = (   -0.166666667   0.833333333   0.833333333 ) 

    1    1
  0.31081374  0.00000000   -0.00265769 -0.00726824   -0.00265769 -0.00726824
 -0.00265769  0.00726824    0.23651626  0.00000000    0.00287884  0.00000000
 -0.00265769  0.00726824    0.00287884  0.00000000    0.23651626  0.00000000
    1    2
 -0.02238060  0.06463342   -0.01895499  0.03445770   -0.01895499  0.03445770
 -0.01895499  0.03445770   -0.02859436  0.05078155   -0.11122499 -0.11768606
 -0.01895499  0.03445770   -0.11122499 -0.11768606   -0.02859436  0.05078155
    2    1
 -0.02238060 -0.06463342   -0.01895499 -0.03445770   -0.01895499 -0.03445770
 -0.01895499 -0.03445770   -0.02859436 -0.05078155   -0.11122499  0.11768606
 -0.01895499 -0.03445770   -0.11122499  0.11768606   -0.02859436 -0.05078155
    2    2
  0.31081374  0.00000000   -0.00265769  0.00726824   -0.00265769  0.00726824
 -0.00265769 -0.00726824    0.23651626  0.00000000    0.00287884  0.00000000
 -0.00265769 -0.00726824    0.00287884  0.00000000    0.23651626  0.00000000

     Dynamical  Matrix in cartesian axes

     q = (    0.166666667   0.833333333  -0.833333333 ) 

    1    1
  0.31081374  0.00000000    0.00265769  0.00726824   -0.00265769 -0.00726824
  0.00265769 -0.00726824    0.23651626  0.00000000   -0.00287884  0.00000000
 -0.00265769  0.00726824   -0.00287884  0.00000000    0.23651626  0.00000000
    1    2
 -0.04478389 -0.05169888    0.02036374  0.03364435   -0.02036374 -0.03364435
  0.02036374  0.03364435   -0.02968093 -0.05015422   -0.15753161  0.03748063
 -0.02036374 -0.03364435   -0.15753161  0.03748063   -0.02968093 -0.05015422
    2    1
 -0.04478389  0.05169888    0.02036374 -0.03364435   -0.02036374  0.03364435
  0.02036374 -0.03364435   -0.02968093  0.05015422   -0.15753161 -0.03748063
 -0.02036374  0.03364435   -0.15753161 -0.03748063   -0.02968093  0.05015422
    2    2
  0.31081374  0.00000000    0.00265769 -0.00726824   -0.00265769  0.00726824
  0.00265769  0.00726824    0.23651626  0.00000000   -0.00287884  0.00000000
 -0.00265769 -0.00726824   -0.00287884  0.00000000    0.23651626  0.00000000

     Dynamical  Matrix in cartesian axes

     q = (   -0.166666667  -0.833333333  -0.833333333 ) 

    1    1
  0.31081374  0.00000000    0.00265769  0.00726824    0.00265769  0.00726824
  0.00265769 -0.00726824    0.23651626  0.00000000    0.00287884  0.00000000
  0.00265769 -0.00726824    0.00287884  0.00000000    0.23651626  0.00000000
    1    2
  0.04478389  0.05169888   -0.02036374 -0.03364435   -0.02036374 -0.03364435
 -0.02036374 -0.03364435    0.02968093  0.05015422   -0.15753161  0.03748063
 -0.02036374 -0.03364435   -0.15753161  0.03748063    0.02968093  0.05015422
    2    1
  0.04478389 -0.05169888   -0.02036374  0.03364435   -0.02036374  0.03364435
 -0.02036374  0.03364435    0.02968093 -0.05015422   -0.15753161 -0.03748063
 -0.02036374  0.03364435   -0.15753161 -0.03748063    0.02968093 -0.05015422
    2    2
  0.31081374  0.00000000    0.00265769 -0.00726824    0.00265769 -0.00726824
  0.00265769  0.00726824    0.23651626  0.00000000    0.00287884  0.00000000
  0.00265769  0.00726824    0.00287884  0.00000000    0.23651626  0.00000000

     Dynamical  Matrix in cartesian axes

     q = (    0.833333333  -0.833333333   0.166666667 ) 

    1    1
  0.23651626  0.00000000   -0.00287884  0.00000000    0.00265769 -0.00726824
 -0.00287884  0.00000000    0.23651626  0.00000000   -0.00265769  0.00726824
  0.00265769  0.00726824   -0.00265769 -0.00726824    0.31081374  0.00000000
    1    2
 -0.02968093 -0.05015422   -0.15753161  0.03748063    0.02036374  0.03364435
 -0.15753161  0.03748063   -0.02968093 -0.05015422   -0.02036374 -0.03364435
  0.02036374  0.03364435   -0.02036374 -0.03364435   -0.04478389 -0.05169888
    2    1
 -0.02968093  0.05015422   -0.15753161 -0.03748063    0.02036374 -0.03364435
 -0.15753161 -0.03748063   -0.02968093  0.05015422   -0.02036374  0.03364435
  0.02036374 -0.03364435   -0.02036374  0.03364435   -0.04478389  0.05169888
    2    2
  0.23651626  0.00000000   -0.00287884  0.00000000    0.00265769  0.00726824
 -0.00287884  0.00000000    0.23651626  0.00000000   -0.00265769 -0.00726824
  0.00265769 -0.00726824   -0.00265769  0.00726824    0.31081374  0.00000000

     Dynamical  Matrix in cartesian axes

     q = (    0.833333333   0.833333333  -0.166666667 ) 

    1    1
  0.23651626  0.00000000    0.00287884  0.00000000   -0.00265769  0.00726824
  0.00287884  0.00000000    0.23651626  0.00000000   -0.00265769  0.00726824
 -0.00265769 -0.00726824   -0.00265769 -0.00726824    0.31081374  0.00000000
    1    2
 -0.02859436  0.05078155   -0.11122499 -0.11768606   -0.01895499  0.03445770
 -0.11122499 -0.11768606   -0.02859436  0.05078155   -0.01895499  0.03445770
 -0.01895499  0.03445770   -0.01895499  0.03445770   -0.02238060  0.06463342
    2    1
 -0.02859436 -0.05078155   -0.11122499  0.11768606   -0.01895499 -0.03445770
 -0.11122499  0.11768606   -0.02859436 -0.05078155   -0.01895499 -0.03445770
 -0.01895499 -0.03445770   -0.01895499 -0.03445770   -0.02238060 -0.06463342
    2    2
  0.23651626  0.00000000    0.00287884  0.00000000   -0.00265769 -0.00726824
  0.00287884  0.00000000    0.23651626  0.00000000   -0.00265769 -0.00726824
 -0.00265769  0.00726824   -0.00265769  0.00726824    0.31081374  0.00000000

     Dynamical  Matrix in cartesian axes

     q = (   -0.833333333  -0.833333333  -0.166666667 ) 

    1    1
  0.23651626  0.00000000    0.00287884  0.00000000    0.00265769 -0.00726824
  0.00287884  0.00000000    0.23651626  0.00000000    0.00265769 -0.00726824
  0.00265769  0.00726824    0.00265769  0.00726824    0.31081374  0.00000000
    1    2
  0.02968093  0.05015422   -0.15753161  0.03748063   -0.02036374 -0.03364435
 -0.15753161  0.03748063    0.02968093  0.05015422   -0.02036374 -0.03364435
 -0.02036374 -0.03364435   -0.02036374 -0.03364435    0.04478389  0.05169888
    2    1
  0.02968093 -0.05015422   -0.15753161 -0.03748063   -0.02036374  0.03364435
 -0.15753161 -0.03748063    0.02968093 -0.05015422   -0.02036374  0.03364435
 -0.02036374  0.03364435   -0.02036374  0.03364435    0.04478389 -0.05169888
    2    2
  0.23651626  0.00000000    0.00287884  0.00000000    0.00265769  0.00726824
  0.00287884  0.00000000    0.23651626  0.00000000    0.00265769  0.00726824
  0.00265769 -0.00726824    0.00265769 -0.00726824    0.31081374  0.00000000

     Dynamical  Matrix in cartesian axes

     q = (   -0.833333333   0.833333333   0.166666667 ) 

    1    1
  0.23651626  0.00000000   -0.00287884  0.00000000   -0.00265769  0.00726824
 -0.00287884  0.00000000    0.23651626  0.00000000    0.00265769 -0.00726824
 -0.00265769 -0.00726824    0.00265769  0.00726824    0.31081374  0.00000000
    1    2
 -0.02968093 -0.05015422   -0.15753161  0.03748063   -0.02036374 -0.03364435
 -0.15753161  0.03748063   -0.02968093 -0.05015422    0.02036374  0.03364435
 -0.02036374 -0.03364435    0.02036374  0.03364435   -0.04478389 -0.05169888
    2    1
 -0.02968093  0.05015422   -0.15753161 -0.03748063   -0.02036374  0.03364435
 -0.15753161 -0.03748063   -0.02968093  0.05015422    0.02036374 -0.03364435
 -0.02036374  0.03364435    0.02036374 -0.03364435   -0.04478389  0.05169888
    2    2
  0.23651626  0.00000000   -0.00287884  0.00000000   -0.00265769 -0.00726824
 -0.00287884  0.00000000    0.23651626  0.00000000    0.00265769  0.00726824
 -0.00265769  0.00726824    0.00265769 -0.00726824    0.31081374  0.00000000

     Dynamical  Matrix in cartesian axes

     q = (    0.166666667  -0.833333333   0.833333333 ) 

    1    1
  0.31081374  0.00000000   -0.00265769 -0.00726824    0.00265769  0.00726824
 -0.00265769  0.00726824    0.23651626  0.00000000   -0.00287884  0.00000000
  0.00265769 -0.00726824   -0.00287884  0.00000000    0.23651626  0.00000000
    1    2
 -0.04478389 -0.05169888   -0.02036374 -0.03364435    0.02036374  0.03364435
 -0.02036374 -0.03364435   -0.02968093 -0.05015422   -0.15753161  0.03748063
  0.02036374  0.03364435   -0.15753161  0.03748063   -0.02968093 -0.05015422
    2    1
 -0.04478389  0.05169888   -0.02036374  0.03364435    0.02036374 -0.03364435
 -0.02036374  0.03364435   -0.02968093  0.05015422   -0.15753161 -0.03748063
  0.02036374 -0.03364435   -0.15753161 -0.03748063   -0.02968093  0.05015422
    2    2
  0.31081374  0.00000000   -0.00265769  0.00726824    0.00265769 -0.00726824
 -0.00265769 -0.00726824    0.23651626  0.00000000   -0.00287884  0.00000000
  0.00265769  0.00726824   -0.00287884  0.00000000    0.23651626  0.00000000

     Dynamical  Matrix in cartesian axes

     q = (    0.166666667   0.833333333   0.833333333 ) 

    1    1
  0.31081374  0.00000000    0.00265769 -0.00726824    0.00265769 -0.00726824
  0.00265769  0.00726824    0.23651626  0.00000000    0.00287884  0.00000000
  0.00265769  0.00726824    0.00287884  0.00000000    0.23651626  0.00000000
    1    2
  0.04478389 -0.05169888   -0.02036374  0.03364435   -0.02036374  0.03364435
 -0.02036374  0.03364435    0.02968093 -0.05015422   -0.15753161 -0.03748063
 -0.02036374  0.03364435   -0.15753161 -0.03748063    0.02968093 -0.05015422
    2    1
  0.04478389  0.05169888   -0.02036374 -0.03364435   -0.02036374 -0.03364435
 -0.02036374 -0.03364435    0.02968093  0.05015422   -0.15753161  0.03748063
 -0.02036374 -0.03364435   -0.15753161  0.03748063    0.02968093  0.05015422
    2    2
  0.31081374  0.00000000    0.00265769  0.00726824    0.00265769  0.00726824
  0.00265769 -0.00726824    0.23651626  0.00000000    0.00287884  0.00000000
  0.00265769 -0.00726824    0.00287884  0.00000000    0.23651626  0.00000000

     Dynamical  Matrix in cartesian axes

     q = (   -0.833333333   0.166666667  -0.833333333 ) 

    1    1
  0.23651626  0.00000000   -0.00265769 -0.00726824    0.00287884  0.00000000
 -0.00265769  0.00726824    0.31081374  0.00000000   -0.00265769  0.00726824
  0.00287884  0.00000000   -0.00265769 -0.00726824    0.23651626  0.00000000
    1    2
 -0.02859436 -0.05078155   -0.01895499 -0.03445770   -0.11122499  0.11768606
 -0.01895499 -0.03445770   -0.02238060 -0.06463342   -0.01895499 -0.03445770
 -0.11122499  0.11768606   -0.01895499 -0.03445770   -0.02859436 -0.05078155
    2    1
 -0.02859436  0.05078155   -0.01895499  0.03445770   -0.11122499 -0.11768606
 -0.01895499  0.03445770   -0.02238060  0.06463342   -0.01895499  0.03445770
 -0.11122499 -0.11768606   -0.01895499  0.03445770   -0.02859436  0.05078155
    2    2
  0.23651626  0.00000000   -0.00265769  0.00726824    0.00287884  0.00000000
 -0.00265769 -0.00726824    0.31081374  0.00000000   -0.00265769 -0.00726824
  0.00287884  0.00000000   -0.00265769  0.00726824    0.23651626  0.00000000

     Dynamical  Matrix in cartesian axes

     q = (   -0.166666667  -0.833333333   0.833333333 ) 

    1    1
  0.31081374  0.00000000    0.00265769 -0.00726824   -0.00265769  0.00726824
  0.00265769  0.00726824    0.23651626  0.00000000   -0.00287884  0.00000000
 -0.00265769 -0.00726824   -0.00287884  0.00000000    0.23651626  0.00000000
    1    2
 -0.04478389  0.05169888    0.02036374 -0.03364435   -0.02036374  0.03364435
  0.02036374 -0.03364435   -0.02968093  0.05015422   -0.15753161 -0.03748063
 -0.02036374  0.03364435   -0.15753161 -0.03748063   -0.02968093  0.05015422
    2    1
 -0.04478389 -0.05169888    0.02036374  0.03364435   -0.02036374 -0.03364435
  0.02036374  0.03364435   -0.02968093 -0.05015422   -0.15753161  0.03748063
 -0.02036374 -0.03364435   -0.15753161  0.03748063   -0.02968093 -0.05015422
    2    2
  0.31081374  0.00000000    0.00265769  0.00726824   -0.00265769 -0.00726824
  0.00265769 -0.00726824    0.23651626  0.00000000   -0.00287884  0.00000000
 -0.00265769  0.00726824   -0.00287884  0.00000000    0.23651626  0.00000000

     Dynamical  Matrix in cartesian axes

     q = (   -0.833333333  -0.833333333   0.166666667 ) 

    1    1
  0.23651626  0.00000000    0.00287884  0.00000000   -0.00265769 -0.00726824
  0.00287884  0.00000000    0.23651626  0.00000000   -0.00265769 -0.00726824
 -0.00265769  0.00726824   -0.00265769  0.00726824    0.31081374  0.00000000
    1    2
 -0.02859436 -0.05078155   -0.11122499  0.11768606   -0.01895499 -0.03445770
 -0.11122499  0.11768606   -0.02859436 -0.05078155   -0.01895499 -0.03445770
 -0.01895499 -0.03445770   -0.01895499 -0.03445770   -0.02238060 -0.06463342
    2    1
 -0.02859436  0.05078155   -0.11122499 -0.11768606   -0.01895499  0.03445770
 -0.11122499 -0.11768606   -0.02859436  0.05078155   -0.01895499  0.03445770
 -0.01895499  0.03445770   -0.01895499  0.03445770   -0.02238060  0.06463342
    2    2
  0.23651626  0.00000000    0.00287884  0.00000000   -0.00265769  0.00726824
  0.00287884  0.00000000    0.23651626  0.00000000   -0.00265769  0.00726824
 -0.00265769 -0.00726824   -0.00265769 -0.00726824    0.31081374  0.00000000

     Dynamical  Matrix in cartesian axes

     q = (    0.833333333   0.833333333   0.166666667 ) 

    1    1
  0.23651626  0.00000000    0.00287884  0.00000000    0.00265769  0.00726824
  0.00287884  0.00000000    0.23651626  0.00000000    0.00265769  0.00726824
  0.00265769 -0.00726824    0.00265769 -0.00726824    0.31081374  0.00000000
    1    2
  0.02968093 -0.05015422   -0.15753161 -0.03748063   -0.02036374  0.03364435
 -0.15753161 -0.03748063    0.02968093 -0.05015422   -0.02036374  0.03364435
 -0.02036374  0.03364435   -0.02036374  0.03364435    0.04478389 -0.05169888
    2    1
  0.02968093  0.05015422   -0.15753161  0.03748063   -0.02036374 -0.03364435
 -0.15753161  0.03748063    0.02968093  0.05015422   -0.02036374 -0.03364435
 -0.02036374 -0.03364435   -0.02036374 -0.03364435    0.04478389  0.05169888
    2    2
  0.23651626  0.00000000    0.00287884  0.00000000    0.00265769 -0.00726824
  0.00287884  0.00000000    0.23651626  0.00000000    0.00265769 -0.00726824
  0.00265769  0.00726824    0.00265769  0.00726824    0.31081374  0.00000000

     Dynamical  Matrix in cartesian axes

     q = (    0.166666667  -0.833333333  -0.833333333 ) 

    1    1
  0.31081374  0.00000000   -0.00265769  0.00726824   -0.00265769  0.00726824
 -0.00265769 -0.00726824    0.23651626  0.00000000    0.00287884  0.00000000
 -0.00265769 -0.00726824    0.00287884  0.00000000    0.23651626  0.00000000
    1    2
 -0.02238060 -0.06463342   -0.01895499 -0.03445770   -0.01895499 -0.03445770
 -0.01895499 -0.03445770   -0.02859436 -0.05078155   -0.11122499  0.11768606
 -0.01895499 -0.03445770   -0.11122499  0.11768606   -0.02859436 -0.05078155
    2    1
 -0.02238060  0.06463342   -0.01895499  0.03445770   -0.01895499  0.03445770
 -0.01895499  0.03445770   -0.02859436  0.05078155   -0.11122499 -0.11768606
 -0.01895499  0.03445770   -0.11122499 -0.11768606   -0.02859436  0.05078155
    2    2
  0.31081374  0.00000000   -0.00265769 -0.00726824   -0.00265769 -0.00726824
 -0.00265769  0.00726824    0.23651626  0.00000000    0.00287884  0.00000000
 -0.00265769  0.00726824    0.00287884  0.00000000    0.23651626  0.00000000

     Dynamical  Matrix in cartesian axes

     q = (    0.833333333  -0.833333333  -0.166666667 ) 

    1    1
  0.23651626  0.00000000   -0.00287884  0.00000000   -0.00265769 -0.00726824
 -0.00287884  0.00000000    0.23651626  0.00000000    0.00265769  0.00726824
 -0.00265769  0.00726824    0.00265769 -0.00726824    0.31081374  0.00000000
    1    2
 -0.02968093  0.05015422   -0.15753161 -0.03748063   -0.02036374  0.03364435
 -0.15753161 -0.03748063   -0.02968093  0.05015422    0.02036374 -0.03364435
 -0.02036374  0.03364435    0.02036374 -0.03364435   -0.04478389  0.05169888
    2    1
 -0.02968093 -0.05015422   -0.15753161  0.03748063   -0.02036374 -0.03364435
 -0.15753161  0.03748063   -0.02968093 -0.05015422    0.02036374  0.03364435
 -0.02036374 -0.03364435    0.02036374  0.03364435   -0.04478389 -0.05169888
    2    2
  0.23651626  0.00000000   -0.00287884  0.00000000   -0.00265769  0.00726824
 -0.00287884  0.00000000    0.23651626  0.00000000    0.00265769 -0.00726824
 -0.00265769 -0.00726824    0.00265769  0.00726824    0.31081374  0.00000000

     Diagonalizing the dynamical matrix

     q = (    0.833333333  -0.166666667   0.833333333 ) 

 **************************************************************************
     freq (    1) =       4.409882 [THz] =     147.097825 [cm-1]
 (  0.220183  0.448909  0.000000  0.000000 -0.220183 -0.448909 ) 
 ( -0.500000  0.000000 -0.000000  0.000000  0.500000  0.000000 ) 
     freq (    2) =       5.575286 [THz] =     185.971520 [cm-1]
 ( -0.446137 -0.191787 -0.124172  0.113759 -0.446137 -0.191787 ) 
 ( -0.485613  0.000000 -0.069150 -0.153552 -0.485613  0.000000 ) 
     freq (    3) =      10.002089 [THz] =     333.633779 [cm-1]
 ( -0.132060  0.127085 -0.494865 -0.433507 -0.132060  0.127085 ) 
 (  0.183277 -0.000000  0.055980 -0.655504  0.183277  0.000000 ) 
     freq (    4) =      12.131434 [THz] =     404.661096 [cm-1]
 ( -0.187062 -0.212750  0.576560  0.084072 -0.187062 -0.212750 ) 
 (  0.283293 -0.000000 -0.443848 -0.377477  0.283293  0.000000 ) 
     freq (    5) =      13.345955 [THz] =     445.173144 [cm-1]
 (  0.220183  0.448909 -0.000000  0.000000 -0.220183 -0.448909 ) 
 (  0.500000 -0.000000  0.000000  0.000000 -0.500000  0.000000 ) 
     freq (    6) =      13.673114 [THz] =     456.085984 [cm-1]
 (  0.359665  0.144830  0.342862 -0.285965  0.359665  0.144830 ) 
 ( -0.387730  0.000000 -0.211227 -0.393337 -0.387730  0.000000 ) 
 **************************************************************************
