Dynamical matrix file
                                                                           
  1    2  2 10.3280000  0.0000000  0.0000000  0.0000000  0.0000000  0.0000000
           1  'Si  '    25598.8229845270     
    1    1      0.0000000000      0.0000000000      0.0000000000
    2    1      0.2500000000      0.2500000000      0.2500000000

     Dynamical  Matrix in cartesian axes

     q = (    0.833333333  -0.166666667   0.833333333 ) 

    1    1
  0.24050996  0.00000000   -0.00270871  0.00734524    0.00296406  0.00000000
 -0.00270871 -0.00734524    0.31533762  0.00000000   -0.00270871 -0.00734524
  0.00296406  0.00000000   -0.00270871  0.00734524    0.24050996  0.00000000
    1    2
 -0.02904680  0.05159461   -0.01950696  0.03546060   -0.11430863 -0.12091975
 -0.01950696  0.03546060   -0.02277307  0.06543544   -0.01950696  0.03546060
 -0.11430863 -0.12091975   -0.01950696  0.03546060   -0.02904680  0.05159461
    2    1
 -0.02904680 -0.05159461   -0.01950696 -0.03546060   -0.11430863  0.12091975
 -0.01950696 -0.03546060   -0.02277307 -0.06543544   -0.01950696 -0.03546060
 -0.11430863  0.12091975   -0.01950696 -0.03546060   -0.02904680 -0.05159461
    2    2
  0.24050996  0.00000000   -0.00270871 -0.00734524    0.00296406  0.00000000
 -0.00270871  0.00734524    0.31533762  0.00000000   -0.00270871  0.00734524
  0.00296406  0.00000000   -0.00270871 -0.00734524    0.24050996  0.00000000

     Dynamical  Matrix in cartesian axes

     q = (   -0.833333333  -0.166666667   0.833333333 ) 

    1    1
  0.24050996  0.00000000    0.00270871  0.00734524   -0.00296406  0.00000000
  0.00270871 -0.00734524    0.31533762  0.00000000   -0.00270871  0.00734524
 -0.00296406  0.00000000   -0.00270871 -0.00734524    0.24050996  0.00000000
    1    2
 -0.03015885  0.05095258    0.02095630 -0.03462382   -0.16187389 -0.03853430
  0.02095630 -0.03462382   -0.04528222  0.05243978   -0.02095630  0.03462382
 -0.16187389 -0.03853430   -0.02095630  0.03462382   -0.03015885  0.05095258
    2    1
 -0.03015885 -0.05095258    0.02095630  0.03462382   -0.16187389  0.03853430
  0.02095630  0.03462382   -0.04528222 -0.05243978   -0.02095630 -0.03462382
 -0.16187389  0.03853430   -0.02095630 -0.03462382   -0.03015885 -0.05095258
    2    2
  0.24050996  0.00000000    0.00270871 -0.00734524   -0.00296406  0.00000000
  0.00270871  0.00734524    0.31533762  0.00000000   -0.00270871 -0.00734524
 -0.00296406  0.00000000   -0.00270871  0.00734524    0.24050996  0.00000000

     Dynamical  Matrix in cartesian axes

     q = (    0.833333333  -0.166666667  -0.833333333 ) 

    1    1
  0.24050996  0.00000000   -0.00270871 -0.00734524   -0.00296406  0.00000000
 -0.00270871  0.00734524    0.31533762  0.00000000    0.00270871 -0.00734524
 -0.00296406  0.00000000    0.00270871  0.00734524    0.24050996  0.00000000
    1    2
 -0.03015885  0.05095258   -0.02095630  0.03462382   -0.16187389 -0.03853430
 -0.02095630  0.03462382   -0.04528222  0.05243978    0.02095630 -0.03462382
 -0.16187389 -0.03853430    0.02095630 -0.03462382   -0.03015885  0.05095258
    2    1
 -0.03015885 -0.05095258   -0.02095630 -0.03462382   -0.16187389  0.03853430
 -0.02095630 -0.03462382   -0.04528222 -0.05243978    0.02095630  0.03462382
 -0.16187389  0.03853430    0.02095630  0.03462382   -0.03015885 -0.05095258
    2    2
  0.24050996  0.00000000   -0.00270871  0.00734524   -0.00296406  0.00000000
 -0.00270871 -0.00734524    0.31533762  0.00000000    0.00270871  0.00734524
 -0.00296406  0.00000000    0.00270871 -0.00734524    0.24050996  0.00000000

     Dynamical  Matrix in cartesian axes

     q = (   -0.833333333  -0.166666667  -0.833333333 ) 

    1    1
  0.24050996  0.00000000    0.00270871 -0.00734524    0.00296406  0.00000000
  0.00270871  0.00734524    0.31533762  0.00000000    0.00270871  0.00734524
  0.00296406  0.00000000    0.00270871 -0.00734524    0.24050996  0.00000000
    1    2
  0.03015885  0.05095258   -0.02095630 -0.03462382   -0.16187389  0.03853430
 -0.02095630 -0.03462382    0.04528222  0.05243978   -0.02095630 -0.03462382
 -0.16187389  0.03853430   -0.02095630 -0.03462382    0.03015885  0.05095258
    2    1
  0.03015885 -0.05095258   -0.02095630  0.03462382   -0.16187389 -0.03853430
 -0.02095630  0.03462382    0.04528222 -0.05243978   -0.02095630  0.03462382
 -0.16187389 -0.03853430   -0.02095630  0.03462382    0.03015885 -0.05095258
    2    2
  0.24050996  0.00000000    0.00270871  0.00734524    0.00296406  0.00000000
  0.00270871 -0.00734524    0.31533762  0.00000000    0.00270871 -0.00734524
  0.00296406  0.00000000    0.00270871  0.00734524    0.24050996  0.00000000

     Dynamical  Matrix in cartesian axes

     q = (   -0.166666667   0.833333333  -0.833333333 ) 

    1    1
  0.31533762  0.00000000   -0.00270871  0.00734524    0.00270871 -0.00734524
 -0.00270871 -0.00734524    0.24050996  0.00000000   -0.00296406  0.00000000
  0.00270871  0.00734524   -0.00296406  0.00000000    0.24050996  0.00000000
    1    2
 -0.04528222  0.05243978   -0.02095630  0.03462382    0.02095630 -0.03462382
 -0.02095630  0.03462382   -0.03015885  0.05095258   -0.16187389 -0.03853430
  0.02095630 -0.03462382   -0.16187389 -0.03853430   -0.03015885  0.05095258
    2    1
 -0.04528222 -0.05243978   -0.02095630 -0.03462382    0.02095630  0.03462382
 -0.02095630 -0.03462382   -0.03015885 -0.05095258   -0.16187389  0.03853430
  0.02095630  0.03462382   -0.16187389  0.03853430   -0.03015885 -0.05095258
    2    2
  0.31533762  0.00000000   -0.00270871 -0.00734524    0.00270871  0.00734524
 -0.00270871  0.00734524    0.24050996  0.00000000   -0.00296406  0.00000000
  0.00270871 -0.00734524   -0.00296406  0.00000000    0.24050996  0.00000000

     Dynamical  Matrix in cartesian axes

     q = (   -0.833333333   0.833333333  -0.166666667 ) 

    1    1
  0.24050996  0.00000000   -0.00296406  0.00000000    0.00270871  0.00734524
 -0.00296406  0.00000000    0.24050996  0.00000000   -0.00270871 -0.00734524
  0.00270871 -0.00734524   -0.00270871  0.00734524    0.31533762  0.00000000
    1    2
 -0.03015885  0.05095258   -0.16187389 -0.03853430    0.02095630 -0.03462382
 -0.16187389 -0.03853430   -0.03015885  0.05095258   -0.02095630  0.03462382
  0.02095630 -0.03462382   -0.02095630  0.03462382   -0.04528222  0.05243978
    2    1
 -0.03015885 -0.05095258   -0.16187389  0.03853430    0.02095630  0.03462382
 -0.16187389  0.03853430   -0.03015885 -0.05095258   -0.02095630 -0.03462382
  0.02095630  0.03462382   -0.02095630 -0.03462382   -0.04528222 -0.05243978
    2    2
  0.24050996  0.00000000   -0.00296406  0.00000000    0.00270871 -0.00734524
 -0.00296406  0.00000000    0.24050996  0.00000000   -0.00270871  0.00734524
  0.00270871  0.00734524   -0.00270871 -0.00734524    0.31533762  0.00000000

     Dynamical  Matrix in cartesian axes

     q = (    0.833333333   0.166666667   0.833333333 ) 

    1    1
  0.24050996  0.00000000    0.00270871  0.00734524    0.00296406  0.00000000
  0.00270871 -0.00734524    0.31533762  0.00000000    0.00270871 -0.00734524
  0.00296406  0.00000000    0.00270871  0.00734524    0.24050996  0.00000000
    1    2
  0.03015885 -0.05095258   -0.02095630  0.03462382   -0.16187389 -0.03853430
 -0.02095630  0.03462382    0.04528222 -0.05243978   -0.02095630  0.03462382
 -0.16187389 -0.03853430   -0.02095630  0.03462382    0.03015885 -0.05095258
    2    1
  0.03015885  0.05095258   -0.02095630 -0.03462382   -0.16187389  0.03853430
 -0.02095630 -0.03462382    0.04528222  0.05243978   -0.02095630 -0.03462382
 -0.16187389  0.03853430   -0.02095630 -0.03462382    0.03015885  0.05095258
    2    2
  0.24050996  0.00000000    0.00270871 -0.00734524    0.00296406  0.00000000
  0.00270871  0.00734524    0.31533762  0.00000000    0.00270871  0.00734524
  0.00296406  0.00000000    0.00270871 -0.00734524    0.24050996  0.00000000

     Dynamical  Matrix in cartesian axes

     q = (   -0.833333333   0.166666667   0.833333333 ) 

    1    1
  0.24050996  0.00000000   -0.00270871  0.00734524   -0.00296406  0.00000000
 -0.00270871 -0.00734524    0.31533762  0.00000000    0.00270871  0.00734524
 -0.00296406  0.00000000    0.00270871 -0.00734524    0.24050996  0.00000000
    1    2
 -0.03015885 -0.05095258   -0.02095630 -0.03462382   -0.16187389  0.03853430
 -0.02095630 -0.03462382   -0.04528222 -0.05243978    0.02095630  0.03462382
 -0.16187389  0.03853430    0.02095630  0.03462382   -0.03015885 -0.05095258
    2    1
 -0.03015885  0.05095258   -0.02095630  0.03462382   -0.16187389 -0.03853430
 -0.02095630  0.03462382   -0.04528222  0.05243978    0.02095630 -0.03462382
 -0.16187389 -0.03853430    0.02095630 -0.03462382   -0.03015885  0.05095258
    2    2
  0.24050996  0.00000000   -0.00270871 -0.00734524   -0.00296406  0.00000000
 -0.00270871  0.00734524    0.31533762  0.00000000    0.00270871 -0.00734524
 -0.00296406  0.00000000    0.00270871  0.00734524    0.24050996  0.00000000

     Dynamical  Matrix in cartesian axes

     q = (    0.833333333   0.166666667  -0.833333333 ) 

    1    1
  0.24050996  0.00000000    0.00270871 -0.00734524   -0.00296406  0.00000000
  0.00270871  0.00734524    0.31533762  0.00000000   -0.00270871 -0.00734524
 -0.00296406  0.00000000   -0.00270871  0.00734524    0.24050996  0.00000000
    1    2
 -0.03015885 -0.05095258    0.02095630  0.03462382   -0.16187389  0.03853430
  0.02095630  0.03462382   -0.04528222 -0.05243978   -0.02095630 -0.03462382
 -0.16187389  0.03853430   -0.02095630 -0.03462382   -0.03015885 -0.05095258
    2    1
 -0.03015885  0.05095258    0.02095630 -0.03462382   -0.16187389 -0.03853430
  0.02095630 -0.03462382   -0.04528222  0.05243978   -0.02095630  0.03462382
 -0.16187389 -0.03853430   -0.02095630  0.03462382   -0.03015885  0.05095258
    2    2
  0.24050996  0.00000000    0.00270871  0.00734524   -0.00296406  0.00000000
  0.00270871 -0.00734524    0.31533762  0.00000000   -0.00270871  0.00734524
 -0.00296406  0.00000000   -0.00270871 -0.00734524    0.24050996  0.00000000

     Dynamical  Matrix in cartesian axes

     q = (   -0.166666667   0.833333333   0.833333333 ) 

    1    1
  0.31533762  0.00000000   -0.00270871 -0.00734524   -0.00270871 -0.00734524
 -0.00270871  0.00734524    0.24050996  0.00000000    0.00296406  0.00000000
 -0.00270871  0.00734524    0.00296406  0.00000000    0.24050996  0.00000000
    1    2
 -0.02277307  0.06543544   -0.01950696  0.03546060   -0.01950696  0.03546060
 -0.01950696  0.03546060   -0.02904680  0.05159461   -0.11430863 -0.12091975
 -0.01950696  0.03546060   -0.11430863 -0.12091975   -0.02904680  0.05159461
    2    1
 -0.02277307 -0.06543544   -0.01950696 -0.03546060   -0.01950696 -0.03546060
 -0.01950696 -0.03546060   -0.02904680 -0.05159461   -0.11430863  0.12091975
 -0.01950696 -0.03546060   -0.11430863  0.12091975   -0.02904680 -0.05159461
    2    2
  0.31533762  0.00000000   -0.00270871  0.00734524   -0.00270871  0.00734524
 -0.00270871 -0.00734524    0.24050996  0.00000000    0.00296406  0.00000000
 -0.00270871 -0.00734524    0.00296406  0.00000000    0.24050996  0.00000000

     Dynamical  Matrix in cartesian axes

     q = (    0.166666667   0.833333333  -0.833333333 ) 

    1    1
  0.31533762  0.00000000    0.00270871  0.00734524   -0.00270871 -0.00734524
  0.00270871 -0.00734524    0.24050996  0.00000000   -0.00296406  0.00000000
 -0.00270871  0.00734524   -0.00296406  0.00000000    0.24050996  0.00000000
    1    2
 -0.04528222 -0.05243978    0.02095630  0.03462382   -0.02095630 -0.03462382
  0.02095630  0.03462382   -0.03015885 -0.05095258   -0.16187389  0.03853430
 -0.02095630 -0.03462382   -0.16187389  0.03853430   -0.03015885 -0.05095258
    2    1
 -0.04528222  0.05243978    0.02095630 -0.03462382   -0.02095630  0.03462382
  0.02095630 -0.03462382   -0.03015885  0.05095258   -0.16187389 -0.03853430
 -0.02095630  0.03462382   -0.16187389 -0.03853430   -0.03015885  0.05095258
    2    2
  0.31533762  0.00000000    0.00270871 -0.00734524   -0.00270871  0.00734524
  0.00270871  0.00734524    0.24050996  0.00000000   -0.00296406  0.00000000
 -0.00270871 -0.00734524   -0.00296406  0.00000000    0.24050996  0.00000000

     Dynamical  Matrix in cartesian axes

     q = (   -0.166666667  -0.833333333  -0.833333333 ) 

    1    1
  0.31533762  0.00000000    0.00270871  0.00734524    0.00270871  0.00734524
  0.00270871 -0.00734524    0.24050996  0.00000000    0.00296406  0.00000000
  0.00270871 -0.00734524    0.00296406  0.00000000    0.24050996  0.00000000
    1    2
  0.04528222  0.05243978   -0.02095630 -0.03462382   -0.02095630 -0.03462382
 -0.02095630 -0.03462382    0.03015885  0.05095258   -0.16187389  0.03853430
 -0.02095630 -0.03462382   -0.16187389  0.03853430    0.03015885  0.05095258
    2    1
  0.04528222 -0.05243978   -0.02095630  0.03462382   -0.02095630  0.03462382
 -0.02095630  0.03462382    0.03015885 -0.05095258   -0.16187389 -0.03853430
 -0.02095630  0.03462382   -0.16187389 -0.03853430    0.03015885 -0.05095258
    2    2
  0.31533762  0.00000000    0.00270871 -0.00734524    0.00270871 -0.00734524
  0.00270871  0.00734524    0.24050996  0.00000000    0.00296406  0.00000000
  0.00270871  0.00734524    0.00296406  0.00000000    0.24050996  0.00000000

     Dynamical  Matrix in cartesian axes

     q = (    0.833333333  -0.833333333   0.166666667 ) 

    1    1
  0.24050996  0.00000000   -0.00296406  0.00000000    0.00270871 -0.00734524
 -0.00296406  0.00000000    0.24050996  0.00000000   -0.00270871  0.00734524
  0.00270871  0.00734524   -0.00270871 -0.00734524    0.31533762  0.00000000
    1    2
 -0.03015885 -0.05095258   -0.16187389  0.03853430    0.02095630  0.03462382
 -0.16187389  0.03853430   -0.03015885 -0.05095258   -0.02095630 -0.03462382
  0.02095630  0.03462382   -0.02095630 -0.03462382   -0.04528222 -0.05243978
    2    1
 -0.03015885  0.05095258   -0.16187389 -0.03853430    0.02095630 -0.03462382
 -0.16187389 -0.03853430   -0.03015885  0.05095258   -0.02095630  0.03462382
  0.02095630 -0.03462382   -0.02095630  0.03462382   -0.04528222  0.05243978
    2    2
  0.24050996  0.00000000   -0.00296406  0.00000000    0.00270871  0.00734524
 -0.00296406  0.00000000    0.24050996  0.00000000   -0.00270871 -0.00734524
  0.00270871 -0.00734524   -0.00270871  0.00734524    0.31533762  0.00000000

     Dynamical  Matrix in cartesian axes

     q = (    0.833333333   0.833333333  -0.166666667 ) 

    1    1
  0.24050996  0.00000000    0.00296406  0.00000000   -0.00270871  0.00734524
  0.00296406  0.00000000    0.24050996  0.00000000   -0.00270871  0.00734524
 -0.00270871 -0.00734524   -0.00270871 -0.00734524    0.31533762  0.00000000
    1    2
 -0.02904680  0.05159461   -0.11430863 -0.12091975   -0.01950696  0.03546060
 -0.11430863 -0.12091975   -0.02904680  0.05159461   -0.01950696  0.03546060
 -0.01950696  0.03546060   -0.01950696  0.03546060   -0.02277307  0.06543544
    2    1
 -0.02904680 -0.05159461   -0.11430863  0.12091975   -0.01950696 -0.03546060
 -0.11430863  0.12091975   -0.02904680 -0.05159461   -0.01950696 -0.03546060
 -0.01950696 -0.03546060   -0.01950696 -0.03546060   -0.02277307 -0.06543544
    2    2
  0.24050996  0.00000000    0.00296406  0.00000000   -0.00270871 -0.00734524
  0.00296406  0.00000000    0.24050996  0.00000000   -0.00270871 -0.00734524
 -0.00270871  0.00734524   -0.00270871  0.00734524    0.31533762  0.00000000

     Dynamical  Matrix in cartesian axes

     q = (   -0.833333333  -0.833333333  -0.166666667 ) 

    1    1
  0.24050996  0.00000000    0.00296406  0.00000000    0.00270871 -0.00734524
  0.00296406  0.00000000    0.24050996  0.00000000    0.00270871 -0.00734524
  0.00270871  0.00734524    0.00270871  0.00734524    0.31533762  0.00000000
    1    2
  0.03015885  0.05095258   -0.16187389  0.03853430   -0.02095630 -0.03462382
 -0.16187389  0.03853430    0.03015885  0.05095258   -0.02095630 -0.03462382
 -0.02095630 -0.03462382   -0.02095630 -0.03462382    0.04528222  0.05243978
    2    1
  0.03015885 -0.05095258   -0.16187389 -0.03853430   -0.02095630  0.03462382
 -0.16187389 -0.03853430    0.03015885 -0.05095258   -0.02095630  0.03462382
 -0.02095630  0.03462382   -0.02095630  0.03462382    0.04528222 -0.05243978
    2    2
  0.24050996  0.00000000    0.00296406  0.00000000    0.00270871  0.00734524
  0.00296406  0.00000000    0.24050996  0.00000000    0.00270871  0.00734524
  0.00270871 -0.00734524    0.00270871 -0.00734524    0.31533762  0.00000000

     Dynamical  Matrix in cartesian axes

     q = (   -0.833333333   0.833333333   0.166666667 ) 

    1    1
  0.24050996  0.00000000   -0.00296406  0.00000000   -0.00270871  0.00734524
 -0.00296406  0.00000000    0.24050996  0.00000000    0.00270871 -0.00734524
 -0.00270871 -0.00734524    0.00270871  0.00734524    0.31533762  0.00000000
    1    2
 -0.03015885 -0.05095258   -0.16187389  0.03853430   -0.02095630 -0.03462382
 -0.16187389  0.03853430   -0.03015885 -0.05095258    0.02095630  0.03462382
 -0.02095630 -0.03462382    0.02095630  0.03462382   -0.04528222 -0.05243978
    2    1
 -0.03015885  0.05095258   -0.16187389 -0.03853430   -0.02095630  0.03462382
 -0.16187389 -0.03853430   -0.03015885  0.05095258    0.02095630 -0.03462382
 -0.02095630  0.03462382    0.02095630 -0.03462382   -0.04528222  0.05243978
    2    2
  0.24050996  0.00000000   -0.00296406  0.00000000   -0.00270871 -0.00734524
 -0.00296406  0.00000000    0.24050996  0.00000000    0.00270871  0.00734524
 -0.00270871  0.00734524    0.00270871 -0.00734524    0.31533762  0.00000000

     Dynamical  Matrix in cartesian axes

     q = (    0.166666667  -0.833333333   0.833333333 ) 

    1    1
  0.31533762  0.00000000   -0.00270871 -0.00734524    0.00270871  0.00734524
 -0.00270871  0.00734524    0.24050996  0.00000000   -0.00296406  0.00000000
  0.00270871 -0.00734524   -0.00296406  0.00000000    0.24050996  0.00000000
    1    2
 -0.04528222 -0.05243978   -0.02095630 -0.03462382    0.02095630  0.03462382
 -0.02095630 -0.03462382   -0.03015885 -0.05095258   -0.16187389  0.03853430
  0.02095630  0.03462382   -0.16187389  0.03853430   -0.03015885 -0.05095258
    2    1
 -0.04528222  0.05243978   -0.02095630  0.03462382    0.02095630 -0.03462382
 -0.02095630  0.03462382   -0.03015885  0.05095258   -0.16187389 -0.03853430
  0.02095630 -0.03462382   -0.16187389 -0.03853430   -0.03015885  0.05095258
    2    2
  0.31533762  0.00000000   -0.00270871  0.00734524    0.00270871 -0.00734524
 -0.00270871 -0.00734524    0.24050996  0.00000000   -0.00296406  0.00000000
  0.00270871  0.00734524   -0.00296406  0.00000000    0.24050996  0.00000000

     Dynamical  Matrix in cartesian axes

     q = (    0.166666667   0.833333333   0.833333333 ) 

    1    1
  0.31533762  0.00000000    0.00270871 -0.00734524    0.00270871 -0.00734524
  0.00270871  0.00734524    0.24050996  0.00000000    0.00296406  0.00000000
  0.00270871  0.00734524    0.00296406  0.00000000    0.24050996  0.00000000
    1    2
  0.04528222 -0.05243978   -0.02095630  0.03462382   -0.02095630  0.03462382
 -0.02095630  0.03462382    0.03015885 -0.05095258   -0.16187389 -0.03853430
 -0.02095630  0.03462382   -0.16187389 -0.03853430    0.03015885 -0.05095258
    2    1
  0.04528222  0.05243978   -0.02095630 -0.03462382   -0.02095630 -0.03462382
 -0.02095630 -0.03462382    0.03015885  0.05095258   -0.16187389  0.03853430
 -0.02095630 -0.03462382   -0.16187389  0.03853430    0.03015885  0.05095258
    2    2
  0.31533762  0.00000000    0.00270871  0.00734524    0.00270871  0.00734524
  0.00270871 -0.00734524    0.24050996  0.00000000    0.00296406  0.00000000
  0.00270871 -0.00734524    0.00296406  0.00000000    0.24050996  0.00000000

     Dynamical  Matrix in cartesian axes

     q = (   -0.833333333   0.166666667  -0.833333333 ) 

    1    1
  0.24050996  0.00000000   -0.00270871 -0.00734524    0.00296406  0.00000000
 -0.00270871  0.00734524    0.31533762  0.00000000   -0.00270871  0.00734524
  0.00296406  0.00000000   -0.00270871 -0.00734524    0.24050996  0.00000000
    1    2
 -0.02904680 -0.05159461   -0.01950696 -0.03546060   -0.11430863  0.12091975
 -0.01950696 -0.03546060   -0.02277307 -0.06543544   -0.01950696 -0.03546060
 -0.11430863  0.12091975   -0.01950696 -0.03546060   -0.02904680 -0.05159461
    2    1
 -0.02904680  0.05159461   -0.01950696  0.03546060   -0.11430863 -0.12091975
 -0.01950696  0.03546060   -0.02277307  0.06543544   -0.01950696  0.03546060
 -0.11430863 -0.12091975   -0.01950696  0.03546060   -0.02904680  0.05159461
    2    2
  0.24050996  0.00000000   -0.00270871  0.00734524    0.00296406  0.00000000
 -0.00270871 -0.00734524    0.31533762  0.00000000   -0.00270871 -0.00734524
  0.00296406  0.00000000   -0.00270871  0.00734524    0.24050996  0.00000000

     Dynamical  Matrix in cartesian axes

     q = (   -0.166666667  -0.833333333   0.833333333 ) 

    1    1
  0.31533762  0.00000000    0.00270871 -0.00734524   -0.00270871  0.00734524
  0.00270871  0.00734524    0.24050996  0.00000000   -0.00296406  0.00000000
 -0.00270871 -0.00734524   -0.00296406  0.00000000    0.24050996  0.00000000
    1    2
 -0.04528222  0.05243978    0.02095630 -0.03462382   -0.02095630  0.03462382
  0.02095630 -0.03462382   -0.03015885  0.05095258   -0.16187389 -0.03853430
 -0.02095630  0.03462382   -0.16187389 -0.03853430   -0.03015885  0.05095258
    2    1
 -0.04528222 -0.05243978    0.02095630  0.03462382   -0.02095630 -0.03462382
  0.02095630  0.03462382   -0.03015885 -0.05095258   -0.16187389  0.03853430
 -0.02095630 -0.03462382   -0.16187389  0.03853430   -0.03015885 -0.05095258
    2    2
  0.31533762  0.00000000    0.00270871  0.00734524   -0.00270871 -0.00734524
  0.00270871 -0.00734524    0.24050996  0.00000000   -0.00296406  0.00000000
 -0.00270871  0.00734524   -0.00296406  0.00000000    0.24050996  0.00000000

     Dynamical  Matrix in cartesian axes

     q = (   -0.833333333  -0.833333333   0.166666667 ) 

    1    1
  0.24050996  0.00000000    0.00296406  0.00000000   -0.00270871 -0.00734524
  0.00296406  0.00000000    0.24050996  0.00000000   -0.00270871 -0.00734524
 -0.00270871  0.00734524   -0.00270871  0.00734524    0.31533762  0.00000000
    1    2
 -0.02904680 -0.05159461   -0.11430863  0.12091975   -0.01950696 -0.03546060
 -0.11430863  0.12091975   -0.02904680 -0.05159461   -0.01950696 -0.03546060
 -0.01950696 -0.03546060   -0.01950696 -0.03546060   -0.02277307 -0.06543544
    2    1
 -0.02904680  0.05159461   -0.11430863 -0.12091975   -0.01950696  0.03546060
 -0.11430863 -0.12091975   -0.02904680  0.05159461   -0.01950696  0.03546060
 -0.01950696  0.03546060   -0.01950696  0.03546060   -0.02277307  0.06543544
    2    2
  0.24050996  0.00000000    0.00296406  0.00000000   -0.00270871  0.00734524
  0.00296406  0.00000000    0.24050996  0.00000000   -0.00270871  0.00734524
 -0.00270871 -0.00734524   -0.00270871 -0.00734524    0.31533762  0.00000000

     Dynamical  Matrix in cartesian axes

     q = (    0.833333333   0.833333333   0.166666667 ) 

    1    1
  0.24050996  0.00000000    0.00296406  0.00000000    0.00270871  0.00734524
  0.00296406  0.00000000    0.24050996  0.00000000    0.00270871  0.00734524
  0.00270871 -0.00734524    0.00270871 -0.00734524    0.31533762  0.00000000
    1    2
  0.03015885 -0.05095258   -0.16187389 -0.03853430   -0.02095630  0.03462382
 -0.16187389 -0.03853430    0.03015885 -0.05095258   -0.02095630  0.03462382
 -0.02095630  0.03462382   -0.02095630  0.03462382    0.04528222 -0.05243978
    2    1
  0.03015885  0.05095258   -0.16187389  0.03853430   -0.02095630 -0.03462382
 -0.16187389  0.03853430    0.03015885  0.05095258   -0.02095630 -0.03462382
 -0.02095630 -0.03462382   -0.02095630 -0.03462382    0.04528222  0.05243978
    2    2
  0.24050996  0.00000000    0.00296406  0.00000000    0.00270871 -0.00734524
  0.00296406  0.00000000    0.24050996  0.00000000    0.00270871 -0.00734524
  0.00270871  0.00734524    0.00270871  0.00734524    0.31533762  0.00000000

     Dynamical  Matrix in cartesian axes

     q = (    0.166666667  -0.833333333  -0.833333333 ) 

    1    1
  0.31533762  0.00000000   -0.00270871  0.00734524   -0.00270871  0.00734524
 -0.00270871 -0.00734524    0.24050996  0.00000000    0.00296406  0.00000000
 -0.00270871 -0.00734524    0.00296406  0.00000000    0.24050996  0.00000000
    1    2
 -0.02277307 -0.06543544   -0.01950696 -0.03546060   -0.01950696 -0.03546060
 -0.01950696 -0.03546060   -0.02904680 -0.05159461   -0.11430863  0.12091975
 -0.01950696 -0.03546060   -0.11430863  0.12091975   -0.02904680 -0.05159461
    2    1
 -0.02277307  0.06543544   -0.01950696  0.03546060   -0.01950696  0.03546060
 -0.01950696  0.03546060   -0.02904680  0.05159461   -0.11430863 -0.12091975
 -0.01950696  0.03546060   -0.11430863 -0.12091975   -0.02904680  0.05159461
    2    2
  0.31533762  0.00000000   -0.00270871 -0.00734524   -0.00270871 -0.00734524
 -0.00270871  0.00734524    0.24050996  0.00000000    0.00296406  0.00000000
 -0.00270871  0.00734524    0.00296406  0.00000000    0.24050996  0.00000000

     Dynamical  Matrix in cartesian axes

     q = (    0.833333333  -0.833333333  -0.166666667 ) 

    1    1
  0.24050996  0.00000000   -0.00296406  0.00000000   -0.00270871 -0.00734524
 -0.00296406  0.00000000    0.24050996  0.00000000    0.00270871  0.00734524
 -0.00270871  0.00734524    0.00270871 -0.00734524    0.31533762  0.00000000
    1    2
 -0.03015885  0.05095258   -0.16187389 -0.03853430   -0.02095630  0.03462382
 -0.16187389 -0.03853430   -0.03015885  0.05095258    0.02095630 -0.03462382
 -0.02095630  0.03462382    0.02095630 -0.03462382   -0.04528222  0.05243978
    2    1
 -0.03015885 -0.05095258   -0.16187389  0.03853430   -0.02095630 -0.03462382
 -0.16187389  0.03853430   -0.03015885 -0.05095258    0.02095630  0.03462382
 -0.02095630 -0.03462382    0.02095630  0.03462382   -0.04528222 -0.05243978
    2    2
  0.24050996  0.00000000   -0.00296406  0.00000000   -0.00270871  0.00734524
 -0.00296406  0.00000000    0.24050996  0.00000000    0.00270871 -0.00734524
 -0.00270871 -0.00734524    0.00270871  0.00734524    0.31533762  0.00000000

     Diagonalizing the dynamical matrix

     q = (    0.833333333  -0.166666667   0.833333333 ) 

 **************************************************************************
     freq (    1) =       4.367283 [THz] =     145.676875 [cm-1]
 (  0.221535  0.448243 -0.000000  0.000000 -0.221535 -0.448243 ) 
 ( -0.500000 -0.000000 -0.000000 -0.000000  0.500000  0.000000 ) 
     freq (    2) =       5.553342 [THz] =     185.239559 [cm-1]
 ( -0.445165 -0.193627 -0.124588  0.114675 -0.445165 -0.193627 ) 
 ( -0.485452 -0.000000 -0.068509 -0.154851 -0.485452  0.000000 ) 
     freq (    3) =      10.075875 [THz] =     336.095025 [cm-1]
 ( -0.132311  0.126842 -0.493093 -0.435510 -0.132311  0.126842 ) 
 (  0.183290  0.000000  0.054561 -0.655616  0.183290  0.000000 ) 
     freq (    4) =      12.229890 [THz] =     407.945206 [cm-1]
 ( -0.180067 -0.212711  0.580384  0.088402 -0.180067 -0.212711 ) 
 (  0.278693 -0.000000 -0.442465 -0.385856  0.278693  0.000000 ) 
     freq (    5) =      13.483078 [THz] =     449.747063 [cm-1]
 (  0.221535  0.448243 -0.000000  0.000000 -0.221535 -0.448243 ) 
 (  0.500000 -0.000000  0.000000  0.000000 -0.500000  0.000000 ) 
     freq (    6) =      13.805532 [THz] =     460.502981 [cm-1]
 (  0.362107  0.148155  0.337007 -0.283344  0.362107  0.148155 ) 
 ( -0.391243  0.000000 -0.204614 -0.389860 -0.391243  0.000000 ) 
 **************************************************************************
