Dynamical matrix file
                                                                           
  1    2  2 10.3640000  0.0000000  0.0000000  0.0000000  0.0000000  0.0000000
           1  'Si  '    25598.8229845270     
    1    1      0.0000000000      0.0000000000      0.0000000000
    2    1      0.2500000000      0.2500000000      0.2500000000

     Dynamical  Matrix in cartesian axes

     q = (    0.666666667   0.000000000   0.666666667 ) 

    1    1
  0.24189581  0.00000000    0.00000000  0.00784153    0.00733093  0.00000000
  0.00000000 -0.00784153    0.28531763  0.00000000    0.00000000 -0.00784153
  0.00733093  0.00000000   -0.00000000  0.00784153    0.24189581  0.00000000
    1    2
  0.02898554  0.05020443   -0.06172163  0.03563500   -0.06460055 -0.11189144
 -0.06172163  0.03563500    0.04034648  0.06988216   -0.06172163  0.03563500
 -0.06460055 -0.11189144   -0.06172163  0.03563500    0.02898554  0.05020443
    2    1
  0.02898554 -0.05020443   -0.06172163 -0.03563500   -0.06460055  0.11189144
 -0.06172163 -0.03563500    0.04034648 -0.06988216   -0.06172163 -0.03563500
 -0.06460055  0.11189144   -0.06172163 -0.03563500    0.02898554 -0.05020443
    2    2
  0.24189581  0.00000000    0.00000000 -0.00784153    0.00733093  0.00000000
  0.00000000  0.00784153    0.28531763  0.00000000    0.00000000  0.00784153
  0.00733093  0.00000000   -0.00000000 -0.00784153    0.24189581  0.00000000

     Dynamical  Matrix in cartesian axes

     q = (   -0.666666667   0.000000000   0.666666667 ) 

    1    1
  0.24189581  0.00000000    0.00000000  0.00784153   -0.00733093  0.00000000
 -0.00000000 -0.00784153    0.28531763  0.00000000   -0.00000000  0.00784153
 -0.00733093  0.00000000    0.00000000 -0.00784153    0.24189581  0.00000000
    1    2
 -0.05797108  0.00000000    0.00000000 -0.07126999   -0.12920111  0.00000000
  0.00000000 -0.07126999   -0.08069297  0.00000000    0.00000000  0.07126999
 -0.12920111  0.00000000   -0.00000000  0.07126999   -0.05797108  0.00000000
    2    1
 -0.05797108  0.00000000   -0.00000000  0.07126999   -0.12920111  0.00000000
  0.00000000  0.07126999   -0.08069297 -0.00000000    0.00000000 -0.07126999
 -0.12920111 -0.00000000   -0.00000000 -0.07126999   -0.05797108 -0.00000000
    2    2
  0.24189581  0.00000000    0.00000000 -0.00784153   -0.00733093  0.00000000
 -0.00000000  0.00784153    0.28531763  0.00000000   -0.00000000 -0.00784153
 -0.00733093  0.00000000    0.00000000  0.00784153    0.24189581  0.00000000

     Dynamical  Matrix in cartesian axes

     q = (   -0.666666667   0.000000000  -0.666666667 ) 

    1    1
  0.24189581  0.00000000    0.00000000 -0.00784153    0.00733093  0.00000000
  0.00000000  0.00784153    0.28531763  0.00000000    0.00000000  0.00784153
  0.00733093  0.00000000   -0.00000000 -0.00784153    0.24189581  0.00000000
    1    2
  0.02898554 -0.05020443   -0.06172163 -0.03563500   -0.06460055  0.11189144
 -0.06172163 -0.03563500    0.04034648 -0.06988216   -0.06172163 -0.03563500
 -0.06460055  0.11189144   -0.06172163 -0.03563500    0.02898554 -0.05020443
    2    1
  0.02898554  0.05020443   -0.06172163  0.03563500   -0.06460055 -0.11189144
 -0.06172163  0.03563500    0.04034648  0.06988216   -0.06172163  0.03563500
 -0.06460055 -0.11189144   -0.06172163  0.03563500    0.02898554  0.05020443
    2    2
  0.24189581  0.00000000    0.00000000  0.00784153    0.00733093  0.00000000
  0.00000000 -0.00784153    0.28531763  0.00000000    0.00000000 -0.00784153
  0.00733093  0.00000000   -0.00000000  0.00784153    0.24189581  0.00000000

     Dynamical  Matrix in cartesian axes

     q = (    0.666666667   0.000000000  -0.666666667 ) 

    1    1
  0.24189581  0.00000000    0.00000000 -0.00784153   -0.00733093  0.00000000
 -0.00000000  0.00784153    0.28531763  0.00000000   -0.00000000 -0.00784153
 -0.00733093  0.00000000    0.00000000  0.00784153    0.24189581  0.00000000
    1    2
 -0.05797108  0.00000000    0.00000000  0.07126999   -0.12920111 -0.00000000
  0.00000000  0.07126999   -0.08069297 -0.00000000    0.00000000 -0.07126999
 -0.12920111  0.00000000    0.00000000 -0.07126999   -0.05797108  0.00000000
    2    1
 -0.05797108  0.00000000    0.00000000 -0.07126999   -0.12920111  0.00000000
  0.00000000 -0.07126999   -0.08069297  0.00000000    0.00000000  0.07126999
 -0.12920111  0.00000000   -0.00000000  0.07126999   -0.05797108  0.00000000
    2    2
  0.24189581  0.00000000    0.00000000  0.00784153   -0.00733093  0.00000000
 -0.00000000 -0.00784153    0.28531763  0.00000000   -0.00000000  0.00784153
 -0.00733093  0.00000000    0.00000000 -0.00784153    0.24189581  0.00000000

     Dynamical  Matrix in cartesian axes

     q = (    0.000000000   0.666666667  -0.666666667 ) 

    1    1
  0.28531763  0.00000000    0.00000000  0.00784153    0.00000000 -0.00784153
  0.00000000 -0.00784153    0.24189581  0.00000000   -0.00733093  0.00000000
  0.00000000  0.00784153   -0.00733093  0.00000000    0.24189581  0.00000000
    1    2
 -0.08069297  0.00000000    0.00000000  0.07126999   -0.00000000 -0.07126999
 -0.00000000  0.07126999   -0.05797108  0.00000000   -0.12920111  0.00000000
  0.00000000 -0.07126999   -0.12920111  0.00000000   -0.05797108  0.00000000
    2    1
 -0.08069297 -0.00000000   -0.00000000 -0.07126999    0.00000000  0.07126999
  0.00000000 -0.07126999   -0.05797108 -0.00000000   -0.12920111  0.00000000
 -0.00000000  0.07126999   -0.12920111  0.00000000   -0.05797108 -0.00000000
    2    2
  0.28531763  0.00000000    0.00000000 -0.00784153    0.00000000  0.00784153
  0.00000000  0.00784153    0.24189581  0.00000000   -0.00733093  0.00000000
  0.00000000 -0.00784153   -0.00733093  0.00000000    0.24189581  0.00000000

     Dynamical  Matrix in cartesian axes

     q = (   -0.666666667   0.666666667   0.000000000 ) 

    1    1
  0.24189581  0.00000000   -0.00733093  0.00000000    0.00000000  0.00784153
 -0.00733093  0.00000000    0.24189581  0.00000000    0.00000000 -0.00784153
  0.00000000 -0.00784153    0.00000000  0.00784153    0.28531763  0.00000000
    1    2
 -0.05797108 -0.00000000   -0.12920111 -0.00000000    0.00000000 -0.07126999
 -0.12920111 -0.00000000   -0.05797108 -0.00000000   -0.00000000  0.07126999
  0.00000000 -0.07126999   -0.00000000  0.07126999   -0.08069297 -0.00000000
    2    1
 -0.05797108  0.00000000   -0.12920111  0.00000000    0.00000000  0.07126999
 -0.12920111  0.00000000   -0.05797108  0.00000000   -0.00000000 -0.07126999
  0.00000000  0.07126999   -0.00000000 -0.07126999   -0.08069297  0.00000000
    2    2
  0.24189581  0.00000000   -0.00733093  0.00000000    0.00000000 -0.00784153
 -0.00733093  0.00000000    0.24189581  0.00000000    0.00000000  0.00784153
  0.00000000  0.00784153    0.00000000 -0.00784153    0.28531763  0.00000000

     Dynamical  Matrix in cartesian axes

     q = (    0.000000000   0.666666667   0.666666667 ) 

    1    1
  0.28531763  0.00000000    0.00000000 -0.00784153    0.00000000 -0.00784153
  0.00000000  0.00784153    0.24189581  0.00000000    0.00733093  0.00000000
  0.00000000  0.00784153    0.00733093  0.00000000    0.24189581  0.00000000
    1    2
  0.04034648  0.06988216   -0.06172163  0.03563500   -0.06172163  0.03563500
 -0.06172163  0.03563500    0.02898554  0.05020443   -0.06460055 -0.11189144
 -0.06172163  0.03563500   -0.06460055 -0.11189144    0.02898554  0.05020443
    2    1
  0.04034648 -0.06988216   -0.06172163 -0.03563500   -0.06172163 -0.03563500
 -0.06172163 -0.03563500    0.02898554 -0.05020443   -0.06460055  0.11189144
 -0.06172163 -0.03563500   -0.06460055  0.11189144    0.02898554 -0.05020443
    2    2
  0.28531763  0.00000000    0.00000000  0.00784153    0.00000000  0.00784153
  0.00000000 -0.00784153    0.24189581  0.00000000    0.00733093  0.00000000
  0.00000000 -0.00784153    0.00733093  0.00000000    0.24189581  0.00000000

     Dynamical  Matrix in cartesian axes

     q = (    0.000000000  -0.666666667  -0.666666667 ) 

    1    1
  0.28531763  0.00000000    0.00000000  0.00784153    0.00000000  0.00784153
  0.00000000 -0.00784153    0.24189581  0.00000000    0.00733093  0.00000000
  0.00000000 -0.00784153    0.00733093  0.00000000    0.24189581  0.00000000
    1    2
  0.04034648 -0.06988216   -0.06172163 -0.03563500   -0.06172163 -0.03563500
 -0.06172163 -0.03563500    0.02898554 -0.05020443   -0.06460055  0.11189144
 -0.06172163 -0.03563500   -0.06460055  0.11189144    0.02898554 -0.05020443
    2    1
  0.04034648  0.06988216   -0.06172163  0.03563500   -0.06172163  0.03563500
 -0.06172163  0.03563500    0.02898554  0.05020443   -0.06460055 -0.11189144
 -0.06172163  0.03563500   -0.06460055 -0.11189144    0.02898554  0.05020443
    2    2
  0.28531763  0.00000000    0.00000000 -0.00784153    0.00000000 -0.00784153
  0.00000000  0.00784153    0.24189581  0.00000000    0.00733093  0.00000000
  0.00000000  0.00784153    0.00733093  0.00000000    0.24189581  0.00000000

     Dynamical  Matrix in cartesian axes

     q = (    0.666666667  -0.666666667   0.000000000 ) 

    1    1
  0.24189581  0.00000000   -0.00733093  0.00000000    0.00000000 -0.00784153
 -0.00733093  0.00000000    0.24189581  0.00000000    0.00000000  0.00784153
  0.00000000  0.00784153    0.00000000 -0.00784153    0.28531763  0.00000000
    1    2
 -0.05797108  0.00000000   -0.12920111  0.00000000    0.00000000  0.07126999
 -0.12920111  0.00000000   -0.05797108  0.00000000   -0.00000000 -0.07126999
  0.00000000  0.07126999   -0.00000000 -0.07126999   -0.08069297  0.00000000
    2    1
 -0.05797108 -0.00000000   -0.12920111 -0.00000000    0.00000000 -0.07126999
 -0.12920111 -0.00000000   -0.05797108 -0.00000000   -0.00000000  0.07126999
  0.00000000 -0.07126999   -0.00000000  0.07126999   -0.08069297 -0.00000000
    2    2
  0.24189581  0.00000000   -0.00733093  0.00000000    0.00000000  0.00784153
 -0.00733093  0.00000000    0.24189581  0.00000000    0.00000000 -0.00784153
  0.00000000 -0.00784153    0.00000000  0.00784153    0.28531763  0.00000000

     Dynamical  Matrix in cartesian axes

     q = (    0.666666667   0.666666667   0.000000000 ) 

    1    1
  0.24189581  0.00000000    0.00733093  0.00000000   -0.00000000  0.00784153
  0.00733093  0.00000000    0.24189581  0.00000000   -0.00000000  0.00784153
 -0.00000000 -0.00784153   -0.00000000 -0.00784153    0.28531763  0.00000000
    1    2
  0.02898554  0.05020443   -0.06460055 -0.11189144   -0.06172163  0.03563500
 -0.06460055 -0.11189144    0.02898554  0.05020443   -0.06172163  0.03563500
 -0.06172163  0.03563500   -0.06172163  0.03563500    0.04034648  0.06988216
    2    1
  0.02898554 -0.05020443   -0.06460055  0.11189144   -0.06172163 -0.03563500
 -0.06460055  0.11189144    0.02898554 -0.05020443   -0.06172163 -0.03563500
 -0.06172163 -0.03563500   -0.06172163 -0.03563500    0.04034648 -0.06988216
    2    2
  0.24189581  0.00000000    0.00733093  0.00000000   -0.00000000 -0.00784153
  0.00733093  0.00000000    0.24189581  0.00000000   -0.00000000 -0.00784153
 -0.00000000  0.00784153   -0.00000000  0.00784153    0.28531763  0.00000000

     Dynamical  Matrix in cartesian axes

     q = (   -0.666666667  -0.666666667   0.000000000 ) 

    1    1
  0.24189581  0.00000000    0.00733093  0.00000000   -0.00000000 -0.00784153
  0.00733093  0.00000000    0.24189581  0.00000000   -0.00000000 -0.00784153
 -0.00000000  0.00784153   -0.00000000  0.00784153    0.28531763  0.00000000
    1    2
  0.02898554 -0.05020443   -0.06460055  0.11189144   -0.06172163 -0.03563500
 -0.06460055  0.11189144    0.02898554 -0.05020443   -0.06172163 -0.03563500
 -0.06172163 -0.03563500   -0.06172163 -0.03563500    0.04034648 -0.06988216
    2    1
  0.02898554  0.05020443   -0.06460055 -0.11189144   -0.06172163  0.03563500
 -0.06460055 -0.11189144    0.02898554  0.05020443   -0.06172163  0.03563500
 -0.06172163  0.03563500   -0.06172163  0.03563500    0.04034648  0.06988216
    2    2
  0.24189581  0.00000000    0.00733093  0.00000000   -0.00000000  0.00784153
  0.00733093  0.00000000    0.24189581  0.00000000   -0.00000000  0.00784153
 -0.00000000 -0.00784153   -0.00000000 -0.00784153    0.28531763  0.00000000

     Dynamical  Matrix in cartesian axes

     q = (    0.000000000  -0.666666667   0.666666667 ) 

    1    1
  0.28531763  0.00000000    0.00000000 -0.00784153    0.00000000  0.00784153
  0.00000000  0.00784153    0.24189581  0.00000000   -0.00733093  0.00000000
  0.00000000 -0.00784153   -0.00733093  0.00000000    0.24189581  0.00000000
    1    2
 -0.08069297 -0.00000000   -0.00000000 -0.07126999    0.00000000  0.07126999
  0.00000000 -0.07126999   -0.05797108 -0.00000000   -0.12920111  0.00000000
 -0.00000000  0.07126999   -0.12920111  0.00000000   -0.05797108 -0.00000000
    2    1
 -0.08069297  0.00000000    0.00000000  0.07126999   -0.00000000 -0.07126999
 -0.00000000  0.07126999   -0.05797108  0.00000000   -0.12920111  0.00000000
 -0.00000000 -0.07126999   -0.12920111  0.00000000   -0.05797108  0.00000000
    2    2
  0.28531763  0.00000000    0.00000000  0.00784153    0.00000000 -0.00784153
  0.00000000 -0.00784153    0.24189581  0.00000000   -0.00733093  0.00000000
  0.00000000  0.00784153   -0.00733093  0.00000000    0.24189581  0.00000000

     Diagonalizing the dynamical matrix

     q = (    0.666666667  -0.000000000   0.666666667 ) 

 **************************************************************************
     freq (    1) =       4.476316 [THz] =     149.313817 [cm-1]
 (  0.250000  0.433013 -0.000000  0.000000 -0.250000 -0.433013 ) 
 ( -0.500000 -0.000000  0.000000 -0.000000  0.500000  0.000000 ) 
     freq (    2) =       6.522610 [THz] =     217.570867 [cm-1]
 ( -0.189309 -0.327893 -0.399965  0.230920 -0.189309 -0.327893 ) 
 ( -0.378619 -0.000000  0.000000 -0.461839 -0.378619  0.000000 ) 
     freq (    3) =       9.840970 [THz] =     328.259426 [cm-1]
 ( -0.193608 -0.335339  0.387422 -0.223678 -0.193608 -0.335339 ) 
 (  0.387216 -0.000000 -0.000000 -0.447356  0.387216  0.000000 ) 
     freq (    4) =      10.919068 [THz] =     364.220899 [cm-1]
 (  0.163285  0.282818 -0.463711  0.267724  0.163285  0.282818 ) 
 (  0.326570 -0.000000 -0.000000 -0.535448  0.326570  0.000000 ) 
     freq (    5) =      13.353217 [THz] =     445.415389 [cm-1]
 (  0.250000  0.433013  0.000000  0.000000 -0.250000 -0.433013 ) 
 (  0.500000 -0.000000  0.000000 -0.000000 -0.500000  0.000000 ) 
     freq (    6) =      13.906489 [THz] =     463.870541 [cm-1]
 ( -0.158164 -0.273949 -0.474241  0.273803 -0.158164 -0.273949 ) 
 (  0.316328 -0.000000  0.000000  0.547606  0.316328  0.000000 ) 
 **************************************************************************
