Dynamical matrix file
                                                                           
  1    2  2 10.3880000  0.0000000  0.0000000  0.0000000  0.0000000  0.0000000
           1  'Si  '    25598.8229845270     
    1    1      0.0000000000      0.0000000000      0.0000000000
    2    1      0.2500000000      0.2500000000      0.2500000000

     Dynamical  Matrix in cartesian axes

     q = (    0.666666667  -0.333333333   1.000000000 ) 

    1    1
  0.23255204  0.00000000   -0.00668124  0.00000000    0.00000000  0.00091575
 -0.00668124  0.00000000    0.27493587  0.00000000    0.00000000 -0.01267304
  0.00000000 -0.00091575    0.00000000  0.01267304    0.24624652 -0.00000000
    1    2
 -0.08459434  0.04884057   -0.05814825  0.03357191   -0.06183929 -0.10710879
 -0.05814825  0.03357191   -0.09015416  0.05205053    0.02002730  0.03468831
 -0.06183929 -0.10710879    0.02002730  0.03468831   -0.09175689  0.05297586
    2    1
 -0.08459434 -0.04884057   -0.05814825 -0.03357191   -0.06183929  0.10710879
 -0.05814825 -0.03357191   -0.09015416 -0.05205053    0.02002730 -0.03468831
 -0.06183929  0.10710879    0.02002730 -0.03468831   -0.09175689 -0.05297586
    2    2
  0.23255204  0.00000000   -0.00668124  0.00000000    0.00000000 -0.00091575
 -0.00668124  0.00000000    0.27493587  0.00000000    0.00000000  0.01267304
  0.00000000  0.00091575    0.00000000 -0.01267304    0.24624652 -0.00000000

     Dynamical  Matrix in cartesian axes

     q = (    1.000000000   0.333333333   0.666666667 ) 

    1    1
  0.24624652 -0.00000000    0.00000000  0.01267304    0.00000000  0.00091575
  0.00000000 -0.01267304    0.27493587  0.00000000    0.00668124 -0.00000000
  0.00000000 -0.00091575    0.00668124 -0.00000000    0.23255204  0.00000000
    1    2
  0.00000000 -0.10595173   -0.04005461  0.00000000   -0.12367857 -0.00000000
 -0.04005461 -0.00000000    0.00000000 -0.10410106   -0.00000000  0.06714381
 -0.12367857 -0.00000000   -0.00000000  0.06714381    0.00000000 -0.09768113
    2    1
  0.00000000  0.10595173   -0.04005461 -0.00000000   -0.12367857  0.00000000
 -0.04005461  0.00000000    0.00000000  0.10410106   -0.00000000 -0.06714381
 -0.12367857  0.00000000   -0.00000000 -0.06714381    0.00000000  0.09768113
    2    2
  0.24624652 -0.00000000    0.00000000 -0.01267304    0.00000000 -0.00091575
  0.00000000  0.01267304    0.27493587  0.00000000    0.00668124 -0.00000000
  0.00000000  0.00091575    0.00668124 -0.00000000    0.23255204  0.00000000

     Dynamical  Matrix in cartesian axes

     q = (    0.666666667   0.333333333   1.000000000 ) 

    1    1
  0.23255204  0.00000000    0.00668124 -0.00000000    0.00000000 -0.00091575
  0.00668124  0.00000000    0.27493587  0.00000000    0.00000000 -0.01267304
  0.00000000  0.00091575    0.00000000  0.01267304    0.24624652  0.00000000
    1    2
 -0.00000000 -0.09768113    0.00000000  0.06714381   -0.12367857  0.00000000
  0.00000000  0.06714381   -0.00000000 -0.10410106   -0.04005461  0.00000000
 -0.12367857  0.00000000   -0.04005461  0.00000000   -0.00000000 -0.10595173
    2    1
 -0.00000000  0.09768113    0.00000000 -0.06714381   -0.12367857 -0.00000000
  0.00000000 -0.06714381   -0.00000000  0.10410106   -0.04005461 -0.00000000
 -0.12367857 -0.00000000   -0.04005461 -0.00000000   -0.00000000  0.10595173
    2    2
  0.23255204  0.00000000    0.00668124 -0.00000000   -0.00000000  0.00091575
  0.00668124 -0.00000000    0.27493587 -0.00000000   -0.00000000  0.01267304
 -0.00000000 -0.00091575    0.00000000 -0.01267304    0.24624652  0.00000000

     Dynamical  Matrix in cartesian axes

     q = (   -1.000000000  -0.333333333   0.666666667 ) 

    1    1
  0.24624652 -0.00000000    0.00000000  0.01267304   -0.00000000 -0.00091575
  0.00000000 -0.01267304    0.27493587 -0.00000000   -0.00668124  0.00000000
 -0.00000000  0.00091575   -0.00668124 -0.00000000    0.23255204  0.00000000
    1    2
 -0.09175689  0.05297586    0.02002730  0.03468831   -0.06183929 -0.10710879
  0.02002730  0.03468831   -0.09015416  0.05205053   -0.05814825  0.03357191
 -0.06183929 -0.10710879   -0.05814825  0.03357191   -0.08459434  0.04884057
    2    1
 -0.09175689 -0.05297586    0.02002730 -0.03468831   -0.06183929  0.10710879
  0.02002730 -0.03468831   -0.09015416 -0.05205053   -0.05814825 -0.03357191
 -0.06183929  0.10710879   -0.05814825 -0.03357191   -0.08459434 -0.04884057
    2    2
  0.24624652  0.00000000    0.00000000 -0.01267304    0.00000000  0.00091575
  0.00000000  0.01267304    0.27493587  0.00000000   -0.00668124 -0.00000000
  0.00000000 -0.00091575   -0.00668124 -0.00000000    0.23255204  0.00000000

     Dynamical  Matrix in cartesian axes

     q = (   -1.000000000  -0.333333333  -0.666666667 ) 

    1    1
  0.24624652 -0.00000000    0.00000000 -0.01267304    0.00000000 -0.00091575
  0.00000000  0.01267304    0.27493587  0.00000000    0.00668124 -0.00000000
  0.00000000  0.00091575    0.00668124 -0.00000000    0.23255204  0.00000000
    1    2
  0.00000000  0.10595173   -0.04005461 -0.00000000   -0.12367857  0.00000000
 -0.04005461  0.00000000    0.00000000  0.10410106   -0.00000000 -0.06714381
 -0.12367857  0.00000000   -0.00000000 -0.06714381    0.00000000  0.09768113
    2    1
  0.00000000 -0.10595173   -0.04005461  0.00000000   -0.12367857 -0.00000000
 -0.04005461 -0.00000000    0.00000000 -0.10410106   -0.00000000  0.06714381
 -0.12367857 -0.00000000   -0.00000000  0.06714381    0.00000000 -0.09768113
    2    2
  0.24624652 -0.00000000    0.00000000  0.01267304    0.00000000  0.00091575
  0.00000000 -0.01267304    0.27493587  0.00000000    0.00668124 -0.00000000
  0.00000000 -0.00091575    0.00668124 -0.00000000    0.23255204  0.00000000

     Dynamical  Matrix in cartesian axes

     q = (   -0.666666667  -0.333333333  -1.000000000 ) 

    1    1
  0.23255204  0.00000000    0.00668124 -0.00000000   -0.00000000  0.00091575
  0.00668124 -0.00000000    0.27493587 -0.00000000   -0.00000000  0.01267304
 -0.00000000 -0.00091575    0.00000000 -0.01267304    0.24624652  0.00000000
    1    2
 -0.00000000  0.09768113    0.00000000 -0.06714381   -0.12367857 -0.00000000
  0.00000000 -0.06714381   -0.00000000  0.10410106   -0.04005461 -0.00000000
 -0.12367857 -0.00000000   -0.04005461 -0.00000000   -0.00000000  0.10595173
    2    1
 -0.00000000 -0.09768113    0.00000000  0.06714381   -0.12367857  0.00000000
  0.00000000  0.06714381   -0.00000000 -0.10410106   -0.04005461  0.00000000
 -0.12367857  0.00000000   -0.04005461  0.00000000   -0.00000000 -0.10595173
    2    2
  0.23255204  0.00000000    0.00668124 -0.00000000    0.00000000 -0.00091575
  0.00668124  0.00000000    0.27493587  0.00000000    0.00000000 -0.01267304
  0.00000000  0.00091575    0.00000000  0.01267304    0.24624652  0.00000000

     Dynamical  Matrix in cartesian axes

     q = (    1.000000000   0.333333333  -0.666666667 ) 

    1    1
  0.24624652  0.00000000    0.00000000 -0.01267304    0.00000000  0.00091575
  0.00000000  0.01267304    0.27493587  0.00000000   -0.00668124 -0.00000000
  0.00000000 -0.00091575   -0.00668124 -0.00000000    0.23255204  0.00000000
    1    2
 -0.09175689 -0.05297586    0.02002730 -0.03468831   -0.06183929  0.10710879
  0.02002730 -0.03468831   -0.09015416 -0.05205053   -0.05814825 -0.03357191
 -0.06183929  0.10710879   -0.05814825 -0.03357191   -0.08459434 -0.04884057
    2    1
 -0.09175689  0.05297586    0.02002730  0.03468831   -0.06183929 -0.10710879
  0.02002730  0.03468831   -0.09015416  0.05205053   -0.05814825  0.03357191
 -0.06183929 -0.10710879   -0.05814825  0.03357191   -0.08459434  0.04884057
    2    2
  0.24624652 -0.00000000    0.00000000  0.01267304   -0.00000000 -0.00091575
  0.00000000 -0.01267304    0.27493587 -0.00000000   -0.00668124  0.00000000
 -0.00000000  0.00091575   -0.00668124 -0.00000000    0.23255204  0.00000000

     Dynamical  Matrix in cartesian axes

     q = (   -0.666666667   0.333333333   1.000000000 ) 

    1    1
  0.23255204  0.00000000   -0.00668124  0.00000000    0.00000000 -0.00091575
 -0.00668124  0.00000000    0.27493587  0.00000000    0.00000000  0.01267304
  0.00000000  0.00091575    0.00000000 -0.01267304    0.24624652 -0.00000000
    1    2
 -0.08459434 -0.04884057   -0.05814825 -0.03357191   -0.06183929  0.10710879
 -0.05814825 -0.03357191   -0.09015416 -0.05205053    0.02002730 -0.03468831
 -0.06183929  0.10710879    0.02002730 -0.03468831   -0.09175689 -0.05297586
    2    1
 -0.08459434  0.04884057   -0.05814825  0.03357191   -0.06183929 -0.10710879
 -0.05814825  0.03357191   -0.09015416  0.05205053    0.02002730  0.03468831
 -0.06183929 -0.10710879    0.02002730  0.03468831   -0.09175689  0.05297586
    2    2
  0.23255204  0.00000000   -0.00668124  0.00000000    0.00000000  0.00091575
 -0.00668124  0.00000000    0.27493587  0.00000000    0.00000000 -0.01267304
  0.00000000 -0.00091575    0.00000000  0.01267304    0.24624652 -0.00000000

     Dynamical  Matrix in cartesian axes

     q = (   -0.333333333   1.000000000   0.666666667 ) 

    1    1
  0.27493587  0.00000000   -0.00000000 -0.01267304   -0.00668124  0.00000000
  0.00000000  0.01267304    0.24624652 -0.00000000    0.00000000 -0.00091575
 -0.00668124  0.00000000   -0.00000000  0.00091575    0.23255204  0.00000000
    1    2
 -0.09015416  0.05205053    0.02002730  0.03468831   -0.05814825  0.03357191
  0.02002730  0.03468831   -0.09175689  0.05297586   -0.06183929 -0.10710879
 -0.05814825  0.03357191   -0.06183929 -0.10710879   -0.08459434  0.04884057
    2    1
 -0.09015416 -0.05205053    0.02002730 -0.03468831   -0.05814825 -0.03357191
  0.02002730 -0.03468831   -0.09175689 -0.05297586   -0.06183929  0.10710879
 -0.05814825 -0.03357191   -0.06183929  0.10710879   -0.08459434 -0.04884057
    2    2
  0.27493587  0.00000000    0.00000000  0.01267304   -0.00668124  0.00000000
  0.00000000 -0.01267304    0.24624652 -0.00000000    0.00000000  0.00091575
 -0.00668124  0.00000000    0.00000000 -0.00091575    0.23255204  0.00000000

     Dynamical  Matrix in cartesian axes

     q = (    0.333333333   1.000000000  -0.666666667 ) 

    1    1
  0.27493587  0.00000000    0.00000000  0.01267304   -0.00668124  0.00000000
  0.00000000 -0.01267304    0.24624652 -0.00000000    0.00000000  0.00091575
 -0.00668124  0.00000000    0.00000000 -0.00091575    0.23255204  0.00000000
    1    2
 -0.09015416 -0.05205053    0.02002730 -0.03468831   -0.05814825 -0.03357191
  0.02002730 -0.03468831   -0.09175689 -0.05297586   -0.06183929  0.10710879
 -0.05814825 -0.03357191   -0.06183929  0.10710879   -0.08459434 -0.04884057
    2    1
 -0.09015416  0.05205053    0.02002730  0.03468831   -0.05814825  0.03357191
  0.02002730  0.03468831   -0.09175689  0.05297586   -0.06183929 -0.10710879
 -0.05814825  0.03357191   -0.06183929 -0.10710879   -0.08459434  0.04884057
    2    2
  0.27493587  0.00000000   -0.00000000 -0.01267304   -0.00668124  0.00000000
  0.00000000  0.01267304    0.24624652 -0.00000000    0.00000000 -0.00091575
 -0.00668124  0.00000000   -0.00000000  0.00091575    0.23255204  0.00000000

     Dynamical  Matrix in cartesian axes

     q = (   -0.333333333  -1.000000000  -0.666666667 ) 

    1    1
  0.27493587  0.00000000   -0.00000000  0.01267304    0.00668124  0.00000000
  0.00000000 -0.01267304    0.24624652  0.00000000    0.00000000 -0.00091575
  0.00668124  0.00000000   -0.00000000  0.00091575    0.23255204  0.00000000
    1    2
  0.00000000  0.10410106   -0.04005461  0.00000000   -0.00000000 -0.06714381
 -0.04005461  0.00000000    0.00000000  0.10595173   -0.12367857  0.00000000
 -0.00000000 -0.06714381   -0.12367857  0.00000000    0.00000000  0.09768113
    2    1
  0.00000000 -0.10410106   -0.04005461 -0.00000000   -0.00000000  0.06714381
 -0.04005461 -0.00000000    0.00000000 -0.10595173   -0.12367857 -0.00000000
 -0.00000000  0.06714381   -0.12367857 -0.00000000    0.00000000 -0.09768113
    2    2
  0.27493587 -0.00000000    0.00000000 -0.01267304    0.00668124 -0.00000000
  0.00000000  0.01267304    0.24624652 -0.00000000    0.00000000  0.00091575
  0.00668124  0.00000000    0.00000000 -0.00091575    0.23255204  0.00000000

     Dynamical  Matrix in cartesian axes

     q = (    1.000000000  -0.666666667   0.333333333 ) 

    1    1
  0.24624652 -0.00000000    0.00000000  0.00091575   -0.00000000 -0.01267304
  0.00000000 -0.00091575    0.23255204  0.00000000   -0.00668124  0.00000000
  0.00000000  0.01267304   -0.00668124  0.00000000    0.27493587 -0.00000000
    1    2
 -0.09175689 -0.05297586   -0.06183929  0.10710879    0.02002730 -0.03468831
 -0.06183929  0.10710879   -0.08459434 -0.04884057   -0.05814825 -0.03357191
  0.02002730 -0.03468831   -0.05814825 -0.03357191   -0.09015416 -0.05205053
    2    1
 -0.09175689  0.05297586   -0.06183929 -0.10710879    0.02002730  0.03468831
 -0.06183929 -0.10710879   -0.08459434  0.04884057   -0.05814825  0.03357191
  0.02002730  0.03468831   -0.05814825  0.03357191   -0.09015416  0.05205053
    2    2
  0.24624652  0.00000000   -0.00000000 -0.00091575    0.00000000  0.01267304
 -0.00000000  0.00091575    0.23255204  0.00000000   -0.00668124  0.00000000
 -0.00000000 -0.01267304   -0.00668124 -0.00000000    0.27493587  0.00000000

     Dynamical  Matrix in cartesian axes

     q = (    1.000000000   0.666666667  -0.333333333 ) 

    1    1
  0.24624652  0.00000000   -0.00000000 -0.00091575    0.00000000  0.01267304
 -0.00000000  0.00091575    0.23255204  0.00000000   -0.00668124  0.00000000
 -0.00000000 -0.01267304   -0.00668124 -0.00000000    0.27493587  0.00000000
    1    2
 -0.09175689  0.05297586   -0.06183929 -0.10710879    0.02002730  0.03468831
 -0.06183929 -0.10710879   -0.08459434  0.04884057   -0.05814825  0.03357191
  0.02002730  0.03468831   -0.05814825  0.03357191   -0.09015416  0.05205053
    2    1
 -0.09175689 -0.05297586   -0.06183929  0.10710879    0.02002730 -0.03468831
 -0.06183929  0.10710879   -0.08459434 -0.04884057   -0.05814825 -0.03357191
  0.02002730 -0.03468831   -0.05814825 -0.03357191   -0.09015416 -0.05205053
    2    2
  0.24624652 -0.00000000    0.00000000  0.00091575   -0.00000000 -0.01267304
  0.00000000 -0.00091575    0.23255204  0.00000000   -0.00668124  0.00000000
  0.00000000  0.01267304   -0.00668124  0.00000000    0.27493587 -0.00000000

     Dynamical  Matrix in cartesian axes

     q = (   -0.333333333   0.666666667  -1.000000000 ) 

    1    1
  0.27493587  0.00000000   -0.00668124  0.00000000    0.00000000 -0.01267304
 -0.00668124  0.00000000    0.23255204  0.00000000   -0.00000000  0.00091575
  0.00000000  0.01267304    0.00000000 -0.00091575    0.24624652  0.00000000
    1    2
 -0.09015416  0.05205053   -0.05814825  0.03357191    0.02002730  0.03468831
 -0.05814825  0.03357191   -0.08459434  0.04884057   -0.06183929 -0.10710879
  0.02002730  0.03468831   -0.06183929 -0.10710879   -0.09175689  0.05297586
    2    1
 -0.09015416 -0.05205053   -0.05814825 -0.03357191    0.02002730 -0.03468831
 -0.05814825 -0.03357191   -0.08459434 -0.04884057   -0.06183929  0.10710879
  0.02002730 -0.03468831   -0.06183929  0.10710879   -0.09175689 -0.05297586
    2    2
  0.27493587  0.00000000   -0.00668124  0.00000000    0.00000000  0.01267304
 -0.00668124  0.00000000    0.23255204  0.00000000    0.00000000 -0.00091575
  0.00000000 -0.01267304    0.00000000  0.00091575    0.24624652 -0.00000000

     Dynamical  Matrix in cartesian axes

     q = (   -1.000000000  -0.666666667  -0.333333333 ) 

    1    1
  0.24624652 -0.00000000    0.00000000 -0.00091575    0.00000000 -0.01267304
  0.00000000  0.00091575    0.23255204  0.00000000    0.00668124 -0.00000000
  0.00000000  0.01267304    0.00668124  0.00000000    0.27493587  0.00000000
    1    2
  0.00000000  0.10595173   -0.12367857  0.00000000   -0.04005461  0.00000000
 -0.12367857  0.00000000    0.00000000  0.09768113   -0.00000000 -0.06714381
 -0.04005461  0.00000000   -0.00000000 -0.06714381    0.00000000  0.10410106
    2    1
  0.00000000 -0.10595173   -0.12367857 -0.00000000   -0.04005461  0.00000000
 -0.12367857 -0.00000000    0.00000000 -0.09768113   -0.00000000  0.06714381
 -0.04005461 -0.00000000   -0.00000000  0.06714381    0.00000000 -0.10410106
    2    2
  0.24624652  0.00000000    0.00000000  0.00091575   -0.00000000  0.01267304
  0.00000000 -0.00091575    0.23255204  0.00000000    0.00668124 -0.00000000
  0.00000000 -0.01267304    0.00668124 -0.00000000    0.27493587  0.00000000

     Dynamical  Matrix in cartesian axes

     q = (   -1.000000000   0.666666667   0.333333333 ) 

    1    1
  0.24624652  0.00000000    0.00000000  0.00091575   -0.00000000  0.01267304
  0.00000000 -0.00091575    0.23255204  0.00000000    0.00668124 -0.00000000
  0.00000000 -0.01267304    0.00668124 -0.00000000    0.27493587  0.00000000
    1    2
 -0.00000000 -0.10595173   -0.12367857  0.00000000   -0.04005461  0.00000000
 -0.12367857  0.00000000   -0.00000000 -0.09768113    0.00000000  0.06714381
 -0.04005461  0.00000000    0.00000000  0.06714381   -0.00000000 -0.10410106
    2    1
  0.00000000  0.10595173   -0.12367857 -0.00000000   -0.04005461 -0.00000000
 -0.12367857 -0.00000000   -0.00000000  0.09768113    0.00000000 -0.06714381
 -0.04005461 -0.00000000    0.00000000 -0.06714381   -0.00000000  0.10410106
    2    2
  0.24624652 -0.00000000    0.00000000 -0.00091575    0.00000000 -0.01267304
  0.00000000  0.00091575    0.23255204  0.00000000    0.00668124 -0.00000000
  0.00000000  0.01267304    0.00668124  0.00000000    0.27493587  0.00000000

     Dynamical  Matrix in cartesian axes

     q = (    0.333333333  -0.666666667   1.000000000 ) 

    1    1
  0.27493587  0.00000000   -0.00668124  0.00000000    0.00000000  0.01267304
 -0.00668124  0.00000000    0.23255204  0.00000000    0.00000000 -0.00091575
  0.00000000 -0.01267304    0.00000000  0.00091575    0.24624652 -0.00000000
    1    2
 -0.09015416 -0.05205053   -0.05814825 -0.03357191    0.02002730 -0.03468831
 -0.05814825 -0.03357191   -0.08459434 -0.04884057   -0.06183929  0.10710879
  0.02002730 -0.03468831   -0.06183929  0.10710879   -0.09175689 -0.05297586
    2    1
 -0.09015416  0.05205053   -0.05814825  0.03357191    0.02002730  0.03468831
 -0.05814825  0.03357191   -0.08459434  0.04884057   -0.06183929 -0.10710879
  0.02002730  0.03468831   -0.06183929 -0.10710879   -0.09175689  0.05297586
    2    2
  0.27493587  0.00000000   -0.00668124  0.00000000    0.00000000 -0.01267304
 -0.00668124  0.00000000    0.23255204  0.00000000   -0.00000000  0.00091575
  0.00000000  0.01267304    0.00000000 -0.00091575    0.24624652  0.00000000

     Dynamical  Matrix in cartesian axes

     q = (    0.333333333  -1.000000000   0.666666667 ) 

    1    1
  0.27493587 -0.00000000    0.00000000 -0.01267304    0.00668124 -0.00000000
  0.00000000  0.01267304    0.24624652 -0.00000000    0.00000000  0.00091575
  0.00668124  0.00000000    0.00000000 -0.00091575    0.23255204  0.00000000
    1    2
 -0.00000000 -0.10410106   -0.04005461  0.00000000   -0.00000000  0.06714381
 -0.04005461  0.00000000   -0.00000000 -0.10595173   -0.12367857  0.00000000
 -0.00000000  0.06714381   -0.12367857 -0.00000000   -0.00000000 -0.09768113
    2    1
 -0.00000000  0.10410106   -0.04005461  0.00000000    0.00000000 -0.06714381
 -0.04005461 -0.00000000   -0.00000000  0.10595173   -0.12367857 -0.00000000
 -0.00000000 -0.06714381   -0.12367857  0.00000000   -0.00000000  0.09768113
    2    2
  0.27493587  0.00000000   -0.00000000  0.01267304    0.00668124  0.00000000
  0.00000000 -0.01267304    0.24624652  0.00000000    0.00000000 -0.00091575
  0.00668124  0.00000000   -0.00000000  0.00091575    0.23255204  0.00000000

     Dynamical  Matrix in cartesian axes

     q = (    0.666666667  -1.000000000   0.333333333 ) 

    1    1
  0.23255204  0.00000000    0.00000000 -0.00091575    0.00668124  0.00000000
  0.00000000  0.00091575    0.24624652  0.00000000    0.00000000  0.01267304
  0.00668124 -0.00000000    0.00000000 -0.01267304    0.27493587 -0.00000000
    1    2
 -0.00000000 -0.09768113   -0.12367857  0.00000000    0.00000000  0.06714381
 -0.12367857  0.00000000   -0.00000000 -0.10595173   -0.04005461  0.00000000
  0.00000000  0.06714381   -0.04005461  0.00000000   -0.00000000 -0.10410106
    2    1
 -0.00000000  0.09768113   -0.12367857 -0.00000000    0.00000000 -0.06714381
 -0.12367857 -0.00000000   -0.00000000  0.10595173   -0.04005461 -0.00000000
  0.00000000 -0.06714381   -0.04005461 -0.00000000   -0.00000000  0.10410106
    2    2
  0.23255204  0.00000000   -0.00000000  0.00091575    0.00668124  0.00000000
 -0.00000000 -0.00091575    0.24624652  0.00000000    0.00000000 -0.01267304
  0.00668124  0.00000000    0.00000000  0.01267304    0.27493587  0.00000000

     Dynamical  Matrix in cartesian axes

     q = (    0.333333333   0.666666667   1.000000000 ) 

    1    1
  0.27493587  0.00000000    0.00668124  0.00000000    0.00000000 -0.01267304
  0.00668124 -0.00000000    0.23255204  0.00000000    0.00000000 -0.00091575
  0.00000000  0.01267304    0.00000000  0.00091575    0.24624652  0.00000000
    1    2
  0.00000000 -0.10410106   -0.00000000  0.06714381   -0.04005461 -0.00000000
 -0.00000000  0.06714381    0.00000000 -0.09768113   -0.12367857 -0.00000000
 -0.04005461 -0.00000000   -0.12367857 -0.00000000    0.00000000 -0.10595173
    2    1
  0.00000000  0.10410106   -0.00000000 -0.06714381   -0.04005461  0.00000000
 -0.00000000 -0.06714381    0.00000000  0.09768113   -0.12367857  0.00000000
 -0.04005461  0.00000000   -0.12367857  0.00000000    0.00000000  0.10595173
    2    2
  0.27493587 -0.00000000    0.00668124 -0.00000000    0.00000000  0.01267304
  0.00668124 -0.00000000    0.23255204  0.00000000   -0.00000000  0.00091575
  0.00000000 -0.01267304    0.00000000 -0.00091575    0.24624652  0.00000000

     Dynamical  Matrix in cartesian axes

     q = (   -0.333333333  -0.666666667  -1.000000000 ) 

    1    1
  0.27493587 -0.00000000    0.00668124 -0.00000000    0.00000000  0.01267304
  0.00668124 -0.00000000    0.23255204  0.00000000   -0.00000000  0.00091575
  0.00000000 -0.01267304    0.00000000 -0.00091575    0.24624652  0.00000000
    1    2
  0.00000000  0.10410106   -0.00000000 -0.06714381   -0.04005461  0.00000000
 -0.00000000 -0.06714381    0.00000000  0.09768113   -0.12367857  0.00000000
 -0.04005461  0.00000000   -0.12367857  0.00000000    0.00000000  0.10595173
    2    1
  0.00000000 -0.10410106   -0.00000000  0.06714381   -0.04005461 -0.00000000
 -0.00000000  0.06714381    0.00000000 -0.09768113   -0.12367857 -0.00000000
 -0.04005461 -0.00000000   -0.12367857 -0.00000000    0.00000000 -0.10595173
    2    2
  0.27493587  0.00000000    0.00668124  0.00000000    0.00000000 -0.01267304
  0.00668124 -0.00000000    0.23255204  0.00000000    0.00000000 -0.00091575
  0.00000000  0.01267304    0.00000000  0.00091575    0.24624652  0.00000000

     Dynamical  Matrix in cartesian axes

     q = (   -0.666666667  -1.000000000   0.333333333 ) 

    1    1
  0.23255204  0.00000000    0.00000000 -0.00091575   -0.00668124  0.00000000
  0.00000000  0.00091575    0.24624652 -0.00000000    0.00000000 -0.01267304
 -0.00668124  0.00000000    0.00000000  0.01267304    0.27493587  0.00000000
    1    2
 -0.08459434 -0.04884057   -0.06183929  0.10710879   -0.05814825 -0.03357191
 -0.06183929  0.10710879   -0.09175689 -0.05297586    0.02002730 -0.03468831
 -0.05814825 -0.03357191    0.02002730 -0.03468831   -0.09015416 -0.05205053
    2    1
 -0.08459434  0.04884057   -0.06183929 -0.10710879   -0.05814825  0.03357191
 -0.06183929 -0.10710879   -0.09175689  0.05297586    0.02002730  0.03468831
 -0.05814825  0.03357191    0.02002730  0.03468831   -0.09015416  0.05205053
    2    2
  0.23255204  0.00000000    0.00000000  0.00091575   -0.00668124  0.00000000
  0.00000000 -0.00091575    0.24624652 -0.00000000    0.00000000  0.01267304
 -0.00668124  0.00000000    0.00000000 -0.01267304    0.27493587  0.00000000

     Dynamical  Matrix in cartesian axes

     q = (    0.666666667   1.000000000  -0.333333333 ) 

    1    1
  0.23255204  0.00000000    0.00000000  0.00091575   -0.00668124  0.00000000
  0.00000000 -0.00091575    0.24624652 -0.00000000    0.00000000  0.01267304
 -0.00668124  0.00000000    0.00000000 -0.01267304    0.27493587  0.00000000
    1    2
 -0.08459434  0.04884057   -0.06183929 -0.10710879   -0.05814825  0.03357191
 -0.06183929 -0.10710879   -0.09175689  0.05297586    0.02002730  0.03468831
 -0.05814825  0.03357191    0.02002730  0.03468831   -0.09015416  0.05205053
    2    1
 -0.08459434 -0.04884057   -0.06183929  0.10710879   -0.05814825 -0.03357191
 -0.06183929  0.10710879   -0.09175689 -0.05297586    0.02002730 -0.03468831
 -0.05814825 -0.03357191    0.02002730 -0.03468831   -0.09015416 -0.05205053
    2    2
  0.23255204  0.00000000    0.00000000 -0.00091575   -0.00668124  0.00000000
  0.00000000  0.00091575    0.24624652 -0.00000000    0.00000000 -0.01267304
 -0.00668124  0.00000000    0.00000000  0.01267304    0.27493587  0.00000000

     Dynamical  Matrix in cartesian axes

     q = (   -0.666666667  -1.000000000  -0.333333333 ) 

    1    1
  0.23255204  0.00000000   -0.00000000  0.00091575    0.00668124  0.00000000
 -0.00000000 -0.00091575    0.24624652  0.00000000    0.00000000 -0.01267304
  0.00668124  0.00000000    0.00000000  0.01267304    0.27493587  0.00000000
    1    2
  0.00000000  0.09768113   -0.12367857  0.00000000   -0.00000000 -0.06714381
 -0.12367857  0.00000000    0.00000000  0.10595173   -0.04005461  0.00000000
 -0.00000000 -0.06714381   -0.04005461 -0.00000000    0.00000000  0.10410106
    2    1
  0.00000000 -0.09768113   -0.12367857 -0.00000000   -0.00000000  0.06714381
 -0.12367857 -0.00000000    0.00000000 -0.10595173   -0.04005461 -0.00000000
 -0.00000000  0.06714381   -0.04005461  0.00000000    0.00000000 -0.10410106
    2    2
  0.23255204  0.00000000    0.00000000 -0.00091575    0.00668124  0.00000000
  0.00000000  0.00091575    0.24624652  0.00000000    0.00000000  0.01267304
  0.00668124 -0.00000000    0.00000000 -0.01267304    0.27493587 -0.00000000

     Diagonalizing the dynamical matrix

     q = (    0.666666667  -0.333333333   1.000000000 ) 

 **************************************************************************
     freq (    1) =       4.903172 [THz] =     163.552223 [cm-1]
 ( -0.303753 -0.526115 -0.149846 -0.259542  0.175617 -0.101392 ) 
 (  0.000000 -0.607505  0.000000 -0.299693 -0.202785  0.000000 ) 
     freq (    2) =       5.493217 [THz] =     183.234011 [cm-1]
 ( -0.160537 -0.278059  0.059086  0.102340 -0.535920  0.309413 ) 
 ( -0.000000  0.321074 -0.000000 -0.118172 -0.618827  0.000000 ) 
     freq (    3) =       8.430554 [THz] =     281.213011 [cm-1]
 ( -0.098308 -0.170275  0.303028  0.524860  0.265572 -0.153328 ) 
 ( -0.000000 -0.196616  0.000000  0.606056 -0.306656  0.000000 ) 
     freq (    4) =      12.119976 [THz] =     404.278895 [cm-1]
 (  0.199114  0.344876 -0.250067 -0.433130 -0.261648  0.151062 ) 
 ( -0.000000 -0.398228 -0.000000  0.500135 -0.302125  0.000000 ) 
     freq (    5) =      13.495285 [THz] =     450.154258 [cm-1]
 (  0.244093  0.422781  0.242848  0.420625 -0.139034  0.080272 ) 
 ( -0.000000 -0.488186 -0.000000 -0.485696 -0.160543  0.000000 ) 
     freq (    6) =      13.529350 [THz] =     451.290547 [cm-1]
 (  0.151888  0.263077 -0.103538 -0.179333  0.523097 -0.302010 ) 
 (  0.000000  0.303775  0.000000 -0.207076 -0.604020  0.000000 ) 
 **************************************************************************
