Dynamical matrix file
                                                                           
  1    2  2 10.3040000  0.0000000  0.0000000  0.0000000  0.0000000  0.0000000
           1  'Si  '    25598.8229845270     
    1    1      0.0000000000      0.0000000000      0.0000000000
    2    1      0.2500000000      0.2500000000      0.2500000000

     Dynamical  Matrix in cartesian axes

     q = (    0.666666667  -0.333333333   1.000000000 ) 

    1    1
  0.24648941  0.00000000   -0.00725023  0.00000000    0.00000000  0.00093491
 -0.00725023  0.00000000    0.28986231  0.00000000    0.00000000 -0.01316398
  0.00000000 -0.00093491    0.00000000  0.01316398    0.26040904  0.00000000
    1    2
 -0.08939316  0.05161117   -0.06421557  0.03707488   -0.06819258 -0.11811302
 -0.06421557  0.03707488   -0.09482139  0.05474515    0.02214684  0.03835944
 -0.06819258 -0.11811302    0.02214684  0.03835944   -0.09653713  0.05573574
    2    1
 -0.08939316 -0.05161117   -0.06421557 -0.03707488   -0.06819258  0.11811302
 -0.06421557 -0.03707488   -0.09482139 -0.05474515    0.02214684 -0.03835944
 -0.06819258  0.11811302    0.02214684 -0.03835944   -0.09653713 -0.05573574
    2    2
  0.24648941 -0.00000000   -0.00725023 -0.00000000   -0.00000000 -0.00093491
 -0.00725023 -0.00000000    0.28986231 -0.00000000   -0.00000000  0.01316398
 -0.00000000  0.00093491   -0.00000000 -0.01316398    0.26040904  0.00000000

     Dynamical  Matrix in cartesian axes

     q = (    1.000000000   0.333333333   0.666666667 ) 

    1    1
  0.26040904 -0.00000000    0.00000000  0.01316398    0.00000000  0.00093491
  0.00000000 -0.01316398    0.28986231 -0.00000000    0.00725023  0.00000000
  0.00000000 -0.00093491    0.00725023  0.00000000    0.24648941 -0.00000000
    1    2
 -0.00000000 -0.11147147   -0.04429367  0.00000000   -0.13638516 -0.00000000
 -0.04429367 -0.00000000    0.00000000 -0.10949031   -0.00000000  0.07414975
 -0.13638516 -0.00000000    0.00000000  0.07414975   -0.00000000 -0.10322233
    2    1
  0.00000000  0.11147147   -0.04429367  0.00000000   -0.13638516  0.00000000
 -0.04429367  0.00000000    0.00000000  0.10949031   -0.00000000 -0.07414975
 -0.13638516  0.00000000   -0.00000000 -0.07414975    0.00000000  0.10322233
    2    2
  0.26040904 -0.00000000   -0.00000000 -0.01316398    0.00000000 -0.00093491
  0.00000000  0.01316398    0.28986231  0.00000000    0.00725023 -0.00000000
  0.00000000  0.00093491    0.00725023  0.00000000    0.24648941  0.00000000

     Dynamical  Matrix in cartesian axes

     q = (    0.666666667   0.333333333   1.000000000 ) 

    1    1
  0.24648941 -0.00000000    0.00725023  0.00000000   -0.00000000 -0.00093491
  0.00725023  0.00000000    0.28986231  0.00000000   -0.00000000 -0.01316398
 -0.00000000  0.00093491    0.00000000  0.01316398    0.26040904  0.00000000
    1    2
 -0.00000000 -0.10322233    0.00000000  0.07414975   -0.13638516  0.00000000
  0.00000000  0.07414975   -0.00000000 -0.10949031   -0.04429367  0.00000000
 -0.13638516  0.00000000   -0.04429367 -0.00000000   -0.00000000 -0.11147147
    2    1
 -0.00000000  0.10322233    0.00000000 -0.07414975   -0.13638516 -0.00000000
  0.00000000 -0.07414975   -0.00000000  0.10949031   -0.04429367 -0.00000000
 -0.13638516 -0.00000000   -0.04429367  0.00000000   -0.00000000  0.11147147
    2    2
  0.24648941 -0.00000000    0.00725023  0.00000000   -0.00000000  0.00093491
  0.00725023 -0.00000000    0.28986231 -0.00000000    0.00000000  0.01316398
  0.00000000 -0.00093491    0.00000000 -0.01316398    0.26040904 -0.00000000

     Dynamical  Matrix in cartesian axes

     q = (   -1.000000000  -0.333333333   0.666666667 ) 

    1    1
  0.26040904 -0.00000000   -0.00000000  0.01316398    0.00000000 -0.00093491
  0.00000000 -0.01316398    0.28986231 -0.00000000   -0.00725023  0.00000000
 -0.00000000  0.00093491   -0.00725023  0.00000000    0.24648941 -0.00000000
    1    2
 -0.09653713  0.05573574    0.02214684  0.03835944   -0.06819258 -0.11811302
  0.02214684  0.03835944   -0.09482139  0.05474515   -0.06421557  0.03707488
 -0.06819258 -0.11811302   -0.06421557  0.03707488   -0.08939316  0.05161117
    2    1
 -0.09653713 -0.05573574    0.02214684 -0.03835944   -0.06819258  0.11811302
  0.02214684 -0.03835944   -0.09482139 -0.05474515   -0.06421557 -0.03707488
 -0.06819258  0.11811302   -0.06421557 -0.03707488   -0.08939316 -0.05161117
    2    2
  0.26040904  0.00000000   -0.00000000 -0.01316398   -0.00000000  0.00093491
  0.00000000  0.01316398    0.28986231  0.00000000   -0.00725023 -0.00000000
 -0.00000000 -0.00093491   -0.00725023  0.00000000    0.24648941 -0.00000000

     Dynamical  Matrix in cartesian axes

     q = (   -1.000000000  -0.333333333  -0.666666667 ) 

    1    1
  0.26040904 -0.00000000   -0.00000000 -0.01316398    0.00000000 -0.00093491
  0.00000000  0.01316398    0.28986231  0.00000000    0.00725023 -0.00000000
  0.00000000  0.00093491    0.00725023  0.00000000    0.24648941  0.00000000
    1    2
  0.00000000  0.11147147   -0.04429367  0.00000000   -0.13638516  0.00000000
 -0.04429367  0.00000000    0.00000000  0.10949031   -0.00000000 -0.07414975
 -0.13638516  0.00000000   -0.00000000 -0.07414975    0.00000000  0.10322233
    2    1
 -0.00000000 -0.11147147   -0.04429367  0.00000000   -0.13638516 -0.00000000
 -0.04429367 -0.00000000    0.00000000 -0.10949031   -0.00000000  0.07414975
 -0.13638516 -0.00000000    0.00000000  0.07414975   -0.00000000 -0.10322233
    2    2
  0.26040904 -0.00000000    0.00000000  0.01316398    0.00000000  0.00093491
  0.00000000 -0.01316398    0.28986231 -0.00000000    0.00725023  0.00000000
  0.00000000 -0.00093491    0.00725023  0.00000000    0.24648941 -0.00000000

     Dynamical  Matrix in cartesian axes

     q = (   -0.666666667  -0.333333333  -1.000000000 ) 

    1    1
  0.24648941 -0.00000000    0.00725023  0.00000000   -0.00000000  0.00093491
  0.00725023 -0.00000000    0.28986231 -0.00000000    0.00000000  0.01316398
  0.00000000 -0.00093491    0.00000000 -0.01316398    0.26040904 -0.00000000
    1    2
 -0.00000000  0.10322233    0.00000000 -0.07414975   -0.13638516 -0.00000000
  0.00000000 -0.07414975   -0.00000000  0.10949031   -0.04429367 -0.00000000
 -0.13638516 -0.00000000   -0.04429367  0.00000000   -0.00000000  0.11147147
    2    1
 -0.00000000 -0.10322233    0.00000000  0.07414975   -0.13638516  0.00000000
  0.00000000  0.07414975   -0.00000000 -0.10949031   -0.04429367  0.00000000
 -0.13638516  0.00000000   -0.04429367 -0.00000000   -0.00000000 -0.11147147
    2    2
  0.24648941 -0.00000000    0.00725023  0.00000000   -0.00000000 -0.00093491
  0.00725023  0.00000000    0.28986231  0.00000000   -0.00000000 -0.01316398
 -0.00000000  0.00093491    0.00000000  0.01316398    0.26040904  0.00000000

     Dynamical  Matrix in cartesian axes

     q = (    1.000000000   0.333333333  -0.666666667 ) 

    1    1
  0.26040904  0.00000000   -0.00000000 -0.01316398   -0.00000000  0.00093491
  0.00000000  0.01316398    0.28986231  0.00000000   -0.00725023 -0.00000000
 -0.00000000 -0.00093491   -0.00725023  0.00000000    0.24648941 -0.00000000
    1    2
 -0.09653713 -0.05573574    0.02214684 -0.03835944   -0.06819258  0.11811302
  0.02214684 -0.03835944   -0.09482139 -0.05474515   -0.06421557 -0.03707488
 -0.06819258  0.11811302   -0.06421557 -0.03707488   -0.08939316 -0.05161117
    2    1
 -0.09653713  0.05573574    0.02214684  0.03835944   -0.06819258 -0.11811302
  0.02214684  0.03835944   -0.09482139  0.05474515   -0.06421557  0.03707488
 -0.06819258 -0.11811302   -0.06421557  0.03707488   -0.08939316  0.05161117
    2    2
  0.26040904 -0.00000000   -0.00000000  0.01316398    0.00000000 -0.00093491
  0.00000000 -0.01316398    0.28986231 -0.00000000   -0.00725023  0.00000000
 -0.00000000  0.00093491   -0.00725023  0.00000000    0.24648941 -0.00000000

     Dynamical  Matrix in cartesian axes

     q = (   -0.666666667   0.333333333   1.000000000 ) 

    1    1
  0.24648941 -0.00000000   -0.00725023 -0.00000000   -0.00000000 -0.00093491
 -0.00725023 -0.00000000    0.28986231 -0.00000000   -0.00000000  0.01316398
 -0.00000000  0.00093491   -0.00000000 -0.01316398    0.26040904  0.00000000
    1    2
 -0.08939316 -0.05161117   -0.06421557 -0.03707488   -0.06819258  0.11811302
 -0.06421557 -0.03707488   -0.09482139 -0.05474515    0.02214684 -0.03835944
 -0.06819258  0.11811302    0.02214684 -0.03835944   -0.09653713 -0.05573574
    2    1
 -0.08939316  0.05161117   -0.06421557  0.03707488   -0.06819258 -0.11811302
 -0.06421557  0.03707488   -0.09482139  0.05474515    0.02214684  0.03835944
 -0.06819258 -0.11811302    0.02214684  0.03835944   -0.09653713  0.05573574
    2    2
  0.24648941  0.00000000   -0.00725023  0.00000000    0.00000000  0.00093491
 -0.00725023  0.00000000    0.28986231  0.00000000    0.00000000 -0.01316398
  0.00000000 -0.00093491    0.00000000  0.01316398    0.26040904  0.00000000

     Dynamical  Matrix in cartesian axes

     q = (   -0.333333333   1.000000000   0.666666667 ) 

    1    1
  0.28986231 -0.00000000    0.00000000 -0.01316398   -0.00725023 -0.00000000
  0.00000000  0.01316398    0.26040904 -0.00000000    0.00000000 -0.00093491
 -0.00725023 -0.00000000    0.00000000  0.00093491    0.24648941 -0.00000000
    1    2
 -0.09482139  0.05474515    0.02214684  0.03835944   -0.06421557  0.03707488
  0.02214684  0.03835944   -0.09653713  0.05573574   -0.06819258 -0.11811302
 -0.06421557  0.03707488   -0.06819258 -0.11811302   -0.08939316  0.05161117
    2    1
 -0.09482139 -0.05474515    0.02214684 -0.03835944   -0.06421557 -0.03707488
  0.02214684 -0.03835944   -0.09653713 -0.05573574   -0.06819258  0.11811302
 -0.06421557 -0.03707488   -0.06819258  0.11811302   -0.08939316 -0.05161117
    2    2
  0.28986231  0.00000000    0.00000000  0.01316398   -0.00725023  0.00000000
  0.00000000 -0.01316398    0.26040904 -0.00000000    0.00000000  0.00093491
 -0.00725023  0.00000000    0.00000000 -0.00093491    0.24648941  0.00000000

     Dynamical  Matrix in cartesian axes

     q = (    0.333333333   1.000000000  -0.666666667 ) 

    1    1
  0.28986231  0.00000000    0.00000000  0.01316398   -0.00725023  0.00000000
  0.00000000 -0.01316398    0.26040904 -0.00000000    0.00000000  0.00093491
 -0.00725023  0.00000000    0.00000000 -0.00093491    0.24648941  0.00000000
    1    2
 -0.09482139 -0.05474515    0.02214684 -0.03835944   -0.06421557 -0.03707488
  0.02214684 -0.03835944   -0.09653713 -0.05573574   -0.06819258  0.11811302
 -0.06421557 -0.03707488   -0.06819258  0.11811302   -0.08939316 -0.05161117
    2    1
 -0.09482139  0.05474515    0.02214684  0.03835944   -0.06421557  0.03707488
  0.02214684  0.03835944   -0.09653713  0.05573574   -0.06819258 -0.11811302
 -0.06421557  0.03707488   -0.06819258 -0.11811302   -0.08939316  0.05161117
    2    2
  0.28986231 -0.00000000    0.00000000 -0.01316398   -0.00725023 -0.00000000
  0.00000000  0.01316398    0.26040904 -0.00000000    0.00000000 -0.00093491
 -0.00725023 -0.00000000    0.00000000  0.00093491    0.24648941 -0.00000000

     Dynamical  Matrix in cartesian axes

     q = (   -0.333333333  -1.000000000  -0.666666667 ) 

    1    1
  0.28986231  0.00000000    0.00000000  0.01316398    0.00725023  0.00000000
 -0.00000000 -0.01316398    0.26040904  0.00000000    0.00000000 -0.00093491
  0.00725023 -0.00000000    0.00000000  0.00093491    0.24648941 -0.00000000
    1    2
  0.00000000  0.10949031   -0.04429367  0.00000000   -0.00000000 -0.07414975
 -0.04429367  0.00000000    0.00000000  0.11147147   -0.13638516  0.00000000
 -0.00000000 -0.07414975   -0.13638516  0.00000000    0.00000000  0.10322233
    2    1
  0.00000000 -0.10949031   -0.04429367 -0.00000000   -0.00000000  0.07414975
 -0.04429367 -0.00000000    0.00000000 -0.11147147   -0.13638516 -0.00000000
 -0.00000000  0.07414975   -0.13638516 -0.00000000    0.00000000 -0.10322233
    2    2
  0.28986231 -0.00000000    0.00000000 -0.01316398    0.00725023 -0.00000000
 -0.00000000  0.01316398    0.26040904 -0.00000000    0.00000000  0.00093491
  0.00725023 -0.00000000    0.00000000 -0.00093491    0.24648941 -0.00000000

     Dynamical  Matrix in cartesian axes

     q = (    1.000000000  -0.666666667   0.333333333 ) 

    1    1
  0.26040904  0.00000000    0.00000000  0.00093491   -0.00000000 -0.01316398
 -0.00000000 -0.00093491    0.24648941  0.00000000   -0.00725023  0.00000000
  0.00000000  0.01316398   -0.00725023  0.00000000    0.28986231 -0.00000000
    1    2
 -0.09653713 -0.05573574   -0.06819258  0.11811302    0.02214684 -0.03835944
 -0.06819258  0.11811302   -0.08939316 -0.05161117   -0.06421557 -0.03707488
  0.02214684 -0.03835944   -0.06421557 -0.03707488   -0.09482139 -0.05474515
    2    1
 -0.09653713  0.05573574   -0.06819258 -0.11811302    0.02214684  0.03835944
 -0.06819258 -0.11811302   -0.08939316  0.05161117   -0.06421557  0.03707488
  0.02214684  0.03835944   -0.06421557  0.03707488   -0.09482139  0.05474515
    2    2
  0.26040904 -0.00000000    0.00000000 -0.00093491   -0.00000000  0.01316398
 -0.00000000  0.00093491    0.24648941  0.00000000   -0.00725023  0.00000000
 -0.00000000 -0.01316398   -0.00725023 -0.00000000    0.28986231  0.00000000

     Dynamical  Matrix in cartesian axes

     q = (    1.000000000   0.666666667  -0.333333333 ) 

    1    1
  0.26040904 -0.00000000    0.00000000 -0.00093491   -0.00000000  0.01316398
 -0.00000000  0.00093491    0.24648941  0.00000000   -0.00725023  0.00000000
 -0.00000000 -0.01316398   -0.00725023 -0.00000000    0.28986231  0.00000000
    1    2
 -0.09653713  0.05573574   -0.06819258 -0.11811302    0.02214684  0.03835944
 -0.06819258 -0.11811302   -0.08939316  0.05161117   -0.06421557  0.03707488
  0.02214684  0.03835944   -0.06421557  0.03707488   -0.09482139  0.05474515
    2    1
 -0.09653713 -0.05573574   -0.06819258  0.11811302    0.02214684 -0.03835944
 -0.06819258  0.11811302   -0.08939316 -0.05161117   -0.06421557 -0.03707488
  0.02214684 -0.03835944   -0.06421557 -0.03707488   -0.09482139 -0.05474515
    2    2
  0.26040904  0.00000000    0.00000000  0.00093491   -0.00000000 -0.01316398
 -0.00000000 -0.00093491    0.24648941  0.00000000   -0.00725023  0.00000000
  0.00000000  0.01316398   -0.00725023  0.00000000    0.28986231 -0.00000000

     Dynamical  Matrix in cartesian axes

     q = (   -0.333333333   0.666666667  -1.000000000 ) 

    1    1
  0.28986231 -0.00000000   -0.00725023 -0.00000000    0.00000000 -0.01316398
 -0.00725023 -0.00000000    0.24648941 -0.00000000    0.00000000  0.00093491
  0.00000000  0.01316398    0.00000000 -0.00093491    0.26040904  0.00000000
    1    2
 -0.09482139  0.05474515   -0.06421557  0.03707488    0.02214684  0.03835944
 -0.06421557  0.03707488   -0.08939316  0.05161117   -0.06819258 -0.11811302
  0.02214684  0.03835944   -0.06819258 -0.11811302   -0.09653713  0.05573574
    2    1
 -0.09482139 -0.05474515   -0.06421557 -0.03707488    0.02214684 -0.03835944
 -0.06421557 -0.03707488   -0.08939316 -0.05161117   -0.06819258  0.11811302
  0.02214684 -0.03835944   -0.06819258  0.11811302   -0.09653713 -0.05573574
    2    2
  0.28986231  0.00000000   -0.00725023  0.00000000    0.00000000  0.01316398
 -0.00725023  0.00000000    0.24648941  0.00000000   -0.00000000 -0.00093491
 -0.00000000 -0.01316398   -0.00000000  0.00093491    0.26040904  0.00000000

     Dynamical  Matrix in cartesian axes

     q = (   -1.000000000  -0.666666667  -0.333333333 ) 

    1    1
  0.26040904 -0.00000000    0.00000000 -0.00093491   -0.00000000 -0.01316398
  0.00000000  0.00093491    0.24648941  0.00000000    0.00725023 -0.00000000
  0.00000000  0.01316398    0.00725023  0.00000000    0.28986231  0.00000000
    1    2
  0.00000000  0.11147147   -0.13638516  0.00000000   -0.04429367  0.00000000
 -0.13638516  0.00000000    0.00000000  0.10322233   -0.00000000 -0.07414975
 -0.04429367  0.00000000   -0.00000000 -0.07414975    0.00000000  0.10949031
    2    1
 -0.00000000 -0.11147147   -0.13638516 -0.00000000   -0.04429367  0.00000000
 -0.13638516 -0.00000000    0.00000000 -0.10322233    0.00000000  0.07414975
 -0.04429367 -0.00000000   -0.00000000  0.07414975    0.00000000 -0.10949031
    2    2
  0.26040904  0.00000000    0.00000000  0.00093491    0.00000000  0.01316398
 -0.00000000 -0.00093491    0.24648941 -0.00000000    0.00725023  0.00000000
  0.00000000 -0.01316398    0.00725023 -0.00000000    0.28986231 -0.00000000

     Dynamical  Matrix in cartesian axes

     q = (   -1.000000000   0.666666667   0.333333333 ) 

    1    1
  0.26040904  0.00000000    0.00000000  0.00093491    0.00000000  0.01316398
 -0.00000000 -0.00093491    0.24648941 -0.00000000    0.00725023  0.00000000
  0.00000000 -0.01316398    0.00725023 -0.00000000    0.28986231 -0.00000000
    1    2
 -0.00000000 -0.11147147   -0.13638516  0.00000000   -0.04429367  0.00000000
 -0.13638516  0.00000000   -0.00000000 -0.10322233    0.00000000  0.07414975
 -0.04429367  0.00000000    0.00000000  0.07414975   -0.00000000 -0.10949031
    2    1
 -0.00000000  0.11147147   -0.13638516 -0.00000000   -0.04429367  0.00000000
 -0.13638516 -0.00000000   -0.00000000  0.10322233    0.00000000 -0.07414975
 -0.04429367 -0.00000000    0.00000000 -0.07414975   -0.00000000  0.10949031
    2    2
  0.26040904 -0.00000000    0.00000000 -0.00093491   -0.00000000 -0.01316398
  0.00000000  0.00093491    0.24648941  0.00000000    0.00725023 -0.00000000
  0.00000000  0.01316398    0.00725023  0.00000000    0.28986231  0.00000000

     Dynamical  Matrix in cartesian axes

     q = (    0.333333333  -0.666666667   1.000000000 ) 

    1    1
  0.28986231  0.00000000   -0.00725023  0.00000000    0.00000000  0.01316398
 -0.00725023  0.00000000    0.24648941  0.00000000   -0.00000000 -0.00093491
 -0.00000000 -0.01316398   -0.00000000  0.00093491    0.26040904  0.00000000
    1    2
 -0.09482139 -0.05474515   -0.06421557 -0.03707488    0.02214684 -0.03835944
 -0.06421557 -0.03707488   -0.08939316 -0.05161117   -0.06819258  0.11811302
  0.02214684 -0.03835944   -0.06819258  0.11811302   -0.09653713 -0.05573574
    2    1
 -0.09482139  0.05474515   -0.06421557  0.03707488    0.02214684  0.03835944
 -0.06421557  0.03707488   -0.08939316  0.05161117   -0.06819258 -0.11811302
  0.02214684  0.03835944   -0.06819258 -0.11811302   -0.09653713  0.05573574
    2    2
  0.28986231 -0.00000000   -0.00725023 -0.00000000    0.00000000 -0.01316398
 -0.00725023 -0.00000000    0.24648941 -0.00000000    0.00000000  0.00093491
  0.00000000  0.01316398    0.00000000 -0.00093491    0.26040904  0.00000000

     Dynamical  Matrix in cartesian axes

     q = (    0.333333333  -1.000000000   0.666666667 ) 

    1    1
  0.28986231 -0.00000000    0.00000000 -0.01316398    0.00725023 -0.00000000
 -0.00000000  0.01316398    0.26040904 -0.00000000    0.00000000  0.00093491
  0.00725023 -0.00000000    0.00000000 -0.00093491    0.24648941 -0.00000000
    1    2
  0.00000000 -0.10949031   -0.04429367  0.00000000   -0.00000000  0.07414975
 -0.04429367  0.00000000    0.00000000 -0.11147147   -0.13638516  0.00000000
  0.00000000  0.07414975   -0.13638516  0.00000000   -0.00000000 -0.10322233
    2    1
 -0.00000000  0.10949031   -0.04429367  0.00000000    0.00000000 -0.07414975
 -0.04429367  0.00000000   -0.00000000  0.11147147   -0.13638516  0.00000000
  0.00000000 -0.07414975   -0.13638516 -0.00000000   -0.00000000  0.10322233
    2    2
  0.28986231  0.00000000    0.00000000  0.01316398    0.00725023  0.00000000
 -0.00000000 -0.01316398    0.26040904  0.00000000    0.00000000 -0.00093491
  0.00725023 -0.00000000    0.00000000  0.00093491    0.24648941 -0.00000000

     Dynamical  Matrix in cartesian axes

     q = (    0.666666667  -1.000000000   0.333333333 ) 

    1    1
  0.24648941  0.00000000   -0.00000000 -0.00093491    0.00725023  0.00000000
  0.00000000  0.00093491    0.26040904  0.00000000    0.00000000  0.01316398
  0.00725023 -0.00000000    0.00000000 -0.01316398    0.28986231 -0.00000000
    1    2
 -0.00000000 -0.10322233   -0.13638516  0.00000000    0.00000000  0.07414975
 -0.13638516  0.00000000   -0.00000000 -0.11147147   -0.04429367  0.00000000
  0.00000000  0.07414975   -0.04429367  0.00000000   -0.00000000 -0.10949031
    2    1
 -0.00000000  0.10322233   -0.13638516 -0.00000000    0.00000000 -0.07414975
 -0.13638516 -0.00000000   -0.00000000  0.11147147   -0.04429367  0.00000000
  0.00000000 -0.07414975   -0.04429367 -0.00000000   -0.00000000  0.10949031
    2    2
  0.24648941  0.00000000   -0.00000000  0.00093491    0.00725023  0.00000000
  0.00000000 -0.00093491    0.26040904 -0.00000000    0.00000000 -0.01316398
  0.00725023  0.00000000    0.00000000  0.01316398    0.28986231  0.00000000

     Dynamical  Matrix in cartesian axes

     q = (    0.333333333   0.666666667   1.000000000 ) 

    1    1
  0.28986231  0.00000000    0.00725023  0.00000000   -0.00000000 -0.01316398
  0.00725023  0.00000000    0.24648941 -0.00000000    0.00000000 -0.00093491
 -0.00000000  0.01316398    0.00000000  0.00093491    0.26040904 -0.00000000
    1    2
  0.00000000 -0.10949031   -0.00000000  0.07414975   -0.04429367 -0.00000000
 -0.00000000  0.07414975    0.00000000 -0.10322233   -0.13638516 -0.00000000
 -0.04429367 -0.00000000   -0.13638516 -0.00000000    0.00000000 -0.11147147
    2    1
  0.00000000  0.10949031   -0.00000000 -0.07414975   -0.04429367  0.00000000
 -0.00000000 -0.07414975    0.00000000  0.10322233   -0.13638516  0.00000000
 -0.04429367  0.00000000   -0.13638516  0.00000000    0.00000000  0.11147147
    2    2
  0.28986231 -0.00000000    0.00725023 -0.00000000    0.00000000  0.01316398
  0.00725023  0.00000000    0.24648941 -0.00000000    0.00000000  0.00093491
 -0.00000000 -0.01316398    0.00000000 -0.00093491    0.26040904 -0.00000000

     Dynamical  Matrix in cartesian axes

     q = (   -0.333333333  -0.666666667  -1.000000000 ) 

    1    1
  0.28986231 -0.00000000    0.00725023 -0.00000000    0.00000000  0.01316398
  0.00725023  0.00000000    0.24648941 -0.00000000    0.00000000  0.00093491
 -0.00000000 -0.01316398    0.00000000 -0.00093491    0.26040904 -0.00000000
    1    2
  0.00000000  0.10949031   -0.00000000 -0.07414975   -0.04429367  0.00000000
 -0.00000000 -0.07414975    0.00000000  0.10322233   -0.13638516  0.00000000
 -0.04429367  0.00000000   -0.13638516  0.00000000    0.00000000  0.11147147
    2    1
  0.00000000 -0.10949031   -0.00000000  0.07414975   -0.04429367 -0.00000000
 -0.00000000  0.07414975    0.00000000 -0.10322233   -0.13638516 -0.00000000
 -0.04429367 -0.00000000   -0.13638516 -0.00000000    0.00000000 -0.11147147
    2    2
  0.28986231  0.00000000    0.00725023  0.00000000   -0.00000000 -0.01316398
  0.00725023  0.00000000    0.24648941 -0.00000000    0.00000000 -0.00093491
 -0.00000000  0.01316398    0.00000000  0.00093491    0.26040904 -0.00000000

     Dynamical  Matrix in cartesian axes

     q = (   -0.666666667  -1.000000000   0.333333333 ) 

    1    1
  0.24648941 -0.00000000    0.00000000 -0.00093491   -0.00725023 -0.00000000
  0.00000000  0.00093491    0.26040904  0.00000000    0.00000000 -0.01316398
 -0.00725023 -0.00000000    0.00000000  0.01316398    0.28986231 -0.00000000
    1    2
 -0.08939316 -0.05161117   -0.06819258  0.11811302   -0.06421557 -0.03707488
 -0.06819258  0.11811302   -0.09653713 -0.05573574    0.02214684 -0.03835944
 -0.06421557 -0.03707488    0.02214684 -0.03835944   -0.09482139 -0.05474515
    2    1
 -0.08939316  0.05161117   -0.06819258 -0.11811302   -0.06421557  0.03707488
 -0.06819258 -0.11811302   -0.09653713  0.05573574    0.02214684  0.03835944
 -0.06421557  0.03707488    0.02214684  0.03835944   -0.09482139  0.05474515
    2    2
  0.24648941  0.00000000    0.00000000  0.00093491   -0.00725023  0.00000000
  0.00000000 -0.00093491    0.26040904 -0.00000000    0.00000000  0.01316398
 -0.00725023  0.00000000    0.00000000 -0.01316398    0.28986231  0.00000000

     Dynamical  Matrix in cartesian axes

     q = (    0.666666667   1.000000000  -0.333333333 ) 

    1    1
  0.24648941  0.00000000    0.00000000  0.00093491   -0.00725023  0.00000000
  0.00000000 -0.00093491    0.26040904 -0.00000000    0.00000000  0.01316398
 -0.00725023  0.00000000    0.00000000 -0.01316398    0.28986231  0.00000000
    1    2
 -0.08939316  0.05161117   -0.06819258 -0.11811302   -0.06421557  0.03707488
 -0.06819258 -0.11811302   -0.09653713  0.05573574    0.02214684  0.03835944
 -0.06421557  0.03707488    0.02214684  0.03835944   -0.09482139  0.05474515
    2    1
 -0.08939316 -0.05161117   -0.06819258  0.11811302   -0.06421557 -0.03707488
 -0.06819258  0.11811302   -0.09653713 -0.05573574    0.02214684 -0.03835944
 -0.06421557 -0.03707488    0.02214684 -0.03835944   -0.09482139 -0.05474515
    2    2
  0.24648941 -0.00000000    0.00000000 -0.00093491   -0.00725023 -0.00000000
  0.00000000  0.00093491    0.26040904  0.00000000    0.00000000 -0.01316398
 -0.00725023 -0.00000000    0.00000000  0.01316398    0.28986231 -0.00000000

     Dynamical  Matrix in cartesian axes

     q = (   -0.666666667  -1.000000000  -0.333333333 ) 

    1    1
  0.24648941  0.00000000   -0.00000000  0.00093491    0.00725023  0.00000000
  0.00000000 -0.00093491    0.26040904 -0.00000000    0.00000000 -0.01316398
  0.00725023  0.00000000    0.00000000  0.01316398    0.28986231  0.00000000
    1    2
  0.00000000  0.10322233   -0.13638516  0.00000000   -0.00000000 -0.07414975
 -0.13638516  0.00000000    0.00000000  0.11147147   -0.04429367  0.00000000
  0.00000000 -0.07414975   -0.04429367  0.00000000    0.00000000  0.10949031
    2    1
  0.00000000 -0.10322233   -0.13638516 -0.00000000   -0.00000000  0.07414975
 -0.13638516 -0.00000000   -0.00000000 -0.11147147   -0.04429367 -0.00000000
 -0.00000000  0.07414975   -0.04429367 -0.00000000    0.00000000 -0.10949031
    2    2
  0.24648941  0.00000000   -0.00000000 -0.00093491    0.00725023  0.00000000
  0.00000000  0.00093491    0.26040904  0.00000000    0.00000000  0.01316398
  0.00725023 -0.00000000    0.00000000 -0.01316398    0.28986231 -0.00000000

     Diagonalizing the dynamical matrix

     q = (    0.666666667  -0.333333333   1.000000000 ) 

 **************************************************************************
     freq (    1) =       4.853948 [THz] =     161.910270 [cm-1]
 (  0.302839  0.524533  0.149674  0.259244 -0.180714  0.104335 ) 
 (  0.000000  0.605679  0.000000  0.299349  0.208670  0.000000 ) 
     freq (    2) =       5.453873 [THz] =     181.921637 [cm-1]
 ( -0.163809 -0.283725  0.062362  0.108014 -0.531820  0.307047 ) 
 (  0.000000  0.327618  0.000000 -0.124723 -0.614093  0.000000 ) 
     freq (    3) =       8.637433 [THz] =     288.113769 [cm-1]
 (  0.095675  0.165714 -0.302430 -0.523824 -0.270457  0.156148 ) 
 (  0.000000  0.191351 -0.000000 -0.604860  0.312297  0.000000 ) 
     freq (    4) =      12.483287 [THz] =     416.397648 [cm-1]
 ( -0.189200 -0.327704  0.256486  0.444247  0.265057 -0.153031 ) 
 (  0.000000  0.378400  0.000000 -0.512972  0.306061  0.000000 ) 
     freq (    5) =      13.931752 [THz] =     464.713240 [cm-1]
 ( -0.249740 -0.432562 -0.235215 -0.407404  0.148027 -0.085463 ) 
 (  0.000000  0.499480  0.000000  0.470430  0.170927  0.000000 ) 
     freq (    6) =      13.996296 [THz] =     466.866177 [cm-1]
 ( -0.155353 -0.269079  0.105516  0.182760 -0.518841  0.299553 ) 
 ( -0.000000 -0.310706 -0.000000  0.211032  0.599105  0.000000 ) 
 **************************************************************************
