Dynamical matrix file
                                                                           
  1    2  2 10.3160000  0.0000000  0.0000000  0.0000000  0.0000000  0.0000000
           1  'Si  '    25598.8229845270     
    1    1      0.0000000000      0.0000000000      0.0000000000
    2    1      0.2500000000      0.2500000000      0.2500000000

     Dynamical  Matrix in cartesian axes

     q = (   -0.166666667   0.500000000  -0.166666667 ) 

    1    1
  0.25320852 -0.00000000   -0.00668737  0.00544543    0.00431909 -0.00000000
 -0.00668737 -0.00544543    0.29370333 -0.00000000   -0.00668737 -0.00544543
  0.00431909 -0.00000000   -0.00668737  0.00544543    0.25320852 -0.00000000
    1    2
 -0.15516252  0.05628306   -0.02052580  0.03645706   -0.01971760 -0.11295150
 -0.02052580  0.03645706   -0.16210419  0.06634246   -0.02052580  0.03645706
 -0.01971760 -0.11295150   -0.02052580  0.03645706   -0.15516252  0.05628306
    2    1
 -0.15516252 -0.05628306   -0.02052580 -0.03645706   -0.01971760  0.11295150
 -0.02052580 -0.03645706   -0.16210419 -0.06634246   -0.02052580 -0.03645706
 -0.01971760  0.11295150   -0.02052580 -0.03645706   -0.15516252 -0.05628306
    2    2
  0.25320852  0.00000000   -0.00668737 -0.00544543    0.00431909  0.00000000
 -0.00668737  0.00544543    0.29370333  0.00000000   -0.00668737  0.00544543
  0.00431909  0.00000000   -0.00668737 -0.00544543    0.25320852  0.00000000

     Dynamical  Matrix in cartesian axes

     q = (    0.166666667   0.500000000   0.166666667 ) 

    1    1
  0.25320852  0.00000000    0.00668737 -0.00544543    0.00431909  0.00000000
  0.00668737  0.00544543    0.29370333  0.00000000    0.00668737  0.00544543
  0.00431909  0.00000000    0.00668737 -0.00544543    0.25320852  0.00000000
    1    2
 -0.02883870  0.16251622   -0.02130984 -0.03600439   -0.10767767 -0.03939981
 -0.02130984 -0.03600439   -0.02359784  0.17355758   -0.02130984 -0.03600439
 -0.10767767 -0.03939981   -0.02130984 -0.03600439   -0.02883870  0.16251622
    2    1
 -0.02883870 -0.16251622   -0.02130984  0.03600439   -0.10767767  0.03939981
 -0.02130984  0.03600439   -0.02359784 -0.17355758   -0.02130984  0.03600439
 -0.10767767  0.03939981   -0.02130984  0.03600439   -0.02883870 -0.16251622
    2    2
  0.25320852 -0.00000000    0.00668737  0.00544543    0.00431909 -0.00000000
  0.00668737 -0.00544543    0.29370333 -0.00000000    0.00668737 -0.00544543
  0.00431909 -0.00000000    0.00668737  0.00544543    0.25320852 -0.00000000

     Dynamical  Matrix in cartesian axes

     q = (   -0.166666667   0.500000000   0.166666667 ) 

    1    1
  0.25320852  0.00000000   -0.00668737 -0.00544543   -0.00431909  0.00000000
 -0.00668737  0.00544543    0.29370333  0.00000000    0.00668737 -0.00544543
 -0.00431909  0.00000000    0.00668737  0.00544543    0.25320852  0.00000000
    1    2
 -0.12632382  0.10623316   -0.04183564 -0.00045267   -0.08796007 -0.07355169
 -0.04183564 -0.00045267   -0.13850635  0.10721511    0.04183564  0.00045267
 -0.08796007 -0.07355169    0.04183564  0.00045267   -0.12632382  0.10623316
    2    1
 -0.12632382 -0.10623316   -0.04183564  0.00045267   -0.08796007  0.07355169
 -0.04183564  0.00045267   -0.13850635 -0.10721511    0.04183564 -0.00045267
 -0.08796007  0.07355169    0.04183564 -0.00045267   -0.12632382 -0.10623316
    2    2
  0.25320852  0.00000000   -0.00668737  0.00544543   -0.00431909  0.00000000
 -0.00668737 -0.00544543    0.29370333 -0.00000000    0.00668737  0.00544543
 -0.00431909  0.00000000    0.00668737 -0.00544543    0.25320852  0.00000000

     Dynamical  Matrix in cartesian axes

     q = (    0.166666667   0.500000000  -0.166666667 ) 

    1    1
  0.25320852  0.00000000    0.00668737  0.00544543   -0.00431909  0.00000000
  0.00668737 -0.00544543    0.29370333 -0.00000000   -0.00668737  0.00544543
 -0.00431909  0.00000000   -0.00668737 -0.00544543    0.25320852  0.00000000
    1    2
 -0.12632382  0.10623316    0.04183564  0.00045267   -0.08796007 -0.07355169
  0.04183564  0.00045267   -0.13850635  0.10721511   -0.04183564 -0.00045267
 -0.08796007 -0.07355169   -0.04183564 -0.00045267   -0.12632382  0.10623316
    2    1
 -0.12632382 -0.10623316    0.04183564 -0.00045267   -0.08796007  0.07355169
  0.04183564 -0.00045267   -0.13850635 -0.10721511   -0.04183564  0.00045267
 -0.08796007  0.07355169   -0.04183564  0.00045267   -0.12632382 -0.10623316
    2    2
  0.25320852  0.00000000    0.00668737 -0.00544543   -0.00431909  0.00000000
  0.00668737  0.00544543    0.29370333  0.00000000   -0.00668737 -0.00544543
 -0.00431909  0.00000000   -0.00668737  0.00544543    0.25320852  0.00000000

     Dynamical  Matrix in cartesian axes

     q = (    0.500000000  -0.166666667   0.166666667 ) 

    1    1
  0.29370333  0.00000000   -0.00668737  0.00544543    0.00668737 -0.00544543
 -0.00668737 -0.00544543    0.25320852  0.00000000   -0.00431909 -0.00000000
  0.00668737  0.00544543   -0.00431909 -0.00000000    0.25320852  0.00000000
    1    2
 -0.13850635  0.10721511   -0.04183564 -0.00045267    0.04183564  0.00045267
 -0.04183564 -0.00045267   -0.12632382  0.10623316   -0.08796007 -0.07355169
  0.04183564  0.00045267   -0.08796007 -0.07355169   -0.12632382  0.10623316
    2    1
 -0.13850635 -0.10721511   -0.04183564  0.00045267    0.04183564 -0.00045267
 -0.04183564  0.00045267   -0.12632382 -0.10623316   -0.08796007  0.07355169
  0.04183564 -0.00045267   -0.08796007  0.07355169   -0.12632382 -0.10623316
    2    2
  0.29370333 -0.00000000   -0.00668737 -0.00544543    0.00668737  0.00544543
 -0.00668737  0.00544543    0.25320852 -0.00000000   -0.00431909  0.00000000
  0.00668737 -0.00544543   -0.00431909  0.00000000    0.25320852 -0.00000000

     Dynamical  Matrix in cartesian axes

     q = (    0.166666667  -0.166666667   0.500000000 ) 

    1    1
  0.25320852  0.00000000   -0.00431909 -0.00000000    0.00668737  0.00544543
 -0.00431909 -0.00000000    0.25320852  0.00000000   -0.00668737 -0.00544543
  0.00668737 -0.00544543   -0.00668737  0.00544543    0.29370333  0.00000000
    1    2
 -0.12632382  0.10623316   -0.08796007 -0.07355169    0.04183564  0.00045267
 -0.08796007 -0.07355169   -0.12632382  0.10623316   -0.04183564 -0.00045267
  0.04183564  0.00045267   -0.04183564 -0.00045267   -0.13850635  0.10721511
    2    1
 -0.12632382 -0.10623316   -0.08796007  0.07355169    0.04183564 -0.00045267
 -0.08796007  0.07355169   -0.12632382 -0.10623316   -0.04183564  0.00045267
  0.04183564 -0.00045267   -0.04183564  0.00045267   -0.13850635 -0.10721511
    2    2
  0.25320852 -0.00000000   -0.00431909  0.00000000    0.00668737 -0.00544543
 -0.00431909  0.00000000    0.25320852 -0.00000000   -0.00668737  0.00544543
  0.00668737  0.00544543   -0.00668737 -0.00544543    0.29370333 -0.00000000

     Dynamical  Matrix in cartesian axes

     q = (   -0.166666667  -0.500000000  -0.166666667 ) 

    1    1
  0.25320852 -0.00000000    0.00668737  0.00544543    0.00431909 -0.00000000
  0.00668737 -0.00544543    0.29370333 -0.00000000    0.00668737 -0.00544543
  0.00431909 -0.00000000    0.00668737  0.00544543    0.25320852 -0.00000000
    1    2
 -0.02883870 -0.16251622   -0.02130984  0.03600439   -0.10767767  0.03939981
 -0.02130984  0.03600439   -0.02359784 -0.17355758   -0.02130984  0.03600439
 -0.10767767  0.03939981   -0.02130984  0.03600439   -0.02883870 -0.16251622
    2    1
 -0.02883870  0.16251622   -0.02130984 -0.03600439   -0.10767767 -0.03939981
 -0.02130984 -0.03600439   -0.02359784  0.17355758   -0.02130984 -0.03600439
 -0.10767767 -0.03939981   -0.02130984 -0.03600439   -0.02883870  0.16251622
    2    2
  0.25320852  0.00000000    0.00668737 -0.00544543    0.00431909  0.00000000
  0.00668737  0.00544543    0.29370333  0.00000000    0.00668737  0.00544543
  0.00431909  0.00000000    0.00668737 -0.00544543    0.25320852  0.00000000

     Dynamical  Matrix in cartesian axes

     q = (    0.166666667  -0.500000000  -0.166666667 ) 

    1    1
  0.25320852  0.00000000   -0.00668737  0.00544543   -0.00431909  0.00000000
 -0.00668737 -0.00544543    0.29370333 -0.00000000    0.00668737  0.00544543
 -0.00431909  0.00000000    0.00668737 -0.00544543    0.25320852  0.00000000
    1    2
 -0.12632382 -0.10623316   -0.04183564  0.00045267   -0.08796007  0.07355169
 -0.04183564  0.00045267   -0.13850635 -0.10721511    0.04183564 -0.00045267
 -0.08796007  0.07355169    0.04183564 -0.00045267   -0.12632382 -0.10623316
    2    1
 -0.12632382  0.10623316   -0.04183564 -0.00045267   -0.08796007 -0.07355169
 -0.04183564 -0.00045267   -0.13850635  0.10721511    0.04183564  0.00045267
 -0.08796007 -0.07355169    0.04183564  0.00045267   -0.12632382  0.10623316
    2    2
  0.25320852  0.00000000   -0.00668737 -0.00544543   -0.00431909  0.00000000
 -0.00668737  0.00544543    0.29370333  0.00000000    0.00668737 -0.00544543
 -0.00431909  0.00000000    0.00668737  0.00544543    0.25320852  0.00000000

     Dynamical  Matrix in cartesian axes

     q = (   -0.166666667  -0.500000000   0.166666667 ) 

    1    1
  0.25320852  0.00000000    0.00668737 -0.00544543   -0.00431909  0.00000000
  0.00668737  0.00544543    0.29370333  0.00000000   -0.00668737 -0.00544543
 -0.00431909  0.00000000   -0.00668737  0.00544543    0.25320852  0.00000000
    1    2
 -0.12632382 -0.10623316    0.04183564 -0.00045267   -0.08796007  0.07355169
  0.04183564 -0.00045267   -0.13850635 -0.10721511   -0.04183564  0.00045267
 -0.08796007  0.07355169   -0.04183564  0.00045267   -0.12632382 -0.10623316
    2    1
 -0.12632382  0.10623316    0.04183564  0.00045267   -0.08796007 -0.07355169
  0.04183564  0.00045267   -0.13850635  0.10721511   -0.04183564 -0.00045267
 -0.08796007 -0.07355169   -0.04183564 -0.00045267   -0.12632382  0.10623316
    2    2
  0.25320852  0.00000000    0.00668737  0.00544543   -0.00431909  0.00000000
  0.00668737 -0.00544543    0.29370333 -0.00000000   -0.00668737  0.00544543
 -0.00431909  0.00000000   -0.00668737 -0.00544543    0.25320852  0.00000000

     Dynamical  Matrix in cartesian axes

     q = (    0.500000000  -0.166666667  -0.166666667 ) 

    1    1
  0.29370333 -0.00000000   -0.00668737 -0.00544543   -0.00668737 -0.00544543
 -0.00668737  0.00544543    0.25320852 -0.00000000    0.00431909  0.00000000
 -0.00668737  0.00544543    0.00431909  0.00000000    0.25320852 -0.00000000
    1    2
 -0.16210419  0.06634246   -0.02052580  0.03645706   -0.02052580  0.03645706
 -0.02052580  0.03645706   -0.15516252  0.05628306   -0.01971760 -0.11295150
 -0.02052580  0.03645706   -0.01971760 -0.11295150   -0.15516252  0.05628306
    2    1
 -0.16210419 -0.06634246   -0.02052580 -0.03645706   -0.02052580 -0.03645706
 -0.02052580 -0.03645706   -0.15516252 -0.05628306   -0.01971760  0.11295150
 -0.02052580 -0.03645706   -0.01971760  0.11295150   -0.15516252 -0.05628306
    2    2
  0.29370333  0.00000000   -0.00668737  0.00544543   -0.00668737  0.00544543
 -0.00668737 -0.00544543    0.25320852  0.00000000    0.00431909 -0.00000000
 -0.00668737 -0.00544543    0.00431909 -0.00000000    0.25320852  0.00000000

     Dynamical  Matrix in cartesian axes

     q = (   -0.500000000  -0.166666667   0.166666667 ) 

    1    1
  0.29370333  0.00000000    0.00668737  0.00544543   -0.00668737 -0.00544543
  0.00668737 -0.00544543    0.25320852  0.00000000   -0.00431909 -0.00000000
 -0.00668737  0.00544543   -0.00431909 -0.00000000    0.25320852  0.00000000
    1    2
 -0.13850635 -0.10721511    0.04183564 -0.00045267   -0.04183564  0.00045267
  0.04183564 -0.00045267   -0.12632382 -0.10623316   -0.08796007  0.07355169
 -0.04183564  0.00045267   -0.08796007  0.07355169   -0.12632382 -0.10623316
    2    1
 -0.13850635  0.10721511    0.04183564  0.00045267   -0.04183564 -0.00045267
  0.04183564  0.00045267   -0.12632382  0.10623316   -0.08796007 -0.07355169
 -0.04183564 -0.00045267   -0.08796007 -0.07355169   -0.12632382  0.10623316
    2    2
  0.29370333 -0.00000000    0.00668737 -0.00544543   -0.00668737  0.00544543
  0.00668737  0.00544543    0.25320852 -0.00000000   -0.00431909  0.00000000
 -0.00668737 -0.00544543   -0.00431909  0.00000000    0.25320852 -0.00000000

     Dynamical  Matrix in cartesian axes

     q = (    0.500000000   0.166666667   0.166666667 ) 

    1    1
  0.29370333  0.00000000    0.00668737  0.00544543    0.00668737  0.00544543
  0.00668737 -0.00544543    0.25320852  0.00000000    0.00431909 -0.00000000
  0.00668737 -0.00544543    0.00431909 -0.00000000    0.25320852  0.00000000
    1    2
 -0.02359784  0.17355758   -0.02130984 -0.03600439   -0.02130984 -0.03600439
 -0.02130984 -0.03600439   -0.02883870  0.16251622   -0.10767767 -0.03939981
 -0.02130984 -0.03600439   -0.10767767 -0.03939981   -0.02883870  0.16251622
    2    1
 -0.02359784 -0.17355758   -0.02130984  0.03600439   -0.02130984  0.03600439
 -0.02130984  0.03600439   -0.02883870 -0.16251622   -0.10767767  0.03939981
 -0.02130984  0.03600439   -0.10767767  0.03939981   -0.02883870 -0.16251622
    2    2
  0.29370333 -0.00000000    0.00668737 -0.00544543    0.00668737 -0.00544543
  0.00668737  0.00544543    0.25320852 -0.00000000    0.00431909  0.00000000
  0.00668737  0.00544543    0.00431909  0.00000000    0.25320852 -0.00000000

     Dynamical  Matrix in cartesian axes

     q = (   -0.166666667   0.166666667  -0.500000000 ) 

    1    1
  0.25320852 -0.00000000   -0.00431909  0.00000000    0.00668737 -0.00544543
 -0.00431909  0.00000000    0.25320852 -0.00000000   -0.00668737  0.00544543
  0.00668737  0.00544543   -0.00668737 -0.00544543    0.29370333 -0.00000000
    1    2
 -0.12632382 -0.10623316   -0.08796007  0.07355169    0.04183564 -0.00045267
 -0.08796007  0.07355169   -0.12632382 -0.10623316   -0.04183564  0.00045267
  0.04183564 -0.00045267   -0.04183564  0.00045267   -0.13850635 -0.10721511
    2    1
 -0.12632382  0.10623316   -0.08796007 -0.07355169    0.04183564  0.00045267
 -0.08796007 -0.07355169   -0.12632382  0.10623316   -0.04183564 -0.00045267
  0.04183564  0.00045267   -0.04183564 -0.00045267   -0.13850635  0.10721511
    2    2
  0.25320852  0.00000000   -0.00431909 -0.00000000    0.00668737  0.00544543
 -0.00431909 -0.00000000    0.25320852  0.00000000   -0.00668737 -0.00544543
  0.00668737 -0.00544543   -0.00668737  0.00544543    0.29370333  0.00000000

     Dynamical  Matrix in cartesian axes

     q = (   -0.166666667  -0.166666667   0.500000000 ) 

    1    1
  0.25320852  0.00000000    0.00431909  0.00000000   -0.00668737  0.00544543
  0.00431909  0.00000000    0.25320852  0.00000000   -0.00668737  0.00544543
 -0.00668737 -0.00544543   -0.00668737 -0.00544543    0.29370333  0.00000000
    1    2
 -0.15516252  0.05628306   -0.01971760 -0.11295150   -0.02052580  0.03645706
 -0.01971760 -0.11295150   -0.15516252  0.05628306   -0.02052580  0.03645706
 -0.02052580  0.03645706   -0.02052580  0.03645706   -0.16210419  0.06634246
    2    1
 -0.15516252 -0.05628306   -0.01971760  0.11295150   -0.02052580 -0.03645706
 -0.01971760  0.11295150   -0.15516252 -0.05628306   -0.02052580 -0.03645706
 -0.02052580 -0.03645706   -0.02052580 -0.03645706   -0.16210419 -0.06634246
    2    2
  0.25320852 -0.00000000    0.00431909 -0.00000000   -0.00668737 -0.00544543
  0.00431909 -0.00000000    0.25320852 -0.00000000   -0.00668737 -0.00544543
 -0.00668737  0.00544543   -0.00668737  0.00544543    0.29370333 -0.00000000

     Dynamical  Matrix in cartesian axes

     q = (    0.166666667   0.166666667   0.500000000 ) 

    1    1
  0.25320852 -0.00000000    0.00431909 -0.00000000    0.00668737 -0.00544543
  0.00431909 -0.00000000    0.25320852 -0.00000000    0.00668737 -0.00544543
  0.00668737  0.00544543    0.00668737  0.00544543    0.29370333 -0.00000000
    1    2
 -0.02883870  0.16251622   -0.10767767 -0.03939981   -0.02130984 -0.03600439
 -0.10767767 -0.03939981   -0.02883870  0.16251622   -0.02130984 -0.03600439
 -0.02130984 -0.03600439   -0.02130984 -0.03600439   -0.02359784  0.17355758
    2    1
 -0.02883870 -0.16251622   -0.10767767  0.03939981   -0.02130984  0.03600439
 -0.10767767  0.03939981   -0.02883870 -0.16251622   -0.02130984  0.03600439
 -0.02130984  0.03600439   -0.02130984  0.03600439   -0.02359784 -0.17355758
    2    2
  0.25320852  0.00000000    0.00431909  0.00000000    0.00668737  0.00544543
  0.00431909  0.00000000    0.25320852  0.00000000    0.00668737  0.00544543
  0.00668737 -0.00544543    0.00668737 -0.00544543    0.29370333  0.00000000

     Dynamical  Matrix in cartesian axes

     q = (    0.166666667  -0.166666667  -0.500000000 ) 

    1    1
  0.25320852 -0.00000000   -0.00431909  0.00000000   -0.00668737  0.00544543
 -0.00431909  0.00000000    0.25320852 -0.00000000    0.00668737 -0.00544543
 -0.00668737 -0.00544543    0.00668737  0.00544543    0.29370333 -0.00000000
    1    2
 -0.12632382 -0.10623316   -0.08796007  0.07355169   -0.04183564  0.00045267
 -0.08796007  0.07355169   -0.12632382 -0.10623316    0.04183564 -0.00045267
 -0.04183564  0.00045267    0.04183564 -0.00045267   -0.13850635 -0.10721511
    2    1
 -0.12632382  0.10623316   -0.08796007 -0.07355169   -0.04183564 -0.00045267
 -0.08796007 -0.07355169   -0.12632382  0.10623316    0.04183564  0.00045267
 -0.04183564 -0.00045267    0.04183564  0.00045267   -0.13850635  0.10721511
    2    2
  0.25320852  0.00000000   -0.00431909 -0.00000000   -0.00668737 -0.00544543
 -0.00431909 -0.00000000    0.25320852  0.00000000    0.00668737  0.00544543
 -0.00668737  0.00544543    0.00668737 -0.00544543    0.29370333  0.00000000

     Dynamical  Matrix in cartesian axes

     q = (   -0.500000000   0.166666667  -0.166666667 ) 

    1    1
  0.29370333 -0.00000000   -0.00668737 -0.00544543    0.00668737  0.00544543
 -0.00668737  0.00544543    0.25320852 -0.00000000   -0.00431909  0.00000000
  0.00668737 -0.00544543   -0.00431909  0.00000000    0.25320852 -0.00000000
    1    2
 -0.13850635 -0.10721511   -0.04183564  0.00045267    0.04183564 -0.00045267
 -0.04183564  0.00045267   -0.12632382 -0.10623316   -0.08796007  0.07355169
  0.04183564 -0.00045267   -0.08796007  0.07355169   -0.12632382 -0.10623316
    2    1
 -0.13850635  0.10721511   -0.04183564 -0.00045267    0.04183564  0.00045267
 -0.04183564 -0.00045267   -0.12632382  0.10623316   -0.08796007 -0.07355169
  0.04183564  0.00045267   -0.08796007 -0.07355169   -0.12632382  0.10623316
    2    2
  0.29370333  0.00000000   -0.00668737  0.00544543    0.00668737 -0.00544543
 -0.00668737 -0.00544543    0.25320852  0.00000000   -0.00431909 -0.00000000
  0.00668737  0.00544543   -0.00431909 -0.00000000    0.25320852  0.00000000

     Dynamical  Matrix in cartesian axes

     q = (   -0.500000000  -0.166666667  -0.166666667 ) 

    1    1
  0.29370333 -0.00000000    0.00668737 -0.00544543    0.00668737 -0.00544543
  0.00668737  0.00544543    0.25320852 -0.00000000    0.00431909  0.00000000
  0.00668737  0.00544543    0.00431909  0.00000000    0.25320852 -0.00000000
    1    2
 -0.02359784 -0.17355758   -0.02130984  0.03600439   -0.02130984  0.03600439
 -0.02130984  0.03600439   -0.02883870 -0.16251622   -0.10767767  0.03939981
 -0.02130984  0.03600439   -0.10767767  0.03939981   -0.02883870 -0.16251622
    2    1
 -0.02359784  0.17355758   -0.02130984 -0.03600439   -0.02130984 -0.03600439
 -0.02130984 -0.03600439   -0.02883870  0.16251622   -0.10767767 -0.03939981
 -0.02130984 -0.03600439   -0.10767767 -0.03939981   -0.02883870  0.16251622
    2    2
  0.29370333  0.00000000    0.00668737  0.00544543    0.00668737  0.00544543
  0.00668737 -0.00544543    0.25320852  0.00000000    0.00431909 -0.00000000
  0.00668737 -0.00544543    0.00431909 -0.00000000    0.25320852  0.00000000

     Dynamical  Matrix in cartesian axes

     q = (    0.166666667  -0.500000000   0.166666667 ) 

    1    1
  0.25320852  0.00000000   -0.00668737 -0.00544543    0.00431909  0.00000000
 -0.00668737  0.00544543    0.29370333  0.00000000   -0.00668737  0.00544543
  0.00431909  0.00000000   -0.00668737 -0.00544543    0.25320852  0.00000000
    1    2
 -0.15516252 -0.05628306   -0.02052580 -0.03645706   -0.01971760  0.11295150
 -0.02052580 -0.03645706   -0.16210419 -0.06634246   -0.02052580 -0.03645706
 -0.01971760  0.11295150   -0.02052580 -0.03645706   -0.15516252 -0.05628306
    2    1
 -0.15516252  0.05628306   -0.02052580  0.03645706   -0.01971760 -0.11295150
 -0.02052580  0.03645706   -0.16210419  0.06634246   -0.02052580  0.03645706
 -0.01971760 -0.11295150   -0.02052580  0.03645706   -0.15516252  0.05628306
    2    2
  0.25320852 -0.00000000   -0.00668737  0.00544543    0.00431909 -0.00000000
 -0.00668737 -0.00544543    0.29370333 -0.00000000   -0.00668737 -0.00544543
  0.00431909 -0.00000000   -0.00668737  0.00544543    0.25320852 -0.00000000

     Dynamical  Matrix in cartesian axes

     q = (    0.500000000   0.166666667  -0.166666667 ) 

    1    1
  0.29370333 -0.00000000    0.00668737 -0.00544543   -0.00668737  0.00544543
  0.00668737  0.00544543    0.25320852 -0.00000000   -0.00431909  0.00000000
 -0.00668737 -0.00544543   -0.00431909  0.00000000    0.25320852 -0.00000000
    1    2
 -0.13850635  0.10721511    0.04183564  0.00045267   -0.04183564 -0.00045267
  0.04183564  0.00045267   -0.12632382  0.10623316   -0.08796007 -0.07355169
 -0.04183564 -0.00045267   -0.08796007 -0.07355169   -0.12632382  0.10623316
    2    1
 -0.13850635 -0.10721511    0.04183564 -0.00045267   -0.04183564  0.00045267
  0.04183564 -0.00045267   -0.12632382 -0.10623316   -0.08796007  0.07355169
 -0.04183564  0.00045267   -0.08796007  0.07355169   -0.12632382 -0.10623316
    2    2
  0.29370333  0.00000000    0.00668737  0.00544543   -0.00668737 -0.00544543
  0.00668737 -0.00544543    0.25320852  0.00000000   -0.00431909 -0.00000000
 -0.00668737  0.00544543   -0.00431909 -0.00000000    0.25320852  0.00000000

     Dynamical  Matrix in cartesian axes

     q = (    0.166666667   0.166666667  -0.500000000 ) 

    1    1
  0.25320852 -0.00000000    0.00431909 -0.00000000   -0.00668737 -0.00544543
  0.00431909 -0.00000000    0.25320852 -0.00000000   -0.00668737 -0.00544543
 -0.00668737  0.00544543   -0.00668737  0.00544543    0.29370333 -0.00000000
    1    2
 -0.15516252 -0.05628306   -0.01971760  0.11295150   -0.02052580 -0.03645706
 -0.01971760  0.11295150   -0.15516252 -0.05628306   -0.02052580 -0.03645706
 -0.02052580 -0.03645706   -0.02052580 -0.03645706   -0.16210419 -0.06634246
    2    1
 -0.15516252  0.05628306   -0.01971760 -0.11295150   -0.02052580  0.03645706
 -0.01971760 -0.11295150   -0.15516252  0.05628306   -0.02052580  0.03645706
 -0.02052580  0.03645706   -0.02052580  0.03645706   -0.16210419  0.06634246
    2    2
  0.25320852  0.00000000    0.00431909  0.00000000   -0.00668737  0.00544543
  0.00431909  0.00000000    0.25320852  0.00000000   -0.00668737  0.00544543
 -0.00668737 -0.00544543   -0.00668737 -0.00544543    0.29370333  0.00000000

     Dynamical  Matrix in cartesian axes

     q = (   -0.166666667  -0.166666667  -0.500000000 ) 

    1    1
  0.25320852  0.00000000    0.00431909  0.00000000    0.00668737  0.00544543
  0.00431909  0.00000000    0.25320852  0.00000000    0.00668737  0.00544543
  0.00668737 -0.00544543    0.00668737 -0.00544543    0.29370333  0.00000000
    1    2
 -0.02883870 -0.16251622   -0.10767767  0.03939981   -0.02130984  0.03600439
 -0.10767767  0.03939981   -0.02883870 -0.16251622   -0.02130984  0.03600439
 -0.02130984  0.03600439   -0.02130984  0.03600439   -0.02359784 -0.17355758
    2    1
 -0.02883870  0.16251622   -0.10767767 -0.03939981   -0.02130984 -0.03600439
 -0.10767767 -0.03939981   -0.02883870  0.16251622   -0.02130984 -0.03600439
 -0.02130984 -0.03600439   -0.02130984 -0.03600439   -0.02359784  0.17355758
    2    2
  0.25320852 -0.00000000    0.00431909 -0.00000000    0.00668737 -0.00544543
  0.00431909 -0.00000000    0.25320852 -0.00000000    0.00668737 -0.00544543
  0.00668737  0.00544543    0.00668737  0.00544543    0.29370333 -0.00000000

     Dynamical  Matrix in cartesian axes

     q = (   -0.500000000   0.166666667   0.166666667 ) 

    1    1
  0.29370333  0.00000000   -0.00668737  0.00544543   -0.00668737  0.00544543
 -0.00668737 -0.00544543    0.25320852  0.00000000    0.00431909 -0.00000000
 -0.00668737 -0.00544543    0.00431909 -0.00000000    0.25320852  0.00000000
    1    2
 -0.16210419 -0.06634246   -0.02052580 -0.03645706   -0.02052580 -0.03645706
 -0.02052580 -0.03645706   -0.15516252 -0.05628306   -0.01971760  0.11295150
 -0.02052580 -0.03645706   -0.01971760  0.11295150   -0.15516252 -0.05628306
    2    1
 -0.16210419  0.06634246   -0.02052580  0.03645706   -0.02052580  0.03645706
 -0.02052580  0.03645706   -0.15516252  0.05628306   -0.01971760 -0.11295150
 -0.02052580  0.03645706   -0.01971760 -0.11295150   -0.15516252  0.05628306
    2    2
  0.29370333 -0.00000000   -0.00668737 -0.00544543   -0.00668737 -0.00544543
 -0.00668737  0.00544543    0.25320852 -0.00000000    0.00431909  0.00000000
 -0.00668737  0.00544543    0.00431909  0.00000000    0.25320852 -0.00000000

     Dynamical  Matrix in cartesian axes

     q = (   -0.166666667   0.166666667   0.500000000 ) 

    1    1
  0.25320852  0.00000000   -0.00431909 -0.00000000   -0.00668737 -0.00544543
 -0.00431909 -0.00000000    0.25320852  0.00000000    0.00668737  0.00544543
 -0.00668737  0.00544543    0.00668737 -0.00544543    0.29370333  0.00000000
    1    2
 -0.12632382  0.10623316   -0.08796007 -0.07355169   -0.04183564 -0.00045267
 -0.08796007 -0.07355169   -0.12632382  0.10623316    0.04183564  0.00045267
 -0.04183564 -0.00045267    0.04183564  0.00045267   -0.13850635  0.10721511
    2    1
 -0.12632382 -0.10623316   -0.08796007  0.07355169   -0.04183564  0.00045267
 -0.08796007  0.07355169   -0.12632382 -0.10623316    0.04183564 -0.00045267
 -0.04183564  0.00045267    0.04183564 -0.00045267   -0.13850635 -0.10721511
    2    2
  0.25320852 -0.00000000   -0.00431909  0.00000000   -0.00668737  0.00544543
 -0.00431909  0.00000000    0.25320852 -0.00000000    0.00668737 -0.00544543
 -0.00668737 -0.00544543    0.00668737  0.00544543    0.29370333 -0.00000000

     Diagonalizing the dynamical matrix

     q = (   -0.166666667   0.500000000  -0.166666667 ) 

 **************************************************************************
     freq (    1) =       3.685570 [THz] =     122.937378 [cm-1]
 ( -0.312428  0.390370  0.000000 -0.000000  0.312428 -0.390370 ) 
 ( -0.500000  0.000000  0.000000  0.000000  0.500000  0.000000 ) 
     freq (    2) =       4.494783 [THz] =     149.929809 [cm-1]
 ( -0.423684 -0.059356 -0.352421  0.098673 -0.423684 -0.059356 ) 
 ( -0.427822  0.000000 -0.335323 -0.146614 -0.427822  0.000000 ) 
     freq (    3) =       7.383648 [THz] =     246.291974 [cm-1]
 (  0.156423  0.219672 -0.555584 -0.214193  0.156423  0.219672 ) 
 (  0.269674  0.000000 -0.496742 -0.328328  0.269674  0.000000 ) 
     freq (    4) =      13.596837 [THz] =     453.541662 [cm-1]
 ( -0.361018 -0.197231  0.377371  0.138285 -0.361018 -0.197231 ) 
 (  0.411381 -0.000000 -0.397471 -0.059570  0.411381  0.000000 ) 
     freq (    5) =      14.031219 [THz] =     468.031088 [cm-1]
 ( -0.312428  0.390370  0.000000 -0.000000  0.312428 -0.390370 ) 
 (  0.500000  0.000000 -0.000000  0.000000 -0.500000  0.000000 ) 
     freq (    6) =      14.370815 [THz] =     479.358790 [cm-1]
 (  0.273582  0.012767  0.570287 -0.157328  0.273582  0.012767 ) 
 ( -0.273880 -0.000000 -0.562333 -0.183741 -0.273880  0.000000 ) 
 **************************************************************************
