Dynamical matrix file
                                                                           
  1    2  2 10.3040000  0.0000000  0.0000000  0.0000000  0.0000000  0.0000000
           1  'Si  '    25598.8229845270     
    1    1      0.0000000000      0.0000000000      0.0000000000
    2    1      0.2500000000      0.2500000000      0.2500000000

     Dynamical  Matrix in cartesian axes

     q = (    0.500000000  -0.166666667   0.500000000 ) 

    1    1
  0.26472463  0.00000000   -0.00849379  0.00677785    0.01182671  0.00000000
 -0.00849379 -0.00677785    0.27871587  0.00000000   -0.00849379 -0.00677785
  0.01182671  0.00000000   -0.00849379  0.00677785    0.26472463  0.00000000
    1    2
 -0.06814823  0.10758817   -0.08829612  0.00170327    0.04785612 -0.07529847
 -0.08829612  0.00170327   -0.07299887  0.12220536   -0.08829612  0.00170327
  0.04785612 -0.07529847   -0.08829612  0.00170327   -0.06814823  0.10758817
    2    1
 -0.06814823 -0.10758817   -0.08829612 -0.00170327    0.04785612  0.07529847
 -0.08829612 -0.00170327   -0.07299887 -0.12220536   -0.08829612 -0.00170327
  0.04785612  0.07529847   -0.08829612 -0.00170327   -0.06814823 -0.10758817
    2    2
  0.26472463  0.00000000   -0.00849379 -0.00677785    0.01182671  0.00000000
 -0.00849379  0.00677785    0.27871587  0.00000000   -0.00849379  0.00677785
  0.01182671  0.00000000   -0.00849379 -0.00677785    0.26472463  0.00000000

     Dynamical  Matrix in cartesian axes

     q = (   -0.500000000  -0.166666667  -0.500000000 ) 

    1    1
  0.26472463  0.00000000    0.00849379 -0.00677785    0.01182671  0.00000000
  0.00849379  0.00677785    0.27871587  0.00000000    0.00849379  0.00677785
  0.01182671  0.00000000    0.00849379 -0.00677785    0.26472463  0.00000000
    1    2
  0.06814823 -0.10758817   -0.08829612  0.00170327   -0.04785612  0.07529847
 -0.08829612  0.00170327    0.07299887 -0.12220536   -0.08829612  0.00170327
 -0.04785612  0.07529847   -0.08829612  0.00170327    0.06814823 -0.10758817
    2    1
  0.06814823  0.10758817   -0.08829612 -0.00170327   -0.04785612 -0.07529847
 -0.08829612 -0.00170327    0.07299887  0.12220536   -0.08829612 -0.00170327
 -0.04785612 -0.07529847   -0.08829612 -0.00170327    0.06814823  0.10758817
    2    2
  0.26472463  0.00000000    0.00849379  0.00677785    0.01182671  0.00000000
  0.00849379 -0.00677785    0.27871587  0.00000000    0.00849379 -0.00677785
  0.01182671  0.00000000    0.00849379  0.00677785    0.26472463  0.00000000

     Dynamical  Matrix in cartesian axes

     q = (    0.500000000  -0.166666667  -0.500000000 ) 

    1    1
  0.26472463  0.00000000   -0.00849379 -0.00677785   -0.01182671  0.00000000
 -0.00849379  0.00677785    0.27871587  0.00000000    0.00849379 -0.00677785
 -0.01182671  0.00000000    0.00849379  0.00677785    0.26472463  0.00000000
    1    2
 -0.12724820  0.00522402   -0.04562313  0.07561505   -0.08913844  0.00379538
 -0.04562313  0.07561505   -0.14233238  0.00211620    0.04562313 -0.07561505
 -0.08913844  0.00379538    0.04562313 -0.07561505   -0.12724820  0.00522402
    2    1
 -0.12724820 -0.00522402   -0.04562313 -0.07561505   -0.08913844 -0.00379538
 -0.04562313 -0.07561505   -0.14233238 -0.00211620    0.04562313  0.07561505
 -0.08913844 -0.00379538    0.04562313  0.07561505   -0.12724820 -0.00522402
    2    2
  0.26472463  0.00000000   -0.00849379  0.00677785   -0.01182671  0.00000000
 -0.00849379 -0.00677785    0.27871587  0.00000000    0.00849379  0.00677785
 -0.01182671  0.00000000    0.00849379 -0.00677785    0.26472463  0.00000000

     Dynamical  Matrix in cartesian axes

     q = (   -0.500000000  -0.166666667   0.500000000 ) 

    1    1
  0.26472463  0.00000000    0.00849379  0.00677785   -0.01182671  0.00000000
  0.00849379 -0.00677785    0.27871587  0.00000000   -0.00849379  0.00677785
 -0.01182671  0.00000000   -0.00849379 -0.00677785    0.26472463  0.00000000
    1    2
 -0.12724820  0.00522402    0.04562313 -0.07561505   -0.08913844  0.00379538
  0.04562313 -0.07561505   -0.14233238  0.00211620   -0.04562313  0.07561505
 -0.08913844  0.00379538   -0.04562313  0.07561505   -0.12724820  0.00522402
    2    1
 -0.12724820 -0.00522402    0.04562313  0.07561505   -0.08913844 -0.00379538
  0.04562313  0.07561505   -0.14233238 -0.00211620   -0.04562313 -0.07561505
 -0.08913844 -0.00379538   -0.04562313 -0.07561505   -0.12724820 -0.00522402
    2    2
  0.26472463  0.00000000    0.00849379 -0.00677785   -0.01182671  0.00000000
  0.00849379  0.00677785    0.27871587  0.00000000   -0.00849379 -0.00677785
 -0.01182671  0.00000000   -0.00849379  0.00677785    0.26472463  0.00000000

     Dynamical  Matrix in cartesian axes

     q = (   -0.166666667   0.500000000  -0.500000000 ) 

    1    1
  0.27871587  0.00000000   -0.00849379  0.00677785    0.00849379 -0.00677785
 -0.00849379 -0.00677785    0.26472463  0.00000000   -0.01182671  0.00000000
  0.00849379  0.00677785   -0.01182671  0.00000000    0.26472463  0.00000000
    1    2
 -0.14233238  0.00211620   -0.04562313  0.07561505    0.04562313 -0.07561505
 -0.04562313  0.07561505   -0.12724820  0.00522402   -0.08913844  0.00379538
  0.04562313 -0.07561505   -0.08913844  0.00379538   -0.12724820  0.00522402
    2    1
 -0.14233238 -0.00211620   -0.04562313 -0.07561505    0.04562313  0.07561505
 -0.04562313 -0.07561505   -0.12724820 -0.00522402   -0.08913844 -0.00379538
  0.04562313  0.07561505   -0.08913844 -0.00379538   -0.12724820 -0.00522402
    2    2
  0.27871587  0.00000000   -0.00849379 -0.00677785    0.00849379  0.00677785
 -0.00849379  0.00677785    0.26472463  0.00000000   -0.01182671  0.00000000
  0.00849379 -0.00677785   -0.01182671  0.00000000    0.26472463  0.00000000

     Dynamical  Matrix in cartesian axes

     q = (   -0.500000000   0.500000000  -0.166666667 ) 

    1    1
  0.26472463  0.00000000   -0.01182671  0.00000000    0.00849379  0.00677785
 -0.01182671  0.00000000    0.26472463  0.00000000   -0.00849379 -0.00677785
  0.00849379 -0.00677785   -0.00849379  0.00677785    0.27871587  0.00000000
    1    2
 -0.12724820  0.00522402   -0.08913844  0.00379538    0.04562313 -0.07561505
 -0.08913844  0.00379538   -0.12724820  0.00522402   -0.04562313  0.07561505
  0.04562313 -0.07561505   -0.04562313  0.07561505   -0.14233238  0.00211620
    2    1
 -0.12724820 -0.00522402   -0.08913844 -0.00379538    0.04562313  0.07561505
 -0.08913844 -0.00379538   -0.12724820 -0.00522402   -0.04562313 -0.07561505
  0.04562313  0.07561505   -0.04562313 -0.07561505   -0.14233238 -0.00211620
    2    2
  0.26472463  0.00000000   -0.01182671  0.00000000    0.00849379 -0.00677785
 -0.01182671  0.00000000    0.26472463  0.00000000   -0.00849379  0.00677785
  0.00849379  0.00677785   -0.00849379 -0.00677785    0.27871587  0.00000000

     Dynamical  Matrix in cartesian axes

     q = (    0.500000000   0.166666667   0.500000000 ) 

    1    1
  0.26472463  0.00000000    0.00849379  0.00677785    0.01182671  0.00000000
  0.00849379 -0.00677785    0.27871587  0.00000000    0.00849379 -0.00677785
  0.01182671  0.00000000    0.00849379  0.00677785    0.26472463  0.00000000
    1    2
  0.06814823  0.10758817   -0.08829612 -0.00170327   -0.04785612 -0.07529847
 -0.08829612 -0.00170327    0.07299887  0.12220536   -0.08829612 -0.00170327
 -0.04785612 -0.07529847   -0.08829612 -0.00170327    0.06814823  0.10758817
    2    1
  0.06814823 -0.10758817   -0.08829612  0.00170327   -0.04785612  0.07529847
 -0.08829612  0.00170327    0.07299887 -0.12220536   -0.08829612  0.00170327
 -0.04785612  0.07529847   -0.08829612  0.00170327    0.06814823 -0.10758817
    2    2
  0.26472463  0.00000000    0.00849379 -0.00677785    0.01182671  0.00000000
  0.00849379  0.00677785    0.27871587  0.00000000    0.00849379  0.00677785
  0.01182671  0.00000000    0.00849379 -0.00677785    0.26472463  0.00000000

     Dynamical  Matrix in cartesian axes

     q = (   -0.500000000   0.166666667   0.500000000 ) 

    1    1
  0.26472463  0.00000000   -0.00849379  0.00677785   -0.01182671  0.00000000
 -0.00849379 -0.00677785    0.27871587  0.00000000    0.00849379  0.00677785
 -0.01182671  0.00000000    0.00849379 -0.00677785    0.26472463  0.00000000
    1    2
 -0.12724820 -0.00522402   -0.04562313 -0.07561505   -0.08913844 -0.00379538
 -0.04562313 -0.07561505   -0.14233238 -0.00211620    0.04562313  0.07561505
 -0.08913844 -0.00379538    0.04562313  0.07561505   -0.12724820 -0.00522402
    2    1
 -0.12724820  0.00522402   -0.04562313  0.07561505   -0.08913844  0.00379538
 -0.04562313  0.07561505   -0.14233238  0.00211620    0.04562313 -0.07561505
 -0.08913844  0.00379538    0.04562313 -0.07561505   -0.12724820  0.00522402
    2    2
  0.26472463  0.00000000   -0.00849379 -0.00677785   -0.01182671  0.00000000
 -0.00849379  0.00677785    0.27871587  0.00000000    0.00849379 -0.00677785
 -0.01182671  0.00000000    0.00849379  0.00677785    0.26472463  0.00000000

     Dynamical  Matrix in cartesian axes

     q = (    0.500000000   0.166666667  -0.500000000 ) 

    1    1
  0.26472463  0.00000000    0.00849379 -0.00677785   -0.01182671  0.00000000
  0.00849379  0.00677785    0.27871587  0.00000000   -0.00849379 -0.00677785
 -0.01182671  0.00000000   -0.00849379  0.00677785    0.26472463  0.00000000
    1    2
 -0.12724820 -0.00522402    0.04562313  0.07561505   -0.08913844 -0.00379538
  0.04562313  0.07561505   -0.14233238 -0.00211620   -0.04562313 -0.07561505
 -0.08913844 -0.00379538   -0.04562313 -0.07561505   -0.12724820 -0.00522402
    2    1
 -0.12724820  0.00522402    0.04562313 -0.07561505   -0.08913844  0.00379538
  0.04562313 -0.07561505   -0.14233238  0.00211620   -0.04562313  0.07561505
 -0.08913844  0.00379538   -0.04562313  0.07561505   -0.12724820  0.00522402
    2    2
  0.26472463  0.00000000    0.00849379  0.00677785   -0.01182671  0.00000000
  0.00849379 -0.00677785    0.27871587  0.00000000   -0.00849379  0.00677785
 -0.01182671  0.00000000   -0.00849379 -0.00677785    0.26472463  0.00000000

     Dynamical  Matrix in cartesian axes

     q = (   -0.166666667   0.500000000   0.500000000 ) 

    1    1
  0.27871587  0.00000000   -0.00849379 -0.00677785   -0.00849379 -0.00677785
 -0.00849379  0.00677785    0.26472463  0.00000000    0.01182671  0.00000000
 -0.00849379  0.00677785    0.01182671  0.00000000    0.26472463  0.00000000
    1    2
 -0.07299887  0.12220536   -0.08829612  0.00170327   -0.08829612  0.00170327
 -0.08829612  0.00170327   -0.06814823  0.10758817    0.04785612 -0.07529847
 -0.08829612  0.00170327    0.04785612 -0.07529847   -0.06814823  0.10758817
    2    1
 -0.07299887 -0.12220536   -0.08829612 -0.00170327   -0.08829612 -0.00170327
 -0.08829612 -0.00170327   -0.06814823 -0.10758817    0.04785612  0.07529847
 -0.08829612 -0.00170327    0.04785612  0.07529847   -0.06814823 -0.10758817
    2    2
  0.27871587  0.00000000   -0.00849379  0.00677785   -0.00849379  0.00677785
 -0.00849379 -0.00677785    0.26472463  0.00000000    0.01182671  0.00000000
 -0.00849379 -0.00677785    0.01182671  0.00000000    0.26472463  0.00000000

     Dynamical  Matrix in cartesian axes

     q = (    0.166666667   0.500000000  -0.500000000 ) 

    1    1
  0.27871587  0.00000000    0.00849379  0.00677785   -0.00849379 -0.00677785
  0.00849379 -0.00677785    0.26472463  0.00000000   -0.01182671  0.00000000
 -0.00849379  0.00677785   -0.01182671  0.00000000    0.26472463  0.00000000
    1    2
 -0.14233238 -0.00211620    0.04562313  0.07561505   -0.04562313 -0.07561505
  0.04562313  0.07561505   -0.12724820 -0.00522402   -0.08913844 -0.00379538
 -0.04562313 -0.07561505   -0.08913844 -0.00379538   -0.12724820 -0.00522402
    2    1
 -0.14233238  0.00211620    0.04562313 -0.07561505   -0.04562313  0.07561505
  0.04562313 -0.07561505   -0.12724820  0.00522402   -0.08913844  0.00379538
 -0.04562313  0.07561505   -0.08913844  0.00379538   -0.12724820  0.00522402
    2    2
  0.27871587  0.00000000    0.00849379 -0.00677785   -0.00849379  0.00677785
  0.00849379  0.00677785    0.26472463  0.00000000   -0.01182671  0.00000000
 -0.00849379 -0.00677785   -0.01182671  0.00000000    0.26472463  0.00000000

     Dynamical  Matrix in cartesian axes

     q = (   -0.166666667  -0.500000000  -0.500000000 ) 

    1    1
  0.27871587  0.00000000    0.00849379  0.00677785    0.00849379  0.00677785
  0.00849379 -0.00677785    0.26472463  0.00000000    0.01182671  0.00000000
  0.00849379 -0.00677785    0.01182671  0.00000000    0.26472463  0.00000000
    1    2
  0.07299887 -0.12220536   -0.08829612  0.00170327   -0.08829612  0.00170327
 -0.08829612  0.00170327    0.06814823 -0.10758817   -0.04785612  0.07529847
 -0.08829612  0.00170327   -0.04785612  0.07529847    0.06814823 -0.10758817
    2    1
  0.07299887  0.12220536   -0.08829612 -0.00170327   -0.08829612 -0.00170327
 -0.08829612 -0.00170327    0.06814823  0.10758817   -0.04785612 -0.07529847
 -0.08829612 -0.00170327   -0.04785612 -0.07529847    0.06814823  0.10758817
    2    2
  0.27871587  0.00000000    0.00849379 -0.00677785    0.00849379 -0.00677785
  0.00849379  0.00677785    0.26472463  0.00000000    0.01182671  0.00000000
  0.00849379  0.00677785    0.01182671  0.00000000    0.26472463  0.00000000

     Dynamical  Matrix in cartesian axes

     q = (    0.500000000  -0.500000000   0.166666667 ) 

    1    1
  0.26472463  0.00000000   -0.01182671  0.00000000    0.00849379 -0.00677785
 -0.01182671  0.00000000    0.26472463  0.00000000   -0.00849379  0.00677785
  0.00849379  0.00677785   -0.00849379 -0.00677785    0.27871587  0.00000000
    1    2
 -0.12724820 -0.00522402   -0.08913844 -0.00379538    0.04562313  0.07561505
 -0.08913844 -0.00379538   -0.12724820 -0.00522402   -0.04562313 -0.07561505
  0.04562313  0.07561505   -0.04562313 -0.07561505   -0.14233238 -0.00211620
    2    1
 -0.12724820  0.00522402   -0.08913844  0.00379538    0.04562313 -0.07561505
 -0.08913844  0.00379538   -0.12724820  0.00522402   -0.04562313  0.07561505
  0.04562313 -0.07561505   -0.04562313  0.07561505   -0.14233238  0.00211620
    2    2
  0.26472463  0.00000000   -0.01182671  0.00000000    0.00849379  0.00677785
 -0.01182671  0.00000000    0.26472463  0.00000000   -0.00849379 -0.00677785
  0.00849379 -0.00677785   -0.00849379  0.00677785    0.27871587  0.00000000

     Dynamical  Matrix in cartesian axes

     q = (    0.500000000   0.500000000  -0.166666667 ) 

    1    1
  0.26472463  0.00000000    0.01182671  0.00000000   -0.00849379  0.00677785
  0.01182671  0.00000000    0.26472463  0.00000000   -0.00849379  0.00677785
 -0.00849379 -0.00677785   -0.00849379 -0.00677785    0.27871587  0.00000000
    1    2
 -0.06814823  0.10758817    0.04785612 -0.07529847   -0.08829612  0.00170327
  0.04785612 -0.07529847   -0.06814823  0.10758817   -0.08829612  0.00170327
 -0.08829612  0.00170327   -0.08829612  0.00170327   -0.07299887  0.12220536
    2    1
 -0.06814823 -0.10758817    0.04785612  0.07529847   -0.08829612 -0.00170327
  0.04785612  0.07529847   -0.06814823 -0.10758817   -0.08829612 -0.00170327
 -0.08829612 -0.00170327   -0.08829612 -0.00170327   -0.07299887 -0.12220536
    2    2
  0.26472463  0.00000000    0.01182671  0.00000000   -0.00849379 -0.00677785
  0.01182671  0.00000000    0.26472463  0.00000000   -0.00849379 -0.00677785
 -0.00849379  0.00677785   -0.00849379  0.00677785    0.27871587  0.00000000

     Dynamical  Matrix in cartesian axes

     q = (   -0.500000000  -0.500000000  -0.166666667 ) 

    1    1
  0.26472463  0.00000000    0.01182671  0.00000000    0.00849379 -0.00677785
  0.01182671  0.00000000    0.26472463  0.00000000    0.00849379 -0.00677785
  0.00849379  0.00677785    0.00849379  0.00677785    0.27871587  0.00000000
    1    2
  0.06814823 -0.10758817   -0.04785612  0.07529847   -0.08829612  0.00170327
 -0.04785612  0.07529847    0.06814823 -0.10758817   -0.08829612  0.00170327
 -0.08829612  0.00170327   -0.08829612  0.00170327    0.07299887 -0.12220536
    2    1
  0.06814823  0.10758817   -0.04785612 -0.07529847   -0.08829612 -0.00170327
 -0.04785612 -0.07529847    0.06814823  0.10758817   -0.08829612 -0.00170327
 -0.08829612 -0.00170327   -0.08829612 -0.00170327    0.07299887  0.12220536
    2    2
  0.26472463  0.00000000    0.01182671  0.00000000    0.00849379  0.00677785
  0.01182671  0.00000000    0.26472463  0.00000000    0.00849379  0.00677785
  0.00849379 -0.00677785    0.00849379 -0.00677785    0.27871587  0.00000000

     Dynamical  Matrix in cartesian axes

     q = (   -0.500000000   0.500000000   0.166666667 ) 

    1    1
  0.26472463  0.00000000   -0.01182671  0.00000000   -0.00849379  0.00677785
 -0.01182671  0.00000000    0.26472463  0.00000000    0.00849379 -0.00677785
 -0.00849379 -0.00677785    0.00849379  0.00677785    0.27871587  0.00000000
    1    2
 -0.12724820 -0.00522402   -0.08913844 -0.00379538   -0.04562313 -0.07561505
 -0.08913844 -0.00379538   -0.12724820 -0.00522402    0.04562313  0.07561505
 -0.04562313 -0.07561505    0.04562313  0.07561505   -0.14233238 -0.00211620
    2    1
 -0.12724820  0.00522402   -0.08913844  0.00379538   -0.04562313  0.07561505
 -0.08913844  0.00379538   -0.12724820  0.00522402    0.04562313 -0.07561505
 -0.04562313  0.07561505    0.04562313 -0.07561505   -0.14233238  0.00211620
    2    2
  0.26472463  0.00000000   -0.01182671  0.00000000   -0.00849379 -0.00677785
 -0.01182671  0.00000000    0.26472463  0.00000000    0.00849379  0.00677785
 -0.00849379  0.00677785    0.00849379 -0.00677785    0.27871587  0.00000000

     Dynamical  Matrix in cartesian axes

     q = (    0.166666667  -0.500000000   0.500000000 ) 

    1    1
  0.27871587  0.00000000   -0.00849379 -0.00677785    0.00849379  0.00677785
 -0.00849379  0.00677785    0.26472463  0.00000000   -0.01182671  0.00000000
  0.00849379 -0.00677785   -0.01182671  0.00000000    0.26472463  0.00000000
    1    2
 -0.14233238 -0.00211620   -0.04562313 -0.07561505    0.04562313  0.07561505
 -0.04562313 -0.07561505   -0.12724820 -0.00522402   -0.08913844 -0.00379538
  0.04562313  0.07561505   -0.08913844 -0.00379538   -0.12724820 -0.00522402
    2    1
 -0.14233238  0.00211620   -0.04562313  0.07561505    0.04562313 -0.07561505
 -0.04562313  0.07561505   -0.12724820  0.00522402   -0.08913844  0.00379538
  0.04562313 -0.07561505   -0.08913844  0.00379538   -0.12724820  0.00522402
    2    2
  0.27871587  0.00000000   -0.00849379  0.00677785    0.00849379 -0.00677785
 -0.00849379 -0.00677785    0.26472463  0.00000000   -0.01182671  0.00000000
  0.00849379  0.00677785   -0.01182671  0.00000000    0.26472463  0.00000000

     Dynamical  Matrix in cartesian axes

     q = (    0.166666667   0.500000000   0.500000000 ) 

    1    1
  0.27871587  0.00000000    0.00849379 -0.00677785    0.00849379 -0.00677785
  0.00849379  0.00677785    0.26472463  0.00000000    0.01182671  0.00000000
  0.00849379  0.00677785    0.01182671  0.00000000    0.26472463  0.00000000
    1    2
  0.07299887  0.12220536   -0.08829612 -0.00170327   -0.08829612 -0.00170327
 -0.08829612 -0.00170327    0.06814823  0.10758817   -0.04785612 -0.07529847
 -0.08829612 -0.00170327   -0.04785612 -0.07529847    0.06814823  0.10758817
    2    1
  0.07299887 -0.12220536   -0.08829612  0.00170327   -0.08829612  0.00170327
 -0.08829612  0.00170327    0.06814823 -0.10758817   -0.04785612  0.07529847
 -0.08829612  0.00170327   -0.04785612  0.07529847    0.06814823 -0.10758817
    2    2
  0.27871587  0.00000000    0.00849379  0.00677785    0.00849379  0.00677785
  0.00849379 -0.00677785    0.26472463  0.00000000    0.01182671  0.00000000
  0.00849379 -0.00677785    0.01182671  0.00000000    0.26472463  0.00000000

     Dynamical  Matrix in cartesian axes

     q = (   -0.500000000   0.166666667  -0.500000000 ) 

    1    1
  0.26472463  0.00000000   -0.00849379 -0.00677785    0.01182671  0.00000000
 -0.00849379  0.00677785    0.27871587  0.00000000   -0.00849379  0.00677785
  0.01182671  0.00000000   -0.00849379 -0.00677785    0.26472463  0.00000000
    1    2
 -0.06814823 -0.10758817   -0.08829612 -0.00170327    0.04785612  0.07529847
 -0.08829612 -0.00170327   -0.07299887 -0.12220536   -0.08829612 -0.00170327
  0.04785612  0.07529847   -0.08829612 -0.00170327   -0.06814823 -0.10758817
    2    1
 -0.06814823  0.10758817   -0.08829612  0.00170327    0.04785612 -0.07529847
 -0.08829612  0.00170327   -0.07299887  0.12220536   -0.08829612  0.00170327
  0.04785612 -0.07529847   -0.08829612  0.00170327   -0.06814823  0.10758817
    2    2
  0.26472463  0.00000000   -0.00849379  0.00677785    0.01182671  0.00000000
 -0.00849379 -0.00677785    0.27871587  0.00000000   -0.00849379 -0.00677785
  0.01182671  0.00000000   -0.00849379  0.00677785    0.26472463  0.00000000

     Dynamical  Matrix in cartesian axes

     q = (   -0.166666667  -0.500000000   0.500000000 ) 

    1    1
  0.27871587  0.00000000    0.00849379 -0.00677785   -0.00849379  0.00677785
  0.00849379  0.00677785    0.26472463  0.00000000   -0.01182671  0.00000000
 -0.00849379 -0.00677785   -0.01182671  0.00000000    0.26472463  0.00000000
    1    2
 -0.14233238  0.00211620    0.04562313 -0.07561505   -0.04562313  0.07561505
  0.04562313 -0.07561505   -0.12724820  0.00522402   -0.08913844  0.00379538
 -0.04562313  0.07561505   -0.08913844  0.00379538   -0.12724820  0.00522402
    2    1
 -0.14233238 -0.00211620    0.04562313  0.07561505   -0.04562313 -0.07561505
  0.04562313  0.07561505   -0.12724820 -0.00522402   -0.08913844 -0.00379538
 -0.04562313 -0.07561505   -0.08913844 -0.00379538   -0.12724820 -0.00522402
    2    2
  0.27871587  0.00000000    0.00849379  0.00677785   -0.00849379 -0.00677785
  0.00849379 -0.00677785    0.26472463  0.00000000   -0.01182671  0.00000000
 -0.00849379  0.00677785   -0.01182671  0.00000000    0.26472463  0.00000000

     Dynamical  Matrix in cartesian axes

     q = (   -0.500000000  -0.500000000   0.166666667 ) 

    1    1
  0.26472463  0.00000000    0.01182671  0.00000000   -0.00849379 -0.00677785
  0.01182671  0.00000000    0.26472463  0.00000000   -0.00849379 -0.00677785
 -0.00849379  0.00677785   -0.00849379  0.00677785    0.27871587  0.00000000
    1    2
 -0.06814823 -0.10758817    0.04785612  0.07529847   -0.08829612 -0.00170327
  0.04785612  0.07529847   -0.06814823 -0.10758817   -0.08829612 -0.00170327
 -0.08829612 -0.00170327   -0.08829612 -0.00170327   -0.07299887 -0.12220536
    2    1
 -0.06814823  0.10758817    0.04785612 -0.07529847   -0.08829612  0.00170327
  0.04785612 -0.07529847   -0.06814823  0.10758817   -0.08829612  0.00170327
 -0.08829612  0.00170327   -0.08829612  0.00170327   -0.07299887  0.12220536
    2    2
  0.26472463  0.00000000    0.01182671  0.00000000   -0.00849379  0.00677785
  0.01182671  0.00000000    0.26472463  0.00000000   -0.00849379  0.00677785
 -0.00849379 -0.00677785   -0.00849379 -0.00677785    0.27871587  0.00000000

     Dynamical  Matrix in cartesian axes

     q = (    0.500000000   0.500000000   0.166666667 ) 

    1    1
  0.26472463  0.00000000    0.01182671  0.00000000    0.00849379  0.00677785
  0.01182671  0.00000000    0.26472463  0.00000000    0.00849379  0.00677785
  0.00849379 -0.00677785    0.00849379 -0.00677785    0.27871587  0.00000000
    1    2
  0.06814823  0.10758817   -0.04785612 -0.07529847   -0.08829612 -0.00170327
 -0.04785612 -0.07529847    0.06814823  0.10758817   -0.08829612 -0.00170327
 -0.08829612 -0.00170327   -0.08829612 -0.00170327    0.07299887  0.12220536
    2    1
  0.06814823 -0.10758817   -0.04785612  0.07529847   -0.08829612  0.00170327
 -0.04785612  0.07529847    0.06814823 -0.10758817   -0.08829612  0.00170327
 -0.08829612  0.00170327   -0.08829612  0.00170327    0.07299887 -0.12220536
    2    2
  0.26472463  0.00000000    0.01182671  0.00000000    0.00849379 -0.00677785
  0.01182671  0.00000000    0.26472463  0.00000000    0.00849379 -0.00677785
  0.00849379  0.00677785    0.00849379  0.00677785    0.27871587  0.00000000

     Dynamical  Matrix in cartesian axes

     q = (    0.166666667  -0.500000000  -0.500000000 ) 

    1    1
  0.27871587  0.00000000   -0.00849379  0.00677785   -0.00849379  0.00677785
 -0.00849379 -0.00677785    0.26472463  0.00000000    0.01182671  0.00000000
 -0.00849379 -0.00677785    0.01182671  0.00000000    0.26472463  0.00000000
    1    2
 -0.07299887 -0.12220536   -0.08829612 -0.00170327   -0.08829612 -0.00170327
 -0.08829612 -0.00170327   -0.06814823 -0.10758817    0.04785612  0.07529847
 -0.08829612 -0.00170327    0.04785612  0.07529847   -0.06814823 -0.10758817
    2    1
 -0.07299887  0.12220536   -0.08829612  0.00170327   -0.08829612  0.00170327
 -0.08829612  0.00170327   -0.06814823  0.10758817    0.04785612 -0.07529847
 -0.08829612  0.00170327    0.04785612 -0.07529847   -0.06814823  0.10758817
    2    2
  0.27871587  0.00000000   -0.00849379 -0.00677785   -0.00849379 -0.00677785
 -0.00849379  0.00677785    0.26472463  0.00000000    0.01182671  0.00000000
 -0.00849379  0.00677785    0.01182671  0.00000000    0.26472463  0.00000000

     Dynamical  Matrix in cartesian axes

     q = (    0.500000000  -0.500000000  -0.166666667 ) 

    1    1
  0.26472463  0.00000000   -0.01182671  0.00000000   -0.00849379 -0.00677785
 -0.01182671  0.00000000    0.26472463  0.00000000    0.00849379  0.00677785
 -0.00849379  0.00677785    0.00849379 -0.00677785    0.27871587  0.00000000
    1    2
 -0.12724820  0.00522402   -0.08913844  0.00379538   -0.04562313  0.07561505
 -0.08913844  0.00379538   -0.12724820  0.00522402    0.04562313 -0.07561505
 -0.04562313  0.07561505    0.04562313 -0.07561505   -0.14233238  0.00211620
    2    1
 -0.12724820 -0.00522402   -0.08913844 -0.00379538   -0.04562313 -0.07561505
 -0.08913844 -0.00379538   -0.12724820 -0.00522402    0.04562313  0.07561505
 -0.04562313 -0.07561505    0.04562313  0.07561505   -0.14233238 -0.00211620
    2    2
  0.26472463  0.00000000   -0.01182671  0.00000000   -0.00849379  0.00677785
 -0.01182671  0.00000000    0.26472463  0.00000000    0.00849379 -0.00677785
 -0.00849379 -0.00677785    0.00849379  0.00677785    0.27871587  0.00000000

     Diagonalizing the dynamical matrix

     q = (    0.500000000  -0.166666667   0.500000000 ) 

 **************************************************************************
     freq (    1) =       3.918846 [THz] =     130.718626 [cm-1]
 (  0.267816 -0.422226 -0.000000 -0.000000 -0.267816  0.422226 ) 
 (  0.500000 -0.000000  0.000000 -0.000000 -0.500000  0.000000 ) 
     freq (    2) =       5.098446 [THz] =     170.065843 [cm-1]
 ( -0.260561 -0.047784 -0.570397  0.185194 -0.260561 -0.047784 ) 
 ( -0.264906  0.000000 -0.527635 -0.285044 -0.264906  0.000000 ) 
     freq (    3) =       9.050608 [THz] =     301.895802 [cm-1]
 (  0.208426  0.364235 -0.329870 -0.197405  0.208426  0.364235 ) 
 ( -0.419653 -0.000000  0.335171  0.188265 -0.419653  0.000000 ) 
     freq (    4) =      12.412195 [THz] =     414.026260 [cm-1]
 (  0.116195  0.426394 -0.317088 -0.093957  0.116195  0.426394 ) 
 (  0.441943 -0.000000 -0.174020 -0.281230  0.441943  0.000000 ) 
     freq (    5) =      14.088673 [THz] =     469.947556 [cm-1]
 (  0.267816 -0.422226  0.000000 -0.000000 -0.267816  0.422226 ) 
 ( -0.500000  0.000000 -0.000000 -0.000000  0.500000  0.000000 ) 
     freq (    6) =      14.406887 [THz] =     480.562034 [cm-1]
 (  0.136176  0.199647  0.618198 -0.032034  0.136176  0.199647 ) 
 ( -0.241667  0.000000 -0.321882 -0.528759 -0.241667  0.000000 ) 
 **************************************************************************
