Dynamical matrix file
                                                                           
  1    2  2 10.2920000  0.0000000  0.0000000  0.0000000  0.0000000  0.0000000
           1  'Si  '    25598.8229845270     
    1    1      0.0000000000      0.0000000000      0.0000000000
    2    1      0.2500000000      0.2500000000      0.2500000000

     Dynamical  Matrix in cartesian axes

     q = (    0.666666667  -0.333333333   0.666666667 ) 

    1    1
  0.26270783  0.00000000   -0.01143467  0.00729409    0.01036687  0.00000000
 -0.01143467 -0.00729409    0.29171484  0.00000000   -0.01143467 -0.00729409
  0.01036687  0.00000000   -0.01143467  0.00729409    0.26270783  0.00000000
    1    2
 -0.09827386  0.05803998   -0.06657535  0.04108702    0.02799057 -0.11777913
 -0.06657535  0.04108702   -0.10219170  0.07292785   -0.06657535  0.04108702
  0.02799057 -0.11777913   -0.06657535  0.04108702   -0.09827386  0.05803998
    2    1
 -0.09827386 -0.05803998   -0.06657535 -0.04108702    0.02799057  0.11777913
 -0.06657535 -0.04108702   -0.10219170 -0.07292785   -0.06657535 -0.04108702
  0.02799057  0.11777913   -0.06657535 -0.04108702   -0.09827386 -0.05803998
    2    2
  0.26270783 -0.00000000   -0.01143467 -0.00729409    0.01036687 -0.00000000
 -0.01143467  0.00729409    0.29171484 -0.00000000   -0.01143467  0.00729409
  0.01036687 -0.00000000   -0.01143467 -0.00729409    0.26270783 -0.00000000

     Dynamical  Matrix in cartesian axes

     q = (   -0.666666667  -0.333333333  -0.666666667 ) 

    1    1
  0.26270783 -0.00000000    0.01143467 -0.00729409    0.01036687 -0.00000000
  0.01143467  0.00729409    0.29171484 -0.00000000    0.01143467  0.00729409
  0.01036687 -0.00000000    0.01143467 -0.00729409    0.26270783 -0.00000000
    1    2
  0.09940102  0.05608767   -0.06887008 -0.03711243   -0.11599501  0.03464902
 -0.06887008 -0.03711243    0.11425322  0.05203668   -0.06887008 -0.03711243
 -0.11599501  0.03464902   -0.06887008 -0.03711243    0.09940102  0.05608767
    2    1
  0.09940102 -0.05608767   -0.06887008  0.03711243   -0.11599501 -0.03464902
 -0.06887008  0.03711243    0.11425322 -0.05203668   -0.06887008  0.03711243
 -0.11599501 -0.03464902   -0.06887008  0.03711243    0.09940102 -0.05608767
    2    2
  0.26270783  0.00000000    0.01143467  0.00729409    0.01036687  0.00000000
  0.01143467 -0.00729409    0.29171484  0.00000000    0.01143467 -0.00729409
  0.01036687  0.00000000    0.01143467  0.00729409    0.26270783  0.00000000

     Dynamical  Matrix in cartesian axes

     q = (    0.666666667  -0.333333333  -0.666666667 ) 

    1    1
  0.26270783  0.00000000   -0.01143467 -0.00729409   -0.01036687  0.00000000
 -0.01143467  0.00729409    0.29171484 -0.00000000    0.01143467 -0.00729409
 -0.01036687  0.00000000    0.01143467  0.00729409    0.26270783  0.00000000
    1    2
 -0.09940102  0.05608767   -0.06887008  0.03711243   -0.11599501 -0.03464902
 -0.06887008  0.03711243   -0.11425322  0.05203668    0.06887008 -0.03711243
 -0.11599501 -0.03464902    0.06887008 -0.03711243   -0.09940102  0.05608767
    2    1
 -0.09940102 -0.05608767   -0.06887008 -0.03711243   -0.11599501  0.03464902
 -0.06887008 -0.03711243   -0.11425322 -0.05203668    0.06887008  0.03711243
 -0.11599501  0.03464902    0.06887008  0.03711243   -0.09940102 -0.05608767
    2    2
  0.26270783  0.00000000   -0.01143467  0.00729409   -0.01036687  0.00000000
 -0.01143467 -0.00729409    0.29171484  0.00000000    0.01143467  0.00729409
 -0.01036687  0.00000000    0.01143467 -0.00729409    0.26270783  0.00000000

     Dynamical  Matrix in cartesian axes

     q = (   -0.666666667  -0.333333333   0.666666667 ) 

    1    1
  0.26270783  0.00000000    0.01143467  0.00729409   -0.01036687  0.00000000
  0.01143467 -0.00729409    0.29171484  0.00000000   -0.01143467  0.00729409
 -0.01036687  0.00000000   -0.01143467 -0.00729409    0.26270783  0.00000000
    1    2
 -0.09940102  0.05608767    0.06887008 -0.03711243   -0.11599501 -0.03464902
  0.06887008 -0.03711243   -0.11425322  0.05203668   -0.06887008  0.03711243
 -0.11599501 -0.03464902   -0.06887008  0.03711243   -0.09940102  0.05608767
    2    1
 -0.09940102 -0.05608767    0.06887008  0.03711243   -0.11599501  0.03464902
  0.06887008  0.03711243   -0.11425322 -0.05203668   -0.06887008 -0.03711243
 -0.11599501  0.03464902   -0.06887008 -0.03711243   -0.09940102 -0.05608767
    2    2
  0.26270783  0.00000000    0.01143467 -0.00729409   -0.01036687  0.00000000
  0.01143467  0.00729409    0.29171484 -0.00000000   -0.01143467 -0.00729409
 -0.01036687  0.00000000   -0.01143467  0.00729409    0.26270783  0.00000000

     Dynamical  Matrix in cartesian axes

     q = (   -0.333333333   0.666666667  -0.666666667 ) 

    1    1
  0.29171484 -0.00000000   -0.01143467  0.00729409    0.01143467 -0.00729409
 -0.01143467 -0.00729409    0.26270783 -0.00000000   -0.01036687  0.00000000
  0.01143467  0.00729409   -0.01036687  0.00000000    0.26270783 -0.00000000
    1    2
 -0.11425322  0.05203668   -0.06887008  0.03711243    0.06887008 -0.03711243
 -0.06887008  0.03711243   -0.09940102  0.05608767   -0.11599501 -0.03464902
  0.06887008 -0.03711243   -0.11599501 -0.03464902   -0.09940102  0.05608767
    2    1
 -0.11425322 -0.05203668   -0.06887008 -0.03711243    0.06887008  0.03711243
 -0.06887008 -0.03711243   -0.09940102 -0.05608767   -0.11599501  0.03464902
  0.06887008  0.03711243   -0.11599501  0.03464902   -0.09940102 -0.05608767
    2    2
  0.29171484  0.00000000   -0.01143467 -0.00729409    0.01143467  0.00729409
 -0.01143467  0.00729409    0.26270783  0.00000000   -0.01036687 -0.00000000
  0.01143467 -0.00729409   -0.01036687 -0.00000000    0.26270783  0.00000000

     Dynamical  Matrix in cartesian axes

     q = (   -0.666666667   0.666666667  -0.333333333 ) 

    1    1
  0.26270783 -0.00000000   -0.01036687  0.00000000    0.01143467  0.00729409
 -0.01036687  0.00000000    0.26270783 -0.00000000   -0.01143467 -0.00729409
  0.01143467 -0.00729409   -0.01143467  0.00729409    0.29171484 -0.00000000
    1    2
 -0.09940102  0.05608767   -0.11599501 -0.03464902    0.06887008 -0.03711243
 -0.11599501 -0.03464902   -0.09940102  0.05608767   -0.06887008  0.03711243
  0.06887008 -0.03711243   -0.06887008  0.03711243   -0.11425322  0.05203668
    2    1
 -0.09940102 -0.05608767   -0.11599501  0.03464902    0.06887008  0.03711243
 -0.11599501  0.03464902   -0.09940102 -0.05608767   -0.06887008 -0.03711243
  0.06887008  0.03711243   -0.06887008 -0.03711243   -0.11425322 -0.05203668
    2    2
  0.26270783  0.00000000   -0.01036687 -0.00000000    0.01143467 -0.00729409
 -0.01036687 -0.00000000    0.26270783  0.00000000   -0.01143467  0.00729409
  0.01143467  0.00729409   -0.01143467 -0.00729409    0.29171484  0.00000000

     Dynamical  Matrix in cartesian axes

     q = (    0.666666667   0.333333333   0.666666667 ) 

    1    1
  0.26270783  0.00000000    0.01143467  0.00729409    0.01036687  0.00000000
  0.01143467 -0.00729409    0.29171484  0.00000000    0.01143467 -0.00729409
  0.01036687  0.00000000    0.01143467  0.00729409    0.26270783  0.00000000
    1    2
  0.09940102 -0.05608767   -0.06887008  0.03711243   -0.11599501 -0.03464902
 -0.06887008  0.03711243    0.11425322 -0.05203668   -0.06887008  0.03711243
 -0.11599501 -0.03464902   -0.06887008  0.03711243    0.09940102 -0.05608767
    2    1
  0.09940102  0.05608767   -0.06887008 -0.03711243   -0.11599501  0.03464902
 -0.06887008 -0.03711243    0.11425322  0.05203668   -0.06887008 -0.03711243
 -0.11599501  0.03464902   -0.06887008 -0.03711243    0.09940102  0.05608767
    2    2
  0.26270783 -0.00000000    0.01143467 -0.00729409    0.01036687 -0.00000000
  0.01143467  0.00729409    0.29171484 -0.00000000    0.01143467  0.00729409
  0.01036687 -0.00000000    0.01143467 -0.00729409    0.26270783 -0.00000000

     Dynamical  Matrix in cartesian axes

     q = (   -0.666666667   0.333333333   0.666666667 ) 

    1    1
  0.26270783  0.00000000   -0.01143467  0.00729409   -0.01036687  0.00000000
 -0.01143467 -0.00729409    0.29171484  0.00000000    0.01143467  0.00729409
 -0.01036687  0.00000000    0.01143467 -0.00729409    0.26270783  0.00000000
    1    2
 -0.09940102 -0.05608767   -0.06887008 -0.03711243   -0.11599501  0.03464902
 -0.06887008 -0.03711243   -0.11425322 -0.05203668    0.06887008  0.03711243
 -0.11599501  0.03464902    0.06887008  0.03711243   -0.09940102 -0.05608767
    2    1
 -0.09940102  0.05608767   -0.06887008  0.03711243   -0.11599501 -0.03464902
 -0.06887008  0.03711243   -0.11425322  0.05203668    0.06887008 -0.03711243
 -0.11599501 -0.03464902    0.06887008 -0.03711243   -0.09940102  0.05608767
    2    2
  0.26270783  0.00000000   -0.01143467 -0.00729409   -0.01036687  0.00000000
 -0.01143467  0.00729409    0.29171484 -0.00000000    0.01143467 -0.00729409
 -0.01036687  0.00000000    0.01143467  0.00729409    0.26270783  0.00000000

     Dynamical  Matrix in cartesian axes

     q = (    0.666666667   0.333333333  -0.666666667 ) 

    1    1
  0.26270783  0.00000000    0.01143467 -0.00729409   -0.01036687  0.00000000
  0.01143467  0.00729409    0.29171484 -0.00000000   -0.01143467 -0.00729409
 -0.01036687  0.00000000   -0.01143467  0.00729409    0.26270783  0.00000000
    1    2
 -0.09940102 -0.05608767    0.06887008  0.03711243   -0.11599501  0.03464902
  0.06887008  0.03711243   -0.11425322 -0.05203668   -0.06887008 -0.03711243
 -0.11599501  0.03464902   -0.06887008 -0.03711243   -0.09940102 -0.05608767
    2    1
 -0.09940102  0.05608767    0.06887008 -0.03711243   -0.11599501 -0.03464902
  0.06887008 -0.03711243   -0.11425322  0.05203668   -0.06887008  0.03711243
 -0.11599501 -0.03464902   -0.06887008  0.03711243   -0.09940102  0.05608767
    2    2
  0.26270783  0.00000000    0.01143467  0.00729409   -0.01036687  0.00000000
  0.01143467 -0.00729409    0.29171484  0.00000000   -0.01143467  0.00729409
 -0.01036687  0.00000000   -0.01143467 -0.00729409    0.26270783  0.00000000

     Dynamical  Matrix in cartesian axes

     q = (   -0.333333333   0.666666667   0.666666667 ) 

    1    1
  0.29171484  0.00000000   -0.01143467 -0.00729409   -0.01143467 -0.00729409
 -0.01143467  0.00729409    0.26270783  0.00000000    0.01036687 -0.00000000
 -0.01143467  0.00729409    0.01036687 -0.00000000    0.26270783  0.00000000
    1    2
 -0.10219170  0.07292785   -0.06657535  0.04108702   -0.06657535  0.04108702
 -0.06657535  0.04108702   -0.09827386  0.05803998    0.02799057 -0.11777913
 -0.06657535  0.04108702    0.02799057 -0.11777913   -0.09827386  0.05803998
    2    1
 -0.10219170 -0.07292785   -0.06657535 -0.04108702   -0.06657535 -0.04108702
 -0.06657535 -0.04108702   -0.09827386 -0.05803998    0.02799057  0.11777913
 -0.06657535 -0.04108702    0.02799057  0.11777913   -0.09827386 -0.05803998
    2    2
  0.29171484 -0.00000000   -0.01143467  0.00729409   -0.01143467  0.00729409
 -0.01143467 -0.00729409    0.26270783 -0.00000000    0.01036687  0.00000000
 -0.01143467 -0.00729409    0.01036687  0.00000000    0.26270783 -0.00000000

     Dynamical  Matrix in cartesian axes

     q = (    0.333333333   0.666666667  -0.666666667 ) 

    1    1
  0.29171484 -0.00000000    0.01143467  0.00729409   -0.01143467 -0.00729409
  0.01143467 -0.00729409    0.26270783 -0.00000000   -0.01036687  0.00000000
 -0.01143467  0.00729409   -0.01036687  0.00000000    0.26270783 -0.00000000
    1    2
 -0.11425322 -0.05203668    0.06887008  0.03711243   -0.06887008 -0.03711243
  0.06887008  0.03711243   -0.09940102 -0.05608767   -0.11599501  0.03464902
 -0.06887008 -0.03711243   -0.11599501  0.03464902   -0.09940102 -0.05608767
    2    1
 -0.11425322  0.05203668    0.06887008 -0.03711243   -0.06887008  0.03711243
  0.06887008 -0.03711243   -0.09940102  0.05608767   -0.11599501 -0.03464902
 -0.06887008  0.03711243   -0.11599501 -0.03464902   -0.09940102  0.05608767
    2    2
  0.29171484  0.00000000    0.01143467 -0.00729409   -0.01143467  0.00729409
  0.01143467  0.00729409    0.26270783  0.00000000   -0.01036687 -0.00000000
 -0.01143467 -0.00729409   -0.01036687 -0.00000000    0.26270783  0.00000000

     Dynamical  Matrix in cartesian axes

     q = (   -0.333333333  -0.666666667  -0.666666667 ) 

    1    1
  0.29171484 -0.00000000    0.01143467  0.00729409    0.01143467  0.00729409
  0.01143467 -0.00729409    0.26270783 -0.00000000    0.01036687  0.00000000
  0.01143467 -0.00729409    0.01036687  0.00000000    0.26270783 -0.00000000
    1    2
  0.11425322  0.05203668   -0.06887008 -0.03711243   -0.06887008 -0.03711243
 -0.06887008 -0.03711243    0.09940102  0.05608767   -0.11599501  0.03464902
 -0.06887008 -0.03711243   -0.11599501  0.03464902    0.09940102  0.05608767
    2    1
  0.11425322 -0.05203668   -0.06887008  0.03711243   -0.06887008  0.03711243
 -0.06887008  0.03711243    0.09940102 -0.05608767   -0.11599501 -0.03464902
 -0.06887008  0.03711243   -0.11599501 -0.03464902    0.09940102 -0.05608767
    2    2
  0.29171484  0.00000000    0.01143467 -0.00729409    0.01143467 -0.00729409
  0.01143467  0.00729409    0.26270783  0.00000000    0.01036687 -0.00000000
  0.01143467  0.00729409    0.01036687 -0.00000000    0.26270783  0.00000000

     Dynamical  Matrix in cartesian axes

     q = (    0.666666667  -0.666666667   0.333333333 ) 

    1    1
  0.26270783  0.00000000   -0.01036687 -0.00000000    0.01143467 -0.00729409
 -0.01036687 -0.00000000    0.26270783  0.00000000   -0.01143467  0.00729409
  0.01143467  0.00729409   -0.01143467 -0.00729409    0.29171484  0.00000000
    1    2
 -0.09940102 -0.05608767   -0.11599501  0.03464902    0.06887008  0.03711243
 -0.11599501  0.03464902   -0.09940102 -0.05608767   -0.06887008 -0.03711243
  0.06887008  0.03711243   -0.06887008 -0.03711243   -0.11425322 -0.05203668
    2    1
 -0.09940102  0.05608767   -0.11599501 -0.03464902    0.06887008 -0.03711243
 -0.11599501 -0.03464902   -0.09940102  0.05608767   -0.06887008  0.03711243
  0.06887008 -0.03711243   -0.06887008  0.03711243   -0.11425322  0.05203668
    2    2
  0.26270783 -0.00000000   -0.01036687  0.00000000    0.01143467  0.00729409
 -0.01036687  0.00000000    0.26270783 -0.00000000   -0.01143467 -0.00729409
  0.01143467 -0.00729409   -0.01143467  0.00729409    0.29171484 -0.00000000

     Dynamical  Matrix in cartesian axes

     q = (    0.666666667   0.666666667  -0.333333333 ) 

    1    1
  0.26270783 -0.00000000    0.01036687 -0.00000000   -0.01143467  0.00729409
  0.01036687 -0.00000000    0.26270783 -0.00000000   -0.01143467  0.00729409
 -0.01143467 -0.00729409   -0.01143467 -0.00729409    0.29171484 -0.00000000
    1    2
 -0.09827386  0.05803998    0.02799057 -0.11777913   -0.06657535  0.04108702
  0.02799057 -0.11777913   -0.09827386  0.05803998   -0.06657535  0.04108702
 -0.06657535  0.04108702   -0.06657535  0.04108702   -0.10219170  0.07292785
    2    1
 -0.09827386 -0.05803998    0.02799057  0.11777913   -0.06657535 -0.04108702
  0.02799057  0.11777913   -0.09827386 -0.05803998   -0.06657535 -0.04108702
 -0.06657535 -0.04108702   -0.06657535 -0.04108702   -0.10219170 -0.07292785
    2    2
  0.26270783  0.00000000    0.01036687  0.00000000   -0.01143467 -0.00729409
  0.01036687  0.00000000    0.26270783  0.00000000   -0.01143467 -0.00729409
 -0.01143467  0.00729409   -0.01143467  0.00729409    0.29171484  0.00000000

     Dynamical  Matrix in cartesian axes

     q = (   -0.666666667  -0.666666667  -0.333333333 ) 

    1    1
  0.26270783  0.00000000    0.01036687  0.00000000    0.01143467 -0.00729409
  0.01036687  0.00000000    0.26270783  0.00000000    0.01143467 -0.00729409
  0.01143467  0.00729409    0.01143467  0.00729409    0.29171484  0.00000000
    1    2
  0.09940102  0.05608767   -0.11599501  0.03464902   -0.06887008 -0.03711243
 -0.11599501  0.03464902    0.09940102  0.05608767   -0.06887008 -0.03711243
 -0.06887008 -0.03711243   -0.06887008 -0.03711243    0.11425322  0.05203668
    2    1
  0.09940102 -0.05608767   -0.11599501 -0.03464902   -0.06887008  0.03711243
 -0.11599501 -0.03464902    0.09940102 -0.05608767   -0.06887008  0.03711243
 -0.06887008  0.03711243   -0.06887008  0.03711243    0.11425322 -0.05203668
    2    2
  0.26270783 -0.00000000    0.01036687 -0.00000000    0.01143467  0.00729409
  0.01036687 -0.00000000    0.26270783 -0.00000000    0.01143467  0.00729409
  0.01143467 -0.00729409    0.01143467 -0.00729409    0.29171484 -0.00000000

     Dynamical  Matrix in cartesian axes

     q = (   -0.666666667   0.666666667   0.333333333 ) 

    1    1
  0.26270783  0.00000000   -0.01036687 -0.00000000   -0.01143467  0.00729409
 -0.01036687 -0.00000000    0.26270783  0.00000000    0.01143467 -0.00729409
 -0.01143467 -0.00729409    0.01143467  0.00729409    0.29171484  0.00000000
    1    2
 -0.09940102 -0.05608767   -0.11599501  0.03464902   -0.06887008 -0.03711243
 -0.11599501  0.03464902   -0.09940102 -0.05608767    0.06887008  0.03711243
 -0.06887008 -0.03711243    0.06887008  0.03711243   -0.11425322 -0.05203668
    2    1
 -0.09940102  0.05608767   -0.11599501 -0.03464902   -0.06887008  0.03711243
 -0.11599501 -0.03464902   -0.09940102  0.05608767    0.06887008 -0.03711243
 -0.06887008  0.03711243    0.06887008 -0.03711243   -0.11425322  0.05203668
    2    2
  0.26270783 -0.00000000   -0.01036687  0.00000000   -0.01143467 -0.00729409
 -0.01036687  0.00000000    0.26270783 -0.00000000    0.01143467  0.00729409
 -0.01143467  0.00729409    0.01143467 -0.00729409    0.29171484 -0.00000000

     Dynamical  Matrix in cartesian axes

     q = (    0.333333333  -0.666666667   0.666666667 ) 

    1    1
  0.29171484  0.00000000   -0.01143467 -0.00729409    0.01143467  0.00729409
 -0.01143467  0.00729409    0.26270783  0.00000000   -0.01036687 -0.00000000
  0.01143467 -0.00729409   -0.01036687 -0.00000000    0.26270783  0.00000000
    1    2
 -0.11425322 -0.05203668   -0.06887008 -0.03711243    0.06887008  0.03711243
 -0.06887008 -0.03711243   -0.09940102 -0.05608767   -0.11599501  0.03464902
  0.06887008  0.03711243   -0.11599501  0.03464902   -0.09940102 -0.05608767
    2    1
 -0.11425322  0.05203668   -0.06887008  0.03711243    0.06887008 -0.03711243
 -0.06887008  0.03711243   -0.09940102  0.05608767   -0.11599501 -0.03464902
  0.06887008 -0.03711243   -0.11599501 -0.03464902   -0.09940102  0.05608767
    2    2
  0.29171484 -0.00000000   -0.01143467  0.00729409    0.01143467 -0.00729409
 -0.01143467 -0.00729409    0.26270783 -0.00000000   -0.01036687  0.00000000
  0.01143467  0.00729409   -0.01036687  0.00000000    0.26270783 -0.00000000

     Dynamical  Matrix in cartesian axes

     q = (    0.333333333   0.666666667   0.666666667 ) 

    1    1
  0.29171484  0.00000000    0.01143467 -0.00729409    0.01143467 -0.00729409
  0.01143467  0.00729409    0.26270783  0.00000000    0.01036687 -0.00000000
  0.01143467  0.00729409    0.01036687 -0.00000000    0.26270783  0.00000000
    1    2
  0.11425322 -0.05203668   -0.06887008  0.03711243   -0.06887008  0.03711243
 -0.06887008  0.03711243    0.09940102 -0.05608767   -0.11599501 -0.03464902
 -0.06887008  0.03711243   -0.11599501 -0.03464902    0.09940102 -0.05608767
    2    1
  0.11425322  0.05203668   -0.06887008 -0.03711243   -0.06887008 -0.03711243
 -0.06887008 -0.03711243    0.09940102  0.05608767   -0.11599501  0.03464902
 -0.06887008 -0.03711243   -0.11599501  0.03464902    0.09940102  0.05608767
    2    2
  0.29171484 -0.00000000    0.01143467  0.00729409    0.01143467  0.00729409
  0.01143467 -0.00729409    0.26270783 -0.00000000    0.01036687  0.00000000
  0.01143467 -0.00729409    0.01036687  0.00000000    0.26270783 -0.00000000

     Dynamical  Matrix in cartesian axes

     q = (   -0.666666667   0.333333333  -0.666666667 ) 

    1    1
  0.26270783 -0.00000000   -0.01143467 -0.00729409    0.01036687 -0.00000000
 -0.01143467  0.00729409    0.29171484 -0.00000000   -0.01143467  0.00729409
  0.01036687 -0.00000000   -0.01143467 -0.00729409    0.26270783 -0.00000000
    1    2
 -0.09827386 -0.05803998   -0.06657535 -0.04108702    0.02799057  0.11777913
 -0.06657535 -0.04108702   -0.10219170 -0.07292785   -0.06657535 -0.04108702
  0.02799057  0.11777913   -0.06657535 -0.04108702   -0.09827386 -0.05803998
    2    1
 -0.09827386  0.05803998   -0.06657535  0.04108702    0.02799057 -0.11777913
 -0.06657535  0.04108702   -0.10219170  0.07292785   -0.06657535  0.04108702
  0.02799057 -0.11777913   -0.06657535  0.04108702   -0.09827386  0.05803998
    2    2
  0.26270783  0.00000000   -0.01143467  0.00729409    0.01036687  0.00000000
 -0.01143467 -0.00729409    0.29171484  0.00000000   -0.01143467 -0.00729409
  0.01036687  0.00000000   -0.01143467  0.00729409    0.26270783  0.00000000

     Dynamical  Matrix in cartesian axes

     q = (   -0.333333333  -0.666666667   0.666666667 ) 

    1    1
  0.29171484  0.00000000    0.01143467 -0.00729409   -0.01143467  0.00729409
  0.01143467  0.00729409    0.26270783  0.00000000   -0.01036687 -0.00000000
 -0.01143467 -0.00729409   -0.01036687 -0.00000000    0.26270783  0.00000000
    1    2
 -0.11425322  0.05203668    0.06887008 -0.03711243   -0.06887008  0.03711243
  0.06887008 -0.03711243   -0.09940102  0.05608767   -0.11599501 -0.03464902
 -0.06887008  0.03711243   -0.11599501 -0.03464902   -0.09940102  0.05608767
    2    1
 -0.11425322 -0.05203668    0.06887008  0.03711243   -0.06887008 -0.03711243
  0.06887008  0.03711243   -0.09940102 -0.05608767   -0.11599501  0.03464902
 -0.06887008 -0.03711243   -0.11599501  0.03464902   -0.09940102 -0.05608767
    2    2
  0.29171484 -0.00000000    0.01143467  0.00729409   -0.01143467 -0.00729409
  0.01143467 -0.00729409    0.26270783 -0.00000000   -0.01036687  0.00000000
 -0.01143467  0.00729409   -0.01036687  0.00000000    0.26270783 -0.00000000

     Dynamical  Matrix in cartesian axes

     q = (   -0.666666667  -0.666666667   0.333333333 ) 

    1    1
  0.26270783  0.00000000    0.01036687  0.00000000   -0.01143467 -0.00729409
  0.01036687  0.00000000    0.26270783  0.00000000   -0.01143467 -0.00729409
 -0.01143467  0.00729409   -0.01143467  0.00729409    0.29171484  0.00000000
    1    2
 -0.09827386 -0.05803998    0.02799057  0.11777913   -0.06657535 -0.04108702
  0.02799057  0.11777913   -0.09827386 -0.05803998   -0.06657535 -0.04108702
 -0.06657535 -0.04108702   -0.06657535 -0.04108702   -0.10219170 -0.07292785
    2    1
 -0.09827386  0.05803998    0.02799057 -0.11777913   -0.06657535  0.04108702
  0.02799057 -0.11777913   -0.09827386  0.05803998   -0.06657535  0.04108702
 -0.06657535  0.04108702   -0.06657535  0.04108702   -0.10219170  0.07292785
    2    2
  0.26270783 -0.00000000    0.01036687 -0.00000000   -0.01143467  0.00729409
  0.01036687 -0.00000000    0.26270783 -0.00000000   -0.01143467  0.00729409
 -0.01143467 -0.00729409   -0.01143467 -0.00729409    0.29171484 -0.00000000

     Dynamical  Matrix in cartesian axes

     q = (    0.666666667   0.666666667   0.333333333 ) 

    1    1
  0.26270783 -0.00000000    0.01036687 -0.00000000    0.01143467  0.00729409
  0.01036687 -0.00000000    0.26270783 -0.00000000    0.01143467  0.00729409
  0.01143467 -0.00729409    0.01143467 -0.00729409    0.29171484 -0.00000000
    1    2
  0.09940102 -0.05608767   -0.11599501 -0.03464902   -0.06887008  0.03711243
 -0.11599501 -0.03464902    0.09940102 -0.05608767   -0.06887008  0.03711243
 -0.06887008  0.03711243   -0.06887008  0.03711243    0.11425322 -0.05203668
    2    1
  0.09940102  0.05608767   -0.11599501  0.03464902   -0.06887008 -0.03711243
 -0.11599501  0.03464902    0.09940102  0.05608767   -0.06887008 -0.03711243
 -0.06887008 -0.03711243   -0.06887008 -0.03711243    0.11425322  0.05203668
    2    2
  0.26270783  0.00000000    0.01036687  0.00000000    0.01143467 -0.00729409
  0.01036687  0.00000000    0.26270783  0.00000000    0.01143467 -0.00729409
  0.01143467  0.00729409    0.01143467  0.00729409    0.29171484  0.00000000

     Dynamical  Matrix in cartesian axes

     q = (    0.333333333  -0.666666667  -0.666666667 ) 

    1    1
  0.29171484 -0.00000000   -0.01143467  0.00729409   -0.01143467  0.00729409
 -0.01143467 -0.00729409    0.26270783 -0.00000000    0.01036687  0.00000000
 -0.01143467 -0.00729409    0.01036687  0.00000000    0.26270783 -0.00000000
    1    2
 -0.10219170 -0.07292785   -0.06657535 -0.04108702   -0.06657535 -0.04108702
 -0.06657535 -0.04108702   -0.09827386 -0.05803998    0.02799057  0.11777913
 -0.06657535 -0.04108702    0.02799057  0.11777913   -0.09827386 -0.05803998
    2    1
 -0.10219170  0.07292785   -0.06657535  0.04108702   -0.06657535  0.04108702
 -0.06657535  0.04108702   -0.09827386  0.05803998    0.02799057 -0.11777913
 -0.06657535  0.04108702    0.02799057 -0.11777913   -0.09827386  0.05803998
    2    2
  0.29171484  0.00000000   -0.01143467 -0.00729409   -0.01143467 -0.00729409
 -0.01143467  0.00729409    0.26270783  0.00000000    0.01036687 -0.00000000
 -0.01143467  0.00729409    0.01036687 -0.00000000    0.26270783  0.00000000

     Dynamical  Matrix in cartesian axes

     q = (    0.666666667  -0.666666667  -0.333333333 ) 

    1    1
  0.26270783 -0.00000000   -0.01036687  0.00000000   -0.01143467 -0.00729409
 -0.01036687  0.00000000    0.26270783 -0.00000000    0.01143467  0.00729409
 -0.01143467  0.00729409    0.01143467 -0.00729409    0.29171484 -0.00000000
    1    2
 -0.09940102  0.05608767   -0.11599501 -0.03464902   -0.06887008  0.03711243
 -0.11599501 -0.03464902   -0.09940102  0.05608767    0.06887008 -0.03711243
 -0.06887008  0.03711243    0.06887008 -0.03711243   -0.11425322  0.05203668
    2    1
 -0.09940102 -0.05608767   -0.11599501  0.03464902   -0.06887008 -0.03711243
 -0.11599501  0.03464902   -0.09940102 -0.05608767    0.06887008  0.03711243
 -0.06887008 -0.03711243    0.06887008  0.03711243   -0.11425322 -0.05203668
    2    2
  0.26270783  0.00000000   -0.01036687 -0.00000000   -0.01143467  0.00729409
 -0.01036687 -0.00000000    0.26270783  0.00000000    0.01143467 -0.00729409
 -0.01143467 -0.00729409    0.01143467  0.00729409    0.29171484  0.00000000

     Diagonalizing the dynamical matrix

     q = (    0.666666667  -0.333333333   0.666666667 ) 

 **************************************************************************
     freq (    1) =       3.894890 [THz] =     129.919531 [cm-1]
 ( -0.291657  0.406123 -0.000000  0.000000  0.291657 -0.406123 ) 
 ( -0.500000 -0.000000 -0.000000 -0.000000  0.500000  0.000000 ) 
     freq (    2) =       5.155877 [THz] =     171.981548 [cm-1]
 (  0.328430  0.041490  0.507571 -0.152302  0.328430  0.041490 ) 
 (  0.331041  0.000000  0.484480  0.214716  0.331041  0.000000 ) 
     freq (    3) =       9.739723 [THz] =     324.882196 [cm-1]
 (  0.152922 -0.377218  0.094429  0.399657  0.152922 -0.377218 ) 
 ( -0.407036  0.000000  0.334903  0.237661 -0.407036  0.000000 ) 
     freq (    4) =      12.219382 [THz] =     407.594718 [cm-1]
 (  0.108245 -0.341543  0.105127  0.481883  0.108245 -0.341543 ) 
 (  0.358286  0.000000 -0.427603 -0.245801  0.358286  0.000000 ) 
     freq (    5) =      14.078598 [THz] =     469.611495 [cm-1]
 (  0.291657 -0.406123 -0.000000  0.000000 -0.291657  0.406123 ) 
 ( -0.500000  0.000000  0.000000  0.000000  0.500000  0.000000 ) 
     freq (    6) =      14.381310 [THz] =     479.708850 [cm-1]
 (  0.274660  0.144660  0.538793 -0.130277  0.274660  0.144660 ) 
 ( -0.310427  0.000000 -0.416005 -0.366347 -0.310427  0.000000 ) 
 **************************************************************************
