Dynamical matrix file
                                                                           
  1    2  2 10.3400000  0.0000000  0.0000000  0.0000000  0.0000000  0.0000000
           1  'Si  '    25598.8229845270     
    1    1      0.0000000000      0.0000000000      0.0000000000
    2    1      0.2500000000      0.2500000000      0.2500000000

     Dynamical  Matrix in cartesian axes

     q = (   -0.166666667   0.500000000  -0.166666667 ) 

    1    1
  0.24924178  0.00000000   -0.00657743  0.00538820    0.00425137  0.00000000
 -0.00657743 -0.00538820    0.28948721  0.00000000   -0.00657743 -0.00538820
  0.00425137  0.00000000   -0.00657743  0.00538820    0.24924178  0.00000000
    1    2
 -0.15283934  0.05546172   -0.01994069  0.03539235   -0.01913827 -0.10974833
 -0.01994069  0.03539235   -0.15984838  0.06550714   -0.01994069  0.03539235
 -0.01913827 -0.10974833   -0.01994069  0.03539235   -0.15283934  0.05546172
    2    1
 -0.15283934 -0.05546172   -0.01994069 -0.03539235   -0.01913827  0.10974833
 -0.01994069 -0.03539235   -0.15984838 -0.06550714   -0.01994069 -0.03539235
 -0.01913827  0.10974833   -0.01994069 -0.03539235   -0.15283934 -0.05546172
    2    2
  0.24924178  0.00000000   -0.00657743 -0.00538820    0.00425137  0.00000000
 -0.00657743  0.00538820    0.28948721  0.00000000   -0.00657743  0.00538820
  0.00425137  0.00000000   -0.00657743 -0.00538820    0.24924178  0.00000000

     Dynamical  Matrix in cartesian axes

     q = (    0.166666667   0.500000000   0.166666667 ) 

    1    1
  0.24924178  0.00000000    0.00657743 -0.00538820    0.00425137  0.00000000
  0.00657743  0.00538820    0.28948721  0.00000000    0.00657743  0.00538820
  0.00425137  0.00000000    0.00657743 -0.00538820    0.24924178  0.00000000
    1    2
 -0.02838841  0.16009361   -0.02068033 -0.03496532   -0.10461398 -0.03829994
 -0.02068033 -0.03496532   -0.02319334  0.17118633   -0.02068033 -0.03496532
 -0.10461398 -0.03829994   -0.02068033 -0.03496532   -0.02838841  0.16009361
    2    1
 -0.02838841 -0.16009361   -0.02068033  0.03496532   -0.10461398  0.03829994
 -0.02068033  0.03496532   -0.02319334 -0.17118633   -0.02068033  0.03496532
 -0.10461398  0.03829994   -0.02068033  0.03496532   -0.02838841 -0.16009361
    2    2
  0.24924178  0.00000000    0.00657743  0.00538820    0.00425137  0.00000000
  0.00657743 -0.00538820    0.28948721  0.00000000    0.00657743 -0.00538820
  0.00425137  0.00000000    0.00657743  0.00538820    0.24924178  0.00000000

     Dynamical  Matrix in cartesian axes

     q = (   -0.166666667   0.500000000   0.166666667 ) 

    1    1
  0.24924178  0.00000000   -0.00657743 -0.00538820   -0.00425137  0.00000000
 -0.00657743  0.00538820    0.28948721  0.00000000    0.00657743 -0.00538820
 -0.00425137  0.00000000    0.00657743  0.00538820    0.24924178  0.00000000
    1    2
 -0.12445092  0.10463189   -0.04062102 -0.00042703   -0.08547570 -0.07144839
 -0.04062102 -0.00042703   -0.13665504  0.10567919    0.04062102  0.00042703
 -0.08547570 -0.07144839    0.04062102  0.00042703   -0.12445092  0.10463189
    2    1
 -0.12445092 -0.10463189   -0.04062102  0.00042703   -0.08547570  0.07144839
 -0.04062102  0.00042703   -0.13665504 -0.10567919    0.04062102 -0.00042703
 -0.08547570  0.07144839    0.04062102 -0.00042703   -0.12445092 -0.10463189
    2    2
  0.24924178  0.00000000   -0.00657743  0.00538820   -0.00425137  0.00000000
 -0.00657743 -0.00538820    0.28948721  0.00000000    0.00657743  0.00538820
 -0.00425137  0.00000000    0.00657743 -0.00538820    0.24924178  0.00000000

     Dynamical  Matrix in cartesian axes

     q = (    0.166666667   0.500000000  -0.166666667 ) 

    1    1
  0.24924178  0.00000000    0.00657743  0.00538820   -0.00425137  0.00000000
  0.00657743 -0.00538820    0.28948721  0.00000000   -0.00657743  0.00538820
 -0.00425137  0.00000000   -0.00657743 -0.00538820    0.24924178  0.00000000
    1    2
 -0.12445092  0.10463189    0.04062102  0.00042703   -0.08547570 -0.07144839
  0.04062102  0.00042703   -0.13665504  0.10567919   -0.04062102 -0.00042703
 -0.08547570 -0.07144839   -0.04062102 -0.00042703   -0.12445092  0.10463189
    2    1
 -0.12445092 -0.10463189    0.04062102 -0.00042703   -0.08547570  0.07144839
  0.04062102 -0.00042703   -0.13665504 -0.10567919   -0.04062102  0.00042703
 -0.08547570  0.07144839   -0.04062102  0.00042703   -0.12445092 -0.10463189
    2    2
  0.24924178  0.00000000    0.00657743 -0.00538820   -0.00425137  0.00000000
  0.00657743  0.00538820    0.28948721  0.00000000   -0.00657743 -0.00538820
 -0.00425137  0.00000000   -0.00657743  0.00538820    0.24924178  0.00000000

     Dynamical  Matrix in cartesian axes

     q = (    0.500000000  -0.166666667   0.166666667 ) 

    1    1
  0.28948721  0.00000000   -0.00657743  0.00538820    0.00657743 -0.00538820
 -0.00657743 -0.00538820    0.24924178  0.00000000   -0.00425137  0.00000000
  0.00657743  0.00538820   -0.00425137  0.00000000    0.24924178  0.00000000
    1    2
 -0.13665504  0.10567919   -0.04062102 -0.00042703    0.04062102  0.00042703
 -0.04062102 -0.00042703   -0.12445092  0.10463189   -0.08547570 -0.07144839
  0.04062102  0.00042703   -0.08547570 -0.07144839   -0.12445092  0.10463189
    2    1
 -0.13665504 -0.10567919   -0.04062102  0.00042703    0.04062102 -0.00042703
 -0.04062102  0.00042703   -0.12445092 -0.10463189   -0.08547570  0.07144839
  0.04062102 -0.00042703   -0.08547570  0.07144839   -0.12445092 -0.10463189
    2    2
  0.28948721  0.00000000   -0.00657743 -0.00538820    0.00657743  0.00538820
 -0.00657743  0.00538820    0.24924178  0.00000000   -0.00425137  0.00000000
  0.00657743 -0.00538820   -0.00425137  0.00000000    0.24924178  0.00000000

     Dynamical  Matrix in cartesian axes

     q = (    0.166666667  -0.166666667   0.500000000 ) 

    1    1
  0.24924178  0.00000000   -0.00425137  0.00000000    0.00657743  0.00538820
 -0.00425137  0.00000000    0.24924178  0.00000000   -0.00657743 -0.00538820
  0.00657743 -0.00538820   -0.00657743  0.00538820    0.28948721  0.00000000
    1    2
 -0.12445092  0.10463189   -0.08547570 -0.07144839    0.04062102  0.00042703
 -0.08547570 -0.07144839   -0.12445092  0.10463189   -0.04062102 -0.00042703
  0.04062102  0.00042703   -0.04062102 -0.00042703   -0.13665504  0.10567919
    2    1
 -0.12445092 -0.10463189   -0.08547570  0.07144839    0.04062102 -0.00042703
 -0.08547570  0.07144839   -0.12445092 -0.10463189   -0.04062102  0.00042703
  0.04062102 -0.00042703   -0.04062102  0.00042703   -0.13665504 -0.10567919
    2    2
  0.24924178  0.00000000   -0.00425137  0.00000000    0.00657743 -0.00538820
 -0.00425137  0.00000000    0.24924178  0.00000000   -0.00657743  0.00538820
  0.00657743  0.00538820   -0.00657743 -0.00538820    0.28948721  0.00000000

     Dynamical  Matrix in cartesian axes

     q = (   -0.166666667  -0.500000000  -0.166666667 ) 

    1    1
  0.24924178  0.00000000    0.00657743  0.00538820    0.00425137  0.00000000
  0.00657743 -0.00538820    0.28948721  0.00000000    0.00657743 -0.00538820
  0.00425137  0.00000000    0.00657743  0.00538820    0.24924178  0.00000000
    1    2
 -0.02838841 -0.16009361   -0.02068033  0.03496532   -0.10461398  0.03829994
 -0.02068033  0.03496532   -0.02319334 -0.17118633   -0.02068033  0.03496532
 -0.10461398  0.03829994   -0.02068033  0.03496532   -0.02838841 -0.16009361
    2    1
 -0.02838841  0.16009361   -0.02068033 -0.03496532   -0.10461398 -0.03829994
 -0.02068033 -0.03496532   -0.02319334  0.17118633   -0.02068033 -0.03496532
 -0.10461398 -0.03829994   -0.02068033 -0.03496532   -0.02838841  0.16009361
    2    2
  0.24924178  0.00000000    0.00657743 -0.00538820    0.00425137  0.00000000
  0.00657743  0.00538820    0.28948721  0.00000000    0.00657743  0.00538820
  0.00425137  0.00000000    0.00657743 -0.00538820    0.24924178  0.00000000

     Dynamical  Matrix in cartesian axes

     q = (    0.166666667  -0.500000000  -0.166666667 ) 

    1    1
  0.24924178  0.00000000   -0.00657743  0.00538820   -0.00425137  0.00000000
 -0.00657743 -0.00538820    0.28948721  0.00000000    0.00657743  0.00538820
 -0.00425137  0.00000000    0.00657743 -0.00538820    0.24924178  0.00000000
    1    2
 -0.12445092 -0.10463189   -0.04062102  0.00042703   -0.08547570  0.07144839
 -0.04062102  0.00042703   -0.13665504 -0.10567919    0.04062102 -0.00042703
 -0.08547570  0.07144839    0.04062102 -0.00042703   -0.12445092 -0.10463189
    2    1
 -0.12445092  0.10463189   -0.04062102 -0.00042703   -0.08547570 -0.07144839
 -0.04062102 -0.00042703   -0.13665504  0.10567919    0.04062102  0.00042703
 -0.08547570 -0.07144839    0.04062102  0.00042703   -0.12445092  0.10463189
    2    2
  0.24924178  0.00000000   -0.00657743 -0.00538820   -0.00425137  0.00000000
 -0.00657743  0.00538820    0.28948721  0.00000000    0.00657743 -0.00538820
 -0.00425137  0.00000000    0.00657743  0.00538820    0.24924178  0.00000000

     Dynamical  Matrix in cartesian axes

     q = (   -0.166666667  -0.500000000   0.166666667 ) 

    1    1
  0.24924178  0.00000000    0.00657743 -0.00538820   -0.00425137  0.00000000
  0.00657743  0.00538820    0.28948721  0.00000000   -0.00657743 -0.00538820
 -0.00425137  0.00000000   -0.00657743  0.00538820    0.24924178  0.00000000
    1    2
 -0.12445092 -0.10463189    0.04062102 -0.00042703   -0.08547570  0.07144839
  0.04062102 -0.00042703   -0.13665504 -0.10567919   -0.04062102  0.00042703
 -0.08547570  0.07144839   -0.04062102  0.00042703   -0.12445092 -0.10463189
    2    1
 -0.12445092  0.10463189    0.04062102  0.00042703   -0.08547570 -0.07144839
  0.04062102  0.00042703   -0.13665504  0.10567919   -0.04062102 -0.00042703
 -0.08547570 -0.07144839   -0.04062102 -0.00042703   -0.12445092  0.10463189
    2    2
  0.24924178  0.00000000    0.00657743  0.00538820   -0.00425137  0.00000000
  0.00657743 -0.00538820    0.28948721  0.00000000   -0.00657743  0.00538820
 -0.00425137  0.00000000   -0.00657743 -0.00538820    0.24924178  0.00000000

     Dynamical  Matrix in cartesian axes

     q = (    0.500000000  -0.166666667  -0.166666667 ) 

    1    1
  0.28948721  0.00000000   -0.00657743 -0.00538820   -0.00657743 -0.00538820
 -0.00657743  0.00538820    0.24924178  0.00000000    0.00425137  0.00000000
 -0.00657743  0.00538820    0.00425137  0.00000000    0.24924178  0.00000000
    1    2
 -0.15984838  0.06550714   -0.01994069  0.03539235   -0.01994069  0.03539235
 -0.01994069  0.03539235   -0.15283934  0.05546172   -0.01913827 -0.10974833
 -0.01994069  0.03539235   -0.01913827 -0.10974833   -0.15283934  0.05546172
    2    1
 -0.15984838 -0.06550714   -0.01994069 -0.03539235   -0.01994069 -0.03539235
 -0.01994069 -0.03539235   -0.15283934 -0.05546172   -0.01913827  0.10974833
 -0.01994069 -0.03539235   -0.01913827  0.10974833   -0.15283934 -0.05546172
    2    2
  0.28948721  0.00000000   -0.00657743  0.00538820   -0.00657743  0.00538820
 -0.00657743 -0.00538820    0.24924178  0.00000000    0.00425137  0.00000000
 -0.00657743 -0.00538820    0.00425137  0.00000000    0.24924178  0.00000000

     Dynamical  Matrix in cartesian axes

     q = (   -0.500000000  -0.166666667   0.166666667 ) 

    1    1
  0.28948721  0.00000000    0.00657743  0.00538820   -0.00657743 -0.00538820
  0.00657743 -0.00538820    0.24924178  0.00000000   -0.00425137  0.00000000
 -0.00657743  0.00538820   -0.00425137  0.00000000    0.24924178  0.00000000
    1    2
 -0.13665504 -0.10567919    0.04062102 -0.00042703   -0.04062102  0.00042703
  0.04062102 -0.00042703   -0.12445092 -0.10463189   -0.08547570  0.07144839
 -0.04062102  0.00042703   -0.08547570  0.07144839   -0.12445092 -0.10463189
    2    1
 -0.13665504  0.10567919    0.04062102  0.00042703   -0.04062102 -0.00042703
  0.04062102  0.00042703   -0.12445092  0.10463189   -0.08547570 -0.07144839
 -0.04062102 -0.00042703   -0.08547570 -0.07144839   -0.12445092  0.10463189
    2    2
  0.28948721  0.00000000    0.00657743 -0.00538820   -0.00657743  0.00538820
  0.00657743  0.00538820    0.24924178  0.00000000   -0.00425137  0.00000000
 -0.00657743 -0.00538820   -0.00425137  0.00000000    0.24924178  0.00000000

     Dynamical  Matrix in cartesian axes

     q = (    0.500000000   0.166666667   0.166666667 ) 

    1    1
  0.28948721  0.00000000    0.00657743  0.00538820    0.00657743  0.00538820
  0.00657743 -0.00538820    0.24924178  0.00000000    0.00425137  0.00000000
  0.00657743 -0.00538820    0.00425137  0.00000000    0.24924178  0.00000000
    1    2
 -0.02319334  0.17118633   -0.02068033 -0.03496532   -0.02068033 -0.03496532
 -0.02068033 -0.03496532   -0.02838841  0.16009361   -0.10461398 -0.03829994
 -0.02068033 -0.03496532   -0.10461398 -0.03829994   -0.02838841  0.16009361
    2    1
 -0.02319334 -0.17118633   -0.02068033  0.03496532   -0.02068033  0.03496532
 -0.02068033  0.03496532   -0.02838841 -0.16009361   -0.10461398  0.03829994
 -0.02068033  0.03496532   -0.10461398  0.03829994   -0.02838841 -0.16009361
    2    2
  0.28948721  0.00000000    0.00657743 -0.00538820    0.00657743 -0.00538820
  0.00657743  0.00538820    0.24924178  0.00000000    0.00425137  0.00000000
  0.00657743  0.00538820    0.00425137  0.00000000    0.24924178  0.00000000

     Dynamical  Matrix in cartesian axes

     q = (   -0.166666667   0.166666667  -0.500000000 ) 

    1    1
  0.24924178  0.00000000   -0.00425137  0.00000000    0.00657743 -0.00538820
 -0.00425137  0.00000000    0.24924178  0.00000000   -0.00657743  0.00538820
  0.00657743  0.00538820   -0.00657743 -0.00538820    0.28948721  0.00000000
    1    2
 -0.12445092 -0.10463189   -0.08547570  0.07144839    0.04062102 -0.00042703
 -0.08547570  0.07144839   -0.12445092 -0.10463189   -0.04062102  0.00042703
  0.04062102 -0.00042703   -0.04062102  0.00042703   -0.13665504 -0.10567919
    2    1
 -0.12445092  0.10463189   -0.08547570 -0.07144839    0.04062102  0.00042703
 -0.08547570 -0.07144839   -0.12445092  0.10463189   -0.04062102 -0.00042703
  0.04062102  0.00042703   -0.04062102 -0.00042703   -0.13665504  0.10567919
    2    2
  0.24924178  0.00000000   -0.00425137  0.00000000    0.00657743  0.00538820
 -0.00425137  0.00000000    0.24924178  0.00000000   -0.00657743 -0.00538820
  0.00657743 -0.00538820   -0.00657743  0.00538820    0.28948721  0.00000000

     Dynamical  Matrix in cartesian axes

     q = (   -0.166666667  -0.166666667   0.500000000 ) 

    1    1
  0.24924178  0.00000000    0.00425137  0.00000000   -0.00657743  0.00538820
  0.00425137  0.00000000    0.24924178  0.00000000   -0.00657743  0.00538820
 -0.00657743 -0.00538820   -0.00657743 -0.00538820    0.28948721  0.00000000
    1    2
 -0.15283934  0.05546172   -0.01913827 -0.10974833   -0.01994069  0.03539235
 -0.01913827 -0.10974833   -0.15283934  0.05546172   -0.01994069  0.03539235
 -0.01994069  0.03539235   -0.01994069  0.03539235   -0.15984838  0.06550714
    2    1
 -0.15283934 -0.05546172   -0.01913827  0.10974833   -0.01994069 -0.03539235
 -0.01913827  0.10974833   -0.15283934 -0.05546172   -0.01994069 -0.03539235
 -0.01994069 -0.03539235   -0.01994069 -0.03539235   -0.15984838 -0.06550714
    2    2
  0.24924178  0.00000000    0.00425137  0.00000000   -0.00657743 -0.00538820
  0.00425137  0.00000000    0.24924178  0.00000000   -0.00657743 -0.00538820
 -0.00657743  0.00538820   -0.00657743  0.00538820    0.28948721  0.00000000

     Dynamical  Matrix in cartesian axes

     q = (    0.166666667   0.166666667   0.500000000 ) 

    1    1
  0.24924178  0.00000000    0.00425137  0.00000000    0.00657743 -0.00538820
  0.00425137  0.00000000    0.24924178  0.00000000    0.00657743 -0.00538820
  0.00657743  0.00538820    0.00657743  0.00538820    0.28948721  0.00000000
    1    2
 -0.02838841  0.16009361   -0.10461398 -0.03829994   -0.02068033 -0.03496532
 -0.10461398 -0.03829994   -0.02838841  0.16009361   -0.02068033 -0.03496532
 -0.02068033 -0.03496532   -0.02068033 -0.03496532   -0.02319334  0.17118633
    2    1
 -0.02838841 -0.16009361   -0.10461398  0.03829994   -0.02068033  0.03496532
 -0.10461398  0.03829994   -0.02838841 -0.16009361   -0.02068033  0.03496532
 -0.02068033  0.03496532   -0.02068033  0.03496532   -0.02319334 -0.17118633
    2    2
  0.24924178  0.00000000    0.00425137  0.00000000    0.00657743  0.00538820
  0.00425137  0.00000000    0.24924178  0.00000000    0.00657743  0.00538820
  0.00657743 -0.00538820    0.00657743 -0.00538820    0.28948721  0.00000000

     Dynamical  Matrix in cartesian axes

     q = (    0.166666667  -0.166666667  -0.500000000 ) 

    1    1
  0.24924178  0.00000000   -0.00425137  0.00000000   -0.00657743  0.00538820
 -0.00425137  0.00000000    0.24924178  0.00000000    0.00657743 -0.00538820
 -0.00657743 -0.00538820    0.00657743  0.00538820    0.28948721  0.00000000
    1    2
 -0.12445092 -0.10463189   -0.08547570  0.07144839   -0.04062102  0.00042703
 -0.08547570  0.07144839   -0.12445092 -0.10463189    0.04062102 -0.00042703
 -0.04062102  0.00042703    0.04062102 -0.00042703   -0.13665504 -0.10567919
    2    1
 -0.12445092  0.10463189   -0.08547570 -0.07144839   -0.04062102 -0.00042703
 -0.08547570 -0.07144839   -0.12445092  0.10463189    0.04062102  0.00042703
 -0.04062102 -0.00042703    0.04062102  0.00042703   -0.13665504  0.10567919
    2    2
  0.24924178  0.00000000   -0.00425137  0.00000000   -0.00657743 -0.00538820
 -0.00425137  0.00000000    0.24924178  0.00000000    0.00657743  0.00538820
 -0.00657743  0.00538820    0.00657743 -0.00538820    0.28948721  0.00000000

     Dynamical  Matrix in cartesian axes

     q = (   -0.500000000   0.166666667  -0.166666667 ) 

    1    1
  0.28948721  0.00000000   -0.00657743 -0.00538820    0.00657743  0.00538820
 -0.00657743  0.00538820    0.24924178  0.00000000   -0.00425137  0.00000000
  0.00657743 -0.00538820   -0.00425137  0.00000000    0.24924178  0.00000000
    1    2
 -0.13665504 -0.10567919   -0.04062102  0.00042703    0.04062102 -0.00042703
 -0.04062102  0.00042703   -0.12445092 -0.10463189   -0.08547570  0.07144839
  0.04062102 -0.00042703   -0.08547570  0.07144839   -0.12445092 -0.10463189
    2    1
 -0.13665504  0.10567919   -0.04062102 -0.00042703    0.04062102  0.00042703
 -0.04062102 -0.00042703   -0.12445092  0.10463189   -0.08547570 -0.07144839
  0.04062102  0.00042703   -0.08547570 -0.07144839   -0.12445092  0.10463189
    2    2
  0.28948721  0.00000000   -0.00657743  0.00538820    0.00657743 -0.00538820
 -0.00657743 -0.00538820    0.24924178  0.00000000   -0.00425137  0.00000000
  0.00657743  0.00538820   -0.00425137  0.00000000    0.24924178  0.00000000

     Dynamical  Matrix in cartesian axes

     q = (   -0.500000000  -0.166666667  -0.166666667 ) 

    1    1
  0.28948721  0.00000000    0.00657743 -0.00538820    0.00657743 -0.00538820
  0.00657743  0.00538820    0.24924178  0.00000000    0.00425137  0.00000000
  0.00657743  0.00538820    0.00425137  0.00000000    0.24924178  0.00000000
    1    2
 -0.02319334 -0.17118633   -0.02068033  0.03496532   -0.02068033  0.03496532
 -0.02068033  0.03496532   -0.02838841 -0.16009361   -0.10461398  0.03829994
 -0.02068033  0.03496532   -0.10461398  0.03829994   -0.02838841 -0.16009361
    2    1
 -0.02319334  0.17118633   -0.02068033 -0.03496532   -0.02068033 -0.03496532
 -0.02068033 -0.03496532   -0.02838841  0.16009361   -0.10461398 -0.03829994
 -0.02068033 -0.03496532   -0.10461398 -0.03829994   -0.02838841  0.16009361
    2    2
  0.28948721  0.00000000    0.00657743  0.00538820    0.00657743  0.00538820
  0.00657743 -0.00538820    0.24924178  0.00000000    0.00425137  0.00000000
  0.00657743 -0.00538820    0.00425137  0.00000000    0.24924178  0.00000000

     Dynamical  Matrix in cartesian axes

     q = (    0.166666667  -0.500000000   0.166666667 ) 

    1    1
  0.24924178  0.00000000   -0.00657743 -0.00538820    0.00425137  0.00000000
 -0.00657743  0.00538820    0.28948721  0.00000000   -0.00657743  0.00538820
  0.00425137  0.00000000   -0.00657743 -0.00538820    0.24924178  0.00000000
    1    2
 -0.15283934 -0.05546172   -0.01994069 -0.03539235   -0.01913827  0.10974833
 -0.01994069 -0.03539235   -0.15984838 -0.06550714   -0.01994069 -0.03539235
 -0.01913827  0.10974833   -0.01994069 -0.03539235   -0.15283934 -0.05546172
    2    1
 -0.15283934  0.05546172   -0.01994069  0.03539235   -0.01913827 -0.10974833
 -0.01994069  0.03539235   -0.15984838  0.06550714   -0.01994069  0.03539235
 -0.01913827 -0.10974833   -0.01994069  0.03539235   -0.15283934  0.05546172
    2    2
  0.24924178  0.00000000   -0.00657743  0.00538820    0.00425137  0.00000000
 -0.00657743 -0.00538820    0.28948721  0.00000000   -0.00657743 -0.00538820
  0.00425137  0.00000000   -0.00657743  0.00538820    0.24924178  0.00000000

     Dynamical  Matrix in cartesian axes

     q = (    0.500000000   0.166666667  -0.166666667 ) 

    1    1
  0.28948721  0.00000000    0.00657743 -0.00538820   -0.00657743  0.00538820
  0.00657743  0.00538820    0.24924178  0.00000000   -0.00425137  0.00000000
 -0.00657743 -0.00538820   -0.00425137  0.00000000    0.24924178  0.00000000
    1    2
 -0.13665504  0.10567919    0.04062102  0.00042703   -0.04062102 -0.00042703
  0.04062102  0.00042703   -0.12445092  0.10463189   -0.08547570 -0.07144839
 -0.04062102 -0.00042703   -0.08547570 -0.07144839   -0.12445092  0.10463189
    2    1
 -0.13665504 -0.10567919    0.04062102 -0.00042703   -0.04062102  0.00042703
  0.04062102 -0.00042703   -0.12445092 -0.10463189   -0.08547570  0.07144839
 -0.04062102  0.00042703   -0.08547570  0.07144839   -0.12445092 -0.10463189
    2    2
  0.28948721  0.00000000    0.00657743  0.00538820   -0.00657743 -0.00538820
  0.00657743 -0.00538820    0.24924178  0.00000000   -0.00425137  0.00000000
 -0.00657743  0.00538820   -0.00425137  0.00000000    0.24924178  0.00000000

     Dynamical  Matrix in cartesian axes

     q = (    0.166666667   0.166666667  -0.500000000 ) 

    1    1
  0.24924178  0.00000000    0.00425137  0.00000000   -0.00657743 -0.00538820
  0.00425137  0.00000000    0.24924178  0.00000000   -0.00657743 -0.00538820
 -0.00657743  0.00538820   -0.00657743  0.00538820    0.28948721  0.00000000
    1    2
 -0.15283934 -0.05546172   -0.01913827  0.10974833   -0.01994069 -0.03539235
 -0.01913827  0.10974833   -0.15283934 -0.05546172   -0.01994069 -0.03539235
 -0.01994069 -0.03539235   -0.01994069 -0.03539235   -0.15984838 -0.06550714
    2    1
 -0.15283934  0.05546172   -0.01913827 -0.10974833   -0.01994069  0.03539235
 -0.01913827 -0.10974833   -0.15283934  0.05546172   -0.01994069  0.03539235
 -0.01994069  0.03539235   -0.01994069  0.03539235   -0.15984838  0.06550714
    2    2
  0.24924178  0.00000000    0.00425137  0.00000000   -0.00657743  0.00538820
  0.00425137  0.00000000    0.24924178  0.00000000   -0.00657743  0.00538820
 -0.00657743 -0.00538820   -0.00657743 -0.00538820    0.28948721  0.00000000

     Dynamical  Matrix in cartesian axes

     q = (   -0.166666667  -0.166666667  -0.500000000 ) 

    1    1
  0.24924178  0.00000000    0.00425137  0.00000000    0.00657743  0.00538820
  0.00425137  0.00000000    0.24924178  0.00000000    0.00657743  0.00538820
  0.00657743 -0.00538820    0.00657743 -0.00538820    0.28948721  0.00000000
    1    2
 -0.02838841 -0.16009361   -0.10461398  0.03829994   -0.02068033  0.03496532
 -0.10461398  0.03829994   -0.02838841 -0.16009361   -0.02068033  0.03496532
 -0.02068033  0.03496532   -0.02068033  0.03496532   -0.02319334 -0.17118633
    2    1
 -0.02838841  0.16009361   -0.10461398 -0.03829994   -0.02068033 -0.03496532
 -0.10461398 -0.03829994   -0.02838841  0.16009361   -0.02068033 -0.03496532
 -0.02068033 -0.03496532   -0.02068033 -0.03496532   -0.02319334  0.17118633
    2    2
  0.24924178  0.00000000    0.00425137  0.00000000    0.00657743 -0.00538820
  0.00425137  0.00000000    0.24924178  0.00000000    0.00657743 -0.00538820
  0.00657743  0.00538820    0.00657743  0.00538820    0.28948721  0.00000000

     Dynamical  Matrix in cartesian axes

     q = (   -0.500000000   0.166666667   0.166666667 ) 

    1    1
  0.28948721  0.00000000   -0.00657743  0.00538820   -0.00657743  0.00538820
 -0.00657743 -0.00538820    0.24924178  0.00000000    0.00425137  0.00000000
 -0.00657743 -0.00538820    0.00425137  0.00000000    0.24924178  0.00000000
    1    2
 -0.15984838 -0.06550714   -0.01994069 -0.03539235   -0.01994069 -0.03539235
 -0.01994069 -0.03539235   -0.15283934 -0.05546172   -0.01913827  0.10974833
 -0.01994069 -0.03539235   -0.01913827  0.10974833   -0.15283934 -0.05546172
    2    1
 -0.15984838  0.06550714   -0.01994069  0.03539235   -0.01994069  0.03539235
 -0.01994069  0.03539235   -0.15283934  0.05546172   -0.01913827 -0.10974833
 -0.01994069  0.03539235   -0.01913827 -0.10974833   -0.15283934  0.05546172
    2    2
  0.28948721  0.00000000   -0.00657743 -0.00538820   -0.00657743 -0.00538820
 -0.00657743  0.00538820    0.24924178  0.00000000    0.00425137  0.00000000
 -0.00657743  0.00538820    0.00425137  0.00000000    0.24924178  0.00000000

     Dynamical  Matrix in cartesian axes

     q = (   -0.166666667   0.166666667   0.500000000 ) 

    1    1
  0.24924178  0.00000000   -0.00425137  0.00000000   -0.00657743 -0.00538820
 -0.00425137  0.00000000    0.24924178  0.00000000    0.00657743  0.00538820
 -0.00657743  0.00538820    0.00657743 -0.00538820    0.28948721  0.00000000
    1    2
 -0.12445092  0.10463189   -0.08547570 -0.07144839   -0.04062102 -0.00042703
 -0.08547570 -0.07144839   -0.12445092  0.10463189    0.04062102  0.00042703
 -0.04062102 -0.00042703    0.04062102  0.00042703   -0.13665504  0.10567919
    2    1
 -0.12445092 -0.10463189   -0.08547570  0.07144839   -0.04062102  0.00042703
 -0.08547570  0.07144839   -0.12445092 -0.10463189    0.04062102 -0.00042703
 -0.04062102  0.00042703    0.04062102 -0.00042703   -0.13665504 -0.10567919
    2    2
  0.24924178  0.00000000   -0.00425137  0.00000000   -0.00657743  0.00538820
 -0.00425137  0.00000000    0.24924178  0.00000000    0.00657743 -0.00538820
 -0.00657743 -0.00538820    0.00657743  0.00538820    0.28948721  0.00000000

     Diagonalizing the dynamical matrix

     q = (   -0.166666667   0.500000000  -0.166666667 ) 

 **************************************************************************
     freq (    1) =       3.704427 [THz] =     123.566389 [cm-1]
 (  0.314542 -0.388669 -0.000000  0.000000 -0.314542  0.388669 ) 
 (  0.500000  0.000000 -0.000000 -0.000000 -0.500000  0.000000 ) 
     freq (    2) =       4.496284 [THz] =     149.979902 [cm-1]
 ( -0.423686 -0.056403 -0.353316  0.098924 -0.423686 -0.056403 ) 
 ( -0.427424 -0.000000 -0.337172 -0.144683 -0.427424  0.000000 ) 
     freq (    3) =       7.334493 [THz] =     244.652363 [cm-1]
 (  0.160298  0.217496 -0.557265 -0.208460  0.160298  0.217496 ) 
 (  0.270186 -0.000000 -0.498428 -0.324915  0.270186  0.000000 ) 
     freq (    4) =      13.485321 [THz] =     449.821892 [cm-1]
 (  0.367463  0.193481 -0.370147 -0.134398  0.367463  0.193481 ) 
 ( -0.415288  0.000000  0.390136  0.053530 -0.415288  0.000000 ) 
     freq (    5) =      13.908227 [THz] =     463.928507 [cm-1]
 (  0.314542 -0.388669 -0.000000  0.000000 -0.314542  0.388669 ) 
 ( -0.500000  0.000000  0.000000  0.000000  0.500000  0.000000 ) 
     freq (    6) =      14.257410 [THz] =     475.576023 [cm-1]
 (  0.267874  0.009408  0.575172 -0.159648  0.267874  0.009408 ) 
 ( -0.268039  0.000000 -0.569214 -0.179738 -0.268039  0.000000 ) 
 **************************************************************************
