Dynamical matrix file
                                                                           
  1    2  2 10.3640000  0.0000000  0.0000000  0.0000000  0.0000000  0.0000000
           1  'Si  '    25598.8229845270     
    1    1      0.0000000000      0.0000000000      0.0000000000
    2    1      0.2500000000      0.2500000000      0.2500000000

     Dynamical  Matrix in cartesian axes

     q = (   -0.166666667   0.500000000  -0.166666667 ) 

    1    1
  0.24535108  0.00000000   -0.00646639  0.00533170    0.00418498  0.00000000
 -0.00646639 -0.00533170    0.28534349  0.00000000   -0.00646639 -0.00533170
  0.00418498  0.00000000   -0.00646639  0.00533170    0.24535108  0.00000000
    1    2
 -0.15056544  0.05465480   -0.01936858  0.03435126   -0.01857246 -0.10661594
 -0.01936858  0.03435126   -0.15763799  0.06468631   -0.01936858  0.03435126
 -0.01857246 -0.10661594   -0.01936858  0.03435126   -0.15056544  0.05465480
    2    1
 -0.15056544 -0.05465480   -0.01936858 -0.03435126   -0.01857246  0.10661594
 -0.01936858 -0.03435126   -0.15763799 -0.06468631   -0.01936858 -0.03435126
 -0.01857246  0.10661594   -0.01936858 -0.03435126   -0.15056544 -0.05465480
    2    2
  0.24535108  0.00000000   -0.00646639 -0.00533170    0.00418498  0.00000000
 -0.00646639  0.00533170    0.28534349  0.00000000   -0.00646639  0.00533170
  0.00418498  0.00000000   -0.00646639 -0.00533170    0.24535108  0.00000000

     Dynamical  Matrix in cartesian axes

     q = (    0.166666667   0.500000000   0.166666667 ) 

    1    1
  0.24535108  0.00000000    0.00646639 -0.00533170    0.00418498  0.00000000
  0.00646639  0.00533170    0.28534349  0.00000000    0.00646639  0.00533170
  0.00418498  0.00000000    0.00646639 -0.00533170    0.24535108  0.00000000
    1    2
 -0.02795027  0.15772090   -0.02006477 -0.03394932   -0.10161834 -0.03722375
 -0.02006477 -0.03394932   -0.02279901  0.16886166   -0.02006477 -0.03394932
 -0.10161834 -0.03722375   -0.02006477 -0.03394932   -0.02795027  0.15772090
    2    1
 -0.02795027 -0.15772090   -0.02006477  0.03394932   -0.10161834  0.03722375
 -0.02006477  0.03394932   -0.02279901 -0.16886166   -0.02006477  0.03394932
 -0.10161834  0.03722375   -0.02006477  0.03394932   -0.02795027 -0.15772090
    2    2
  0.24535108  0.00000000    0.00646639  0.00533170    0.00418498  0.00000000
  0.00646639 -0.00533170    0.28534349  0.00000000    0.00646639 -0.00533170
  0.00418498  0.00000000    0.00646639  0.00533170    0.24535108  0.00000000

     Dynamical  Matrix in cartesian axes

     q = (   -0.166666667   0.500000000   0.166666667 ) 

    1    1
  0.24535108  0.00000000   -0.00646639 -0.00533170   -0.00418498  0.00000000
 -0.00646639  0.00533170    0.28534349  0.00000000    0.00646639 -0.00533170
 -0.00418498  0.00000000    0.00646639  0.00533170    0.24535108  0.00000000
    1    2
 -0.12261517  0.10306610   -0.03943335 -0.00040194   -0.08304588 -0.06939219
 -0.03943335 -0.00040194   -0.13483898  0.10417535    0.03943335  0.00040194
 -0.08304588 -0.06939219    0.03943335  0.00040194   -0.12261517  0.10306610
    2    1
 -0.12261517 -0.10306610   -0.03943335  0.00040194   -0.08304588  0.06939219
 -0.03943335  0.00040194   -0.13483898 -0.10417535    0.03943335 -0.00040194
 -0.08304588  0.06939219    0.03943335 -0.00040194   -0.12261517 -0.10306610
    2    2
  0.24535108  0.00000000   -0.00646639  0.00533170   -0.00418498  0.00000000
 -0.00646639 -0.00533170    0.28534349  0.00000000    0.00646639  0.00533170
 -0.00418498  0.00000000    0.00646639 -0.00533170    0.24535108  0.00000000

     Dynamical  Matrix in cartesian axes

     q = (    0.166666667   0.500000000  -0.166666667 ) 

    1    1
  0.24535108  0.00000000    0.00646639  0.00533170   -0.00418498  0.00000000
  0.00646639 -0.00533170    0.28534349  0.00000000   -0.00646639  0.00533170
 -0.00418498  0.00000000   -0.00646639 -0.00533170    0.24535108  0.00000000
    1    2
 -0.12261517  0.10306610    0.03943335  0.00040194   -0.08304588 -0.06939219
  0.03943335  0.00040194   -0.13483898  0.10417535   -0.03943335 -0.00040194
 -0.08304588 -0.06939219   -0.03943335 -0.00040194   -0.12261517  0.10306610
    2    1
 -0.12261517 -0.10306610    0.03943335 -0.00040194   -0.08304588  0.06939219
  0.03943335 -0.00040194   -0.13483898 -0.10417535   -0.03943335  0.00040194
 -0.08304588  0.06939219   -0.03943335  0.00040194   -0.12261517 -0.10306610
    2    2
  0.24535108  0.00000000    0.00646639 -0.00533170   -0.00418498  0.00000000
  0.00646639  0.00533170    0.28534349  0.00000000   -0.00646639 -0.00533170
 -0.00418498  0.00000000   -0.00646639  0.00533170    0.24535108  0.00000000

     Dynamical  Matrix in cartesian axes

     q = (    0.500000000  -0.166666667   0.166666667 ) 

    1    1
  0.28534349  0.00000000   -0.00646639  0.00533170    0.00646639 -0.00533170
 -0.00646639 -0.00533170    0.24535108  0.00000000   -0.00418498  0.00000000
  0.00646639  0.00533170   -0.00418498  0.00000000    0.24535108  0.00000000
    1    2
 -0.13483898  0.10417535   -0.03943335 -0.00040194    0.03943335  0.00040194
 -0.03943335 -0.00040194   -0.12261517  0.10306610   -0.08304588 -0.06939219
  0.03943335  0.00040194   -0.08304588 -0.06939219   -0.12261517  0.10306610
    2    1
 -0.13483898 -0.10417535   -0.03943335  0.00040194    0.03943335 -0.00040194
 -0.03943335  0.00040194   -0.12261517 -0.10306610   -0.08304588  0.06939219
  0.03943335 -0.00040194   -0.08304588  0.06939219   -0.12261517 -0.10306610
    2    2
  0.28534349  0.00000000   -0.00646639 -0.00533170    0.00646639  0.00533170
 -0.00646639  0.00533170    0.24535108  0.00000000   -0.00418498  0.00000000
  0.00646639 -0.00533170   -0.00418498  0.00000000    0.24535108  0.00000000

     Dynamical  Matrix in cartesian axes

     q = (    0.166666667  -0.166666667   0.500000000 ) 

    1    1
  0.24535108  0.00000000   -0.00418498  0.00000000    0.00646639  0.00533170
 -0.00418498  0.00000000    0.24535108  0.00000000   -0.00646639 -0.00533170
  0.00646639 -0.00533170   -0.00646639  0.00533170    0.28534349  0.00000000
    1    2
 -0.12261517  0.10306610   -0.08304588 -0.06939219    0.03943335  0.00040194
 -0.08304588 -0.06939219   -0.12261517  0.10306610   -0.03943335 -0.00040194
  0.03943335  0.00040194   -0.03943335 -0.00040194   -0.13483898  0.10417535
    2    1
 -0.12261517 -0.10306610   -0.08304588  0.06939219    0.03943335 -0.00040194
 -0.08304588  0.06939219   -0.12261517 -0.10306610   -0.03943335  0.00040194
  0.03943335 -0.00040194   -0.03943335  0.00040194   -0.13483898 -0.10417535
    2    2
  0.24535108  0.00000000   -0.00418498  0.00000000    0.00646639 -0.00533170
 -0.00418498  0.00000000    0.24535108  0.00000000   -0.00646639  0.00533170
  0.00646639  0.00533170   -0.00646639 -0.00533170    0.28534349  0.00000000

     Dynamical  Matrix in cartesian axes

     q = (   -0.166666667  -0.500000000  -0.166666667 ) 

    1    1
  0.24535108  0.00000000    0.00646639  0.00533170    0.00418498  0.00000000
  0.00646639 -0.00533170    0.28534349  0.00000000    0.00646639 -0.00533170
  0.00418498  0.00000000    0.00646639  0.00533170    0.24535108  0.00000000
    1    2
 -0.02795027 -0.15772090   -0.02006477  0.03394932   -0.10161834  0.03722375
 -0.02006477  0.03394932   -0.02279901 -0.16886166   -0.02006477  0.03394932
 -0.10161834  0.03722375   -0.02006477  0.03394932   -0.02795027 -0.15772090
    2    1
 -0.02795027  0.15772090   -0.02006477 -0.03394932   -0.10161834 -0.03722375
 -0.02006477 -0.03394932   -0.02279901  0.16886166   -0.02006477 -0.03394932
 -0.10161834 -0.03722375   -0.02006477 -0.03394932   -0.02795027  0.15772090
    2    2
  0.24535108  0.00000000    0.00646639 -0.00533170    0.00418498  0.00000000
  0.00646639  0.00533170    0.28534349  0.00000000    0.00646639  0.00533170
  0.00418498  0.00000000    0.00646639 -0.00533170    0.24535108  0.00000000

     Dynamical  Matrix in cartesian axes

     q = (    0.166666667  -0.500000000  -0.166666667 ) 

    1    1
  0.24535108  0.00000000   -0.00646639  0.00533170   -0.00418498  0.00000000
 -0.00646639 -0.00533170    0.28534349  0.00000000    0.00646639  0.00533170
 -0.00418498  0.00000000    0.00646639 -0.00533170    0.24535108  0.00000000
    1    2
 -0.12261517 -0.10306610   -0.03943335  0.00040194   -0.08304588  0.06939219
 -0.03943335  0.00040194   -0.13483898 -0.10417535    0.03943335 -0.00040194
 -0.08304588  0.06939219    0.03943335 -0.00040194   -0.12261517 -0.10306610
    2    1
 -0.12261517  0.10306610   -0.03943335 -0.00040194   -0.08304588 -0.06939219
 -0.03943335 -0.00040194   -0.13483898  0.10417535    0.03943335  0.00040194
 -0.08304588 -0.06939219    0.03943335  0.00040194   -0.12261517  0.10306610
    2    2
  0.24535108  0.00000000   -0.00646639 -0.00533170   -0.00418498  0.00000000
 -0.00646639  0.00533170    0.28534349  0.00000000    0.00646639 -0.00533170
 -0.00418498  0.00000000    0.00646639  0.00533170    0.24535108  0.00000000

     Dynamical  Matrix in cartesian axes

     q = (   -0.166666667  -0.500000000   0.166666667 ) 

    1    1
  0.24535108  0.00000000    0.00646639 -0.00533170   -0.00418498  0.00000000
  0.00646639  0.00533170    0.28534349  0.00000000   -0.00646639 -0.00533170
 -0.00418498  0.00000000   -0.00646639  0.00533170    0.24535108  0.00000000
    1    2
 -0.12261517 -0.10306610    0.03943335 -0.00040194   -0.08304588  0.06939219
  0.03943335 -0.00040194   -0.13483898 -0.10417535   -0.03943335  0.00040194
 -0.08304588  0.06939219   -0.03943335  0.00040194   -0.12261517 -0.10306610
    2    1
 -0.12261517  0.10306610    0.03943335  0.00040194   -0.08304588 -0.06939219
  0.03943335  0.00040194   -0.13483898  0.10417535   -0.03943335 -0.00040194
 -0.08304588 -0.06939219   -0.03943335 -0.00040194   -0.12261517  0.10306610
    2    2
  0.24535108  0.00000000    0.00646639  0.00533170   -0.00418498  0.00000000
  0.00646639 -0.00533170    0.28534349  0.00000000   -0.00646639  0.00533170
 -0.00418498  0.00000000   -0.00646639 -0.00533170    0.24535108  0.00000000

     Dynamical  Matrix in cartesian axes

     q = (    0.500000000  -0.166666667  -0.166666667 ) 

    1    1
  0.28534349  0.00000000   -0.00646639 -0.00533170   -0.00646639 -0.00533170
 -0.00646639  0.00533170    0.24535108  0.00000000    0.00418498  0.00000000
 -0.00646639  0.00533170    0.00418498  0.00000000    0.24535108  0.00000000
    1    2
 -0.15763799  0.06468631   -0.01936858  0.03435126   -0.01936858  0.03435126
 -0.01936858  0.03435126   -0.15056544  0.05465480   -0.01857246 -0.10661594
 -0.01936858  0.03435126   -0.01857246 -0.10661594   -0.15056544  0.05465480
    2    1
 -0.15763799 -0.06468631   -0.01936858 -0.03435126   -0.01936858 -0.03435126
 -0.01936858 -0.03435126   -0.15056544 -0.05465480   -0.01857246  0.10661594
 -0.01936858 -0.03435126   -0.01857246  0.10661594   -0.15056544 -0.05465480
    2    2
  0.28534349  0.00000000   -0.00646639  0.00533170   -0.00646639  0.00533170
 -0.00646639 -0.00533170    0.24535108  0.00000000    0.00418498  0.00000000
 -0.00646639 -0.00533170    0.00418498  0.00000000    0.24535108  0.00000000

     Dynamical  Matrix in cartesian axes

     q = (   -0.500000000  -0.166666667   0.166666667 ) 

    1    1
  0.28534349  0.00000000    0.00646639  0.00533170   -0.00646639 -0.00533170
  0.00646639 -0.00533170    0.24535108  0.00000000   -0.00418498  0.00000000
 -0.00646639  0.00533170   -0.00418498  0.00000000    0.24535108  0.00000000
    1    2
 -0.13483898 -0.10417535    0.03943335 -0.00040194   -0.03943335  0.00040194
  0.03943335 -0.00040194   -0.12261517 -0.10306610   -0.08304588  0.06939219
 -0.03943335  0.00040194   -0.08304588  0.06939219   -0.12261517 -0.10306610
    2    1
 -0.13483898  0.10417535    0.03943335  0.00040194   -0.03943335 -0.00040194
  0.03943335  0.00040194   -0.12261517  0.10306610   -0.08304588 -0.06939219
 -0.03943335 -0.00040194   -0.08304588 -0.06939219   -0.12261517  0.10306610
    2    2
  0.28534349  0.00000000    0.00646639 -0.00533170   -0.00646639  0.00533170
  0.00646639  0.00533170    0.24535108  0.00000000   -0.00418498  0.00000000
 -0.00646639 -0.00533170   -0.00418498  0.00000000    0.24535108  0.00000000

     Dynamical  Matrix in cartesian axes

     q = (    0.500000000   0.166666667   0.166666667 ) 

    1    1
  0.28534349  0.00000000    0.00646639  0.00533170    0.00646639  0.00533170
  0.00646639 -0.00533170    0.24535108  0.00000000    0.00418498  0.00000000
  0.00646639 -0.00533170    0.00418498  0.00000000    0.24535108  0.00000000
    1    2
 -0.02279901  0.16886166   -0.02006477 -0.03394932   -0.02006477 -0.03394932
 -0.02006477 -0.03394932   -0.02795027  0.15772090   -0.10161834 -0.03722375
 -0.02006477 -0.03394932   -0.10161834 -0.03722375   -0.02795027  0.15772090
    2    1
 -0.02279901 -0.16886166   -0.02006477  0.03394932   -0.02006477  0.03394932
 -0.02006477  0.03394932   -0.02795027 -0.15772090   -0.10161834  0.03722375
 -0.02006477  0.03394932   -0.10161834  0.03722375   -0.02795027 -0.15772090
    2    2
  0.28534349  0.00000000    0.00646639 -0.00533170    0.00646639 -0.00533170
  0.00646639  0.00533170    0.24535108  0.00000000    0.00418498  0.00000000
  0.00646639  0.00533170    0.00418498  0.00000000    0.24535108  0.00000000

     Dynamical  Matrix in cartesian axes

     q = (   -0.166666667   0.166666667  -0.500000000 ) 

    1    1
  0.24535108  0.00000000   -0.00418498  0.00000000    0.00646639 -0.00533170
 -0.00418498  0.00000000    0.24535108  0.00000000   -0.00646639  0.00533170
  0.00646639  0.00533170   -0.00646639 -0.00533170    0.28534349  0.00000000
    1    2
 -0.12261517 -0.10306610   -0.08304588  0.06939219    0.03943335 -0.00040194
 -0.08304588  0.06939219   -0.12261517 -0.10306610   -0.03943335  0.00040194
  0.03943335 -0.00040194   -0.03943335  0.00040194   -0.13483898 -0.10417535
    2    1
 -0.12261517  0.10306610   -0.08304588 -0.06939219    0.03943335  0.00040194
 -0.08304588 -0.06939219   -0.12261517  0.10306610   -0.03943335 -0.00040194
  0.03943335  0.00040194   -0.03943335 -0.00040194   -0.13483898  0.10417535
    2    2
  0.24535108  0.00000000   -0.00418498  0.00000000    0.00646639  0.00533170
 -0.00418498  0.00000000    0.24535108  0.00000000   -0.00646639 -0.00533170
  0.00646639 -0.00533170   -0.00646639  0.00533170    0.28534349  0.00000000

     Dynamical  Matrix in cartesian axes

     q = (   -0.166666667  -0.166666667   0.500000000 ) 

    1    1
  0.24535108  0.00000000    0.00418498  0.00000000   -0.00646639  0.00533170
  0.00418498  0.00000000    0.24535108  0.00000000   -0.00646639  0.00533170
 -0.00646639 -0.00533170   -0.00646639 -0.00533170    0.28534349  0.00000000
    1    2
 -0.15056544  0.05465480   -0.01857246 -0.10661594   -0.01936858  0.03435126
 -0.01857246 -0.10661594   -0.15056544  0.05465480   -0.01936858  0.03435126
 -0.01936858  0.03435126   -0.01936858  0.03435126   -0.15763799  0.06468631
    2    1
 -0.15056544 -0.05465480   -0.01857246  0.10661594   -0.01936858 -0.03435126
 -0.01857246  0.10661594   -0.15056544 -0.05465480   -0.01936858 -0.03435126
 -0.01936858 -0.03435126   -0.01936858 -0.03435126   -0.15763799 -0.06468631
    2    2
  0.24535108  0.00000000    0.00418498  0.00000000   -0.00646639 -0.00533170
  0.00418498  0.00000000    0.24535108  0.00000000   -0.00646639 -0.00533170
 -0.00646639  0.00533170   -0.00646639  0.00533170    0.28534349  0.00000000

     Dynamical  Matrix in cartesian axes

     q = (    0.166666667   0.166666667   0.500000000 ) 

    1    1
  0.24535108  0.00000000    0.00418498  0.00000000    0.00646639 -0.00533170
  0.00418498  0.00000000    0.24535108  0.00000000    0.00646639 -0.00533170
  0.00646639  0.00533170    0.00646639  0.00533170    0.28534349  0.00000000
    1    2
 -0.02795027  0.15772090   -0.10161834 -0.03722375   -0.02006477 -0.03394932
 -0.10161834 -0.03722375   -0.02795027  0.15772090   -0.02006477 -0.03394932
 -0.02006477 -0.03394932   -0.02006477 -0.03394932   -0.02279901  0.16886166
    2    1
 -0.02795027 -0.15772090   -0.10161834  0.03722375   -0.02006477  0.03394932
 -0.10161834  0.03722375   -0.02795027 -0.15772090   -0.02006477  0.03394932
 -0.02006477  0.03394932   -0.02006477  0.03394932   -0.02279901 -0.16886166
    2    2
  0.24535108  0.00000000    0.00418498  0.00000000    0.00646639  0.00533170
  0.00418498  0.00000000    0.24535108  0.00000000    0.00646639  0.00533170
  0.00646639 -0.00533170    0.00646639 -0.00533170    0.28534349  0.00000000

     Dynamical  Matrix in cartesian axes

     q = (    0.166666667  -0.166666667  -0.500000000 ) 

    1    1
  0.24535108  0.00000000   -0.00418498  0.00000000   -0.00646639  0.00533170
 -0.00418498  0.00000000    0.24535108  0.00000000    0.00646639 -0.00533170
 -0.00646639 -0.00533170    0.00646639  0.00533170    0.28534349  0.00000000
    1    2
 -0.12261517 -0.10306610   -0.08304588  0.06939219   -0.03943335  0.00040194
 -0.08304588  0.06939219   -0.12261517 -0.10306610    0.03943335 -0.00040194
 -0.03943335  0.00040194    0.03943335 -0.00040194   -0.13483898 -0.10417535
    2    1
 -0.12261517  0.10306610   -0.08304588 -0.06939219   -0.03943335 -0.00040194
 -0.08304588 -0.06939219   -0.12261517  0.10306610    0.03943335  0.00040194
 -0.03943335 -0.00040194    0.03943335  0.00040194   -0.13483898  0.10417535
    2    2
  0.24535108  0.00000000   -0.00418498  0.00000000   -0.00646639 -0.00533170
 -0.00418498  0.00000000    0.24535108  0.00000000    0.00646639  0.00533170
 -0.00646639  0.00533170    0.00646639 -0.00533170    0.28534349  0.00000000

     Dynamical  Matrix in cartesian axes

     q = (   -0.500000000   0.166666667  -0.166666667 ) 

    1    1
  0.28534349  0.00000000   -0.00646639 -0.00533170    0.00646639  0.00533170
 -0.00646639  0.00533170    0.24535108  0.00000000   -0.00418498  0.00000000
  0.00646639 -0.00533170   -0.00418498  0.00000000    0.24535108  0.00000000
    1    2
 -0.13483898 -0.10417535   -0.03943335  0.00040194    0.03943335 -0.00040194
 -0.03943335  0.00040194   -0.12261517 -0.10306610   -0.08304588  0.06939219
  0.03943335 -0.00040194   -0.08304588  0.06939219   -0.12261517 -0.10306610
    2    1
 -0.13483898  0.10417535   -0.03943335 -0.00040194    0.03943335  0.00040194
 -0.03943335 -0.00040194   -0.12261517  0.10306610   -0.08304588 -0.06939219
  0.03943335  0.00040194   -0.08304588 -0.06939219   -0.12261517  0.10306610
    2    2
  0.28534349  0.00000000   -0.00646639  0.00533170    0.00646639 -0.00533170
 -0.00646639 -0.00533170    0.24535108  0.00000000   -0.00418498  0.00000000
  0.00646639  0.00533170   -0.00418498  0.00000000    0.24535108  0.00000000

     Dynamical  Matrix in cartesian axes

     q = (   -0.500000000  -0.166666667  -0.166666667 ) 

    1    1
  0.28534349  0.00000000    0.00646639 -0.00533170    0.00646639 -0.00533170
  0.00646639  0.00533170    0.24535108  0.00000000    0.00418498  0.00000000
  0.00646639  0.00533170    0.00418498  0.00000000    0.24535108  0.00000000
    1    2
 -0.02279901 -0.16886166   -0.02006477  0.03394932   -0.02006477  0.03394932
 -0.02006477  0.03394932   -0.02795027 -0.15772090   -0.10161834  0.03722375
 -0.02006477  0.03394932   -0.10161834  0.03722375   -0.02795027 -0.15772090
    2    1
 -0.02279901  0.16886166   -0.02006477 -0.03394932   -0.02006477 -0.03394932
 -0.02006477 -0.03394932   -0.02795027  0.15772090   -0.10161834 -0.03722375
 -0.02006477 -0.03394932   -0.10161834 -0.03722375   -0.02795027  0.15772090
    2    2
  0.28534349  0.00000000    0.00646639  0.00533170    0.00646639  0.00533170
  0.00646639 -0.00533170    0.24535108  0.00000000    0.00418498  0.00000000
  0.00646639 -0.00533170    0.00418498  0.00000000    0.24535108  0.00000000

     Dynamical  Matrix in cartesian axes

     q = (    0.166666667  -0.500000000   0.166666667 ) 

    1    1
  0.24535108  0.00000000   -0.00646639 -0.00533170    0.00418498  0.00000000
 -0.00646639  0.00533170    0.28534349  0.00000000   -0.00646639  0.00533170
  0.00418498  0.00000000   -0.00646639 -0.00533170    0.24535108  0.00000000
    1    2
 -0.15056544 -0.05465480   -0.01936858 -0.03435126   -0.01857246  0.10661594
 -0.01936858 -0.03435126   -0.15763799 -0.06468631   -0.01936858 -0.03435126
 -0.01857246  0.10661594   -0.01936858 -0.03435126   -0.15056544 -0.05465480
    2    1
 -0.15056544  0.05465480   -0.01936858  0.03435126   -0.01857246 -0.10661594
 -0.01936858  0.03435126   -0.15763799  0.06468631   -0.01936858  0.03435126
 -0.01857246 -0.10661594   -0.01936858  0.03435126   -0.15056544  0.05465480
    2    2
  0.24535108  0.00000000   -0.00646639  0.00533170    0.00418498  0.00000000
 -0.00646639 -0.00533170    0.28534349  0.00000000   -0.00646639 -0.00533170
  0.00418498  0.00000000   -0.00646639  0.00533170    0.24535108  0.00000000

     Dynamical  Matrix in cartesian axes

     q = (    0.500000000   0.166666667  -0.166666667 ) 

    1    1
  0.28534349  0.00000000    0.00646639 -0.00533170   -0.00646639  0.00533170
  0.00646639  0.00533170    0.24535108  0.00000000   -0.00418498  0.00000000
 -0.00646639 -0.00533170   -0.00418498  0.00000000    0.24535108  0.00000000
    1    2
 -0.13483898  0.10417535    0.03943335  0.00040194   -0.03943335 -0.00040194
  0.03943335  0.00040194   -0.12261517  0.10306610   -0.08304588 -0.06939219
 -0.03943335 -0.00040194   -0.08304588 -0.06939219   -0.12261517  0.10306610
    2    1
 -0.13483898 -0.10417535    0.03943335 -0.00040194   -0.03943335  0.00040194
  0.03943335 -0.00040194   -0.12261517 -0.10306610   -0.08304588  0.06939219
 -0.03943335  0.00040194   -0.08304588  0.06939219   -0.12261517 -0.10306610
    2    2
  0.28534349  0.00000000    0.00646639  0.00533170   -0.00646639 -0.00533170
  0.00646639 -0.00533170    0.24535108  0.00000000   -0.00418498  0.00000000
 -0.00646639  0.00533170   -0.00418498  0.00000000    0.24535108  0.00000000

     Dynamical  Matrix in cartesian axes

     q = (    0.166666667   0.166666667  -0.500000000 ) 

    1    1
  0.24535108  0.00000000    0.00418498  0.00000000   -0.00646639 -0.00533170
  0.00418498  0.00000000    0.24535108  0.00000000   -0.00646639 -0.00533170
 -0.00646639  0.00533170   -0.00646639  0.00533170    0.28534349  0.00000000
    1    2
 -0.15056544 -0.05465480   -0.01857246  0.10661594   -0.01936858 -0.03435126
 -0.01857246  0.10661594   -0.15056544 -0.05465480   -0.01936858 -0.03435126
 -0.01936858 -0.03435126   -0.01936858 -0.03435126   -0.15763799 -0.06468631
    2    1
 -0.15056544  0.05465480   -0.01857246 -0.10661594   -0.01936858  0.03435126
 -0.01857246 -0.10661594   -0.15056544  0.05465480   -0.01936858  0.03435126
 -0.01936858  0.03435126   -0.01936858  0.03435126   -0.15763799  0.06468631
    2    2
  0.24535108  0.00000000    0.00418498  0.00000000   -0.00646639  0.00533170
  0.00418498  0.00000000    0.24535108  0.00000000   -0.00646639  0.00533170
 -0.00646639 -0.00533170   -0.00646639 -0.00533170    0.28534349  0.00000000

     Dynamical  Matrix in cartesian axes

     q = (   -0.166666667  -0.166666667  -0.500000000 ) 

    1    1
  0.24535108  0.00000000    0.00418498  0.00000000    0.00646639  0.00533170
  0.00418498  0.00000000    0.24535108  0.00000000    0.00646639  0.00533170
  0.00646639 -0.00533170    0.00646639 -0.00533170    0.28534349  0.00000000
    1    2
 -0.02795027 -0.15772090   -0.10161834  0.03722375   -0.02006477  0.03394932
 -0.10161834  0.03722375   -0.02795027 -0.15772090   -0.02006477  0.03394932
 -0.02006477  0.03394932   -0.02006477  0.03394932   -0.02279901 -0.16886166
    2    1
 -0.02795027  0.15772090   -0.10161834 -0.03722375   -0.02006477 -0.03394932
 -0.10161834 -0.03722375   -0.02795027  0.15772090   -0.02006477 -0.03394932
 -0.02006477 -0.03394932   -0.02006477 -0.03394932   -0.02279901  0.16886166
    2    2
  0.24535108  0.00000000    0.00418498  0.00000000    0.00646639 -0.00533170
  0.00418498  0.00000000    0.24535108  0.00000000    0.00646639 -0.00533170
  0.00646639  0.00533170    0.00646639  0.00533170    0.28534349  0.00000000

     Dynamical  Matrix in cartesian axes

     q = (   -0.500000000   0.166666667   0.166666667 ) 

    1    1
  0.28534349  0.00000000   -0.00646639  0.00533170   -0.00646639  0.00533170
 -0.00646639 -0.00533170    0.24535108  0.00000000    0.00418498  0.00000000
 -0.00646639 -0.00533170    0.00418498  0.00000000    0.24535108  0.00000000
    1    2
 -0.15763799 -0.06468631   -0.01936858 -0.03435126   -0.01936858 -0.03435126
 -0.01936858 -0.03435126   -0.15056544 -0.05465480   -0.01857246  0.10661594
 -0.01936858 -0.03435126   -0.01857246  0.10661594   -0.15056544 -0.05465480
    2    1
 -0.15763799  0.06468631   -0.01936858  0.03435126   -0.01936858  0.03435126
 -0.01936858  0.03435126   -0.15056544  0.05465480   -0.01857246 -0.10661594
 -0.01936858  0.03435126   -0.01857246 -0.10661594   -0.15056544  0.05465480
    2    2
  0.28534349  0.00000000   -0.00646639 -0.00533170   -0.00646639 -0.00533170
 -0.00646639  0.00533170    0.24535108  0.00000000    0.00418498  0.00000000
 -0.00646639  0.00533170    0.00418498  0.00000000    0.24535108  0.00000000

     Dynamical  Matrix in cartesian axes

     q = (   -0.166666667   0.166666667   0.500000000 ) 

    1    1
  0.24535108  0.00000000   -0.00418498  0.00000000   -0.00646639 -0.00533170
 -0.00418498  0.00000000    0.24535108  0.00000000    0.00646639  0.00533170
 -0.00646639  0.00533170    0.00646639 -0.00533170    0.28534349  0.00000000
    1    2
 -0.12261517  0.10306610   -0.08304588 -0.06939219   -0.03943335 -0.00040194
 -0.08304588 -0.06939219   -0.12261517  0.10306610    0.03943335  0.00040194
 -0.03943335 -0.00040194    0.03943335  0.00040194   -0.13483898  0.10417535
    2    1
 -0.12261517 -0.10306610   -0.08304588  0.06939219   -0.03943335  0.00040194
 -0.08304588  0.06939219   -0.12261517 -0.10306610    0.03943335 -0.00040194
 -0.03943335  0.00040194    0.03943335 -0.00040194   -0.13483898 -0.10417535
    2    2
  0.24535108  0.00000000   -0.00418498  0.00000000   -0.00646639  0.00533170
 -0.00418498  0.00000000    0.24535108  0.00000000    0.00646639 -0.00533170
 -0.00646639 -0.00533170    0.00646639  0.00533170    0.28534349  0.00000000

     Diagonalizing the dynamical matrix

     q = (   -0.166666667   0.500000000  -0.166666667 ) 

 **************************************************************************
     freq (    1) =       3.722030 [THz] =     124.153573 [cm-1]
 (  0.316682 -0.386927 -0.000000  0.000000 -0.316682  0.386927 ) 
 (  0.500000 -0.000000 -0.000000 -0.000000 -0.500000  0.000000 ) 
     freq (    2) =       4.497028 [THz] =     150.004712 [cm-1]
 ( -0.423683 -0.053446 -0.354169  0.099183 -0.423683 -0.053446 ) 
 ( -0.427040  0.000000 -0.338972 -0.142729 -0.427040  0.000000 ) 
     freq (    3) =       7.285287 [THz] =     243.011006 [cm-1]
 (  0.164147  0.215210 -0.558928 -0.202682  0.164147  0.215210 ) 
 (  0.270665  0.000000 -0.500122 -0.321495  0.270665  0.000000 ) 
     freq (    4) =      13.374984 [THz] =     446.141439 [cm-1]
 (  0.373728  0.189587 -0.362922 -0.130597  0.373728  0.189587 ) 
 ( -0.419066  0.000000  0.382741  0.047719 -0.419066  0.000000 ) 
     freq (    5) =      13.786741 [THz] =     459.876188 [cm-1]
 (  0.316682 -0.386927  0.000000  0.000000 -0.316682  0.386927 ) 
 ( -0.500000  0.000000 -0.000000 -0.000000  0.500000  0.000000 ) 
     freq (    6) =      14.145677 [THz] =     471.849006 [cm-1]
 (  0.262150  0.006192  0.579851 -0.162020  0.262150  0.006192 ) 
 ( -0.262223  0.000000 -0.575864 -0.175668 -0.262223  0.000000 ) 
 **************************************************************************
