Dynamical matrix file
                                                                           
  1    2  2 10.3280000  0.0000000  0.0000000  0.0000000  0.0000000  0.0000000
           1  'Si  '    25598.8229845270     
    1    1      0.0000000000      0.0000000000      0.0000000000
    2    1      0.2500000000      0.2500000000      0.2500000000

     Dynamical  Matrix in cartesian axes

     q = (    0.000000000   0.666666667   0.000000000 ) 

    1    1
  0.23907509  0.00000000   -0.00000000  0.00000000    0.00000000  0.00000000
  0.00000000  0.00000000    0.32507654  0.00000000    0.00000000  0.00000000
  0.00000000  0.00000000   -0.00000000  0.00000000    0.23907509  0.00000000
    1    2
 -0.05922657  0.10258344    0.00000000  0.00000000   -0.13644333 -0.07877559
  0.00000000  0.00000000   -0.06626851  0.11478043    0.00000000  0.00000000
 -0.13644333 -0.07877559    0.00000000 -0.00000000   -0.05922657  0.10258344
    2    1
 -0.05922657 -0.10258344    0.00000000 -0.00000000   -0.13644333  0.07877559
  0.00000000  0.00000000   -0.06626851 -0.11478043    0.00000000  0.00000000
 -0.13644333  0.07877559    0.00000000  0.00000000   -0.05922657 -0.10258344
    2    2
  0.23907509  0.00000000    0.00000000  0.00000000    0.00000000  0.00000000
  0.00000000  0.00000000    0.32507654  0.00000000    0.00000000  0.00000000
  0.00000000  0.00000000    0.00000000  0.00000000    0.23907509  0.00000000

     Dynamical  Matrix in cartesian axes

     q = (    0.666666667   0.000000000   0.000000000 ) 

    1    1
  0.32507654  0.00000000    0.00000000  0.00000000   -0.00000000  0.00000000
  0.00000000  0.00000000    0.23907509  0.00000000   -0.00000000  0.00000000
 -0.00000000  0.00000000   -0.00000000  0.00000000    0.23907509  0.00000000
    1    2
 -0.06626851  0.11478043    0.00000000  0.00000000   -0.00000000  0.00000000
  0.00000000  0.00000000   -0.05922657  0.10258344   -0.13644333 -0.07877559
 -0.00000000  0.00000000   -0.13644333 -0.07877559   -0.05922657  0.10258344
    2    1
 -0.06626851 -0.11478043    0.00000000  0.00000000   -0.00000000 -0.00000000
  0.00000000  0.00000000   -0.05922657 -0.10258344   -0.13644333  0.07877559
  0.00000000 -0.00000000   -0.13644333  0.07877559   -0.05922657 -0.10258344
    2    2
  0.32507654  0.00000000   -0.00000000  0.00000000    0.00000000  0.00000000
 -0.00000000  0.00000000    0.23907509  0.00000000   -0.00000000  0.00000000
  0.00000000  0.00000000   -0.00000000  0.00000000    0.23907509  0.00000000

     Dynamical  Matrix in cartesian axes

     q = (    0.000000000   0.000000000   0.666666667 ) 

    1    1
  0.23907509  0.00000000    0.00000000  0.00000000    0.00000000  0.00000000
  0.00000000  0.00000000    0.23907509  0.00000000    0.00000000  0.00000000
 -0.00000000  0.00000000    0.00000000  0.00000000    0.32507654  0.00000000
    1    2
 -0.05922657  0.10258344   -0.13644333 -0.07877559    0.00000000  0.00000000
 -0.13644333 -0.07877559   -0.05922657  0.10258344   -0.00000000  0.00000000
  0.00000000  0.00000000    0.00000000  0.00000000   -0.06626851  0.11478043
    2    1
 -0.05922657 -0.10258344   -0.13644333  0.07877559   -0.00000000  0.00000000
 -0.13644333  0.07877559   -0.05922657 -0.10258344    0.00000000  0.00000000
 -0.00000000  0.00000000   -0.00000000  0.00000000   -0.06626851 -0.11478043
    2    2
  0.23907509  0.00000000    0.00000000  0.00000000   -0.00000000  0.00000000
  0.00000000  0.00000000    0.23907509  0.00000000    0.00000000  0.00000000
  0.00000000  0.00000000    0.00000000  0.00000000    0.32507654  0.00000000

     Dynamical  Matrix in cartesian axes

     q = (    0.000000000  -0.666666667   0.000000000 ) 

    1    1
  0.23907509  0.00000000    0.00000000  0.00000000    0.00000000  0.00000000
  0.00000000  0.00000000    0.32507654  0.00000000    0.00000000  0.00000000
  0.00000000  0.00000000    0.00000000  0.00000000    0.23907509  0.00000000
    1    2
 -0.05922657 -0.10258344   -0.00000000 -0.00000000   -0.13644333  0.07877559
  0.00000000  0.00000000   -0.06626851 -0.11478043    0.00000000 -0.00000000
 -0.13644333  0.07877559    0.00000000 -0.00000000   -0.05922657 -0.10258344
    2    1
 -0.05922657  0.10258344    0.00000000 -0.00000000   -0.13644333 -0.07877559
  0.00000000 -0.00000000   -0.06626851  0.11478043    0.00000000  0.00000000
 -0.13644333 -0.07877559    0.00000000 -0.00000000   -0.05922657  0.10258344
    2    2
  0.23907509  0.00000000    0.00000000  0.00000000    0.00000000  0.00000000
  0.00000000  0.00000000    0.32507654  0.00000000    0.00000000  0.00000000
  0.00000000  0.00000000    0.00000000  0.00000000    0.23907509  0.00000000

     Dynamical  Matrix in cartesian axes

     q = (   -0.666666667   0.000000000   0.000000000 ) 

    1    1
  0.32507654  0.00000000    0.00000000  0.00000000    0.00000000  0.00000000
  0.00000000  0.00000000    0.23907509  0.00000000   -0.00000000  0.00000000
  0.00000000  0.00000000   -0.00000000  0.00000000    0.23907509  0.00000000
    1    2
 -0.06626851 -0.11478043   -0.00000000  0.00000000   -0.00000000 -0.00000000
  0.00000000  0.00000000   -0.05922657 -0.10258344   -0.13644333  0.07877559
  0.00000000 -0.00000000   -0.13644333  0.07877559   -0.05922657 -0.10258344
    2    1
 -0.06626851  0.11478043    0.00000000  0.00000000   -0.00000000 -0.00000000
  0.00000000  0.00000000   -0.05922657  0.10258344   -0.13644333 -0.07877559
  0.00000000 -0.00000000   -0.13644333 -0.07877559   -0.05922657  0.10258344
    2    2
  0.32507654  0.00000000    0.00000000  0.00000000   -0.00000000  0.00000000
  0.00000000  0.00000000    0.23907509  0.00000000   -0.00000000  0.00000000
 -0.00000000  0.00000000   -0.00000000  0.00000000    0.23907509  0.00000000

     Dynamical  Matrix in cartesian axes

     q = (    0.000000000   0.000000000  -0.666666667 ) 

    1    1
  0.23907509  0.00000000    0.00000000  0.00000000   -0.00000000  0.00000000
  0.00000000  0.00000000    0.23907509  0.00000000    0.00000000  0.00000000
 -0.00000000  0.00000000   -0.00000000  0.00000000    0.32507654  0.00000000
    1    2
 -0.05922657 -0.10258344   -0.13644333  0.07877559    0.00000000  0.00000000
 -0.13644333  0.07877559   -0.05922657 -0.10258344    0.00000000 -0.00000000
  0.00000000  0.00000000    0.00000000  0.00000000   -0.06626851 -0.11478043
    2    1
 -0.05922657  0.10258344   -0.13644333 -0.07877559    0.00000000 -0.00000000
 -0.13644333 -0.07877559   -0.05922657  0.10258344   -0.00000000  0.00000000
  0.00000000  0.00000000    0.00000000  0.00000000   -0.06626851  0.11478043
    2    2
  0.23907509  0.00000000    0.00000000  0.00000000    0.00000000  0.00000000
  0.00000000  0.00000000    0.23907509  0.00000000    0.00000000  0.00000000
 -0.00000000  0.00000000    0.00000000  0.00000000    0.32507654  0.00000000

     Diagonalizing the dynamical matrix

     q = (    0.000000000   0.666666667   0.000000000 ) 

 **************************************************************************
     freq (    1) =       4.212052 [THz] =     140.498930 [cm-1]
 (  0.513243  0.276210 -0.000000  0.000000  0.219907 -0.334560 ) 
 (  0.028982  0.030630 -0.000000  0.000000  0.705848  0.000000 ) 
     freq (    2) =       4.212052 [THz] =     140.498930 [cm-1]
 (  0.383408 -0.115273  0.000000  0.000000  0.118237  0.570728 ) 
 (  0.485129  0.512711 -0.000000  0.000000 -0.042168  0.000000 ) 
     freq (    3) =       9.022460 [THz] =     300.956875 [cm-1]
 ( -0.000000 -0.000000 -0.080142  0.702551 -0.000000 -0.000000 ) 
 ( -0.000000 -0.000000 -0.648497  0.281871 -0.000000  0.000000 ) 
     freq (    4) =      13.580067 [THz] =     452.982290 [cm-1]
 ( -0.506705 -0.279749 -0.000000  0.000000 -0.215727  0.344169 ) 
 (  0.018442  0.023309  0.000000  0.000000  0.706482  0.000000 ) 
     freq (    5) =      13.580067 [THz] =     452.982290 [cm-1]
 ( -0.399478  0.073541  0.000000  0.000000 -0.073085 -0.574167 ) 
 (  0.438358  0.554038  0.000000 -0.000000 -0.029722  0.000000 ) 
     freq (    6) =      13.909595 [THz] =     463.974144 [cm-1]
 ( -0.000000 -0.000000  0.363152 -0.606730  0.000000 -0.000000 ) 
 ( -0.000000  0.000000 -0.707019 -0.011134  0.000000  0.000000 ) 
 **************************************************************************
