Dynamical matrix file
                                                                           
  1    2  2 10.3280000  0.0000000  0.0000000  0.0000000  0.0000000  0.0000000
           1  'Si  '    25598.8229845270     
    1    1      0.0000000000      0.0000000000      0.0000000000
    2    1      0.2500000000      0.2500000000      0.2500000000

     Dynamical  Matrix in cartesian axes

     q = (    0.000000000   0.333333333   0.000000000 ) 

    1    1
  0.25336206  0.00000000    0.00000000  0.00000000    0.00000000  0.00000000
  0.00000000  0.00000000    0.28842591  0.00000000    0.00000000  0.00000000
  0.00000000  0.00000000    0.00000000  0.00000000    0.25336206  0.00000000
    1    2
 -0.18926417  0.10927172    0.00000000  0.00000000   -0.03968387 -0.06873448
 -0.00000000  0.00000000   -0.20136524  0.11625827   -0.00000000  0.00000000
 -0.03968387 -0.06873448    0.00000000  0.00000000   -0.18926417  0.10927172
    2    1
 -0.18926417 -0.10927172    0.00000000  0.00000000   -0.03968387  0.06873448
 -0.00000000 -0.00000000   -0.20136524 -0.11625827   -0.00000000 -0.00000000
 -0.03968387  0.06873448    0.00000000  0.00000000   -0.18926417 -0.10927172
    2    2
  0.25336206  0.00000000    0.00000000  0.00000000    0.00000000  0.00000000
  0.00000000  0.00000000    0.28842591  0.00000000   -0.00000000  0.00000000
  0.00000000  0.00000000    0.00000000  0.00000000    0.25336206  0.00000000

     Dynamical  Matrix in cartesian axes

     q = (    0.333333333   0.000000000   0.000000000 ) 

    1    1
  0.28842591  0.00000000    0.00000000  0.00000000    0.00000000  0.00000000
  0.00000000  0.00000000    0.25336206  0.00000000    0.00000000  0.00000000
  0.00000000  0.00000000    0.00000000  0.00000000    0.25336206  0.00000000
    1    2
 -0.20136524  0.11625827    0.00000000 -0.00000000   -0.00000000  0.00000000
  0.00000000  0.00000000   -0.18926417  0.10927172   -0.03968387 -0.06873448
 -0.00000000  0.00000000   -0.03968387 -0.06873448   -0.18926417  0.10927172
    2    1
 -0.20136524 -0.11625827    0.00000000 -0.00000000   -0.00000000  0.00000000
  0.00000000 -0.00000000   -0.18926417 -0.10927172   -0.03968387  0.06873448
  0.00000000  0.00000000   -0.03968387  0.06873448   -0.18926417 -0.10927172
    2    2
  0.28842591  0.00000000    0.00000000  0.00000000    0.00000000  0.00000000
  0.00000000  0.00000000    0.25336206  0.00000000    0.00000000  0.00000000
  0.00000000  0.00000000    0.00000000  0.00000000    0.25336206  0.00000000

     Dynamical  Matrix in cartesian axes

     q = (    0.000000000   0.000000000   0.333333333 ) 

    1    1
  0.25336206  0.00000000   -0.00000000  0.00000000    0.00000000  0.00000000
 -0.00000000  0.00000000    0.25336206  0.00000000    0.00000000  0.00000000
  0.00000000  0.00000000    0.00000000  0.00000000    0.28842591  0.00000000
    1    2
 -0.18926417  0.10927172   -0.03968387 -0.06873448   -0.00000000  0.00000000
 -0.03968387 -0.06873448   -0.18926417  0.10927172    0.00000000  0.00000000
 -0.00000000 -0.00000000    0.00000000  0.00000000   -0.20136524  0.11625827
    2    1
 -0.18926417 -0.10927172   -0.03968387  0.06873448   -0.00000000  0.00000000
 -0.03968387  0.06873448   -0.18926417 -0.10927172    0.00000000  0.00000000
  0.00000000  0.00000000    0.00000000  0.00000000   -0.20136524 -0.11625827
    2    2
  0.25336206  0.00000000    0.00000000  0.00000000    0.00000000  0.00000000
  0.00000000  0.00000000    0.25336206  0.00000000    0.00000000  0.00000000
  0.00000000  0.00000000    0.00000000  0.00000000    0.28842591  0.00000000

     Dynamical  Matrix in cartesian axes

     q = (    0.000000000  -0.333333333   0.000000000 ) 

    1    1
  0.25336206  0.00000000    0.00000000  0.00000000   -0.00000000  0.00000000
  0.00000000  0.00000000    0.28842591  0.00000000    0.00000000  0.00000000
 -0.00000000  0.00000000    0.00000000  0.00000000    0.25336206  0.00000000
    1    2
 -0.18926417 -0.10927172   -0.00000000  0.00000000   -0.03968387  0.06873448
  0.00000000  0.00000000   -0.20136524 -0.11625827    0.00000000 -0.00000000
 -0.03968387  0.06873448    0.00000000  0.00000000   -0.18926417 -0.10927172
    2    1
 -0.18926417  0.10927172   -0.00000000  0.00000000   -0.03968387 -0.06873448
  0.00000000  0.00000000   -0.20136524  0.11625827    0.00000000  0.00000000
 -0.03968387 -0.06873448   -0.00000000  0.00000000   -0.18926417  0.10927172
    2    2
  0.25336206  0.00000000    0.00000000  0.00000000   -0.00000000  0.00000000
  0.00000000  0.00000000    0.28842591  0.00000000    0.00000000  0.00000000
  0.00000000  0.00000000   -0.00000000  0.00000000    0.25336206  0.00000000

     Dynamical  Matrix in cartesian axes

     q = (   -0.333333333   0.000000000   0.000000000 ) 

    1    1
  0.28842591  0.00000000    0.00000000  0.00000000   -0.00000000  0.00000000
  0.00000000  0.00000000    0.25336206  0.00000000    0.00000000  0.00000000
 -0.00000000  0.00000000    0.00000000  0.00000000    0.25336206  0.00000000
    1    2
 -0.20136524 -0.11625827    0.00000000 -0.00000000   -0.00000000  0.00000000
  0.00000000 -0.00000000   -0.18926417 -0.10927172   -0.03968387  0.06873448
 -0.00000000  0.00000000   -0.03968387  0.06873448   -0.18926417 -0.10927172
    2    1
 -0.20136524  0.11625827    0.00000000 -0.00000000   -0.00000000 -0.00000000
  0.00000000  0.00000000   -0.18926417  0.10927172   -0.03968387 -0.06873448
 -0.00000000  0.00000000   -0.03968387 -0.06873448   -0.18926417  0.10927172
    2    2
  0.28842591  0.00000000    0.00000000  0.00000000    0.00000000  0.00000000
  0.00000000  0.00000000    0.25336206  0.00000000    0.00000000  0.00000000
  0.00000000  0.00000000    0.00000000  0.00000000    0.25336206  0.00000000

     Dynamical  Matrix in cartesian axes

     q = (    0.000000000   0.000000000  -0.333333333 ) 

    1    1
  0.25336206  0.00000000    0.00000000  0.00000000    0.00000000  0.00000000
  0.00000000  0.00000000    0.25336206  0.00000000   -0.00000000  0.00000000
  0.00000000  0.00000000    0.00000000  0.00000000    0.28842591  0.00000000
    1    2
 -0.18926417 -0.10927172   -0.03968387  0.06873448   -0.00000000 -0.00000000
 -0.03968387  0.06873448   -0.18926417 -0.10927172   -0.00000000  0.00000000
 -0.00000000  0.00000000    0.00000000  0.00000000   -0.20136524 -0.11625827
    2    1
 -0.18926417  0.10927172   -0.03968387 -0.06873448   -0.00000000 -0.00000000
 -0.03968387 -0.06873448   -0.18926417  0.10927172    0.00000000 -0.00000000
  0.00000000 -0.00000000    0.00000000 -0.00000000   -0.20136524  0.11625827
    2    2
  0.25336206  0.00000000    0.00000000  0.00000000    0.00000000  0.00000000
  0.00000000  0.00000000    0.25336206  0.00000000    0.00000000  0.00000000
  0.00000000  0.00000000    0.00000000  0.00000000    0.28842591  0.00000000

     Diagonalizing the dynamical matrix

     q = (    0.000000000   0.333333333   0.000000000 ) 

 **************************************************************************
     freq (    1) =       2.969266 [THz] =      99.044050 [cm-1]
 (  0.214474 -0.046315  0.000000 -0.000000  0.616357 -0.268253 ) 
 (  0.222247 -0.164898  0.000000 -0.000000  0.650704  0.000000 ) 
     freq (    2) =       2.969266 [THz] =      99.044050 [cm-1]
 (  0.195926 -0.643015  0.000000  0.000000 -0.021457  0.218366 ) 
 (  0.522573 -0.387727 -0.000000  0.000000 -0.276740  0.000000 ) 
     freq (    3) =       4.861914 [THz] =     162.176006 [cm-1]
 ( -0.000000 -0.000000 -0.543189  0.452709  0.000000 -0.000000 ) 
 ( -0.000000 -0.000000 -0.696770  0.120463  0.000000  0.000000 ) 
     freq (    4) =      14.332620 [THz] =     478.084745 [cm-1]
 (  0.229565  0.360075  0.000000  0.000000  0.491465 -0.275876 ) 
 ( -0.019971 -0.208619 -0.000000 -0.000000 -0.675336  0.000000 ) 
     freq (    5) =      14.332620 [THz] =     478.084745 [cm-1]
 (  0.332558  0.455029 -0.000000  0.000000 -0.358345  0.232257 ) 
 ( -0.064355 -0.672263  0.000000 -0.000000  0.209573  0.000000 ) 
     freq (    6) =      14.840889 [THz] =     495.038770 [cm-1]
 (  0.000000 -0.000000 -0.568901 -0.419943  0.000000  0.000000 ) 
 ( -0.000000 -0.000000  0.282711  0.648132 -0.000000  0.000000 ) 
 **************************************************************************
