Dynamical matrix file
                                                                           
  1    2  2 10.2920000  0.0000000  0.0000000  0.0000000  0.0000000  0.0000000
           1  'Si  '    25598.8229845270     
    1    1      0.0000000000      0.0000000000      0.0000000000
    2    1      0.2500000000      0.2500000000      0.2500000000

     Dynamical  Matrix in cartesian axes

     q = (    0.500000000  -0.166666667   0.833333333 ) 

    1    1
  0.24724782  0.00000000   -0.00528335  0.00095650    0.00528335  0.00095650
 -0.00528335 -0.00095650    0.27650088  0.00000000   -0.00374412 -0.01492477
  0.00528335 -0.00095650   -0.00374412  0.01492477    0.27650088  0.00000000
    1    2
 -0.03019267  0.05229525   -0.11268926  0.04141895   -0.02047477 -0.11830124
 -0.11268926  0.04141895   -0.03014221  0.06079345   -0.02332876  0.04040659
 -0.02047477 -0.11830124   -0.02332876  0.04040659   -0.03757757  0.05650064
    2    1
 -0.03019267 -0.05229525   -0.11268926 -0.04141895   -0.02047477  0.11830124
 -0.11268926 -0.04141895   -0.03014221 -0.06079345   -0.02332876 -0.04040659
 -0.02047477  0.11830124   -0.02332876 -0.04040659   -0.03757757 -0.05650064
    2    2
  0.24724782  0.00000000   -0.00528335 -0.00095650    0.00528335 -0.00095650
 -0.00528335  0.00095650    0.27650088  0.00000000   -0.00374412  0.01492477
  0.00528335  0.00095650   -0.00374412 -0.01492477    0.27650088  0.00000000

     Dynamical  Matrix in cartesian axes

     q = (    0.833333333   0.166666667   0.500000000 ) 

    1    1
  0.27650088  0.00000000    0.00374412  0.01492477    0.00528335  0.00095650
  0.00374412 -0.01492477    0.27650088  0.00000000    0.00528335 -0.00095650
  0.00528335 -0.00095650    0.00528335  0.00095650    0.24724782  0.00000000
    1    2
  0.06771978 -0.00429281   -0.04665751  0.00000000   -0.09221450 -0.07688229
 -0.04665751  0.00000000    0.06771978  0.00429281   -0.09221450  0.07688229
 -0.09221450 -0.07688229   -0.09221450  0.07688229    0.06038535 -0.00000000
    2    1
  0.06771978  0.00429281   -0.04665751 -0.00000000   -0.09221450  0.07688229
 -0.04665751 -0.00000000    0.06771978 -0.00429281   -0.09221450 -0.07688229
 -0.09221450  0.07688229   -0.09221450 -0.07688229    0.06038535  0.00000000
    2    2
  0.27650088  0.00000000    0.00374412 -0.01492477    0.00528335 -0.00095650
  0.00374412  0.01492477    0.27650088  0.00000000    0.00528335  0.00095650
  0.00528335  0.00095650    0.00528335 -0.00095650    0.24724782  0.00000000

     Dynamical  Matrix in cartesian axes

     q = (    0.500000000   0.166666667   0.833333333 ) 

    1    1
  0.24724782  0.00000000    0.00528335  0.00095650    0.00528335 -0.00095650
  0.00528335 -0.00095650    0.27650088  0.00000000    0.00374412 -0.01492477
  0.00528335  0.00095650    0.00374412  0.01492477    0.27650088  0.00000000
    1    2
  0.06038535  0.00000000   -0.09221450  0.07688229   -0.09221450 -0.07688229
 -0.09221450  0.07688229    0.06771978  0.00429281   -0.04665751 -0.00000000
 -0.09221450 -0.07688229   -0.04665751 -0.00000000    0.06771978 -0.00429281
    2    1
  0.06038535 -0.00000000   -0.09221450 -0.07688229   -0.09221450  0.07688229
 -0.09221450 -0.07688229    0.06771978 -0.00429281   -0.04665751  0.00000000
 -0.09221450  0.07688229   -0.04665751  0.00000000    0.06771978  0.00429281
    2    2
  0.24724782  0.00000000    0.00528335 -0.00095650    0.00528335  0.00095650
  0.00528335  0.00095650    0.27650088  0.00000000    0.00374412  0.01492477
  0.00528335 -0.00095650    0.00374412 -0.01492477    0.27650088  0.00000000

     Dynamical  Matrix in cartesian axes

     q = (   -0.833333333  -0.166666667   0.500000000 ) 

    1    1
  0.27650088  0.00000000    0.00374412  0.01492477   -0.00528335 -0.00095650
  0.00374412 -0.01492477    0.27650088  0.00000000   -0.00528335  0.00095650
 -0.00528335  0.00095650   -0.00528335 -0.00095650    0.24724782  0.00000000
    1    2
 -0.06771978  0.00429281    0.04665751  0.00000000   -0.09221450 -0.07688229
  0.04665751  0.00000000   -0.06771978 -0.00429281   -0.09221450  0.07688229
 -0.09221450 -0.07688229   -0.09221450  0.07688229   -0.06038535 -0.00000000
    2    1
 -0.06771978 -0.00429281    0.04665751 -0.00000000   -0.09221450  0.07688229
  0.04665751 -0.00000000   -0.06771978  0.00429281   -0.09221450 -0.07688229
 -0.09221450  0.07688229   -0.09221450 -0.07688229   -0.06038535  0.00000000
    2    2
  0.27650088  0.00000000    0.00374412 -0.01492477   -0.00528335  0.00095650
  0.00374412  0.01492477    0.27650088  0.00000000   -0.00528335 -0.00095650
 -0.00528335 -0.00095650   -0.00528335  0.00095650    0.24724782  0.00000000

     Dynamical  Matrix in cartesian axes

     q = (   -0.833333333  -0.166666667  -0.500000000 ) 

    1    1
  0.27650088  0.00000000    0.00374412 -0.01492477    0.00528335 -0.00095650
  0.00374412  0.01492477    0.27650088  0.00000000    0.00528335  0.00095650
  0.00528335  0.00095650    0.00528335 -0.00095650    0.24724782  0.00000000
    1    2
  0.06771978  0.00429281   -0.04665751 -0.00000000   -0.09221450  0.07688229
 -0.04665751 -0.00000000    0.06771978 -0.00429281   -0.09221450 -0.07688229
 -0.09221450  0.07688229   -0.09221450 -0.07688229    0.06038535  0.00000000
    2    1
  0.06771978 -0.00429281   -0.04665751  0.00000000   -0.09221450 -0.07688229
 -0.04665751  0.00000000    0.06771978  0.00429281   -0.09221450  0.07688229
 -0.09221450 -0.07688229   -0.09221450  0.07688229    0.06038535 -0.00000000
    2    2
  0.27650088  0.00000000    0.00374412  0.01492477    0.00528335  0.00095650
  0.00374412 -0.01492477    0.27650088  0.00000000    0.00528335 -0.00095650
  0.00528335 -0.00095650    0.00528335  0.00095650    0.24724782  0.00000000

     Dynamical  Matrix in cartesian axes

     q = (   -0.500000000  -0.166666667  -0.833333333 ) 

    1    1
  0.24724782  0.00000000    0.00528335 -0.00095650    0.00528335  0.00095650
  0.00528335  0.00095650    0.27650088  0.00000000    0.00374412  0.01492477
  0.00528335 -0.00095650    0.00374412 -0.01492477    0.27650088  0.00000000
    1    2
  0.06038535 -0.00000000   -0.09221450 -0.07688229   -0.09221450  0.07688229
 -0.09221450 -0.07688229    0.06771978 -0.00429281   -0.04665751  0.00000000
 -0.09221450  0.07688229   -0.04665751  0.00000000    0.06771978  0.00429281
    2    1
  0.06038535  0.00000000   -0.09221450  0.07688229   -0.09221450 -0.07688229
 -0.09221450  0.07688229    0.06771978  0.00429281   -0.04665751 -0.00000000
 -0.09221450 -0.07688229   -0.04665751 -0.00000000    0.06771978 -0.00429281
    2    2
  0.24724782  0.00000000    0.00528335  0.00095650    0.00528335 -0.00095650
  0.00528335 -0.00095650    0.27650088  0.00000000    0.00374412 -0.01492477
  0.00528335  0.00095650    0.00374412  0.01492477    0.27650088  0.00000000

     Dynamical  Matrix in cartesian axes

     q = (    0.833333333  -0.166666667   0.500000000 ) 

    1    1
  0.27650088  0.00000000   -0.00374412  0.01492477    0.00528335 -0.00095650
 -0.00374412 -0.01492477    0.27650088  0.00000000   -0.00528335 -0.00095650
  0.00528335  0.00095650   -0.00528335  0.00095650    0.24724782  0.00000000
    1    2
 -0.03757757  0.05650064   -0.02332876  0.04040659   -0.02047477 -0.11830124
 -0.02332876  0.04040659   -0.03014221  0.06079345   -0.11268926  0.04141895
 -0.02047477 -0.11830124   -0.11268926  0.04141895   -0.03019267  0.05229525
    2    1
 -0.03757757 -0.05650064   -0.02332876 -0.04040659   -0.02047477  0.11830124
 -0.02332876 -0.04040659   -0.03014221 -0.06079345   -0.11268926 -0.04141895
 -0.02047477  0.11830124   -0.11268926 -0.04141895   -0.03019267 -0.05229525
    2    2
  0.27650088  0.00000000   -0.00374412 -0.01492477    0.00528335  0.00095650
 -0.00374412  0.01492477    0.27650088  0.00000000   -0.00528335  0.00095650
  0.00528335 -0.00095650   -0.00528335 -0.00095650    0.24724782  0.00000000

     Dynamical  Matrix in cartesian axes

     q = (   -0.500000000  -0.166666667   0.833333333 ) 

    1    1
  0.24724782  0.00000000    0.00528335  0.00095650   -0.00528335  0.00095650
  0.00528335 -0.00095650    0.27650088  0.00000000   -0.00374412  0.01492477
 -0.00528335 -0.00095650   -0.00374412 -0.01492477    0.27650088  0.00000000
    1    2
 -0.03019267  0.05229525   -0.02047477 -0.11830124   -0.11268926  0.04141895
 -0.02047477 -0.11830124   -0.03757757  0.05650064   -0.02332876  0.04040659
 -0.11268926  0.04141895   -0.02332876  0.04040659   -0.03014221  0.06079345
    2    1
 -0.03019267 -0.05229525   -0.02047477  0.11830124   -0.11268926 -0.04141895
 -0.02047477  0.11830124   -0.03757757 -0.05650064   -0.02332876 -0.04040659
 -0.11268926 -0.04141895   -0.02332876 -0.04040659   -0.03014221 -0.06079345
    2    2
  0.24724782  0.00000000    0.00528335 -0.00095650   -0.00528335 -0.00095650
  0.00528335  0.00095650    0.27650088  0.00000000   -0.00374412 -0.01492477
 -0.00528335  0.00095650   -0.00374412  0.01492477    0.27650088  0.00000000

     Dynamical  Matrix in cartesian axes

     q = (   -0.833333333   0.166666667   0.500000000 ) 

    1    1
  0.27650088  0.00000000   -0.00374412  0.01492477   -0.00528335  0.00095650
 -0.00374412 -0.01492477    0.27650088  0.00000000    0.00528335  0.00095650
 -0.00528335 -0.00095650    0.00528335 -0.00095650    0.24724782  0.00000000
    1    2
 -0.03014221 -0.06079345   -0.02332876 -0.04040659   -0.11268926 -0.04141895
 -0.02332876 -0.04040659   -0.03757757 -0.05650064   -0.02047477  0.11830124
 -0.11268926 -0.04141895   -0.02047477  0.11830124   -0.03019267 -0.05229525
    2    1
 -0.03014221  0.06079345   -0.02332876  0.04040659   -0.11268926  0.04141895
 -0.02332876  0.04040659   -0.03757757  0.05650064   -0.02047477 -0.11830124
 -0.11268926  0.04141895   -0.02047477 -0.11830124   -0.03019267  0.05229525
    2    2
  0.27650088  0.00000000   -0.00374412 -0.01492477   -0.00528335 -0.00095650
 -0.00374412  0.01492477    0.27650088  0.00000000    0.00528335 -0.00095650
 -0.00528335  0.00095650    0.00528335  0.00095650    0.24724782  0.00000000

     Dynamical  Matrix in cartesian axes

     q = (    0.833333333   0.166666667  -0.500000000 ) 

    1    1
  0.27650088  0.00000000    0.00374412 -0.01492477   -0.00528335  0.00095650
  0.00374412  0.01492477    0.27650088  0.00000000   -0.00528335 -0.00095650
 -0.00528335 -0.00095650   -0.00528335  0.00095650    0.24724782  0.00000000
    1    2
 -0.06771978 -0.00429281    0.04665751 -0.00000000   -0.09221450  0.07688229
  0.04665751 -0.00000000   -0.06771978  0.00429281   -0.09221450 -0.07688229
 -0.09221450  0.07688229   -0.09221450 -0.07688229   -0.06038535  0.00000000
    2    1
 -0.06771978  0.00429281    0.04665751  0.00000000   -0.09221450 -0.07688229
  0.04665751  0.00000000   -0.06771978 -0.00429281   -0.09221450  0.07688229
 -0.09221450 -0.07688229   -0.09221450  0.07688229   -0.06038535 -0.00000000
    2    2
  0.27650088  0.00000000    0.00374412  0.01492477   -0.00528335 -0.00095650
  0.00374412 -0.01492477    0.27650088  0.00000000   -0.00528335  0.00095650
 -0.00528335  0.00095650   -0.00528335 -0.00095650    0.24724782  0.00000000

     Dynamical  Matrix in cartesian axes

     q = (    0.833333333  -0.166666667  -0.500000000 ) 

    1    1
  0.27650088  0.00000000   -0.00374412 -0.01492477   -0.00528335 -0.00095650
 -0.00374412  0.01492477    0.27650088  0.00000000    0.00528335 -0.00095650
 -0.00528335  0.00095650    0.00528335  0.00095650    0.24724782  0.00000000
    1    2
 -0.03014221  0.06079345   -0.02332876  0.04040659   -0.11268926  0.04141895
 -0.02332876  0.04040659   -0.03757757  0.05650064   -0.02047477 -0.11830124
 -0.11268926  0.04141895   -0.02047477 -0.11830124   -0.03019267  0.05229525
    2    1
 -0.03014221 -0.06079345   -0.02332876 -0.04040659   -0.11268926 -0.04141895
 -0.02332876 -0.04040659   -0.03757757 -0.05650064   -0.02047477  0.11830124
 -0.11268926 -0.04141895   -0.02047477  0.11830124   -0.03019267 -0.05229525
    2    2
  0.27650088  0.00000000   -0.00374412  0.01492477   -0.00528335  0.00095650
 -0.00374412 -0.01492477    0.27650088  0.00000000    0.00528335  0.00095650
 -0.00528335 -0.00095650    0.00528335 -0.00095650    0.24724782  0.00000000

     Dynamical  Matrix in cartesian axes

     q = (    0.500000000   0.166666667  -0.833333333 ) 

    1    1
  0.24724782  0.00000000    0.00528335 -0.00095650   -0.00528335 -0.00095650
  0.00528335  0.00095650    0.27650088  0.00000000   -0.00374412 -0.01492477
 -0.00528335  0.00095650   -0.00374412  0.01492477    0.27650088  0.00000000
    1    2
 -0.03019267 -0.05229525   -0.02047477  0.11830124   -0.11268926 -0.04141895
 -0.02047477  0.11830124   -0.03757757 -0.05650064   -0.02332876 -0.04040659
 -0.11268926 -0.04141895   -0.02332876 -0.04040659   -0.03014221 -0.06079345
    2    1
 -0.03019267  0.05229525   -0.02047477 -0.11830124   -0.11268926  0.04141895
 -0.02047477 -0.11830124   -0.03757757  0.05650064   -0.02332876  0.04040659
 -0.11268926  0.04141895   -0.02332876  0.04040659   -0.03014221  0.06079345
    2    2
  0.24724782  0.00000000    0.00528335  0.00095650   -0.00528335  0.00095650
  0.00528335 -0.00095650    0.27650088  0.00000000   -0.00374412  0.01492477
 -0.00528335 -0.00095650   -0.00374412 -0.01492477    0.27650088  0.00000000

     Dynamical  Matrix in cartesian axes

     q = (   -0.500000000   0.166666667   0.833333333 ) 

    1    1
  0.24724782  0.00000000   -0.00528335  0.00095650   -0.00528335 -0.00095650
 -0.00528335 -0.00095650    0.27650088  0.00000000    0.00374412  0.01492477
 -0.00528335  0.00095650    0.00374412 -0.01492477    0.27650088  0.00000000
    1    2
 -0.06038535 -0.00000000   -0.09221450 -0.07688229   -0.09221450  0.07688229
 -0.09221450 -0.07688229   -0.06771978  0.00429281    0.04665751  0.00000000
 -0.09221450  0.07688229    0.04665751  0.00000000   -0.06771978 -0.00429281
    2    1
 -0.06038535  0.00000000   -0.09221450  0.07688229   -0.09221450 -0.07688229
 -0.09221450  0.07688229   -0.06771978 -0.00429281    0.04665751  0.00000000
 -0.09221450 -0.07688229    0.04665751 -0.00000000   -0.06771978  0.00429281
    2    2
  0.24724782  0.00000000   -0.00528335 -0.00095650   -0.00528335  0.00095650
 -0.00528335  0.00095650    0.27650088  0.00000000    0.00374412 -0.01492477
 -0.00528335 -0.00095650    0.00374412  0.01492477    0.27650088  0.00000000

     Dynamical  Matrix in cartesian axes

     q = (   -0.500000000   0.166666667  -0.833333333 ) 

    1    1
  0.24724782  0.00000000   -0.00528335 -0.00095650    0.00528335 -0.00095650
 -0.00528335  0.00095650    0.27650088  0.00000000   -0.00374412  0.01492477
  0.00528335  0.00095650   -0.00374412 -0.01492477    0.27650088  0.00000000
    1    2
 -0.03019267 -0.05229525   -0.11268926 -0.04141895   -0.02047477  0.11830124
 -0.11268926 -0.04141895   -0.03014221 -0.06079345   -0.02332876 -0.04040659
 -0.02047477  0.11830124   -0.02332876 -0.04040659   -0.03757757 -0.05650064
    2    1
 -0.03019267  0.05229525   -0.11268926  0.04141895   -0.02047477 -0.11830124
 -0.11268926  0.04141895   -0.03014221  0.06079345   -0.02332876  0.04040659
 -0.02047477 -0.11830124   -0.02332876  0.04040659   -0.03757757  0.05650064
    2    2
  0.24724782  0.00000000   -0.00528335  0.00095650    0.00528335  0.00095650
 -0.00528335 -0.00095650    0.27650088  0.00000000   -0.00374412 -0.01492477
  0.00528335 -0.00095650   -0.00374412  0.01492477    0.27650088  0.00000000

     Dynamical  Matrix in cartesian axes

     q = (   -0.833333333   0.166666667  -0.500000000 ) 

    1    1
  0.27650088  0.00000000   -0.00374412 -0.01492477    0.00528335  0.00095650
 -0.00374412  0.01492477    0.27650088  0.00000000   -0.00528335  0.00095650
  0.00528335 -0.00095650   -0.00528335 -0.00095650    0.24724782  0.00000000
    1    2
 -0.03757757 -0.05650064   -0.02332876 -0.04040659   -0.02047477  0.11830124
 -0.02332876 -0.04040659   -0.03014221 -0.06079345   -0.11268926 -0.04141895
 -0.02047477  0.11830124   -0.11268926 -0.04141895   -0.03019267 -0.05229525
    2    1
 -0.03757757  0.05650064   -0.02332876  0.04040659   -0.02047477 -0.11830124
 -0.02332876  0.04040659   -0.03014221  0.06079345   -0.11268926  0.04141895
 -0.02047477 -0.11830124   -0.11268926  0.04141895   -0.03019267  0.05229525
    2    2
  0.27650088  0.00000000   -0.00374412  0.01492477    0.00528335 -0.00095650
 -0.00374412 -0.01492477    0.27650088  0.00000000   -0.00528335 -0.00095650
  0.00528335  0.00095650   -0.00528335  0.00095650    0.24724782  0.00000000

     Dynamical  Matrix in cartesian axes

     q = (    0.833333333  -0.500000000   0.166666667 ) 

    1    1
  0.27650088  0.00000000   -0.00528335  0.00095650    0.00374412 -0.01492477
 -0.00528335 -0.00095650    0.24724782  0.00000000   -0.00528335  0.00095650
  0.00374412  0.01492477   -0.00528335 -0.00095650    0.27650088  0.00000000
    1    2
 -0.06771978 -0.00429281   -0.09221450  0.07688229    0.04665751 -0.00000000
 -0.09221450  0.07688229   -0.06038535  0.00000000   -0.09221450 -0.07688229
  0.04665751 -0.00000000   -0.09221450 -0.07688229   -0.06771978  0.00429281
    2    1
 -0.06771978  0.00429281   -0.09221450 -0.07688229    0.04665751  0.00000000
 -0.09221450 -0.07688229   -0.06038535 -0.00000000   -0.09221450  0.07688229
  0.04665751  0.00000000   -0.09221450  0.07688229   -0.06771978 -0.00429281
    2    2
  0.27650088  0.00000000   -0.00528335 -0.00095650    0.00374412  0.01492477
 -0.00528335  0.00095650    0.24724782  0.00000000   -0.00528335 -0.00095650
  0.00374412 -0.01492477   -0.00528335  0.00095650    0.27650088  0.00000000

     Dynamical  Matrix in cartesian axes

     q = (    0.833333333   0.500000000  -0.166666667 ) 

    1    1
  0.27650088  0.00000000    0.00528335 -0.00095650   -0.00374412  0.01492477
  0.00528335  0.00095650    0.24724782  0.00000000   -0.00528335  0.00095650
 -0.00374412 -0.01492477   -0.00528335 -0.00095650    0.27650088  0.00000000
    1    2
 -0.03757757  0.05650064   -0.02047477 -0.11830124   -0.02332876  0.04040659
 -0.02047477 -0.11830124   -0.03019267  0.05229525   -0.11268926  0.04141895
 -0.02332876  0.04040659   -0.11268926  0.04141895   -0.03014221  0.06079345
    2    1
 -0.03757757 -0.05650064   -0.02047477  0.11830124   -0.02332876 -0.04040659
 -0.02047477  0.11830124   -0.03019267 -0.05229525   -0.11268926 -0.04141895
 -0.02332876 -0.04040659   -0.11268926 -0.04141895   -0.03014221 -0.06079345
    2    2
  0.27650088  0.00000000    0.00528335  0.00095650   -0.00374412 -0.01492477
  0.00528335 -0.00095650    0.24724782  0.00000000   -0.00528335 -0.00095650
 -0.00374412  0.01492477   -0.00528335  0.00095650    0.27650088  0.00000000

     Dynamical  Matrix in cartesian axes

     q = (   -0.833333333  -0.500000000  -0.166666667 ) 

    1    1
  0.27650088  0.00000000    0.00528335 -0.00095650    0.00374412 -0.01492477
  0.00528335  0.00095650    0.24724782  0.00000000    0.00528335 -0.00095650
  0.00374412  0.01492477    0.00528335  0.00095650    0.27650088  0.00000000
    1    2
  0.06771978  0.00429281   -0.09221450  0.07688229   -0.04665751  0.00000000
 -0.09221450  0.07688229    0.06038535  0.00000000   -0.09221450 -0.07688229
 -0.04665751  0.00000000   -0.09221450 -0.07688229    0.06771978 -0.00429281
    2    1
  0.06771978 -0.00429281   -0.09221450 -0.07688229   -0.04665751 -0.00000000
 -0.09221450 -0.07688229    0.06038535 -0.00000000   -0.09221450  0.07688229
 -0.04665751 -0.00000000   -0.09221450  0.07688229    0.06771978  0.00429281
    2    2
  0.27650088  0.00000000    0.00528335  0.00095650    0.00374412  0.01492477
  0.00528335 -0.00095650    0.24724782  0.00000000    0.00528335  0.00095650
  0.00374412 -0.01492477    0.00528335 -0.00095650    0.27650088  0.00000000

     Dynamical  Matrix in cartesian axes

     q = (   -0.833333333   0.500000000   0.166666667 ) 

    1    1
  0.27650088  0.00000000   -0.00528335  0.00095650   -0.00374412  0.01492477
 -0.00528335 -0.00095650    0.24724782  0.00000000    0.00528335 -0.00095650
 -0.00374412 -0.01492477    0.00528335  0.00095650    0.27650088  0.00000000
    1    2
 -0.03014221 -0.06079345   -0.11268926 -0.04141895   -0.02332876 -0.04040659
 -0.11268926 -0.04141895   -0.03019267 -0.05229525   -0.02047477  0.11830124
 -0.02332876 -0.04040659   -0.02047477  0.11830124   -0.03757757 -0.05650064
    2    1
 -0.03014221  0.06079345   -0.11268926  0.04141895   -0.02332876  0.04040659
 -0.11268926  0.04141895   -0.03019267  0.05229525   -0.02047477 -0.11830124
 -0.02332876  0.04040659   -0.02047477 -0.11830124   -0.03757757  0.05650064
    2    2
  0.27650088  0.00000000   -0.00528335 -0.00095650   -0.00374412 -0.01492477
 -0.00528335  0.00095650    0.24724782  0.00000000    0.00528335  0.00095650
 -0.00374412  0.01492477    0.00528335 -0.00095650    0.27650088  0.00000000

     Dynamical  Matrix in cartesian axes

     q = (    0.166666667  -0.500000000   0.833333333 ) 

    1    1
  0.27650088  0.00000000   -0.00528335 -0.00095650    0.00374412  0.01492477
 -0.00528335  0.00095650    0.24724782  0.00000000   -0.00528335 -0.00095650
  0.00374412 -0.01492477   -0.00528335  0.00095650    0.27650088  0.00000000
    1    2
 -0.06771978  0.00429281   -0.09221450 -0.07688229    0.04665751  0.00000000
 -0.09221450 -0.07688229   -0.06038535 -0.00000000   -0.09221450  0.07688229
  0.04665751 -0.00000000   -0.09221450  0.07688229   -0.06771978 -0.00429281
    2    1
 -0.06771978 -0.00429281   -0.09221450  0.07688229    0.04665751  0.00000000
 -0.09221450  0.07688229   -0.06038535  0.00000000   -0.09221450 -0.07688229
  0.04665751  0.00000000   -0.09221450 -0.07688229   -0.06771978  0.00429281
    2    2
  0.27650088  0.00000000   -0.00528335  0.00095650    0.00374412 -0.01492477
 -0.00528335 -0.00095650    0.24724782  0.00000000   -0.00528335  0.00095650
  0.00374412  0.01492477   -0.00528335 -0.00095650    0.27650088  0.00000000

     Dynamical  Matrix in cartesian axes

     q = (   -0.166666667   0.500000000   0.833333333 ) 

    1    1
  0.27650088  0.00000000   -0.00528335 -0.00095650   -0.00374412 -0.01492477
 -0.00528335  0.00095650    0.24724782  0.00000000    0.00528335  0.00095650
 -0.00374412  0.01492477    0.00528335 -0.00095650    0.27650088  0.00000000
    1    2
 -0.03014221  0.06079345   -0.11268926  0.04141895   -0.02332876  0.04040659
 -0.11268926  0.04141895   -0.03019267  0.05229525   -0.02047477 -0.11830124
 -0.02332876  0.04040659   -0.02047477 -0.11830124   -0.03757757  0.05650064
    2    1
 -0.03014221 -0.06079345   -0.11268926 -0.04141895   -0.02332876 -0.04040659
 -0.11268926 -0.04141895   -0.03019267 -0.05229525   -0.02047477  0.11830124
 -0.02332876 -0.04040659   -0.02047477  0.11830124   -0.03757757 -0.05650064
    2    2
  0.27650088  0.00000000   -0.00528335  0.00095650   -0.00374412  0.01492477
 -0.00528335 -0.00095650    0.24724782  0.00000000    0.00528335 -0.00095650
 -0.00374412 -0.01492477    0.00528335  0.00095650    0.27650088  0.00000000

     Dynamical  Matrix in cartesian axes

     q = (    0.166666667   0.500000000  -0.833333333 ) 

    1    1
  0.27650088  0.00000000    0.00528335  0.00095650   -0.00374412 -0.01492477
  0.00528335 -0.00095650    0.24724782  0.00000000   -0.00528335 -0.00095650
 -0.00374412  0.01492477   -0.00528335  0.00095650    0.27650088  0.00000000
    1    2
 -0.03757757 -0.05650064   -0.02047477  0.11830124   -0.02332876 -0.04040659
 -0.02047477  0.11830124   -0.03019267 -0.05229525   -0.11268926 -0.04141895
 -0.02332876 -0.04040659   -0.11268926 -0.04141895   -0.03014221 -0.06079345
    2    1
 -0.03757757  0.05650064   -0.02047477 -0.11830124   -0.02332876  0.04040659
 -0.02047477 -0.11830124   -0.03019267  0.05229525   -0.11268926  0.04141895
 -0.02332876  0.04040659   -0.11268926  0.04141895   -0.03014221  0.06079345
    2    2
  0.27650088  0.00000000    0.00528335 -0.00095650   -0.00374412  0.01492477
  0.00528335  0.00095650    0.24724782  0.00000000   -0.00528335  0.00095650
 -0.00374412 -0.01492477   -0.00528335 -0.00095650    0.27650088  0.00000000

     Dynamical  Matrix in cartesian axes

     q = (   -0.166666667  -0.500000000  -0.833333333 ) 

    1    1
  0.27650088  0.00000000    0.00528335  0.00095650    0.00374412  0.01492477
  0.00528335 -0.00095650    0.24724782  0.00000000    0.00528335  0.00095650
  0.00374412 -0.01492477    0.00528335 -0.00095650    0.27650088  0.00000000
    1    2
  0.06771978 -0.00429281   -0.09221450 -0.07688229   -0.04665751 -0.00000000
 -0.09221450 -0.07688229    0.06038535  0.00000000   -0.09221450  0.07688229
 -0.04665751 -0.00000000   -0.09221450  0.07688229    0.06771978  0.00429281
    2    1
  0.06771978  0.00429281   -0.09221450  0.07688229   -0.04665751  0.00000000
 -0.09221450  0.07688229    0.06038535 -0.00000000   -0.09221450 -0.07688229
 -0.04665751  0.00000000   -0.09221450 -0.07688229    0.06771978 -0.00429281
    2    2
  0.27650088  0.00000000    0.00528335 -0.00095650    0.00374412 -0.01492477
  0.00528335  0.00095650    0.24724782  0.00000000    0.00528335 -0.00095650
  0.00374412  0.01492477    0.00528335  0.00095650    0.27650088  0.00000000

     Dynamical  Matrix in cartesian axes

     q = (   -0.500000000   0.833333333   0.166666667 ) 

    1    1
  0.24724782  0.00000000   -0.00528335 -0.00095650   -0.00528335  0.00095650
 -0.00528335  0.00095650    0.27650088  0.00000000    0.00374412 -0.01492477
 -0.00528335 -0.00095650    0.00374412  0.01492477    0.27650088  0.00000000
    1    2
 -0.06038535 -0.00000000   -0.09221450  0.07688229   -0.09221450 -0.07688229
 -0.09221450  0.07688229   -0.06771978 -0.00429281    0.04665751  0.00000000
 -0.09221450 -0.07688229    0.04665751  0.00000000   -0.06771978  0.00429281
    2    1
 -0.06038535  0.00000000   -0.09221450 -0.07688229   -0.09221450  0.07688229
 -0.09221450 -0.07688229   -0.06771978  0.00429281    0.04665751 -0.00000000
 -0.09221450  0.07688229    0.04665751  0.00000000   -0.06771978 -0.00429281
    2    2
  0.24724782  0.00000000   -0.00528335  0.00095650   -0.00528335 -0.00095650
 -0.00528335 -0.00095650    0.27650088  0.00000000    0.00374412  0.01492477
 -0.00528335  0.00095650    0.00374412 -0.01492477    0.27650088  0.00000000

     Diagonalizing the dynamical matrix

     q = (    0.500000000  -0.166666667   0.833333333 ) 

 **************************************************************************
     freq (    1) =       5.107894 [THz] =     170.381007 [cm-1]
 ( -0.059037  0.567289 -0.147774  0.255952 -0.091905 -0.280895 ) 
 ( -0.520806  0.232517 -0.197310  0.220040  0.295548  0.000000 ) 
     freq (    2) =       6.120368 [THz] =     204.153507 [cm-1]
 (  0.251614  0.290006  0.209937 -0.363621  0.389599 -0.156545 ) 
 (  0.125346 -0.362907  0.330371  0.259130  0.419873  0.000000 ) 
     freq (    3) =       9.768443 [THz] =     325.840176 [cm-1]
 (  0.263686 -0.118064 -0.228180  0.395220  0.446782  0.093008 ) 
 ( -0.234090 -0.169327  0.142844  0.433429 -0.456361  0.000000 ) 
     freq (    4) =      11.325065 [THz] =     377.763510 [cm-1]
 (  0.210387 -0.082772 -0.236877  0.410283  0.452938  0.138890 ) 
 (  0.176877  0.140814 -0.106187 -0.461700  0.473754  0.000000 ) 
     freq (    5) =      13.839719 [THz] =     461.643323 [cm-1]
 ( -0.043236  0.516960 -0.169883  0.294247 -0.118646 -0.318378 ) 
 (  0.469319 -0.221036  0.216400 -0.261940 -0.339767  0.000000 ) 
     freq (    6) =      14.068281 [THz] =     469.267340 [cm-1]
 ( -0.189529 -0.296078 -0.216915  0.375708 -0.432010  0.039690 ) 
 (  0.161647 -0.312176  0.250378  0.354287  0.433830  0.000000 ) 
 **************************************************************************
