Dynamical matrix file
                                                                           
  1    2  2 10.2800000  0.0000000  0.0000000  0.0000000  0.0000000  0.0000000
           1  'Si  '    25598.8229845270     
    1    1      0.0000000000      0.0000000000      0.0000000000
    2    1      0.2500000000      0.2500000000      0.2500000000

     Dynamical  Matrix in cartesian axes

     q = (   -0.333333333   0.333333333  -0.333333333 ) 

    1    1
  0.28129708  0.00000000   -0.01631871  0.00000000    0.01631871  0.00000000
 -0.01631871  0.00000000    0.28129708  0.00000000   -0.01631871  0.00000000
  0.01631871  0.00000000   -0.01631871  0.00000000    0.28129708  0.00000000
    1    2
 -0.17693249 -0.05012037   -0.06482603  0.03776814    0.06482603 -0.03776814
 -0.06482603  0.03776814   -0.17693249 -0.05012037   -0.06482603  0.03776814
  0.06482603 -0.03776814   -0.06482603  0.03776814   -0.17693249 -0.05012037
    2    1
 -0.17693249  0.05012037   -0.06482603 -0.03776814    0.06482603  0.03776814
 -0.06482603 -0.03776814   -0.17693249  0.05012037   -0.06482603 -0.03776814
  0.06482603  0.03776814   -0.06482603 -0.03776814   -0.17693249  0.05012037
    2    2
  0.28129708  0.00000000   -0.01631871  0.00000000    0.01631871  0.00000000
 -0.01631871  0.00000000    0.28129708  0.00000000   -0.01631871  0.00000000
  0.01631871  0.00000000   -0.01631871  0.00000000    0.28129708  0.00000000

     Dynamical  Matrix in cartesian axes

     q = (    0.333333333   0.333333333   0.333333333 ) 

    1    1
  0.28129708  0.00000000    0.01631871  0.00000000    0.01631871  0.00000000
  0.01631871  0.00000000    0.28129708  0.00000000    0.01631871  0.00000000
  0.01631871  0.00000000    0.01631871  0.00000000    0.28129708  0.00000000
    1    2
  0.04506073  0.17828821   -0.06512118 -0.03725692   -0.06512118 -0.03725692
 -0.06512118 -0.03725692    0.04506073  0.17828821   -0.06512118 -0.03725692
 -0.06512118 -0.03725692   -0.06512118 -0.03725692    0.04506073  0.17828821
    2    1
  0.04506073 -0.17828821   -0.06512118  0.03725692   -0.06512118  0.03725692
 -0.06512118  0.03725692    0.04506073 -0.17828821   -0.06512118  0.03725692
 -0.06512118  0.03725692   -0.06512118  0.03725692    0.04506073 -0.17828821
    2    2
  0.28129708  0.00000000    0.01631871  0.00000000    0.01631871  0.00000000
  0.01631871  0.00000000    0.28129708  0.00000000    0.01631871  0.00000000
  0.01631871  0.00000000    0.01631871  0.00000000    0.28129708  0.00000000

     Dynamical  Matrix in cartesian axes

     q = (   -0.333333333  -0.333333333  -0.333333333 ) 

    1    1
  0.28129708  0.00000000    0.01631871  0.00000000    0.01631871  0.00000000
  0.01631871  0.00000000    0.28129708  0.00000000    0.01631871  0.00000000
  0.01631871  0.00000000    0.01631871  0.00000000    0.28129708  0.00000000
    1    2
  0.04506073 -0.17828821   -0.06512118  0.03725692   -0.06512118  0.03725692
 -0.06512118  0.03725692    0.04506073 -0.17828821   -0.06512118  0.03725692
 -0.06512118  0.03725692   -0.06512118  0.03725692    0.04506073 -0.17828821
    2    1
  0.04506073  0.17828821   -0.06512118 -0.03725692   -0.06512118 -0.03725692
 -0.06512118 -0.03725692    0.04506073  0.17828821   -0.06512118 -0.03725692
 -0.06512118 -0.03725692   -0.06512118 -0.03725692    0.04506073  0.17828821
    2    2
  0.28129708  0.00000000    0.01631871  0.00000000    0.01631871  0.00000000
  0.01631871  0.00000000    0.28129708  0.00000000    0.01631871  0.00000000
  0.01631871  0.00000000    0.01631871  0.00000000    0.28129708  0.00000000

     Dynamical  Matrix in cartesian axes

     q = (    0.333333333  -0.333333333   0.333333333 ) 

    1    1
  0.28129708  0.00000000   -0.01631871  0.00000000    0.01631871  0.00000000
 -0.01631871  0.00000000    0.28129708  0.00000000   -0.01631871  0.00000000
  0.01631871  0.00000000   -0.01631871  0.00000000    0.28129708  0.00000000
    1    2
 -0.17693249  0.05012037   -0.06482603 -0.03776814    0.06482603  0.03776814
 -0.06482603 -0.03776814   -0.17693249  0.05012037   -0.06482603 -0.03776814
  0.06482603  0.03776814   -0.06482603 -0.03776814   -0.17693249  0.05012037
    2    1
 -0.17693249 -0.05012037   -0.06482603  0.03776814    0.06482603 -0.03776814
 -0.06482603  0.03776814   -0.17693249 -0.05012037   -0.06482603  0.03776814
  0.06482603 -0.03776814   -0.06482603  0.03776814   -0.17693249 -0.05012037
    2    2
  0.28129708  0.00000000   -0.01631871  0.00000000    0.01631871  0.00000000
 -0.01631871  0.00000000    0.28129708  0.00000000   -0.01631871  0.00000000
  0.01631871  0.00000000   -0.01631871  0.00000000    0.28129708  0.00000000

     Dynamical  Matrix in cartesian axes

     q = (    0.333333333  -0.333333333  -0.333333333 ) 

    1    1
  0.28129708  0.00000000   -0.01631871  0.00000000   -0.01631871  0.00000000
 -0.01631871  0.00000000    0.28129708  0.00000000    0.01631871  0.00000000
 -0.01631871  0.00000000    0.01631871  0.00000000    0.28129708  0.00000000
    1    2
 -0.17693249 -0.05012037   -0.06482603  0.03776814   -0.06482603  0.03776814
 -0.06482603  0.03776814   -0.17693249 -0.05012037    0.06482603 -0.03776814
 -0.06482603  0.03776814    0.06482603 -0.03776814   -0.17693249 -0.05012037
    2    1
 -0.17693249  0.05012037   -0.06482603 -0.03776814   -0.06482603 -0.03776814
 -0.06482603 -0.03776814   -0.17693249  0.05012037    0.06482603  0.03776814
 -0.06482603 -0.03776814    0.06482603  0.03776814   -0.17693249  0.05012037
    2    2
  0.28129708  0.00000000   -0.01631871  0.00000000   -0.01631871  0.00000000
 -0.01631871  0.00000000    0.28129708  0.00000000    0.01631871  0.00000000
 -0.01631871  0.00000000    0.01631871  0.00000000    0.28129708  0.00000000

     Dynamical  Matrix in cartesian axes

     q = (    0.333333333   0.333333333  -0.333333333 ) 

    1    1
  0.28129708  0.00000000    0.01631871  0.00000000   -0.01631871  0.00000000
  0.01631871  0.00000000    0.28129708  0.00000000   -0.01631871  0.00000000
 -0.01631871  0.00000000   -0.01631871  0.00000000    0.28129708  0.00000000
    1    2
 -0.17693249  0.05012037    0.06482603  0.03776814   -0.06482603 -0.03776814
  0.06482603  0.03776814   -0.17693249  0.05012037   -0.06482603 -0.03776814
 -0.06482603 -0.03776814   -0.06482603 -0.03776814   -0.17693249  0.05012037
    2    1
 -0.17693249 -0.05012037    0.06482603 -0.03776814   -0.06482603  0.03776814
  0.06482603 -0.03776814   -0.17693249 -0.05012037   -0.06482603  0.03776814
 -0.06482603  0.03776814   -0.06482603  0.03776814   -0.17693249 -0.05012037
    2    2
  0.28129708  0.00000000    0.01631871  0.00000000   -0.01631871  0.00000000
  0.01631871  0.00000000    0.28129708  0.00000000   -0.01631871  0.00000000
 -0.01631871  0.00000000   -0.01631871  0.00000000    0.28129708  0.00000000

     Dynamical  Matrix in cartesian axes

     q = (   -0.333333333  -0.333333333   0.333333333 ) 

    1    1
  0.28129708  0.00000000    0.01631871  0.00000000   -0.01631871  0.00000000
  0.01631871  0.00000000    0.28129708  0.00000000   -0.01631871  0.00000000
 -0.01631871  0.00000000   -0.01631871  0.00000000    0.28129708  0.00000000
    1    2
 -0.17693249 -0.05012037    0.06482603 -0.03776814   -0.06482603  0.03776814
  0.06482603 -0.03776814   -0.17693249 -0.05012037   -0.06482603  0.03776814
 -0.06482603  0.03776814   -0.06482603  0.03776814   -0.17693249 -0.05012037
    2    1
 -0.17693249  0.05012037    0.06482603  0.03776814   -0.06482603 -0.03776814
  0.06482603  0.03776814   -0.17693249  0.05012037   -0.06482603 -0.03776814
 -0.06482603 -0.03776814   -0.06482603 -0.03776814   -0.17693249  0.05012037
    2    2
  0.28129708  0.00000000    0.01631871  0.00000000   -0.01631871  0.00000000
  0.01631871  0.00000000    0.28129708  0.00000000   -0.01631871  0.00000000
 -0.01631871  0.00000000   -0.01631871  0.00000000    0.28129708  0.00000000

     Dynamical  Matrix in cartesian axes

     q = (   -0.333333333   0.333333333   0.333333333 ) 

    1    1
  0.28129708  0.00000000   -0.01631871  0.00000000   -0.01631871  0.00000000
 -0.01631871  0.00000000    0.28129708  0.00000000    0.01631871  0.00000000
 -0.01631871  0.00000000    0.01631871  0.00000000    0.28129708  0.00000000
    1    2
 -0.17693249  0.05012037   -0.06482603 -0.03776814   -0.06482603 -0.03776814
 -0.06482603 -0.03776814   -0.17693249  0.05012037    0.06482603  0.03776814
 -0.06482603 -0.03776814    0.06482603  0.03776814   -0.17693249  0.05012037
    2    1
 -0.17693249 -0.05012037   -0.06482603  0.03776814   -0.06482603  0.03776814
 -0.06482603  0.03776814   -0.17693249 -0.05012037    0.06482603 -0.03776814
 -0.06482603  0.03776814    0.06482603 -0.03776814   -0.17693249 -0.05012037
    2    2
  0.28129708  0.00000000   -0.01631871  0.00000000   -0.01631871  0.00000000
 -0.01631871  0.00000000    0.28129708  0.00000000    0.01631871  0.00000000
 -0.01631871  0.00000000    0.01631871  0.00000000    0.28129708  0.00000000

     Diagonalizing the dynamical matrix

     q = (   -0.333333333   0.333333333  -0.333333333 ) 

 **************************************************************************
     freq (    1) =       3.111899 [THz] =     103.801785 [cm-1]
 ( -0.395551  0.059883 -0.557631  0.051602 -0.162080 -0.008281 ) 
 ( -0.391980  0.079989 -0.554271  0.079989 -0.162292  0.000000 ) 
     freq (    2) =       3.111899 [THz] =     103.801785 [cm-1]
 (  0.416272 -0.002191 -0.137077 -0.030464 -0.553349 -0.028272 ) 
 (  0.415618 -0.023429 -0.138453 -0.023429 -0.554071  0.000000 ) 
     freq (    3) =       8.715884 [THz] =     290.730612 [cm-1]
 (  0.143770  0.382095 -0.143770 -0.382095  0.143770  0.382095 ) 
 (  0.408248 -0.000000 -0.408248 -0.000000  0.408248  0.000000 ) 
     freq (    4) =      13.765659 [THz] =     459.172954 [cm-1]
 (  0.143770  0.382095 -0.143770 -0.382095  0.143770  0.382095 ) 
 ( -0.408248 -0.000000  0.408248  0.000000 -0.408248  0.000000 ) 
     freq (    5) =      14.641696 [THz] =     488.394412 [cm-1]
 (  0.112525  0.491331  0.069459  0.489130 -0.043065 -0.002200 ) 
 ( -0.137449 -0.484949 -0.094328 -0.484949  0.043121  0.000000 ) 
     freq (    6) =      14.641696 [THz] =     488.394412 [cm-1]
 ( -0.280679  0.022028  0.294309  0.051406  0.574988  0.029378 ) 
 (  0.279189 -0.036321 -0.296549 -0.036321 -0.575738  0.000000 ) 
 **************************************************************************
