Dynamical matrix file
                                                                           
  1    2  2 10.3640000  0.0000000  0.0000000  0.0000000  0.0000000  0.0000000
           1  'Si  '    25598.8229845270     
    1    1      0.0000000000      0.0000000000      0.0000000000
    2    1      0.2500000000      0.2500000000      0.2500000000

     Dynamical  Matrix in cartesian axes

     q = (    0.666666667  -0.333333333   1.000000000 ) 

    1    1
  0.23645942  0.00000000   -0.00684255  0.00000000    0.00000000  0.00092140
 -0.00684255  0.00000000    0.27912627  0.00000000    0.00000000 -0.01281303
  0.00000000 -0.00092140    0.00000000  0.01281303    0.25021937  0.00000000
    1    2
 -0.08593843  0.04961658   -0.05983459  0.03454552   -0.06360660 -0.11016986
 -0.05983459  0.03454552   -0.09146146  0.05280530    0.02061709  0.03570985
 -0.06360660 -0.11016986    0.02061709  0.03570985   -0.09309599  0.05374900
    2    1
 -0.08593843 -0.04961658   -0.05983459 -0.03454552   -0.06360660  0.11016986
 -0.05983459 -0.03454552   -0.09146146 -0.05280530    0.02061709 -0.03570985
 -0.06360660  0.11016986    0.02061709 -0.03570985   -0.09309599 -0.05374900
    2    2
  0.23645942  0.00000000   -0.00684255  0.00000000    0.00000000 -0.00092140
 -0.00684255  0.00000000    0.27912627  0.00000000    0.00000000  0.01281303
  0.00000000  0.00092140    0.00000000 -0.01281303    0.25021937  0.00000000

     Dynamical  Matrix in cartesian axes

     q = (    1.000000000   0.333333333   0.666666667 ) 

    1    1
  0.25021937  0.00000000    0.00000000  0.01281303   -0.00000000  0.00092140
 -0.00000000 -0.01281303    0.27912627  0.00000000    0.00684255 -0.00000000
  0.00000000 -0.00092140    0.00684255  0.00000000    0.23645942  0.00000000
    1    2
  0.00000000 -0.10749799   -0.04123418  0.00000000   -0.12721320 -0.00000000
 -0.04123418  0.00000000   -0.00000000 -0.10561059    0.00000000  0.06909103
 -0.12721320 -0.00000000    0.00000000  0.06909103    0.00000000 -0.09923316
    2    1
  0.00000000  0.10749799   -0.04123418  0.00000000   -0.12721320  0.00000000
 -0.04123418  0.00000000    0.00000000  0.10561059   -0.00000000 -0.06909103
 -0.12721320  0.00000000   -0.00000000 -0.06909103    0.00000000  0.09923316
    2    2
  0.25021937  0.00000000   -0.00000000 -0.01281303    0.00000000 -0.00092140
 -0.00000000  0.01281303    0.27912627  0.00000000    0.00684255  0.00000000
  0.00000000  0.00092140    0.00684255  0.00000000    0.23645942  0.00000000

     Dynamical  Matrix in cartesian axes

     q = (    0.666666667   0.333333333   1.000000000 ) 

    1    1
  0.23645942  0.00000000    0.00684255  0.00000000    0.00000000 -0.00092140
  0.00684255  0.00000000    0.27912627  0.00000000    0.00000000 -0.01281303
  0.00000000  0.00092140    0.00000000  0.01281303    0.25021937  0.00000000
    1    2
 -0.00000000 -0.09923316    0.00000000  0.06909103   -0.12721320  0.00000000
  0.00000000  0.06909103   -0.00000000 -0.10561059   -0.04123418  0.00000000
 -0.12721320  0.00000000   -0.04123418  0.00000000   -0.00000000 -0.10749799
    2    1
 -0.00000000  0.09923316    0.00000000 -0.06909103   -0.12721320 -0.00000000
  0.00000000 -0.06909103   -0.00000000  0.10561059   -0.04123418 -0.00000000
 -0.12721320 -0.00000000   -0.04123418  0.00000000    0.00000000  0.10749799
    2    2
  0.23645942  0.00000000    0.00684255  0.00000000    0.00000000  0.00092140
  0.00684255  0.00000000    0.27912627  0.00000000    0.00000000  0.01281303
  0.00000000 -0.00092140    0.00000000 -0.01281303    0.25021937  0.00000000

     Dynamical  Matrix in cartesian axes

     q = (   -1.000000000  -0.333333333   0.666666667 ) 

    1    1
  0.25021937  0.00000000   -0.00000000  0.01281303    0.00000000 -0.00092140
 -0.00000000 -0.01281303    0.27912627  0.00000000   -0.00684255  0.00000000
  0.00000000  0.00092140   -0.00684255  0.00000000    0.23645942  0.00000000
    1    2
 -0.09309599  0.05374900    0.02061709  0.03570985   -0.06360660 -0.11016986
  0.02061709  0.03570985   -0.09146146  0.05280530   -0.05983459  0.03454552
 -0.06360660 -0.11016986   -0.05983459  0.03454552   -0.08593843  0.04961658
    2    1
 -0.09309599 -0.05374900    0.02061709 -0.03570985   -0.06360660  0.11016986
  0.02061709 -0.03570985   -0.09146146 -0.05280530   -0.05983459 -0.03454552
 -0.06360660  0.11016986   -0.05983459 -0.03454552   -0.08593843 -0.04961658
    2    2
  0.25021937  0.00000000   -0.00000000 -0.01281303    0.00000000  0.00092140
 -0.00000000  0.01281303    0.27912627  0.00000000   -0.00684255 -0.00000000
  0.00000000 -0.00092140   -0.00684255  0.00000000    0.23645942  0.00000000

     Dynamical  Matrix in cartesian axes

     q = (   -1.000000000  -0.333333333  -0.666666667 ) 

    1    1
  0.25021937  0.00000000   -0.00000000 -0.01281303    0.00000000 -0.00092140
 -0.00000000  0.01281303    0.27912627  0.00000000    0.00684255  0.00000000
  0.00000000  0.00092140    0.00684255  0.00000000    0.23645942  0.00000000
    1    2
  0.00000000  0.10749799   -0.04123418  0.00000000   -0.12721320  0.00000000
 -0.04123418  0.00000000    0.00000000  0.10561059   -0.00000000 -0.06909103
 -0.12721320  0.00000000   -0.00000000 -0.06909103    0.00000000  0.09923316
    2    1
  0.00000000 -0.10749799   -0.04123418  0.00000000   -0.12721320 -0.00000000
 -0.04123418  0.00000000   -0.00000000 -0.10561059    0.00000000  0.06909103
 -0.12721320 -0.00000000    0.00000000  0.06909103    0.00000000 -0.09923316
    2    2
  0.25021937  0.00000000    0.00000000  0.01281303   -0.00000000  0.00092140
 -0.00000000 -0.01281303    0.27912627  0.00000000    0.00684255 -0.00000000
  0.00000000 -0.00092140    0.00684255  0.00000000    0.23645942  0.00000000

     Dynamical  Matrix in cartesian axes

     q = (   -0.666666667  -0.333333333  -1.000000000 ) 

    1    1
  0.23645942  0.00000000    0.00684255  0.00000000    0.00000000  0.00092140
  0.00684255  0.00000000    0.27912627  0.00000000    0.00000000  0.01281303
  0.00000000 -0.00092140    0.00000000 -0.01281303    0.25021937  0.00000000
    1    2
 -0.00000000  0.09923316    0.00000000 -0.06909103   -0.12721320 -0.00000000
  0.00000000 -0.06909103   -0.00000000  0.10561059   -0.04123418 -0.00000000
 -0.12721320 -0.00000000   -0.04123418  0.00000000    0.00000000  0.10749799
    2    1
 -0.00000000 -0.09923316    0.00000000  0.06909103   -0.12721320  0.00000000
  0.00000000  0.06909103   -0.00000000 -0.10561059   -0.04123418  0.00000000
 -0.12721320  0.00000000   -0.04123418  0.00000000   -0.00000000 -0.10749799
    2    2
  0.23645942  0.00000000    0.00684255  0.00000000    0.00000000 -0.00092140
  0.00684255  0.00000000    0.27912627  0.00000000    0.00000000 -0.01281303
  0.00000000  0.00092140    0.00000000  0.01281303    0.25021937  0.00000000

     Dynamical  Matrix in cartesian axes

     q = (    1.000000000   0.333333333  -0.666666667 ) 

    1    1
  0.25021937  0.00000000   -0.00000000 -0.01281303    0.00000000  0.00092140
 -0.00000000  0.01281303    0.27912627  0.00000000   -0.00684255 -0.00000000
  0.00000000 -0.00092140   -0.00684255  0.00000000    0.23645942  0.00000000
    1    2
 -0.09309599 -0.05374900    0.02061709 -0.03570985   -0.06360660  0.11016986
  0.02061709 -0.03570985   -0.09146146 -0.05280530   -0.05983459 -0.03454552
 -0.06360660  0.11016986   -0.05983459 -0.03454552   -0.08593843 -0.04961658
    2    1
 -0.09309599  0.05374900    0.02061709  0.03570985   -0.06360660 -0.11016986
  0.02061709  0.03570985   -0.09146146  0.05280530   -0.05983459  0.03454552
 -0.06360660 -0.11016986   -0.05983459  0.03454552   -0.08593843  0.04961658
    2    2
  0.25021937  0.00000000   -0.00000000  0.01281303    0.00000000 -0.00092140
 -0.00000000 -0.01281303    0.27912627  0.00000000   -0.00684255  0.00000000
  0.00000000  0.00092140   -0.00684255  0.00000000    0.23645942  0.00000000

     Dynamical  Matrix in cartesian axes

     q = (   -0.666666667   0.333333333   1.000000000 ) 

    1    1
  0.23645942  0.00000000   -0.00684255  0.00000000    0.00000000 -0.00092140
 -0.00684255  0.00000000    0.27912627  0.00000000    0.00000000  0.01281303
  0.00000000  0.00092140    0.00000000 -0.01281303    0.25021937  0.00000000
    1    2
 -0.08593843 -0.04961658   -0.05983459 -0.03454552   -0.06360660  0.11016986
 -0.05983459 -0.03454552   -0.09146146 -0.05280530    0.02061709 -0.03570985
 -0.06360660  0.11016986    0.02061709 -0.03570985   -0.09309599 -0.05374900
    2    1
 -0.08593843  0.04961658   -0.05983459  0.03454552   -0.06360660 -0.11016986
 -0.05983459  0.03454552   -0.09146146  0.05280530    0.02061709  0.03570985
 -0.06360660 -0.11016986    0.02061709  0.03570985   -0.09309599  0.05374900
    2    2
  0.23645942  0.00000000   -0.00684255  0.00000000    0.00000000  0.00092140
 -0.00684255  0.00000000    0.27912627  0.00000000    0.00000000 -0.01281303
  0.00000000 -0.00092140    0.00000000  0.01281303    0.25021937  0.00000000

     Dynamical  Matrix in cartesian axes

     q = (   -0.333333333   1.000000000   0.666666667 ) 

    1    1
  0.27912627  0.00000000   -0.00000000 -0.01281303   -0.00684255  0.00000000
  0.00000000  0.01281303    0.25021937  0.00000000    0.00000000 -0.00092140
 -0.00684255  0.00000000   -0.00000000  0.00092140    0.23645942  0.00000000
    1    2
 -0.09146146  0.05280530    0.02061709  0.03570985   -0.05983459  0.03454552
  0.02061709  0.03570985   -0.09309599  0.05374900   -0.06360660 -0.11016986
 -0.05983459  0.03454552   -0.06360660 -0.11016986   -0.08593843  0.04961658
    2    1
 -0.09146146 -0.05280530    0.02061709 -0.03570985   -0.05983459 -0.03454552
  0.02061709 -0.03570985   -0.09309599 -0.05374900   -0.06360660  0.11016986
 -0.05983459 -0.03454552   -0.06360660  0.11016986   -0.08593843 -0.04961658
    2    2
  0.27912627  0.00000000   -0.00000000  0.01281303   -0.00684255  0.00000000
 -0.00000000 -0.01281303    0.25021937  0.00000000   -0.00000000  0.00092140
 -0.00684255  0.00000000   -0.00000000 -0.00092140    0.23645942  0.00000000

     Dynamical  Matrix in cartesian axes

     q = (    0.333333333   1.000000000  -0.666666667 ) 

    1    1
  0.27912627  0.00000000   -0.00000000  0.01281303   -0.00684255  0.00000000
 -0.00000000 -0.01281303    0.25021937  0.00000000   -0.00000000  0.00092140
 -0.00684255  0.00000000   -0.00000000 -0.00092140    0.23645942  0.00000000
    1    2
 -0.09146146 -0.05280530    0.02061709 -0.03570985   -0.05983459 -0.03454552
  0.02061709 -0.03570985   -0.09309599 -0.05374900   -0.06360660  0.11016986
 -0.05983459 -0.03454552   -0.06360660  0.11016986   -0.08593843 -0.04961658
    2    1
 -0.09146146  0.05280530    0.02061709  0.03570985   -0.05983459  0.03454552
  0.02061709  0.03570985   -0.09309599  0.05374900   -0.06360660 -0.11016986
 -0.05983459  0.03454552   -0.06360660 -0.11016986   -0.08593843  0.04961658
    2    2
  0.27912627  0.00000000   -0.00000000 -0.01281303   -0.00684255  0.00000000
  0.00000000  0.01281303    0.25021937  0.00000000    0.00000000 -0.00092140
 -0.00684255  0.00000000   -0.00000000  0.00092140    0.23645942  0.00000000

     Dynamical  Matrix in cartesian axes

     q = (   -0.333333333  -1.000000000  -0.666666667 ) 

    1    1
  0.27912627  0.00000000   -0.00000000  0.01281303    0.00684255  0.00000000
 -0.00000000 -0.01281303    0.25021937  0.00000000   -0.00000000 -0.00092140
  0.00684255  0.00000000    0.00000000  0.00092140    0.23645942  0.00000000
    1    2
  0.00000000  0.10561059   -0.04123418  0.00000000   -0.00000000 -0.06909103
 -0.04123418  0.00000000    0.00000000  0.10749799   -0.12721320  0.00000000
 -0.00000000 -0.06909103   -0.12721320  0.00000000    0.00000000  0.09923316
    2    1
  0.00000000 -0.10561059   -0.04123418 -0.00000000   -0.00000000  0.06909103
 -0.04123418 -0.00000000    0.00000000 -0.10749799   -0.12721320 -0.00000000
 -0.00000000  0.06909103   -0.12721320 -0.00000000    0.00000000 -0.09923316
    2    2
  0.27912627  0.00000000   -0.00000000 -0.01281303    0.00684255  0.00000000
 -0.00000000  0.01281303    0.25021937  0.00000000   -0.00000000  0.00092140
  0.00684255  0.00000000   -0.00000000 -0.00092140    0.23645942  0.00000000

     Dynamical  Matrix in cartesian axes

     q = (    1.000000000  -0.666666667   0.333333333 ) 

    1    1
  0.25021937  0.00000000    0.00000000  0.00092140   -0.00000000 -0.01281303
  0.00000000 -0.00092140    0.23645942  0.00000000   -0.00684255  0.00000000
 -0.00000000  0.01281303   -0.00684255  0.00000000    0.27912627  0.00000000
    1    2
 -0.09309599 -0.05374900   -0.06360660  0.11016986    0.02061709 -0.03570985
 -0.06360660  0.11016986   -0.08593843 -0.04961658   -0.05983459 -0.03454552
  0.02061709 -0.03570985   -0.05983459 -0.03454552   -0.09146146 -0.05280530
    2    1
 -0.09309599  0.05374900   -0.06360660 -0.11016986    0.02061709  0.03570985
 -0.06360660 -0.11016986   -0.08593843  0.04961658   -0.05983459  0.03454552
  0.02061709  0.03570985   -0.05983459  0.03454552   -0.09146146  0.05280530
    2    2
  0.25021937  0.00000000    0.00000000 -0.00092140   -0.00000000  0.01281303
  0.00000000  0.00092140    0.23645942  0.00000000   -0.00684255  0.00000000
 -0.00000000 -0.01281303   -0.00684255 -0.00000000    0.27912627  0.00000000

     Dynamical  Matrix in cartesian axes

     q = (    1.000000000   0.666666667  -0.333333333 ) 

    1    1
  0.25021937  0.00000000    0.00000000 -0.00092140   -0.00000000  0.01281303
  0.00000000  0.00092140    0.23645942  0.00000000   -0.00684255  0.00000000
 -0.00000000 -0.01281303   -0.00684255 -0.00000000    0.27912627  0.00000000
    1    2
 -0.09309599  0.05374900   -0.06360660 -0.11016986    0.02061709  0.03570985
 -0.06360660 -0.11016986   -0.08593843  0.04961658   -0.05983459  0.03454552
  0.02061709  0.03570985   -0.05983459  0.03454552   -0.09146146  0.05280530
    2    1
 -0.09309599 -0.05374900   -0.06360660  0.11016986    0.02061709 -0.03570985
 -0.06360660  0.11016986   -0.08593843 -0.04961658   -0.05983459 -0.03454552
  0.02061709 -0.03570985   -0.05983459 -0.03454552   -0.09146146 -0.05280530
    2    2
  0.25021937  0.00000000    0.00000000  0.00092140   -0.00000000 -0.01281303
  0.00000000 -0.00092140    0.23645942  0.00000000   -0.00684255  0.00000000
 -0.00000000  0.01281303   -0.00684255  0.00000000    0.27912627  0.00000000

     Dynamical  Matrix in cartesian axes

     q = (   -0.333333333   0.666666667  -1.000000000 ) 

    1    1
  0.27912627  0.00000000   -0.00684255  0.00000000   -0.00000000 -0.01281303
 -0.00684255  0.00000000    0.23645942  0.00000000   -0.00000000  0.00092140
 -0.00000000  0.01281303   -0.00000000 -0.00092140    0.25021937  0.00000000
    1    2
 -0.09146146  0.05280530   -0.05983459  0.03454552    0.02061709  0.03570985
 -0.05983459  0.03454552   -0.08593843  0.04961658   -0.06360660 -0.11016986
  0.02061709  0.03570985   -0.06360660 -0.11016986   -0.09309599  0.05374900
    2    1
 -0.09146146 -0.05280530   -0.05983459 -0.03454552    0.02061709 -0.03570985
 -0.05983459 -0.03454552   -0.08593843 -0.04961658   -0.06360660  0.11016986
  0.02061709 -0.03570985   -0.06360660  0.11016986   -0.09309599 -0.05374900
    2    2
  0.27912627  0.00000000   -0.00684255  0.00000000   -0.00000000  0.01281303
 -0.00684255  0.00000000    0.23645942  0.00000000   -0.00000000 -0.00092140
 -0.00000000 -0.01281303   -0.00000000  0.00092140    0.25021937  0.00000000

     Dynamical  Matrix in cartesian axes

     q = (   -1.000000000  -0.666666667  -0.333333333 ) 

    1    1
  0.25021937  0.00000000    0.00000000 -0.00092140   -0.00000000 -0.01281303
  0.00000000  0.00092140    0.23645942  0.00000000    0.00684255  0.00000000
 -0.00000000  0.01281303    0.00684255 -0.00000000    0.27912627  0.00000000
    1    2
  0.00000000  0.10749799   -0.12721320  0.00000000   -0.04123418  0.00000000
 -0.12721320  0.00000000    0.00000000  0.09923316   -0.00000000 -0.06909103
 -0.04123418  0.00000000   -0.00000000 -0.06909103    0.00000000  0.10561059
    2    1
  0.00000000 -0.10749799   -0.12721320 -0.00000000   -0.04123418  0.00000000
 -0.12721320 -0.00000000    0.00000000 -0.09923316    0.00000000  0.06909103
 -0.04123418  0.00000000    0.00000000  0.06909103    0.00000000 -0.10561059
    2    2
  0.25021937  0.00000000    0.00000000  0.00092140   -0.00000000  0.01281303
  0.00000000 -0.00092140    0.23645942  0.00000000    0.00684255  0.00000000
 -0.00000000 -0.01281303    0.00684255  0.00000000    0.27912627  0.00000000

     Dynamical  Matrix in cartesian axes

     q = (   -1.000000000   0.666666667   0.333333333 ) 

    1    1
  0.25021937  0.00000000    0.00000000  0.00092140   -0.00000000  0.01281303
  0.00000000 -0.00092140    0.23645942  0.00000000    0.00684255  0.00000000
 -0.00000000 -0.01281303    0.00684255  0.00000000    0.27912627  0.00000000
    1    2
 -0.00000000 -0.10749799   -0.12721320  0.00000000   -0.04123418  0.00000000
 -0.12721320  0.00000000   -0.00000000 -0.09923316    0.00000000  0.06909103
 -0.04123418  0.00000000    0.00000000  0.06909103   -0.00000000 -0.10561059
    2    1
  0.00000000  0.10749799   -0.12721320 -0.00000000   -0.04123418  0.00000000
 -0.12721320 -0.00000000    0.00000000  0.09923316    0.00000000 -0.06909103
 -0.04123418  0.00000000    0.00000000 -0.06909103    0.00000000  0.10561059
    2    2
  0.25021937  0.00000000    0.00000000 -0.00092140   -0.00000000 -0.01281303
  0.00000000  0.00092140    0.23645942  0.00000000    0.00684255  0.00000000
 -0.00000000  0.01281303    0.00684255 -0.00000000    0.27912627  0.00000000

     Dynamical  Matrix in cartesian axes

     q = (    0.333333333  -0.666666667   1.000000000 ) 

    1    1
  0.27912627  0.00000000   -0.00684255  0.00000000   -0.00000000  0.01281303
 -0.00684255  0.00000000    0.23645942  0.00000000   -0.00000000 -0.00092140
 -0.00000000 -0.01281303   -0.00000000  0.00092140    0.25021937  0.00000000
    1    2
 -0.09146146 -0.05280530   -0.05983459 -0.03454552    0.02061709 -0.03570985
 -0.05983459 -0.03454552   -0.08593843 -0.04961658   -0.06360660  0.11016986
  0.02061709 -0.03570985   -0.06360660  0.11016986   -0.09309599 -0.05374900
    2    1
 -0.09146146  0.05280530   -0.05983459  0.03454552    0.02061709  0.03570985
 -0.05983459  0.03454552   -0.08593843  0.04961658   -0.06360660 -0.11016986
  0.02061709  0.03570985   -0.06360660 -0.11016986   -0.09309599  0.05374900
    2    2
  0.27912627  0.00000000   -0.00684255  0.00000000   -0.00000000 -0.01281303
 -0.00684255  0.00000000    0.23645942  0.00000000   -0.00000000  0.00092140
 -0.00000000  0.01281303   -0.00000000 -0.00092140    0.25021937  0.00000000

     Dynamical  Matrix in cartesian axes

     q = (    0.333333333  -1.000000000   0.666666667 ) 

    1    1
  0.27912627  0.00000000   -0.00000000 -0.01281303    0.00684255  0.00000000
 -0.00000000  0.01281303    0.25021937  0.00000000   -0.00000000  0.00092140
  0.00684255  0.00000000   -0.00000000 -0.00092140    0.23645942  0.00000000
    1    2
 -0.00000000 -0.10561059   -0.04123418 -0.00000000    0.00000000  0.06909103
 -0.04123418  0.00000000   -0.00000000 -0.10749799   -0.12721320  0.00000000
  0.00000000  0.06909103   -0.12721320  0.00000000   -0.00000000 -0.09923316
    2    1
  0.00000000  0.10561059   -0.04123418 -0.00000000   -0.00000000 -0.06909103
 -0.04123418 -0.00000000    0.00000000  0.10749799   -0.12721320 -0.00000000
 -0.00000000 -0.06909103   -0.12721320 -0.00000000    0.00000000  0.09923316
    2    2
  0.27912627  0.00000000   -0.00000000  0.01281303    0.00684255  0.00000000
 -0.00000000 -0.01281303    0.25021937  0.00000000   -0.00000000 -0.00092140
  0.00684255  0.00000000    0.00000000  0.00092140    0.23645942  0.00000000

     Dynamical  Matrix in cartesian axes

     q = (    0.666666667  -1.000000000   0.333333333 ) 

    1    1
  0.23645942  0.00000000    0.00000000 -0.00092140    0.00684255  0.00000000
  0.00000000  0.00092140    0.25021937  0.00000000    0.00000000  0.01281303
  0.00684255  0.00000000    0.00000000 -0.01281303    0.27912627  0.00000000
    1    2
 -0.00000000 -0.09923316   -0.12721320  0.00000000    0.00000000  0.06909103
 -0.12721320  0.00000000   -0.00000000 -0.10749799   -0.04123418  0.00000000
  0.00000000  0.06909103   -0.04123418  0.00000000   -0.00000000 -0.10561059
    2    1
 -0.00000000  0.09923316   -0.12721320 -0.00000000    0.00000000 -0.06909103
 -0.12721320 -0.00000000   -0.00000000  0.10749799   -0.04123418 -0.00000000
  0.00000000 -0.06909103   -0.04123418 -0.00000000   -0.00000000  0.10561059
    2    2
  0.23645942  0.00000000    0.00000000  0.00092140    0.00684255  0.00000000
  0.00000000 -0.00092140    0.25021937  0.00000000    0.00000000 -0.01281303
  0.00684255  0.00000000    0.00000000  0.01281303    0.27912627  0.00000000

     Dynamical  Matrix in cartesian axes

     q = (    0.333333333   0.666666667   1.000000000 ) 

    1    1
  0.27912627  0.00000000    0.00684255  0.00000000   -0.00000000 -0.01281303
  0.00684255  0.00000000    0.23645942  0.00000000   -0.00000000 -0.00092140
 -0.00000000  0.01281303   -0.00000000  0.00092140    0.25021937  0.00000000
    1    2
  0.00000000 -0.10561059   -0.00000000  0.06909103   -0.04123418 -0.00000000
 -0.00000000  0.06909103    0.00000000 -0.09923316   -0.12721320 -0.00000000
 -0.04123418 -0.00000000   -0.12721320 -0.00000000    0.00000000 -0.10749799
    2    1
  0.00000000  0.10561059   -0.00000000 -0.06909103   -0.04123418  0.00000000
 -0.00000000 -0.06909103    0.00000000  0.09923316   -0.12721320  0.00000000
 -0.04123418  0.00000000   -0.12721320  0.00000000    0.00000000  0.10749799
    2    2
  0.27912627  0.00000000    0.00684255  0.00000000   -0.00000000  0.01281303
  0.00684255  0.00000000    0.23645942  0.00000000    0.00000000  0.00092140
 -0.00000000 -0.01281303   -0.00000000 -0.00092140    0.25021937  0.00000000

     Dynamical  Matrix in cartesian axes

     q = (   -0.333333333  -0.666666667  -1.000000000 ) 

    1    1
  0.27912627  0.00000000    0.00684255  0.00000000   -0.00000000  0.01281303
  0.00684255  0.00000000    0.23645942  0.00000000    0.00000000  0.00092140
 -0.00000000 -0.01281303   -0.00000000 -0.00092140    0.25021937  0.00000000
    1    2
  0.00000000  0.10561059   -0.00000000 -0.06909103   -0.04123418  0.00000000
 -0.00000000 -0.06909103    0.00000000  0.09923316   -0.12721320  0.00000000
 -0.04123418  0.00000000   -0.12721320  0.00000000    0.00000000  0.10749799
    2    1
  0.00000000 -0.10561059   -0.00000000  0.06909103   -0.04123418 -0.00000000
 -0.00000000  0.06909103    0.00000000 -0.09923316   -0.12721320 -0.00000000
 -0.04123418 -0.00000000   -0.12721320 -0.00000000    0.00000000 -0.10749799
    2    2
  0.27912627  0.00000000    0.00684255  0.00000000   -0.00000000 -0.01281303
  0.00684255  0.00000000    0.23645942  0.00000000   -0.00000000 -0.00092140
 -0.00000000  0.01281303   -0.00000000  0.00092140    0.25021937  0.00000000

     Dynamical  Matrix in cartesian axes

     q = (   -0.666666667  -1.000000000   0.333333333 ) 

    1    1
  0.23645942  0.00000000    0.00000000 -0.00092140   -0.00684255  0.00000000
  0.00000000  0.00092140    0.25021937  0.00000000    0.00000000 -0.01281303
 -0.00684255  0.00000000    0.00000000  0.01281303    0.27912627  0.00000000
    1    2
 -0.08593843 -0.04961658   -0.06360660  0.11016986   -0.05983459 -0.03454552
 -0.06360660  0.11016986   -0.09309599 -0.05374900    0.02061709 -0.03570985
 -0.05983459 -0.03454552    0.02061709 -0.03570985   -0.09146146 -0.05280530
    2    1
 -0.08593843  0.04961658   -0.06360660 -0.11016986   -0.05983459  0.03454552
 -0.06360660 -0.11016986   -0.09309599  0.05374900    0.02061709  0.03570985
 -0.05983459  0.03454552    0.02061709  0.03570985   -0.09146146  0.05280530
    2    2
  0.23645942  0.00000000    0.00000000  0.00092140   -0.00684255  0.00000000
  0.00000000 -0.00092140    0.25021937  0.00000000    0.00000000  0.01281303
 -0.00684255  0.00000000    0.00000000 -0.01281303    0.27912627  0.00000000

     Dynamical  Matrix in cartesian axes

     q = (    0.666666667   1.000000000  -0.333333333 ) 

    1    1
  0.23645942  0.00000000    0.00000000  0.00092140   -0.00684255  0.00000000
  0.00000000 -0.00092140    0.25021937  0.00000000    0.00000000  0.01281303
 -0.00684255  0.00000000    0.00000000 -0.01281303    0.27912627  0.00000000
    1    2
 -0.08593843  0.04961658   -0.06360660 -0.11016986   -0.05983459  0.03454552
 -0.06360660 -0.11016986   -0.09309599  0.05374900    0.02061709  0.03570985
 -0.05983459  0.03454552    0.02061709  0.03570985   -0.09146146  0.05280530
    2    1
 -0.08593843 -0.04961658   -0.06360660  0.11016986   -0.05983459 -0.03454552
 -0.06360660  0.11016986   -0.09309599 -0.05374900    0.02061709 -0.03570985
 -0.05983459 -0.03454552    0.02061709 -0.03570985   -0.09146146 -0.05280530
    2    2
  0.23645942  0.00000000    0.00000000 -0.00092140   -0.00684255  0.00000000
  0.00000000  0.00092140    0.25021937  0.00000000    0.00000000 -0.01281303
 -0.00684255  0.00000000    0.00000000  0.01281303    0.27912627  0.00000000

     Dynamical  Matrix in cartesian axes

     q = (   -0.666666667  -1.000000000  -0.333333333 ) 

    1    1
  0.23645942  0.00000000    0.00000000  0.00092140    0.00684255  0.00000000
  0.00000000 -0.00092140    0.25021937  0.00000000    0.00000000 -0.01281303
  0.00684255  0.00000000    0.00000000  0.01281303    0.27912627  0.00000000
    1    2
  0.00000000  0.09923316   -0.12721320  0.00000000   -0.00000000 -0.06909103
 -0.12721320  0.00000000    0.00000000  0.10749799   -0.04123418  0.00000000
 -0.00000000 -0.06909103   -0.04123418  0.00000000    0.00000000  0.10561059
    2    1
  0.00000000 -0.09923316   -0.12721320 -0.00000000    0.00000000  0.06909103
 -0.12721320 -0.00000000    0.00000000 -0.10749799   -0.04123418 -0.00000000
  0.00000000  0.06909103   -0.04123418 -0.00000000    0.00000000 -0.10561059
    2    2
  0.23645942  0.00000000    0.00000000 -0.00092140    0.00684255  0.00000000
  0.00000000  0.00092140    0.25021937  0.00000000    0.00000000  0.01281303
  0.00684255  0.00000000    0.00000000 -0.01281303    0.27912627  0.00000000

     Diagonalizing the dynamical matrix

     q = (    0.666666667  -0.333333333   1.000000000 ) 

 **************************************************************************
     freq (    1) =       4.890760 [THz] =     163.138204 [cm-1]
 ( -0.303486 -0.525652 -0.149808 -0.259475  0.177093 -0.102245 ) 
 ( -0.000000 -0.606971 -0.000000 -0.299616 -0.204490  0.000000 ) 
     freq (    2) =       5.483907 [THz] =     182.923447 [cm-1]
 ( -0.161500 -0.279727  0.060036  0.103985 -0.534734  0.308729 ) 
 (  0.000000  0.323001  0.000000 -0.120071 -0.617457  0.000000 ) 
     freq (    3) =       8.489456 [THz] =     283.177782 [cm-1]
 ( -0.097554 -0.168969  0.302847  0.524546  0.267022 -0.154165 ) 
 ( -0.000000 -0.195109  0.000000  0.605694 -0.308330  0.000000 ) 
     freq (    4) =      12.222940 [THz] =     407.713406 [cm-1]
 (  0.196239  0.339896 -0.251975 -0.436433 -0.262673  0.151654 ) 
 ( -0.000000 -0.392478  0.000000  0.503950 -0.303309  0.000000 ) 
     freq (    5) =      13.618463 [THz] =     454.263031 [cm-1]
 (  0.245780  0.425704  0.240633  0.416789 -0.141643  0.081778 ) 
 (  0.000000 -0.491561  0.000000 -0.481267 -0.163555  0.000000 ) 
     freq (    6) =      13.661296 [THz] =     455.691769 [cm-1]
 (  0.152904  0.264838 -0.104121 -0.180343  0.521859 -0.301296 ) 
 ( -0.000000  0.305808 -0.000000 -0.208243 -0.602591  0.000000 ) 
 **************************************************************************
