Dynamical matrix file
                                                                           
  1    2  2 10.4000000  0.0000000  0.0000000  0.0000000  0.0000000  0.0000000
           1  'Si  '    25598.8229845270     
    1    1      0.0000000000      0.0000000000      0.0000000000
    2    1      0.2500000000      0.2500000000      0.2500000000

     Dynamical  Matrix in cartesian axes

     q = (   -0.333333333   0.333333333  -0.333333333 ) 

    1    1
  0.26127685  0.00000000   -0.01543683 -0.00000000    0.01543683  0.00000000
 -0.01543683 -0.00000000    0.26127685  0.00000000   -0.01543683 -0.00000000
  0.01543683  0.00000000   -0.01543683 -0.00000000    0.26127685  0.00000000
    1    2
 -0.16526357 -0.04639083   -0.05551418  0.03257176    0.05551418 -0.03257176
 -0.05551418  0.03257176   -0.16526357 -0.04639083   -0.05551418  0.03257176
  0.05551418 -0.03257176   -0.05551418  0.03257176   -0.16526357 -0.04639083
    2    1
 -0.16526357  0.04639083   -0.05551418 -0.03257176    0.05551418  0.03257176
 -0.05551418 -0.03257176   -0.16526357  0.04639083   -0.05551418 -0.03257176
  0.05551418  0.03257176   -0.05551418 -0.03257176   -0.16526357  0.04639083
    2    2
  0.26127685 -0.00000000   -0.01543683  0.00000000    0.01543683 -0.00000000
 -0.01543683  0.00000000    0.26127685 -0.00000000   -0.01543683  0.00000000
  0.01543683 -0.00000000   -0.01543683  0.00000000    0.26127685 -0.00000000

     Dynamical  Matrix in cartesian axes

     q = (    0.333333333   0.333333333   0.333333333 ) 

    1    1
  0.26127685  0.00000000    0.01543683  0.00000000    0.01543683  0.00000000
  0.01543683  0.00000000    0.26127685  0.00000000    0.01543683  0.00000000
  0.01543683  0.00000000    0.01543683  0.00000000    0.26127685  0.00000000
    1    2
  0.04245615  0.16631786   -0.05596506 -0.03179081   -0.05596506 -0.03179081
 -0.05596506 -0.03179081    0.04245615  0.16631786   -0.05596506 -0.03179081
 -0.05596506 -0.03179081   -0.05596506 -0.03179081    0.04245615  0.16631786
    2    1
  0.04245615 -0.16631786   -0.05596506  0.03179081   -0.05596506  0.03179081
 -0.05596506  0.03179081    0.04245615 -0.16631786   -0.05596506  0.03179081
 -0.05596506  0.03179081   -0.05596506  0.03179081    0.04245615 -0.16631786
    2    2
  0.26127685 -0.00000000    0.01543683 -0.00000000    0.01543683 -0.00000000
  0.01543683 -0.00000000    0.26127685 -0.00000000    0.01543683 -0.00000000
  0.01543683 -0.00000000    0.01543683 -0.00000000    0.26127685 -0.00000000

     Dynamical  Matrix in cartesian axes

     q = (   -0.333333333  -0.333333333  -0.333333333 ) 

    1    1
  0.26127685 -0.00000000    0.01543683 -0.00000000    0.01543683 -0.00000000
  0.01543683 -0.00000000    0.26127685 -0.00000000    0.01543683 -0.00000000
  0.01543683 -0.00000000    0.01543683 -0.00000000    0.26127685 -0.00000000
    1    2
  0.04245615 -0.16631786   -0.05596506  0.03179081   -0.05596506  0.03179081
 -0.05596506  0.03179081    0.04245615 -0.16631786   -0.05596506  0.03179081
 -0.05596506  0.03179081   -0.05596506  0.03179081    0.04245615 -0.16631786
    2    1
  0.04245615  0.16631786   -0.05596506 -0.03179081   -0.05596506 -0.03179081
 -0.05596506 -0.03179081    0.04245615  0.16631786   -0.05596506 -0.03179081
 -0.05596506 -0.03179081   -0.05596506 -0.03179081    0.04245615  0.16631786
    2    2
  0.26127685  0.00000000    0.01543683  0.00000000    0.01543683  0.00000000
  0.01543683  0.00000000    0.26127685  0.00000000    0.01543683  0.00000000
  0.01543683  0.00000000    0.01543683  0.00000000    0.26127685  0.00000000

     Dynamical  Matrix in cartesian axes

     q = (    0.333333333  -0.333333333   0.333333333 ) 

    1    1
  0.26127685 -0.00000000   -0.01543683  0.00000000    0.01543683 -0.00000000
 -0.01543683  0.00000000    0.26127685 -0.00000000   -0.01543683  0.00000000
  0.01543683 -0.00000000   -0.01543683  0.00000000    0.26127685 -0.00000000
    1    2
 -0.16526357  0.04639083   -0.05551418 -0.03257176    0.05551418  0.03257176
 -0.05551418 -0.03257176   -0.16526357  0.04639083   -0.05551418 -0.03257176
  0.05551418  0.03257176   -0.05551418 -0.03257176   -0.16526357  0.04639083
    2    1
 -0.16526357 -0.04639083   -0.05551418  0.03257176    0.05551418 -0.03257176
 -0.05551418  0.03257176   -0.16526357 -0.04639083   -0.05551418  0.03257176
  0.05551418 -0.03257176   -0.05551418  0.03257176   -0.16526357 -0.04639083
    2    2
  0.26127685  0.00000000   -0.01543683 -0.00000000    0.01543683  0.00000000
 -0.01543683 -0.00000000    0.26127685  0.00000000   -0.01543683 -0.00000000
  0.01543683  0.00000000   -0.01543683 -0.00000000    0.26127685  0.00000000

     Dynamical  Matrix in cartesian axes

     q = (    0.333333333  -0.333333333  -0.333333333 ) 

    1    1
  0.26127685  0.00000000   -0.01543683 -0.00000000   -0.01543683 -0.00000000
 -0.01543683 -0.00000000    0.26127685  0.00000000    0.01543683  0.00000000
 -0.01543683 -0.00000000    0.01543683  0.00000000    0.26127685  0.00000000
    1    2
 -0.16526357 -0.04639083   -0.05551418  0.03257176   -0.05551418  0.03257176
 -0.05551418  0.03257176   -0.16526357 -0.04639083    0.05551418 -0.03257176
 -0.05551418  0.03257176    0.05551418 -0.03257176   -0.16526357 -0.04639083
    2    1
 -0.16526357  0.04639083   -0.05551418 -0.03257176   -0.05551418 -0.03257176
 -0.05551418 -0.03257176   -0.16526357  0.04639083    0.05551418  0.03257176
 -0.05551418 -0.03257176    0.05551418  0.03257176   -0.16526357  0.04639083
    2    2
  0.26127685 -0.00000000   -0.01543683  0.00000000   -0.01543683  0.00000000
 -0.01543683  0.00000000    0.26127685 -0.00000000    0.01543683 -0.00000000
 -0.01543683  0.00000000    0.01543683 -0.00000000    0.26127685 -0.00000000

     Dynamical  Matrix in cartesian axes

     q = (    0.333333333   0.333333333  -0.333333333 ) 

    1    1
  0.26127685 -0.00000000    0.01543683 -0.00000000   -0.01543683  0.00000000
  0.01543683 -0.00000000    0.26127685 -0.00000000   -0.01543683  0.00000000
 -0.01543683  0.00000000   -0.01543683  0.00000000    0.26127685 -0.00000000
    1    2
 -0.16526357  0.04639083    0.05551418  0.03257176   -0.05551418 -0.03257176
  0.05551418  0.03257176   -0.16526357  0.04639083   -0.05551418 -0.03257176
 -0.05551418 -0.03257176   -0.05551418 -0.03257176   -0.16526357  0.04639083
    2    1
 -0.16526357 -0.04639083    0.05551418 -0.03257176   -0.05551418  0.03257176
  0.05551418 -0.03257176   -0.16526357 -0.04639083   -0.05551418  0.03257176
 -0.05551418  0.03257176   -0.05551418  0.03257176   -0.16526357 -0.04639083
    2    2
  0.26127685  0.00000000    0.01543683  0.00000000   -0.01543683 -0.00000000
  0.01543683  0.00000000    0.26127685  0.00000000   -0.01543683 -0.00000000
 -0.01543683 -0.00000000   -0.01543683 -0.00000000    0.26127685  0.00000000

     Dynamical  Matrix in cartesian axes

     q = (   -0.333333333  -0.333333333   0.333333333 ) 

    1    1
  0.26127685  0.00000000    0.01543683  0.00000000   -0.01543683 -0.00000000
  0.01543683  0.00000000    0.26127685  0.00000000   -0.01543683 -0.00000000
 -0.01543683 -0.00000000   -0.01543683 -0.00000000    0.26127685  0.00000000
    1    2
 -0.16526357 -0.04639083    0.05551418 -0.03257176   -0.05551418  0.03257176
  0.05551418 -0.03257176   -0.16526357 -0.04639083   -0.05551418  0.03257176
 -0.05551418  0.03257176   -0.05551418  0.03257176   -0.16526357 -0.04639083
    2    1
 -0.16526357  0.04639083    0.05551418  0.03257176   -0.05551418 -0.03257176
  0.05551418  0.03257176   -0.16526357  0.04639083   -0.05551418 -0.03257176
 -0.05551418 -0.03257176   -0.05551418 -0.03257176   -0.16526357  0.04639083
    2    2
  0.26127685 -0.00000000    0.01543683 -0.00000000   -0.01543683  0.00000000
  0.01543683 -0.00000000    0.26127685 -0.00000000   -0.01543683  0.00000000
 -0.01543683  0.00000000   -0.01543683  0.00000000    0.26127685 -0.00000000

     Dynamical  Matrix in cartesian axes

     q = (   -0.333333333   0.333333333   0.333333333 ) 

    1    1
  0.26127685 -0.00000000   -0.01543683  0.00000000   -0.01543683  0.00000000
 -0.01543683  0.00000000    0.26127685 -0.00000000    0.01543683 -0.00000000
 -0.01543683  0.00000000    0.01543683 -0.00000000    0.26127685 -0.00000000
    1    2
 -0.16526357  0.04639083   -0.05551418 -0.03257176   -0.05551418 -0.03257176
 -0.05551418 -0.03257176   -0.16526357  0.04639083    0.05551418  0.03257176
 -0.05551418 -0.03257176    0.05551418  0.03257176   -0.16526357  0.04639083
    2    1
 -0.16526357 -0.04639083   -0.05551418  0.03257176   -0.05551418  0.03257176
 -0.05551418  0.03257176   -0.16526357 -0.04639083    0.05551418 -0.03257176
 -0.05551418  0.03257176    0.05551418 -0.03257176   -0.16526357 -0.04639083
    2    2
  0.26127685  0.00000000   -0.01543683 -0.00000000   -0.01543683 -0.00000000
 -0.01543683 -0.00000000    0.26127685  0.00000000    0.01543683  0.00000000
 -0.01543683 -0.00000000    0.01543683  0.00000000    0.26127685  0.00000000

     Diagonalizing the dynamical matrix

     q = (   -0.333333333   0.333333333  -0.333333333 ) 

 **************************************************************************
     freq (    1) =       3.227001 [THz] =     107.641155 [cm-1]
 ( -0.215780  0.447592 -0.231047  0.446636 -0.015267 -0.000956 ) 
 ( -0.187398  0.460197 -0.202694  0.460197 -0.015296  0.000000 ) 
     freq (    2) =       3.227001 [THz] =     107.641155 [cm-1]
 (  0.293931  0.006177 -0.282089 -0.029877 -0.576020 -0.036055 ) 
 (  0.293743 -0.012197 -0.283404 -0.012197 -0.577148  0.000000 ) 
     freq (    3) =       8.431137 [THz] =     281.232471 [cm-1]
 (  0.178529  0.367143 -0.178529 -0.367143  0.178529  0.367143 ) 
 (  0.408248 -0.000000 -0.408248 -0.000000  0.408248  0.000000 ) 
     freq (    4) =      13.264826 [THz] =     442.466953 [cm-1]
 ( -0.178529 -0.367143  0.178529  0.367143 -0.178529 -0.367143 ) 
 (  0.408248  0.000000 -0.408248  0.000000  0.408248  0.000000 ) 
     freq (    5) =      14.052275 [THz] =     468.733446 [cm-1]
 (  0.195161 -0.139960  0.549752 -0.117766  0.354591  0.022195 ) 
 ( -0.186037  0.151879 -0.541321  0.151879 -0.355285  0.000000 ) 
     freq (    6) =      14.052275 [THz] =     468.733446 [cm-1]
 (  0.517874 -0.086388  0.063674 -0.114817 -0.454200 -0.028430 ) 
 ( -0.511466  0.118571 -0.056377  0.118571  0.455089  0.000000 ) 
 **************************************************************************
