Dynamical matrix file
                                                                           
  1    2  2 10.3160000  0.0000000  0.0000000  0.0000000  0.0000000  0.0000000
           1  'Si  '    25598.8229845270     
    1    1      0.0000000000      0.0000000000      0.0000000000
    2    1      0.2500000000      0.2500000000      0.2500000000

     Dynamical  Matrix in cartesian axes

     q = (    0.000000000   0.666666667   0.000000000 ) 

    1    1
  0.24106459  0.00000000   -0.00000000  0.00000000    0.00000000  0.00000000
  0.00000000  0.00000000    0.32735798  0.00000000    0.00000000  0.00000000
  0.00000000  0.00000000    0.00000000  0.00000000    0.24106459  0.00000000
    1    2
 -0.05970272  0.10340815   -0.00000000  0.00000000   -0.13833604 -0.07986835
  0.00000000  0.00000000   -0.06670921  0.11554374    0.00000000  0.00000000
 -0.13833604 -0.07986835   -0.00000000 -0.00000000   -0.05970272  0.10340815
    2    1
 -0.05970272 -0.10340815    0.00000000 -0.00000000   -0.13833604  0.07986835
  0.00000000 -0.00000000   -0.06670921 -0.11554374    0.00000000  0.00000000
 -0.13833604  0.07986835   -0.00000000 -0.00000000   -0.05970272 -0.10340815
    2    2
  0.24106459  0.00000000   -0.00000000  0.00000000    0.00000000  0.00000000
  0.00000000  0.00000000    0.32735798  0.00000000    0.00000000  0.00000000
  0.00000000  0.00000000    0.00000000  0.00000000    0.24106459  0.00000000

     Dynamical  Matrix in cartesian axes

     q = (    0.666666667   0.000000000   0.000000000 ) 

    1    1
  0.32735798  0.00000000    0.00000000  0.00000000    0.00000000  0.00000000
 -0.00000000  0.00000000    0.24106459  0.00000000   -0.00000000  0.00000000
 -0.00000000  0.00000000   -0.00000000  0.00000000    0.24106459  0.00000000
    1    2
 -0.06670921  0.11554374   -0.00000000 -0.00000000   -0.00000000  0.00000000
 -0.00000000  0.00000000   -0.05970272  0.10340815   -0.13833604 -0.07986835
  0.00000000  0.00000000   -0.13833604 -0.07986835   -0.05970272  0.10340815
    2    1
 -0.06670921 -0.11554374   -0.00000000  0.00000000   -0.00000000 -0.00000000
 -0.00000000  0.00000000   -0.05970272 -0.10340815   -0.13833604  0.07986835
  0.00000000  0.00000000   -0.13833604  0.07986835   -0.05970272 -0.10340815
    2    2
  0.32735798  0.00000000    0.00000000  0.00000000    0.00000000  0.00000000
 -0.00000000  0.00000000    0.24106459  0.00000000   -0.00000000  0.00000000
 -0.00000000  0.00000000   -0.00000000  0.00000000    0.24106459  0.00000000

     Dynamical  Matrix in cartesian axes

     q = (    0.000000000   0.000000000   0.666666667 ) 

    1    1
  0.24106459  0.00000000    0.00000000  0.00000000   -0.00000000  0.00000000
  0.00000000  0.00000000    0.24106459  0.00000000    0.00000000  0.00000000
  0.00000000  0.00000000    0.00000000  0.00000000    0.32735798  0.00000000
    1    2
 -0.05970272  0.10340815   -0.13833604 -0.07986835   -0.00000000  0.00000000
 -0.13833604 -0.07986835   -0.05970272  0.10340815   -0.00000000 -0.00000000
 -0.00000000  0.00000000   -0.00000000 -0.00000000   -0.06670921  0.11554374
    2    1
 -0.05970272 -0.10340815   -0.13833604  0.07986835    0.00000000  0.00000000
 -0.13833604  0.07986835   -0.05970272 -0.10340815    0.00000000  0.00000000
  0.00000000 -0.00000000    0.00000000  0.00000000   -0.06670921 -0.11554374
    2    2
  0.24106459  0.00000000    0.00000000  0.00000000   -0.00000000  0.00000000
  0.00000000  0.00000000    0.24106459  0.00000000    0.00000000  0.00000000
  0.00000000  0.00000000    0.00000000  0.00000000    0.32735798  0.00000000

     Dynamical  Matrix in cartesian axes

     q = (    0.000000000  -0.666666667   0.000000000 ) 

    1    1
  0.24106459  0.00000000    0.00000000  0.00000000    0.00000000  0.00000000
  0.00000000  0.00000000    0.32735798  0.00000000    0.00000000  0.00000000
  0.00000000  0.00000000    0.00000000  0.00000000    0.24106459  0.00000000
    1    2
 -0.05970272 -0.10340815   -0.00000000 -0.00000000   -0.13833604  0.07986835
  0.00000000 -0.00000000   -0.06670921 -0.11554374    0.00000000  0.00000000
 -0.13833604  0.07986835   -0.00000000 -0.00000000   -0.05970272 -0.10340815
    2    1
 -0.05970272  0.10340815    0.00000000  0.00000000   -0.13833604 -0.07986835
  0.00000000  0.00000000   -0.06670921  0.11554374    0.00000000 -0.00000000
 -0.13833604 -0.07986835    0.00000000 -0.00000000   -0.05970272  0.10340815
    2    2
  0.24106459  0.00000000   -0.00000000  0.00000000    0.00000000  0.00000000
  0.00000000  0.00000000    0.32735798  0.00000000    0.00000000  0.00000000
  0.00000000  0.00000000   -0.00000000  0.00000000    0.24106459  0.00000000

     Dynamical  Matrix in cartesian axes

     q = (   -0.666666667   0.000000000   0.000000000 ) 

    1    1
  0.32735798  0.00000000    0.00000000  0.00000000    0.00000000  0.00000000
 -0.00000000  0.00000000    0.24106459  0.00000000   -0.00000000  0.00000000
  0.00000000  0.00000000    0.00000000  0.00000000    0.24106459  0.00000000
    1    2
 -0.06670921 -0.11554374    0.00000000  0.00000000    0.00000000 -0.00000000
  0.00000000  0.00000000   -0.05970272 -0.10340815   -0.13833604  0.07986835
 -0.00000000  0.00000000   -0.13833604  0.07986835   -0.05970272 -0.10340815
    2    1
 -0.06670921  0.11554374   -0.00000000 -0.00000000    0.00000000  0.00000000
  0.00000000  0.00000000   -0.05970272  0.10340815   -0.13833604 -0.07986835
  0.00000000  0.00000000   -0.13833604 -0.07986835   -0.05970272  0.10340815
    2    2
  0.32735798  0.00000000   -0.00000000  0.00000000   -0.00000000  0.00000000
  0.00000000  0.00000000    0.24106459  0.00000000   -0.00000000  0.00000000
  0.00000000  0.00000000   -0.00000000  0.00000000    0.24106459  0.00000000

     Dynamical  Matrix in cartesian axes

     q = (    0.000000000   0.000000000  -0.666666667 ) 

    1    1
  0.24106459  0.00000000    0.00000000  0.00000000   -0.00000000  0.00000000
  0.00000000  0.00000000    0.24106459  0.00000000    0.00000000  0.00000000
  0.00000000  0.00000000    0.00000000  0.00000000    0.32735798  0.00000000
    1    2
 -0.05970272 -0.10340815   -0.13833604  0.07986835   -0.00000000 -0.00000000
 -0.13833604  0.07986835   -0.05970272 -0.10340815   -0.00000000  0.00000000
  0.00000000  0.00000000    0.00000000  0.00000000   -0.06670921 -0.11554374
    2    1
 -0.05970272  0.10340815   -0.13833604 -0.07986835    0.00000000  0.00000000
 -0.13833604 -0.07986835   -0.05970272  0.10340815    0.00000000 -0.00000000
 -0.00000000  0.00000000    0.00000000  0.00000000   -0.06670921  0.11554374
    2    2
  0.24106459  0.00000000    0.00000000  0.00000000   -0.00000000  0.00000000
  0.00000000  0.00000000    0.24106459  0.00000000    0.00000000  0.00000000
  0.00000000  0.00000000    0.00000000  0.00000000    0.32735798  0.00000000

     Diagonalizing the dynamical matrix

     q = (    0.000000000   0.666666667   0.000000000 ) 

 **************************************************************************
     freq (    1) =       4.195437 [THz] =     139.944717 [cm-1]
 (  0.212121 -0.030649 -0.000000  0.000000  0.478663 -0.474286 ) 
 (  0.221475 -0.419869 -0.000000 -0.000000  0.524079  0.000000 ) 
     freq (    2) =       4.195437 [THz] =     139.944717 [cm-1]
 (  0.496429  0.455657  0.000000 -0.000000 -0.213137 -0.022524 ) 
 ( -0.244513  0.463543  0.000000  0.000000  0.474701  0.000000 ) 
     freq (    3) =       9.055204 [THz] =     302.049092 [cm-1]
 (  0.000000 -0.000000 -0.081424 -0.702403 -0.000000 -0.000000 ) 
 ( -0.000000 -0.000000  0.567587 -0.421717  0.000000  0.000000 ) 
     freq (    4) =      13.646986 [THz] =     455.214453 [cm-1]
 (  0.143148 -0.100969 -0.000000 -0.000000 -0.141374  0.670319 ) 
 ( -0.265590 -0.565580 -0.000000  0.000000  0.331031  0.000000 ) 
     freq (    5) =      13.646986 [THz] =     455.214453 [cm-1]
 ( -0.630903 -0.266975 -0.000000 -0.000000 -0.164655  0.059791 ) 
 (  0.140707  0.299638  0.000000  0.000000  0.624835  0.000000 ) 
     freq (    6) =      13.957581 [THz] =     465.574778 [cm-1]
 (  0.000000  0.000000 -0.531618 -0.466243  0.000000 -0.000000 ) 
 (  0.000000  0.000000 -0.137969  0.693516 -0.000000  0.000000 ) 
 **************************************************************************
