Dynamical matrix file
                                                                           
  1    2  2 10.2920000  0.0000000  0.0000000  0.0000000  0.0000000  0.0000000
           1  'Si  '    25598.8229845270     
    1    1      0.0000000000      0.0000000000      0.0000000000
    2    1      0.2500000000      0.2500000000      0.2500000000

     Dynamical  Matrix in cartesian axes

     q = (   -0.166666667   0.500000000  -0.166666667 ) 

    1    1
  0.25721050  0.00000000   -0.00679789  0.00550124    0.00438608  0.00000000
 -0.00679789 -0.00550124    0.29795751  0.00000000   -0.00679789 -0.00550124
  0.00438608  0.00000000   -0.00679789  0.00550124    0.25721050  0.00000000
    1    2
 -0.15749931  0.05711243   -0.02112369  0.03754267   -0.02030844 -0.11621890
 -0.02112369  0.03754267   -0.16437761  0.06718434   -0.02112369  0.03754267
 -0.02030844 -0.11621890   -0.02112369  0.03754267   -0.15749931  0.05711243
    2    1
 -0.15749931 -0.05711243   -0.02112369 -0.03754267   -0.02030844  0.11621890
 -0.02112369 -0.03754267   -0.16437761 -0.06718434   -0.02112369 -0.03754267
 -0.02030844  0.11621890   -0.02112369 -0.03754267   -0.15749931 -0.05711243
    2    2
  0.25721050  0.00000000   -0.00679789 -0.00550124    0.00438608  0.00000000
 -0.00679789  0.00550124    0.29795751  0.00000000   -0.00679789  0.00550124
  0.00438608  0.00000000   -0.00679789 -0.00550124    0.25721050  0.00000000

     Dynamical  Matrix in cartesian axes

     q = (    0.166666667   0.500000000   0.166666667 ) 

    1    1
  0.25721050  0.00000000    0.00679789 -0.00550124    0.00438608  0.00000000
  0.00679789  0.00550124    0.29795751  0.00000000    0.00679789  0.00550124
  0.00438608  0.00000000    0.00679789 -0.00550124    0.25721050  0.00000000
    1    2
 -0.02928884  0.16495462   -0.02195106 -0.03706498   -0.11080274 -0.04052182
 -0.02195106 -0.03706498   -0.02400546  0.17594735   -0.02195106 -0.03706498
 -0.11080274 -0.04052182   -0.02195106 -0.03706498   -0.02928884  0.16495462
    2    1
 -0.02928884 -0.16495462   -0.02195106  0.03706498   -0.11080274  0.04052182
 -0.02195106  0.03706498   -0.02400546 -0.17594735   -0.02195106  0.03706498
 -0.11080274  0.04052182   -0.02195106  0.03706498   -0.02928884 -0.16495462
    2    2
  0.25721050  0.00000000    0.00679789  0.00550124    0.00438608  0.00000000
  0.00679789 -0.00550124    0.29795751  0.00000000    0.00679789 -0.00550124
  0.00438608  0.00000000    0.00679789  0.00550124    0.25721050  0.00000000

     Dynamical  Matrix in cartesian axes

     q = (   -0.166666667   0.500000000   0.166666667 ) 

    1    1
  0.25721050  0.00000000   -0.00679789 -0.00550124   -0.00438608  0.00000000
 -0.00679789  0.00550124    0.29795751  0.00000000    0.00679789 -0.00550124
 -0.00438608  0.00000000    0.00679789  0.00550124    0.25721050  0.00000000
    1    2
 -0.12821047  0.10784219   -0.04307475 -0.00047769   -0.09049430 -0.07569707
 -0.04307475 -0.00047769   -0.14037215  0.10876302    0.04307475  0.00047769
 -0.09049430 -0.07569707    0.04307475  0.00047769   -0.12821047  0.10784219
    2    1
 -0.12821047 -0.10784219   -0.04307475  0.00047769   -0.09049430  0.07569707
 -0.04307475  0.00047769   -0.14037215 -0.10876302    0.04307475 -0.00047769
 -0.09049430  0.07569707    0.04307475 -0.00047769   -0.12821047 -0.10784219
    2    2
  0.25721050  0.00000000   -0.00679789  0.00550124   -0.00438608  0.00000000
 -0.00679789 -0.00550124    0.29795751  0.00000000    0.00679789  0.00550124
 -0.00438608  0.00000000    0.00679789 -0.00550124    0.25721050  0.00000000

     Dynamical  Matrix in cartesian axes

     q = (    0.166666667   0.500000000  -0.166666667 ) 

    1    1
  0.25721050  0.00000000    0.00679789  0.00550124   -0.00438608  0.00000000
  0.00679789 -0.00550124    0.29795751  0.00000000   -0.00679789  0.00550124
 -0.00438608  0.00000000   -0.00679789 -0.00550124    0.25721050  0.00000000
    1    2
 -0.12821047  0.10784219    0.04307475  0.00047769   -0.09049430 -0.07569707
  0.04307475  0.00047769   -0.14037215  0.10876302   -0.04307475 -0.00047769
 -0.09049430 -0.07569707   -0.04307475 -0.00047769   -0.12821047  0.10784219
    2    1
 -0.12821047 -0.10784219    0.04307475 -0.00047769   -0.09049430  0.07569707
  0.04307475 -0.00047769   -0.14037215 -0.10876302   -0.04307475  0.00047769
 -0.09049430  0.07569707   -0.04307475  0.00047769   -0.12821047 -0.10784219
    2    2
  0.25721050  0.00000000    0.00679789 -0.00550124   -0.00438608  0.00000000
  0.00679789  0.00550124    0.29795751  0.00000000   -0.00679789 -0.00550124
 -0.00438608  0.00000000   -0.00679789  0.00550124    0.25721050  0.00000000

     Dynamical  Matrix in cartesian axes

     q = (    0.500000000  -0.166666667   0.166666667 ) 

    1    1
  0.29795751  0.00000000   -0.00679789  0.00550124    0.00679789 -0.00550124
 -0.00679789 -0.00550124    0.25721050  0.00000000   -0.00438608  0.00000000
  0.00679789  0.00550124   -0.00438608  0.00000000    0.25721050  0.00000000
    1    2
 -0.14037215  0.10876302   -0.04307475 -0.00047769    0.04307475  0.00047769
 -0.04307475 -0.00047769   -0.12821047  0.10784219   -0.09049430 -0.07569707
  0.04307475  0.00047769   -0.09049430 -0.07569707   -0.12821047  0.10784219
    2    1
 -0.14037215 -0.10876302   -0.04307475  0.00047769    0.04307475 -0.00047769
 -0.04307475  0.00047769   -0.12821047 -0.10784219   -0.09049430  0.07569707
  0.04307475 -0.00047769   -0.09049430  0.07569707   -0.12821047 -0.10784219
    2    2
  0.29795751  0.00000000   -0.00679789 -0.00550124    0.00679789  0.00550124
 -0.00679789  0.00550124    0.25721050  0.00000000   -0.00438608  0.00000000
  0.00679789 -0.00550124   -0.00438608  0.00000000    0.25721050  0.00000000

     Dynamical  Matrix in cartesian axes

     q = (    0.166666667  -0.166666667   0.500000000 ) 

    1    1
  0.25721050  0.00000000   -0.00438608  0.00000000    0.00679789  0.00550124
 -0.00438608  0.00000000    0.25721050  0.00000000   -0.00679789 -0.00550124
  0.00679789 -0.00550124   -0.00679789  0.00550124    0.29795751  0.00000000
    1    2
 -0.12821047  0.10784219   -0.09049430 -0.07569707    0.04307475  0.00047769
 -0.09049430 -0.07569707   -0.12821047  0.10784219   -0.04307475 -0.00047769
  0.04307475  0.00047769   -0.04307475 -0.00047769   -0.14037215  0.10876302
    2    1
 -0.12821047 -0.10784219   -0.09049430  0.07569707    0.04307475 -0.00047769
 -0.09049430  0.07569707   -0.12821047 -0.10784219   -0.04307475  0.00047769
  0.04307475 -0.00047769   -0.04307475  0.00047769   -0.14037215 -0.10876302
    2    2
  0.25721050  0.00000000   -0.00438608  0.00000000    0.00679789 -0.00550124
 -0.00438608  0.00000000    0.25721050  0.00000000   -0.00679789  0.00550124
  0.00679789  0.00550124   -0.00679789 -0.00550124    0.29795751  0.00000000

     Dynamical  Matrix in cartesian axes

     q = (   -0.166666667  -0.500000000  -0.166666667 ) 

    1    1
  0.25721050  0.00000000    0.00679789  0.00550124    0.00438608  0.00000000
  0.00679789 -0.00550124    0.29795751  0.00000000    0.00679789 -0.00550124
  0.00438608  0.00000000    0.00679789  0.00550124    0.25721050  0.00000000
    1    2
 -0.02928884 -0.16495462   -0.02195106  0.03706498   -0.11080274  0.04052182
 -0.02195106  0.03706498   -0.02400546 -0.17594735   -0.02195106  0.03706498
 -0.11080274  0.04052182   -0.02195106  0.03706498   -0.02928884 -0.16495462
    2    1
 -0.02928884  0.16495462   -0.02195106 -0.03706498   -0.11080274 -0.04052182
 -0.02195106 -0.03706498   -0.02400546  0.17594735   -0.02195106 -0.03706498
 -0.11080274 -0.04052182   -0.02195106 -0.03706498   -0.02928884  0.16495462
    2    2
  0.25721050  0.00000000    0.00679789 -0.00550124    0.00438608  0.00000000
  0.00679789  0.00550124    0.29795751  0.00000000    0.00679789  0.00550124
  0.00438608  0.00000000    0.00679789 -0.00550124    0.25721050  0.00000000

     Dynamical  Matrix in cartesian axes

     q = (    0.166666667  -0.500000000  -0.166666667 ) 

    1    1
  0.25721050  0.00000000   -0.00679789  0.00550124   -0.00438608  0.00000000
 -0.00679789 -0.00550124    0.29795751  0.00000000    0.00679789  0.00550124
 -0.00438608  0.00000000    0.00679789 -0.00550124    0.25721050  0.00000000
    1    2
 -0.12821047 -0.10784219   -0.04307475  0.00047769   -0.09049430  0.07569707
 -0.04307475  0.00047769   -0.14037215 -0.10876302    0.04307475 -0.00047769
 -0.09049430  0.07569707    0.04307475 -0.00047769   -0.12821047 -0.10784219
    2    1
 -0.12821047  0.10784219   -0.04307475 -0.00047769   -0.09049430 -0.07569707
 -0.04307475 -0.00047769   -0.14037215  0.10876302    0.04307475  0.00047769
 -0.09049430 -0.07569707    0.04307475  0.00047769   -0.12821047  0.10784219
    2    2
  0.25721050  0.00000000   -0.00679789 -0.00550124   -0.00438608  0.00000000
 -0.00679789  0.00550124    0.29795751  0.00000000    0.00679789 -0.00550124
 -0.00438608  0.00000000    0.00679789  0.00550124    0.25721050  0.00000000

     Dynamical  Matrix in cartesian axes

     q = (   -0.166666667  -0.500000000   0.166666667 ) 

    1    1
  0.25721050  0.00000000    0.00679789 -0.00550124   -0.00438608  0.00000000
  0.00679789  0.00550124    0.29795751  0.00000000   -0.00679789 -0.00550124
 -0.00438608  0.00000000   -0.00679789  0.00550124    0.25721050  0.00000000
    1    2
 -0.12821047 -0.10784219    0.04307475 -0.00047769   -0.09049430  0.07569707
  0.04307475 -0.00047769   -0.14037215 -0.10876302   -0.04307475  0.00047769
 -0.09049430  0.07569707   -0.04307475  0.00047769   -0.12821047 -0.10784219
    2    1
 -0.12821047  0.10784219    0.04307475  0.00047769   -0.09049430 -0.07569707
  0.04307475  0.00047769   -0.14037215  0.10876302   -0.04307475 -0.00047769
 -0.09049430 -0.07569707   -0.04307475 -0.00047769   -0.12821047  0.10784219
    2    2
  0.25721050  0.00000000    0.00679789  0.00550124   -0.00438608  0.00000000
  0.00679789 -0.00550124    0.29795751  0.00000000   -0.00679789  0.00550124
 -0.00438608  0.00000000   -0.00679789 -0.00550124    0.25721050  0.00000000

     Dynamical  Matrix in cartesian axes

     q = (    0.500000000  -0.166666667  -0.166666667 ) 

    1    1
  0.29795751  0.00000000   -0.00679789 -0.00550124   -0.00679789 -0.00550124
 -0.00679789  0.00550124    0.25721050  0.00000000    0.00438608  0.00000000
 -0.00679789  0.00550124    0.00438608  0.00000000    0.25721050  0.00000000
    1    2
 -0.16437761  0.06718434   -0.02112369  0.03754267   -0.02112369  0.03754267
 -0.02112369  0.03754267   -0.15749931  0.05711243   -0.02030844 -0.11621890
 -0.02112369  0.03754267   -0.02030844 -0.11621890   -0.15749931  0.05711243
    2    1
 -0.16437761 -0.06718434   -0.02112369 -0.03754267   -0.02112369 -0.03754267
 -0.02112369 -0.03754267   -0.15749931 -0.05711243   -0.02030844  0.11621890
 -0.02112369 -0.03754267   -0.02030844  0.11621890   -0.15749931 -0.05711243
    2    2
  0.29795751  0.00000000   -0.00679789  0.00550124   -0.00679789  0.00550124
 -0.00679789 -0.00550124    0.25721050  0.00000000    0.00438608  0.00000000
 -0.00679789 -0.00550124    0.00438608  0.00000000    0.25721050  0.00000000

     Dynamical  Matrix in cartesian axes

     q = (   -0.500000000  -0.166666667   0.166666667 ) 

    1    1
  0.29795751  0.00000000    0.00679789  0.00550124   -0.00679789 -0.00550124
  0.00679789 -0.00550124    0.25721050  0.00000000   -0.00438608  0.00000000
 -0.00679789  0.00550124   -0.00438608  0.00000000    0.25721050  0.00000000
    1    2
 -0.14037215 -0.10876302    0.04307475 -0.00047769   -0.04307475  0.00047769
  0.04307475 -0.00047769   -0.12821047 -0.10784219   -0.09049430  0.07569707
 -0.04307475  0.00047769   -0.09049430  0.07569707   -0.12821047 -0.10784219
    2    1
 -0.14037215  0.10876302    0.04307475  0.00047769   -0.04307475 -0.00047769
  0.04307475  0.00047769   -0.12821047  0.10784219   -0.09049430 -0.07569707
 -0.04307475 -0.00047769   -0.09049430 -0.07569707   -0.12821047  0.10784219
    2    2
  0.29795751  0.00000000    0.00679789 -0.00550124   -0.00679789  0.00550124
  0.00679789  0.00550124    0.25721050  0.00000000   -0.00438608  0.00000000
 -0.00679789 -0.00550124   -0.00438608  0.00000000    0.25721050  0.00000000

     Dynamical  Matrix in cartesian axes

     q = (    0.500000000   0.166666667   0.166666667 ) 

    1    1
  0.29795751  0.00000000    0.00679789  0.00550124    0.00679789  0.00550124
  0.00679789 -0.00550124    0.25721050  0.00000000    0.00438608  0.00000000
  0.00679789 -0.00550124    0.00438608  0.00000000    0.25721050  0.00000000
    1    2
 -0.02400546  0.17594735   -0.02195106 -0.03706498   -0.02195106 -0.03706498
 -0.02195106 -0.03706498   -0.02928884  0.16495462   -0.11080274 -0.04052182
 -0.02195106 -0.03706498   -0.11080274 -0.04052182   -0.02928884  0.16495462
    2    1
 -0.02400546 -0.17594735   -0.02195106  0.03706498   -0.02195106  0.03706498
 -0.02195106  0.03706498   -0.02928884 -0.16495462   -0.11080274  0.04052182
 -0.02195106  0.03706498   -0.11080274  0.04052182   -0.02928884 -0.16495462
    2    2
  0.29795751  0.00000000    0.00679789 -0.00550124    0.00679789 -0.00550124
  0.00679789  0.00550124    0.25721050  0.00000000    0.00438608  0.00000000
  0.00679789  0.00550124    0.00438608  0.00000000    0.25721050  0.00000000

     Dynamical  Matrix in cartesian axes

     q = (   -0.166666667   0.166666667  -0.500000000 ) 

    1    1
  0.25721050  0.00000000   -0.00438608  0.00000000    0.00679789 -0.00550124
 -0.00438608  0.00000000    0.25721050  0.00000000   -0.00679789  0.00550124
  0.00679789  0.00550124   -0.00679789 -0.00550124    0.29795751  0.00000000
    1    2
 -0.12821047 -0.10784219   -0.09049430  0.07569707    0.04307475 -0.00047769
 -0.09049430  0.07569707   -0.12821047 -0.10784219   -0.04307475  0.00047769
  0.04307475 -0.00047769   -0.04307475  0.00047769   -0.14037215 -0.10876302
    2    1
 -0.12821047  0.10784219   -0.09049430 -0.07569707    0.04307475  0.00047769
 -0.09049430 -0.07569707   -0.12821047  0.10784219   -0.04307475 -0.00047769
  0.04307475  0.00047769   -0.04307475 -0.00047769   -0.14037215  0.10876302
    2    2
  0.25721050  0.00000000   -0.00438608  0.00000000    0.00679789  0.00550124
 -0.00438608  0.00000000    0.25721050  0.00000000   -0.00679789 -0.00550124
  0.00679789 -0.00550124   -0.00679789  0.00550124    0.29795751  0.00000000

     Dynamical  Matrix in cartesian axes

     q = (   -0.166666667  -0.166666667   0.500000000 ) 

    1    1
  0.25721050  0.00000000    0.00438608  0.00000000   -0.00679789  0.00550124
  0.00438608  0.00000000    0.25721050  0.00000000   -0.00679789  0.00550124
 -0.00679789 -0.00550124   -0.00679789 -0.00550124    0.29795751  0.00000000
    1    2
 -0.15749931  0.05711243   -0.02030844 -0.11621890   -0.02112369  0.03754267
 -0.02030844 -0.11621890   -0.15749931  0.05711243   -0.02112369  0.03754267
 -0.02112369  0.03754267   -0.02112369  0.03754267   -0.16437761  0.06718434
    2    1
 -0.15749931 -0.05711243   -0.02030844  0.11621890   -0.02112369 -0.03754267
 -0.02030844  0.11621890   -0.15749931 -0.05711243   -0.02112369 -0.03754267
 -0.02112369 -0.03754267   -0.02112369 -0.03754267   -0.16437761 -0.06718434
    2    2
  0.25721050  0.00000000    0.00438608  0.00000000   -0.00679789 -0.00550124
  0.00438608  0.00000000    0.25721050  0.00000000   -0.00679789 -0.00550124
 -0.00679789  0.00550124   -0.00679789  0.00550124    0.29795751  0.00000000

     Dynamical  Matrix in cartesian axes

     q = (    0.166666667   0.166666667   0.500000000 ) 

    1    1
  0.25721050  0.00000000    0.00438608  0.00000000    0.00679789 -0.00550124
  0.00438608  0.00000000    0.25721050  0.00000000    0.00679789 -0.00550124
  0.00679789  0.00550124    0.00679789  0.00550124    0.29795751  0.00000000
    1    2
 -0.02928884  0.16495462   -0.11080274 -0.04052182   -0.02195106 -0.03706498
 -0.11080274 -0.04052182   -0.02928884  0.16495462   -0.02195106 -0.03706498
 -0.02195106 -0.03706498   -0.02195106 -0.03706498   -0.02400546  0.17594735
    2    1
 -0.02928884 -0.16495462   -0.11080274  0.04052182   -0.02195106  0.03706498
 -0.11080274  0.04052182   -0.02928884 -0.16495462   -0.02195106  0.03706498
 -0.02195106  0.03706498   -0.02195106  0.03706498   -0.02400546 -0.17594735
    2    2
  0.25721050  0.00000000    0.00438608  0.00000000    0.00679789  0.00550124
  0.00438608  0.00000000    0.25721050  0.00000000    0.00679789  0.00550124
  0.00679789 -0.00550124    0.00679789 -0.00550124    0.29795751  0.00000000

     Dynamical  Matrix in cartesian axes

     q = (    0.166666667  -0.166666667  -0.500000000 ) 

    1    1
  0.25721050  0.00000000   -0.00438608  0.00000000   -0.00679789  0.00550124
 -0.00438608  0.00000000    0.25721050  0.00000000    0.00679789 -0.00550124
 -0.00679789 -0.00550124    0.00679789  0.00550124    0.29795751  0.00000000
    1    2
 -0.12821047 -0.10784219   -0.09049430  0.07569707   -0.04307475  0.00047769
 -0.09049430  0.07569707   -0.12821047 -0.10784219    0.04307475 -0.00047769
 -0.04307475  0.00047769    0.04307475 -0.00047769   -0.14037215 -0.10876302
    2    1
 -0.12821047  0.10784219   -0.09049430 -0.07569707   -0.04307475 -0.00047769
 -0.09049430 -0.07569707   -0.12821047  0.10784219    0.04307475  0.00047769
 -0.04307475 -0.00047769    0.04307475  0.00047769   -0.14037215  0.10876302
    2    2
  0.25721050  0.00000000   -0.00438608  0.00000000   -0.00679789 -0.00550124
 -0.00438608  0.00000000    0.25721050  0.00000000    0.00679789  0.00550124
 -0.00679789  0.00550124    0.00679789 -0.00550124    0.29795751  0.00000000

     Dynamical  Matrix in cartesian axes

     q = (   -0.500000000   0.166666667  -0.166666667 ) 

    1    1
  0.29795751  0.00000000   -0.00679789 -0.00550124    0.00679789  0.00550124
 -0.00679789  0.00550124    0.25721050  0.00000000   -0.00438608  0.00000000
  0.00679789 -0.00550124   -0.00438608  0.00000000    0.25721050  0.00000000
    1    2
 -0.14037215 -0.10876302   -0.04307475  0.00047769    0.04307475 -0.00047769
 -0.04307475  0.00047769   -0.12821047 -0.10784219   -0.09049430  0.07569707
  0.04307475 -0.00047769   -0.09049430  0.07569707   -0.12821047 -0.10784219
    2    1
 -0.14037215  0.10876302   -0.04307475 -0.00047769    0.04307475  0.00047769
 -0.04307475 -0.00047769   -0.12821047  0.10784219   -0.09049430 -0.07569707
  0.04307475  0.00047769   -0.09049430 -0.07569707   -0.12821047  0.10784219
    2    2
  0.29795751  0.00000000   -0.00679789  0.00550124    0.00679789 -0.00550124
 -0.00679789 -0.00550124    0.25721050  0.00000000   -0.00438608  0.00000000
  0.00679789  0.00550124   -0.00438608  0.00000000    0.25721050  0.00000000

     Dynamical  Matrix in cartesian axes

     q = (   -0.500000000  -0.166666667  -0.166666667 ) 

    1    1
  0.29795751  0.00000000    0.00679789 -0.00550124    0.00679789 -0.00550124
  0.00679789  0.00550124    0.25721050  0.00000000    0.00438608  0.00000000
  0.00679789  0.00550124    0.00438608  0.00000000    0.25721050  0.00000000
    1    2
 -0.02400546 -0.17594735   -0.02195106  0.03706498   -0.02195106  0.03706498
 -0.02195106  0.03706498   -0.02928884 -0.16495462   -0.11080274  0.04052182
 -0.02195106  0.03706498   -0.11080274  0.04052182   -0.02928884 -0.16495462
    2    1
 -0.02400546  0.17594735   -0.02195106 -0.03706498   -0.02195106 -0.03706498
 -0.02195106 -0.03706498   -0.02928884  0.16495462   -0.11080274 -0.04052182
 -0.02195106 -0.03706498   -0.11080274 -0.04052182   -0.02928884  0.16495462
    2    2
  0.29795751  0.00000000    0.00679789  0.00550124    0.00679789  0.00550124
  0.00679789 -0.00550124    0.25721050  0.00000000    0.00438608  0.00000000
  0.00679789 -0.00550124    0.00438608  0.00000000    0.25721050  0.00000000

     Dynamical  Matrix in cartesian axes

     q = (    0.166666667  -0.500000000   0.166666667 ) 

    1    1
  0.25721050  0.00000000   -0.00679789 -0.00550124    0.00438608  0.00000000
 -0.00679789  0.00550124    0.29795751  0.00000000   -0.00679789  0.00550124
  0.00438608  0.00000000   -0.00679789 -0.00550124    0.25721050  0.00000000
    1    2
 -0.15749931 -0.05711243   -0.02112369 -0.03754267   -0.02030844  0.11621890
 -0.02112369 -0.03754267   -0.16437761 -0.06718434   -0.02112369 -0.03754267
 -0.02030844  0.11621890   -0.02112369 -0.03754267   -0.15749931 -0.05711243
    2    1
 -0.15749931  0.05711243   -0.02112369  0.03754267   -0.02030844 -0.11621890
 -0.02112369  0.03754267   -0.16437761  0.06718434   -0.02112369  0.03754267
 -0.02030844 -0.11621890   -0.02112369  0.03754267   -0.15749931  0.05711243
    2    2
  0.25721050  0.00000000   -0.00679789  0.00550124    0.00438608  0.00000000
 -0.00679789 -0.00550124    0.29795751  0.00000000   -0.00679789 -0.00550124
  0.00438608  0.00000000   -0.00679789  0.00550124    0.25721050  0.00000000

     Dynamical  Matrix in cartesian axes

     q = (    0.500000000   0.166666667  -0.166666667 ) 

    1    1
  0.29795751  0.00000000    0.00679789 -0.00550124   -0.00679789  0.00550124
  0.00679789  0.00550124    0.25721050  0.00000000   -0.00438608  0.00000000
 -0.00679789 -0.00550124   -0.00438608  0.00000000    0.25721050  0.00000000
    1    2
 -0.14037215  0.10876302    0.04307475  0.00047769   -0.04307475 -0.00047769
  0.04307475  0.00047769   -0.12821047  0.10784219   -0.09049430 -0.07569707
 -0.04307475 -0.00047769   -0.09049430 -0.07569707   -0.12821047  0.10784219
    2    1
 -0.14037215 -0.10876302    0.04307475 -0.00047769   -0.04307475  0.00047769
  0.04307475 -0.00047769   -0.12821047 -0.10784219   -0.09049430  0.07569707
 -0.04307475  0.00047769   -0.09049430  0.07569707   -0.12821047 -0.10784219
    2    2
  0.29795751  0.00000000    0.00679789  0.00550124   -0.00679789 -0.00550124
  0.00679789 -0.00550124    0.25721050  0.00000000   -0.00438608  0.00000000
 -0.00679789  0.00550124   -0.00438608  0.00000000    0.25721050  0.00000000

     Dynamical  Matrix in cartesian axes

     q = (    0.166666667   0.166666667  -0.500000000 ) 

    1    1
  0.25721050  0.00000000    0.00438608  0.00000000   -0.00679789 -0.00550124
  0.00438608  0.00000000    0.25721050  0.00000000   -0.00679789 -0.00550124
 -0.00679789  0.00550124   -0.00679789  0.00550124    0.29795751  0.00000000
    1    2
 -0.15749931 -0.05711243   -0.02030844  0.11621890   -0.02112369 -0.03754267
 -0.02030844  0.11621890   -0.15749931 -0.05711243   -0.02112369 -0.03754267
 -0.02112369 -0.03754267   -0.02112369 -0.03754267   -0.16437761 -0.06718434
    2    1
 -0.15749931  0.05711243   -0.02030844 -0.11621890   -0.02112369  0.03754267
 -0.02030844 -0.11621890   -0.15749931  0.05711243   -0.02112369  0.03754267
 -0.02112369  0.03754267   -0.02112369  0.03754267   -0.16437761  0.06718434
    2    2
  0.25721050  0.00000000    0.00438608  0.00000000   -0.00679789  0.00550124
  0.00438608  0.00000000    0.25721050  0.00000000   -0.00679789  0.00550124
 -0.00679789 -0.00550124   -0.00679789 -0.00550124    0.29795751  0.00000000

     Dynamical  Matrix in cartesian axes

     q = (   -0.166666667  -0.166666667  -0.500000000 ) 

    1    1
  0.25721050  0.00000000    0.00438608  0.00000000    0.00679789  0.00550124
  0.00438608  0.00000000    0.25721050  0.00000000    0.00679789  0.00550124
  0.00679789 -0.00550124    0.00679789 -0.00550124    0.29795751  0.00000000
    1    2
 -0.02928884 -0.16495462   -0.11080274  0.04052182   -0.02195106  0.03706498
 -0.11080274  0.04052182   -0.02928884 -0.16495462   -0.02195106  0.03706498
 -0.02195106  0.03706498   -0.02195106  0.03706498   -0.02400546 -0.17594735
    2    1
 -0.02928884  0.16495462   -0.11080274 -0.04052182   -0.02195106 -0.03706498
 -0.11080274 -0.04052182   -0.02928884  0.16495462   -0.02195106 -0.03706498
 -0.02195106 -0.03706498   -0.02195106 -0.03706498   -0.02400546  0.17594735
    2    2
  0.25721050  0.00000000    0.00438608  0.00000000    0.00679789 -0.00550124
  0.00438608  0.00000000    0.25721050  0.00000000    0.00679789 -0.00550124
  0.00679789  0.00550124    0.00679789  0.00550124    0.29795751  0.00000000

     Dynamical  Matrix in cartesian axes

     q = (   -0.500000000   0.166666667   0.166666667 ) 

    1    1
  0.29795751  0.00000000   -0.00679789  0.00550124   -0.00679789  0.00550124
 -0.00679789 -0.00550124    0.25721050  0.00000000    0.00438608  0.00000000
 -0.00679789 -0.00550124    0.00438608  0.00000000    0.25721050  0.00000000
    1    2
 -0.16437761 -0.06718434   -0.02112369 -0.03754267   -0.02112369 -0.03754267
 -0.02112369 -0.03754267   -0.15749931 -0.05711243   -0.02030844  0.11621890
 -0.02112369 -0.03754267   -0.02030844  0.11621890   -0.15749931 -0.05711243
    2    1
 -0.16437761  0.06718434   -0.02112369  0.03754267   -0.02112369  0.03754267
 -0.02112369  0.03754267   -0.15749931  0.05711243   -0.02030844 -0.11621890
 -0.02112369  0.03754267   -0.02030844 -0.11621890   -0.15749931  0.05711243
    2    2
  0.29795751  0.00000000   -0.00679789 -0.00550124   -0.00679789 -0.00550124
 -0.00679789  0.00550124    0.25721050  0.00000000    0.00438608  0.00000000
 -0.00679789  0.00550124    0.00438608  0.00000000    0.25721050  0.00000000

     Dynamical  Matrix in cartesian axes

     q = (   -0.166666667   0.166666667   0.500000000 ) 

    1    1
  0.25721050  0.00000000   -0.00438608  0.00000000   -0.00679789 -0.00550124
 -0.00438608  0.00000000    0.25721050  0.00000000    0.00679789  0.00550124
 -0.00679789  0.00550124    0.00679789 -0.00550124    0.29795751  0.00000000
    1    2
 -0.12821047  0.10784219   -0.09049430 -0.07569707   -0.04307475 -0.00047769
 -0.09049430 -0.07569707   -0.12821047  0.10784219    0.04307475  0.00047769
 -0.04307475 -0.00047769    0.04307475  0.00047769   -0.14037215  0.10876302
    2    1
 -0.12821047 -0.10784219   -0.09049430  0.07569707   -0.04307475  0.00047769
 -0.09049430  0.07569707   -0.12821047 -0.10784219    0.04307475 -0.00047769
 -0.04307475  0.00047769    0.04307475 -0.00047769   -0.14037215 -0.10876302
    2    2
  0.25721050  0.00000000   -0.00438608  0.00000000   -0.00679789  0.00550124
 -0.00438608  0.00000000    0.25721050  0.00000000    0.00679789 -0.00550124
 -0.00679789 -0.00550124    0.00679789  0.00550124    0.29795751  0.00000000

     Diagonalizing the dynamical matrix

     q = (   -0.166666667   0.500000000  -0.166666667 ) 

 **************************************************************************
     freq (    1) =       3.664993 [THz] =     122.251023 [cm-1]
 ( -0.310310  0.392056  0.000000 -0.000000  0.310310 -0.392056 ) 
 ( -0.500000  0.000000  0.000000  0.000000  0.500000  0.000000 ) 
     freq (    2) =       4.492132 [THz] =     149.841400 [cm-1]
 ( -0.423675 -0.062323 -0.351486  0.098430 -0.423675 -0.062323 ) 
 ( -0.428234 -0.000000 -0.333419 -0.148535 -0.428234  0.000000 ) 
     freq (    3) =       7.432587 [THz] =     247.924410 [cm-1]
 (  0.152495  0.221763 -0.553866 -0.219921  0.152495  0.221763 ) 
 (  0.269135 -0.000000 -0.495038 -0.331768  0.269135  0.000000 ) 
     freq (    4) =      13.708423 [THz] =     457.263763 [cm-1]
 ( -0.354433 -0.200866  0.384468  0.142283 -0.354433 -0.200866 ) 
 (  0.407394  0.000000 -0.404640 -0.065776  0.407394  0.000000 ) 
     freq (    5) =      14.154637 [THz] =     472.147855 [cm-1]
 ( -0.310310  0.392056  0.000000  0.000000  0.310310 -0.392056 ) 
 (  0.500000 -0.000000 -0.000000 -0.000000 -0.500000  0.000000 ) 
     freq (    6) =      14.484825 [THz] =     483.161751 [cm-1]
 (  0.279192  0.016238  0.565263 -0.155094  0.279192  0.016238 ) 
 ( -0.279664  0.000000 -0.555305 -0.187652 -0.279664  0.000000 ) 
 **************************************************************************
