Dynamical matrix file
                                                                           
  1    2  2 10.3520000  0.0000000  0.0000000  0.0000000  0.0000000  0.0000000
           1  'Si  '    25598.8229845270     
    1    1      0.0000000000      0.0000000000      0.0000000000
    2    1      0.2500000000      0.2500000000      0.2500000000

     Dynamical  Matrix in cartesian axes

     q = (    0.666666667  -0.333333333   1.000000000 ) 

    1    1
  0.23842910  0.00000000   -0.00692284  0.00000000    0.00000000  0.00092411
 -0.00692284  0.00000000    0.28123836  0.00000000    0.00000000 -0.01288297
  0.00000000 -0.00092411    0.00000000  0.01288297    0.25222142  0.00000000
    1    2
 -0.08661797  0.05000891   -0.06069238  0.03504076   -0.06450429 -0.11172471
 -0.06069238  0.03504076   -0.09212268  0.05318706    0.02091654  0.03622850
 -0.06450429 -0.11172471    0.02091654  0.03622850   -0.09377310  0.05413993
    2    1
 -0.08661797 -0.05000891   -0.06069238 -0.03504076   -0.06450429  0.11172471
 -0.06069238 -0.03504076   -0.09212268 -0.05318706    0.02091654 -0.03622850
 -0.06450429  0.11172471    0.02091654 -0.03622850   -0.09377310 -0.05413993
    2    2
  0.23842910  0.00000000   -0.00692284  0.00000000    0.00000000 -0.00092411
 -0.00692284  0.00000000    0.28123836  0.00000000    0.00000000  0.01288297
  0.00000000  0.00092411    0.00000000 -0.01288297    0.25222142  0.00000000

     Dynamical  Matrix in cartesian axes

     q = (    1.000000000   0.333333333   0.666666667 ) 

    1    1
  0.25222142  0.00000000    0.00000000  0.01288297    0.00000000  0.00092411
  0.00000000 -0.01288297    0.28123836  0.00000000    0.00692284 -0.00000000
  0.00000000 -0.00092411    0.00692284 -0.00000000    0.23842910  0.00000000
    1    2
  0.00000000 -0.10827985   -0.04183307 -0.00000000   -0.12900858 -0.00000000
 -0.04183307 -0.00000000    0.00000000 -0.10637411    0.00000000  0.07008153
 -0.12900858 -0.00000000   -0.00000000  0.07008153    0.00000000 -0.10001782
    2    1
  0.00000000  0.10827985   -0.04183307  0.00000000   -0.12900858  0.00000000
 -0.04183307 -0.00000000    0.00000000  0.10637411   -0.00000000 -0.07008153
 -0.12900858  0.00000000   -0.00000000 -0.07008153    0.00000000  0.10001782
    2    2
  0.25222142  0.00000000    0.00000000 -0.01288297    0.00000000 -0.00092411
  0.00000000  0.01288297    0.28123836  0.00000000    0.00692284 -0.00000000
  0.00000000  0.00092411    0.00692284 -0.00000000    0.23842910  0.00000000

     Dynamical  Matrix in cartesian axes

     q = (    0.666666667   0.333333333   1.000000000 ) 

    1    1
  0.23842910  0.00000000    0.00692284 -0.00000000    0.00000000 -0.00092411
  0.00692284 -0.00000000    0.28123836  0.00000000    0.00000000 -0.01288297
  0.00000000  0.00092411    0.00000000  0.01288297    0.25222142  0.00000000
    1    2
 -0.00000000 -0.10001782    0.00000000  0.07008153   -0.12900858  0.00000000
  0.00000000  0.07008153   -0.00000000 -0.10637411   -0.04183307  0.00000000
 -0.12900858  0.00000000   -0.04183307  0.00000000   -0.00000000 -0.10827985
    2    1
 -0.00000000  0.10001782    0.00000000 -0.07008153   -0.12900858 -0.00000000
  0.00000000 -0.07008153   -0.00000000  0.10637411   -0.04183307 -0.00000000
 -0.12900858  0.00000000   -0.04183307  0.00000000   -0.00000000  0.10827985
    2    2
  0.23842910  0.00000000    0.00692284 -0.00000000    0.00000000  0.00092411
  0.00692284 -0.00000000    0.28123836  0.00000000    0.00000000  0.01288297
  0.00000000 -0.00092411    0.00000000 -0.01288297    0.25222142  0.00000000

     Dynamical  Matrix in cartesian axes

     q = (   -1.000000000  -0.333333333   0.666666667 ) 

    1    1
  0.25222142  0.00000000    0.00000000  0.01288297    0.00000000 -0.00092411
  0.00000000 -0.01288297    0.28123836  0.00000000   -0.00692284 -0.00000000
  0.00000000  0.00092411   -0.00692284 -0.00000000    0.23842910  0.00000000
    1    2
 -0.09377310  0.05413993    0.02091654  0.03622850   -0.06450429 -0.11172471
  0.02091654  0.03622850   -0.09212268  0.05318706   -0.06069238  0.03504076
 -0.06450429 -0.11172471   -0.06069238  0.03504076   -0.08661797  0.05000891
    2    1
 -0.09377310 -0.05413993    0.02091654 -0.03622850   -0.06450429  0.11172471
  0.02091654 -0.03622850   -0.09212268 -0.05318706   -0.06069238 -0.03504076
 -0.06450429  0.11172471   -0.06069238 -0.03504076   -0.08661797 -0.05000891
    2    2
  0.25222142  0.00000000    0.00000000 -0.01288297    0.00000000  0.00092411
  0.00000000  0.01288297    0.28123836  0.00000000   -0.00692284 -0.00000000
  0.00000000 -0.00092411   -0.00692284 -0.00000000    0.23842910  0.00000000

     Dynamical  Matrix in cartesian axes

     q = (   -1.000000000  -0.333333333  -0.666666667 ) 

    1    1
  0.25222142  0.00000000    0.00000000 -0.01288297    0.00000000 -0.00092411
  0.00000000  0.01288297    0.28123836  0.00000000    0.00692284 -0.00000000
  0.00000000  0.00092411    0.00692284 -0.00000000    0.23842910  0.00000000
    1    2
  0.00000000  0.10827985   -0.04183307  0.00000000   -0.12900858  0.00000000
 -0.04183307 -0.00000000    0.00000000  0.10637411   -0.00000000 -0.07008153
 -0.12900858  0.00000000   -0.00000000 -0.07008153    0.00000000  0.10001782
    2    1
  0.00000000 -0.10827985   -0.04183307 -0.00000000   -0.12900858 -0.00000000
 -0.04183307 -0.00000000    0.00000000 -0.10637411    0.00000000  0.07008153
 -0.12900858 -0.00000000   -0.00000000  0.07008153    0.00000000 -0.10001782
    2    2
  0.25222142  0.00000000    0.00000000  0.01288297    0.00000000  0.00092411
  0.00000000 -0.01288297    0.28123836  0.00000000    0.00692284 -0.00000000
  0.00000000 -0.00092411    0.00692284 -0.00000000    0.23842910  0.00000000

     Dynamical  Matrix in cartesian axes

     q = (   -0.666666667  -0.333333333  -1.000000000 ) 

    1    1
  0.23842910  0.00000000    0.00692284 -0.00000000    0.00000000  0.00092411
  0.00692284 -0.00000000    0.28123836  0.00000000    0.00000000  0.01288297
  0.00000000 -0.00092411    0.00000000 -0.01288297    0.25222142  0.00000000
    1    2
 -0.00000000  0.10001782    0.00000000 -0.07008153   -0.12900858 -0.00000000
  0.00000000 -0.07008153   -0.00000000  0.10637411   -0.04183307 -0.00000000
 -0.12900858  0.00000000   -0.04183307  0.00000000   -0.00000000  0.10827985
    2    1
 -0.00000000 -0.10001782    0.00000000  0.07008153   -0.12900858  0.00000000
  0.00000000  0.07008153   -0.00000000 -0.10637411   -0.04183307  0.00000000
 -0.12900858  0.00000000   -0.04183307  0.00000000   -0.00000000 -0.10827985
    2    2
  0.23842910  0.00000000    0.00692284 -0.00000000    0.00000000 -0.00092411
  0.00692284 -0.00000000    0.28123836  0.00000000    0.00000000 -0.01288297
  0.00000000  0.00092411    0.00000000  0.01288297    0.25222142  0.00000000

     Dynamical  Matrix in cartesian axes

     q = (    1.000000000   0.333333333  -0.666666667 ) 

    1    1
  0.25222142  0.00000000    0.00000000 -0.01288297    0.00000000  0.00092411
  0.00000000  0.01288297    0.28123836  0.00000000   -0.00692284 -0.00000000
  0.00000000 -0.00092411   -0.00692284 -0.00000000    0.23842910  0.00000000
    1    2
 -0.09377310 -0.05413993    0.02091654 -0.03622850   -0.06450429  0.11172471
  0.02091654 -0.03622850   -0.09212268 -0.05318706   -0.06069238 -0.03504076
 -0.06450429  0.11172471   -0.06069238 -0.03504076   -0.08661797 -0.05000891
    2    1
 -0.09377310  0.05413993    0.02091654  0.03622850   -0.06450429 -0.11172471
  0.02091654  0.03622850   -0.09212268  0.05318706   -0.06069238  0.03504076
 -0.06450429 -0.11172471   -0.06069238  0.03504076   -0.08661797  0.05000891
    2    2
  0.25222142  0.00000000    0.00000000  0.01288297    0.00000000 -0.00092411
  0.00000000 -0.01288297    0.28123836  0.00000000   -0.00692284 -0.00000000
  0.00000000  0.00092411   -0.00692284 -0.00000000    0.23842910  0.00000000

     Dynamical  Matrix in cartesian axes

     q = (   -0.666666667   0.333333333   1.000000000 ) 

    1    1
  0.23842910  0.00000000   -0.00692284  0.00000000    0.00000000 -0.00092411
 -0.00692284  0.00000000    0.28123836  0.00000000    0.00000000  0.01288297
  0.00000000  0.00092411    0.00000000 -0.01288297    0.25222142  0.00000000
    1    2
 -0.08661797 -0.05000891   -0.06069238 -0.03504076   -0.06450429  0.11172471
 -0.06069238 -0.03504076   -0.09212268 -0.05318706    0.02091654 -0.03622850
 -0.06450429  0.11172471    0.02091654 -0.03622850   -0.09377310 -0.05413993
    2    1
 -0.08661797  0.05000891   -0.06069238  0.03504076   -0.06450429 -0.11172471
 -0.06069238  0.03504076   -0.09212268  0.05318706    0.02091654  0.03622850
 -0.06450429 -0.11172471    0.02091654  0.03622850   -0.09377310  0.05413993
    2    2
  0.23842910  0.00000000   -0.00692284  0.00000000    0.00000000  0.00092411
 -0.00692284  0.00000000    0.28123836  0.00000000    0.00000000 -0.01288297
  0.00000000 -0.00092411    0.00000000  0.01288297    0.25222142  0.00000000

     Dynamical  Matrix in cartesian axes

     q = (   -0.333333333   1.000000000   0.666666667 ) 

    1    1
  0.28123836  0.00000000    0.00000000 -0.01288297   -0.00692284  0.00000000
  0.00000000  0.01288297    0.25222142  0.00000000    0.00000000 -0.00092411
 -0.00692284  0.00000000    0.00000000  0.00092411    0.23842910  0.00000000
    1    2
 -0.09212268  0.05318706    0.02091654  0.03622850   -0.06069238  0.03504076
  0.02091654  0.03622850   -0.09377310  0.05413993   -0.06450429 -0.11172471
 -0.06069238  0.03504076   -0.06450429 -0.11172471   -0.08661797  0.05000891
    2    1
 -0.09212268 -0.05318706    0.02091654 -0.03622850   -0.06069238 -0.03504076
  0.02091654 -0.03622850   -0.09377310 -0.05413993   -0.06450429  0.11172471
 -0.06069238 -0.03504076   -0.06450429  0.11172471   -0.08661797 -0.05000891
    2    2
  0.28123836  0.00000000    0.00000000  0.01288297   -0.00692284  0.00000000
  0.00000000 -0.01288297    0.25222142  0.00000000    0.00000000  0.00092411
 -0.00692284  0.00000000    0.00000000 -0.00092411    0.23842910  0.00000000

     Dynamical  Matrix in cartesian axes

     q = (    0.333333333   1.000000000  -0.666666667 ) 

    1    1
  0.28123836  0.00000000    0.00000000  0.01288297   -0.00692284  0.00000000
  0.00000000 -0.01288297    0.25222142  0.00000000    0.00000000  0.00092411
 -0.00692284  0.00000000    0.00000000 -0.00092411    0.23842910  0.00000000
    1    2
 -0.09212268 -0.05318706    0.02091654 -0.03622850   -0.06069238 -0.03504076
  0.02091654 -0.03622850   -0.09377310 -0.05413993   -0.06450429  0.11172471
 -0.06069238 -0.03504076   -0.06450429  0.11172471   -0.08661797 -0.05000891
    2    1
 -0.09212268  0.05318706    0.02091654  0.03622850   -0.06069238  0.03504076
  0.02091654  0.03622850   -0.09377310  0.05413993   -0.06450429 -0.11172471
 -0.06069238  0.03504076   -0.06450429 -0.11172471   -0.08661797  0.05000891
    2    2
  0.28123836  0.00000000    0.00000000 -0.01288297   -0.00692284  0.00000000
  0.00000000  0.01288297    0.25222142  0.00000000    0.00000000 -0.00092411
 -0.00692284  0.00000000    0.00000000  0.00092411    0.23842910  0.00000000

     Dynamical  Matrix in cartesian axes

     q = (   -0.333333333  -1.000000000  -0.666666667 ) 

    1    1
  0.28123836  0.00000000    0.00000000  0.01288297    0.00692284  0.00000000
  0.00000000 -0.01288297    0.25222142  0.00000000    0.00000000 -0.00092411
  0.00692284  0.00000000    0.00000000  0.00092411    0.23842910  0.00000000
    1    2
  0.00000000  0.10637411   -0.04183307  0.00000000   -0.00000000 -0.07008153
 -0.04183307  0.00000000    0.00000000  0.10827985   -0.12900858  0.00000000
 -0.00000000 -0.07008153   -0.12900858  0.00000000    0.00000000  0.10001782
    2    1
  0.00000000 -0.10637411   -0.04183307 -0.00000000   -0.00000000  0.07008153
 -0.04183307 -0.00000000    0.00000000 -0.10827985   -0.12900858 -0.00000000
 -0.00000000  0.07008153   -0.12900858 -0.00000000    0.00000000 -0.10001782
    2    2
  0.28123836  0.00000000    0.00000000 -0.01288297    0.00692284  0.00000000
  0.00000000  0.01288297    0.25222142  0.00000000    0.00000000  0.00092411
  0.00692284  0.00000000    0.00000000 -0.00092411    0.23842910  0.00000000

     Dynamical  Matrix in cartesian axes

     q = (    1.000000000  -0.666666667   0.333333333 ) 

    1    1
  0.25222142  0.00000000    0.00000000  0.00092411    0.00000000 -0.01288297
  0.00000000 -0.00092411    0.23842910  0.00000000   -0.00692284  0.00000000
  0.00000000  0.01288297   -0.00692284  0.00000000    0.28123836  0.00000000
    1    2
 -0.09377310 -0.05413993   -0.06450429  0.11172471    0.02091654 -0.03622850
 -0.06450429  0.11172471   -0.08661797 -0.05000891   -0.06069238 -0.03504076
  0.02091654 -0.03622850   -0.06069238 -0.03504076   -0.09212268 -0.05318706
    2    1
 -0.09377310  0.05413993   -0.06450429 -0.11172471    0.02091654  0.03622850
 -0.06450429 -0.11172471   -0.08661797  0.05000891   -0.06069238  0.03504076
  0.02091654  0.03622850   -0.06069238  0.03504076   -0.09212268  0.05318706
    2    2
  0.25222142  0.00000000    0.00000000 -0.00092411    0.00000000  0.01288297
  0.00000000  0.00092411    0.23842910  0.00000000   -0.00692284  0.00000000
  0.00000000 -0.01288297   -0.00692284  0.00000000    0.28123836  0.00000000

     Dynamical  Matrix in cartesian axes

     q = (    1.000000000   0.666666667  -0.333333333 ) 

    1    1
  0.25222142  0.00000000    0.00000000 -0.00092411    0.00000000  0.01288297
  0.00000000  0.00092411    0.23842910  0.00000000   -0.00692284  0.00000000
  0.00000000 -0.01288297   -0.00692284  0.00000000    0.28123836  0.00000000
    1    2
 -0.09377310  0.05413993   -0.06450429 -0.11172471    0.02091654  0.03622850
 -0.06450429 -0.11172471   -0.08661797  0.05000891   -0.06069238  0.03504076
  0.02091654  0.03622850   -0.06069238  0.03504076   -0.09212268  0.05318706
    2    1
 -0.09377310 -0.05413993   -0.06450429  0.11172471    0.02091654 -0.03622850
 -0.06450429  0.11172471   -0.08661797 -0.05000891   -0.06069238 -0.03504076
  0.02091654 -0.03622850   -0.06069238 -0.03504076   -0.09212268 -0.05318706
    2    2
  0.25222142  0.00000000    0.00000000  0.00092411    0.00000000 -0.01288297
  0.00000000 -0.00092411    0.23842910  0.00000000   -0.00692284  0.00000000
  0.00000000  0.01288297   -0.00692284  0.00000000    0.28123836  0.00000000

     Dynamical  Matrix in cartesian axes

     q = (   -0.333333333   0.666666667  -1.000000000 ) 

    1    1
  0.28123836  0.00000000   -0.00692284  0.00000000    0.00000000 -0.01288297
 -0.00692284  0.00000000    0.23842910  0.00000000    0.00000000  0.00092411
  0.00000000  0.01288297    0.00000000 -0.00092411    0.25222142  0.00000000
    1    2
 -0.09212268  0.05318706   -0.06069238  0.03504076    0.02091654  0.03622850
 -0.06069238  0.03504076   -0.08661797  0.05000891   -0.06450429 -0.11172471
  0.02091654  0.03622850   -0.06450429 -0.11172471   -0.09377310  0.05413993
    2    1
 -0.09212268 -0.05318706   -0.06069238 -0.03504076    0.02091654 -0.03622850
 -0.06069238 -0.03504076   -0.08661797 -0.05000891   -0.06450429  0.11172471
  0.02091654 -0.03622850   -0.06450429  0.11172471   -0.09377310 -0.05413993
    2    2
  0.28123836  0.00000000   -0.00692284  0.00000000    0.00000000  0.01288297
 -0.00692284  0.00000000    0.23842910  0.00000000    0.00000000 -0.00092411
  0.00000000 -0.01288297    0.00000000  0.00092411    0.25222142  0.00000000

     Dynamical  Matrix in cartesian axes

     q = (   -1.000000000  -0.666666667  -0.333333333 ) 

    1    1
  0.25222142  0.00000000    0.00000000 -0.00092411    0.00000000 -0.01288297
  0.00000000  0.00092411    0.23842910  0.00000000    0.00692284  0.00000000
  0.00000000  0.01288297    0.00692284  0.00000000    0.28123836  0.00000000
    1    2
  0.00000000  0.10827985   -0.12900858  0.00000000   -0.04183307  0.00000000
 -0.12900858  0.00000000    0.00000000  0.10001782   -0.00000000 -0.07008153
 -0.04183307  0.00000000   -0.00000000 -0.07008153    0.00000000  0.10637411
    2    1
  0.00000000 -0.10827985   -0.12900858 -0.00000000   -0.04183307 -0.00000000
 -0.12900858 -0.00000000    0.00000000 -0.10001782    0.00000000  0.07008153
 -0.04183307 -0.00000000    0.00000000  0.07008153    0.00000000 -0.10637411
    2    2
  0.25222142  0.00000000    0.00000000  0.00092411    0.00000000  0.01288297
  0.00000000 -0.00092411    0.23842910  0.00000000    0.00692284  0.00000000
  0.00000000 -0.01288297    0.00692284  0.00000000    0.28123836  0.00000000

     Dynamical  Matrix in cartesian axes

     q = (   -1.000000000   0.666666667   0.333333333 ) 

    1    1
  0.25222142  0.00000000    0.00000000  0.00092411    0.00000000  0.01288297
  0.00000000 -0.00092411    0.23842910  0.00000000    0.00692284  0.00000000
  0.00000000 -0.01288297    0.00692284  0.00000000    0.28123836  0.00000000
    1    2
  0.00000000 -0.10827985   -0.12900858  0.00000000   -0.04183307  0.00000000
 -0.12900858  0.00000000   -0.00000000 -0.10001782    0.00000000  0.07008153
 -0.04183307  0.00000000    0.00000000  0.07008153   -0.00000000 -0.10637411
    2    1
 -0.00000000  0.10827985   -0.12900858 -0.00000000   -0.04183307 -0.00000000
 -0.12900858 -0.00000000    0.00000000  0.10001782    0.00000000 -0.07008153
 -0.04183307 -0.00000000    0.00000000 -0.07008153   -0.00000000  0.10637411
    2    2
  0.25222142  0.00000000    0.00000000 -0.00092411    0.00000000 -0.01288297
  0.00000000  0.00092411    0.23842910  0.00000000    0.00692284  0.00000000
  0.00000000  0.01288297    0.00692284  0.00000000    0.28123836  0.00000000

     Dynamical  Matrix in cartesian axes

     q = (    0.333333333  -0.666666667   1.000000000 ) 

    1    1
  0.28123836  0.00000000   -0.00692284  0.00000000    0.00000000  0.01288297
 -0.00692284  0.00000000    0.23842910  0.00000000    0.00000000 -0.00092411
  0.00000000 -0.01288297    0.00000000  0.00092411    0.25222142  0.00000000
    1    2
 -0.09212268 -0.05318706   -0.06069238 -0.03504076    0.02091654 -0.03622850
 -0.06069238 -0.03504076   -0.08661797 -0.05000891   -0.06450429  0.11172471
  0.02091654 -0.03622850   -0.06450429  0.11172471   -0.09377310 -0.05413993
    2    1
 -0.09212268  0.05318706   -0.06069238  0.03504076    0.02091654  0.03622850
 -0.06069238  0.03504076   -0.08661797  0.05000891   -0.06450429 -0.11172471
  0.02091654  0.03622850   -0.06450429 -0.11172471   -0.09377310  0.05413993
    2    2
  0.28123836  0.00000000   -0.00692284  0.00000000    0.00000000 -0.01288297
 -0.00692284  0.00000000    0.23842910  0.00000000    0.00000000  0.00092411
  0.00000000  0.01288297    0.00000000 -0.00092411    0.25222142  0.00000000

     Dynamical  Matrix in cartesian axes

     q = (    0.333333333  -1.000000000   0.666666667 ) 

    1    1
  0.28123836  0.00000000    0.00000000 -0.01288297    0.00692284  0.00000000
  0.00000000  0.01288297    0.25222142  0.00000000    0.00000000  0.00092411
  0.00692284  0.00000000    0.00000000 -0.00092411    0.23842910  0.00000000
    1    2
 -0.00000000 -0.10637411   -0.04183307 -0.00000000   -0.00000000  0.07008153
 -0.04183307 -0.00000000   -0.00000000 -0.10827985   -0.12900858  0.00000000
  0.00000000  0.07008153   -0.12900858 -0.00000000   -0.00000000 -0.10001782
    2    1
  0.00000000  0.10637411   -0.04183307 -0.00000000    0.00000000 -0.07008153
 -0.04183307  0.00000000   -0.00000000  0.10827985   -0.12900858  0.00000000
  0.00000000 -0.07008153   -0.12900858 -0.00000000    0.00000000  0.10001782
    2    2
  0.28123836  0.00000000    0.00000000  0.01288297    0.00692284  0.00000000
  0.00000000 -0.01288297    0.25222142  0.00000000    0.00000000 -0.00092411
  0.00692284  0.00000000    0.00000000  0.00092411    0.23842910  0.00000000

     Dynamical  Matrix in cartesian axes

     q = (    0.666666667  -1.000000000   0.333333333 ) 

    1    1
  0.23842910  0.00000000    0.00000000 -0.00092411    0.00692284  0.00000000
  0.00000000  0.00092411    0.25222142  0.00000000    0.00000000  0.01288297
  0.00692284  0.00000000    0.00000000 -0.01288297    0.28123836  0.00000000
    1    2
 -0.00000000 -0.10001782   -0.12900858  0.00000000    0.00000000  0.07008153
 -0.12900858  0.00000000   -0.00000000 -0.10827985   -0.04183307  0.00000000
  0.00000000  0.07008153   -0.04183307  0.00000000   -0.00000000 -0.10637411
    2    1
 -0.00000000  0.10001782   -0.12900858 -0.00000000    0.00000000 -0.07008153
 -0.12900858 -0.00000000   -0.00000000  0.10827985   -0.04183307 -0.00000000
  0.00000000 -0.07008153   -0.04183307 -0.00000000   -0.00000000  0.10637411
    2    2
  0.23842910  0.00000000    0.00000000  0.00092411    0.00692284  0.00000000
  0.00000000 -0.00092411    0.25222142  0.00000000    0.00000000 -0.01288297
  0.00692284  0.00000000    0.00000000  0.01288297    0.28123836  0.00000000

     Dynamical  Matrix in cartesian axes

     q = (    0.333333333   0.666666667   1.000000000 ) 

    1    1
  0.28123836  0.00000000    0.00692284 -0.00000000    0.00000000 -0.01288297
  0.00692284 -0.00000000    0.23842910  0.00000000    0.00000000 -0.00092411
  0.00000000  0.01288297    0.00000000  0.00092411    0.25222142  0.00000000
    1    2
  0.00000000 -0.10637411   -0.00000000  0.07008153   -0.04183307 -0.00000000
 -0.00000000  0.07008153    0.00000000 -0.10001782   -0.12900858 -0.00000000
 -0.04183307 -0.00000000   -0.12900858 -0.00000000    0.00000000 -0.10827985
    2    1
  0.00000000  0.10637411   -0.00000000 -0.07008153   -0.04183307  0.00000000
 -0.00000000 -0.07008153    0.00000000  0.10001782   -0.12900858  0.00000000
 -0.04183307  0.00000000   -0.12900858  0.00000000    0.00000000  0.10827985
    2    2
  0.28123836  0.00000000    0.00692284 -0.00000000    0.00000000  0.01288297
  0.00692284 -0.00000000    0.23842910  0.00000000    0.00000000  0.00092411
  0.00000000 -0.01288297    0.00000000 -0.00092411    0.25222142  0.00000000

     Dynamical  Matrix in cartesian axes

     q = (   -0.333333333  -0.666666667  -1.000000000 ) 

    1    1
  0.28123836  0.00000000    0.00692284 -0.00000000    0.00000000  0.01288297
  0.00692284 -0.00000000    0.23842910  0.00000000    0.00000000  0.00092411
  0.00000000 -0.01288297    0.00000000 -0.00092411    0.25222142  0.00000000
    1    2
  0.00000000  0.10637411   -0.00000000 -0.07008153   -0.04183307  0.00000000
 -0.00000000 -0.07008153    0.00000000  0.10001782   -0.12900858  0.00000000
 -0.04183307  0.00000000   -0.12900858  0.00000000    0.00000000  0.10827985
    2    1
  0.00000000 -0.10637411   -0.00000000  0.07008153   -0.04183307 -0.00000000
 -0.00000000  0.07008153    0.00000000 -0.10001782   -0.12900858 -0.00000000
 -0.04183307 -0.00000000   -0.12900858 -0.00000000    0.00000000 -0.10827985
    2    2
  0.28123836  0.00000000    0.00692284 -0.00000000    0.00000000 -0.01288297
  0.00692284 -0.00000000    0.23842910  0.00000000    0.00000000 -0.00092411
  0.00000000  0.01288297    0.00000000  0.00092411    0.25222142  0.00000000

     Dynamical  Matrix in cartesian axes

     q = (   -0.666666667  -1.000000000   0.333333333 ) 

    1    1
  0.23842910  0.00000000    0.00000000 -0.00092411   -0.00692284  0.00000000
  0.00000000  0.00092411    0.25222142  0.00000000    0.00000000 -0.01288297
 -0.00692284  0.00000000    0.00000000  0.01288297    0.28123836  0.00000000
    1    2
 -0.08661797 -0.05000891   -0.06450429  0.11172471   -0.06069238 -0.03504076
 -0.06450429  0.11172471   -0.09377310 -0.05413993    0.02091654 -0.03622850
 -0.06069238 -0.03504076    0.02091654 -0.03622850   -0.09212268 -0.05318706
    2    1
 -0.08661797  0.05000891   -0.06450429 -0.11172471   -0.06069238  0.03504076
 -0.06450429 -0.11172471   -0.09377310  0.05413993    0.02091654  0.03622850
 -0.06069238  0.03504076    0.02091654  0.03622850   -0.09212268  0.05318706
    2    2
  0.23842910  0.00000000    0.00000000  0.00092411   -0.00692284  0.00000000
  0.00000000 -0.00092411    0.25222142  0.00000000    0.00000000  0.01288297
 -0.00692284  0.00000000    0.00000000 -0.01288297    0.28123836  0.00000000

     Dynamical  Matrix in cartesian axes

     q = (    0.666666667   1.000000000  -0.333333333 ) 

    1    1
  0.23842910  0.00000000    0.00000000  0.00092411   -0.00692284  0.00000000
  0.00000000 -0.00092411    0.25222142  0.00000000    0.00000000  0.01288297
 -0.00692284  0.00000000    0.00000000 -0.01288297    0.28123836  0.00000000
    1    2
 -0.08661797  0.05000891   -0.06450429 -0.11172471   -0.06069238  0.03504076
 -0.06450429 -0.11172471   -0.09377310  0.05413993    0.02091654  0.03622850
 -0.06069238  0.03504076    0.02091654  0.03622850   -0.09212268  0.05318706
    2    1
 -0.08661797 -0.05000891   -0.06450429  0.11172471   -0.06069238 -0.03504076
 -0.06450429  0.11172471   -0.09377310 -0.05413993    0.02091654 -0.03622850
 -0.06069238 -0.03504076    0.02091654 -0.03622850   -0.09212268 -0.05318706
    2    2
  0.23842910  0.00000000    0.00000000 -0.00092411   -0.00692284  0.00000000
  0.00000000  0.00092411    0.25222142  0.00000000    0.00000000 -0.01288297
 -0.00692284  0.00000000    0.00000000  0.01288297    0.28123836  0.00000000

     Dynamical  Matrix in cartesian axes

     q = (   -0.666666667  -1.000000000  -0.333333333 ) 

    1    1
  0.23842910  0.00000000    0.00000000  0.00092411    0.00692284  0.00000000
  0.00000000 -0.00092411    0.25222142  0.00000000    0.00000000 -0.01288297
  0.00692284  0.00000000    0.00000000  0.01288297    0.28123836  0.00000000
    1    2
  0.00000000  0.10001782   -0.12900858  0.00000000    0.00000000 -0.07008153
 -0.12900858  0.00000000    0.00000000  0.10827985   -0.04183307  0.00000000
 -0.00000000 -0.07008153   -0.04183307 -0.00000000    0.00000000  0.10637411
    2    1
  0.00000000 -0.10001782   -0.12900858 -0.00000000   -0.00000000  0.07008153
 -0.12900858 -0.00000000    0.00000000 -0.10827985   -0.04183307  0.00000000
 -0.00000000  0.07008153   -0.04183307  0.00000000    0.00000000 -0.10637411
    2    2
  0.23842910  0.00000000    0.00000000 -0.00092411    0.00692284  0.00000000
  0.00000000  0.00092411    0.25222142  0.00000000    0.00000000  0.01288297
  0.00692284  0.00000000    0.00000000 -0.01288297    0.28123836  0.00000000

     Diagonalizing the dynamical matrix

     q = (    0.666666667  -0.333333333   1.000000000 ) 

 **************************************************************************
     freq (    1) =       4.883832 [THz] =     162.907093 [cm-1]
 ( -0.303354 -0.525425 -0.149785 -0.259436  0.177826 -0.102668 ) 
 (  0.000000 -0.606708  0.000000 -0.299570 -0.205336  0.000000 ) 
     freq (    2) =       5.478453 [THz] =     182.741509 [cm-1]
 ( -0.161974 -0.280547  0.060507  0.104801 -0.534144  0.308388 ) 
 ( -0.000000  0.323947 -0.000000 -0.121014 -0.616777  0.000000 ) 
     freq (    3) =       8.518846 [THz] =     284.158103 [cm-1]
 ( -0.097177 -0.168316  0.302760  0.524395  0.267730 -0.154574 ) 
 ( -0.000000 -0.194354  0.000000  0.605519 -0.309148  0.000000 ) 
     freq (    4) =      12.274547 [THz] =     409.434811 [cm-1]
 (  0.194816  0.337431 -0.252904 -0.438042 -0.263173  0.151943 ) 
 ( -0.000000 -0.389631  0.000000  0.505807 -0.303886  0.000000 ) 
     freq (    5) =      13.680435 [THz] =     456.330203 [cm-1]
 (  0.246600  0.427123  0.239538  0.414893 -0.142933  0.082522 ) 
 (  0.000000 -0.493199  0.000000 -0.479077 -0.165045  0.000000 ) 
     freq (    6) =      13.727602 [THz] =     457.903530 [cm-1]
 (  0.153404  0.265704 -0.104408 -0.180840  0.521247 -0.300942 ) 
 ( -0.000000  0.306809 -0.000000 -0.208816 -0.601884  0.000000 ) 
 **************************************************************************
