Dynamical matrix file
                                                                           
  1    2  2 10.3400000  0.0000000  0.0000000  0.0000000  0.0000000  0.0000000
           1  'Si  '    25598.8229845270     
    1    1      0.0000000000      0.0000000000      0.0000000000
    2    1      0.2500000000      0.2500000000      0.2500000000

     Dynamical  Matrix in cartesian axes

     q = (    0.833333333  -0.166666667   0.833333333 ) 

    1    1
  0.23851458  0.00000000   -0.00268399  0.00730667    0.00292555  0.00000000
 -0.00268399 -0.00730667    0.31307169  0.00000000   -0.00268399 -0.00730667
  0.00292555  0.00000000   -0.00268399  0.00730667    0.23851458  0.00000000
    1    2
 -0.02882172  0.05118464   -0.01922893  0.03495608   -0.11275951 -0.11929507
 -0.01922893  0.03495608   -0.02257754  0.06503141   -0.01922893  0.03495608
 -0.11275951 -0.11929507   -0.01922893  0.03495608   -0.02882172  0.05118464
    2    1
 -0.02882172 -0.05118464   -0.01922893 -0.03495608   -0.11275951  0.11929507
 -0.01922893 -0.03495608   -0.02257754 -0.06503141   -0.01922893 -0.03495608
 -0.11275951  0.11929507   -0.01922893 -0.03495608   -0.02882172 -0.05118464
    2    2
  0.23851458  0.00000000   -0.00268399 -0.00730667    0.00292555  0.00000000
 -0.00268399  0.00730667    0.31307169  0.00000000   -0.00268399  0.00730667
  0.00292555  0.00000000   -0.00268399 -0.00730667    0.23851458  0.00000000

     Dynamical  Matrix in cartesian axes

     q = (   -0.833333333  -0.166666667   0.833333333 ) 

    1    1
  0.23851458  0.00000000    0.00268399  0.00730667   -0.00292555  0.00000000
  0.00268399 -0.00730667    0.31307169  0.00000000   -0.00268399  0.00730667
 -0.00292555  0.00000000   -0.00268399 -0.00730667    0.23851458  0.00000000
    1    2
 -0.02991634  0.05055266    0.02065839 -0.03413078   -0.15969232 -0.03800506
  0.02065839 -0.03413078   -0.04503009  0.05206843   -0.02065839  0.03413078
 -0.15969232 -0.03800506   -0.02065839  0.03413078   -0.02991634  0.05055266
    2    1
 -0.02991634 -0.05055266    0.02065839  0.03413078   -0.15969232  0.03800506
  0.02065839  0.03413078   -0.04503009 -0.05206843   -0.02065839 -0.03413078
 -0.15969232  0.03800506   -0.02065839 -0.03413078   -0.02991634 -0.05055266
    2    2
  0.23851458  0.00000000    0.00268399 -0.00730667   -0.00292555  0.00000000
  0.00268399  0.00730667    0.31307169  0.00000000   -0.00268399 -0.00730667
 -0.00292555  0.00000000   -0.00268399  0.00730667    0.23851458  0.00000000

     Dynamical  Matrix in cartesian axes

     q = (    0.833333333  -0.166666667  -0.833333333 ) 

    1    1
  0.23851458  0.00000000   -0.00268399 -0.00730667   -0.00292555  0.00000000
 -0.00268399  0.00730667    0.31307169  0.00000000    0.00268399 -0.00730667
 -0.00292555  0.00000000    0.00268399  0.00730667    0.23851458  0.00000000
    1    2
 -0.02991634  0.05055266   -0.02065839  0.03413078   -0.15969232 -0.03800506
 -0.02065839  0.03413078   -0.04503009  0.05206843    0.02065839 -0.03413078
 -0.15969232 -0.03800506    0.02065839 -0.03413078   -0.02991634  0.05055266
    2    1
 -0.02991634 -0.05055266   -0.02065839 -0.03413078   -0.15969232  0.03800506
 -0.02065839 -0.03413078   -0.04503009 -0.05206843    0.02065839  0.03413078
 -0.15969232  0.03800506    0.02065839  0.03413078   -0.02991634 -0.05055266
    2    2
  0.23851458  0.00000000   -0.00268399  0.00730667   -0.00292555  0.00000000
 -0.00268399 -0.00730667    0.31307169  0.00000000    0.00268399  0.00730667
 -0.00292555  0.00000000    0.00268399 -0.00730667    0.23851458  0.00000000

     Dynamical  Matrix in cartesian axes

     q = (   -0.833333333  -0.166666667  -0.833333333 ) 

    1    1
  0.23851458  0.00000000    0.00268399 -0.00730667    0.00292555  0.00000000
  0.00268399  0.00730667    0.31307169  0.00000000    0.00268399  0.00730667
  0.00292555  0.00000000    0.00268399 -0.00730667    0.23851458  0.00000000
    1    2
  0.02991634  0.05055266   -0.02065839 -0.03413078   -0.15969232  0.03800506
 -0.02065839 -0.03413078    0.04503009  0.05206843   -0.02065839 -0.03413078
 -0.15969232  0.03800506   -0.02065839 -0.03413078    0.02991634  0.05055266
    2    1
  0.02991634 -0.05055266   -0.02065839  0.03413078   -0.15969232 -0.03800506
 -0.02065839  0.03413078    0.04503009 -0.05206843   -0.02065839  0.03413078
 -0.15969232 -0.03800506   -0.02065839  0.03413078    0.02991634 -0.05055266
    2    2
  0.23851458  0.00000000    0.00268399  0.00730667    0.00292555  0.00000000
  0.00268399 -0.00730667    0.31307169  0.00000000    0.00268399 -0.00730667
  0.00292555  0.00000000    0.00268399  0.00730667    0.23851458  0.00000000

     Dynamical  Matrix in cartesian axes

     q = (   -0.166666667   0.833333333  -0.833333333 ) 

    1    1
  0.31307169  0.00000000   -0.00268399  0.00730667    0.00268399 -0.00730667
 -0.00268399 -0.00730667    0.23851458  0.00000000   -0.00292555  0.00000000
  0.00268399  0.00730667   -0.00292555  0.00000000    0.23851458  0.00000000
    1    2
 -0.04503009  0.05206843   -0.02065839  0.03413078    0.02065839 -0.03413078
 -0.02065839  0.03413078   -0.02991634  0.05055266   -0.15969232 -0.03800506
  0.02065839 -0.03413078   -0.15969232 -0.03800506   -0.02991634  0.05055266
    2    1
 -0.04503009 -0.05206843   -0.02065839 -0.03413078    0.02065839  0.03413078
 -0.02065839 -0.03413078   -0.02991634 -0.05055266   -0.15969232  0.03800506
  0.02065839  0.03413078   -0.15969232  0.03800506   -0.02991634 -0.05055266
    2    2
  0.31307169  0.00000000   -0.00268399 -0.00730667    0.00268399  0.00730667
 -0.00268399  0.00730667    0.23851458  0.00000000   -0.00292555  0.00000000
  0.00268399 -0.00730667   -0.00292555  0.00000000    0.23851458  0.00000000

     Dynamical  Matrix in cartesian axes

     q = (   -0.833333333   0.833333333  -0.166666667 ) 

    1    1
  0.23851458  0.00000000   -0.00292555  0.00000000    0.00268399  0.00730667
 -0.00292555  0.00000000    0.23851458  0.00000000   -0.00268399 -0.00730667
  0.00268399 -0.00730667   -0.00268399  0.00730667    0.31307169  0.00000000
    1    2
 -0.02991634  0.05055266   -0.15969232 -0.03800506    0.02065839 -0.03413078
 -0.15969232 -0.03800506   -0.02991634  0.05055266   -0.02065839  0.03413078
  0.02065839 -0.03413078   -0.02065839  0.03413078   -0.04503009  0.05206843
    2    1
 -0.02991634 -0.05055266   -0.15969232  0.03800506    0.02065839  0.03413078
 -0.15969232  0.03800506   -0.02991634 -0.05055266   -0.02065839 -0.03413078
  0.02065839  0.03413078   -0.02065839 -0.03413078   -0.04503009 -0.05206843
    2    2
  0.23851458  0.00000000   -0.00292555  0.00000000    0.00268399 -0.00730667
 -0.00292555  0.00000000    0.23851458  0.00000000   -0.00268399  0.00730667
  0.00268399  0.00730667   -0.00268399 -0.00730667    0.31307169  0.00000000

     Dynamical  Matrix in cartesian axes

     q = (    0.833333333   0.166666667   0.833333333 ) 

    1    1
  0.23851458  0.00000000    0.00268399  0.00730667    0.00292555  0.00000000
  0.00268399 -0.00730667    0.31307169  0.00000000    0.00268399 -0.00730667
  0.00292555  0.00000000    0.00268399  0.00730667    0.23851458  0.00000000
    1    2
  0.02991634 -0.05055266   -0.02065839  0.03413078   -0.15969232 -0.03800506
 -0.02065839  0.03413078    0.04503009 -0.05206843   -0.02065839  0.03413078
 -0.15969232 -0.03800506   -0.02065839  0.03413078    0.02991634 -0.05055266
    2    1
  0.02991634  0.05055266   -0.02065839 -0.03413078   -0.15969232  0.03800506
 -0.02065839 -0.03413078    0.04503009  0.05206843   -0.02065839 -0.03413078
 -0.15969232  0.03800506   -0.02065839 -0.03413078    0.02991634  0.05055266
    2    2
  0.23851458  0.00000000    0.00268399 -0.00730667    0.00292555  0.00000000
  0.00268399  0.00730667    0.31307169  0.00000000    0.00268399  0.00730667
  0.00292555  0.00000000    0.00268399 -0.00730667    0.23851458  0.00000000

     Dynamical  Matrix in cartesian axes

     q = (   -0.833333333   0.166666667   0.833333333 ) 

    1    1
  0.23851458  0.00000000   -0.00268399  0.00730667   -0.00292555  0.00000000
 -0.00268399 -0.00730667    0.31307169  0.00000000    0.00268399  0.00730667
 -0.00292555  0.00000000    0.00268399 -0.00730667    0.23851458  0.00000000
    1    2
 -0.02991634 -0.05055266   -0.02065839 -0.03413078   -0.15969232  0.03800506
 -0.02065839 -0.03413078   -0.04503009 -0.05206843    0.02065839  0.03413078
 -0.15969232  0.03800506    0.02065839  0.03413078   -0.02991634 -0.05055266
    2    1
 -0.02991634  0.05055266   -0.02065839  0.03413078   -0.15969232 -0.03800506
 -0.02065839  0.03413078   -0.04503009  0.05206843    0.02065839 -0.03413078
 -0.15969232 -0.03800506    0.02065839 -0.03413078   -0.02991634  0.05055266
    2    2
  0.23851458  0.00000000   -0.00268399 -0.00730667   -0.00292555  0.00000000
 -0.00268399  0.00730667    0.31307169  0.00000000    0.00268399 -0.00730667
 -0.00292555  0.00000000    0.00268399  0.00730667    0.23851458  0.00000000

     Dynamical  Matrix in cartesian axes

     q = (    0.833333333   0.166666667  -0.833333333 ) 

    1    1
  0.23851458  0.00000000    0.00268399 -0.00730667   -0.00292555  0.00000000
  0.00268399  0.00730667    0.31307169  0.00000000   -0.00268399 -0.00730667
 -0.00292555  0.00000000   -0.00268399  0.00730667    0.23851458  0.00000000
    1    2
 -0.02991634 -0.05055266    0.02065839  0.03413078   -0.15969232  0.03800506
  0.02065839  0.03413078   -0.04503009 -0.05206843   -0.02065839 -0.03413078
 -0.15969232  0.03800506   -0.02065839 -0.03413078   -0.02991634 -0.05055266
    2    1
 -0.02991634  0.05055266    0.02065839 -0.03413078   -0.15969232 -0.03800506
  0.02065839 -0.03413078   -0.04503009  0.05206843   -0.02065839  0.03413078
 -0.15969232 -0.03800506   -0.02065839  0.03413078   -0.02991634  0.05055266
    2    2
  0.23851458  0.00000000    0.00268399  0.00730667   -0.00292555  0.00000000
  0.00268399 -0.00730667    0.31307169  0.00000000   -0.00268399  0.00730667
 -0.00292555  0.00000000   -0.00268399 -0.00730667    0.23851458  0.00000000

     Dynamical  Matrix in cartesian axes

     q = (   -0.166666667   0.833333333   0.833333333 ) 

    1    1
  0.31307169  0.00000000   -0.00268399 -0.00730667   -0.00268399 -0.00730667
 -0.00268399  0.00730667    0.23851458  0.00000000    0.00292555  0.00000000
 -0.00268399  0.00730667    0.00292555  0.00000000    0.23851458  0.00000000
    1    2
 -0.02257754  0.06503141   -0.01922893  0.03495608   -0.01922893  0.03495608
 -0.01922893  0.03495608   -0.02882172  0.05118464   -0.11275951 -0.11929507
 -0.01922893  0.03495608   -0.11275951 -0.11929507   -0.02882172  0.05118464
    2    1
 -0.02257754 -0.06503141   -0.01922893 -0.03495608   -0.01922893 -0.03495608
 -0.01922893 -0.03495608   -0.02882172 -0.05118464   -0.11275951  0.11929507
 -0.01922893 -0.03495608   -0.11275951  0.11929507   -0.02882172 -0.05118464
    2    2
  0.31307169  0.00000000   -0.00268399  0.00730667   -0.00268399  0.00730667
 -0.00268399 -0.00730667    0.23851458  0.00000000    0.00292555  0.00000000
 -0.00268399 -0.00730667    0.00292555  0.00000000    0.23851458  0.00000000

     Dynamical  Matrix in cartesian axes

     q = (    0.166666667   0.833333333  -0.833333333 ) 

    1    1
  0.31307169  0.00000000    0.00268399  0.00730667   -0.00268399 -0.00730667
  0.00268399 -0.00730667    0.23851458  0.00000000   -0.00292555  0.00000000
 -0.00268399  0.00730667   -0.00292555  0.00000000    0.23851458  0.00000000
    1    2
 -0.04503009 -0.05206843    0.02065839  0.03413078   -0.02065839 -0.03413078
  0.02065839  0.03413078   -0.02991634 -0.05055266   -0.15969232  0.03800506
 -0.02065839 -0.03413078   -0.15969232  0.03800506   -0.02991634 -0.05055266
    2    1
 -0.04503009  0.05206843    0.02065839 -0.03413078   -0.02065839  0.03413078
  0.02065839 -0.03413078   -0.02991634  0.05055266   -0.15969232 -0.03800506
 -0.02065839  0.03413078   -0.15969232 -0.03800506   -0.02991634  0.05055266
    2    2
  0.31307169  0.00000000    0.00268399 -0.00730667   -0.00268399  0.00730667
  0.00268399  0.00730667    0.23851458  0.00000000   -0.00292555  0.00000000
 -0.00268399 -0.00730667   -0.00292555  0.00000000    0.23851458  0.00000000

     Dynamical  Matrix in cartesian axes

     q = (   -0.166666667  -0.833333333  -0.833333333 ) 

    1    1
  0.31307169  0.00000000    0.00268399  0.00730667    0.00268399  0.00730667
  0.00268399 -0.00730667    0.23851458  0.00000000    0.00292555  0.00000000
  0.00268399 -0.00730667    0.00292555  0.00000000    0.23851458  0.00000000
    1    2
  0.04503009  0.05206843   -0.02065839 -0.03413078   -0.02065839 -0.03413078
 -0.02065839 -0.03413078    0.02991634  0.05055266   -0.15969232  0.03800506
 -0.02065839 -0.03413078   -0.15969232  0.03800506    0.02991634  0.05055266
    2    1
  0.04503009 -0.05206843   -0.02065839  0.03413078   -0.02065839  0.03413078
 -0.02065839  0.03413078    0.02991634 -0.05055266   -0.15969232 -0.03800506
 -0.02065839  0.03413078   -0.15969232 -0.03800506    0.02991634 -0.05055266
    2    2
  0.31307169  0.00000000    0.00268399 -0.00730667    0.00268399 -0.00730667
  0.00268399  0.00730667    0.23851458  0.00000000    0.00292555  0.00000000
  0.00268399  0.00730667    0.00292555  0.00000000    0.23851458  0.00000000

     Dynamical  Matrix in cartesian axes

     q = (    0.833333333  -0.833333333   0.166666667 ) 

    1    1
  0.23851458  0.00000000   -0.00292555  0.00000000    0.00268399 -0.00730667
 -0.00292555  0.00000000    0.23851458  0.00000000   -0.00268399  0.00730667
  0.00268399  0.00730667   -0.00268399 -0.00730667    0.31307169  0.00000000
    1    2
 -0.02991634 -0.05055266   -0.15969232  0.03800506    0.02065839  0.03413078
 -0.15969232  0.03800506   -0.02991634 -0.05055266   -0.02065839 -0.03413078
  0.02065839  0.03413078   -0.02065839 -0.03413078   -0.04503009 -0.05206843
    2    1
 -0.02991634  0.05055266   -0.15969232 -0.03800506    0.02065839 -0.03413078
 -0.15969232 -0.03800506   -0.02991634  0.05055266   -0.02065839  0.03413078
  0.02065839 -0.03413078   -0.02065839  0.03413078   -0.04503009  0.05206843
    2    2
  0.23851458  0.00000000   -0.00292555  0.00000000    0.00268399  0.00730667
 -0.00292555  0.00000000    0.23851458  0.00000000   -0.00268399 -0.00730667
  0.00268399 -0.00730667   -0.00268399  0.00730667    0.31307169  0.00000000

     Dynamical  Matrix in cartesian axes

     q = (    0.833333333   0.833333333  -0.166666667 ) 

    1    1
  0.23851458  0.00000000    0.00292555  0.00000000   -0.00268399  0.00730667
  0.00292555  0.00000000    0.23851458  0.00000000   -0.00268399  0.00730667
 -0.00268399 -0.00730667   -0.00268399 -0.00730667    0.31307169  0.00000000
    1    2
 -0.02882172  0.05118464   -0.11275951 -0.11929507   -0.01922893  0.03495608
 -0.11275951 -0.11929507   -0.02882172  0.05118464   -0.01922893  0.03495608
 -0.01922893  0.03495608   -0.01922893  0.03495608   -0.02257754  0.06503141
    2    1
 -0.02882172 -0.05118464   -0.11275951  0.11929507   -0.01922893 -0.03495608
 -0.11275951  0.11929507   -0.02882172 -0.05118464   -0.01922893 -0.03495608
 -0.01922893 -0.03495608   -0.01922893 -0.03495608   -0.02257754 -0.06503141
    2    2
  0.23851458  0.00000000    0.00292555  0.00000000   -0.00268399 -0.00730667
  0.00292555  0.00000000    0.23851458  0.00000000   -0.00268399 -0.00730667
 -0.00268399  0.00730667   -0.00268399  0.00730667    0.31307169  0.00000000

     Dynamical  Matrix in cartesian axes

     q = (   -0.833333333  -0.833333333  -0.166666667 ) 

    1    1
  0.23851458  0.00000000    0.00292555  0.00000000    0.00268399 -0.00730667
  0.00292555  0.00000000    0.23851458  0.00000000    0.00268399 -0.00730667
  0.00268399  0.00730667    0.00268399  0.00730667    0.31307169  0.00000000
    1    2
  0.02991634  0.05055266   -0.15969232  0.03800506   -0.02065839 -0.03413078
 -0.15969232  0.03800506    0.02991634  0.05055266   -0.02065839 -0.03413078
 -0.02065839 -0.03413078   -0.02065839 -0.03413078    0.04503009  0.05206843
    2    1
  0.02991634 -0.05055266   -0.15969232 -0.03800506   -0.02065839  0.03413078
 -0.15969232 -0.03800506    0.02991634 -0.05055266   -0.02065839  0.03413078
 -0.02065839  0.03413078   -0.02065839  0.03413078    0.04503009 -0.05206843
    2    2
  0.23851458  0.00000000    0.00292555  0.00000000    0.00268399  0.00730667
  0.00292555  0.00000000    0.23851458  0.00000000    0.00268399  0.00730667
  0.00268399 -0.00730667    0.00268399 -0.00730667    0.31307169  0.00000000

     Dynamical  Matrix in cartesian axes

     q = (   -0.833333333   0.833333333   0.166666667 ) 

    1    1
  0.23851458  0.00000000   -0.00292555  0.00000000   -0.00268399  0.00730667
 -0.00292555  0.00000000    0.23851458  0.00000000    0.00268399 -0.00730667
 -0.00268399 -0.00730667    0.00268399  0.00730667    0.31307169  0.00000000
    1    2
 -0.02991634 -0.05055266   -0.15969232  0.03800506   -0.02065839 -0.03413078
 -0.15969232  0.03800506   -0.02991634 -0.05055266    0.02065839  0.03413078
 -0.02065839 -0.03413078    0.02065839  0.03413078   -0.04503009 -0.05206843
    2    1
 -0.02991634  0.05055266   -0.15969232 -0.03800506   -0.02065839  0.03413078
 -0.15969232 -0.03800506   -0.02991634  0.05055266    0.02065839 -0.03413078
 -0.02065839  0.03413078    0.02065839 -0.03413078   -0.04503009  0.05206843
    2    2
  0.23851458  0.00000000   -0.00292555  0.00000000   -0.00268399 -0.00730667
 -0.00292555  0.00000000    0.23851458  0.00000000    0.00268399  0.00730667
 -0.00268399  0.00730667    0.00268399 -0.00730667    0.31307169  0.00000000

     Dynamical  Matrix in cartesian axes

     q = (    0.166666667  -0.833333333   0.833333333 ) 

    1    1
  0.31307169  0.00000000   -0.00268399 -0.00730667    0.00268399  0.00730667
 -0.00268399  0.00730667    0.23851458  0.00000000   -0.00292555  0.00000000
  0.00268399 -0.00730667   -0.00292555  0.00000000    0.23851458  0.00000000
    1    2
 -0.04503009 -0.05206843   -0.02065839 -0.03413078    0.02065839  0.03413078
 -0.02065839 -0.03413078   -0.02991634 -0.05055266   -0.15969232  0.03800506
  0.02065839  0.03413078   -0.15969232  0.03800506   -0.02991634 -0.05055266
    2    1
 -0.04503009  0.05206843   -0.02065839  0.03413078    0.02065839 -0.03413078
 -0.02065839  0.03413078   -0.02991634  0.05055266   -0.15969232 -0.03800506
  0.02065839 -0.03413078   -0.15969232 -0.03800506   -0.02991634  0.05055266
    2    2
  0.31307169  0.00000000   -0.00268399  0.00730667    0.00268399 -0.00730667
 -0.00268399 -0.00730667    0.23851458  0.00000000   -0.00292555  0.00000000
  0.00268399  0.00730667   -0.00292555  0.00000000    0.23851458  0.00000000

     Dynamical  Matrix in cartesian axes

     q = (    0.166666667   0.833333333   0.833333333 ) 

    1    1
  0.31307169  0.00000000    0.00268399 -0.00730667    0.00268399 -0.00730667
  0.00268399  0.00730667    0.23851458  0.00000000    0.00292555  0.00000000
  0.00268399  0.00730667    0.00292555  0.00000000    0.23851458  0.00000000
    1    2
  0.04503009 -0.05206843   -0.02065839  0.03413078   -0.02065839  0.03413078
 -0.02065839  0.03413078    0.02991634 -0.05055266   -0.15969232 -0.03800506
 -0.02065839  0.03413078   -0.15969232 -0.03800506    0.02991634 -0.05055266
    2    1
  0.04503009  0.05206843   -0.02065839 -0.03413078   -0.02065839 -0.03413078
 -0.02065839 -0.03413078    0.02991634  0.05055266   -0.15969232  0.03800506
 -0.02065839 -0.03413078   -0.15969232  0.03800506    0.02991634  0.05055266
    2    2
  0.31307169  0.00000000    0.00268399  0.00730667    0.00268399  0.00730667
  0.00268399 -0.00730667    0.23851458  0.00000000    0.00292555  0.00000000
  0.00268399 -0.00730667    0.00292555  0.00000000    0.23851458  0.00000000

     Dynamical  Matrix in cartesian axes

     q = (   -0.833333333   0.166666667  -0.833333333 ) 

    1    1
  0.23851458  0.00000000   -0.00268399 -0.00730667    0.00292555  0.00000000
 -0.00268399  0.00730667    0.31307169  0.00000000   -0.00268399  0.00730667
  0.00292555  0.00000000   -0.00268399 -0.00730667    0.23851458  0.00000000
    1    2
 -0.02882172 -0.05118464   -0.01922893 -0.03495608   -0.11275951  0.11929507
 -0.01922893 -0.03495608   -0.02257754 -0.06503141   -0.01922893 -0.03495608
 -0.11275951  0.11929507   -0.01922893 -0.03495608   -0.02882172 -0.05118464
    2    1
 -0.02882172  0.05118464   -0.01922893  0.03495608   -0.11275951 -0.11929507
 -0.01922893  0.03495608   -0.02257754  0.06503141   -0.01922893  0.03495608
 -0.11275951 -0.11929507   -0.01922893  0.03495608   -0.02882172  0.05118464
    2    2
  0.23851458  0.00000000   -0.00268399  0.00730667    0.00292555  0.00000000
 -0.00268399 -0.00730667    0.31307169  0.00000000   -0.00268399 -0.00730667
  0.00292555  0.00000000   -0.00268399  0.00730667    0.23851458  0.00000000

     Dynamical  Matrix in cartesian axes

     q = (   -0.166666667  -0.833333333   0.833333333 ) 

    1    1
  0.31307169  0.00000000    0.00268399 -0.00730667   -0.00268399  0.00730667
  0.00268399  0.00730667    0.23851458  0.00000000   -0.00292555  0.00000000
 -0.00268399 -0.00730667   -0.00292555  0.00000000    0.23851458  0.00000000
    1    2
 -0.04503009  0.05206843    0.02065839 -0.03413078   -0.02065839  0.03413078
  0.02065839 -0.03413078   -0.02991634  0.05055266   -0.15969232 -0.03800506
 -0.02065839  0.03413078   -0.15969232 -0.03800506   -0.02991634  0.05055266
    2    1
 -0.04503009 -0.05206843    0.02065839  0.03413078   -0.02065839 -0.03413078
  0.02065839  0.03413078   -0.02991634 -0.05055266   -0.15969232  0.03800506
 -0.02065839 -0.03413078   -0.15969232  0.03800506   -0.02991634 -0.05055266
    2    2
  0.31307169  0.00000000    0.00268399  0.00730667   -0.00268399 -0.00730667
  0.00268399 -0.00730667    0.23851458  0.00000000   -0.00292555  0.00000000
 -0.00268399  0.00730667   -0.00292555  0.00000000    0.23851458  0.00000000

     Dynamical  Matrix in cartesian axes

     q = (   -0.833333333  -0.833333333   0.166666667 ) 

    1    1
  0.23851458  0.00000000    0.00292555  0.00000000   -0.00268399 -0.00730667
  0.00292555  0.00000000    0.23851458  0.00000000   -0.00268399 -0.00730667
 -0.00268399  0.00730667   -0.00268399  0.00730667    0.31307169  0.00000000
    1    2
 -0.02882172 -0.05118464   -0.11275951  0.11929507   -0.01922893 -0.03495608
 -0.11275951  0.11929507   -0.02882172 -0.05118464   -0.01922893 -0.03495608
 -0.01922893 -0.03495608   -0.01922893 -0.03495608   -0.02257754 -0.06503141
    2    1
 -0.02882172  0.05118464   -0.11275951 -0.11929507   -0.01922893  0.03495608
 -0.11275951 -0.11929507   -0.02882172  0.05118464   -0.01922893  0.03495608
 -0.01922893  0.03495608   -0.01922893  0.03495608   -0.02257754  0.06503141
    2    2
  0.23851458  0.00000000    0.00292555  0.00000000   -0.00268399  0.00730667
  0.00292555  0.00000000    0.23851458  0.00000000   -0.00268399  0.00730667
 -0.00268399 -0.00730667   -0.00268399 -0.00730667    0.31307169  0.00000000

     Dynamical  Matrix in cartesian axes

     q = (    0.833333333   0.833333333   0.166666667 ) 

    1    1
  0.23851458  0.00000000    0.00292555  0.00000000    0.00268399  0.00730667
  0.00292555  0.00000000    0.23851458  0.00000000    0.00268399  0.00730667
  0.00268399 -0.00730667    0.00268399 -0.00730667    0.31307169  0.00000000
    1    2
  0.02991634 -0.05055266   -0.15969232 -0.03800506   -0.02065839  0.03413078
 -0.15969232 -0.03800506    0.02991634 -0.05055266   -0.02065839  0.03413078
 -0.02065839  0.03413078   -0.02065839  0.03413078    0.04503009 -0.05206843
    2    1
  0.02991634  0.05055266   -0.15969232  0.03800506   -0.02065839 -0.03413078
 -0.15969232  0.03800506    0.02991634  0.05055266   -0.02065839 -0.03413078
 -0.02065839 -0.03413078   -0.02065839 -0.03413078    0.04503009  0.05206843
    2    2
  0.23851458  0.00000000    0.00292555  0.00000000    0.00268399 -0.00730667
  0.00292555  0.00000000    0.23851458  0.00000000    0.00268399 -0.00730667
  0.00268399  0.00730667    0.00268399  0.00730667    0.31307169  0.00000000

     Dynamical  Matrix in cartesian axes

     q = (    0.166666667  -0.833333333  -0.833333333 ) 

    1    1
  0.31307169  0.00000000   -0.00268399  0.00730667   -0.00268399  0.00730667
 -0.00268399 -0.00730667    0.23851458  0.00000000    0.00292555  0.00000000
 -0.00268399 -0.00730667    0.00292555  0.00000000    0.23851458  0.00000000
    1    2
 -0.02257754 -0.06503141   -0.01922893 -0.03495608   -0.01922893 -0.03495608
 -0.01922893 -0.03495608   -0.02882172 -0.05118464   -0.11275951  0.11929507
 -0.01922893 -0.03495608   -0.11275951  0.11929507   -0.02882172 -0.05118464
    2    1
 -0.02257754  0.06503141   -0.01922893  0.03495608   -0.01922893  0.03495608
 -0.01922893  0.03495608   -0.02882172  0.05118464   -0.11275951 -0.11929507
 -0.01922893  0.03495608   -0.11275951 -0.11929507   -0.02882172  0.05118464
    2    2
  0.31307169  0.00000000   -0.00268399 -0.00730667   -0.00268399 -0.00730667
 -0.00268399  0.00730667    0.23851458  0.00000000    0.00292555  0.00000000
 -0.00268399  0.00730667    0.00292555  0.00000000    0.23851458  0.00000000

     Dynamical  Matrix in cartesian axes

     q = (    0.833333333  -0.833333333  -0.166666667 ) 

    1    1
  0.23851458  0.00000000   -0.00292555  0.00000000   -0.00268399 -0.00730667
 -0.00292555  0.00000000    0.23851458  0.00000000    0.00268399  0.00730667
 -0.00268399  0.00730667    0.00268399 -0.00730667    0.31307169  0.00000000
    1    2
 -0.02991634  0.05055266   -0.15969232 -0.03800506   -0.02065839  0.03413078
 -0.15969232 -0.03800506   -0.02991634  0.05055266    0.02065839 -0.03413078
 -0.02065839  0.03413078    0.02065839 -0.03413078   -0.04503009  0.05206843
    2    1
 -0.02991634 -0.05055266   -0.15969232  0.03800506   -0.02065839 -0.03413078
 -0.15969232  0.03800506   -0.02991634 -0.05055266    0.02065839  0.03413078
 -0.02065839 -0.03413078    0.02065839  0.03413078   -0.04503009 -0.05206843
    2    2
  0.23851458  0.00000000   -0.00292555  0.00000000   -0.00268399  0.00730667
 -0.00292555  0.00000000    0.23851458  0.00000000    0.00268399 -0.00730667
 -0.00268399 -0.00730667    0.00268399  0.00730667    0.31307169  0.00000000

     Diagonalizing the dynamical matrix

     q = (    0.833333333  -0.166666667   0.833333333 ) 

 **************************************************************************
     freq (    1) =       4.389185 [THz] =     146.407437 [cm-1]
 (  0.220862  0.448576 -0.000000 -0.000000 -0.220862 -0.448576 ) 
 ( -0.500000 -0.000000  0.000000 -0.000000  0.500000  0.000000 ) 
     freq (    2) =       5.564888 [THz] =     185.624667 [cm-1]
 ( -0.445648 -0.192714 -0.124385  0.114218 -0.445648 -0.192714 ) 
 ( -0.485532 -0.000000 -0.068833 -0.154206 -0.485532  0.000000 ) 
     freq (    3) =      10.039042 [THz] =     334.866392 [cm-1]
 ( -0.132172  0.126971 -0.493997 -0.434494 -0.132172  0.126971 ) 
 (  0.183278  0.000000  0.055241 -0.655566  0.183278  0.000000 ) 
     freq (    4) =      12.180792 [THz] =     406.307491 [cm-1]
 ( -0.183524 -0.212726  0.578535  0.086203 -0.183524 -0.212726 ) 
 (  0.280951  0.000000 -0.443183 -0.381736  0.280951  0.000000 ) 
     freq (    5) =      13.414429 [THz] =     447.457173 [cm-1]
 (  0.220862  0.448576  0.000000 -0.000000 -0.220862 -0.448576 ) 
 (  0.500000  0.000000 -0.000000  0.000000 -0.500000  0.000000 ) 
     freq (    6) =      13.739282 [THz] =     458.293121 [cm-1]
 (  0.360924  0.146521  0.339880 -0.284627  0.360924  0.146521 ) 
 ( -0.389531 -0.000000 -0.207858 -0.391569 -0.389531  0.000000 ) 
 **************************************************************************
