Dynamical matrix file
                                                                           
  1    2  2 10.3160000  0.0000000  0.0000000  0.0000000  0.0000000  0.0000000
           1  'Si  '    25598.8229845270     
    1    1      0.0000000000      0.0000000000      0.0000000000
    2    1      0.2500000000      0.2500000000      0.2500000000

     Dynamical  Matrix in cartesian axes

     q = (    0.333333333   0.000000000   0.333333333 ) 

    1    1
  0.26610101  0.00000000    0.00000000  0.00478625    0.00777028  0.00000000
  0.00000000 -0.00478625    0.26751017  0.00000000    0.00000000 -0.00478625
  0.00777028  0.00000000    0.00000000  0.00478625    0.26610101  0.00000000
    1    2
 -0.09500212  0.16454849   -0.06190868 -0.03574299    0.02135697 -0.03699136
 -0.06190868 -0.03574299   -0.09989173  0.17301755   -0.06190868 -0.03574299
  0.02135697 -0.03699136   -0.06190868 -0.03574299   -0.09500212  0.16454849
    2    1
 -0.09500212 -0.16454849   -0.06190868  0.03574299    0.02135697  0.03699136
 -0.06190868  0.03574299   -0.09989173 -0.17301755   -0.06190868  0.03574299
  0.02135697  0.03699136   -0.06190868  0.03574299   -0.09500212 -0.16454849
    2    2
  0.26610101  0.00000000    0.00000000 -0.00478625    0.00777028  0.00000000
  0.00000000  0.00478625    0.26751017  0.00000000    0.00000000  0.00478625
  0.00777028  0.00000000    0.00000000 -0.00478625    0.26610101  0.00000000

     Dynamical  Matrix in cartesian axes

     q = (   -0.333333333   0.000000000   0.333333333 ) 

    1    1
  0.26610101  0.00000000    0.00000000  0.00478625   -0.00777028  0.00000000
  0.00000000 -0.00478625    0.26751017  0.00000000    0.00000000  0.00478625
 -0.00777028  0.00000000    0.00000000 -0.00478625    0.26610101  0.00000000
    1    2
 -0.19000423  0.00000000   -0.00000000 -0.07148599   -0.04271394  0.00000000
 -0.00000000 -0.07148599   -0.19978346  0.00000000    0.00000000  0.07148599
 -0.04271394  0.00000000    0.00000000  0.07148599   -0.19000423  0.00000000
    2    1
 -0.19000423 -0.00000000    0.00000000  0.07148599   -0.04271394 -0.00000000
  0.00000000  0.07148599   -0.19978346  0.00000000    0.00000000 -0.07148599
 -0.04271394 -0.00000000   -0.00000000 -0.07148599   -0.19000423 -0.00000000
    2    2
  0.26610101  0.00000000    0.00000000 -0.00478625   -0.00777028  0.00000000
  0.00000000  0.00478625    0.26751017  0.00000000    0.00000000 -0.00478625
 -0.00777028  0.00000000    0.00000000  0.00478625    0.26610101  0.00000000

     Dynamical  Matrix in cartesian axes

     q = (    0.333333333   0.000000000  -0.333333333 ) 

    1    1
  0.26610101  0.00000000    0.00000000 -0.00478625   -0.00777028  0.00000000
  0.00000000  0.00478625    0.26751017  0.00000000    0.00000000 -0.00478625
 -0.00777028  0.00000000    0.00000000  0.00478625    0.26610101  0.00000000
    1    2
 -0.19000423  0.00000000    0.00000000  0.07148599   -0.04271394  0.00000000
  0.00000000  0.07148599   -0.19978346  0.00000000    0.00000000 -0.07148599
 -0.04271394  0.00000000   -0.00000000 -0.07148599   -0.19000423  0.00000000
    2    1
 -0.19000423  0.00000000    0.00000000 -0.07148599   -0.04271394  0.00000000
  0.00000000 -0.07148599   -0.19978346  0.00000000    0.00000000  0.07148599
 -0.04271394  0.00000000    0.00000000  0.07148599   -0.19000423  0.00000000
    2    2
  0.26610101  0.00000000    0.00000000  0.00478625   -0.00777028  0.00000000
  0.00000000 -0.00478625    0.26751017  0.00000000    0.00000000  0.00478625
 -0.00777028  0.00000000    0.00000000 -0.00478625    0.26610101  0.00000000

     Dynamical  Matrix in cartesian axes

     q = (   -0.333333333   0.000000000  -0.333333333 ) 

    1    1
  0.26610101  0.00000000    0.00000000 -0.00478625    0.00777028  0.00000000
  0.00000000  0.00478625    0.26751017  0.00000000    0.00000000  0.00478625
  0.00777028  0.00000000    0.00000000 -0.00478625    0.26610101  0.00000000
    1    2
 -0.09500212 -0.16454849   -0.06190868  0.03574299    0.02135697  0.03699136
 -0.06190868  0.03574299   -0.09989173 -0.17301755   -0.06190868  0.03574299
  0.02135697  0.03699136   -0.06190868  0.03574299   -0.09500212 -0.16454849
    2    1
 -0.09500212  0.16454849   -0.06190868 -0.03574299    0.02135697 -0.03699136
 -0.06190868 -0.03574299   -0.09989173  0.17301755   -0.06190868 -0.03574299
  0.02135697 -0.03699136   -0.06190868 -0.03574299   -0.09500212  0.16454849
    2    2
  0.26610101  0.00000000    0.00000000  0.00478625    0.00777028  0.00000000
  0.00000000 -0.00478625    0.26751017  0.00000000    0.00000000 -0.00478625
  0.00777028  0.00000000    0.00000000  0.00478625    0.26610101  0.00000000

     Dynamical  Matrix in cartesian axes

     q = (    0.000000000   0.333333333  -0.333333333 ) 

    1    1
  0.26751017  0.00000000    0.00000000  0.00478625    0.00000000 -0.00478625
  0.00000000 -0.00478625    0.26610101  0.00000000   -0.00777028  0.00000000
  0.00000000  0.00478625   -0.00777028  0.00000000    0.26610101  0.00000000
    1    2
 -0.19978346  0.00000000    0.00000000  0.07148599    0.00000000 -0.07148599
  0.00000000  0.07148599   -0.19000423  0.00000000   -0.04271394 -0.00000000
 -0.00000000 -0.07148599   -0.04271394 -0.00000000   -0.19000423  0.00000000
    2    1
 -0.19978346  0.00000000   -0.00000000 -0.07148599    0.00000000  0.07148599
 -0.00000000 -0.07148599   -0.19000423  0.00000000   -0.04271394 -0.00000000
  0.00000000  0.07148599   -0.04271394 -0.00000000   -0.19000423  0.00000000
    2    2
  0.26751017  0.00000000    0.00000000 -0.00478625    0.00000000  0.00478625
  0.00000000  0.00478625    0.26610101  0.00000000   -0.00777028  0.00000000
  0.00000000 -0.00478625   -0.00777028  0.00000000    0.26610101  0.00000000

     Dynamical  Matrix in cartesian axes

     q = (   -0.333333333   0.333333333   0.000000000 ) 

    1    1
  0.26610101  0.00000000   -0.00777028  0.00000000    0.00000000  0.00478625
 -0.00777028  0.00000000    0.26610101  0.00000000    0.00000000 -0.00478625
  0.00000000 -0.00478625    0.00000000  0.00478625    0.26751017  0.00000000
    1    2
 -0.19000423  0.00000000   -0.04271394  0.00000000   -0.00000000 -0.07148599
 -0.04271394  0.00000000   -0.19000423  0.00000000    0.00000000  0.07148599
 -0.00000000 -0.07148599    0.00000000  0.07148599   -0.19978346 -0.00000000
    2    1
 -0.19000423 -0.00000000   -0.04271394 -0.00000000    0.00000000  0.07148599
 -0.04271394  0.00000000   -0.19000423  0.00000000   -0.00000000 -0.07148599
  0.00000000  0.07148599   -0.00000000 -0.07148599   -0.19978346  0.00000000
    2    2
  0.26610101  0.00000000   -0.00777028  0.00000000    0.00000000 -0.00478625
 -0.00777028  0.00000000    0.26610101  0.00000000    0.00000000  0.00478625
  0.00000000  0.00478625    0.00000000 -0.00478625    0.26751017  0.00000000

     Dynamical  Matrix in cartesian axes

     q = (    0.000000000   0.333333333   0.333333333 ) 

    1    1
  0.26751017  0.00000000    0.00000000 -0.00478625    0.00000000 -0.00478625
  0.00000000  0.00478625    0.26610101  0.00000000    0.00777028  0.00000000
  0.00000000  0.00478625    0.00777028  0.00000000    0.26610101  0.00000000
    1    2
 -0.09989173  0.17301755   -0.06190868 -0.03574299   -0.06190868 -0.03574299
 -0.06190868 -0.03574299   -0.09500212  0.16454849    0.02135697 -0.03699136
 -0.06190868 -0.03574299    0.02135697 -0.03699136   -0.09500212  0.16454849
    2    1
 -0.09989173 -0.17301755   -0.06190868  0.03574299   -0.06190868  0.03574299
 -0.06190868  0.03574299   -0.09500212 -0.16454849    0.02135697  0.03699136
 -0.06190868  0.03574299    0.02135697  0.03699136   -0.09500212 -0.16454849
    2    2
  0.26751017  0.00000000    0.00000000  0.00478625    0.00000000  0.00478625
  0.00000000 -0.00478625    0.26610101  0.00000000    0.00777028  0.00000000
  0.00000000 -0.00478625    0.00777028  0.00000000    0.26610101  0.00000000

     Dynamical  Matrix in cartesian axes

     q = (    0.000000000  -0.333333333  -0.333333333 ) 

    1    1
  0.26751017  0.00000000    0.00000000  0.00478625    0.00000000  0.00478625
  0.00000000 -0.00478625    0.26610101  0.00000000    0.00777028  0.00000000
  0.00000000 -0.00478625    0.00777028  0.00000000    0.26610101  0.00000000
    1    2
 -0.09989173 -0.17301755   -0.06190868  0.03574299   -0.06190868  0.03574299
 -0.06190868  0.03574299   -0.09500212 -0.16454849    0.02135697  0.03699136
 -0.06190868  0.03574299    0.02135697  0.03699136   -0.09500212 -0.16454849
    2    1
 -0.09989173  0.17301755   -0.06190868 -0.03574299   -0.06190868 -0.03574299
 -0.06190868 -0.03574299   -0.09500212  0.16454849    0.02135697 -0.03699136
 -0.06190868 -0.03574299    0.02135697 -0.03699136   -0.09500212  0.16454849
    2    2
  0.26751017  0.00000000    0.00000000 -0.00478625    0.00000000 -0.00478625
  0.00000000  0.00478625    0.26610101  0.00000000    0.00777028  0.00000000
  0.00000000  0.00478625    0.00777028  0.00000000    0.26610101  0.00000000

     Dynamical  Matrix in cartesian axes

     q = (    0.333333333  -0.333333333   0.000000000 ) 

    1    1
  0.26610101  0.00000000   -0.00777028  0.00000000    0.00000000 -0.00478625
 -0.00777028  0.00000000    0.26610101  0.00000000    0.00000000  0.00478625
  0.00000000  0.00478625    0.00000000 -0.00478625    0.26751017  0.00000000
    1    2
 -0.19000423 -0.00000000   -0.04271394 -0.00000000    0.00000000  0.07148599
 -0.04271394  0.00000000   -0.19000423  0.00000000   -0.00000000 -0.07148599
  0.00000000  0.07148599   -0.00000000 -0.07148599   -0.19978346  0.00000000
    2    1
 -0.19000423  0.00000000   -0.04271394  0.00000000   -0.00000000 -0.07148599
 -0.04271394  0.00000000   -0.19000423  0.00000000    0.00000000  0.07148599
 -0.00000000 -0.07148599    0.00000000  0.07148599   -0.19978346 -0.00000000
    2    2
  0.26610101  0.00000000   -0.00777028  0.00000000    0.00000000  0.00478625
 -0.00777028  0.00000000    0.26610101  0.00000000    0.00000000 -0.00478625
  0.00000000 -0.00478625    0.00000000  0.00478625    0.26751017  0.00000000

     Dynamical  Matrix in cartesian axes

     q = (    0.333333333   0.333333333   0.000000000 ) 

    1    1
  0.26610101  0.00000000    0.00777028  0.00000000   -0.00000000  0.00478625
  0.00777028  0.00000000    0.26610101  0.00000000    0.00000000  0.00478625
 -0.00000000 -0.00478625   -0.00000000 -0.00478625    0.26751017  0.00000000
    1    2
 -0.09500212  0.16454849    0.02135697 -0.03699136   -0.06190868 -0.03574299
  0.02135697 -0.03699136   -0.09500212  0.16454849   -0.06190868 -0.03574299
 -0.06190868 -0.03574299   -0.06190868 -0.03574299   -0.09989173  0.17301755
    2    1
 -0.09500212 -0.16454849    0.02135697  0.03699136   -0.06190868  0.03574299
  0.02135697  0.03699136   -0.09500212 -0.16454849   -0.06190868  0.03574299
 -0.06190868  0.03574299   -0.06190868  0.03574299   -0.09989173 -0.17301755
    2    2
  0.26610101  0.00000000    0.00777028  0.00000000   -0.00000000 -0.00478625
  0.00777028  0.00000000    0.26610101  0.00000000   -0.00000000 -0.00478625
  0.00000000  0.00478625    0.00000000  0.00478625    0.26751017  0.00000000

     Dynamical  Matrix in cartesian axes

     q = (   -0.333333333  -0.333333333   0.000000000 ) 

    1    1
  0.26610101  0.00000000    0.00777028  0.00000000    0.00000000 -0.00478625
  0.00777028  0.00000000    0.26610101  0.00000000   -0.00000000 -0.00478625
  0.00000000  0.00478625    0.00000000  0.00478625    0.26751017  0.00000000
    1    2
 -0.09500212 -0.16454849    0.02135697  0.03699136   -0.06190868  0.03574299
  0.02135697  0.03699136   -0.09500212 -0.16454849   -0.06190868  0.03574299
 -0.06190868  0.03574299   -0.06190868  0.03574299   -0.09989173 -0.17301755
    2    1
 -0.09500212  0.16454849    0.02135697 -0.03699136   -0.06190868 -0.03574299
  0.02135697 -0.03699136   -0.09500212  0.16454849   -0.06190868 -0.03574299
 -0.06190868 -0.03574299   -0.06190868 -0.03574299   -0.09989173  0.17301755
    2    2
  0.26610101  0.00000000    0.00777028  0.00000000   -0.00000000  0.00478625
  0.00777028  0.00000000    0.26610101  0.00000000   -0.00000000  0.00478625
  0.00000000 -0.00478625    0.00000000 -0.00478625    0.26751017  0.00000000

     Dynamical  Matrix in cartesian axes

     q = (    0.000000000  -0.333333333   0.333333333 ) 

    1    1
  0.26751017  0.00000000    0.00000000 -0.00478625    0.00000000  0.00478625
  0.00000000  0.00478625    0.26610101  0.00000000   -0.00777028  0.00000000
  0.00000000 -0.00478625   -0.00777028  0.00000000    0.26610101  0.00000000
    1    2
 -0.19978346  0.00000000   -0.00000000 -0.07148599    0.00000000  0.07148599
 -0.00000000 -0.07148599   -0.19000423  0.00000000   -0.04271394 -0.00000000
  0.00000000  0.07148599   -0.04271394 -0.00000000   -0.19000423  0.00000000
    2    1
 -0.19978346  0.00000000    0.00000000  0.07148599   -0.00000000 -0.07148599
  0.00000000  0.07148599   -0.19000423  0.00000000   -0.04271394 -0.00000000
 -0.00000000 -0.07148599   -0.04271394 -0.00000000   -0.19000423  0.00000000
    2    2
  0.26751017  0.00000000    0.00000000  0.00478625    0.00000000 -0.00478625
  0.00000000 -0.00478625    0.26610101  0.00000000   -0.00777028  0.00000000
  0.00000000  0.00478625   -0.00777028  0.00000000    0.26610101  0.00000000

     Diagonalizing the dynamical matrix

     q = (    0.333333333   0.000000000   0.333333333 ) 

 **************************************************************************
     freq (    1) =       3.290724 [THz] =     109.766740 [cm-1]
 ( -0.250000  0.433013  0.000000  0.000000  0.250000 -0.433013 ) 
 ( -0.500000 -0.000000 -0.000000  0.000000  0.500000  0.000000 ) 
     freq (    2) =       4.319363 [THz] =     144.078433 [cm-1]
 ( -0.060676  0.105094  0.594063  0.342982 -0.060676  0.105094 ) 
 (  0.121352 -0.000000  0.000000  0.685965  0.121352  0.000000 ) 
     freq (    3) =       6.347746 [THz] =     211.738021 [cm-1]
 (  0.240109 -0.415882  0.170543  0.098463  0.240109 -0.415882 ) 
 (  0.480219  0.000000  0.000000 -0.196926  0.480219  0.000000 ) 
     freq (    4) =      13.712868 [THz] =     457.412038 [cm-1]
 (  0.242525 -0.420066  0.148625  0.085808  0.242525 -0.420066 ) 
 ( -0.485050  0.000000 -0.000000  0.171617 -0.485050  0.000000 ) 
     freq (    5) =      14.408787 [THz] =     480.625389 [cm-1]
 (  0.250000 -0.433013 -0.000000  0.000000 -0.250000  0.433013 ) 
 ( -0.500000 -0.000000  0.000000 -0.000000  0.500000  0.000000 ) 
     freq (    6) =      14.518729 [THz] =     484.292655 [cm-1]
 (  0.069624 -0.120592 -0.588145 -0.339566  0.069624 -0.120592 ) 
 (  0.139248  0.000000 -0.000000  0.679132  0.139248  0.000000 ) 
 **************************************************************************
