Dynamical matrix file
                                                                           
  1    2  2 10.3040000  0.0000000  0.0000000  0.0000000  0.0000000  0.0000000
           1  'Si  '    25598.8229845270     
    1    1      0.0000000000      0.0000000000      0.0000000000
    2    1      0.2500000000      0.2500000000      0.2500000000

     Dynamical  Matrix in cartesian axes

     q = (    0.833333333  -0.166666667   0.833333333 ) 

    1    1
  0.24456593  0.00000000   -0.00275875  0.00742210    0.00304374  0.00000000
 -0.00275875 -0.00742210    0.31993201  0.00000000   -0.00275875 -0.00742210
  0.00304374  0.00000000   -0.00275875  0.00742210    0.24456593  0.00000000
    1    2
 -0.02949907  0.05242860   -0.02007418  0.03648784   -0.11745627 -0.12422147
 -0.02007418  0.03648784   -0.02316342  0.06625866   -0.02007418  0.03648784
 -0.11745627 -0.12422147   -0.02007418  0.03648784   -0.02949907  0.05242860
    2    1
 -0.02949907 -0.05242860   -0.02007418 -0.03648784   -0.11745627  0.12422147
 -0.02007418 -0.03648784   -0.02316342 -0.06625866   -0.02007418 -0.03648784
 -0.11745627  0.12422147   -0.02007418 -0.03648784   -0.02949907 -0.05242860
    2    2
  0.24456593  0.00000000   -0.00275875 -0.00742210    0.00304374  0.00000000
 -0.00275875  0.00742210    0.31993201  0.00000000   -0.00275875  0.00742210
  0.00304374  0.00000000   -0.00275875 -0.00742210    0.24456593  0.00000000

     Dynamical  Matrix in cartesian axes

     q = (   -0.833333333  -0.166666667   0.833333333 ) 

    1    1
  0.24456593  0.00000000    0.00275875  0.00742210   -0.00304374  0.00000000
  0.00275875 -0.00742210    0.31993201  0.00000000   -0.00275875  0.00742210
 -0.00304374  0.00000000   -0.00275875 -0.00742210    0.24456593  0.00000000
    1    2
 -0.03065496  0.05176124    0.02156231 -0.03562867   -0.16630708 -0.03960938
  0.02156231 -0.03562867   -0.04579997  0.05318945   -0.02156231  0.03562867
 -0.16630708 -0.03960938   -0.02156231  0.03562867   -0.03065496  0.05176124
    2    1
 -0.03065496 -0.05176124    0.02156231  0.03562867   -0.16630708  0.03960938
  0.02156231  0.03562867   -0.04579997 -0.05318945   -0.02156231 -0.03562867
 -0.16630708  0.03960938   -0.02156231 -0.03562867   -0.03065496 -0.05176124
    2    2
  0.24456593  0.00000000    0.00275875 -0.00742210   -0.00304374  0.00000000
  0.00275875  0.00742210    0.31993201  0.00000000   -0.00275875 -0.00742210
 -0.00304374  0.00000000   -0.00275875  0.00742210    0.24456593  0.00000000

     Dynamical  Matrix in cartesian axes

     q = (    0.833333333  -0.166666667  -0.833333333 ) 

    1    1
  0.24456593  0.00000000   -0.00275875 -0.00742210   -0.00304374  0.00000000
 -0.00275875  0.00742210    0.31993201  0.00000000    0.00275875 -0.00742210
 -0.00304374  0.00000000    0.00275875  0.00742210    0.24456593  0.00000000
    1    2
 -0.03065496  0.05176124   -0.02156231  0.03562867   -0.16630708 -0.03960938
 -0.02156231  0.03562867   -0.04579997  0.05318945    0.02156231 -0.03562867
 -0.16630708 -0.03960938    0.02156231 -0.03562867   -0.03065496  0.05176124
    2    1
 -0.03065496 -0.05176124   -0.02156231 -0.03562867   -0.16630708  0.03960938
 -0.02156231 -0.03562867   -0.04579997 -0.05318945    0.02156231  0.03562867
 -0.16630708  0.03960938    0.02156231  0.03562867   -0.03065496 -0.05176124
    2    2
  0.24456593  0.00000000   -0.00275875  0.00742210   -0.00304374  0.00000000
 -0.00275875 -0.00742210    0.31993201  0.00000000    0.00275875  0.00742210
 -0.00304374  0.00000000    0.00275875 -0.00742210    0.24456593  0.00000000

     Dynamical  Matrix in cartesian axes

     q = (   -0.833333333  -0.166666667  -0.833333333 ) 

    1    1
  0.24456593  0.00000000    0.00275875 -0.00742210    0.00304374  0.00000000
  0.00275875  0.00742210    0.31993201  0.00000000    0.00275875  0.00742210
  0.00304374  0.00000000    0.00275875 -0.00742210    0.24456593  0.00000000
    1    2
  0.03065496  0.05176124   -0.02156231 -0.03562867   -0.16630708  0.03960938
 -0.02156231 -0.03562867    0.04579997  0.05318945   -0.02156231 -0.03562867
 -0.16630708  0.03960938   -0.02156231 -0.03562867    0.03065496  0.05176124
    2    1
  0.03065496 -0.05176124   -0.02156231  0.03562867   -0.16630708 -0.03960938
 -0.02156231  0.03562867    0.04579997 -0.05318945   -0.02156231  0.03562867
 -0.16630708 -0.03960938   -0.02156231  0.03562867    0.03065496 -0.05176124
    2    2
  0.24456593  0.00000000    0.00275875  0.00742210    0.00304374  0.00000000
  0.00275875 -0.00742210    0.31993201  0.00000000    0.00275875 -0.00742210
  0.00304374  0.00000000    0.00275875  0.00742210    0.24456593  0.00000000

     Dynamical  Matrix in cartesian axes

     q = (   -0.166666667   0.833333333  -0.833333333 ) 

    1    1
  0.31993201  0.00000000   -0.00275875  0.00742210    0.00275875 -0.00742210
 -0.00275875 -0.00742210    0.24456593  0.00000000   -0.00304374  0.00000000
  0.00275875  0.00742210   -0.00304374  0.00000000    0.24456593  0.00000000
    1    2
 -0.04579997  0.05318945   -0.02156231  0.03562867    0.02156231 -0.03562867
 -0.02156231  0.03562867   -0.03065496  0.05176124   -0.16630708 -0.03960938
  0.02156231 -0.03562867   -0.16630708 -0.03960938   -0.03065496  0.05176124
    2    1
 -0.04579997 -0.05318945   -0.02156231 -0.03562867    0.02156231  0.03562867
 -0.02156231 -0.03562867   -0.03065496 -0.05176124   -0.16630708  0.03960938
  0.02156231  0.03562867   -0.16630708  0.03960938   -0.03065496 -0.05176124
    2    2
  0.31993201  0.00000000   -0.00275875 -0.00742210    0.00275875  0.00742210
 -0.00275875  0.00742210    0.24456593  0.00000000   -0.00304374  0.00000000
  0.00275875 -0.00742210   -0.00304374  0.00000000    0.24456593  0.00000000

     Dynamical  Matrix in cartesian axes

     q = (   -0.833333333   0.833333333  -0.166666667 ) 

    1    1
  0.24456593  0.00000000   -0.00304374  0.00000000    0.00275875  0.00742210
 -0.00304374  0.00000000    0.24456593  0.00000000   -0.00275875 -0.00742210
  0.00275875 -0.00742210   -0.00275875  0.00742210    0.31993201  0.00000000
    1    2
 -0.03065496  0.05176124   -0.16630708 -0.03960938    0.02156231 -0.03562867
 -0.16630708 -0.03960938   -0.03065496  0.05176124   -0.02156231  0.03562867
  0.02156231 -0.03562867   -0.02156231  0.03562867   -0.04579997  0.05318945
    2    1
 -0.03065496 -0.05176124   -0.16630708  0.03960938    0.02156231  0.03562867
 -0.16630708  0.03960938   -0.03065496 -0.05176124   -0.02156231 -0.03562867
  0.02156231  0.03562867   -0.02156231 -0.03562867   -0.04579997 -0.05318945
    2    2
  0.24456593  0.00000000   -0.00304374  0.00000000    0.00275875 -0.00742210
 -0.00304374  0.00000000    0.24456593  0.00000000   -0.00275875  0.00742210
  0.00275875  0.00742210   -0.00275875 -0.00742210    0.31993201  0.00000000

     Dynamical  Matrix in cartesian axes

     q = (    0.833333333   0.166666667   0.833333333 ) 

    1    1
  0.24456593  0.00000000    0.00275875  0.00742210    0.00304374  0.00000000
  0.00275875 -0.00742210    0.31993201  0.00000000    0.00275875 -0.00742210
  0.00304374  0.00000000    0.00275875  0.00742210    0.24456593  0.00000000
    1    2
  0.03065496 -0.05176124   -0.02156231  0.03562867   -0.16630708 -0.03960938
 -0.02156231  0.03562867    0.04579997 -0.05318945   -0.02156231  0.03562867
 -0.16630708 -0.03960938   -0.02156231  0.03562867    0.03065496 -0.05176124
    2    1
  0.03065496  0.05176124   -0.02156231 -0.03562867   -0.16630708  0.03960938
 -0.02156231 -0.03562867    0.04579997  0.05318945   -0.02156231 -0.03562867
 -0.16630708  0.03960938   -0.02156231 -0.03562867    0.03065496  0.05176124
    2    2
  0.24456593  0.00000000    0.00275875 -0.00742210    0.00304374  0.00000000
  0.00275875  0.00742210    0.31993201  0.00000000    0.00275875  0.00742210
  0.00304374  0.00000000    0.00275875 -0.00742210    0.24456593  0.00000000

     Dynamical  Matrix in cartesian axes

     q = (   -0.833333333   0.166666667   0.833333333 ) 

    1    1
  0.24456593  0.00000000   -0.00275875  0.00742210   -0.00304374  0.00000000
 -0.00275875 -0.00742210    0.31993201  0.00000000    0.00275875  0.00742210
 -0.00304374  0.00000000    0.00275875 -0.00742210    0.24456593  0.00000000
    1    2
 -0.03065496 -0.05176124   -0.02156231 -0.03562867   -0.16630708  0.03960938
 -0.02156231 -0.03562867   -0.04579997 -0.05318945    0.02156231  0.03562867
 -0.16630708  0.03960938    0.02156231  0.03562867   -0.03065496 -0.05176124
    2    1
 -0.03065496  0.05176124   -0.02156231  0.03562867   -0.16630708 -0.03960938
 -0.02156231  0.03562867   -0.04579997  0.05318945    0.02156231 -0.03562867
 -0.16630708 -0.03960938    0.02156231 -0.03562867   -0.03065496  0.05176124
    2    2
  0.24456593  0.00000000   -0.00275875 -0.00742210   -0.00304374  0.00000000
 -0.00275875  0.00742210    0.31993201  0.00000000    0.00275875 -0.00742210
 -0.00304374  0.00000000    0.00275875  0.00742210    0.24456593  0.00000000

     Dynamical  Matrix in cartesian axes

     q = (    0.833333333   0.166666667  -0.833333333 ) 

    1    1
  0.24456593  0.00000000    0.00275875 -0.00742210   -0.00304374  0.00000000
  0.00275875  0.00742210    0.31993201  0.00000000   -0.00275875 -0.00742210
 -0.00304374  0.00000000   -0.00275875  0.00742210    0.24456593  0.00000000
    1    2
 -0.03065496 -0.05176124    0.02156231  0.03562867   -0.16630708  0.03960938
  0.02156231  0.03562867   -0.04579997 -0.05318945   -0.02156231 -0.03562867
 -0.16630708  0.03960938   -0.02156231 -0.03562867   -0.03065496 -0.05176124
    2    1
 -0.03065496  0.05176124    0.02156231 -0.03562867   -0.16630708 -0.03960938
  0.02156231 -0.03562867   -0.04579997  0.05318945   -0.02156231  0.03562867
 -0.16630708 -0.03960938   -0.02156231  0.03562867   -0.03065496  0.05176124
    2    2
  0.24456593  0.00000000    0.00275875  0.00742210   -0.00304374  0.00000000
  0.00275875 -0.00742210    0.31993201  0.00000000   -0.00275875  0.00742210
 -0.00304374  0.00000000   -0.00275875 -0.00742210    0.24456593  0.00000000

     Dynamical  Matrix in cartesian axes

     q = (   -0.166666667   0.833333333   0.833333333 ) 

    1    1
  0.31993201  0.00000000   -0.00275875 -0.00742210   -0.00275875 -0.00742210
 -0.00275875  0.00742210    0.24456593  0.00000000    0.00304374  0.00000000
 -0.00275875  0.00742210    0.00304374  0.00000000    0.24456593  0.00000000
    1    2
 -0.02316342  0.06625866   -0.02007418  0.03648784   -0.02007418  0.03648784
 -0.02007418  0.03648784   -0.02949907  0.05242860   -0.11745627 -0.12422147
 -0.02007418  0.03648784   -0.11745627 -0.12422147   -0.02949907  0.05242860
    2    1
 -0.02316342 -0.06625866   -0.02007418 -0.03648784   -0.02007418 -0.03648784
 -0.02007418 -0.03648784   -0.02949907 -0.05242860   -0.11745627  0.12422147
 -0.02007418 -0.03648784   -0.11745627  0.12422147   -0.02949907 -0.05242860
    2    2
  0.31993201  0.00000000   -0.00275875  0.00742210   -0.00275875  0.00742210
 -0.00275875 -0.00742210    0.24456593  0.00000000    0.00304374  0.00000000
 -0.00275875 -0.00742210    0.00304374  0.00000000    0.24456593  0.00000000

     Dynamical  Matrix in cartesian axes

     q = (    0.166666667   0.833333333  -0.833333333 ) 

    1    1
  0.31993201  0.00000000    0.00275875  0.00742210   -0.00275875 -0.00742210
  0.00275875 -0.00742210    0.24456593  0.00000000   -0.00304374  0.00000000
 -0.00275875  0.00742210   -0.00304374  0.00000000    0.24456593  0.00000000
    1    2
 -0.04579997 -0.05318945    0.02156231  0.03562867   -0.02156231 -0.03562867
  0.02156231  0.03562867   -0.03065496 -0.05176124   -0.16630708  0.03960938
 -0.02156231 -0.03562867   -0.16630708  0.03960938   -0.03065496 -0.05176124
    2    1
 -0.04579997  0.05318945    0.02156231 -0.03562867   -0.02156231  0.03562867
  0.02156231 -0.03562867   -0.03065496  0.05176124   -0.16630708 -0.03960938
 -0.02156231  0.03562867   -0.16630708 -0.03960938   -0.03065496  0.05176124
    2    2
  0.31993201  0.00000000    0.00275875 -0.00742210   -0.00275875  0.00742210
  0.00275875  0.00742210    0.24456593  0.00000000   -0.00304374  0.00000000
 -0.00275875 -0.00742210   -0.00304374  0.00000000    0.24456593  0.00000000

     Dynamical  Matrix in cartesian axes

     q = (   -0.166666667  -0.833333333  -0.833333333 ) 

    1    1
  0.31993201  0.00000000    0.00275875  0.00742210    0.00275875  0.00742210
  0.00275875 -0.00742210    0.24456593  0.00000000    0.00304374  0.00000000
  0.00275875 -0.00742210    0.00304374  0.00000000    0.24456593  0.00000000
    1    2
  0.04579997  0.05318945   -0.02156231 -0.03562867   -0.02156231 -0.03562867
 -0.02156231 -0.03562867    0.03065496  0.05176124   -0.16630708  0.03960938
 -0.02156231 -0.03562867   -0.16630708  0.03960938    0.03065496  0.05176124
    2    1
  0.04579997 -0.05318945   -0.02156231  0.03562867   -0.02156231  0.03562867
 -0.02156231  0.03562867    0.03065496 -0.05176124   -0.16630708 -0.03960938
 -0.02156231  0.03562867   -0.16630708 -0.03960938    0.03065496 -0.05176124
    2    2
  0.31993201  0.00000000    0.00275875 -0.00742210    0.00275875 -0.00742210
  0.00275875  0.00742210    0.24456593  0.00000000    0.00304374  0.00000000
  0.00275875  0.00742210    0.00304374  0.00000000    0.24456593  0.00000000

     Dynamical  Matrix in cartesian axes

     q = (    0.833333333  -0.833333333   0.166666667 ) 

    1    1
  0.24456593  0.00000000   -0.00304374  0.00000000    0.00275875 -0.00742210
 -0.00304374  0.00000000    0.24456593  0.00000000   -0.00275875  0.00742210
  0.00275875  0.00742210   -0.00275875 -0.00742210    0.31993201  0.00000000
    1    2
 -0.03065496 -0.05176124   -0.16630708  0.03960938    0.02156231  0.03562867
 -0.16630708  0.03960938   -0.03065496 -0.05176124   -0.02156231 -0.03562867
  0.02156231  0.03562867   -0.02156231 -0.03562867   -0.04579997 -0.05318945
    2    1
 -0.03065496  0.05176124   -0.16630708 -0.03960938    0.02156231 -0.03562867
 -0.16630708 -0.03960938   -0.03065496  0.05176124   -0.02156231  0.03562867
  0.02156231 -0.03562867   -0.02156231  0.03562867   -0.04579997  0.05318945
    2    2
  0.24456593  0.00000000   -0.00304374  0.00000000    0.00275875  0.00742210
 -0.00304374  0.00000000    0.24456593  0.00000000   -0.00275875 -0.00742210
  0.00275875 -0.00742210   -0.00275875  0.00742210    0.31993201  0.00000000

     Dynamical  Matrix in cartesian axes

     q = (    0.833333333   0.833333333  -0.166666667 ) 

    1    1
  0.24456593  0.00000000    0.00304374  0.00000000   -0.00275875  0.00742210
  0.00304374  0.00000000    0.24456593  0.00000000   -0.00275875  0.00742210
 -0.00275875 -0.00742210   -0.00275875 -0.00742210    0.31993201  0.00000000
    1    2
 -0.02949907  0.05242860   -0.11745627 -0.12422147   -0.02007418  0.03648784
 -0.11745627 -0.12422147   -0.02949907  0.05242860   -0.02007418  0.03648784
 -0.02007418  0.03648784   -0.02007418  0.03648784   -0.02316342  0.06625866
    2    1
 -0.02949907 -0.05242860   -0.11745627  0.12422147   -0.02007418 -0.03648784
 -0.11745627  0.12422147   -0.02949907 -0.05242860   -0.02007418 -0.03648784
 -0.02007418 -0.03648784   -0.02007418 -0.03648784   -0.02316342 -0.06625866
    2    2
  0.24456593  0.00000000    0.00304374  0.00000000   -0.00275875 -0.00742210
  0.00304374  0.00000000    0.24456593  0.00000000   -0.00275875 -0.00742210
 -0.00275875  0.00742210   -0.00275875  0.00742210    0.31993201  0.00000000

     Dynamical  Matrix in cartesian axes

     q = (   -0.833333333  -0.833333333  -0.166666667 ) 

    1    1
  0.24456593  0.00000000    0.00304374  0.00000000    0.00275875 -0.00742210
  0.00304374  0.00000000    0.24456593  0.00000000    0.00275875 -0.00742210
  0.00275875  0.00742210    0.00275875  0.00742210    0.31993201  0.00000000
    1    2
  0.03065496  0.05176124   -0.16630708  0.03960938   -0.02156231 -0.03562867
 -0.16630708  0.03960938    0.03065496  0.05176124   -0.02156231 -0.03562867
 -0.02156231 -0.03562867   -0.02156231 -0.03562867    0.04579997  0.05318945
    2    1
  0.03065496 -0.05176124   -0.16630708 -0.03960938   -0.02156231  0.03562867
 -0.16630708 -0.03960938    0.03065496 -0.05176124   -0.02156231  0.03562867
 -0.02156231  0.03562867   -0.02156231  0.03562867    0.04579997 -0.05318945
    2    2
  0.24456593  0.00000000    0.00304374  0.00000000    0.00275875  0.00742210
  0.00304374  0.00000000    0.24456593  0.00000000    0.00275875  0.00742210
  0.00275875 -0.00742210    0.00275875 -0.00742210    0.31993201  0.00000000

     Dynamical  Matrix in cartesian axes

     q = (   -0.833333333   0.833333333   0.166666667 ) 

    1    1
  0.24456593  0.00000000   -0.00304374  0.00000000   -0.00275875  0.00742210
 -0.00304374  0.00000000    0.24456593  0.00000000    0.00275875 -0.00742210
 -0.00275875 -0.00742210    0.00275875  0.00742210    0.31993201  0.00000000
    1    2
 -0.03065496 -0.05176124   -0.16630708  0.03960938   -0.02156231 -0.03562867
 -0.16630708  0.03960938   -0.03065496 -0.05176124    0.02156231  0.03562867
 -0.02156231 -0.03562867    0.02156231  0.03562867   -0.04579997 -0.05318945
    2    1
 -0.03065496  0.05176124   -0.16630708 -0.03960938   -0.02156231  0.03562867
 -0.16630708 -0.03960938   -0.03065496  0.05176124    0.02156231 -0.03562867
 -0.02156231  0.03562867    0.02156231 -0.03562867   -0.04579997  0.05318945
    2    2
  0.24456593  0.00000000   -0.00304374  0.00000000   -0.00275875 -0.00742210
 -0.00304374  0.00000000    0.24456593  0.00000000    0.00275875  0.00742210
 -0.00275875  0.00742210    0.00275875 -0.00742210    0.31993201  0.00000000

     Dynamical  Matrix in cartesian axes

     q = (    0.166666667  -0.833333333   0.833333333 ) 

    1    1
  0.31993201  0.00000000   -0.00275875 -0.00742210    0.00275875  0.00742210
 -0.00275875  0.00742210    0.24456593  0.00000000   -0.00304374  0.00000000
  0.00275875 -0.00742210   -0.00304374  0.00000000    0.24456593  0.00000000
    1    2
 -0.04579997 -0.05318945   -0.02156231 -0.03562867    0.02156231  0.03562867
 -0.02156231 -0.03562867   -0.03065496 -0.05176124   -0.16630708  0.03960938
  0.02156231  0.03562867   -0.16630708  0.03960938   -0.03065496 -0.05176124
    2    1
 -0.04579997  0.05318945   -0.02156231  0.03562867    0.02156231 -0.03562867
 -0.02156231  0.03562867   -0.03065496  0.05176124   -0.16630708 -0.03960938
  0.02156231 -0.03562867   -0.16630708 -0.03960938   -0.03065496  0.05176124
    2    2
  0.31993201  0.00000000   -0.00275875  0.00742210    0.00275875 -0.00742210
 -0.00275875 -0.00742210    0.24456593  0.00000000   -0.00304374  0.00000000
  0.00275875  0.00742210   -0.00304374  0.00000000    0.24456593  0.00000000

     Dynamical  Matrix in cartesian axes

     q = (    0.166666667   0.833333333   0.833333333 ) 

    1    1
  0.31993201  0.00000000    0.00275875 -0.00742210    0.00275875 -0.00742210
  0.00275875  0.00742210    0.24456593  0.00000000    0.00304374  0.00000000
  0.00275875  0.00742210    0.00304374  0.00000000    0.24456593  0.00000000
    1    2
  0.04579997 -0.05318945   -0.02156231  0.03562867   -0.02156231  0.03562867
 -0.02156231  0.03562867    0.03065496 -0.05176124   -0.16630708 -0.03960938
 -0.02156231  0.03562867   -0.16630708 -0.03960938    0.03065496 -0.05176124
    2    1
  0.04579997  0.05318945   -0.02156231 -0.03562867   -0.02156231 -0.03562867
 -0.02156231 -0.03562867    0.03065496  0.05176124   -0.16630708  0.03960938
 -0.02156231 -0.03562867   -0.16630708  0.03960938    0.03065496  0.05176124
    2    2
  0.31993201  0.00000000    0.00275875  0.00742210    0.00275875  0.00742210
  0.00275875 -0.00742210    0.24456593  0.00000000    0.00304374  0.00000000
  0.00275875 -0.00742210    0.00304374  0.00000000    0.24456593  0.00000000

     Dynamical  Matrix in cartesian axes

     q = (   -0.833333333   0.166666667  -0.833333333 ) 

    1    1
  0.24456593  0.00000000   -0.00275875 -0.00742210    0.00304374  0.00000000
 -0.00275875  0.00742210    0.31993201  0.00000000   -0.00275875  0.00742210
  0.00304374  0.00000000   -0.00275875 -0.00742210    0.24456593  0.00000000
    1    2
 -0.02949907 -0.05242860   -0.02007418 -0.03648784   -0.11745627  0.12422147
 -0.02007418 -0.03648784   -0.02316342 -0.06625866   -0.02007418 -0.03648784
 -0.11745627  0.12422147   -0.02007418 -0.03648784   -0.02949907 -0.05242860
    2    1
 -0.02949907  0.05242860   -0.02007418  0.03648784   -0.11745627 -0.12422147
 -0.02007418  0.03648784   -0.02316342  0.06625866   -0.02007418  0.03648784
 -0.11745627 -0.12422147   -0.02007418  0.03648784   -0.02949907  0.05242860
    2    2
  0.24456593  0.00000000   -0.00275875  0.00742210    0.00304374  0.00000000
 -0.00275875 -0.00742210    0.31993201  0.00000000   -0.00275875 -0.00742210
  0.00304374  0.00000000   -0.00275875  0.00742210    0.24456593  0.00000000

     Dynamical  Matrix in cartesian axes

     q = (   -0.166666667  -0.833333333   0.833333333 ) 

    1    1
  0.31993201  0.00000000    0.00275875 -0.00742210   -0.00275875  0.00742210
  0.00275875  0.00742210    0.24456593  0.00000000   -0.00304374  0.00000000
 -0.00275875 -0.00742210   -0.00304374  0.00000000    0.24456593  0.00000000
    1    2
 -0.04579997  0.05318945    0.02156231 -0.03562867   -0.02156231  0.03562867
  0.02156231 -0.03562867   -0.03065496  0.05176124   -0.16630708 -0.03960938
 -0.02156231  0.03562867   -0.16630708 -0.03960938   -0.03065496  0.05176124
    2    1
 -0.04579997 -0.05318945    0.02156231  0.03562867   -0.02156231 -0.03562867
  0.02156231  0.03562867   -0.03065496 -0.05176124   -0.16630708  0.03960938
 -0.02156231 -0.03562867   -0.16630708  0.03960938   -0.03065496 -0.05176124
    2    2
  0.31993201  0.00000000    0.00275875  0.00742210   -0.00275875 -0.00742210
  0.00275875 -0.00742210    0.24456593  0.00000000   -0.00304374  0.00000000
 -0.00275875  0.00742210   -0.00304374  0.00000000    0.24456593  0.00000000

     Dynamical  Matrix in cartesian axes

     q = (   -0.833333333  -0.833333333   0.166666667 ) 

    1    1
  0.24456593  0.00000000    0.00304374  0.00000000   -0.00275875 -0.00742210
  0.00304374  0.00000000    0.24456593  0.00000000   -0.00275875 -0.00742210
 -0.00275875  0.00742210   -0.00275875  0.00742210    0.31993201  0.00000000
    1    2
 -0.02949907 -0.05242860   -0.11745627  0.12422147   -0.02007418 -0.03648784
 -0.11745627  0.12422147   -0.02949907 -0.05242860   -0.02007418 -0.03648784
 -0.02007418 -0.03648784   -0.02007418 -0.03648784   -0.02316342 -0.06625866
    2    1
 -0.02949907  0.05242860   -0.11745627 -0.12422147   -0.02007418  0.03648784
 -0.11745627 -0.12422147   -0.02949907  0.05242860   -0.02007418  0.03648784
 -0.02007418  0.03648784   -0.02007418  0.03648784   -0.02316342  0.06625866
    2    2
  0.24456593  0.00000000    0.00304374  0.00000000   -0.00275875  0.00742210
  0.00304374  0.00000000    0.24456593  0.00000000   -0.00275875  0.00742210
 -0.00275875 -0.00742210   -0.00275875 -0.00742210    0.31993201  0.00000000

     Dynamical  Matrix in cartesian axes

     q = (    0.833333333   0.833333333   0.166666667 ) 

    1    1
  0.24456593  0.00000000    0.00304374  0.00000000    0.00275875  0.00742210
  0.00304374  0.00000000    0.24456593  0.00000000    0.00275875  0.00742210
  0.00275875 -0.00742210    0.00275875 -0.00742210    0.31993201  0.00000000
    1    2
  0.03065496 -0.05176124   -0.16630708 -0.03960938   -0.02156231  0.03562867
 -0.16630708 -0.03960938    0.03065496 -0.05176124   -0.02156231  0.03562867
 -0.02156231  0.03562867   -0.02156231  0.03562867    0.04579997 -0.05318945
    2    1
  0.03065496  0.05176124   -0.16630708  0.03960938   -0.02156231 -0.03562867
 -0.16630708  0.03960938    0.03065496  0.05176124   -0.02156231 -0.03562867
 -0.02156231 -0.03562867   -0.02156231 -0.03562867    0.04579997  0.05318945
    2    2
  0.24456593  0.00000000    0.00304374  0.00000000    0.00275875 -0.00742210
  0.00304374  0.00000000    0.24456593  0.00000000    0.00275875 -0.00742210
  0.00275875  0.00742210    0.00275875  0.00742210    0.31993201  0.00000000

     Dynamical  Matrix in cartesian axes

     q = (    0.166666667  -0.833333333  -0.833333333 ) 

    1    1
  0.31993201  0.00000000   -0.00275875  0.00742210   -0.00275875  0.00742210
 -0.00275875 -0.00742210    0.24456593  0.00000000    0.00304374  0.00000000
 -0.00275875 -0.00742210    0.00304374  0.00000000    0.24456593  0.00000000
    1    2
 -0.02316342 -0.06625866   -0.02007418 -0.03648784   -0.02007418 -0.03648784
 -0.02007418 -0.03648784   -0.02949907 -0.05242860   -0.11745627  0.12422147
 -0.02007418 -0.03648784   -0.11745627  0.12422147   -0.02949907 -0.05242860
    2    1
 -0.02316342  0.06625866   -0.02007418  0.03648784   -0.02007418  0.03648784
 -0.02007418  0.03648784   -0.02949907  0.05242860   -0.11745627 -0.12422147
 -0.02007418  0.03648784   -0.11745627 -0.12422147   -0.02949907  0.05242860
    2    2
  0.31993201  0.00000000   -0.00275875 -0.00742210   -0.00275875 -0.00742210
 -0.00275875  0.00742210    0.24456593  0.00000000    0.00304374  0.00000000
 -0.00275875  0.00742210    0.00304374  0.00000000    0.24456593  0.00000000

     Dynamical  Matrix in cartesian axes

     q = (    0.833333333  -0.833333333  -0.166666667 ) 

    1    1
  0.24456593  0.00000000   -0.00304374  0.00000000   -0.00275875 -0.00742210
 -0.00304374  0.00000000    0.24456593  0.00000000    0.00275875  0.00742210
 -0.00275875  0.00742210    0.00275875 -0.00742210    0.31993201  0.00000000
    1    2
 -0.03065496  0.05176124   -0.16630708 -0.03960938   -0.02156231  0.03562867
 -0.16630708 -0.03960938   -0.03065496  0.05176124    0.02156231 -0.03562867
 -0.02156231  0.03562867    0.02156231 -0.03562867   -0.04579997  0.05318945
    2    1
 -0.03065496 -0.05176124   -0.16630708  0.03960938   -0.02156231 -0.03562867
 -0.16630708  0.03960938   -0.03065496 -0.05176124    0.02156231  0.03562867
 -0.02156231 -0.03562867    0.02156231  0.03562867   -0.04579997 -0.05318945
    2    2
  0.24456593  0.00000000   -0.00304374  0.00000000   -0.00275875  0.00742210
 -0.00304374  0.00000000    0.24456593  0.00000000    0.00275875 -0.00742210
 -0.00275875 -0.00742210    0.00275875  0.00742210    0.31993201  0.00000000

     Diagonalizing the dynamical matrix

     q = (    0.833333333  -0.166666667   0.833333333 ) 

 **************************************************************************
     freq (    1) =       4.322207 [THz] =     144.173322 [cm-1]
 (  0.222861  0.447586  0.000000  0.000000 -0.222861 -0.447586 ) 
 ( -0.500000  0.000000 -0.000000  0.000000  0.500000  0.000000 ) 
     freq (    2) =       5.529830 [THz] =     184.455269 [cm-1]
 ( -0.444209 -0.195405 -0.125006  0.115598 -0.444209 -0.195405 ) 
 ( -0.485289  0.000000 -0.067878 -0.156147 -0.485289  0.000000 ) 
     freq (    3) =      10.150172 [THz] =     338.573290 [cm-1]
 ( -0.132569  0.126613 -0.491336 -0.437468 -0.132569  0.126613 ) 
 (  0.183318 -0.000000  0.053170 -0.655715  0.183318  0.000000 ) 
     freq (    4) =      12.328574 [THz] =     411.236952 [cm-1]
 ( -0.173254 -0.212643  0.583863  0.092932 -0.173254 -0.212643 ) 
 (  0.274288 -0.000000 -0.440842 -0.393942  0.274288  0.000000 ) 
     freq (    5) =      13.621578 [THz] =     454.366927 [cm-1]
 (  0.222861  0.447586 -0.000000  0.000000 -0.222861 -0.447586 ) 
 (  0.500000 -0.000000  0.000000  0.000000 -0.500000  0.000000 ) 
     freq (    6) =      13.939479 [THz] =     464.970986 [cm-1]
 (  0.364346  0.151351  0.331380 -0.280849  0.364346  0.151351 ) 
 ( -0.394532  0.000000 -0.198287 -0.386486 -0.394532  0.000000 ) 
 **************************************************************************
