Dynamical matrix file
                                                                           
  1    2  2 10.3040000  0.0000000  0.0000000  0.0000000  0.0000000  0.0000000
           1  'Si  '    25598.8229845270     
    1    1      0.0000000000      0.0000000000      0.0000000000
    2    1      0.2500000000      0.2500000000      0.2500000000

     Dynamical  Matrix in cartesian axes

     q = (   -0.166666667   0.500000000  -0.166666667 ) 

    1    1
  0.25520610 -0.00000000   -0.00674103  0.00547299    0.00435180 -0.00000000
 -0.00674103 -0.00547299    0.29582450 -0.00000000   -0.00674103 -0.00547299
  0.00435180 -0.00000000   -0.00674103  0.00547299    0.25520610 -0.00000000
    1    2
 -0.15633256  0.05669848   -0.02082312  0.03699670   -0.02001142 -0.11457669
 -0.02082312  0.03699670   -0.16324093  0.06676318   -0.02082312  0.03699670
 -0.02001142 -0.11457669   -0.02082312  0.03699670   -0.15633256  0.05669848
    2    1
 -0.15633256 -0.05669848   -0.02082312 -0.03699670   -0.02001142  0.11457669
 -0.02082312 -0.03699670   -0.16324093 -0.06676318   -0.02082312 -0.03699670
 -0.02001142  0.11457669   -0.02082312 -0.03699670   -0.15633256 -0.05669848
    2    2
  0.25520610  0.00000000   -0.00674103 -0.00547299    0.00435180  0.00000000
 -0.00674103  0.00547299    0.29582450  0.00000000   -0.00674103  0.00547299
  0.00435180  0.00000000   -0.00674103 -0.00547299    0.25520610  0.00000000

     Dynamical  Matrix in cartesian axes

     q = (    0.166666667   0.500000000   0.166666667 ) 

    1    1
  0.25520610  0.00000000    0.00674103 -0.00547299    0.00435180  0.00000000
  0.00674103  0.00547299    0.29582450  0.00000000    0.00674103  0.00547299
  0.00435180  0.00000000    0.00674103 -0.00547299    0.25520610  0.00000000
    1    2
 -0.02906396  0.16373721   -0.02162852 -0.03653170   -0.10923204 -0.03995795
 -0.02162852 -0.03653170   -0.02380186  0.17475238   -0.02162852 -0.03653170
 -0.10923204 -0.03995795   -0.02162852 -0.03653170   -0.02906396  0.16373721
    2    1
 -0.02906396 -0.16373721   -0.02162852  0.03653170   -0.10923204  0.03995795
 -0.02162852  0.03653170   -0.02380186 -0.17475238   -0.02162852  0.03653170
 -0.10923204  0.03995795   -0.02162852  0.03653170   -0.02906396 -0.16373721
    2    2
  0.25520610 -0.00000000    0.00674103  0.00547299    0.00435180 -0.00000000
  0.00674103 -0.00547299    0.29582450 -0.00000000    0.00674103 -0.00547299
  0.00435180 -0.00000000    0.00674103  0.00547299    0.25520610 -0.00000000

     Dynamical  Matrix in cartesian axes

     q = (   -0.166666667   0.500000000   0.166666667 ) 

    1    1
  0.25520610  0.00000000   -0.00674103 -0.00547299   -0.00435180  0.00000000
 -0.00674103  0.00547299    0.29582450  0.00000000    0.00674103 -0.00547299
 -0.00435180  0.00000000    0.00674103  0.00547299    0.25520610  0.00000000
    1    2
 -0.12726860  0.10703873   -0.04245164 -0.00046500   -0.08922062 -0.07461874
 -0.04245164 -0.00046500   -0.13943907  0.10798920    0.04245164  0.00046500
 -0.08922062 -0.07461874    0.04245164  0.00046500   -0.12726860  0.10703873
    2    1
 -0.12726860 -0.10703873   -0.04245164  0.00046500   -0.08922062  0.07461874
 -0.04245164  0.00046500   -0.13943907 -0.10798920    0.04245164 -0.00046500
 -0.08922062  0.07461874    0.04245164 -0.00046500   -0.12726860 -0.10703873
    2    2
  0.25520610  0.00000000   -0.00674103  0.00547299   -0.00435180  0.00000000
 -0.00674103 -0.00547299    0.29582450 -0.00000000    0.00674103  0.00547299
 -0.00435180  0.00000000    0.00674103 -0.00547299    0.25520610  0.00000000

     Dynamical  Matrix in cartesian axes

     q = (    0.166666667   0.500000000  -0.166666667 ) 

    1    1
  0.25520610  0.00000000    0.00674103  0.00547299   -0.00435180  0.00000000
  0.00674103 -0.00547299    0.29582450 -0.00000000   -0.00674103  0.00547299
 -0.00435180  0.00000000   -0.00674103 -0.00547299    0.25520610  0.00000000
    1    2
 -0.12726860  0.10703873    0.04245164  0.00046500   -0.08922062 -0.07461874
  0.04245164  0.00046500   -0.13943907  0.10798920   -0.04245164 -0.00046500
 -0.08922062 -0.07461874   -0.04245164 -0.00046500   -0.12726860  0.10703873
    2    1
 -0.12726860 -0.10703873    0.04245164 -0.00046500   -0.08922062  0.07461874
  0.04245164 -0.00046500   -0.13943907 -0.10798920   -0.04245164  0.00046500
 -0.08922062  0.07461874   -0.04245164  0.00046500   -0.12726860 -0.10703873
    2    2
  0.25520610  0.00000000    0.00674103 -0.00547299   -0.00435180  0.00000000
  0.00674103  0.00547299    0.29582450  0.00000000   -0.00674103 -0.00547299
 -0.00435180  0.00000000   -0.00674103  0.00547299    0.25520610  0.00000000

     Dynamical  Matrix in cartesian axes

     q = (    0.500000000  -0.166666667   0.166666667 ) 

    1    1
  0.29582450  0.00000000   -0.00674103  0.00547299    0.00674103 -0.00547299
 -0.00674103 -0.00547299    0.25520610  0.00000000   -0.00435180 -0.00000000
  0.00674103  0.00547299   -0.00435180 -0.00000000    0.25520610  0.00000000
    1    2
 -0.13943907  0.10798920   -0.04245164 -0.00046500    0.04245164  0.00046500
 -0.04245164 -0.00046500   -0.12726860  0.10703873   -0.08922062 -0.07461874
  0.04245164  0.00046500   -0.08922062 -0.07461874   -0.12726860  0.10703873
    2    1
 -0.13943907 -0.10798920   -0.04245164  0.00046500    0.04245164 -0.00046500
 -0.04245164  0.00046500   -0.12726860 -0.10703873   -0.08922062  0.07461874
  0.04245164 -0.00046500   -0.08922062  0.07461874   -0.12726860 -0.10703873
    2    2
  0.29582450 -0.00000000   -0.00674103 -0.00547299    0.00674103  0.00547299
 -0.00674103  0.00547299    0.25520610 -0.00000000   -0.00435180  0.00000000
  0.00674103 -0.00547299   -0.00435180  0.00000000    0.25520610 -0.00000000

     Dynamical  Matrix in cartesian axes

     q = (    0.166666667  -0.166666667   0.500000000 ) 

    1    1
  0.25520610  0.00000000   -0.00435180 -0.00000000    0.00674103  0.00547299
 -0.00435180 -0.00000000    0.25520610  0.00000000   -0.00674103 -0.00547299
  0.00674103 -0.00547299   -0.00674103  0.00547299    0.29582450  0.00000000
    1    2
 -0.12726860  0.10703873   -0.08922062 -0.07461874    0.04245164  0.00046500
 -0.08922062 -0.07461874   -0.12726860  0.10703873   -0.04245164 -0.00046500
  0.04245164  0.00046500   -0.04245164 -0.00046500   -0.13943907  0.10798920
    2    1
 -0.12726860 -0.10703873   -0.08922062  0.07461874    0.04245164 -0.00046500
 -0.08922062  0.07461874   -0.12726860 -0.10703873   -0.04245164  0.00046500
  0.04245164 -0.00046500   -0.04245164  0.00046500   -0.13943907 -0.10798920
    2    2
  0.25520610 -0.00000000   -0.00435180  0.00000000    0.00674103 -0.00547299
 -0.00435180  0.00000000    0.25520610 -0.00000000   -0.00674103  0.00547299
  0.00674103  0.00547299   -0.00674103 -0.00547299    0.29582450 -0.00000000

     Dynamical  Matrix in cartesian axes

     q = (   -0.166666667  -0.500000000  -0.166666667 ) 

    1    1
  0.25520610 -0.00000000    0.00674103  0.00547299    0.00435180 -0.00000000
  0.00674103 -0.00547299    0.29582450 -0.00000000    0.00674103 -0.00547299
  0.00435180 -0.00000000    0.00674103  0.00547299    0.25520610 -0.00000000
    1    2
 -0.02906396 -0.16373721   -0.02162852  0.03653170   -0.10923204  0.03995795
 -0.02162852  0.03653170   -0.02380186 -0.17475238   -0.02162852  0.03653170
 -0.10923204  0.03995795   -0.02162852  0.03653170   -0.02906396 -0.16373721
    2    1
 -0.02906396  0.16373721   -0.02162852 -0.03653170   -0.10923204 -0.03995795
 -0.02162852 -0.03653170   -0.02380186  0.17475238   -0.02162852 -0.03653170
 -0.10923204 -0.03995795   -0.02162852 -0.03653170   -0.02906396  0.16373721
    2    2
  0.25520610  0.00000000    0.00674103 -0.00547299    0.00435180  0.00000000
  0.00674103  0.00547299    0.29582450  0.00000000    0.00674103  0.00547299
  0.00435180  0.00000000    0.00674103 -0.00547299    0.25520610  0.00000000

     Dynamical  Matrix in cartesian axes

     q = (    0.166666667  -0.500000000  -0.166666667 ) 

    1    1
  0.25520610  0.00000000   -0.00674103  0.00547299   -0.00435180  0.00000000
 -0.00674103 -0.00547299    0.29582450 -0.00000000    0.00674103  0.00547299
 -0.00435180  0.00000000    0.00674103 -0.00547299    0.25520610  0.00000000
    1    2
 -0.12726860 -0.10703873   -0.04245164  0.00046500   -0.08922062  0.07461874
 -0.04245164  0.00046500   -0.13943907 -0.10798920    0.04245164 -0.00046500
 -0.08922062  0.07461874    0.04245164 -0.00046500   -0.12726860 -0.10703873
    2    1
 -0.12726860  0.10703873   -0.04245164 -0.00046500   -0.08922062 -0.07461874
 -0.04245164 -0.00046500   -0.13943907  0.10798920    0.04245164  0.00046500
 -0.08922062 -0.07461874    0.04245164  0.00046500   -0.12726860  0.10703873
    2    2
  0.25520610  0.00000000   -0.00674103 -0.00547299   -0.00435180  0.00000000
 -0.00674103  0.00547299    0.29582450  0.00000000    0.00674103 -0.00547299
 -0.00435180  0.00000000    0.00674103  0.00547299    0.25520610  0.00000000

     Dynamical  Matrix in cartesian axes

     q = (   -0.166666667  -0.500000000   0.166666667 ) 

    1    1
  0.25520610  0.00000000    0.00674103 -0.00547299   -0.00435180  0.00000000
  0.00674103  0.00547299    0.29582450  0.00000000   -0.00674103 -0.00547299
 -0.00435180  0.00000000   -0.00674103  0.00547299    0.25520610  0.00000000
    1    2
 -0.12726860 -0.10703873    0.04245164 -0.00046500   -0.08922062  0.07461874
  0.04245164 -0.00046500   -0.13943907 -0.10798920   -0.04245164  0.00046500
 -0.08922062  0.07461874   -0.04245164  0.00046500   -0.12726860 -0.10703873
    2    1
 -0.12726860  0.10703873    0.04245164  0.00046500   -0.08922062 -0.07461874
  0.04245164  0.00046500   -0.13943907  0.10798920   -0.04245164 -0.00046500
 -0.08922062 -0.07461874   -0.04245164 -0.00046500   -0.12726860  0.10703873
    2    2
  0.25520610  0.00000000    0.00674103  0.00547299   -0.00435180  0.00000000
  0.00674103 -0.00547299    0.29582450 -0.00000000   -0.00674103  0.00547299
 -0.00435180  0.00000000   -0.00674103 -0.00547299    0.25520610  0.00000000

     Dynamical  Matrix in cartesian axes

     q = (    0.500000000  -0.166666667  -0.166666667 ) 

    1    1
  0.29582450 -0.00000000   -0.00674103 -0.00547299   -0.00674103 -0.00547299
 -0.00674103  0.00547299    0.25520610 -0.00000000    0.00435180  0.00000000
 -0.00674103  0.00547299    0.00435180  0.00000000    0.25520610 -0.00000000
    1    2
 -0.16324093  0.06676318   -0.02082312  0.03699670   -0.02082312  0.03699670
 -0.02082312  0.03699670   -0.15633256  0.05669848   -0.02001142 -0.11457669
 -0.02082312  0.03699670   -0.02001142 -0.11457669   -0.15633256  0.05669848
    2    1
 -0.16324093 -0.06676318   -0.02082312 -0.03699670   -0.02082312 -0.03699670
 -0.02082312 -0.03699670   -0.15633256 -0.05669848   -0.02001142  0.11457669
 -0.02082312 -0.03699670   -0.02001142  0.11457669   -0.15633256 -0.05669848
    2    2
  0.29582450  0.00000000   -0.00674103  0.00547299   -0.00674103  0.00547299
 -0.00674103 -0.00547299    0.25520610  0.00000000    0.00435180 -0.00000000
 -0.00674103 -0.00547299    0.00435180 -0.00000000    0.25520610  0.00000000

     Dynamical  Matrix in cartesian axes

     q = (   -0.500000000  -0.166666667   0.166666667 ) 

    1    1
  0.29582450  0.00000000    0.00674103  0.00547299   -0.00674103 -0.00547299
  0.00674103 -0.00547299    0.25520610  0.00000000   -0.00435180 -0.00000000
 -0.00674103  0.00547299   -0.00435180 -0.00000000    0.25520610  0.00000000
    1    2
 -0.13943907 -0.10798920    0.04245164 -0.00046500   -0.04245164  0.00046500
  0.04245164 -0.00046500   -0.12726860 -0.10703873   -0.08922062  0.07461874
 -0.04245164  0.00046500   -0.08922062  0.07461874   -0.12726860 -0.10703873
    2    1
 -0.13943907  0.10798920    0.04245164  0.00046500   -0.04245164 -0.00046500
  0.04245164  0.00046500   -0.12726860  0.10703873   -0.08922062 -0.07461874
 -0.04245164 -0.00046500   -0.08922062 -0.07461874   -0.12726860  0.10703873
    2    2
  0.29582450 -0.00000000    0.00674103 -0.00547299   -0.00674103  0.00547299
  0.00674103  0.00547299    0.25520610 -0.00000000   -0.00435180  0.00000000
 -0.00674103 -0.00547299   -0.00435180  0.00000000    0.25520610 -0.00000000

     Dynamical  Matrix in cartesian axes

     q = (    0.500000000   0.166666667   0.166666667 ) 

    1    1
  0.29582450  0.00000000    0.00674103  0.00547299    0.00674103  0.00547299
  0.00674103 -0.00547299    0.25520610  0.00000000    0.00435180 -0.00000000
  0.00674103 -0.00547299    0.00435180 -0.00000000    0.25520610  0.00000000
    1    2
 -0.02380186  0.17475238   -0.02162852 -0.03653170   -0.02162852 -0.03653170
 -0.02162852 -0.03653170   -0.02906396  0.16373721   -0.10923204 -0.03995795
 -0.02162852 -0.03653170   -0.10923204 -0.03995795   -0.02906396  0.16373721
    2    1
 -0.02380186 -0.17475238   -0.02162852  0.03653170   -0.02162852  0.03653170
 -0.02162852  0.03653170   -0.02906396 -0.16373721   -0.10923204  0.03995795
 -0.02162852  0.03653170   -0.10923204  0.03995795   -0.02906396 -0.16373721
    2    2
  0.29582450 -0.00000000    0.00674103 -0.00547299    0.00674103 -0.00547299
  0.00674103  0.00547299    0.25520610 -0.00000000    0.00435180  0.00000000
  0.00674103  0.00547299    0.00435180  0.00000000    0.25520610 -0.00000000

     Dynamical  Matrix in cartesian axes

     q = (   -0.166666667   0.166666667  -0.500000000 ) 

    1    1
  0.25520610 -0.00000000   -0.00435180  0.00000000    0.00674103 -0.00547299
 -0.00435180  0.00000000    0.25520610 -0.00000000   -0.00674103  0.00547299
  0.00674103  0.00547299   -0.00674103 -0.00547299    0.29582450 -0.00000000
    1    2
 -0.12726860 -0.10703873   -0.08922062  0.07461874    0.04245164 -0.00046500
 -0.08922062  0.07461874   -0.12726860 -0.10703873   -0.04245164  0.00046500
  0.04245164 -0.00046500   -0.04245164  0.00046500   -0.13943907 -0.10798920
    2    1
 -0.12726860  0.10703873   -0.08922062 -0.07461874    0.04245164  0.00046500
 -0.08922062 -0.07461874   -0.12726860  0.10703873   -0.04245164 -0.00046500
  0.04245164  0.00046500   -0.04245164 -0.00046500   -0.13943907  0.10798920
    2    2
  0.25520610  0.00000000   -0.00435180 -0.00000000    0.00674103  0.00547299
 -0.00435180 -0.00000000    0.25520610  0.00000000   -0.00674103 -0.00547299
  0.00674103 -0.00547299   -0.00674103  0.00547299    0.29582450  0.00000000

     Dynamical  Matrix in cartesian axes

     q = (   -0.166666667  -0.166666667   0.500000000 ) 

    1    1
  0.25520610  0.00000000    0.00435180  0.00000000   -0.00674103  0.00547299
  0.00435180  0.00000000    0.25520610  0.00000000   -0.00674103  0.00547299
 -0.00674103 -0.00547299   -0.00674103 -0.00547299    0.29582450  0.00000000
    1    2
 -0.15633256  0.05669848   -0.02001142 -0.11457669   -0.02082312  0.03699670
 -0.02001142 -0.11457669   -0.15633256  0.05669848   -0.02082312  0.03699670
 -0.02082312  0.03699670   -0.02082312  0.03699670   -0.16324093  0.06676318
    2    1
 -0.15633256 -0.05669848   -0.02001142  0.11457669   -0.02082312 -0.03699670
 -0.02001142  0.11457669   -0.15633256 -0.05669848   -0.02082312 -0.03699670
 -0.02082312 -0.03699670   -0.02082312 -0.03699670   -0.16324093 -0.06676318
    2    2
  0.25520610 -0.00000000    0.00435180 -0.00000000   -0.00674103 -0.00547299
  0.00435180 -0.00000000    0.25520610 -0.00000000   -0.00674103 -0.00547299
 -0.00674103  0.00547299   -0.00674103  0.00547299    0.29582450 -0.00000000

     Dynamical  Matrix in cartesian axes

     q = (    0.166666667   0.166666667   0.500000000 ) 

    1    1
  0.25520610 -0.00000000    0.00435180 -0.00000000    0.00674103 -0.00547299
  0.00435180 -0.00000000    0.25520610 -0.00000000    0.00674103 -0.00547299
  0.00674103  0.00547299    0.00674103  0.00547299    0.29582450 -0.00000000
    1    2
 -0.02906396  0.16373721   -0.10923204 -0.03995795   -0.02162852 -0.03653170
 -0.10923204 -0.03995795   -0.02906396  0.16373721   -0.02162852 -0.03653170
 -0.02162852 -0.03653170   -0.02162852 -0.03653170   -0.02380186  0.17475238
    2    1
 -0.02906396 -0.16373721   -0.10923204  0.03995795   -0.02162852  0.03653170
 -0.10923204  0.03995795   -0.02906396 -0.16373721   -0.02162852  0.03653170
 -0.02162852  0.03653170   -0.02162852  0.03653170   -0.02380186 -0.17475238
    2    2
  0.25520610  0.00000000    0.00435180  0.00000000    0.00674103  0.00547299
  0.00435180  0.00000000    0.25520610  0.00000000    0.00674103  0.00547299
  0.00674103 -0.00547299    0.00674103 -0.00547299    0.29582450  0.00000000

     Dynamical  Matrix in cartesian axes

     q = (    0.166666667  -0.166666667  -0.500000000 ) 

    1    1
  0.25520610 -0.00000000   -0.00435180  0.00000000   -0.00674103  0.00547299
 -0.00435180  0.00000000    0.25520610 -0.00000000    0.00674103 -0.00547299
 -0.00674103 -0.00547299    0.00674103  0.00547299    0.29582450 -0.00000000
    1    2
 -0.12726860 -0.10703873   -0.08922062  0.07461874   -0.04245164  0.00046500
 -0.08922062  0.07461874   -0.12726860 -0.10703873    0.04245164 -0.00046500
 -0.04245164  0.00046500    0.04245164 -0.00046500   -0.13943907 -0.10798920
    2    1
 -0.12726860  0.10703873   -0.08922062 -0.07461874   -0.04245164 -0.00046500
 -0.08922062 -0.07461874   -0.12726860  0.10703873    0.04245164  0.00046500
 -0.04245164 -0.00046500    0.04245164  0.00046500   -0.13943907  0.10798920
    2    2
  0.25520610  0.00000000   -0.00435180 -0.00000000   -0.00674103 -0.00547299
 -0.00435180 -0.00000000    0.25520610  0.00000000    0.00674103  0.00547299
 -0.00674103  0.00547299    0.00674103 -0.00547299    0.29582450  0.00000000

     Dynamical  Matrix in cartesian axes

     q = (   -0.500000000   0.166666667  -0.166666667 ) 

    1    1
  0.29582450 -0.00000000   -0.00674103 -0.00547299    0.00674103  0.00547299
 -0.00674103  0.00547299    0.25520610 -0.00000000   -0.00435180  0.00000000
  0.00674103 -0.00547299   -0.00435180  0.00000000    0.25520610 -0.00000000
    1    2
 -0.13943907 -0.10798920   -0.04245164  0.00046500    0.04245164 -0.00046500
 -0.04245164  0.00046500   -0.12726860 -0.10703873   -0.08922062  0.07461874
  0.04245164 -0.00046500   -0.08922062  0.07461874   -0.12726860 -0.10703873
    2    1
 -0.13943907  0.10798920   -0.04245164 -0.00046500    0.04245164  0.00046500
 -0.04245164 -0.00046500   -0.12726860  0.10703873   -0.08922062 -0.07461874
  0.04245164  0.00046500   -0.08922062 -0.07461874   -0.12726860  0.10703873
    2    2
  0.29582450  0.00000000   -0.00674103  0.00547299    0.00674103 -0.00547299
 -0.00674103 -0.00547299    0.25520610  0.00000000   -0.00435180 -0.00000000
  0.00674103  0.00547299   -0.00435180 -0.00000000    0.25520610  0.00000000

     Dynamical  Matrix in cartesian axes

     q = (   -0.500000000  -0.166666667  -0.166666667 ) 

    1    1
  0.29582450 -0.00000000    0.00674103 -0.00547299    0.00674103 -0.00547299
  0.00674103  0.00547299    0.25520610 -0.00000000    0.00435180  0.00000000
  0.00674103  0.00547299    0.00435180  0.00000000    0.25520610 -0.00000000
    1    2
 -0.02380186 -0.17475238   -0.02162852  0.03653170   -0.02162852  0.03653170
 -0.02162852  0.03653170   -0.02906396 -0.16373721   -0.10923204  0.03995795
 -0.02162852  0.03653170   -0.10923204  0.03995795   -0.02906396 -0.16373721
    2    1
 -0.02380186  0.17475238   -0.02162852 -0.03653170   -0.02162852 -0.03653170
 -0.02162852 -0.03653170   -0.02906396  0.16373721   -0.10923204 -0.03995795
 -0.02162852 -0.03653170   -0.10923204 -0.03995795   -0.02906396  0.16373721
    2    2
  0.29582450  0.00000000    0.00674103  0.00547299    0.00674103  0.00547299
  0.00674103 -0.00547299    0.25520610  0.00000000    0.00435180 -0.00000000
  0.00674103 -0.00547299    0.00435180 -0.00000000    0.25520610  0.00000000

     Dynamical  Matrix in cartesian axes

     q = (    0.166666667  -0.500000000   0.166666667 ) 

    1    1
  0.25520610  0.00000000   -0.00674103 -0.00547299    0.00435180  0.00000000
 -0.00674103  0.00547299    0.29582450  0.00000000   -0.00674103  0.00547299
  0.00435180  0.00000000   -0.00674103 -0.00547299    0.25520610  0.00000000
    1    2
 -0.15633256 -0.05669848   -0.02082312 -0.03699670   -0.02001142  0.11457669
 -0.02082312 -0.03699670   -0.16324093 -0.06676318   -0.02082312 -0.03699670
 -0.02001142  0.11457669   -0.02082312 -0.03699670   -0.15633256 -0.05669848
    2    1
 -0.15633256  0.05669848   -0.02082312  0.03699670   -0.02001142 -0.11457669
 -0.02082312  0.03699670   -0.16324093  0.06676318   -0.02082312  0.03699670
 -0.02001142 -0.11457669   -0.02082312  0.03699670   -0.15633256  0.05669848
    2    2
  0.25520610 -0.00000000   -0.00674103  0.00547299    0.00435180 -0.00000000
 -0.00674103 -0.00547299    0.29582450 -0.00000000   -0.00674103 -0.00547299
  0.00435180 -0.00000000   -0.00674103  0.00547299    0.25520610 -0.00000000

     Dynamical  Matrix in cartesian axes

     q = (    0.500000000   0.166666667  -0.166666667 ) 

    1    1
  0.29582450 -0.00000000    0.00674103 -0.00547299   -0.00674103  0.00547299
  0.00674103  0.00547299    0.25520610 -0.00000000   -0.00435180  0.00000000
 -0.00674103 -0.00547299   -0.00435180  0.00000000    0.25520610 -0.00000000
    1    2
 -0.13943907  0.10798920    0.04245164  0.00046500   -0.04245164 -0.00046500
  0.04245164  0.00046500   -0.12726860  0.10703873   -0.08922062 -0.07461874
 -0.04245164 -0.00046500   -0.08922062 -0.07461874   -0.12726860  0.10703873
    2    1
 -0.13943907 -0.10798920    0.04245164 -0.00046500   -0.04245164  0.00046500
  0.04245164 -0.00046500   -0.12726860 -0.10703873   -0.08922062  0.07461874
 -0.04245164  0.00046500   -0.08922062  0.07461874   -0.12726860 -0.10703873
    2    2
  0.29582450  0.00000000    0.00674103  0.00547299   -0.00674103 -0.00547299
  0.00674103 -0.00547299    0.25520610  0.00000000   -0.00435180 -0.00000000
 -0.00674103  0.00547299   -0.00435180 -0.00000000    0.25520610  0.00000000

     Dynamical  Matrix in cartesian axes

     q = (    0.166666667   0.166666667  -0.500000000 ) 

    1    1
  0.25520610 -0.00000000    0.00435180 -0.00000000   -0.00674103 -0.00547299
  0.00435180 -0.00000000    0.25520610 -0.00000000   -0.00674103 -0.00547299
 -0.00674103  0.00547299   -0.00674103  0.00547299    0.29582450 -0.00000000
    1    2
 -0.15633256 -0.05669848   -0.02001142  0.11457669   -0.02082312 -0.03699670
 -0.02001142  0.11457669   -0.15633256 -0.05669848   -0.02082312 -0.03699670
 -0.02082312 -0.03699670   -0.02082312 -0.03699670   -0.16324093 -0.06676318
    2    1
 -0.15633256  0.05669848   -0.02001142 -0.11457669   -0.02082312  0.03699670
 -0.02001142 -0.11457669   -0.15633256  0.05669848   -0.02082312  0.03699670
 -0.02082312  0.03699670   -0.02082312  0.03699670   -0.16324093  0.06676318
    2    2
  0.25520610  0.00000000    0.00435180  0.00000000   -0.00674103  0.00547299
  0.00435180  0.00000000    0.25520610  0.00000000   -0.00674103  0.00547299
 -0.00674103 -0.00547299   -0.00674103 -0.00547299    0.29582450  0.00000000

     Dynamical  Matrix in cartesian axes

     q = (   -0.166666667  -0.166666667  -0.500000000 ) 

    1    1
  0.25520610  0.00000000    0.00435180  0.00000000    0.00674103  0.00547299
  0.00435180  0.00000000    0.25520610  0.00000000    0.00674103  0.00547299
  0.00674103 -0.00547299    0.00674103 -0.00547299    0.29582450  0.00000000
    1    2
 -0.02906396 -0.16373721   -0.10923204  0.03995795   -0.02162852  0.03653170
 -0.10923204  0.03995795   -0.02906396 -0.16373721   -0.02162852  0.03653170
 -0.02162852  0.03653170   -0.02162852  0.03653170   -0.02380186 -0.17475238
    2    1
 -0.02906396  0.16373721   -0.10923204 -0.03995795   -0.02162852 -0.03653170
 -0.10923204 -0.03995795   -0.02906396  0.16373721   -0.02162852 -0.03653170
 -0.02162852 -0.03653170   -0.02162852 -0.03653170   -0.02380186  0.17475238
    2    2
  0.25520610 -0.00000000    0.00435180 -0.00000000    0.00674103 -0.00547299
  0.00435180 -0.00000000    0.25520610 -0.00000000    0.00674103 -0.00547299
  0.00674103  0.00547299    0.00674103  0.00547299    0.29582450 -0.00000000

     Dynamical  Matrix in cartesian axes

     q = (   -0.500000000   0.166666667   0.166666667 ) 

    1    1
  0.29582450  0.00000000   -0.00674103  0.00547299   -0.00674103  0.00547299
 -0.00674103 -0.00547299    0.25520610  0.00000000    0.00435180 -0.00000000
 -0.00674103 -0.00547299    0.00435180 -0.00000000    0.25520610  0.00000000
    1    2
 -0.16324093 -0.06676318   -0.02082312 -0.03699670   -0.02082312 -0.03699670
 -0.02082312 -0.03699670   -0.15633256 -0.05669848   -0.02001142  0.11457669
 -0.02082312 -0.03699670   -0.02001142  0.11457669   -0.15633256 -0.05669848
    2    1
 -0.16324093  0.06676318   -0.02082312  0.03699670   -0.02082312  0.03699670
 -0.02082312  0.03699670   -0.15633256  0.05669848   -0.02001142 -0.11457669
 -0.02082312  0.03699670   -0.02001142 -0.11457669   -0.15633256  0.05669848
    2    2
  0.29582450 -0.00000000   -0.00674103 -0.00547299   -0.00674103 -0.00547299
 -0.00674103  0.00547299    0.25520610 -0.00000000    0.00435180  0.00000000
 -0.00674103  0.00547299    0.00435180  0.00000000    0.25520610 -0.00000000

     Dynamical  Matrix in cartesian axes

     q = (   -0.166666667   0.166666667   0.500000000 ) 

    1    1
  0.25520610  0.00000000   -0.00435180 -0.00000000   -0.00674103 -0.00547299
 -0.00435180 -0.00000000    0.25520610  0.00000000    0.00674103  0.00547299
 -0.00674103  0.00547299    0.00674103 -0.00547299    0.29582450  0.00000000
    1    2
 -0.12726860  0.10703873   -0.08922062 -0.07461874   -0.04245164 -0.00046500
 -0.08922062 -0.07461874   -0.12726860  0.10703873    0.04245164  0.00046500
 -0.04245164 -0.00046500    0.04245164  0.00046500   -0.13943907  0.10798920
    2    1
 -0.12726860 -0.10703873   -0.08922062  0.07461874   -0.04245164  0.00046500
 -0.08922062  0.07461874   -0.12726860 -0.10703873    0.04245164 -0.00046500
 -0.04245164  0.00046500    0.04245164 -0.00046500   -0.13943907 -0.10798920
    2    2
  0.25520610 -0.00000000   -0.00435180  0.00000000   -0.00674103  0.00547299
 -0.00435180  0.00000000    0.25520610 -0.00000000    0.00674103 -0.00547299
 -0.00674103 -0.00547299    0.00674103  0.00547299    0.29582450 -0.00000000

     Diagonalizing the dynamical matrix

     q = (   -0.166666667   0.500000000  -0.166666667 ) 

 **************************************************************************
     freq (    1) =       3.675424 [THz] =     122.598960 [cm-1]
 ( -0.311373  0.391212 -0.000000  0.000000  0.311373 -0.391212 ) 
 ( -0.500000 -0.000000 -0.000000 -0.000000  0.500000  0.000000 ) 
     freq (    2) =       4.493547 [THz] =     149.888607 [cm-1]
 ( -0.423682 -0.060836 -0.351955  0.098551 -0.423682 -0.060836 ) 
 ( -0.428028 -0.000000 -0.334374 -0.147574 -0.428028  0.000000 ) 
     freq (    3) =       7.408046 [THz] =     247.105800 [cm-1]
 (  0.154472  0.220719 -0.554737 -0.217048  0.154472  0.220719 ) 
 (  0.269404  0.000000 -0.495902 -0.330037  0.269404  0.000000 ) 
     freq (    4) =      13.652612 [THz] =     455.402119 [cm-1]
 ( -0.357742 -0.199057  0.380948  0.140262 -0.357742 -0.199057 ) 
 (  0.409393 -0.000000 -0.401084 -0.062660  0.409393  0.000000 ) 
     freq (    5) =      14.092950 [THz] =     470.090226 [cm-1]
 ( -0.311373  0.391212  0.000000 -0.000000  0.311373 -0.391212 ) 
 (  0.500000 -0.000000  0.000000 -0.000000 -0.500000  0.000000 ) 
     freq (    6) =      14.427790 [THz] =     481.259285 [cm-1]
 (  0.276408  0.014487  0.567785 -0.156199  0.276408  0.014487 ) 
 ( -0.276787  0.000000 -0.558831 -0.185703 -0.276787  0.000000 ) 
 **************************************************************************
