Dynamical matrix file
                                                                           
  1    2  2 10.3760000  0.0000000  0.0000000  0.0000000  0.0000000  0.0000000
           1  'Si  '    25598.8229845270     
    1    1      0.0000000000      0.0000000000      0.0000000000
    2    1      0.2500000000      0.2500000000      0.2500000000

     Dynamical  Matrix in cartesian axes

     q = (    0.666666667   0.000000000   0.666666667 ) 

    1    1
  0.23990469  0.00000000    0.00000000  0.00780350    0.00723597  0.00000000
  0.00000000 -0.00780350    0.28318102  0.00000000    0.00000000 -0.00780350
  0.00723597  0.00000000   -0.00000000  0.00780350    0.23990469  0.00000000
    1    2
  0.02875549  0.04980597   -0.06085360  0.03513384   -0.06371224 -0.11035284
 -0.06085360  0.03513384    0.04011133  0.06947487   -0.06085360  0.03513384
 -0.06371224 -0.11035284   -0.06085360  0.03513384    0.02875549  0.04980597
    2    1
  0.02875549 -0.04980597   -0.06085360 -0.03513384   -0.06371224  0.11035284
 -0.06085360 -0.03513384    0.04011133 -0.06947487   -0.06085360 -0.03513384
 -0.06371224  0.11035284   -0.06085360 -0.03513384    0.02875549 -0.04980597
    2    2
  0.23990469  0.00000000    0.00000000 -0.00780350    0.00723597  0.00000000
  0.00000000  0.00780350    0.28318102  0.00000000    0.00000000  0.00780350
  0.00723597  0.00000000    0.00000000 -0.00780350    0.23990469  0.00000000

     Dynamical  Matrix in cartesian axes

     q = (   -0.666666667   0.000000000   0.666666667 ) 

    1    1
  0.23990469  0.00000000   -0.00000000  0.00780350   -0.00723597  0.00000000
 -0.00000000 -0.00780350    0.28318102  0.00000000   -0.00000000  0.00780350
 -0.00723597  0.00000000   -0.00000000 -0.00780350    0.23990469  0.00000000
    1    2
 -0.05751098  0.00000000    0.00000000 -0.07026769   -0.12742448  0.00000000
  0.00000000 -0.07026769   -0.08022267 -0.00000000    0.00000000  0.07026769
 -0.12742448  0.00000000    0.00000000  0.07026769   -0.05751098  0.00000000
    2    1
 -0.05751098 -0.00000000   -0.00000000  0.07026769   -0.12742448  0.00000000
  0.00000000  0.07026769   -0.08022267  0.00000000    0.00000000 -0.07026769
 -0.12742448  0.00000000    0.00000000 -0.07026769   -0.05751098  0.00000000
    2    2
  0.23990469  0.00000000   -0.00000000 -0.00780350   -0.00723597  0.00000000
  0.00000000  0.00780350    0.28318102  0.00000000    0.00000000 -0.00780350
 -0.00723597  0.00000000    0.00000000  0.00780350    0.23990469  0.00000000

     Dynamical  Matrix in cartesian axes

     q = (   -0.666666667   0.000000000  -0.666666667 ) 

    1    1
  0.23990469  0.00000000    0.00000000 -0.00780350    0.00723597  0.00000000
  0.00000000  0.00780350    0.28318102  0.00000000    0.00000000  0.00780350
  0.00723597  0.00000000   -0.00000000 -0.00780350    0.23990469  0.00000000
    1    2
  0.02875549 -0.04980597   -0.06085360 -0.03513384   -0.06371224  0.11035284
 -0.06085360 -0.03513384    0.04011133 -0.06947487   -0.06085360 -0.03513384
 -0.06371224  0.11035284   -0.06085360 -0.03513384    0.02875549 -0.04980597
    2    1
  0.02875549  0.04980597   -0.06085360  0.03513384   -0.06371224 -0.11035284
 -0.06085360  0.03513384    0.04011133  0.06947487   -0.06085360  0.03513384
 -0.06371224 -0.11035284   -0.06085360  0.03513384    0.02875549  0.04980597
    2    2
  0.23990469  0.00000000    0.00000000  0.00780350    0.00723597  0.00000000
  0.00000000 -0.00780350    0.28318102  0.00000000    0.00000000 -0.00780350
  0.00723597  0.00000000    0.00000000  0.00780350    0.23990469  0.00000000

     Dynamical  Matrix in cartesian axes

     q = (    0.666666667   0.000000000  -0.666666667 ) 

    1    1
  0.23990469  0.00000000    0.00000000 -0.00780350   -0.00723597  0.00000000
  0.00000000  0.00780350    0.28318102  0.00000000    0.00000000 -0.00780350
 -0.00723597  0.00000000    0.00000000  0.00780350    0.23990469  0.00000000
    1    2
 -0.05751098 -0.00000000    0.00000000  0.07026769   -0.12742448  0.00000000
  0.00000000  0.07026769   -0.08022267  0.00000000   -0.00000000 -0.07026769
 -0.12742448  0.00000000    0.00000000 -0.07026769   -0.05751098  0.00000000
    2    1
 -0.05751098  0.00000000    0.00000000 -0.07026769   -0.12742448  0.00000000
  0.00000000 -0.07026769   -0.08022267  0.00000000    0.00000000  0.07026769
 -0.12742448  0.00000000    0.00000000  0.07026769   -0.05751098  0.00000000
    2    2
  0.23990469  0.00000000    0.00000000  0.00780350   -0.00723597  0.00000000
  0.00000000 -0.00780350    0.28318102  0.00000000    0.00000000  0.00780350
 -0.00723597  0.00000000    0.00000000 -0.00780350    0.23990469  0.00000000

     Dynamical  Matrix in cartesian axes

     q = (    0.000000000   0.666666667  -0.666666667 ) 

    1    1
  0.28318102  0.00000000   -0.00000000  0.00780350    0.00000000 -0.00780350
 -0.00000000 -0.00780350    0.23990469  0.00000000   -0.00723597  0.00000000
  0.00000000  0.00780350   -0.00723597  0.00000000    0.23990469  0.00000000
    1    2
 -0.08022267  0.00000000    0.00000000  0.07026769    0.00000000 -0.07026769
  0.00000000  0.07026769   -0.05751098  0.00000000   -0.12742448  0.00000000
  0.00000000 -0.07026769   -0.12742448  0.00000000   -0.05751098  0.00000000
    2    1
 -0.08022267  0.00000000    0.00000000 -0.07026769    0.00000000  0.07026769
  0.00000000 -0.07026769   -0.05751098  0.00000000   -0.12742448  0.00000000
  0.00000000  0.07026769   -0.12742448  0.00000000   -0.05751098  0.00000000
    2    2
  0.28318102  0.00000000    0.00000000 -0.00780350   -0.00000000  0.00780350
  0.00000000  0.00780350    0.23990469  0.00000000   -0.00723597  0.00000000
 -0.00000000 -0.00780350   -0.00723597  0.00000000    0.23990469  0.00000000

     Dynamical  Matrix in cartesian axes

     q = (   -0.666666667   0.666666667   0.000000000 ) 

    1    1
  0.23990469  0.00000000   -0.00723597  0.00000000   -0.00000000  0.00780350
 -0.00723597  0.00000000    0.23990469  0.00000000   -0.00000000 -0.00780350
 -0.00000000 -0.00780350   -0.00000000  0.00780350    0.28318102  0.00000000
    1    2
 -0.05751098 -0.00000000   -0.12742448 -0.00000000    0.00000000 -0.07026769
 -0.12742448 -0.00000000   -0.05751098 -0.00000000   -0.00000000  0.07026769
  0.00000000 -0.07026769   -0.00000000  0.07026769   -0.08022267 -0.00000000
    2    1
 -0.05751098 -0.00000000   -0.12742448  0.00000000    0.00000000  0.07026769
 -0.12742448  0.00000000   -0.05751098 -0.00000000   -0.00000000 -0.07026769
  0.00000000  0.07026769   -0.00000000 -0.07026769   -0.08022267 -0.00000000
    2    2
  0.23990469  0.00000000   -0.00723597  0.00000000    0.00000000 -0.00780350
 -0.00723597  0.00000000    0.23990469  0.00000000   -0.00000000  0.00780350
 -0.00000000  0.00780350   -0.00000000 -0.00780350    0.28318102  0.00000000

     Dynamical  Matrix in cartesian axes

     q = (    0.000000000   0.666666667   0.666666667 ) 

    1    1
  0.28318102  0.00000000   -0.00000000 -0.00780350    0.00000000 -0.00780350
 -0.00000000  0.00780350    0.23990469  0.00000000    0.00723597  0.00000000
  0.00000000  0.00780350    0.00723597  0.00000000    0.23990469  0.00000000
    1    2
  0.04011133  0.06947487   -0.06085360  0.03513384   -0.06085360  0.03513384
 -0.06085360  0.03513384    0.02875549  0.04980597   -0.06371224 -0.11035284
 -0.06085360  0.03513384   -0.06371224 -0.11035284    0.02875549  0.04980597
    2    1
  0.04011133 -0.06947487   -0.06085360 -0.03513384   -0.06085360 -0.03513384
 -0.06085360 -0.03513384    0.02875549 -0.04980597   -0.06371224  0.11035284
 -0.06085360 -0.03513384   -0.06371224  0.11035284    0.02875549 -0.04980597
    2    2
  0.28318102  0.00000000   -0.00000000  0.00780350    0.00000000  0.00780350
 -0.00000000 -0.00780350    0.23990469  0.00000000    0.00723597  0.00000000
  0.00000000 -0.00780350    0.00723597  0.00000000    0.23990469  0.00000000

     Dynamical  Matrix in cartesian axes

     q = (    0.000000000  -0.666666667  -0.666666667 ) 

    1    1
  0.28318102  0.00000000    0.00000000  0.00780350   -0.00000000  0.00780350
 -0.00000000 -0.00780350    0.23990469  0.00000000    0.00723597  0.00000000
  0.00000000 -0.00780350    0.00723597  0.00000000    0.23990469  0.00000000
    1    2
  0.04011133 -0.06947487   -0.06085360 -0.03513384   -0.06085360 -0.03513384
 -0.06085360 -0.03513384    0.02875549 -0.04980597   -0.06371224  0.11035284
 -0.06085360 -0.03513384   -0.06371224  0.11035284    0.02875549 -0.04980597
    2    1
  0.04011133  0.06947487   -0.06085360  0.03513384   -0.06085360  0.03513384
 -0.06085360  0.03513384    0.02875549  0.04980597   -0.06371224 -0.11035284
 -0.06085360  0.03513384   -0.06371224 -0.11035284    0.02875549  0.04980597
    2    2
  0.28318102  0.00000000    0.00000000 -0.00780350   -0.00000000 -0.00780350
  0.00000000  0.00780350    0.23990469  0.00000000    0.00723597  0.00000000
  0.00000000  0.00780350    0.00723597  0.00000000    0.23990469  0.00000000

     Dynamical  Matrix in cartesian axes

     q = (    0.666666667  -0.666666667   0.000000000 ) 

    1    1
  0.23990469  0.00000000   -0.00723597  0.00000000    0.00000000 -0.00780350
 -0.00723597  0.00000000    0.23990469  0.00000000   -0.00000000  0.00780350
 -0.00000000  0.00780350   -0.00000000 -0.00780350    0.28318102  0.00000000
    1    2
 -0.05751098 -0.00000000   -0.12742448  0.00000000    0.00000000  0.07026769
 -0.12742448  0.00000000   -0.05751098 -0.00000000   -0.00000000 -0.07026769
  0.00000000  0.07026769   -0.00000000 -0.07026769   -0.08022267 -0.00000000
    2    1
 -0.05751098 -0.00000000   -0.12742448 -0.00000000    0.00000000 -0.07026769
 -0.12742448 -0.00000000   -0.05751098 -0.00000000   -0.00000000  0.07026769
  0.00000000 -0.07026769   -0.00000000  0.07026769   -0.08022267 -0.00000000
    2    2
  0.23990469  0.00000000   -0.00723597  0.00000000    0.00000000  0.00780350
 -0.00723597  0.00000000    0.23990469  0.00000000    0.00000000 -0.00780350
  0.00000000 -0.00780350    0.00000000  0.00780350    0.28318102  0.00000000

     Dynamical  Matrix in cartesian axes

     q = (    0.666666667   0.666666667   0.000000000 ) 

    1    1
  0.23990469  0.00000000    0.00723597  0.00000000   -0.00000000  0.00780350
  0.00723597  0.00000000    0.23990469  0.00000000    0.00000000  0.00780350
 -0.00000000 -0.00780350   -0.00000000 -0.00780350    0.28318102  0.00000000
    1    2
  0.02875549  0.04980597   -0.06371224 -0.11035284   -0.06085360  0.03513384
 -0.06371224 -0.11035284    0.02875549  0.04980597   -0.06085360  0.03513384
 -0.06085360  0.03513384   -0.06085360  0.03513384    0.04011133  0.06947487
    2    1
  0.02875549 -0.04980597   -0.06371224  0.11035284   -0.06085360 -0.03513384
 -0.06371224  0.11035284    0.02875549 -0.04980597   -0.06085360 -0.03513384
 -0.06085360 -0.03513384   -0.06085360 -0.03513384    0.04011133 -0.06947487
    2    2
  0.23990469  0.00000000    0.00723597  0.00000000    0.00000000 -0.00780350
  0.00723597  0.00000000    0.23990469  0.00000000    0.00000000 -0.00780350
  0.00000000  0.00780350   -0.00000000  0.00780350    0.28318102  0.00000000

     Dynamical  Matrix in cartesian axes

     q = (   -0.666666667  -0.666666667   0.000000000 ) 

    1    1
  0.23990469  0.00000000    0.00723597  0.00000000    0.00000000 -0.00780350
  0.00723597  0.00000000    0.23990469  0.00000000    0.00000000 -0.00780350
  0.00000000  0.00780350    0.00000000  0.00780350    0.28318102  0.00000000
    1    2
  0.02875549 -0.04980597   -0.06371224  0.11035284   -0.06085360 -0.03513384
 -0.06371224  0.11035284    0.02875549 -0.04980597   -0.06085360 -0.03513384
 -0.06085360 -0.03513384   -0.06085360 -0.03513384    0.04011133 -0.06947487
    2    1
  0.02875549  0.04980597   -0.06371224 -0.11035284   -0.06085360  0.03513384
 -0.06371224 -0.11035284    0.02875549  0.04980597   -0.06085360  0.03513384
 -0.06085360  0.03513384   -0.06085360  0.03513384    0.04011133  0.06947487
    2    2
  0.23990469  0.00000000    0.00723597  0.00000000   -0.00000000  0.00780350
  0.00723597  0.00000000    0.23990469  0.00000000    0.00000000  0.00780350
  0.00000000 -0.00780350    0.00000000 -0.00780350    0.28318102  0.00000000

     Dynamical  Matrix in cartesian axes

     q = (    0.000000000  -0.666666667   0.666666667 ) 

    1    1
  0.28318102  0.00000000    0.00000000 -0.00780350   -0.00000000  0.00780350
  0.00000000  0.00780350    0.23990469  0.00000000   -0.00723597  0.00000000
 -0.00000000 -0.00780350   -0.00723597  0.00000000    0.23990469  0.00000000
    1    2
 -0.08022267  0.00000000    0.00000000 -0.07026769   -0.00000000  0.07026769
  0.00000000 -0.07026769   -0.05751098  0.00000000   -0.12742448  0.00000000
  0.00000000  0.07026769   -0.12742448  0.00000000   -0.05751098  0.00000000
    2    1
 -0.08022267  0.00000000    0.00000000  0.07026769    0.00000000 -0.07026769
  0.00000000  0.07026769   -0.05751098  0.00000000   -0.12742448  0.00000000
  0.00000000 -0.07026769   -0.12742448  0.00000000   -0.05751098  0.00000000
    2    2
  0.28318102  0.00000000    0.00000000  0.00780350    0.00000000 -0.00780350
  0.00000000 -0.00780350    0.23990469  0.00000000   -0.00723597  0.00000000
  0.00000000  0.00780350   -0.00723597  0.00000000    0.23990469  0.00000000

     Diagonalizing the dynamical matrix

     q = (    0.666666667  -0.000000000   0.666666667 ) 

 **************************************************************************
     freq (    1) =       4.492370 [THz] =     149.849344 [cm-1]
 (  0.250000  0.433013  0.000000 -0.000000 -0.250000 -0.433013 ) 
 ( -0.500000 -0.000000  0.000000  0.000000  0.500000  0.000000 ) 
     freq (    2) =       6.528976 [THz] =     217.783181 [cm-1]
 ( -0.189087 -0.327508 -0.400596  0.231284 -0.189087 -0.327508 ) 
 ( -0.378173 -0.000000 -0.000000 -0.462569 -0.378173  0.000000 ) 
     freq (    3) =       9.805580 [THz] =     327.078941 [cm-1]
 ( -0.194086 -0.336167  0.385984 -0.222848 -0.194086 -0.336167 ) 
 (  0.388172  0.000000 -0.000000 -0.445695  0.388172  0.000000 ) 
     freq (    4) =      10.867985 [THz] =     362.516958 [cm-1]
 (  0.163543  0.283264 -0.463166  0.267409  0.163543  0.283264 ) 
 (  0.327086 -0.000000  0.000000 -0.534818  0.327086  0.000000 ) 
     freq (    5) =      13.287628 [THz] =     443.227556 [cm-1]
 (  0.250000  0.433013  0.000000 -0.000000 -0.250000 -0.433013 ) 
 (  0.500000  0.000000 -0.000000 -0.000000 -0.500000  0.000000 ) 
     freq (    6) =      13.839976 [THz] =     461.651898 [cm-1]
 ( -0.157577 -0.272932 -0.475412  0.274479 -0.157577 -0.272932 ) 
 (  0.315154  0.000000 -0.000000  0.548959  0.315154  0.000000 ) 
 **************************************************************************
