Dynamical matrix file
                                                                           
  1    2  2 10.3400000  0.0000000  0.0000000  0.0000000  0.0000000  0.0000000
           1  'Si  '    25598.8229845270     
    1    1      0.0000000000      0.0000000000      0.0000000000
    2    1      0.2500000000      0.2500000000      0.2500000000

     Dynamical  Matrix in cartesian axes

     q = (   -0.333333333   0.333333333  -0.333333333 ) 

    1    1
  0.27109882 -0.00000000   -0.01587332  0.00000000    0.01587332 -0.00000000
 -0.01587332  0.00000000    0.27109882 -0.00000000   -0.01587332  0.00000000
  0.01587332 -0.00000000   -0.01587332  0.00000000    0.27109882 -0.00000000
    1    2
 -0.17098707 -0.04821707   -0.06004894  0.03510021    0.06004894 -0.03510021
 -0.06004894  0.03510021   -0.17098707 -0.04821707   -0.06004894  0.03510021
  0.06004894 -0.03510021   -0.06004894  0.03510021   -0.17098707 -0.04821707
    2    1
 -0.17098707  0.04821707   -0.06004894 -0.03510021    0.06004894  0.03510021
 -0.06004894 -0.03510021   -0.17098707  0.04821707   -0.06004894 -0.03510021
  0.06004894  0.03510021   -0.06004894 -0.03510021   -0.17098707  0.04821707
    2    2
  0.27109882  0.00000000   -0.01587332 -0.00000000    0.01587332  0.00000000
 -0.01587332 -0.00000000    0.27109882  0.00000000   -0.01587332 -0.00000000
  0.01587332  0.00000000   -0.01587332 -0.00000000    0.27109882  0.00000000

     Dynamical  Matrix in cartesian axes

     q = (    0.333333333   0.333333333   0.333333333 ) 

    1    1
  0.27109882 -0.00000000    0.01587332 -0.00000000    0.01587332 -0.00000000
  0.01587332 -0.00000000    0.27109882 -0.00000000    0.01587332 -0.00000000
  0.01587332 -0.00000000    0.01587332 -0.00000000    0.27109882 -0.00000000
    1    2
  0.04373633  0.17218768   -0.06042215 -0.03445381   -0.06042215 -0.03445381
 -0.06042215 -0.03445381    0.04373633  0.17218768   -0.06042215 -0.03445381
 -0.06042215 -0.03445381   -0.06042215 -0.03445381    0.04373633  0.17218768
    2    1
  0.04373633 -0.17218768   -0.06042215  0.03445381   -0.06042215  0.03445381
 -0.06042215  0.03445381    0.04373633 -0.17218768   -0.06042215  0.03445381
 -0.06042215  0.03445381   -0.06042215  0.03445381    0.04373633 -0.17218768
    2    2
  0.27109882  0.00000000    0.01587332  0.00000000    0.01587332  0.00000000
  0.01587332  0.00000000    0.27109882  0.00000000    0.01587332  0.00000000
  0.01587332  0.00000000    0.01587332  0.00000000    0.27109882  0.00000000

     Dynamical  Matrix in cartesian axes

     q = (   -0.333333333  -0.333333333  -0.333333333 ) 

    1    1
  0.27109882  0.00000000    0.01587332  0.00000000    0.01587332  0.00000000
  0.01587332  0.00000000    0.27109882  0.00000000    0.01587332  0.00000000
  0.01587332  0.00000000    0.01587332  0.00000000    0.27109882  0.00000000
    1    2
  0.04373633 -0.17218768   -0.06042215  0.03445381   -0.06042215  0.03445381
 -0.06042215  0.03445381    0.04373633 -0.17218768   -0.06042215  0.03445381
 -0.06042215  0.03445381   -0.06042215  0.03445381    0.04373633 -0.17218768
    2    1
  0.04373633  0.17218768   -0.06042215 -0.03445381   -0.06042215 -0.03445381
 -0.06042215 -0.03445381    0.04373633  0.17218768   -0.06042215 -0.03445381
 -0.06042215 -0.03445381   -0.06042215 -0.03445381    0.04373633  0.17218768
    2    2
  0.27109882 -0.00000000    0.01587332 -0.00000000    0.01587332 -0.00000000
  0.01587332 -0.00000000    0.27109882 -0.00000000    0.01587332 -0.00000000
  0.01587332 -0.00000000    0.01587332 -0.00000000    0.27109882 -0.00000000

     Dynamical  Matrix in cartesian axes

     q = (    0.333333333  -0.333333333   0.333333333 ) 

    1    1
  0.27109882  0.00000000   -0.01587332 -0.00000000    0.01587332  0.00000000
 -0.01587332 -0.00000000    0.27109882  0.00000000   -0.01587332 -0.00000000
  0.01587332  0.00000000   -0.01587332 -0.00000000    0.27109882  0.00000000
    1    2
 -0.17098707  0.04821707   -0.06004894 -0.03510021    0.06004894  0.03510021
 -0.06004894 -0.03510021   -0.17098707  0.04821707   -0.06004894 -0.03510021
  0.06004894  0.03510021   -0.06004894 -0.03510021   -0.17098707  0.04821707
    2    1
 -0.17098707 -0.04821707   -0.06004894  0.03510021    0.06004894 -0.03510021
 -0.06004894  0.03510021   -0.17098707 -0.04821707   -0.06004894  0.03510021
  0.06004894 -0.03510021   -0.06004894  0.03510021   -0.17098707 -0.04821707
    2    2
  0.27109882 -0.00000000   -0.01587332  0.00000000    0.01587332 -0.00000000
 -0.01587332  0.00000000    0.27109882 -0.00000000   -0.01587332  0.00000000
  0.01587332 -0.00000000   -0.01587332  0.00000000    0.27109882 -0.00000000

     Dynamical  Matrix in cartesian axes

     q = (    0.333333333  -0.333333333  -0.333333333 ) 

    1    1
  0.27109882 -0.00000000   -0.01587332  0.00000000   -0.01587332  0.00000000
 -0.01587332  0.00000000    0.27109882 -0.00000000    0.01587332 -0.00000000
 -0.01587332  0.00000000    0.01587332 -0.00000000    0.27109882 -0.00000000
    1    2
 -0.17098707 -0.04821707   -0.06004894  0.03510021   -0.06004894  0.03510021
 -0.06004894  0.03510021   -0.17098707 -0.04821707    0.06004894 -0.03510021
 -0.06004894  0.03510021    0.06004894 -0.03510021   -0.17098707 -0.04821707
    2    1
 -0.17098707  0.04821707   -0.06004894 -0.03510021   -0.06004894 -0.03510021
 -0.06004894 -0.03510021   -0.17098707  0.04821707    0.06004894  0.03510021
 -0.06004894 -0.03510021    0.06004894  0.03510021   -0.17098707  0.04821707
    2    2
  0.27109882  0.00000000   -0.01587332 -0.00000000   -0.01587332 -0.00000000
 -0.01587332 -0.00000000    0.27109882  0.00000000    0.01587332  0.00000000
 -0.01587332 -0.00000000    0.01587332  0.00000000    0.27109882  0.00000000

     Dynamical  Matrix in cartesian axes

     q = (    0.333333333   0.333333333  -0.333333333 ) 

    1    1
  0.27109882  0.00000000    0.01587332  0.00000000   -0.01587332 -0.00000000
  0.01587332  0.00000000    0.27109882  0.00000000   -0.01587332 -0.00000000
 -0.01587332 -0.00000000   -0.01587332 -0.00000000    0.27109882  0.00000000
    1    2
 -0.17098707  0.04821707    0.06004894  0.03510021   -0.06004894 -0.03510021
  0.06004894  0.03510021   -0.17098707  0.04821707   -0.06004894 -0.03510021
 -0.06004894 -0.03510021   -0.06004894 -0.03510021   -0.17098707  0.04821707
    2    1
 -0.17098707 -0.04821707    0.06004894 -0.03510021   -0.06004894  0.03510021
  0.06004894 -0.03510021   -0.17098707 -0.04821707   -0.06004894  0.03510021
 -0.06004894  0.03510021   -0.06004894  0.03510021   -0.17098707 -0.04821707
    2    2
  0.27109882 -0.00000000    0.01587332 -0.00000000   -0.01587332  0.00000000
  0.01587332 -0.00000000    0.27109882 -0.00000000   -0.01587332  0.00000000
 -0.01587332  0.00000000   -0.01587332  0.00000000    0.27109882 -0.00000000

     Dynamical  Matrix in cartesian axes

     q = (   -0.333333333  -0.333333333   0.333333333 ) 

    1    1
  0.27109882 -0.00000000    0.01587332 -0.00000000   -0.01587332  0.00000000
  0.01587332 -0.00000000    0.27109882 -0.00000000   -0.01587332  0.00000000
 -0.01587332  0.00000000   -0.01587332  0.00000000    0.27109882 -0.00000000
    1    2
 -0.17098707 -0.04821707    0.06004894 -0.03510021   -0.06004894  0.03510021
  0.06004894 -0.03510021   -0.17098707 -0.04821707   -0.06004894  0.03510021
 -0.06004894  0.03510021   -0.06004894  0.03510021   -0.17098707 -0.04821707
    2    1
 -0.17098707  0.04821707    0.06004894  0.03510021   -0.06004894 -0.03510021
  0.06004894  0.03510021   -0.17098707  0.04821707   -0.06004894 -0.03510021
 -0.06004894 -0.03510021   -0.06004894 -0.03510021   -0.17098707  0.04821707
    2    2
  0.27109882  0.00000000    0.01587332  0.00000000   -0.01587332 -0.00000000
  0.01587332  0.00000000    0.27109882  0.00000000   -0.01587332 -0.00000000
 -0.01587332 -0.00000000   -0.01587332 -0.00000000    0.27109882  0.00000000

     Dynamical  Matrix in cartesian axes

     q = (   -0.333333333   0.333333333   0.333333333 ) 

    1    1
  0.27109882  0.00000000   -0.01587332 -0.00000000   -0.01587332 -0.00000000
 -0.01587332 -0.00000000    0.27109882  0.00000000    0.01587332  0.00000000
 -0.01587332 -0.00000000    0.01587332  0.00000000    0.27109882  0.00000000
    1    2
 -0.17098707  0.04821707   -0.06004894 -0.03510021   -0.06004894 -0.03510021
 -0.06004894 -0.03510021   -0.17098707  0.04821707    0.06004894  0.03510021
 -0.06004894 -0.03510021    0.06004894  0.03510021   -0.17098707  0.04821707
    2    1
 -0.17098707 -0.04821707   -0.06004894  0.03510021   -0.06004894  0.03510021
 -0.06004894  0.03510021   -0.17098707 -0.04821707    0.06004894 -0.03510021
 -0.06004894  0.03510021    0.06004894 -0.03510021   -0.17098707 -0.04821707
    2    2
  0.27109882 -0.00000000   -0.01587332  0.00000000   -0.01587332  0.00000000
 -0.01587332  0.00000000    0.27109882 -0.00000000    0.01587332 -0.00000000
 -0.01587332  0.00000000    0.01587332 -0.00000000    0.27109882 -0.00000000

     Diagonalizing the dynamical matrix

     q = (   -0.333333333   0.333333333  -0.333333333 ) 

 **************************************************************************
     freq (    1) =       3.173310 [THz] =     105.850221 [cm-1]
 ( -0.282208  0.077643 -0.571506  0.061218 -0.289298 -0.016425 ) 
 ( -0.277353  0.093514 -0.567117  0.093514 -0.289764  0.000000 ) 
     freq (    2) =       3.173310 [THz] =     105.850221 [cm-1]
 (  0.496971 -0.026135 -0.001595 -0.054441 -0.498567 -0.028306 ) 
 (  0.494691 -0.054263 -0.004679 -0.054263 -0.499370  0.000000 ) 
     freq (    3) =       8.576007 [THz] =     286.064816 [cm-1]
 (  0.161188  0.375080 -0.161188 -0.375080  0.161188  0.375080 ) 
 (  0.408248 -0.000000 -0.408248  0.000000  0.408248  0.000000 ) 
     freq (    4) =      13.510564 [THz] =     450.663890 [cm-1]
 (  0.161188  0.375080 -0.161188 -0.375080  0.161188  0.375080 ) 
 ( -0.408248  0.000000  0.408248  0.000000 -0.408248  0.000000 ) 
     freq (    5) =      14.343861 [THz] =     478.459697 [cm-1]
 ( -0.440207 -0.017440 -0.542940 -0.023273 -0.102733 -0.005833 ) 
 (  0.440488 -0.007540  0.543386 -0.007540  0.102898  0.000000 ) 
     freq (    6) =      14.343861 [THz] =     478.459697 [cm-1]
 ( -0.372633 -0.019788  0.194561  0.012414  0.567193  0.032202 ) 
 (  0.373155 -0.001366 -0.194951 -0.001366 -0.568107  0.000000 ) 
 **************************************************************************
