Dynamical matrix file
                                                                           
  1    2  2 10.2920000  0.0000000  0.0000000  0.0000000  0.0000000  0.0000000
           1  'Si  '    25598.8229845270     
    1    1      0.0000000000      0.0000000000      0.0000000000
    2    1      0.2500000000      0.2500000000      0.2500000000

     Dynamical  Matrix in cartesian axes

     q = (    0.333333333   0.000000000   0.333333333 ) 

    1    1
  0.27013876  0.00000000    0.00000000  0.00483087    0.00795056  0.00000000
  0.00000000 -0.00483087    0.27149565  0.00000000    0.00000000 -0.00483087
  0.00795056  0.00000000    0.00000000  0.00483087    0.27013876  0.00000000
    1    2
 -0.09639802  0.16696627   -0.06376952 -0.03681735    0.02196289 -0.03804084
 -0.06376952 -0.03681735   -0.10129291  0.17544447   -0.06376952 -0.03681735
  0.02196289 -0.03804084   -0.06376952 -0.03681735   -0.09639802  0.16696627
    2    1
 -0.09639802 -0.16696627   -0.06376952  0.03681735    0.02196289  0.03804084
 -0.06376952  0.03681735   -0.10129291 -0.17544447   -0.06376952  0.03681735
  0.02196289  0.03804084   -0.06376952  0.03681735   -0.09639802 -0.16696627
    2    2
  0.27013876  0.00000000    0.00000000 -0.00483087    0.00795056  0.00000000
  0.00000000  0.00483087    0.27149565  0.00000000    0.00000000  0.00483087
  0.00795056  0.00000000    0.00000000 -0.00483087    0.27013876  0.00000000

     Dynamical  Matrix in cartesian axes

     q = (   -0.333333333   0.000000000   0.333333333 ) 

    1    1
  0.27013876  0.00000000    0.00000000  0.00483087   -0.00795056  0.00000000
  0.00000000 -0.00483087    0.27149565  0.00000000    0.00000000  0.00483087
 -0.00795056  0.00000000    0.00000000 -0.00483087    0.27013876  0.00000000
    1    2
 -0.19279604 -0.00000000    0.00000000 -0.07363470   -0.04392578  0.00000000
  0.00000000 -0.07363470   -0.20258583  0.00000000    0.00000000  0.07363470
 -0.04392578  0.00000000   -0.00000000  0.07363470   -0.19279604 -0.00000000
    2    1
 -0.19279604  0.00000000   -0.00000000  0.07363470   -0.04392578  0.00000000
 -0.00000000  0.07363470   -0.20258583 -0.00000000   -0.00000000 -0.07363470
 -0.04392578  0.00000000   -0.00000000 -0.07363470   -0.19279604  0.00000000
    2    2
  0.27013876  0.00000000    0.00000000 -0.00483087   -0.00795056  0.00000000
  0.00000000  0.00483087    0.27149565  0.00000000    0.00000000 -0.00483087
 -0.00795056  0.00000000    0.00000000  0.00483087    0.27013876  0.00000000

     Dynamical  Matrix in cartesian axes

     q = (    0.333333333   0.000000000  -0.333333333 ) 

    1    1
  0.27013876  0.00000000    0.00000000 -0.00483087   -0.00795056  0.00000000
  0.00000000  0.00483087    0.27149565  0.00000000    0.00000000 -0.00483087
 -0.00795056  0.00000000    0.00000000  0.00483087    0.27013876  0.00000000
    1    2
 -0.19279604  0.00000000   -0.00000000  0.07363470   -0.04392578  0.00000000
 -0.00000000  0.07363470   -0.20258583 -0.00000000    0.00000000 -0.07363470
 -0.04392578  0.00000000    0.00000000 -0.07363470   -0.19279604  0.00000000
    2    1
 -0.19279604  0.00000000    0.00000000 -0.07363470   -0.04392578  0.00000000
 -0.00000000 -0.07363470   -0.20258583  0.00000000   -0.00000000  0.07363470
 -0.04392578  0.00000000   -0.00000000  0.07363470   -0.19279604  0.00000000
    2    2
  0.27013876  0.00000000    0.00000000  0.00483087   -0.00795056  0.00000000
  0.00000000 -0.00483087    0.27149565  0.00000000    0.00000000  0.00483087
 -0.00795056  0.00000000    0.00000000 -0.00483087    0.27013876  0.00000000

     Dynamical  Matrix in cartesian axes

     q = (   -0.333333333   0.000000000  -0.333333333 ) 

    1    1
  0.27013876  0.00000000    0.00000000 -0.00483087    0.00795056  0.00000000
  0.00000000  0.00483087    0.27149565  0.00000000    0.00000000  0.00483087
  0.00795056  0.00000000    0.00000000 -0.00483087    0.27013876  0.00000000
    1    2
 -0.09639802 -0.16696627   -0.06376952  0.03681735    0.02196289  0.03804084
 -0.06376952  0.03681735   -0.10129291 -0.17544447   -0.06376952  0.03681735
  0.02196289  0.03804084   -0.06376952  0.03681735   -0.09639802 -0.16696627
    2    1
 -0.09639802  0.16696627   -0.06376952 -0.03681735    0.02196289 -0.03804084
 -0.06376952 -0.03681735   -0.10129291  0.17544447   -0.06376952 -0.03681735
  0.02196289 -0.03804084   -0.06376952 -0.03681735   -0.09639802  0.16696627
    2    2
  0.27013876  0.00000000    0.00000000  0.00483087    0.00795056  0.00000000
  0.00000000 -0.00483087    0.27149565  0.00000000    0.00000000 -0.00483087
  0.00795056  0.00000000    0.00000000  0.00483087    0.27013876  0.00000000

     Dynamical  Matrix in cartesian axes

     q = (    0.000000000   0.333333333  -0.333333333 ) 

    1    1
  0.27149565  0.00000000    0.00000000  0.00483087    0.00000000 -0.00483087
  0.00000000 -0.00483087    0.27013876  0.00000000   -0.00795056  0.00000000
  0.00000000  0.00483087   -0.00795056  0.00000000    0.27013876  0.00000000
    1    2
 -0.20258583  0.00000000    0.00000000  0.07363470    0.00000000 -0.07363470
  0.00000000  0.07363470   -0.19279604  0.00000000   -0.04392578  0.00000000
 -0.00000000 -0.07363470   -0.04392578  0.00000000   -0.19279604  0.00000000
    2    1
 -0.20258583  0.00000000    0.00000000 -0.07363470    0.00000000  0.07363470
 -0.00000000 -0.07363470   -0.19279604 -0.00000000   -0.04392578  0.00000000
  0.00000000  0.07363470   -0.04392578  0.00000000   -0.19279604 -0.00000000
    2    2
  0.27149565  0.00000000    0.00000000 -0.00483087    0.00000000  0.00483087
  0.00000000  0.00483087    0.27013876  0.00000000   -0.00795056  0.00000000
  0.00000000 -0.00483087   -0.00795056  0.00000000    0.27013876  0.00000000

     Dynamical  Matrix in cartesian axes

     q = (   -0.333333333   0.333333333   0.000000000 ) 

    1    1
  0.27013876 -0.00000000   -0.00795056  0.00000000    0.00000000  0.00483087
 -0.00795056  0.00000000    0.27013876 -0.00000000    0.00000000 -0.00483087
  0.00000000 -0.00483087    0.00000000  0.00483087    0.27149565 -0.00000000
    1    2
 -0.19279604 -0.00000000   -0.04392578  0.00000000    0.00000000 -0.07363470
 -0.04392578  0.00000000   -0.19279604 -0.00000000   -0.00000000  0.07363470
  0.00000000 -0.07363470    0.00000000  0.07363470   -0.20258583 -0.00000000
    2    1
 -0.19279604  0.00000000   -0.04392578  0.00000000   -0.00000000  0.07363470
 -0.04392578  0.00000000   -0.19279604  0.00000000    0.00000000 -0.07363470
  0.00000000  0.07363470    0.00000000 -0.07363470   -0.20258583 -0.00000000
    2    2
  0.27013876 -0.00000000   -0.00795056  0.00000000    0.00000000 -0.00483087
 -0.00795056  0.00000000    0.27013876 -0.00000000    0.00000000  0.00483087
  0.00000000  0.00483087    0.00000000 -0.00483087    0.27149565 -0.00000000

     Dynamical  Matrix in cartesian axes

     q = (    0.000000000   0.333333333   0.333333333 ) 

    1    1
  0.27149565  0.00000000    0.00000000 -0.00483087    0.00000000 -0.00483087
  0.00000000  0.00483087    0.27013876  0.00000000    0.00795056  0.00000000
  0.00000000  0.00483087    0.00795056  0.00000000    0.27013876  0.00000000
    1    2
 -0.10129291  0.17544447   -0.06376952 -0.03681735   -0.06376952 -0.03681735
 -0.06376952 -0.03681735   -0.09639802  0.16696627    0.02196289 -0.03804084
 -0.06376952 -0.03681735    0.02196289 -0.03804084   -0.09639802  0.16696627
    2    1
 -0.10129291 -0.17544447   -0.06376952  0.03681735   -0.06376952  0.03681735
 -0.06376952  0.03681735   -0.09639802 -0.16696627    0.02196289  0.03804084
 -0.06376952  0.03681735    0.02196289  0.03804084   -0.09639802 -0.16696627
    2    2
  0.27149565  0.00000000    0.00000000  0.00483087    0.00000000  0.00483087
  0.00000000 -0.00483087    0.27013876  0.00000000    0.00795056  0.00000000
  0.00000000 -0.00483087    0.00795056  0.00000000    0.27013876  0.00000000

     Dynamical  Matrix in cartesian axes

     q = (    0.000000000  -0.333333333  -0.333333333 ) 

    1    1
  0.27149565  0.00000000    0.00000000  0.00483087    0.00000000  0.00483087
  0.00000000 -0.00483087    0.27013876  0.00000000    0.00795056  0.00000000
  0.00000000 -0.00483087    0.00795056  0.00000000    0.27013876  0.00000000
    1    2
 -0.10129291 -0.17544447   -0.06376952  0.03681735   -0.06376952  0.03681735
 -0.06376952  0.03681735   -0.09639802 -0.16696627    0.02196289  0.03804084
 -0.06376952  0.03681735    0.02196289  0.03804084   -0.09639802 -0.16696627
    2    1
 -0.10129291  0.17544447   -0.06376952 -0.03681735   -0.06376952 -0.03681735
 -0.06376952 -0.03681735   -0.09639802  0.16696627    0.02196289 -0.03804084
 -0.06376952 -0.03681735    0.02196289 -0.03804084   -0.09639802  0.16696627
    2    2
  0.27149565  0.00000000    0.00000000 -0.00483087    0.00000000 -0.00483087
  0.00000000  0.00483087    0.27013876  0.00000000    0.00795056  0.00000000
  0.00000000  0.00483087    0.00795056  0.00000000    0.27013876  0.00000000

     Dynamical  Matrix in cartesian axes

     q = (    0.333333333  -0.333333333   0.000000000 ) 

    1    1
  0.27013876 -0.00000000   -0.00795056  0.00000000    0.00000000 -0.00483087
 -0.00795056  0.00000000    0.27013876 -0.00000000    0.00000000  0.00483087
  0.00000000  0.00483087    0.00000000 -0.00483087    0.27149565 -0.00000000
    1    2
 -0.19279604  0.00000000   -0.04392578  0.00000000    0.00000000  0.07363470
 -0.04392578  0.00000000   -0.19279604  0.00000000    0.00000000 -0.07363470
  0.00000000  0.07363470    0.00000000 -0.07363470   -0.20258583 -0.00000000
    2    1
 -0.19279604 -0.00000000   -0.04392578  0.00000000    0.00000000 -0.07363470
 -0.04392578  0.00000000   -0.19279604 -0.00000000   -0.00000000  0.07363470
  0.00000000 -0.07363470    0.00000000  0.07363470   -0.20258583 -0.00000000
    2    2
  0.27013876 -0.00000000   -0.00795056  0.00000000    0.00000000  0.00483087
 -0.00795056  0.00000000    0.27013876 -0.00000000    0.00000000 -0.00483087
  0.00000000 -0.00483087    0.00000000  0.00483087    0.27149565 -0.00000000

     Dynamical  Matrix in cartesian axes

     q = (    0.333333333   0.333333333   0.000000000 ) 

    1    1
  0.27013876  0.00000000    0.00795056  0.00000000    0.00000000  0.00483087
  0.00795056  0.00000000    0.27013876  0.00000000    0.00000000  0.00483087
 -0.00000000 -0.00483087    0.00000000 -0.00483087    0.27149565  0.00000000
    1    2
 -0.09639802  0.16696627    0.02196289 -0.03804084   -0.06376952 -0.03681735
  0.02196289 -0.03804084   -0.09639802  0.16696627   -0.06376952 -0.03681735
 -0.06376952 -0.03681735   -0.06376952 -0.03681735   -0.10129291  0.17544447
    2    1
 -0.09639802 -0.16696627    0.02196289  0.03804084   -0.06376952  0.03681735
  0.02196289  0.03804084   -0.09639802 -0.16696627   -0.06376952  0.03681735
 -0.06376952  0.03681735   -0.06376952  0.03681735   -0.10129291 -0.17544447
    2    2
  0.27013876  0.00000000    0.00795056  0.00000000    0.00000000 -0.00483087
  0.00795056  0.00000000    0.27013876  0.00000000    0.00000000 -0.00483087
 -0.00000000  0.00483087    0.00000000  0.00483087    0.27149565  0.00000000

     Dynamical  Matrix in cartesian axes

     q = (   -0.333333333  -0.333333333   0.000000000 ) 

    1    1
  0.27013876  0.00000000    0.00795056  0.00000000    0.00000000 -0.00483087
  0.00795056  0.00000000    0.27013876  0.00000000    0.00000000 -0.00483087
 -0.00000000  0.00483087    0.00000000  0.00483087    0.27149565  0.00000000
    1    2
 -0.09639802 -0.16696627    0.02196289  0.03804084   -0.06376952  0.03681735
  0.02196289  0.03804084   -0.09639802 -0.16696627   -0.06376952  0.03681735
 -0.06376952  0.03681735   -0.06376952  0.03681735   -0.10129291 -0.17544447
    2    1
 -0.09639802  0.16696627    0.02196289 -0.03804084   -0.06376952 -0.03681735
  0.02196289 -0.03804084   -0.09639802  0.16696627   -0.06376952 -0.03681735
 -0.06376952 -0.03681735   -0.06376952 -0.03681735   -0.10129291  0.17544447
    2    2
  0.27013876  0.00000000    0.00795056  0.00000000    0.00000000  0.00483087
  0.00795056  0.00000000    0.27013876  0.00000000    0.00000000  0.00483087
 -0.00000000 -0.00483087    0.00000000 -0.00483087    0.27149565  0.00000000

     Dynamical  Matrix in cartesian axes

     q = (    0.000000000  -0.333333333   0.333333333 ) 

    1    1
  0.27149565  0.00000000    0.00000000 -0.00483087    0.00000000  0.00483087
  0.00000000  0.00483087    0.27013876  0.00000000   -0.00795056  0.00000000
  0.00000000 -0.00483087   -0.00795056  0.00000000    0.27013876  0.00000000
    1    2
 -0.20258583  0.00000000   -0.00000000 -0.07363470    0.00000000  0.07363470
 -0.00000000 -0.07363470   -0.19279604 -0.00000000   -0.04392578  0.00000000
  0.00000000  0.07363470   -0.04392578  0.00000000   -0.19279604 -0.00000000
    2    1
 -0.20258583  0.00000000    0.00000000  0.07363470    0.00000000 -0.07363470
 -0.00000000  0.07363470   -0.19279604  0.00000000   -0.04392578  0.00000000
  0.00000000 -0.07363470   -0.04392578  0.00000000   -0.19279604  0.00000000
    2    2
  0.27149565  0.00000000    0.00000000  0.00483087    0.00000000 -0.00483087
  0.00000000 -0.00483087    0.27013876  0.00000000   -0.00795056  0.00000000
  0.00000000  0.00483087   -0.00795056  0.00000000    0.27013876  0.00000000

     Diagonalizing the dynamical matrix

     q = (    0.333333333   0.000000000   0.333333333 ) 

 **************************************************************************
     freq (    1) =       3.281320 [THz] =     109.453061 [cm-1]
 ( -0.250000  0.433013 -0.000000 -0.000000  0.250000 -0.433013 ) 
 ( -0.500000 -0.000000  0.000000 -0.000000  0.500000  0.000000 ) 
     freq (    2) =       4.321708 [THz] =     144.156655 [cm-1]
 ( -0.061591  0.106679  0.593498  0.342656 -0.061591  0.106679 ) 
 (  0.123182  0.000000 -0.000000  0.685312  0.123182  0.000000 ) 
     freq (    3) =       6.390727 [THz] =     213.171718 [cm-1]
 (  0.239851 -0.415435  0.172709  0.099713  0.239851 -0.415435 ) 
 (  0.479702 -0.000000  0.000000 -0.199427  0.479702  0.000000 ) 
     freq (    4) =      13.819336 [THz] =     460.963443 [cm-1]
 (  0.242294 -0.419666  0.150866  0.087103  0.242294 -0.419666 ) 
 ( -0.484589 -0.000000 -0.000000  0.174206 -0.484589  0.000000 ) 
     freq (    5) =      14.523662 [THz] =     484.457232 [cm-1]
 (  0.250000 -0.433013 -0.000000  0.000000 -0.250000  0.433013 ) 
 ( -0.500000 -0.000000  0.000000  0.000000  0.500000  0.000000 ) 
     freq (    6) =      14.636638 [THz] =     488.225707 [cm-1]
 (  0.070508 -0.122124 -0.587513 -0.339201  0.070508 -0.122124 ) 
 (  0.141016  0.000000 -0.000000  0.678402  0.141016  0.000000 ) 
 **************************************************************************
