Dynamical matrix file
                                                                           
  1    2  2 10.3760000  0.0000000  0.0000000  0.0000000  0.0000000  0.0000000
           1  'Si  '    25598.8229845270     
    1    1      0.0000000000      0.0000000000      0.0000000000
    2    1      0.2500000000      0.2500000000      0.2500000000

     Dynamical  Matrix in cartesian axes

     q = (    0.833333333  -0.166666667   0.833333333 ) 

    1    1
  0.23260109  0.00000000   -0.00260842  0.00719108    0.00280248  0.00000000
 -0.00260842 -0.00719108    0.30635926  0.00000000   -0.00260842 -0.00719108
  0.00280248  0.00000000   -0.00260842  0.00719108    0.23260109  0.00000000
    1    2
 -0.02815266  0.04997875   -0.01841417  0.03347541   -0.10820747 -0.11452119
 -0.01841417  0.03347541   -0.02199733  0.06384127   -0.01841417  0.03347541
 -0.10820747 -0.11452119   -0.01841417  0.03347541   -0.02815266  0.04997875
    2    1
 -0.02815266 -0.04997875   -0.01841417 -0.03347541   -0.10820747  0.11452119
 -0.01841417 -0.03347541   -0.02199733 -0.06384127   -0.01841417 -0.03347541
 -0.10820747  0.11452119   -0.01841417 -0.03347541   -0.02815266 -0.04997875
    2    2
  0.23260109 -0.00000000   -0.00260842 -0.00719108    0.00280248 -0.00000000
 -0.00260842  0.00719108    0.30635926 -0.00000000   -0.00260842  0.00719108
  0.00280248 -0.00000000   -0.00260842 -0.00719108    0.23260109 -0.00000000

     Dynamical  Matrix in cartesian axes

     q = (   -0.833333333  -0.166666667   0.833333333 ) 

    1    1
  0.23260109  0.00000000    0.00260842  0.00719108   -0.00280248  0.00000000
  0.00260842 -0.00719108    0.30635926  0.00000000   -0.00260842  0.00719108
 -0.00280248  0.00000000   -0.00260842 -0.00719108    0.23260109  0.00000000
    1    2
 -0.02920654  0.04937029    0.01978347 -0.03268484   -0.15328200 -0.03644982
  0.01978347 -0.03268484   -0.04428950  0.05097088   -0.01978347  0.03268484
 -0.15328200 -0.03644982   -0.01978347  0.03268484   -0.02920654  0.04937029
    2    1
 -0.02920654 -0.04937029    0.01978347  0.03268484   -0.15328200  0.03644982
  0.01978347  0.03268484   -0.04428950 -0.05097088   -0.01978347 -0.03268484
 -0.15328200  0.03644982   -0.01978347 -0.03268484   -0.02920654 -0.04937029
    2    2
  0.23260109  0.00000000    0.00260842 -0.00719108   -0.00280248  0.00000000
  0.00260842  0.00719108    0.30635926 -0.00000000   -0.00260842 -0.00719108
 -0.00280248  0.00000000   -0.00260842  0.00719108    0.23260109  0.00000000

     Dynamical  Matrix in cartesian axes

     q = (    0.833333333  -0.166666667  -0.833333333 ) 

    1    1
  0.23260109  0.00000000   -0.00260842 -0.00719108   -0.00280248  0.00000000
 -0.00260842  0.00719108    0.30635926 -0.00000000    0.00260842 -0.00719108
 -0.00280248  0.00000000    0.00260842  0.00719108    0.23260109  0.00000000
    1    2
 -0.02920654  0.04937029   -0.01978347  0.03268484   -0.15328200 -0.03644982
 -0.01978347  0.03268484   -0.04428950  0.05097088    0.01978347 -0.03268484
 -0.15328200 -0.03644982    0.01978347 -0.03268484   -0.02920654  0.04937029
    2    1
 -0.02920654 -0.04937029   -0.01978347 -0.03268484   -0.15328200  0.03644982
 -0.01978347 -0.03268484   -0.04428950 -0.05097088    0.01978347  0.03268484
 -0.15328200  0.03644982    0.01978347  0.03268484   -0.02920654 -0.04937029
    2    2
  0.23260109  0.00000000   -0.00260842  0.00719108   -0.00280248  0.00000000
 -0.00260842 -0.00719108    0.30635926  0.00000000    0.00260842  0.00719108
 -0.00280248  0.00000000    0.00260842 -0.00719108    0.23260109  0.00000000

     Dynamical  Matrix in cartesian axes

     q = (   -0.833333333  -0.166666667  -0.833333333 ) 

    1    1
  0.23260109 -0.00000000    0.00260842 -0.00719108    0.00280248 -0.00000000
  0.00260842  0.00719108    0.30635926 -0.00000000    0.00260842  0.00719108
  0.00280248 -0.00000000    0.00260842 -0.00719108    0.23260109 -0.00000000
    1    2
  0.02920654  0.04937029   -0.01978347 -0.03268484   -0.15328200  0.03644982
 -0.01978347 -0.03268484    0.04428950  0.05097088   -0.01978347 -0.03268484
 -0.15328200  0.03644982   -0.01978347 -0.03268484    0.02920654  0.04937029
    2    1
  0.02920654 -0.04937029   -0.01978347  0.03268484   -0.15328200 -0.03644982
 -0.01978347  0.03268484    0.04428950 -0.05097088   -0.01978347  0.03268484
 -0.15328200 -0.03644982   -0.01978347  0.03268484    0.02920654 -0.04937029
    2    2
  0.23260109  0.00000000    0.00260842  0.00719108    0.00280248  0.00000000
  0.00260842 -0.00719108    0.30635926  0.00000000    0.00260842 -0.00719108
  0.00280248  0.00000000    0.00260842  0.00719108    0.23260109  0.00000000

     Dynamical  Matrix in cartesian axes

     q = (   -0.166666667   0.833333333  -0.833333333 ) 

    1    1
  0.30635926 -0.00000000   -0.00260842  0.00719108    0.00260842 -0.00719108
 -0.00260842 -0.00719108    0.23260109 -0.00000000   -0.00280248  0.00000000
  0.00260842  0.00719108   -0.00280248  0.00000000    0.23260109 -0.00000000
    1    2
 -0.04428950  0.05097088   -0.01978347  0.03268484    0.01978347 -0.03268484
 -0.01978347  0.03268484   -0.02920654  0.04937029   -0.15328200 -0.03644982
  0.01978347 -0.03268484   -0.15328200 -0.03644982   -0.02920654  0.04937029
    2    1
 -0.04428950 -0.05097088   -0.01978347 -0.03268484    0.01978347  0.03268484
 -0.01978347 -0.03268484   -0.02920654 -0.04937029   -0.15328200  0.03644982
  0.01978347  0.03268484   -0.15328200  0.03644982   -0.02920654 -0.04937029
    2    2
  0.30635926  0.00000000   -0.00260842 -0.00719108    0.00260842  0.00719108
 -0.00260842  0.00719108    0.23260109  0.00000000   -0.00280248 -0.00000000
  0.00260842 -0.00719108   -0.00280248 -0.00000000    0.23260109  0.00000000

     Dynamical  Matrix in cartesian axes

     q = (   -0.833333333   0.833333333  -0.166666667 ) 

    1    1
  0.23260109 -0.00000000   -0.00280248  0.00000000    0.00260842  0.00719108
 -0.00280248  0.00000000    0.23260109 -0.00000000   -0.00260842 -0.00719108
  0.00260842 -0.00719108   -0.00260842  0.00719108    0.30635926 -0.00000000
    1    2
 -0.02920654  0.04937029   -0.15328200 -0.03644982    0.01978347 -0.03268484
 -0.15328200 -0.03644982   -0.02920654  0.04937029   -0.01978347  0.03268484
  0.01978347 -0.03268484   -0.01978347  0.03268484   -0.04428950  0.05097088
    2    1
 -0.02920654 -0.04937029   -0.15328200  0.03644982    0.01978347  0.03268484
 -0.15328200  0.03644982   -0.02920654 -0.04937029   -0.01978347 -0.03268484
  0.01978347  0.03268484   -0.01978347 -0.03268484   -0.04428950 -0.05097088
    2    2
  0.23260109  0.00000000   -0.00280248 -0.00000000    0.00260842 -0.00719108
 -0.00280248 -0.00000000    0.23260109  0.00000000   -0.00260842  0.00719108
  0.00260842  0.00719108   -0.00260842 -0.00719108    0.30635926  0.00000000

     Dynamical  Matrix in cartesian axes

     q = (    0.833333333   0.166666667   0.833333333 ) 

    1    1
  0.23260109  0.00000000    0.00260842  0.00719108    0.00280248  0.00000000
  0.00260842 -0.00719108    0.30635926  0.00000000    0.00260842 -0.00719108
  0.00280248  0.00000000    0.00260842  0.00719108    0.23260109  0.00000000
    1    2
  0.02920654 -0.04937029   -0.01978347  0.03268484   -0.15328200 -0.03644982
 -0.01978347  0.03268484    0.04428950 -0.05097088   -0.01978347  0.03268484
 -0.15328200 -0.03644982   -0.01978347  0.03268484    0.02920654 -0.04937029
    2    1
  0.02920654  0.04937029   -0.01978347 -0.03268484   -0.15328200  0.03644982
 -0.01978347 -0.03268484    0.04428950  0.05097088   -0.01978347 -0.03268484
 -0.15328200  0.03644982   -0.01978347 -0.03268484    0.02920654  0.04937029
    2    2
  0.23260109 -0.00000000    0.00260842 -0.00719108    0.00280248 -0.00000000
  0.00260842  0.00719108    0.30635926 -0.00000000    0.00260842  0.00719108
  0.00280248 -0.00000000    0.00260842 -0.00719108    0.23260109 -0.00000000

     Dynamical  Matrix in cartesian axes

     q = (   -0.833333333   0.166666667   0.833333333 ) 

    1    1
  0.23260109  0.00000000   -0.00260842  0.00719108   -0.00280248  0.00000000
 -0.00260842 -0.00719108    0.30635926  0.00000000    0.00260842  0.00719108
 -0.00280248  0.00000000    0.00260842 -0.00719108    0.23260109  0.00000000
    1    2
 -0.02920654 -0.04937029   -0.01978347 -0.03268484   -0.15328200  0.03644982
 -0.01978347 -0.03268484   -0.04428950 -0.05097088    0.01978347  0.03268484
 -0.15328200  0.03644982    0.01978347  0.03268484   -0.02920654 -0.04937029
    2    1
 -0.02920654  0.04937029   -0.01978347  0.03268484   -0.15328200 -0.03644982
 -0.01978347  0.03268484   -0.04428950  0.05097088    0.01978347 -0.03268484
 -0.15328200 -0.03644982    0.01978347 -0.03268484   -0.02920654  0.04937029
    2    2
  0.23260109  0.00000000   -0.00260842 -0.00719108   -0.00280248  0.00000000
 -0.00260842  0.00719108    0.30635926 -0.00000000    0.00260842 -0.00719108
 -0.00280248  0.00000000    0.00260842  0.00719108    0.23260109  0.00000000

     Dynamical  Matrix in cartesian axes

     q = (    0.833333333   0.166666667  -0.833333333 ) 

    1    1
  0.23260109  0.00000000    0.00260842 -0.00719108   -0.00280248  0.00000000
  0.00260842  0.00719108    0.30635926 -0.00000000   -0.00260842 -0.00719108
 -0.00280248  0.00000000   -0.00260842  0.00719108    0.23260109  0.00000000
    1    2
 -0.02920654 -0.04937029    0.01978347  0.03268484   -0.15328200  0.03644982
  0.01978347  0.03268484   -0.04428950 -0.05097088   -0.01978347 -0.03268484
 -0.15328200  0.03644982   -0.01978347 -0.03268484   -0.02920654 -0.04937029
    2    1
 -0.02920654  0.04937029    0.01978347 -0.03268484   -0.15328200 -0.03644982
  0.01978347 -0.03268484   -0.04428950  0.05097088   -0.01978347  0.03268484
 -0.15328200 -0.03644982   -0.01978347  0.03268484   -0.02920654  0.04937029
    2    2
  0.23260109  0.00000000    0.00260842  0.00719108   -0.00280248  0.00000000
  0.00260842 -0.00719108    0.30635926  0.00000000   -0.00260842  0.00719108
 -0.00280248  0.00000000   -0.00260842 -0.00719108    0.23260109  0.00000000

     Dynamical  Matrix in cartesian axes

     q = (   -0.166666667   0.833333333   0.833333333 ) 

    1    1
  0.30635926  0.00000000   -0.00260842 -0.00719108   -0.00260842 -0.00719108
 -0.00260842  0.00719108    0.23260109  0.00000000    0.00280248 -0.00000000
 -0.00260842  0.00719108    0.00280248 -0.00000000    0.23260109  0.00000000
    1    2
 -0.02199733  0.06384127   -0.01841417  0.03347541   -0.01841417  0.03347541
 -0.01841417  0.03347541   -0.02815266  0.04997875   -0.10820747 -0.11452119
 -0.01841417  0.03347541   -0.10820747 -0.11452119   -0.02815266  0.04997875
    2    1
 -0.02199733 -0.06384127   -0.01841417 -0.03347541   -0.01841417 -0.03347541
 -0.01841417 -0.03347541   -0.02815266 -0.04997875   -0.10820747  0.11452119
 -0.01841417 -0.03347541   -0.10820747  0.11452119   -0.02815266 -0.04997875
    2    2
  0.30635926 -0.00000000   -0.00260842  0.00719108   -0.00260842  0.00719108
 -0.00260842 -0.00719108    0.23260109 -0.00000000    0.00280248  0.00000000
 -0.00260842 -0.00719108    0.00280248  0.00000000    0.23260109 -0.00000000

     Dynamical  Matrix in cartesian axes

     q = (    0.166666667   0.833333333  -0.833333333 ) 

    1    1
  0.30635926 -0.00000000    0.00260842  0.00719108   -0.00260842 -0.00719108
  0.00260842 -0.00719108    0.23260109 -0.00000000   -0.00280248  0.00000000
 -0.00260842  0.00719108   -0.00280248  0.00000000    0.23260109 -0.00000000
    1    2
 -0.04428950 -0.05097088    0.01978347  0.03268484   -0.01978347 -0.03268484
  0.01978347  0.03268484   -0.02920654 -0.04937029   -0.15328200  0.03644982
 -0.01978347 -0.03268484   -0.15328200  0.03644982   -0.02920654 -0.04937029
    2    1
 -0.04428950  0.05097088    0.01978347 -0.03268484   -0.01978347  0.03268484
  0.01978347 -0.03268484   -0.02920654  0.04937029   -0.15328200 -0.03644982
 -0.01978347  0.03268484   -0.15328200 -0.03644982   -0.02920654  0.04937029
    2    2
  0.30635926  0.00000000    0.00260842 -0.00719108   -0.00260842  0.00719108
  0.00260842  0.00719108    0.23260109  0.00000000   -0.00280248 -0.00000000
 -0.00260842 -0.00719108   -0.00280248 -0.00000000    0.23260109  0.00000000

     Dynamical  Matrix in cartesian axes

     q = (   -0.166666667  -0.833333333  -0.833333333 ) 

    1    1
  0.30635926 -0.00000000    0.00260842  0.00719108    0.00260842  0.00719108
  0.00260842 -0.00719108    0.23260109 -0.00000000    0.00280248  0.00000000
  0.00260842 -0.00719108    0.00280248  0.00000000    0.23260109 -0.00000000
    1    2
  0.04428950  0.05097088   -0.01978347 -0.03268484   -0.01978347 -0.03268484
 -0.01978347 -0.03268484    0.02920654  0.04937029   -0.15328200  0.03644982
 -0.01978347 -0.03268484   -0.15328200  0.03644982    0.02920654  0.04937029
    2    1
  0.04428950 -0.05097088   -0.01978347  0.03268484   -0.01978347  0.03268484
 -0.01978347  0.03268484    0.02920654 -0.04937029   -0.15328200 -0.03644982
 -0.01978347  0.03268484   -0.15328200 -0.03644982    0.02920654 -0.04937029
    2    2
  0.30635926  0.00000000    0.00260842 -0.00719108    0.00260842 -0.00719108
  0.00260842  0.00719108    0.23260109  0.00000000    0.00280248 -0.00000000
  0.00260842  0.00719108    0.00280248 -0.00000000    0.23260109  0.00000000

     Dynamical  Matrix in cartesian axes

     q = (    0.833333333  -0.833333333   0.166666667 ) 

    1    1
  0.23260109  0.00000000   -0.00280248 -0.00000000    0.00260842 -0.00719108
 -0.00280248 -0.00000000    0.23260109  0.00000000   -0.00260842  0.00719108
  0.00260842  0.00719108   -0.00260842 -0.00719108    0.30635926  0.00000000
    1    2
 -0.02920654 -0.04937029   -0.15328200  0.03644982    0.01978347  0.03268484
 -0.15328200  0.03644982   -0.02920654 -0.04937029   -0.01978347 -0.03268484
  0.01978347  0.03268484   -0.01978347 -0.03268484   -0.04428950 -0.05097088
    2    1
 -0.02920654  0.04937029   -0.15328200 -0.03644982    0.01978347 -0.03268484
 -0.15328200 -0.03644982   -0.02920654  0.04937029   -0.01978347  0.03268484
  0.01978347 -0.03268484   -0.01978347  0.03268484   -0.04428950  0.05097088
    2    2
  0.23260109 -0.00000000   -0.00280248  0.00000000    0.00260842  0.00719108
 -0.00280248  0.00000000    0.23260109 -0.00000000   -0.00260842 -0.00719108
  0.00260842 -0.00719108   -0.00260842  0.00719108    0.30635926 -0.00000000

     Dynamical  Matrix in cartesian axes

     q = (    0.833333333   0.833333333  -0.166666667 ) 

    1    1
  0.23260109 -0.00000000    0.00280248 -0.00000000   -0.00260842  0.00719108
  0.00280248 -0.00000000    0.23260109 -0.00000000   -0.00260842  0.00719108
 -0.00260842 -0.00719108   -0.00260842 -0.00719108    0.30635926 -0.00000000
    1    2
 -0.02815266  0.04997875   -0.10820747 -0.11452119   -0.01841417  0.03347541
 -0.10820747 -0.11452119   -0.02815266  0.04997875   -0.01841417  0.03347541
 -0.01841417  0.03347541   -0.01841417  0.03347541   -0.02199733  0.06384127
    2    1
 -0.02815266 -0.04997875   -0.10820747  0.11452119   -0.01841417 -0.03347541
 -0.10820747  0.11452119   -0.02815266 -0.04997875   -0.01841417 -0.03347541
 -0.01841417 -0.03347541   -0.01841417 -0.03347541   -0.02199733 -0.06384127
    2    2
  0.23260109  0.00000000    0.00280248  0.00000000   -0.00260842 -0.00719108
  0.00280248  0.00000000    0.23260109  0.00000000   -0.00260842 -0.00719108
 -0.00260842  0.00719108   -0.00260842  0.00719108    0.30635926  0.00000000

     Dynamical  Matrix in cartesian axes

     q = (   -0.833333333  -0.833333333  -0.166666667 ) 

    1    1
  0.23260109  0.00000000    0.00280248  0.00000000    0.00260842 -0.00719108
  0.00280248  0.00000000    0.23260109  0.00000000    0.00260842 -0.00719108
  0.00260842  0.00719108    0.00260842  0.00719108    0.30635926  0.00000000
    1    2
  0.02920654  0.04937029   -0.15328200  0.03644982   -0.01978347 -0.03268484
 -0.15328200  0.03644982    0.02920654  0.04937029   -0.01978347 -0.03268484
 -0.01978347 -0.03268484   -0.01978347 -0.03268484    0.04428950  0.05097088
    2    1
  0.02920654 -0.04937029   -0.15328200 -0.03644982   -0.01978347  0.03268484
 -0.15328200 -0.03644982    0.02920654 -0.04937029   -0.01978347  0.03268484
 -0.01978347  0.03268484   -0.01978347  0.03268484    0.04428950 -0.05097088
    2    2
  0.23260109 -0.00000000    0.00280248 -0.00000000    0.00260842  0.00719108
  0.00280248 -0.00000000    0.23260109 -0.00000000    0.00260842  0.00719108
  0.00260842 -0.00719108    0.00260842 -0.00719108    0.30635926 -0.00000000

     Dynamical  Matrix in cartesian axes

     q = (   -0.833333333   0.833333333   0.166666667 ) 

    1    1
  0.23260109  0.00000000   -0.00280248 -0.00000000   -0.00260842  0.00719108
 -0.00280248 -0.00000000    0.23260109  0.00000000    0.00260842 -0.00719108
 -0.00260842 -0.00719108    0.00260842  0.00719108    0.30635926  0.00000000
    1    2
 -0.02920654 -0.04937029   -0.15328200  0.03644982   -0.01978347 -0.03268484
 -0.15328200  0.03644982   -0.02920654 -0.04937029    0.01978347  0.03268484
 -0.01978347 -0.03268484    0.01978347  0.03268484   -0.04428950 -0.05097088
    2    1
 -0.02920654  0.04937029   -0.15328200 -0.03644982   -0.01978347  0.03268484
 -0.15328200 -0.03644982   -0.02920654  0.04937029    0.01978347 -0.03268484
 -0.01978347  0.03268484    0.01978347 -0.03268484   -0.04428950  0.05097088
    2    2
  0.23260109 -0.00000000   -0.00280248  0.00000000   -0.00260842 -0.00719108
 -0.00280248  0.00000000    0.23260109 -0.00000000    0.00260842  0.00719108
 -0.00260842  0.00719108    0.00260842 -0.00719108    0.30635926 -0.00000000

     Dynamical  Matrix in cartesian axes

     q = (    0.166666667  -0.833333333   0.833333333 ) 

    1    1
  0.30635926  0.00000000   -0.00260842 -0.00719108    0.00260842  0.00719108
 -0.00260842  0.00719108    0.23260109  0.00000000   -0.00280248 -0.00000000
  0.00260842 -0.00719108   -0.00280248 -0.00000000    0.23260109  0.00000000
    1    2
 -0.04428950 -0.05097088   -0.01978347 -0.03268484    0.01978347  0.03268484
 -0.01978347 -0.03268484   -0.02920654 -0.04937029   -0.15328200  0.03644982
  0.01978347  0.03268484   -0.15328200  0.03644982   -0.02920654 -0.04937029
    2    1
 -0.04428950  0.05097088   -0.01978347  0.03268484    0.01978347 -0.03268484
 -0.01978347  0.03268484   -0.02920654  0.04937029   -0.15328200 -0.03644982
  0.01978347 -0.03268484   -0.15328200 -0.03644982   -0.02920654  0.04937029
    2    2
  0.30635926 -0.00000000   -0.00260842  0.00719108    0.00260842 -0.00719108
 -0.00260842 -0.00719108    0.23260109 -0.00000000   -0.00280248  0.00000000
  0.00260842  0.00719108   -0.00280248  0.00000000    0.23260109 -0.00000000

     Dynamical  Matrix in cartesian axes

     q = (    0.166666667   0.833333333   0.833333333 ) 

    1    1
  0.30635926  0.00000000    0.00260842 -0.00719108    0.00260842 -0.00719108
  0.00260842  0.00719108    0.23260109  0.00000000    0.00280248 -0.00000000
  0.00260842  0.00719108    0.00280248 -0.00000000    0.23260109  0.00000000
    1    2
  0.04428950 -0.05097088   -0.01978347  0.03268484   -0.01978347  0.03268484
 -0.01978347  0.03268484    0.02920654 -0.04937029   -0.15328200 -0.03644982
 -0.01978347  0.03268484   -0.15328200 -0.03644982    0.02920654 -0.04937029
    2    1
  0.04428950  0.05097088   -0.01978347 -0.03268484   -0.01978347 -0.03268484
 -0.01978347 -0.03268484    0.02920654  0.04937029   -0.15328200  0.03644982
 -0.01978347 -0.03268484   -0.15328200  0.03644982    0.02920654  0.04937029
    2    2
  0.30635926 -0.00000000    0.00260842  0.00719108    0.00260842  0.00719108
  0.00260842 -0.00719108    0.23260109 -0.00000000    0.00280248  0.00000000
  0.00260842 -0.00719108    0.00280248  0.00000000    0.23260109 -0.00000000

     Dynamical  Matrix in cartesian axes

     q = (   -0.833333333   0.166666667  -0.833333333 ) 

    1    1
  0.23260109 -0.00000000   -0.00260842 -0.00719108    0.00280248 -0.00000000
 -0.00260842  0.00719108    0.30635926 -0.00000000   -0.00260842  0.00719108
  0.00280248 -0.00000000   -0.00260842 -0.00719108    0.23260109 -0.00000000
    1    2
 -0.02815266 -0.04997875   -0.01841417 -0.03347541   -0.10820747  0.11452119
 -0.01841417 -0.03347541   -0.02199733 -0.06384127   -0.01841417 -0.03347541
 -0.10820747  0.11452119   -0.01841417 -0.03347541   -0.02815266 -0.04997875
    2    1
 -0.02815266  0.04997875   -0.01841417  0.03347541   -0.10820747 -0.11452119
 -0.01841417  0.03347541   -0.02199733  0.06384127   -0.01841417  0.03347541
 -0.10820747 -0.11452119   -0.01841417  0.03347541   -0.02815266  0.04997875
    2    2
  0.23260109  0.00000000   -0.00260842  0.00719108    0.00280248  0.00000000
 -0.00260842 -0.00719108    0.30635926  0.00000000   -0.00260842 -0.00719108
  0.00280248  0.00000000   -0.00260842  0.00719108    0.23260109  0.00000000

     Dynamical  Matrix in cartesian axes

     q = (   -0.166666667  -0.833333333   0.833333333 ) 

    1    1
  0.30635926  0.00000000    0.00260842 -0.00719108   -0.00260842  0.00719108
  0.00260842  0.00719108    0.23260109  0.00000000   -0.00280248 -0.00000000
 -0.00260842 -0.00719108   -0.00280248 -0.00000000    0.23260109  0.00000000
    1    2
 -0.04428950  0.05097088    0.01978347 -0.03268484   -0.01978347  0.03268484
  0.01978347 -0.03268484   -0.02920654  0.04937029   -0.15328200 -0.03644982
 -0.01978347  0.03268484   -0.15328200 -0.03644982   -0.02920654  0.04937029
    2    1
 -0.04428950 -0.05097088    0.01978347  0.03268484   -0.01978347 -0.03268484
  0.01978347  0.03268484   -0.02920654 -0.04937029   -0.15328200  0.03644982
 -0.01978347 -0.03268484   -0.15328200  0.03644982   -0.02920654 -0.04937029
    2    2
  0.30635926 -0.00000000    0.00260842  0.00719108   -0.00260842 -0.00719108
  0.00260842 -0.00719108    0.23260109 -0.00000000   -0.00280248  0.00000000
 -0.00260842  0.00719108   -0.00280248  0.00000000    0.23260109 -0.00000000

     Dynamical  Matrix in cartesian axes

     q = (   -0.833333333  -0.833333333   0.166666667 ) 

    1    1
  0.23260109  0.00000000    0.00280248  0.00000000   -0.00260842 -0.00719108
  0.00280248  0.00000000    0.23260109  0.00000000   -0.00260842 -0.00719108
 -0.00260842  0.00719108   -0.00260842  0.00719108    0.30635926  0.00000000
    1    2
 -0.02815266 -0.04997875   -0.10820747  0.11452119   -0.01841417 -0.03347541
 -0.10820747  0.11452119   -0.02815266 -0.04997875   -0.01841417 -0.03347541
 -0.01841417 -0.03347541   -0.01841417 -0.03347541   -0.02199733 -0.06384127
    2    1
 -0.02815266  0.04997875   -0.10820747 -0.11452119   -0.01841417  0.03347541
 -0.10820747 -0.11452119   -0.02815266  0.04997875   -0.01841417  0.03347541
 -0.01841417  0.03347541   -0.01841417  0.03347541   -0.02199733  0.06384127
    2    2
  0.23260109 -0.00000000    0.00280248 -0.00000000   -0.00260842  0.00719108
  0.00280248 -0.00000000    0.23260109 -0.00000000   -0.00260842  0.00719108
 -0.00260842 -0.00719108   -0.00260842 -0.00719108    0.30635926 -0.00000000

     Dynamical  Matrix in cartesian axes

     q = (    0.833333333   0.833333333   0.166666667 ) 

    1    1
  0.23260109 -0.00000000    0.00280248 -0.00000000    0.00260842  0.00719108
  0.00280248 -0.00000000    0.23260109 -0.00000000    0.00260842  0.00719108
  0.00260842 -0.00719108    0.00260842 -0.00719108    0.30635926 -0.00000000
    1    2
  0.02920654 -0.04937029   -0.15328200 -0.03644982   -0.01978347  0.03268484
 -0.15328200 -0.03644982    0.02920654 -0.04937029   -0.01978347  0.03268484
 -0.01978347  0.03268484   -0.01978347  0.03268484    0.04428950 -0.05097088
    2    1
  0.02920654  0.04937029   -0.15328200  0.03644982   -0.01978347 -0.03268484
 -0.15328200  0.03644982    0.02920654  0.04937029   -0.01978347 -0.03268484
 -0.01978347 -0.03268484   -0.01978347 -0.03268484    0.04428950  0.05097088
    2    2
  0.23260109  0.00000000    0.00280248  0.00000000    0.00260842 -0.00719108
  0.00280248  0.00000000    0.23260109  0.00000000    0.00260842 -0.00719108
  0.00260842  0.00719108    0.00260842  0.00719108    0.30635926  0.00000000

     Dynamical  Matrix in cartesian axes

     q = (    0.166666667  -0.833333333  -0.833333333 ) 

    1    1
  0.30635926 -0.00000000   -0.00260842  0.00719108   -0.00260842  0.00719108
 -0.00260842 -0.00719108    0.23260109 -0.00000000    0.00280248  0.00000000
 -0.00260842 -0.00719108    0.00280248  0.00000000    0.23260109 -0.00000000
    1    2
 -0.02199733 -0.06384127   -0.01841417 -0.03347541   -0.01841417 -0.03347541
 -0.01841417 -0.03347541   -0.02815266 -0.04997875   -0.10820747  0.11452119
 -0.01841417 -0.03347541   -0.10820747  0.11452119   -0.02815266 -0.04997875
    2    1
 -0.02199733  0.06384127   -0.01841417  0.03347541   -0.01841417  0.03347541
 -0.01841417  0.03347541   -0.02815266  0.04997875   -0.10820747 -0.11452119
 -0.01841417  0.03347541   -0.10820747 -0.11452119   -0.02815266  0.04997875
    2    2
  0.30635926  0.00000000   -0.00260842 -0.00719108   -0.00260842 -0.00719108
 -0.00260842  0.00719108    0.23260109  0.00000000    0.00280248 -0.00000000
 -0.00260842  0.00719108    0.00280248 -0.00000000    0.23260109  0.00000000

     Dynamical  Matrix in cartesian axes

     q = (    0.833333333  -0.833333333  -0.166666667 ) 

    1    1
  0.23260109 -0.00000000   -0.00280248  0.00000000   -0.00260842 -0.00719108
 -0.00280248  0.00000000    0.23260109 -0.00000000    0.00260842  0.00719108
 -0.00260842  0.00719108    0.00260842 -0.00719108    0.30635926 -0.00000000
    1    2
 -0.02920654  0.04937029   -0.15328200 -0.03644982   -0.01978347  0.03268484
 -0.15328200 -0.03644982   -0.02920654  0.04937029    0.01978347 -0.03268484
 -0.01978347  0.03268484    0.01978347 -0.03268484   -0.04428950  0.05097088
    2    1
 -0.02920654 -0.04937029   -0.15328200  0.03644982   -0.01978347 -0.03268484
 -0.15328200  0.03644982   -0.02920654 -0.04937029    0.01978347  0.03268484
 -0.01978347 -0.03268484    0.01978347  0.03268484   -0.04428950 -0.05097088
    2    2
  0.23260109  0.00000000   -0.00280248 -0.00000000   -0.00260842  0.00719108
 -0.00280248 -0.00000000    0.23260109  0.00000000    0.00260842 -0.00719108
 -0.00260842 -0.00719108    0.00260842  0.00719108    0.30635926  0.00000000

     Diagonalizing the dynamical matrix

     q = (    0.833333333  -0.166666667   0.833333333 ) 

 **************************************************************************
     freq (    1) =       4.450767 [THz] =     148.461623 [cm-1]
 (  0.218794  0.449588 -0.000000  0.000000 -0.218794 -0.449588 ) 
 ( -0.500000  0.000000 -0.000000 -0.000000  0.500000  0.000000 ) 
     freq (    2) =       5.596325 [THz] =     186.673305 [cm-1]
 ( -0.447120 -0.189896 -0.123752  0.112832 -0.447120 -0.189896 ) 
 ( -0.485775  0.000000 -0.069797 -0.152230 -0.485775  0.000000 ) 
     freq (    3) =       9.928922 [THz] =     331.193204 [cm-1]
 ( -0.131782  0.127330 -0.496661 -0.431473 -0.131782  0.127330 ) 
 (  0.183247  0.000000  0.057364 -0.655401  0.183247  0.000000 ) 
     freq (    4) =      12.033628 [THz] =     401.398632 [cm-1]
 ( -0.194129 -0.212701  0.572497  0.079946 -0.194129 -0.212701 ) 
 (  0.287972  0.000000 -0.444984 -0.368963  0.287972  0.000000 ) 
     freq (    5) =      13.210079 [THz] =     440.640796 [cm-1]
 (  0.218794  0.449588 -0.000000  0.000000 -0.218794 -0.449588 ) 
 (  0.500000  0.000000  0.000000  0.000000 -0.500000  0.000000 ) 
     freq (    6) =      13.542486 [THz] =     451.728694 [cm-1]
 (  0.357082  0.141449  0.348803 -0.288626  0.357082  0.141449 ) 
 ( -0.384078 -0.000000 -0.217991 -0.396798 -0.384078  0.000000 ) 
 **************************************************************************
