Dynamical matrix file
                                                                           
  1    2  2 10.3280000  0.0000000  0.0000000  0.0000000  0.0000000  0.0000000
           1  'Si  '    25598.8229845270     
    1    1      0.0000000000      0.0000000000      0.0000000000
    2    1      0.2500000000      0.2500000000      0.2500000000

     Dynamical  Matrix in cartesian axes

     q = (   -0.166666667   0.500000000  -0.166666667 ) 

    1    1
  0.25120995 -0.00000000   -0.00663229  0.00541641    0.00428471 -0.00000000
 -0.00663229 -0.00541641    0.29157992 -0.00000000   -0.00663229 -0.00541641
  0.00428471 -0.00000000   -0.00663229  0.00541641    0.25120995 -0.00000000
    1    2
 -0.15399160  0.05586991   -0.02023150  0.03592143   -0.01942594 -0.11134011
 -0.02023150  0.03592143   -0.16096814  0.06592184   -0.02023150  0.03592143
 -0.01942594 -0.11134011   -0.02023150  0.03592143   -0.15399160  0.05586991
    2    1
 -0.15399160 -0.05586991   -0.02023150 -0.03592143   -0.01942594  0.11134011
 -0.02023150 -0.03592143   -0.16096814 -0.06592184   -0.02023150 -0.03592143
 -0.01942594  0.11134011   -0.02023150 -0.03592143   -0.15399160 -0.05586991
    2    2
  0.25120995  0.00000000   -0.00663229 -0.00541641    0.00428471  0.00000000
 -0.00663229  0.00541641    0.29157992  0.00000000   -0.00663229  0.00541641
  0.00428471  0.00000000   -0.00663229 -0.00541641    0.25120995  0.00000000

     Dynamical  Matrix in cartesian axes

     q = (    0.166666667   0.500000000   0.166666667 ) 

    1    1
  0.25120995  0.00000000    0.00663229 -0.00541641    0.00428471  0.00000000
  0.00663229  0.00541641    0.29157992  0.00000000    0.00663229  0.00541641
  0.00428471  0.00000000    0.00663229 -0.00541641    0.25120995  0.00000000
    1    2
 -0.02861104  0.16129559   -0.02099312 -0.03548171   -0.10613633 -0.03884670
 -0.02099312 -0.03548171   -0.02339408  0.17236342   -0.02099312 -0.03548171
 -0.10613633 -0.03884670   -0.02099312 -0.03548171   -0.02861104  0.16129559
    2    1
 -0.02861104 -0.16129559   -0.02099312  0.03548171   -0.10613633  0.03884670
 -0.02099312  0.03548171   -0.02339408 -0.17236342   -0.02099312  0.03548171
 -0.10613633  0.03884670   -0.02099312  0.03548171   -0.02861104 -0.16129559
    2    2
  0.25120995 -0.00000000    0.00663229  0.00541641    0.00428471 -0.00000000
  0.00663229 -0.00541641    0.29157992 -0.00000000    0.00663229 -0.00541641
  0.00428471 -0.00000000    0.00663229  0.00541641    0.25120995 -0.00000000

     Dynamical  Matrix in cartesian axes

     q = (   -0.166666667   0.500000000   0.166666667 ) 

    1    1
  0.25120995  0.00000000   -0.00663229 -0.00541641   -0.00428471  0.00000000
 -0.00663229  0.00541641    0.29157992  0.00000000    0.00663229 -0.00541641
 -0.00428471  0.00000000    0.00663229  0.00541641    0.25120995  0.00000000
    1    2
 -0.12538056  0.10542568   -0.04122462 -0.00043972   -0.08671039 -0.07249341
 -0.04122462 -0.00043972   -0.13757406  0.10644158    0.04122462  0.00043972
 -0.08671039 -0.07249341    0.04122462  0.00043972   -0.12538056  0.10542568
    2    1
 -0.12538056 -0.10542568   -0.04122462  0.00043972   -0.08671039  0.07249341
 -0.04122462  0.00043972   -0.13757406 -0.10644158    0.04122462 -0.00043972
 -0.08671039  0.07249341    0.04122462 -0.00043972   -0.12538056 -0.10542568
    2    2
  0.25120995  0.00000000   -0.00663229  0.00541641   -0.00428471  0.00000000
 -0.00663229 -0.00541641    0.29157992 -0.00000000    0.00663229  0.00541641
 -0.00428471  0.00000000    0.00663229 -0.00541641    0.25120995  0.00000000

     Dynamical  Matrix in cartesian axes

     q = (    0.166666667   0.500000000  -0.166666667 ) 

    1    1
  0.25120995  0.00000000    0.00663229  0.00541641   -0.00428471  0.00000000
  0.00663229 -0.00541641    0.29157992 -0.00000000   -0.00663229  0.00541641
 -0.00428471  0.00000000   -0.00663229 -0.00541641    0.25120995  0.00000000
    1    2
 -0.12538056  0.10542568    0.04122462  0.00043972   -0.08671039 -0.07249341
  0.04122462  0.00043972   -0.13757406  0.10644158   -0.04122462 -0.00043972
 -0.08671039 -0.07249341   -0.04122462 -0.00043972   -0.12538056  0.10542568
    2    1
 -0.12538056 -0.10542568    0.04122462 -0.00043972   -0.08671039  0.07249341
  0.04122462 -0.00043972   -0.13757406 -0.10644158   -0.04122462  0.00043972
 -0.08671039  0.07249341   -0.04122462  0.00043972   -0.12538056 -0.10542568
    2    2
  0.25120995  0.00000000    0.00663229 -0.00541641   -0.00428471  0.00000000
  0.00663229  0.00541641    0.29157992  0.00000000   -0.00663229 -0.00541641
 -0.00428471  0.00000000   -0.00663229  0.00541641    0.25120995  0.00000000

     Dynamical  Matrix in cartesian axes

     q = (    0.500000000  -0.166666667   0.166666667 ) 

    1    1
  0.29157992  0.00000000   -0.00663229  0.00541641    0.00663229 -0.00541641
 -0.00663229 -0.00541641    0.25120995  0.00000000   -0.00428471 -0.00000000
  0.00663229  0.00541641   -0.00428471 -0.00000000    0.25120995  0.00000000
    1    2
 -0.13757406  0.10644158   -0.04122462 -0.00043972    0.04122462  0.00043972
 -0.04122462 -0.00043972   -0.12538056  0.10542568   -0.08671039 -0.07249341
  0.04122462  0.00043972   -0.08671039 -0.07249341   -0.12538056  0.10542568
    2    1
 -0.13757406 -0.10644158   -0.04122462  0.00043972    0.04122462 -0.00043972
 -0.04122462  0.00043972   -0.12538056 -0.10542568   -0.08671039  0.07249341
  0.04122462 -0.00043972   -0.08671039  0.07249341   -0.12538056 -0.10542568
    2    2
  0.29157992 -0.00000000   -0.00663229 -0.00541641    0.00663229  0.00541641
 -0.00663229  0.00541641    0.25120995 -0.00000000   -0.00428471  0.00000000
  0.00663229 -0.00541641   -0.00428471  0.00000000    0.25120995 -0.00000000

     Dynamical  Matrix in cartesian axes

     q = (    0.166666667  -0.166666667   0.500000000 ) 

    1    1
  0.25120995  0.00000000   -0.00428471 -0.00000000    0.00663229  0.00541641
 -0.00428471 -0.00000000    0.25120995  0.00000000   -0.00663229 -0.00541641
  0.00663229 -0.00541641   -0.00663229  0.00541641    0.29157992  0.00000000
    1    2
 -0.12538056  0.10542568   -0.08671039 -0.07249341    0.04122462  0.00043972
 -0.08671039 -0.07249341   -0.12538056  0.10542568   -0.04122462 -0.00043972
  0.04122462  0.00043972   -0.04122462 -0.00043972   -0.13757406  0.10644158
    2    1
 -0.12538056 -0.10542568   -0.08671039  0.07249341    0.04122462 -0.00043972
 -0.08671039  0.07249341   -0.12538056 -0.10542568   -0.04122462  0.00043972
  0.04122462 -0.00043972   -0.04122462  0.00043972   -0.13757406 -0.10644158
    2    2
  0.25120995 -0.00000000   -0.00428471  0.00000000    0.00663229 -0.00541641
 -0.00428471  0.00000000    0.25120995 -0.00000000   -0.00663229  0.00541641
  0.00663229  0.00541641   -0.00663229 -0.00541641    0.29157992 -0.00000000

     Dynamical  Matrix in cartesian axes

     q = (   -0.166666667  -0.500000000  -0.166666667 ) 

    1    1
  0.25120995 -0.00000000    0.00663229  0.00541641    0.00428471 -0.00000000
  0.00663229 -0.00541641    0.29157992 -0.00000000    0.00663229 -0.00541641
  0.00428471 -0.00000000    0.00663229  0.00541641    0.25120995 -0.00000000
    1    2
 -0.02861104 -0.16129559   -0.02099312  0.03548171   -0.10613633  0.03884670
 -0.02099312  0.03548171   -0.02339408 -0.17236342   -0.02099312  0.03548171
 -0.10613633  0.03884670   -0.02099312  0.03548171   -0.02861104 -0.16129559
    2    1
 -0.02861104  0.16129559   -0.02099312 -0.03548171   -0.10613633 -0.03884670
 -0.02099312 -0.03548171   -0.02339408  0.17236342   -0.02099312 -0.03548171
 -0.10613633 -0.03884670   -0.02099312 -0.03548171   -0.02861104  0.16129559
    2    2
  0.25120995  0.00000000    0.00663229 -0.00541641    0.00428471  0.00000000
  0.00663229  0.00541641    0.29157992  0.00000000    0.00663229  0.00541641
  0.00428471  0.00000000    0.00663229 -0.00541641    0.25120995  0.00000000

     Dynamical  Matrix in cartesian axes

     q = (    0.166666667  -0.500000000  -0.166666667 ) 

    1    1
  0.25120995  0.00000000   -0.00663229  0.00541641   -0.00428471  0.00000000
 -0.00663229 -0.00541641    0.29157992 -0.00000000    0.00663229  0.00541641
 -0.00428471  0.00000000    0.00663229 -0.00541641    0.25120995  0.00000000
    1    2
 -0.12538056 -0.10542568   -0.04122462  0.00043972   -0.08671039  0.07249341
 -0.04122462  0.00043972   -0.13757406 -0.10644158    0.04122462 -0.00043972
 -0.08671039  0.07249341    0.04122462 -0.00043972   -0.12538056 -0.10542568
    2    1
 -0.12538056  0.10542568   -0.04122462 -0.00043972   -0.08671039 -0.07249341
 -0.04122462 -0.00043972   -0.13757406  0.10644158    0.04122462  0.00043972
 -0.08671039 -0.07249341    0.04122462  0.00043972   -0.12538056  0.10542568
    2    2
  0.25120995  0.00000000   -0.00663229 -0.00541641   -0.00428471  0.00000000
 -0.00663229  0.00541641    0.29157992  0.00000000    0.00663229 -0.00541641
 -0.00428471  0.00000000    0.00663229  0.00541641    0.25120995  0.00000000

     Dynamical  Matrix in cartesian axes

     q = (   -0.166666667  -0.500000000   0.166666667 ) 

    1    1
  0.25120995  0.00000000    0.00663229 -0.00541641   -0.00428471  0.00000000
  0.00663229  0.00541641    0.29157992  0.00000000   -0.00663229 -0.00541641
 -0.00428471  0.00000000   -0.00663229  0.00541641    0.25120995  0.00000000
    1    2
 -0.12538056 -0.10542568    0.04122462 -0.00043972   -0.08671039  0.07249341
  0.04122462 -0.00043972   -0.13757406 -0.10644158   -0.04122462  0.00043972
 -0.08671039  0.07249341   -0.04122462  0.00043972   -0.12538056 -0.10542568
    2    1
 -0.12538056  0.10542568    0.04122462  0.00043972   -0.08671039 -0.07249341
  0.04122462  0.00043972   -0.13757406  0.10644158   -0.04122462 -0.00043972
 -0.08671039 -0.07249341   -0.04122462 -0.00043972   -0.12538056  0.10542568
    2    2
  0.25120995  0.00000000    0.00663229  0.00541641   -0.00428471  0.00000000
  0.00663229 -0.00541641    0.29157992 -0.00000000   -0.00663229  0.00541641
 -0.00428471  0.00000000   -0.00663229 -0.00541641    0.25120995  0.00000000

     Dynamical  Matrix in cartesian axes

     q = (    0.500000000  -0.166666667  -0.166666667 ) 

    1    1
  0.29157992 -0.00000000   -0.00663229 -0.00541641   -0.00663229 -0.00541641
 -0.00663229  0.00541641    0.25120995 -0.00000000    0.00428471  0.00000000
 -0.00663229  0.00541641    0.00428471  0.00000000    0.25120995 -0.00000000
    1    2
 -0.16096814  0.06592184   -0.02023150  0.03592143   -0.02023150  0.03592143
 -0.02023150  0.03592143   -0.15399160  0.05586991   -0.01942594 -0.11134011
 -0.02023150  0.03592143   -0.01942594 -0.11134011   -0.15399160  0.05586991
    2    1
 -0.16096814 -0.06592184   -0.02023150 -0.03592143   -0.02023150 -0.03592143
 -0.02023150 -0.03592143   -0.15399160 -0.05586991   -0.01942594  0.11134011
 -0.02023150 -0.03592143   -0.01942594  0.11134011   -0.15399160 -0.05586991
    2    2
  0.29157992  0.00000000   -0.00663229  0.00541641   -0.00663229  0.00541641
 -0.00663229 -0.00541641    0.25120995  0.00000000    0.00428471 -0.00000000
 -0.00663229 -0.00541641    0.00428471 -0.00000000    0.25120995  0.00000000

     Dynamical  Matrix in cartesian axes

     q = (   -0.500000000  -0.166666667   0.166666667 ) 

    1    1
  0.29157992  0.00000000    0.00663229  0.00541641   -0.00663229 -0.00541641
  0.00663229 -0.00541641    0.25120995  0.00000000   -0.00428471 -0.00000000
 -0.00663229  0.00541641   -0.00428471 -0.00000000    0.25120995  0.00000000
    1    2
 -0.13757406 -0.10644158    0.04122462 -0.00043972   -0.04122462  0.00043972
  0.04122462 -0.00043972   -0.12538056 -0.10542568   -0.08671039  0.07249341
 -0.04122462  0.00043972   -0.08671039  0.07249341   -0.12538056 -0.10542568
    2    1
 -0.13757406  0.10644158    0.04122462  0.00043972   -0.04122462 -0.00043972
  0.04122462  0.00043972   -0.12538056  0.10542568   -0.08671039 -0.07249341
 -0.04122462 -0.00043972   -0.08671039 -0.07249341   -0.12538056  0.10542568
    2    2
  0.29157992 -0.00000000    0.00663229 -0.00541641   -0.00663229  0.00541641
  0.00663229  0.00541641    0.25120995 -0.00000000   -0.00428471  0.00000000
 -0.00663229 -0.00541641   -0.00428471  0.00000000    0.25120995 -0.00000000

     Dynamical  Matrix in cartesian axes

     q = (    0.500000000   0.166666667   0.166666667 ) 

    1    1
  0.29157992  0.00000000    0.00663229  0.00541641    0.00663229  0.00541641
  0.00663229 -0.00541641    0.25120995  0.00000000    0.00428471 -0.00000000
  0.00663229 -0.00541641    0.00428471 -0.00000000    0.25120995  0.00000000
    1    2
 -0.02339408  0.17236342   -0.02099312 -0.03548171   -0.02099312 -0.03548171
 -0.02099312 -0.03548171   -0.02861104  0.16129559   -0.10613633 -0.03884670
 -0.02099312 -0.03548171   -0.10613633 -0.03884670   -0.02861104  0.16129559
    2    1
 -0.02339408 -0.17236342   -0.02099312  0.03548171   -0.02099312  0.03548171
 -0.02099312  0.03548171   -0.02861104 -0.16129559   -0.10613633  0.03884670
 -0.02099312  0.03548171   -0.10613633  0.03884670   -0.02861104 -0.16129559
    2    2
  0.29157992 -0.00000000    0.00663229 -0.00541641    0.00663229 -0.00541641
  0.00663229  0.00541641    0.25120995 -0.00000000    0.00428471  0.00000000
  0.00663229  0.00541641    0.00428471  0.00000000    0.25120995 -0.00000000

     Dynamical  Matrix in cartesian axes

     q = (   -0.166666667   0.166666667  -0.500000000 ) 

    1    1
  0.25120995 -0.00000000   -0.00428471  0.00000000    0.00663229 -0.00541641
 -0.00428471  0.00000000    0.25120995 -0.00000000   -0.00663229  0.00541641
  0.00663229  0.00541641   -0.00663229 -0.00541641    0.29157992 -0.00000000
    1    2
 -0.12538056 -0.10542568   -0.08671039  0.07249341    0.04122462 -0.00043972
 -0.08671039  0.07249341   -0.12538056 -0.10542568   -0.04122462  0.00043972
  0.04122462 -0.00043972   -0.04122462  0.00043972   -0.13757406 -0.10644158
    2    1
 -0.12538056  0.10542568   -0.08671039 -0.07249341    0.04122462  0.00043972
 -0.08671039 -0.07249341   -0.12538056  0.10542568   -0.04122462 -0.00043972
  0.04122462  0.00043972   -0.04122462 -0.00043972   -0.13757406  0.10644158
    2    2
  0.25120995  0.00000000   -0.00428471 -0.00000000    0.00663229  0.00541641
 -0.00428471 -0.00000000    0.25120995  0.00000000   -0.00663229 -0.00541641
  0.00663229 -0.00541641   -0.00663229  0.00541641    0.29157992  0.00000000

     Dynamical  Matrix in cartesian axes

     q = (   -0.166666667  -0.166666667   0.500000000 ) 

    1    1
  0.25120995  0.00000000    0.00428471  0.00000000   -0.00663229  0.00541641
  0.00428471  0.00000000    0.25120995  0.00000000   -0.00663229  0.00541641
 -0.00663229 -0.00541641   -0.00663229 -0.00541641    0.29157992  0.00000000
    1    2
 -0.15399160  0.05586991   -0.01942594 -0.11134011   -0.02023150  0.03592143
 -0.01942594 -0.11134011   -0.15399160  0.05586991   -0.02023150  0.03592143
 -0.02023150  0.03592143   -0.02023150  0.03592143   -0.16096814  0.06592184
    2    1
 -0.15399160 -0.05586991   -0.01942594  0.11134011   -0.02023150 -0.03592143
 -0.01942594  0.11134011   -0.15399160 -0.05586991   -0.02023150 -0.03592143
 -0.02023150 -0.03592143   -0.02023150 -0.03592143   -0.16096814 -0.06592184
    2    2
  0.25120995 -0.00000000    0.00428471 -0.00000000   -0.00663229 -0.00541641
  0.00428471 -0.00000000    0.25120995 -0.00000000   -0.00663229 -0.00541641
 -0.00663229  0.00541641   -0.00663229  0.00541641    0.29157992 -0.00000000

     Dynamical  Matrix in cartesian axes

     q = (    0.166666667   0.166666667   0.500000000 ) 

    1    1
  0.25120995 -0.00000000    0.00428471 -0.00000000    0.00663229 -0.00541641
  0.00428471 -0.00000000    0.25120995 -0.00000000    0.00663229 -0.00541641
  0.00663229  0.00541641    0.00663229  0.00541641    0.29157992 -0.00000000
    1    2
 -0.02861104  0.16129559   -0.10613633 -0.03884670   -0.02099312 -0.03548171
 -0.10613633 -0.03884670   -0.02861104  0.16129559   -0.02099312 -0.03548171
 -0.02099312 -0.03548171   -0.02099312 -0.03548171   -0.02339408  0.17236342
    2    1
 -0.02861104 -0.16129559   -0.10613633  0.03884670   -0.02099312  0.03548171
 -0.10613633  0.03884670   -0.02861104 -0.16129559   -0.02099312  0.03548171
 -0.02099312  0.03548171   -0.02099312  0.03548171   -0.02339408 -0.17236342
    2    2
  0.25120995  0.00000000    0.00428471  0.00000000    0.00663229  0.00541641
  0.00428471  0.00000000    0.25120995  0.00000000    0.00663229  0.00541641
  0.00663229 -0.00541641    0.00663229 -0.00541641    0.29157992  0.00000000

     Dynamical  Matrix in cartesian axes

     q = (    0.166666667  -0.166666667  -0.500000000 ) 

    1    1
  0.25120995 -0.00000000   -0.00428471  0.00000000   -0.00663229  0.00541641
 -0.00428471  0.00000000    0.25120995 -0.00000000    0.00663229 -0.00541641
 -0.00663229 -0.00541641    0.00663229  0.00541641    0.29157992 -0.00000000
    1    2
 -0.12538056 -0.10542568   -0.08671039  0.07249341   -0.04122462  0.00043972
 -0.08671039  0.07249341   -0.12538056 -0.10542568    0.04122462 -0.00043972
 -0.04122462  0.00043972    0.04122462 -0.00043972   -0.13757406 -0.10644158
    2    1
 -0.12538056  0.10542568   -0.08671039 -0.07249341   -0.04122462 -0.00043972
 -0.08671039 -0.07249341   -0.12538056  0.10542568    0.04122462  0.00043972
 -0.04122462 -0.00043972    0.04122462  0.00043972   -0.13757406  0.10644158
    2    2
  0.25120995  0.00000000   -0.00428471 -0.00000000   -0.00663229 -0.00541641
 -0.00428471 -0.00000000    0.25120995  0.00000000    0.00663229  0.00541641
 -0.00663229  0.00541641    0.00663229 -0.00541641    0.29157992  0.00000000

     Dynamical  Matrix in cartesian axes

     q = (   -0.500000000   0.166666667  -0.166666667 ) 

    1    1
  0.29157992 -0.00000000   -0.00663229 -0.00541641    0.00663229  0.00541641
 -0.00663229  0.00541641    0.25120995 -0.00000000   -0.00428471  0.00000000
  0.00663229 -0.00541641   -0.00428471  0.00000000    0.25120995 -0.00000000
    1    2
 -0.13757406 -0.10644158   -0.04122462  0.00043972    0.04122462 -0.00043972
 -0.04122462  0.00043972   -0.12538056 -0.10542568   -0.08671039  0.07249341
  0.04122462 -0.00043972   -0.08671039  0.07249341   -0.12538056 -0.10542568
    2    1
 -0.13757406  0.10644158   -0.04122462 -0.00043972    0.04122462  0.00043972
 -0.04122462 -0.00043972   -0.12538056  0.10542568   -0.08671039 -0.07249341
  0.04122462  0.00043972   -0.08671039 -0.07249341   -0.12538056  0.10542568
    2    2
  0.29157992  0.00000000   -0.00663229  0.00541641    0.00663229 -0.00541641
 -0.00663229 -0.00541641    0.25120995  0.00000000   -0.00428471 -0.00000000
  0.00663229  0.00541641   -0.00428471 -0.00000000    0.25120995  0.00000000

     Dynamical  Matrix in cartesian axes

     q = (   -0.500000000  -0.166666667  -0.166666667 ) 

    1    1
  0.29157992 -0.00000000    0.00663229 -0.00541641    0.00663229 -0.00541641
  0.00663229  0.00541641    0.25120995 -0.00000000    0.00428471  0.00000000
  0.00663229  0.00541641    0.00428471  0.00000000    0.25120995 -0.00000000
    1    2
 -0.02339408 -0.17236342   -0.02099312  0.03548171   -0.02099312  0.03548171
 -0.02099312  0.03548171   -0.02861104 -0.16129559   -0.10613633  0.03884670
 -0.02099312  0.03548171   -0.10613633  0.03884670   -0.02861104 -0.16129559
    2    1
 -0.02339408  0.17236342   -0.02099312 -0.03548171   -0.02099312 -0.03548171
 -0.02099312 -0.03548171   -0.02861104  0.16129559   -0.10613633 -0.03884670
 -0.02099312 -0.03548171   -0.10613633 -0.03884670   -0.02861104  0.16129559
    2    2
  0.29157992  0.00000000    0.00663229  0.00541641    0.00663229  0.00541641
  0.00663229 -0.00541641    0.25120995  0.00000000    0.00428471 -0.00000000
  0.00663229 -0.00541641    0.00428471 -0.00000000    0.25120995  0.00000000

     Dynamical  Matrix in cartesian axes

     q = (    0.166666667  -0.500000000   0.166666667 ) 

    1    1
  0.25120995  0.00000000   -0.00663229 -0.00541641    0.00428471  0.00000000
 -0.00663229  0.00541641    0.29157992  0.00000000   -0.00663229  0.00541641
  0.00428471  0.00000000   -0.00663229 -0.00541641    0.25120995  0.00000000
    1    2
 -0.15399160 -0.05586991   -0.02023150 -0.03592143   -0.01942594  0.11134011
 -0.02023150 -0.03592143   -0.16096814 -0.06592184   -0.02023150 -0.03592143
 -0.01942594  0.11134011   -0.02023150 -0.03592143   -0.15399160 -0.05586991
    2    1
 -0.15399160  0.05586991   -0.02023150  0.03592143   -0.01942594 -0.11134011
 -0.02023150  0.03592143   -0.16096814  0.06592184   -0.02023150  0.03592143
 -0.01942594 -0.11134011   -0.02023150  0.03592143   -0.15399160  0.05586991
    2    2
  0.25120995 -0.00000000   -0.00663229  0.00541641    0.00428471 -0.00000000
 -0.00663229 -0.00541641    0.29157992 -0.00000000   -0.00663229 -0.00541641
  0.00428471 -0.00000000   -0.00663229  0.00541641    0.25120995 -0.00000000

     Dynamical  Matrix in cartesian axes

     q = (    0.500000000   0.166666667  -0.166666667 ) 

    1    1
  0.29157992 -0.00000000    0.00663229 -0.00541641   -0.00663229  0.00541641
  0.00663229  0.00541641    0.25120995 -0.00000000   -0.00428471  0.00000000
 -0.00663229 -0.00541641   -0.00428471  0.00000000    0.25120995 -0.00000000
    1    2
 -0.13757406  0.10644158    0.04122462  0.00043972   -0.04122462 -0.00043972
  0.04122462  0.00043972   -0.12538056  0.10542568   -0.08671039 -0.07249341
 -0.04122462 -0.00043972   -0.08671039 -0.07249341   -0.12538056  0.10542568
    2    1
 -0.13757406 -0.10644158    0.04122462 -0.00043972   -0.04122462  0.00043972
  0.04122462 -0.00043972   -0.12538056 -0.10542568   -0.08671039  0.07249341
 -0.04122462  0.00043972   -0.08671039  0.07249341   -0.12538056 -0.10542568
    2    2
  0.29157992  0.00000000    0.00663229  0.00541641   -0.00663229 -0.00541641
  0.00663229 -0.00541641    0.25120995  0.00000000   -0.00428471 -0.00000000
 -0.00663229  0.00541641   -0.00428471 -0.00000000    0.25120995  0.00000000

     Dynamical  Matrix in cartesian axes

     q = (    0.166666667   0.166666667  -0.500000000 ) 

    1    1
  0.25120995 -0.00000000    0.00428471 -0.00000000   -0.00663229 -0.00541641
  0.00428471 -0.00000000    0.25120995 -0.00000000   -0.00663229 -0.00541641
 -0.00663229  0.00541641   -0.00663229  0.00541641    0.29157992 -0.00000000
    1    2
 -0.15399160 -0.05586991   -0.01942594  0.11134011   -0.02023150 -0.03592143
 -0.01942594  0.11134011   -0.15399160 -0.05586991   -0.02023150 -0.03592143
 -0.02023150 -0.03592143   -0.02023150 -0.03592143   -0.16096814 -0.06592184
    2    1
 -0.15399160  0.05586991   -0.01942594 -0.11134011   -0.02023150  0.03592143
 -0.01942594 -0.11134011   -0.15399160  0.05586991   -0.02023150  0.03592143
 -0.02023150  0.03592143   -0.02023150  0.03592143   -0.16096814  0.06592184
    2    2
  0.25120995  0.00000000    0.00428471  0.00000000   -0.00663229  0.00541641
  0.00428471  0.00000000    0.25120995  0.00000000   -0.00663229  0.00541641
 -0.00663229 -0.00541641   -0.00663229 -0.00541641    0.29157992  0.00000000

     Dynamical  Matrix in cartesian axes

     q = (   -0.166666667  -0.166666667  -0.500000000 ) 

    1    1
  0.25120995  0.00000000    0.00428471  0.00000000    0.00663229  0.00541641
  0.00428471  0.00000000    0.25120995  0.00000000    0.00663229  0.00541641
  0.00663229 -0.00541641    0.00663229 -0.00541641    0.29157992  0.00000000
    1    2
 -0.02861104 -0.16129559   -0.10613633  0.03884670   -0.02099312  0.03548171
 -0.10613633  0.03884670   -0.02861104 -0.16129559   -0.02099312  0.03548171
 -0.02099312  0.03548171   -0.02099312  0.03548171   -0.02339408 -0.17236342
    2    1
 -0.02861104  0.16129559   -0.10613633 -0.03884670   -0.02099312 -0.03548171
 -0.10613633 -0.03884670   -0.02861104  0.16129559   -0.02099312 -0.03548171
 -0.02099312 -0.03548171   -0.02099312 -0.03548171   -0.02339408  0.17236342
    2    2
  0.25120995 -0.00000000    0.00428471 -0.00000000    0.00663229 -0.00541641
  0.00428471 -0.00000000    0.25120995 -0.00000000    0.00663229 -0.00541641
  0.00663229  0.00541641    0.00663229  0.00541641    0.29157992 -0.00000000

     Dynamical  Matrix in cartesian axes

     q = (   -0.500000000   0.166666667   0.166666667 ) 

    1    1
  0.29157992  0.00000000   -0.00663229  0.00541641   -0.00663229  0.00541641
 -0.00663229 -0.00541641    0.25120995  0.00000000    0.00428471 -0.00000000
 -0.00663229 -0.00541641    0.00428471 -0.00000000    0.25120995  0.00000000
    1    2
 -0.16096814 -0.06592184   -0.02023150 -0.03592143   -0.02023150 -0.03592143
 -0.02023150 -0.03592143   -0.15399160 -0.05586991   -0.01942594  0.11134011
 -0.02023150 -0.03592143   -0.01942594  0.11134011   -0.15399160 -0.05586991
    2    1
 -0.16096814  0.06592184   -0.02023150  0.03592143   -0.02023150  0.03592143
 -0.02023150  0.03592143   -0.15399160  0.05586991   -0.01942594 -0.11134011
 -0.02023150  0.03592143   -0.01942594 -0.11134011   -0.15399160  0.05586991
    2    2
  0.29157992 -0.00000000   -0.00663229 -0.00541641   -0.00663229 -0.00541641
 -0.00663229  0.00541641    0.25120995 -0.00000000    0.00428471  0.00000000
 -0.00663229  0.00541641    0.00428471  0.00000000    0.25120995 -0.00000000

     Dynamical  Matrix in cartesian axes

     q = (   -0.166666667   0.166666667   0.500000000 ) 

    1    1
  0.25120995  0.00000000   -0.00428471 -0.00000000   -0.00663229 -0.00541641
 -0.00428471 -0.00000000    0.25120995  0.00000000    0.00663229  0.00541641
 -0.00663229  0.00541641    0.00663229 -0.00541641    0.29157992  0.00000000
    1    2
 -0.12538056  0.10542568   -0.08671039 -0.07249341   -0.04122462 -0.00043972
 -0.08671039 -0.07249341   -0.12538056  0.10542568    0.04122462  0.00043972
 -0.04122462 -0.00043972    0.04122462  0.00043972   -0.13757406  0.10644158
    2    1
 -0.12538056 -0.10542568   -0.08671039  0.07249341   -0.04122462  0.00043972
 -0.08671039  0.07249341   -0.12538056 -0.10542568    0.04122462 -0.00043972
 -0.04122462  0.00043972    0.04122462 -0.00043972   -0.13757406 -0.10644158
    2    2
  0.25120995 -0.00000000   -0.00428471  0.00000000   -0.00663229  0.00541641
 -0.00428471  0.00000000    0.25120995 -0.00000000    0.00663229 -0.00541641
 -0.00663229 -0.00541641    0.00663229  0.00541641    0.29157992 -0.00000000

     Diagonalizing the dynamical matrix

     q = (   -0.166666667   0.500000000  -0.166666667 ) 

 **************************************************************************
     freq (    1) =       3.695026 [THz] =     123.252801 [cm-1]
 ( -0.313479  0.389526  0.000000 -0.000000  0.313479 -0.389526 ) 
 ( -0.500000 -0.000000  0.000000  0.000000  0.500000  0.000000 ) 
     freq (    2) =       4.495513 [THz] =     149.954170 [cm-1]
 ( -0.423685 -0.057882 -0.352874  0.098798 -0.423685 -0.057882 ) 
 ( -0.427621 -0.000000 -0.336254 -0.145653 -0.427621  0.000000 ) 
     freq (    3) =       7.358970 [THz] =     245.468825 [cm-1]
 (  0.158362  0.218599 -0.556425 -0.211336  0.158362  0.218599 ) 
 (  0.269934 -0.000000 -0.497583 -0.326623  0.269934  0.000000 ) 
     freq (    4) =      13.540790 [THz] =     451.672135 [cm-1]
 ( -0.364263 -0.195378  0.373756  0.136333 -0.364263 -0.195378 ) 
 (  0.413352  0.000000 -0.393809 -0.056520  0.413352  0.000000 ) 
     freq (    5) =      13.969410 [THz] =     465.969348 [cm-1]
 ( -0.313479  0.389526 -0.000000  0.000000  0.313479 -0.389526 ) 
 (  0.500000 -0.000000  0.000000  0.000000 -0.500000  0.000000 ) 
     freq (    6) =      14.313769 [THz] =     477.455934 [cm-1]
 (  0.270729  0.011068  0.572757 -0.158482  0.270729  0.011068 ) 
 ( -0.270955  0.000000 -0.565805 -0.181747 -0.270955  0.000000 ) 
 **************************************************************************
