Dynamical matrix file
                                                                           
  1    2  2 10.3400000  0.0000000  0.0000000  0.0000000  0.0000000  0.0000000
           1  'Si  '    25598.8229845270     
    1    1      0.0000000000      0.0000000000      0.0000000000
    2    1      0.2500000000      0.2500000000      0.2500000000

     Dynamical  Matrix in cartesian axes

     q = (    0.666666667   0.000000000   0.666666667 ) 

    1    1
  0.24593423  0.00000000    0.00000000  0.00791743    0.00752809  0.00000000
  0.00000000 -0.00791743    0.28964007  0.00000000    0.00000000 -0.00791743
  0.00752809  0.00000000    0.00000000  0.00791743    0.24593423  0.00000000
    1    2
  0.02944900  0.05100717   -0.06348551  0.03665338   -0.06640655 -0.11501952
 -0.06348551  0.03665338    0.04081960  0.07070162   -0.06348551  0.03665338
 -0.06640655 -0.11501952   -0.06348551  0.03665338    0.02944900  0.05100717
    2    1
  0.02944900 -0.05100717   -0.06348551 -0.03665338   -0.06640655  0.11501952
 -0.06348551 -0.03665338    0.04081960 -0.07070162   -0.06348551 -0.03665338
 -0.06640655  0.11501952   -0.06348551 -0.03665338    0.02944900 -0.05100717
    2    2
  0.24593423  0.00000000    0.00000000 -0.00791743    0.00752809  0.00000000
  0.00000000  0.00791743    0.28964007  0.00000000    0.00000000  0.00791743
  0.00752809  0.00000000    0.00000000 -0.00791743    0.24593423  0.00000000

     Dynamical  Matrix in cartesian axes

     q = (   -0.666666667   0.000000000   0.666666667 ) 

    1    1
  0.24593423  0.00000000    0.00000000  0.00791743   -0.00752809  0.00000000
  0.00000000 -0.00791743    0.28964007  0.00000000    0.00000000  0.00791743
 -0.00752809  0.00000000    0.00000000 -0.00791743    0.24593423  0.00000000
    1    2
 -0.05889801  0.00000000   -0.00000000 -0.07330675   -0.13281311  0.00000000
 -0.00000000 -0.07330675   -0.08163920  0.00000000    0.00000000  0.07330675
 -0.13281311  0.00000000    0.00000000  0.07330675   -0.05889801  0.00000000
    2    1
 -0.05889801  0.00000000   -0.00000000  0.07330675   -0.13281311  0.00000000
 -0.00000000  0.07330675   -0.08163920  0.00000000    0.00000000 -0.07330675
 -0.13281311  0.00000000    0.00000000 -0.07330675   -0.05889801  0.00000000
    2    2
  0.24593423  0.00000000    0.00000000 -0.00791743   -0.00752809  0.00000000
  0.00000000  0.00791743    0.28964007  0.00000000    0.00000000 -0.00791743
 -0.00752809  0.00000000    0.00000000  0.00791743    0.24593423  0.00000000

     Dynamical  Matrix in cartesian axes

     q = (   -0.666666667   0.000000000  -0.666666667 ) 

    1    1
  0.24593423  0.00000000    0.00000000 -0.00791743    0.00752809  0.00000000
  0.00000000  0.00791743    0.28964007  0.00000000    0.00000000  0.00791743
  0.00752809  0.00000000    0.00000000 -0.00791743    0.24593423  0.00000000
    1    2
  0.02944900 -0.05100717   -0.06348551 -0.03665338   -0.06640655  0.11501952
 -0.06348551 -0.03665338    0.04081960 -0.07070162   -0.06348551 -0.03665338
 -0.06640655  0.11501952   -0.06348551 -0.03665338    0.02944900 -0.05100717
    2    1
  0.02944900  0.05100717   -0.06348551  0.03665338   -0.06640655 -0.11501952
 -0.06348551  0.03665338    0.04081960  0.07070162   -0.06348551  0.03665338
 -0.06640655 -0.11501952   -0.06348551  0.03665338    0.02944900  0.05100717
    2    2
  0.24593423  0.00000000    0.00000000  0.00791743    0.00752809  0.00000000
  0.00000000 -0.00791743    0.28964007  0.00000000    0.00000000 -0.00791743
  0.00752809  0.00000000    0.00000000  0.00791743    0.24593423  0.00000000

     Dynamical  Matrix in cartesian axes

     q = (    0.666666667   0.000000000  -0.666666667 ) 

    1    1
  0.24593423  0.00000000    0.00000000 -0.00791743   -0.00752809  0.00000000
  0.00000000  0.00791743    0.28964007  0.00000000    0.00000000 -0.00791743
 -0.00752809  0.00000000    0.00000000  0.00791743    0.24593423  0.00000000
    1    2
 -0.05889801  0.00000000   -0.00000000  0.07330675   -0.13281311  0.00000000
 -0.00000000  0.07330675   -0.08163920 -0.00000000    0.00000000 -0.07330675
 -0.13281311  0.00000000    0.00000000 -0.07330675   -0.05889801 -0.00000000
    2    1
 -0.05889801 -0.00000000    0.00000000 -0.07330675   -0.13281311  0.00000000
 -0.00000000 -0.07330675   -0.08163920  0.00000000    0.00000000  0.07330675
 -0.13281311  0.00000000    0.00000000  0.07330675   -0.05889801 -0.00000000
    2    2
  0.24593423  0.00000000    0.00000000  0.00791743   -0.00752809  0.00000000
  0.00000000 -0.00791743    0.28964007  0.00000000    0.00000000  0.00791743
 -0.00752809  0.00000000    0.00000000 -0.00791743    0.24593423  0.00000000

     Dynamical  Matrix in cartesian axes

     q = (    0.000000000   0.666666667  -0.666666667 ) 

    1    1
  0.28964007  0.00000000    0.00000000  0.00791743    0.00000000 -0.00791743
  0.00000000 -0.00791743    0.24593423  0.00000000   -0.00752809  0.00000000
  0.00000000  0.00791743   -0.00752809  0.00000000    0.24593423  0.00000000
    1    2
 -0.08163920  0.00000000    0.00000000  0.07330675    0.00000000 -0.07330675
  0.00000000  0.07330675   -0.05889801 -0.00000000   -0.13281311  0.00000000
  0.00000000 -0.07330675   -0.13281311  0.00000000   -0.05889801 -0.00000000
    2    1
 -0.08163920  0.00000000    0.00000000 -0.07330675   -0.00000000  0.07330675
 -0.00000000 -0.07330675   -0.05889801  0.00000000   -0.13281311  0.00000000
  0.00000000  0.07330675   -0.13281311  0.00000000   -0.05889801  0.00000000
    2    2
  0.28964007  0.00000000    0.00000000 -0.00791743    0.00000000  0.00791743
  0.00000000  0.00791743    0.24593423  0.00000000   -0.00752809  0.00000000
  0.00000000 -0.00791743   -0.00752809  0.00000000    0.24593423  0.00000000

     Dynamical  Matrix in cartesian axes

     q = (   -0.666666667   0.666666667   0.000000000 ) 

    1    1
  0.24593423  0.00000000   -0.00752809  0.00000000    0.00000000  0.00791743
 -0.00752809  0.00000000    0.24593423  0.00000000    0.00000000 -0.00791743
  0.00000000 -0.00791743    0.00000000  0.00791743    0.28964007  0.00000000
    1    2
 -0.05889801 -0.00000000   -0.13281311 -0.00000000    0.00000000 -0.07330675
 -0.13281311 -0.00000000   -0.05889801 -0.00000000   -0.00000000  0.07330675
  0.00000000 -0.07330675   -0.00000000  0.07330675   -0.08163920  0.00000000
    2    1
 -0.05889801  0.00000000   -0.13281311  0.00000000    0.00000000  0.07330675
 -0.13281311  0.00000000   -0.05889801  0.00000000   -0.00000000 -0.07330675
  0.00000000  0.07330675   -0.00000000 -0.07330675   -0.08163920  0.00000000
    2    2
  0.24593423  0.00000000   -0.00752809  0.00000000    0.00000000 -0.00791743
 -0.00752809  0.00000000    0.24593423  0.00000000    0.00000000  0.00791743
  0.00000000  0.00791743    0.00000000 -0.00791743    0.28964007  0.00000000

     Dynamical  Matrix in cartesian axes

     q = (    0.000000000   0.666666667   0.666666667 ) 

    1    1
  0.28964007  0.00000000    0.00000000 -0.00791743    0.00000000 -0.00791743
  0.00000000  0.00791743    0.24593423  0.00000000    0.00752809  0.00000000
  0.00000000  0.00791743    0.00752809  0.00000000    0.24593423  0.00000000
    1    2
  0.04081960  0.07070162   -0.06348551  0.03665338   -0.06348551  0.03665338
 -0.06348551  0.03665338    0.02944900  0.05100717   -0.06640655 -0.11501952
 -0.06348551  0.03665338   -0.06640655 -0.11501952    0.02944900  0.05100717
    2    1
  0.04081960 -0.07070162   -0.06348551 -0.03665338   -0.06348551 -0.03665338
 -0.06348551 -0.03665338    0.02944900 -0.05100717   -0.06640655  0.11501952
 -0.06348551 -0.03665338   -0.06640655  0.11501952    0.02944900 -0.05100717
    2    2
  0.28964007  0.00000000    0.00000000  0.00791743    0.00000000  0.00791743
  0.00000000 -0.00791743    0.24593423  0.00000000    0.00752809  0.00000000
  0.00000000 -0.00791743    0.00752809  0.00000000    0.24593423  0.00000000

     Dynamical  Matrix in cartesian axes

     q = (    0.000000000  -0.666666667  -0.666666667 ) 

    1    1
  0.28964007  0.00000000    0.00000000  0.00791743    0.00000000  0.00791743
  0.00000000 -0.00791743    0.24593423  0.00000000    0.00752809  0.00000000
  0.00000000 -0.00791743    0.00752809  0.00000000    0.24593423  0.00000000
    1    2
  0.04081960 -0.07070162   -0.06348551 -0.03665338   -0.06348551 -0.03665338
 -0.06348551 -0.03665338    0.02944900 -0.05100717   -0.06640655  0.11501952
 -0.06348551 -0.03665338   -0.06640655  0.11501952    0.02944900 -0.05100717
    2    1
  0.04081960  0.07070162   -0.06348551  0.03665338   -0.06348551  0.03665338
 -0.06348551  0.03665338    0.02944900  0.05100717   -0.06640655 -0.11501952
 -0.06348551  0.03665338   -0.06640655 -0.11501952    0.02944900  0.05100717
    2    2
  0.28964007  0.00000000    0.00000000 -0.00791743    0.00000000 -0.00791743
  0.00000000  0.00791743    0.24593423  0.00000000    0.00752809  0.00000000
  0.00000000  0.00791743    0.00752809  0.00000000    0.24593423  0.00000000

     Dynamical  Matrix in cartesian axes

     q = (    0.666666667  -0.666666667   0.000000000 ) 

    1    1
  0.24593423  0.00000000   -0.00752809  0.00000000    0.00000000 -0.00791743
 -0.00752809  0.00000000    0.24593423  0.00000000    0.00000000  0.00791743
  0.00000000  0.00791743    0.00000000 -0.00791743    0.28964007  0.00000000
    1    2
 -0.05889801  0.00000000   -0.13281311  0.00000000    0.00000000  0.07330675
 -0.13281311  0.00000000   -0.05889801  0.00000000   -0.00000000 -0.07330675
  0.00000000  0.07330675   -0.00000000 -0.07330675   -0.08163920  0.00000000
    2    1
 -0.05889801 -0.00000000   -0.13281311 -0.00000000    0.00000000 -0.07330675
 -0.13281311 -0.00000000   -0.05889801 -0.00000000   -0.00000000  0.07330675
  0.00000000 -0.07330675   -0.00000000  0.07330675   -0.08163920  0.00000000
    2    2
  0.24593423  0.00000000   -0.00752809  0.00000000    0.00000000  0.00791743
 -0.00752809  0.00000000    0.24593423  0.00000000    0.00000000 -0.00791743
  0.00000000 -0.00791743    0.00000000  0.00791743    0.28964007  0.00000000

     Dynamical  Matrix in cartesian axes

     q = (    0.666666667   0.666666667   0.000000000 ) 

    1    1
  0.24593423  0.00000000    0.00752809  0.00000000    0.00000000  0.00791743
  0.00752809  0.00000000    0.24593423  0.00000000    0.00000000  0.00791743
  0.00000000 -0.00791743    0.00000000 -0.00791743    0.28964007  0.00000000
    1    2
  0.02944900  0.05100717   -0.06640655 -0.11501952   -0.06348551  0.03665338
 -0.06640655 -0.11501952    0.02944900  0.05100717   -0.06348551  0.03665338
 -0.06348551  0.03665338   -0.06348551  0.03665338    0.04081960  0.07070162
    2    1
  0.02944900 -0.05100717   -0.06640655  0.11501952   -0.06348551 -0.03665338
 -0.06640655  0.11501952    0.02944900 -0.05100717   -0.06348551 -0.03665338
 -0.06348551 -0.03665338   -0.06348551 -0.03665338    0.04081960 -0.07070162
    2    2
  0.24593423  0.00000000    0.00752809  0.00000000    0.00000000 -0.00791743
  0.00752809  0.00000000    0.24593423  0.00000000    0.00000000 -0.00791743
  0.00000000  0.00791743    0.00000000  0.00791743    0.28964007  0.00000000

     Dynamical  Matrix in cartesian axes

     q = (   -0.666666667  -0.666666667   0.000000000 ) 

    1    1
  0.24593423  0.00000000    0.00752809  0.00000000    0.00000000 -0.00791743
  0.00752809  0.00000000    0.24593423  0.00000000    0.00000000 -0.00791743
  0.00000000  0.00791743    0.00000000  0.00791743    0.28964007  0.00000000
    1    2
  0.02944900 -0.05100717   -0.06640655  0.11501952   -0.06348551 -0.03665338
 -0.06640655  0.11501952    0.02944900 -0.05100717   -0.06348551 -0.03665338
 -0.06348551 -0.03665338   -0.06348551 -0.03665338    0.04081960 -0.07070162
    2    1
  0.02944900  0.05100717   -0.06640655 -0.11501952   -0.06348551  0.03665338
 -0.06640655 -0.11501952    0.02944900  0.05100717   -0.06348551  0.03665338
 -0.06348551  0.03665338   -0.06348551  0.03665338    0.04081960  0.07070162
    2    2
  0.24593423  0.00000000    0.00752809  0.00000000    0.00000000  0.00791743
  0.00752809  0.00000000    0.24593423  0.00000000    0.00000000  0.00791743
  0.00000000 -0.00791743    0.00000000 -0.00791743    0.28964007  0.00000000

     Dynamical  Matrix in cartesian axes

     q = (    0.000000000  -0.666666667   0.666666667 ) 

    1    1
  0.28964007  0.00000000    0.00000000 -0.00791743    0.00000000  0.00791743
  0.00000000  0.00791743    0.24593423  0.00000000   -0.00752809  0.00000000
  0.00000000 -0.00791743   -0.00752809  0.00000000    0.24593423  0.00000000
    1    2
 -0.08163920  0.00000000    0.00000000 -0.07330675    0.00000000  0.07330675
  0.00000000 -0.07330675   -0.05889801  0.00000000   -0.13281311  0.00000000
  0.00000000  0.07330675   -0.13281311  0.00000000   -0.05889801  0.00000000
    2    1
 -0.08163920  0.00000000    0.00000000  0.07330675    0.00000000 -0.07330675
 -0.00000000  0.07330675   -0.05889801 -0.00000000   -0.13281311  0.00000000
  0.00000000 -0.07330675   -0.13281311  0.00000000   -0.05889801 -0.00000000
    2    2
  0.28964007  0.00000000    0.00000000  0.00791743    0.00000000 -0.00791743
  0.00000000 -0.00791743    0.24593423  0.00000000   -0.00752809  0.00000000
  0.00000000  0.00791743   -0.00752809  0.00000000    0.24593423  0.00000000

     Diagonalizing the dynamical matrix

     q = (    0.666666667  -0.000000000   0.666666667 ) 

 **************************************************************************
     freq (    1) =       4.443246 [THz] =     148.210734 [cm-1]
 (  0.250000  0.433013 -0.000000  0.000000 -0.250000 -0.433013 ) 
 ( -0.500000  0.000000 -0.000000 -0.000000  0.500000  0.000000 ) 
     freq (    2) =       6.509147 [THz] =     217.121764 [cm-1]
 ( -0.189741 -0.328642 -0.398735  0.230210 -0.189741 -0.328642 ) 
 ( -0.379483  0.000000 -0.000000 -0.460419 -0.379483  0.000000 ) 
     freq (    3) =       9.912102 [THz] =     330.632124 [cm-1]
 ( -0.192654 -0.333687  0.390264 -0.225319 -0.192654 -0.333687 ) 
 (  0.385308  0.000000 -0.000000 -0.450638  0.385308  0.000000 ) 
     freq (    4) =      11.022000 [THz] =     367.654356 [cm-1]
 (  0.162783  0.281948 -0.464769  0.268335  0.162783  0.281948 ) 
 (  0.325565 -0.000000  0.000000 -0.536670  0.325565  0.000000 ) 
     freq (    5) =      13.485233 [THz] =     449.818967 [cm-1]
 (  0.250000  0.433013 -0.000000  0.000000 -0.250000 -0.433013 ) 
 (  0.500000  0.000000  0.000000  0.000000 -0.500000  0.000000 ) 
     freq (    6) =      14.040618 [THz] =     468.344605 [cm-1]
 ( -0.159325 -0.275959 -0.471904  0.272454 -0.159325 -0.275959 ) 
 (  0.318650 -0.000000  0.000000  0.544908  0.318650  0.000000 ) 
 **************************************************************************
