Dynamical matrix file
                                                                           
  1    2  2 10.4000000  0.0000000  0.0000000  0.0000000  0.0000000  0.0000000
           1  'Si  '    25598.8229845270     
    1    1      0.0000000000      0.0000000000      0.0000000000
    2    1      0.2500000000      0.2500000000      0.2500000000

     Dynamical  Matrix in cartesian axes

     q = (    0.666666667  -0.333333333   0.666666667 ) 

    1    1
  0.24453146 -0.00000000   -0.01068992  0.00696880    0.00951884 -0.00000000
 -0.01068992 -0.00696880    0.27272183 -0.00000000   -0.01068992 -0.00696880
  0.00951884 -0.00000000   -0.01068992  0.00696880    0.24453146 -0.00000000
    1    2
 -0.09204231  0.05434613   -0.05850961  0.03618872    0.02494189 -0.10368809
 -0.05850961  0.03618872   -0.09598565  0.06915109   -0.05850961  0.03618872
  0.02494189 -0.10368809   -0.05850961  0.03618872   -0.09204231  0.05434613
    2    1
 -0.09204231 -0.05434613   -0.05850961 -0.03618872    0.02494189  0.10368809
 -0.05850961 -0.03618872   -0.09598565 -0.06915109   -0.05850961 -0.03618872
  0.02494189  0.10368809   -0.05850961 -0.03618872   -0.09204231 -0.05434613
    2    2
  0.24453146  0.00000000   -0.01068992 -0.00696880    0.00951884  0.00000000
 -0.01068992  0.00696880    0.27272183  0.00000000   -0.01068992  0.00696880
  0.00951884  0.00000000   -0.01068992 -0.00696880    0.24453146  0.00000000

     Dynamical  Matrix in cartesian axes

     q = (   -0.666666667  -0.333333333  -0.666666667 ) 

    1    1
  0.24453146  0.00000000    0.01068992 -0.00696880    0.00951884  0.00000000
  0.01068992  0.00696880    0.27272183  0.00000000    0.01068992  0.00696880
  0.00951884  0.00000000    0.01068992 -0.00696880    0.24453146  0.00000000
    1    2
  0.09308629  0.05253791   -0.06059515 -0.03257645   -0.10226747  0.03024374
 -0.06059515 -0.03257645    0.10787943  0.04855047   -0.06059515 -0.03257645
 -0.10226747  0.03024374   -0.06059515 -0.03257645    0.09308629  0.05253791
    2    1
  0.09308629 -0.05253791   -0.06059515  0.03257645   -0.10226747 -0.03024374
 -0.06059515  0.03257645    0.10787943 -0.04855047   -0.06059515  0.03257645
 -0.10226747 -0.03024374   -0.06059515  0.03257645    0.09308629 -0.05253791
    2    2
  0.24453146 -0.00000000    0.01068992  0.00696880    0.00951884 -0.00000000
  0.01068992 -0.00696880    0.27272183 -0.00000000    0.01068992 -0.00696880
  0.00951884 -0.00000000    0.01068992  0.00696880    0.24453146 -0.00000000

     Dynamical  Matrix in cartesian axes

     q = (    0.666666667  -0.333333333  -0.666666667 ) 

    1    1
  0.24453146  0.00000000   -0.01068992 -0.00696880   -0.00951884  0.00000000
 -0.01068992  0.00696880    0.27272183  0.00000000    0.01068992 -0.00696880
 -0.00951884  0.00000000    0.01068992  0.00696880    0.24453146  0.00000000
    1    2
 -0.09308629  0.05253791   -0.06059515  0.03257645   -0.10226747 -0.03024374
 -0.06059515  0.03257645   -0.10787943  0.04855047    0.06059515 -0.03257645
 -0.10226747 -0.03024374    0.06059515 -0.03257645   -0.09308629  0.05253791
    2    1
 -0.09308629 -0.05253791   -0.06059515 -0.03257645   -0.10226747  0.03024374
 -0.06059515 -0.03257645   -0.10787943 -0.04855047    0.06059515  0.03257645
 -0.10226747  0.03024374    0.06059515  0.03257645   -0.09308629 -0.05253791
    2    2
  0.24453146  0.00000000   -0.01068992  0.00696880   -0.00951884  0.00000000
 -0.01068992 -0.00696880    0.27272183 -0.00000000    0.01068992  0.00696880
 -0.00951884  0.00000000    0.01068992 -0.00696880    0.24453146  0.00000000

     Dynamical  Matrix in cartesian axes

     q = (   -0.666666667  -0.333333333   0.666666667 ) 

    1    1
  0.24453146  0.00000000    0.01068992  0.00696880   -0.00951884  0.00000000
  0.01068992 -0.00696880    0.27272183 -0.00000000   -0.01068992  0.00696880
 -0.00951884  0.00000000   -0.01068992 -0.00696880    0.24453146  0.00000000
    1    2
 -0.09308629  0.05253791    0.06059515 -0.03257645   -0.10226747 -0.03024374
  0.06059515 -0.03257645   -0.10787943  0.04855047   -0.06059515  0.03257645
 -0.10226747 -0.03024374   -0.06059515  0.03257645   -0.09308629  0.05253791
    2    1
 -0.09308629 -0.05253791    0.06059515  0.03257645   -0.10226747  0.03024374
  0.06059515  0.03257645   -0.10787943 -0.04855047   -0.06059515 -0.03257645
 -0.10226747  0.03024374   -0.06059515 -0.03257645   -0.09308629 -0.05253791
    2    2
  0.24453146  0.00000000    0.01068992 -0.00696880   -0.00951884  0.00000000
  0.01068992  0.00696880    0.27272183  0.00000000   -0.01068992 -0.00696880
 -0.00951884  0.00000000   -0.01068992  0.00696880    0.24453146  0.00000000

     Dynamical  Matrix in cartesian axes

     q = (   -0.333333333   0.666666667  -0.666666667 ) 

    1    1
  0.27272183  0.00000000   -0.01068992  0.00696880    0.01068992 -0.00696880
 -0.01068992 -0.00696880    0.24453146  0.00000000   -0.00951884 -0.00000000
  0.01068992  0.00696880   -0.00951884 -0.00000000    0.24453146  0.00000000
    1    2
 -0.10787943  0.04855047   -0.06059515  0.03257645    0.06059515 -0.03257645
 -0.06059515  0.03257645   -0.09308629  0.05253791   -0.10226747 -0.03024374
  0.06059515 -0.03257645   -0.10226747 -0.03024374   -0.09308629  0.05253791
    2    1
 -0.10787943 -0.04855047   -0.06059515 -0.03257645    0.06059515  0.03257645
 -0.06059515 -0.03257645   -0.09308629 -0.05253791   -0.10226747  0.03024374
  0.06059515  0.03257645   -0.10226747  0.03024374   -0.09308629 -0.05253791
    2    2
  0.27272183 -0.00000000   -0.01068992 -0.00696880    0.01068992  0.00696880
 -0.01068992  0.00696880    0.24453146 -0.00000000   -0.00951884  0.00000000
  0.01068992 -0.00696880   -0.00951884  0.00000000    0.24453146 -0.00000000

     Dynamical  Matrix in cartesian axes

     q = (   -0.666666667   0.666666667  -0.333333333 ) 

    1    1
  0.24453146  0.00000000   -0.00951884 -0.00000000    0.01068992  0.00696880
 -0.00951884 -0.00000000    0.24453146  0.00000000   -0.01068992 -0.00696880
  0.01068992 -0.00696880   -0.01068992  0.00696880    0.27272183  0.00000000
    1    2
 -0.09308629  0.05253791   -0.10226747 -0.03024374    0.06059515 -0.03257645
 -0.10226747 -0.03024374   -0.09308629  0.05253791   -0.06059515  0.03257645
  0.06059515 -0.03257645   -0.06059515  0.03257645   -0.10787943  0.04855047
    2    1
 -0.09308629 -0.05253791   -0.10226747  0.03024374    0.06059515  0.03257645
 -0.10226747  0.03024374   -0.09308629 -0.05253791   -0.06059515 -0.03257645
  0.06059515  0.03257645   -0.06059515 -0.03257645   -0.10787943 -0.04855047
    2    2
  0.24453146 -0.00000000   -0.00951884  0.00000000    0.01068992 -0.00696880
 -0.00951884  0.00000000    0.24453146 -0.00000000   -0.01068992  0.00696880
  0.01068992  0.00696880   -0.01068992 -0.00696880    0.27272183 -0.00000000

     Dynamical  Matrix in cartesian axes

     q = (    0.666666667   0.333333333   0.666666667 ) 

    1    1
  0.24453146 -0.00000000    0.01068992  0.00696880    0.00951884 -0.00000000
  0.01068992 -0.00696880    0.27272183 -0.00000000    0.01068992 -0.00696880
  0.00951884 -0.00000000    0.01068992  0.00696880    0.24453146 -0.00000000
    1    2
  0.09308629 -0.05253791   -0.06059515  0.03257645   -0.10226747 -0.03024374
 -0.06059515  0.03257645    0.10787943 -0.04855047   -0.06059515  0.03257645
 -0.10226747 -0.03024374   -0.06059515  0.03257645    0.09308629 -0.05253791
    2    1
  0.09308629  0.05253791   -0.06059515 -0.03257645   -0.10226747  0.03024374
 -0.06059515 -0.03257645    0.10787943  0.04855047   -0.06059515 -0.03257645
 -0.10226747  0.03024374   -0.06059515 -0.03257645    0.09308629  0.05253791
    2    2
  0.24453146  0.00000000    0.01068992 -0.00696880    0.00951884  0.00000000
  0.01068992  0.00696880    0.27272183  0.00000000    0.01068992  0.00696880
  0.00951884  0.00000000    0.01068992 -0.00696880    0.24453146  0.00000000

     Dynamical  Matrix in cartesian axes

     q = (   -0.666666667   0.333333333   0.666666667 ) 

    1    1
  0.24453146  0.00000000   -0.01068992  0.00696880   -0.00951884  0.00000000
 -0.01068992 -0.00696880    0.27272183 -0.00000000    0.01068992  0.00696880
 -0.00951884  0.00000000    0.01068992 -0.00696880    0.24453146  0.00000000
    1    2
 -0.09308629 -0.05253791   -0.06059515 -0.03257645   -0.10226747  0.03024374
 -0.06059515 -0.03257645   -0.10787943 -0.04855047    0.06059515  0.03257645
 -0.10226747  0.03024374    0.06059515  0.03257645   -0.09308629 -0.05253791
    2    1
 -0.09308629  0.05253791   -0.06059515  0.03257645   -0.10226747 -0.03024374
 -0.06059515  0.03257645   -0.10787943  0.04855047    0.06059515 -0.03257645
 -0.10226747 -0.03024374    0.06059515 -0.03257645   -0.09308629  0.05253791
    2    2
  0.24453146  0.00000000   -0.01068992 -0.00696880   -0.00951884  0.00000000
 -0.01068992  0.00696880    0.27272183  0.00000000    0.01068992 -0.00696880
 -0.00951884  0.00000000    0.01068992  0.00696880    0.24453146  0.00000000

     Dynamical  Matrix in cartesian axes

     q = (    0.666666667   0.333333333  -0.666666667 ) 

    1    1
  0.24453146  0.00000000    0.01068992 -0.00696880   -0.00951884  0.00000000
  0.01068992  0.00696880    0.27272183  0.00000000   -0.01068992 -0.00696880
 -0.00951884  0.00000000   -0.01068992  0.00696880    0.24453146  0.00000000
    1    2
 -0.09308629 -0.05253791    0.06059515  0.03257645   -0.10226747  0.03024374
  0.06059515  0.03257645   -0.10787943 -0.04855047   -0.06059515 -0.03257645
 -0.10226747  0.03024374   -0.06059515 -0.03257645   -0.09308629 -0.05253791
    2    1
 -0.09308629  0.05253791    0.06059515 -0.03257645   -0.10226747 -0.03024374
  0.06059515 -0.03257645   -0.10787943  0.04855047   -0.06059515  0.03257645
 -0.10226747 -0.03024374   -0.06059515  0.03257645   -0.09308629  0.05253791
    2    2
  0.24453146  0.00000000    0.01068992  0.00696880   -0.00951884  0.00000000
  0.01068992 -0.00696880    0.27272183 -0.00000000   -0.01068992  0.00696880
 -0.00951884  0.00000000   -0.01068992 -0.00696880    0.24453146  0.00000000

     Dynamical  Matrix in cartesian axes

     q = (   -0.333333333   0.666666667   0.666666667 ) 

    1    1
  0.27272183 -0.00000000   -0.01068992 -0.00696880   -0.01068992 -0.00696880
 -0.01068992  0.00696880    0.24453146 -0.00000000    0.00951884  0.00000000
 -0.01068992  0.00696880    0.00951884  0.00000000    0.24453146 -0.00000000
    1    2
 -0.09598565  0.06915109   -0.05850961  0.03618872   -0.05850961  0.03618872
 -0.05850961  0.03618872   -0.09204231  0.05434613    0.02494189 -0.10368809
 -0.05850961  0.03618872    0.02494189 -0.10368809   -0.09204231  0.05434613
    2    1
 -0.09598565 -0.06915109   -0.05850961 -0.03618872   -0.05850961 -0.03618872
 -0.05850961 -0.03618872   -0.09204231 -0.05434613    0.02494189  0.10368809
 -0.05850961 -0.03618872    0.02494189  0.10368809   -0.09204231 -0.05434613
    2    2
  0.27272183  0.00000000   -0.01068992  0.00696880   -0.01068992  0.00696880
 -0.01068992 -0.00696880    0.24453146  0.00000000    0.00951884 -0.00000000
 -0.01068992 -0.00696880    0.00951884 -0.00000000    0.24453146  0.00000000

     Dynamical  Matrix in cartesian axes

     q = (    0.333333333   0.666666667  -0.666666667 ) 

    1    1
  0.27272183  0.00000000    0.01068992  0.00696880   -0.01068992 -0.00696880
  0.01068992 -0.00696880    0.24453146  0.00000000   -0.00951884 -0.00000000
 -0.01068992  0.00696880   -0.00951884 -0.00000000    0.24453146  0.00000000
    1    2
 -0.10787943 -0.04855047    0.06059515  0.03257645   -0.06059515 -0.03257645
  0.06059515  0.03257645   -0.09308629 -0.05253791   -0.10226747  0.03024374
 -0.06059515 -0.03257645   -0.10226747  0.03024374   -0.09308629 -0.05253791
    2    1
 -0.10787943  0.04855047    0.06059515 -0.03257645   -0.06059515  0.03257645
  0.06059515 -0.03257645   -0.09308629  0.05253791   -0.10226747 -0.03024374
 -0.06059515  0.03257645   -0.10226747 -0.03024374   -0.09308629  0.05253791
    2    2
  0.27272183 -0.00000000    0.01068992 -0.00696880   -0.01068992  0.00696880
  0.01068992  0.00696880    0.24453146 -0.00000000   -0.00951884  0.00000000
 -0.01068992 -0.00696880   -0.00951884  0.00000000    0.24453146 -0.00000000

     Dynamical  Matrix in cartesian axes

     q = (   -0.333333333  -0.666666667  -0.666666667 ) 

    1    1
  0.27272183  0.00000000    0.01068992  0.00696880    0.01068992  0.00696880
  0.01068992 -0.00696880    0.24453146  0.00000000    0.00951884 -0.00000000
  0.01068992 -0.00696880    0.00951884 -0.00000000    0.24453146  0.00000000
    1    2
  0.10787943  0.04855047   -0.06059515 -0.03257645   -0.06059515 -0.03257645
 -0.06059515 -0.03257645    0.09308629  0.05253791   -0.10226747  0.03024374
 -0.06059515 -0.03257645   -0.10226747  0.03024374    0.09308629  0.05253791
    2    1
  0.10787943 -0.04855047   -0.06059515  0.03257645   -0.06059515  0.03257645
 -0.06059515  0.03257645    0.09308629 -0.05253791   -0.10226747 -0.03024374
 -0.06059515  0.03257645   -0.10226747 -0.03024374    0.09308629 -0.05253791
    2    2
  0.27272183 -0.00000000    0.01068992 -0.00696880    0.01068992 -0.00696880
  0.01068992  0.00696880    0.24453146 -0.00000000    0.00951884  0.00000000
  0.01068992  0.00696880    0.00951884  0.00000000    0.24453146 -0.00000000

     Dynamical  Matrix in cartesian axes

     q = (    0.666666667  -0.666666667   0.333333333 ) 

    1    1
  0.24453146 -0.00000000   -0.00951884  0.00000000    0.01068992 -0.00696880
 -0.00951884  0.00000000    0.24453146 -0.00000000   -0.01068992  0.00696880
  0.01068992  0.00696880   -0.01068992 -0.00696880    0.27272183 -0.00000000
    1    2
 -0.09308629 -0.05253791   -0.10226747  0.03024374    0.06059515  0.03257645
 -0.10226747  0.03024374   -0.09308629 -0.05253791   -0.06059515 -0.03257645
  0.06059515  0.03257645   -0.06059515 -0.03257645   -0.10787943 -0.04855047
    2    1
 -0.09308629  0.05253791   -0.10226747 -0.03024374    0.06059515 -0.03257645
 -0.10226747 -0.03024374   -0.09308629  0.05253791   -0.06059515  0.03257645
  0.06059515 -0.03257645   -0.06059515  0.03257645   -0.10787943  0.04855047
    2    2
  0.24453146  0.00000000   -0.00951884 -0.00000000    0.01068992  0.00696880
 -0.00951884 -0.00000000    0.24453146  0.00000000   -0.01068992 -0.00696880
  0.01068992 -0.00696880   -0.01068992  0.00696880    0.27272183  0.00000000

     Dynamical  Matrix in cartesian axes

     q = (    0.666666667   0.666666667  -0.333333333 ) 

    1    1
  0.24453146  0.00000000    0.00951884  0.00000000   -0.01068992  0.00696880
  0.00951884  0.00000000    0.24453146  0.00000000   -0.01068992  0.00696880
 -0.01068992 -0.00696880   -0.01068992 -0.00696880    0.27272183  0.00000000
    1    2
 -0.09204231  0.05434613    0.02494189 -0.10368809   -0.05850961  0.03618872
  0.02494189 -0.10368809   -0.09204231  0.05434613   -0.05850961  0.03618872
 -0.05850961  0.03618872   -0.05850961  0.03618872   -0.09598565  0.06915109
    2    1
 -0.09204231 -0.05434613    0.02494189  0.10368809   -0.05850961 -0.03618872
  0.02494189  0.10368809   -0.09204231 -0.05434613   -0.05850961 -0.03618872
 -0.05850961 -0.03618872   -0.05850961 -0.03618872   -0.09598565 -0.06915109
    2    2
  0.24453146 -0.00000000    0.00951884 -0.00000000   -0.01068992 -0.00696880
  0.00951884 -0.00000000    0.24453146 -0.00000000   -0.01068992 -0.00696880
 -0.01068992  0.00696880   -0.01068992  0.00696880    0.27272183 -0.00000000

     Dynamical  Matrix in cartesian axes

     q = (   -0.666666667  -0.666666667  -0.333333333 ) 

    1    1
  0.24453146 -0.00000000    0.00951884 -0.00000000    0.01068992 -0.00696880
  0.00951884 -0.00000000    0.24453146 -0.00000000    0.01068992 -0.00696880
  0.01068992  0.00696880    0.01068992  0.00696880    0.27272183 -0.00000000
    1    2
  0.09308629  0.05253791   -0.10226747  0.03024374   -0.06059515 -0.03257645
 -0.10226747  0.03024374    0.09308629  0.05253791   -0.06059515 -0.03257645
 -0.06059515 -0.03257645   -0.06059515 -0.03257645    0.10787943  0.04855047
    2    1
  0.09308629 -0.05253791   -0.10226747 -0.03024374   -0.06059515  0.03257645
 -0.10226747 -0.03024374    0.09308629 -0.05253791   -0.06059515  0.03257645
 -0.06059515  0.03257645   -0.06059515  0.03257645    0.10787943 -0.04855047
    2    2
  0.24453146  0.00000000    0.00951884  0.00000000    0.01068992  0.00696880
  0.00951884  0.00000000    0.24453146  0.00000000    0.01068992  0.00696880
  0.01068992 -0.00696880    0.01068992 -0.00696880    0.27272183  0.00000000

     Dynamical  Matrix in cartesian axes

     q = (   -0.666666667   0.666666667   0.333333333 ) 

    1    1
  0.24453146 -0.00000000   -0.00951884  0.00000000   -0.01068992  0.00696880
 -0.00951884  0.00000000    0.24453146 -0.00000000    0.01068992 -0.00696880
 -0.01068992 -0.00696880    0.01068992  0.00696880    0.27272183 -0.00000000
    1    2
 -0.09308629 -0.05253791   -0.10226747  0.03024374   -0.06059515 -0.03257645
 -0.10226747  0.03024374   -0.09308629 -0.05253791    0.06059515  0.03257645
 -0.06059515 -0.03257645    0.06059515  0.03257645   -0.10787943 -0.04855047
    2    1
 -0.09308629  0.05253791   -0.10226747 -0.03024374   -0.06059515  0.03257645
 -0.10226747 -0.03024374   -0.09308629  0.05253791    0.06059515 -0.03257645
 -0.06059515  0.03257645    0.06059515 -0.03257645   -0.10787943  0.04855047
    2    2
  0.24453146  0.00000000   -0.00951884 -0.00000000   -0.01068992 -0.00696880
 -0.00951884 -0.00000000    0.24453146  0.00000000    0.01068992  0.00696880
 -0.01068992  0.00696880    0.01068992 -0.00696880    0.27272183  0.00000000

     Dynamical  Matrix in cartesian axes

     q = (    0.333333333  -0.666666667   0.666666667 ) 

    1    1
  0.27272183 -0.00000000   -0.01068992 -0.00696880    0.01068992  0.00696880
 -0.01068992  0.00696880    0.24453146 -0.00000000   -0.00951884  0.00000000
  0.01068992 -0.00696880   -0.00951884  0.00000000    0.24453146 -0.00000000
    1    2
 -0.10787943 -0.04855047   -0.06059515 -0.03257645    0.06059515  0.03257645
 -0.06059515 -0.03257645   -0.09308629 -0.05253791   -0.10226747  0.03024374
  0.06059515  0.03257645   -0.10226747  0.03024374   -0.09308629 -0.05253791
    2    1
 -0.10787943  0.04855047   -0.06059515  0.03257645    0.06059515 -0.03257645
 -0.06059515  0.03257645   -0.09308629  0.05253791   -0.10226747 -0.03024374
  0.06059515 -0.03257645   -0.10226747 -0.03024374   -0.09308629  0.05253791
    2    2
  0.27272183  0.00000000   -0.01068992  0.00696880    0.01068992 -0.00696880
 -0.01068992 -0.00696880    0.24453146  0.00000000   -0.00951884 -0.00000000
  0.01068992  0.00696880   -0.00951884 -0.00000000    0.24453146  0.00000000

     Dynamical  Matrix in cartesian axes

     q = (    0.333333333   0.666666667   0.666666667 ) 

    1    1
  0.27272183 -0.00000000    0.01068992 -0.00696880    0.01068992 -0.00696880
  0.01068992  0.00696880    0.24453146 -0.00000000    0.00951884  0.00000000
  0.01068992  0.00696880    0.00951884  0.00000000    0.24453146 -0.00000000
    1    2
  0.10787943 -0.04855047   -0.06059515  0.03257645   -0.06059515  0.03257645
 -0.06059515  0.03257645    0.09308629 -0.05253791   -0.10226747 -0.03024374
 -0.06059515  0.03257645   -0.10226747 -0.03024374    0.09308629 -0.05253791
    2    1
  0.10787943  0.04855047   -0.06059515 -0.03257645   -0.06059515 -0.03257645
 -0.06059515 -0.03257645    0.09308629  0.05253791   -0.10226747  0.03024374
 -0.06059515 -0.03257645   -0.10226747  0.03024374    0.09308629  0.05253791
    2    2
  0.27272183  0.00000000    0.01068992  0.00696880    0.01068992  0.00696880
  0.01068992 -0.00696880    0.24453146  0.00000000    0.00951884 -0.00000000
  0.01068992 -0.00696880    0.00951884 -0.00000000    0.24453146  0.00000000

     Dynamical  Matrix in cartesian axes

     q = (   -0.666666667   0.333333333  -0.666666667 ) 

    1    1
  0.24453146  0.00000000   -0.01068992 -0.00696880    0.00951884  0.00000000
 -0.01068992  0.00696880    0.27272183  0.00000000   -0.01068992  0.00696880
  0.00951884  0.00000000   -0.01068992 -0.00696880    0.24453146  0.00000000
    1    2
 -0.09204231 -0.05434613   -0.05850961 -0.03618872    0.02494189  0.10368809
 -0.05850961 -0.03618872   -0.09598565 -0.06915109   -0.05850961 -0.03618872
  0.02494189  0.10368809   -0.05850961 -0.03618872   -0.09204231 -0.05434613
    2    1
 -0.09204231  0.05434613   -0.05850961  0.03618872    0.02494189 -0.10368809
 -0.05850961  0.03618872   -0.09598565  0.06915109   -0.05850961  0.03618872
  0.02494189 -0.10368809   -0.05850961  0.03618872   -0.09204231  0.05434613
    2    2
  0.24453146 -0.00000000   -0.01068992  0.00696880    0.00951884 -0.00000000
 -0.01068992 -0.00696880    0.27272183 -0.00000000   -0.01068992 -0.00696880
  0.00951884 -0.00000000   -0.01068992  0.00696880    0.24453146 -0.00000000

     Dynamical  Matrix in cartesian axes

     q = (   -0.333333333  -0.666666667   0.666666667 ) 

    1    1
  0.27272183 -0.00000000    0.01068992 -0.00696880   -0.01068992  0.00696880
  0.01068992  0.00696880    0.24453146 -0.00000000   -0.00951884  0.00000000
 -0.01068992 -0.00696880   -0.00951884  0.00000000    0.24453146 -0.00000000
    1    2
 -0.10787943  0.04855047    0.06059515 -0.03257645   -0.06059515  0.03257645
  0.06059515 -0.03257645   -0.09308629  0.05253791   -0.10226747 -0.03024374
 -0.06059515  0.03257645   -0.10226747 -0.03024374   -0.09308629  0.05253791
    2    1
 -0.10787943 -0.04855047    0.06059515  0.03257645   -0.06059515 -0.03257645
  0.06059515  0.03257645   -0.09308629 -0.05253791   -0.10226747  0.03024374
 -0.06059515 -0.03257645   -0.10226747  0.03024374   -0.09308629 -0.05253791
    2    2
  0.27272183  0.00000000    0.01068992  0.00696880   -0.01068992 -0.00696880
  0.01068992 -0.00696880    0.24453146  0.00000000   -0.00951884 -0.00000000
 -0.01068992  0.00696880   -0.00951884 -0.00000000    0.24453146  0.00000000

     Dynamical  Matrix in cartesian axes

     q = (   -0.666666667  -0.666666667   0.333333333 ) 

    1    1
  0.24453146 -0.00000000    0.00951884 -0.00000000   -0.01068992 -0.00696880
  0.00951884 -0.00000000    0.24453146 -0.00000000   -0.01068992 -0.00696880
 -0.01068992  0.00696880   -0.01068992  0.00696880    0.27272183 -0.00000000
    1    2
 -0.09204231 -0.05434613    0.02494189  0.10368809   -0.05850961 -0.03618872
  0.02494189  0.10368809   -0.09204231 -0.05434613   -0.05850961 -0.03618872
 -0.05850961 -0.03618872   -0.05850961 -0.03618872   -0.09598565 -0.06915109
    2    1
 -0.09204231  0.05434613    0.02494189 -0.10368809   -0.05850961  0.03618872
  0.02494189 -0.10368809   -0.09204231  0.05434613   -0.05850961  0.03618872
 -0.05850961  0.03618872   -0.05850961  0.03618872   -0.09598565  0.06915109
    2    2
  0.24453146  0.00000000    0.00951884  0.00000000   -0.01068992  0.00696880
  0.00951884  0.00000000    0.24453146  0.00000000   -0.01068992  0.00696880
 -0.01068992 -0.00696880   -0.01068992 -0.00696880    0.27272183  0.00000000

     Dynamical  Matrix in cartesian axes

     q = (    0.666666667   0.666666667   0.333333333 ) 

    1    1
  0.24453146  0.00000000    0.00951884  0.00000000    0.01068992  0.00696880
  0.00951884  0.00000000    0.24453146  0.00000000    0.01068992  0.00696880
  0.01068992 -0.00696880    0.01068992 -0.00696880    0.27272183  0.00000000
    1    2
  0.09308629 -0.05253791   -0.10226747 -0.03024374   -0.06059515  0.03257645
 -0.10226747 -0.03024374    0.09308629 -0.05253791   -0.06059515  0.03257645
 -0.06059515  0.03257645   -0.06059515  0.03257645    0.10787943 -0.04855047
    2    1
  0.09308629  0.05253791   -0.10226747  0.03024374   -0.06059515 -0.03257645
 -0.10226747  0.03024374    0.09308629  0.05253791   -0.06059515 -0.03257645
 -0.06059515 -0.03257645   -0.06059515 -0.03257645    0.10787943  0.04855047
    2    2
  0.24453146 -0.00000000    0.00951884 -0.00000000    0.01068992 -0.00696880
  0.00951884 -0.00000000    0.24453146 -0.00000000    0.01068992 -0.00696880
  0.01068992  0.00696880    0.01068992  0.00696880    0.27272183 -0.00000000

     Dynamical  Matrix in cartesian axes

     q = (    0.333333333  -0.666666667  -0.666666667 ) 

    1    1
  0.27272183  0.00000000   -0.01068992  0.00696880   -0.01068992  0.00696880
 -0.01068992 -0.00696880    0.24453146  0.00000000    0.00951884 -0.00000000
 -0.01068992 -0.00696880    0.00951884 -0.00000000    0.24453146  0.00000000
    1    2
 -0.09598565 -0.06915109   -0.05850961 -0.03618872   -0.05850961 -0.03618872
 -0.05850961 -0.03618872   -0.09204231 -0.05434613    0.02494189  0.10368809
 -0.05850961 -0.03618872    0.02494189  0.10368809   -0.09204231 -0.05434613
    2    1
 -0.09598565  0.06915109   -0.05850961  0.03618872   -0.05850961  0.03618872
 -0.05850961  0.03618872   -0.09204231  0.05434613    0.02494189 -0.10368809
 -0.05850961  0.03618872    0.02494189 -0.10368809   -0.09204231  0.05434613
    2    2
  0.27272183 -0.00000000   -0.01068992 -0.00696880   -0.01068992 -0.00696880
 -0.01068992  0.00696880    0.24453146 -0.00000000    0.00951884  0.00000000
 -0.01068992  0.00696880    0.00951884  0.00000000    0.24453146 -0.00000000

     Dynamical  Matrix in cartesian axes

     q = (    0.666666667  -0.666666667  -0.333333333 ) 

    1    1
  0.24453146  0.00000000   -0.00951884 -0.00000000   -0.01068992 -0.00696880
 -0.00951884 -0.00000000    0.24453146  0.00000000    0.01068992  0.00696880
 -0.01068992  0.00696880    0.01068992 -0.00696880    0.27272183  0.00000000
    1    2
 -0.09308629  0.05253791   -0.10226747 -0.03024374   -0.06059515  0.03257645
 -0.10226747 -0.03024374   -0.09308629  0.05253791    0.06059515 -0.03257645
 -0.06059515  0.03257645    0.06059515 -0.03257645   -0.10787943  0.04855047
    2    1
 -0.09308629 -0.05253791   -0.10226747  0.03024374   -0.06059515 -0.03257645
 -0.10226747  0.03024374   -0.09308629 -0.05253791    0.06059515  0.03257645
 -0.06059515 -0.03257645    0.06059515  0.03257645   -0.10787943 -0.04855047
    2    2
  0.24453146 -0.00000000   -0.00951884  0.00000000   -0.01068992  0.00696880
 -0.00951884  0.00000000    0.24453146 -0.00000000    0.01068992 -0.00696880
 -0.01068992 -0.00696880    0.01068992  0.00696880    0.27272183 -0.00000000

     Diagonalizing the dynamical matrix

     q = (    0.666666667  -0.333333333   0.666666667 ) 

 **************************************************************************
     freq (    1) =       4.028830 [THz] =     134.387296 [cm-1]
 ( -0.297485  0.401874  0.000000  0.000000  0.297485 -0.401874 ) 
 ( -0.500000  0.000000  0.000000  0.000000  0.500000  0.000000 ) 
     freq (    2) =       5.176322 [THz] =     172.663502 [cm-1]
 (  0.327696  0.024668  0.507922 -0.161336  0.327696  0.024668 ) 
 (  0.328623 -0.000000  0.494379  0.199007  0.328623  0.000000 ) 
     freq (    3) =       9.529082 [THz] =     317.855976 [cm-1]
 (  0.110981 -0.394782  0.133585  0.381860  0.110981 -0.394782 ) 
 ( -0.410084 -0.000000  0.331458  0.231942 -0.410084  0.000000 ) 
     freq (    4) =      11.704952 [THz] =     390.435177 [cm-1]
 (  0.054583 -0.360961  0.144391  0.461093  0.054583 -0.360961 ) 
 (  0.365065  0.000000 -0.434322 -0.211708  0.365065  0.000000 ) 
     freq (    5) =      13.508995 [THz] =     450.611583 [cm-1]
 (  0.297485 -0.401874 -0.000000  0.000000 -0.297485  0.401874 ) 
 ( -0.500000 -0.000000  0.000000  0.000000  0.500000  0.000000 ) 
     freq (    6) =      13.814118 [THz] =     460.789382 [cm-1]
 (  0.272821  0.127021  0.547768 -0.137184  0.272821  0.127021 ) 
 ( -0.300941 -0.000000 -0.438681 -0.355567 -0.300941  0.000000 ) 
 **************************************************************************
