Dynamical matrix file
                                                                           
  1    2  2 10.3040000  0.0000000  0.0000000  0.0000000  0.0000000  0.0000000
           1  'Si  '    25598.8229845270     
    1    1      0.0000000000      0.0000000000      0.0000000000
    2    1      0.2500000000      0.2500000000      0.2500000000

     Dynamical  Matrix in cartesian axes

     q = (    0.500000000  -0.166666667   0.833333333 ) 

    1    1
  0.24518765  0.00000000   -0.00522455  0.00095411    0.00522455  0.00095411
 -0.00522455 -0.00095411    0.27434375  0.00000000   -0.00371876 -0.01484649
  0.00522455 -0.00095411   -0.00371876  0.01484649    0.27434375 -0.00000000
    1    2
 -0.02995998  0.05189220   -0.11114304  0.04086712   -0.02017955 -0.11668626
 -0.11114304  0.04086712   -0.02990815  0.06039195   -0.02300930  0.03985328
 -0.02017955 -0.11668626   -0.02300930  0.03985328   -0.03734689  0.05609719
    2    1
 -0.02995998 -0.05189220   -0.11114304 -0.04086712   -0.02017955  0.11668626
 -0.11114304 -0.04086712   -0.02990815 -0.06039195   -0.02300930 -0.03985328
 -0.02017955  0.11668626   -0.02300930 -0.03985328   -0.03734689 -0.05609719
    2    2
  0.24518765  0.00000000   -0.00522455 -0.00095411    0.00522455 -0.00095411
 -0.00522455  0.00095411    0.27434375  0.00000000   -0.00371876  0.01484649
  0.00522455  0.00095411   -0.00371876 -0.01484649    0.27434375  0.00000000

     Dynamical  Matrix in cartesian axes

     q = (    0.833333333   0.166666667   0.500000000 ) 

    1    1
  0.27434375  0.00000000    0.00371876  0.01484649    0.00522455  0.00095411
  0.00371876 -0.01484649    0.27434375  0.00000000    0.00522455 -0.00095411
  0.00522455 -0.00095411    0.00522455  0.00095411    0.24518765  0.00000000
    1    2
  0.06725504 -0.00429476   -0.04601861  0.00000000   -0.09096348 -0.07581913
 -0.04601861  0.00000000    0.06725504  0.00429476   -0.09096348  0.07581913
 -0.09096348 -0.07581913   -0.09096348  0.07581913    0.05991995 -0.00000000
    2    1
  0.06725504  0.00429476   -0.04601861 -0.00000000   -0.09096348  0.07581913
 -0.04601861 -0.00000000    0.06725504 -0.00429476   -0.09096348 -0.07581913
 -0.09096348  0.07581913   -0.09096348 -0.07581913    0.05991995  0.00000000
    2    2
  0.27434375  0.00000000    0.00371876 -0.01484649    0.00522455 -0.00095411
  0.00371876  0.01484649    0.27434375  0.00000000    0.00522455  0.00095411
  0.00522455  0.00095411    0.00522455 -0.00095411    0.24518765  0.00000000

     Dynamical  Matrix in cartesian axes

     q = (    0.500000000   0.166666667   0.833333333 ) 

    1    1
  0.24518765  0.00000000    0.00522455  0.00095411    0.00522455 -0.00095411
  0.00522455 -0.00095411    0.27434375  0.00000000    0.00371876 -0.01484649
  0.00522455  0.00095411    0.00371876  0.01484649    0.27434375  0.00000000
    1    2
  0.05991995  0.00000000   -0.09096348  0.07581913   -0.09096348 -0.07581913
 -0.09096348  0.07581913    0.06725504  0.00429476   -0.04601861 -0.00000000
 -0.09096348 -0.07581913   -0.04601861  0.00000000    0.06725504 -0.00429476
    2    1
  0.05991995 -0.00000000   -0.09096348 -0.07581913   -0.09096348  0.07581913
 -0.09096348 -0.07581913    0.06725504 -0.00429476   -0.04601861  0.00000000
 -0.09096348  0.07581913   -0.04601861  0.00000000    0.06725504  0.00429476
    2    2
  0.24518765  0.00000000    0.00522455 -0.00095411    0.00522455  0.00095411
  0.00522455  0.00095411    0.27434375  0.00000000    0.00371876  0.01484649
  0.00522455 -0.00095411    0.00371876 -0.01484649    0.27434375  0.00000000

     Dynamical  Matrix in cartesian axes

     q = (   -0.833333333  -0.166666667   0.500000000 ) 

    1    1
  0.27434375  0.00000000    0.00371876  0.01484649   -0.00522455 -0.00095411
  0.00371876 -0.01484649    0.27434375  0.00000000   -0.00522455  0.00095411
 -0.00522455  0.00095411   -0.00522455 -0.00095411    0.24518765  0.00000000
    1    2
 -0.06725504  0.00429476    0.04601861  0.00000000   -0.09096348 -0.07581913
  0.04601861  0.00000000   -0.06725504 -0.00429476   -0.09096348  0.07581913
 -0.09096348 -0.07581913   -0.09096348  0.07581913   -0.05991995 -0.00000000
    2    1
 -0.06725504 -0.00429476    0.04601861 -0.00000000   -0.09096348  0.07581913
  0.04601861 -0.00000000   -0.06725504  0.00429476   -0.09096348 -0.07581913
 -0.09096348  0.07581913   -0.09096348 -0.07581913   -0.05991995  0.00000000
    2    2
  0.27434375  0.00000000    0.00371876 -0.01484649   -0.00522455  0.00095411
  0.00371876  0.01484649    0.27434375 -0.00000000   -0.00522455 -0.00095411
 -0.00522455 -0.00095411   -0.00522455  0.00095411    0.24518765  0.00000000

     Dynamical  Matrix in cartesian axes

     q = (   -0.833333333  -0.166666667  -0.500000000 ) 

    1    1
  0.27434375  0.00000000    0.00371876 -0.01484649    0.00522455 -0.00095411
  0.00371876  0.01484649    0.27434375  0.00000000    0.00522455  0.00095411
  0.00522455  0.00095411    0.00522455 -0.00095411    0.24518765  0.00000000
    1    2
  0.06725504  0.00429476   -0.04601861 -0.00000000   -0.09096348  0.07581913
 -0.04601861 -0.00000000    0.06725504 -0.00429476   -0.09096348 -0.07581913
 -0.09096348  0.07581913   -0.09096348 -0.07581913    0.05991995  0.00000000
    2    1
  0.06725504 -0.00429476   -0.04601861  0.00000000   -0.09096348 -0.07581913
 -0.04601861  0.00000000    0.06725504  0.00429476   -0.09096348  0.07581913
 -0.09096348 -0.07581913   -0.09096348  0.07581913    0.05991995 -0.00000000
    2    2
  0.27434375  0.00000000    0.00371876  0.01484649    0.00522455  0.00095411
  0.00371876 -0.01484649    0.27434375  0.00000000    0.00522455 -0.00095411
  0.00522455 -0.00095411    0.00522455  0.00095411    0.24518765  0.00000000

     Dynamical  Matrix in cartesian axes

     q = (   -0.500000000  -0.166666667  -0.833333333 ) 

    1    1
  0.24518765  0.00000000    0.00522455 -0.00095411    0.00522455  0.00095411
  0.00522455  0.00095411    0.27434375  0.00000000    0.00371876  0.01484649
  0.00522455 -0.00095411    0.00371876 -0.01484649    0.27434375  0.00000000
    1    2
  0.05991995 -0.00000000   -0.09096348 -0.07581913   -0.09096348  0.07581913
 -0.09096348 -0.07581913    0.06725504 -0.00429476   -0.04601861  0.00000000
 -0.09096348  0.07581913   -0.04601861  0.00000000    0.06725504  0.00429476
    2    1
  0.05991995  0.00000000   -0.09096348  0.07581913   -0.09096348 -0.07581913
 -0.09096348  0.07581913    0.06725504  0.00429476   -0.04601861 -0.00000000
 -0.09096348 -0.07581913   -0.04601861  0.00000000    0.06725504 -0.00429476
    2    2
  0.24518765  0.00000000    0.00522455  0.00095411    0.00522455 -0.00095411
  0.00522455 -0.00095411    0.27434375  0.00000000    0.00371876 -0.01484649
  0.00522455  0.00095411    0.00371876  0.01484649    0.27434375  0.00000000

     Dynamical  Matrix in cartesian axes

     q = (    0.833333333  -0.166666667   0.500000000 ) 

    1    1
  0.27434375  0.00000000   -0.00371876  0.01484649    0.00522455 -0.00095411
 -0.00371876 -0.01484649    0.27434375  0.00000000   -0.00522455 -0.00095411
  0.00522455  0.00095411   -0.00522455  0.00095411    0.24518765  0.00000000
    1    2
 -0.03734689  0.05609719   -0.02300930  0.03985328   -0.02017955 -0.11668626
 -0.02300930  0.03985328   -0.02990815  0.06039195   -0.11114304  0.04086712
 -0.02017955 -0.11668626   -0.11114304  0.04086712   -0.02995998  0.05189220
    2    1
 -0.03734689 -0.05609719   -0.02300930 -0.03985328   -0.02017955  0.11668626
 -0.02300930 -0.03985328   -0.02990815 -0.06039195   -0.11114304 -0.04086712
 -0.02017955  0.11668626   -0.11114304 -0.04086712   -0.02995998 -0.05189220
    2    2
  0.27434375  0.00000000   -0.00371876 -0.01484649    0.00522455  0.00095411
 -0.00371876  0.01484649    0.27434375  0.00000000   -0.00522455  0.00095411
  0.00522455 -0.00095411   -0.00522455 -0.00095411    0.24518765  0.00000000

     Dynamical  Matrix in cartesian axes

     q = (   -0.500000000  -0.166666667   0.833333333 ) 

    1    1
  0.24518765  0.00000000    0.00522455  0.00095411   -0.00522455  0.00095411
  0.00522455 -0.00095411    0.27434375  0.00000000   -0.00371876  0.01484649
 -0.00522455 -0.00095411   -0.00371876 -0.01484649    0.27434375  0.00000000
    1    2
 -0.02995998  0.05189220   -0.02017955 -0.11668626   -0.11114304  0.04086712
 -0.02017955 -0.11668626   -0.03734689  0.05609719   -0.02300930  0.03985328
 -0.11114304  0.04086712   -0.02300930  0.03985328   -0.02990815  0.06039195
    2    1
 -0.02995998 -0.05189220   -0.02017955  0.11668626   -0.11114304 -0.04086712
 -0.02017955  0.11668626   -0.03734689 -0.05609719   -0.02300930 -0.03985328
 -0.11114304 -0.04086712   -0.02300930 -0.03985328   -0.02990815 -0.06039195
    2    2
  0.24518765  0.00000000    0.00522455 -0.00095411   -0.00522455 -0.00095411
  0.00522455  0.00095411    0.27434375 -0.00000000   -0.00371876 -0.01484649
 -0.00522455  0.00095411   -0.00371876  0.01484649    0.27434375  0.00000000

     Dynamical  Matrix in cartesian axes

     q = (   -0.833333333   0.166666667   0.500000000 ) 

    1    1
  0.27434375  0.00000000   -0.00371876  0.01484649   -0.00522455  0.00095411
 -0.00371876 -0.01484649    0.27434375  0.00000000    0.00522455  0.00095411
 -0.00522455 -0.00095411    0.00522455 -0.00095411    0.24518765  0.00000000
    1    2
 -0.02990815 -0.06039195   -0.02300930 -0.03985328   -0.11114304 -0.04086712
 -0.02300930 -0.03985328   -0.03734689 -0.05609719   -0.02017955  0.11668626
 -0.11114304 -0.04086712   -0.02017955  0.11668626   -0.02995998 -0.05189220
    2    1
 -0.02990815  0.06039195   -0.02300930  0.03985328   -0.11114304  0.04086712
 -0.02300930  0.03985328   -0.03734689  0.05609719   -0.02017955 -0.11668626
 -0.11114304  0.04086712   -0.02017955 -0.11668626   -0.02995998  0.05189220
    2    2
  0.27434375  0.00000000   -0.00371876 -0.01484649   -0.00522455 -0.00095411
 -0.00371876  0.01484649    0.27434375 -0.00000000    0.00522455 -0.00095411
 -0.00522455  0.00095411    0.00522455  0.00095411    0.24518765  0.00000000

     Dynamical  Matrix in cartesian axes

     q = (    0.833333333   0.166666667  -0.500000000 ) 

    1    1
  0.27434375  0.00000000    0.00371876 -0.01484649   -0.00522455  0.00095411
  0.00371876  0.01484649    0.27434375 -0.00000000   -0.00522455 -0.00095411
 -0.00522455 -0.00095411   -0.00522455  0.00095411    0.24518765  0.00000000
    1    2
 -0.06725504 -0.00429476    0.04601861 -0.00000000   -0.09096348  0.07581913
  0.04601861 -0.00000000   -0.06725504  0.00429476   -0.09096348 -0.07581913
 -0.09096348  0.07581913   -0.09096348 -0.07581913   -0.05991995  0.00000000
    2    1
 -0.06725504  0.00429476    0.04601861  0.00000000   -0.09096348 -0.07581913
  0.04601861  0.00000000   -0.06725504 -0.00429476   -0.09096348  0.07581913
 -0.09096348 -0.07581913   -0.09096348  0.07581913   -0.05991995 -0.00000000
    2    2
  0.27434375  0.00000000    0.00371876  0.01484649   -0.00522455 -0.00095411
  0.00371876 -0.01484649    0.27434375  0.00000000   -0.00522455  0.00095411
 -0.00522455  0.00095411   -0.00522455 -0.00095411    0.24518765  0.00000000

     Dynamical  Matrix in cartesian axes

     q = (    0.833333333  -0.166666667  -0.500000000 ) 

    1    1
  0.27434375  0.00000000   -0.00371876 -0.01484649   -0.00522455 -0.00095411
 -0.00371876  0.01484649    0.27434375 -0.00000000    0.00522455 -0.00095411
 -0.00522455  0.00095411    0.00522455  0.00095411    0.24518765  0.00000000
    1    2
 -0.02990815  0.06039195   -0.02300930  0.03985328   -0.11114304  0.04086712
 -0.02300930  0.03985328   -0.03734689  0.05609719   -0.02017955 -0.11668626
 -0.11114304  0.04086712   -0.02017955 -0.11668626   -0.02995998  0.05189220
    2    1
 -0.02990815 -0.06039195   -0.02300930 -0.03985328   -0.11114304 -0.04086712
 -0.02300930 -0.03985328   -0.03734689 -0.05609719   -0.02017955  0.11668626
 -0.11114304 -0.04086712   -0.02017955  0.11668626   -0.02995998 -0.05189220
    2    2
  0.27434375  0.00000000   -0.00371876  0.01484649   -0.00522455  0.00095411
 -0.00371876 -0.01484649    0.27434375  0.00000000    0.00522455  0.00095411
 -0.00522455 -0.00095411    0.00522455 -0.00095411    0.24518765  0.00000000

     Dynamical  Matrix in cartesian axes

     q = (    0.500000000   0.166666667  -0.833333333 ) 

    1    1
  0.24518765  0.00000000    0.00522455 -0.00095411   -0.00522455 -0.00095411
  0.00522455  0.00095411    0.27434375 -0.00000000   -0.00371876 -0.01484649
 -0.00522455  0.00095411   -0.00371876  0.01484649    0.27434375  0.00000000
    1    2
 -0.02995998 -0.05189220   -0.02017955  0.11668626   -0.11114304 -0.04086712
 -0.02017955  0.11668626   -0.03734689 -0.05609719   -0.02300930 -0.03985328
 -0.11114304 -0.04086712   -0.02300930 -0.03985328   -0.02990815 -0.06039195
    2    1
 -0.02995998  0.05189220   -0.02017955 -0.11668626   -0.11114304  0.04086712
 -0.02017955 -0.11668626   -0.03734689  0.05609719   -0.02300930  0.03985328
 -0.11114304  0.04086712   -0.02300930  0.03985328   -0.02990815  0.06039195
    2    2
  0.24518765  0.00000000    0.00522455  0.00095411   -0.00522455  0.00095411
  0.00522455 -0.00095411    0.27434375  0.00000000   -0.00371876  0.01484649
 -0.00522455 -0.00095411   -0.00371876 -0.01484649    0.27434375  0.00000000

     Dynamical  Matrix in cartesian axes

     q = (   -0.500000000   0.166666667   0.833333333 ) 

    1    1
  0.24518765  0.00000000   -0.00522455  0.00095411   -0.00522455 -0.00095411
 -0.00522455 -0.00095411    0.27434375  0.00000000    0.00371876  0.01484649
 -0.00522455  0.00095411    0.00371876 -0.01484649    0.27434375  0.00000000
    1    2
 -0.05991995 -0.00000000   -0.09096348 -0.07581913   -0.09096348  0.07581913
 -0.09096348 -0.07581913   -0.06725504  0.00429476    0.04601861  0.00000000
 -0.09096348  0.07581913    0.04601861  0.00000000   -0.06725504 -0.00429476
    2    1
 -0.05991995  0.00000000   -0.09096348  0.07581913   -0.09096348 -0.07581913
 -0.09096348  0.07581913   -0.06725504 -0.00429476    0.04601861  0.00000000
 -0.09096348 -0.07581913    0.04601861 -0.00000000   -0.06725504  0.00429476
    2    2
  0.24518765  0.00000000   -0.00522455 -0.00095411   -0.00522455  0.00095411
 -0.00522455  0.00095411    0.27434375 -0.00000000    0.00371876 -0.01484649
 -0.00522455 -0.00095411    0.00371876  0.01484649    0.27434375 -0.00000000

     Dynamical  Matrix in cartesian axes

     q = (   -0.500000000   0.166666667  -0.833333333 ) 

    1    1
  0.24518765  0.00000000   -0.00522455 -0.00095411    0.00522455 -0.00095411
 -0.00522455  0.00095411    0.27434375  0.00000000   -0.00371876  0.01484649
  0.00522455  0.00095411   -0.00371876 -0.01484649    0.27434375  0.00000000
    1    2
 -0.02995998 -0.05189220   -0.11114304 -0.04086712   -0.02017955  0.11668626
 -0.11114304 -0.04086712   -0.02990815 -0.06039195   -0.02300930 -0.03985328
 -0.02017955  0.11668626   -0.02300930 -0.03985328   -0.03734689 -0.05609719
    2    1
 -0.02995998  0.05189220   -0.11114304  0.04086712   -0.02017955 -0.11668626
 -0.11114304  0.04086712   -0.02990815  0.06039195   -0.02300930  0.03985328
 -0.02017955 -0.11668626   -0.02300930  0.03985328   -0.03734689  0.05609719
    2    2
  0.24518765  0.00000000   -0.00522455  0.00095411    0.00522455  0.00095411
 -0.00522455 -0.00095411    0.27434375  0.00000000   -0.00371876 -0.01484649
  0.00522455 -0.00095411   -0.00371876  0.01484649    0.27434375 -0.00000000

     Dynamical  Matrix in cartesian axes

     q = (   -0.833333333   0.166666667  -0.500000000 ) 

    1    1
  0.27434375  0.00000000   -0.00371876 -0.01484649    0.00522455  0.00095411
 -0.00371876  0.01484649    0.27434375  0.00000000   -0.00522455  0.00095411
  0.00522455 -0.00095411   -0.00522455 -0.00095411    0.24518765  0.00000000
    1    2
 -0.03734689 -0.05609719   -0.02300930 -0.03985328   -0.02017955  0.11668626
 -0.02300930 -0.03985328   -0.02990815 -0.06039195   -0.11114304 -0.04086712
 -0.02017955  0.11668626   -0.11114304 -0.04086712   -0.02995998 -0.05189220
    2    1
 -0.03734689  0.05609719   -0.02300930  0.03985328   -0.02017955 -0.11668626
 -0.02300930  0.03985328   -0.02990815  0.06039195   -0.11114304  0.04086712
 -0.02017955 -0.11668626   -0.11114304  0.04086712   -0.02995998  0.05189220
    2    2
  0.27434375  0.00000000   -0.00371876  0.01484649    0.00522455 -0.00095411
 -0.00371876 -0.01484649    0.27434375  0.00000000   -0.00522455 -0.00095411
  0.00522455  0.00095411   -0.00522455  0.00095411    0.24518765  0.00000000

     Dynamical  Matrix in cartesian axes

     q = (    0.833333333  -0.500000000   0.166666667 ) 

    1    1
  0.27434375  0.00000000   -0.00522455  0.00095411    0.00371876 -0.01484649
 -0.00522455 -0.00095411    0.24518765  0.00000000   -0.00522455  0.00095411
  0.00371876  0.01484649   -0.00522455 -0.00095411    0.27434375  0.00000000
    1    2
 -0.06725504 -0.00429476   -0.09096348  0.07581913    0.04601861 -0.00000000
 -0.09096348  0.07581913   -0.05991995  0.00000000   -0.09096348 -0.07581913
  0.04601861 -0.00000000   -0.09096348 -0.07581913   -0.06725504  0.00429476
    2    1
 -0.06725504  0.00429476   -0.09096348 -0.07581913    0.04601861  0.00000000
 -0.09096348 -0.07581913   -0.05991995 -0.00000000   -0.09096348  0.07581913
  0.04601861  0.00000000   -0.09096348  0.07581913   -0.06725504 -0.00429476
    2    2
  0.27434375  0.00000000   -0.00522455 -0.00095411    0.00371876  0.01484649
 -0.00522455  0.00095411    0.24518765  0.00000000   -0.00522455 -0.00095411
  0.00371876 -0.01484649   -0.00522455  0.00095411    0.27434375 -0.00000000

     Dynamical  Matrix in cartesian axes

     q = (    0.833333333   0.500000000  -0.166666667 ) 

    1    1
  0.27434375  0.00000000    0.00522455 -0.00095411   -0.00371876  0.01484649
  0.00522455  0.00095411    0.24518765  0.00000000   -0.00522455  0.00095411
 -0.00371876 -0.01484649   -0.00522455 -0.00095411    0.27434375  0.00000000
    1    2
 -0.03734689  0.05609719   -0.02017955 -0.11668626   -0.02300930  0.03985328
 -0.02017955 -0.11668626   -0.02995998  0.05189220   -0.11114304  0.04086712
 -0.02300930  0.03985328   -0.11114304  0.04086712   -0.02990815  0.06039195
    2    1
 -0.03734689 -0.05609719   -0.02017955  0.11668626   -0.02300930 -0.03985328
 -0.02017955  0.11668626   -0.02995998 -0.05189220   -0.11114304 -0.04086712
 -0.02300930 -0.03985328   -0.11114304 -0.04086712   -0.02990815 -0.06039195
    2    2
  0.27434375  0.00000000    0.00522455  0.00095411   -0.00371876 -0.01484649
  0.00522455 -0.00095411    0.24518765  0.00000000   -0.00522455 -0.00095411
 -0.00371876  0.01484649   -0.00522455  0.00095411    0.27434375  0.00000000

     Dynamical  Matrix in cartesian axes

     q = (   -0.833333333  -0.500000000  -0.166666667 ) 

    1    1
  0.27434375  0.00000000    0.00522455 -0.00095411    0.00371876 -0.01484649
  0.00522455  0.00095411    0.24518765  0.00000000    0.00522455 -0.00095411
  0.00371876  0.01484649    0.00522455  0.00095411    0.27434375  0.00000000
    1    2
  0.06725504  0.00429476   -0.09096348  0.07581913   -0.04601861 -0.00000000
 -0.09096348  0.07581913    0.05991995  0.00000000   -0.09096348 -0.07581913
 -0.04601861  0.00000000   -0.09096348 -0.07581913    0.06725504 -0.00429476
    2    1
  0.06725504 -0.00429476   -0.09096348 -0.07581913   -0.04601861  0.00000000
 -0.09096348 -0.07581913    0.05991995  0.00000000   -0.09096348  0.07581913
 -0.04601861 -0.00000000   -0.09096348  0.07581913    0.06725504  0.00429476
    2    2
  0.27434375  0.00000000    0.00522455  0.00095411    0.00371876  0.01484649
  0.00522455 -0.00095411    0.24518765  0.00000000    0.00522455  0.00095411
  0.00371876 -0.01484649    0.00522455 -0.00095411    0.27434375  0.00000000

     Dynamical  Matrix in cartesian axes

     q = (   -0.833333333   0.500000000   0.166666667 ) 

    1    1
  0.27434375  0.00000000   -0.00522455  0.00095411   -0.00371876  0.01484649
 -0.00522455 -0.00095411    0.24518765  0.00000000    0.00522455 -0.00095411
 -0.00371876 -0.01484649    0.00522455  0.00095411    0.27434375 -0.00000000
    1    2
 -0.02990815 -0.06039195   -0.11114304 -0.04086712   -0.02300930 -0.03985328
 -0.11114304 -0.04086712   -0.02995998 -0.05189220   -0.02017955  0.11668626
 -0.02300930 -0.03985328   -0.02017955  0.11668626   -0.03734689 -0.05609719
    2    1
 -0.02990815  0.06039195   -0.11114304  0.04086712   -0.02300930  0.03985328
 -0.11114304  0.04086712   -0.02995998  0.05189220   -0.02017955 -0.11668626
 -0.02300930  0.03985328   -0.02017955 -0.11668626   -0.03734689  0.05609719
    2    2
  0.27434375  0.00000000   -0.00522455 -0.00095411   -0.00371876 -0.01484649
 -0.00522455  0.00095411    0.24518765  0.00000000    0.00522455  0.00095411
 -0.00371876  0.01484649    0.00522455 -0.00095411    0.27434375  0.00000000

     Dynamical  Matrix in cartesian axes

     q = (    0.166666667  -0.500000000   0.833333333 ) 

    1    1
  0.27434375  0.00000000   -0.00522455 -0.00095411    0.00371876  0.01484649
 -0.00522455  0.00095411    0.24518765  0.00000000   -0.00522455 -0.00095411
  0.00371876 -0.01484649   -0.00522455  0.00095411    0.27434375 -0.00000000
    1    2
 -0.06725504  0.00429476   -0.09096348 -0.07581913    0.04601861 -0.00000000
 -0.09096348 -0.07581913   -0.05991995 -0.00000000   -0.09096348  0.07581913
  0.04601861  0.00000000   -0.09096348  0.07581913   -0.06725504 -0.00429476
    2    1
 -0.06725504 -0.00429476   -0.09096348  0.07581913    0.04601861  0.00000000
 -0.09096348  0.07581913   -0.05991995  0.00000000   -0.09096348 -0.07581913
  0.04601861 -0.00000000   -0.09096348 -0.07581913   -0.06725504  0.00429476
    2    2
  0.27434375  0.00000000   -0.00522455  0.00095411    0.00371876 -0.01484649
 -0.00522455 -0.00095411    0.24518765  0.00000000   -0.00522455  0.00095411
  0.00371876  0.01484649   -0.00522455 -0.00095411    0.27434375  0.00000000

     Dynamical  Matrix in cartesian axes

     q = (   -0.166666667   0.500000000   0.833333333 ) 

    1    1
  0.27434375  0.00000000   -0.00522455 -0.00095411   -0.00371876 -0.01484649
 -0.00522455  0.00095411    0.24518765  0.00000000    0.00522455  0.00095411
 -0.00371876  0.01484649    0.00522455 -0.00095411    0.27434375  0.00000000
    1    2
 -0.02990815  0.06039195   -0.11114304  0.04086712   -0.02300930  0.03985328
 -0.11114304  0.04086712   -0.02995998  0.05189220   -0.02017955 -0.11668626
 -0.02300930  0.03985328   -0.02017955 -0.11668626   -0.03734689  0.05609719
    2    1
 -0.02990815 -0.06039195   -0.11114304 -0.04086712   -0.02300930 -0.03985328
 -0.11114304 -0.04086712   -0.02995998 -0.05189220   -0.02017955  0.11668626
 -0.02300930 -0.03985328   -0.02017955  0.11668626   -0.03734689 -0.05609719
    2    2
  0.27434375  0.00000000   -0.00522455  0.00095411   -0.00371876  0.01484649
 -0.00522455 -0.00095411    0.24518765  0.00000000    0.00522455 -0.00095411
 -0.00371876 -0.01484649    0.00522455  0.00095411    0.27434375 -0.00000000

     Dynamical  Matrix in cartesian axes

     q = (    0.166666667   0.500000000  -0.833333333 ) 

    1    1
  0.27434375  0.00000000    0.00522455  0.00095411   -0.00371876 -0.01484649
  0.00522455 -0.00095411    0.24518765  0.00000000   -0.00522455 -0.00095411
 -0.00371876  0.01484649   -0.00522455  0.00095411    0.27434375  0.00000000
    1    2
 -0.03734689 -0.05609719   -0.02017955  0.11668626   -0.02300930 -0.03985328
 -0.02017955  0.11668626   -0.02995998 -0.05189220   -0.11114304 -0.04086712
 -0.02300930 -0.03985328   -0.11114304 -0.04086712   -0.02990815 -0.06039195
    2    1
 -0.03734689  0.05609719   -0.02017955 -0.11668626   -0.02300930  0.03985328
 -0.02017955 -0.11668626   -0.02995998  0.05189220   -0.11114304  0.04086712
 -0.02300930  0.03985328   -0.11114304  0.04086712   -0.02990815  0.06039195
    2    2
  0.27434375  0.00000000    0.00522455 -0.00095411   -0.00371876  0.01484649
  0.00522455  0.00095411    0.24518765  0.00000000   -0.00522455  0.00095411
 -0.00371876 -0.01484649   -0.00522455 -0.00095411    0.27434375  0.00000000

     Dynamical  Matrix in cartesian axes

     q = (   -0.166666667  -0.500000000  -0.833333333 ) 

    1    1
  0.27434375  0.00000000    0.00522455  0.00095411    0.00371876  0.01484649
  0.00522455 -0.00095411    0.24518765  0.00000000    0.00522455  0.00095411
  0.00371876 -0.01484649    0.00522455 -0.00095411    0.27434375  0.00000000
    1    2
  0.06725504 -0.00429476   -0.09096348 -0.07581913   -0.04601861  0.00000000
 -0.09096348 -0.07581913    0.05991995  0.00000000   -0.09096348  0.07581913
 -0.04601861 -0.00000000   -0.09096348  0.07581913    0.06725504  0.00429476
    2    1
  0.06725504  0.00429476   -0.09096348  0.07581913   -0.04601861  0.00000000
 -0.09096348  0.07581913    0.05991995 -0.00000000   -0.09096348 -0.07581913
 -0.04601861  0.00000000   -0.09096348 -0.07581913    0.06725504 -0.00429476
    2    2
  0.27434375  0.00000000    0.00522455 -0.00095411    0.00371876 -0.01484649
  0.00522455  0.00095411    0.24518765  0.00000000    0.00522455 -0.00095411
  0.00371876  0.01484649    0.00522455  0.00095411    0.27434375  0.00000000

     Dynamical  Matrix in cartesian axes

     q = (   -0.500000000   0.833333333   0.166666667 ) 

    1    1
  0.24518765  0.00000000   -0.00522455 -0.00095411   -0.00522455  0.00095411
 -0.00522455  0.00095411    0.27434375 -0.00000000    0.00371876 -0.01484649
 -0.00522455 -0.00095411    0.00371876  0.01484649    0.27434375 -0.00000000
    1    2
 -0.05991995 -0.00000000   -0.09096348  0.07581913   -0.09096348 -0.07581913
 -0.09096348  0.07581913   -0.06725504 -0.00429476    0.04601861  0.00000000
 -0.09096348 -0.07581913    0.04601861  0.00000000   -0.06725504  0.00429476
    2    1
 -0.05991995  0.00000000   -0.09096348 -0.07581913   -0.09096348  0.07581913
 -0.09096348 -0.07581913   -0.06725504  0.00429476    0.04601861 -0.00000000
 -0.09096348  0.07581913    0.04601861 -0.00000000   -0.06725504 -0.00429476
    2    2
  0.24518765  0.00000000   -0.00522455  0.00095411   -0.00522455 -0.00095411
 -0.00522455 -0.00095411    0.27434375  0.00000000    0.00371876  0.01484649
 -0.00522455  0.00095411    0.00371876 -0.01484649    0.27434375  0.00000000

     Diagonalizing the dynamical matrix

     q = (    0.500000000  -0.166666667   0.833333333 ) 

 **************************************************************************
     freq (    1) =       5.118911 [THz] =     170.748484 [cm-1]
 ( -0.059867  0.567407 -0.147676  0.255782 -0.091044 -0.280970 ) 
 ( -0.521322  0.231857 -0.197805  0.219331  0.295352  0.000000 ) 
     freq (    2) =       6.127822 [THz] =     204.402140 [cm-1]
 (  0.251860  0.288745  0.210117 -0.363933  0.389100 -0.158737 ) 
 (  0.124131 -0.362489  0.332021  0.257602  0.420234  0.000000 ) 
     freq (    3) =       9.738380 [THz] =     324.837394 [cm-1]
 (  0.265026 -0.119124 -0.227917  0.394764  0.446534  0.091611 ) 
 ( -0.235678 -0.169957  0.143929  0.432516 -0.455835  0.000000 ) 
     freq (    4) =      11.272150 [THz] =     375.998464 [cm-1]
 (  0.211188 -0.083503 -0.236756  0.410073  0.453176  0.137276 ) 
 (  0.177910  0.141143 -0.107704 -0.461100  0.473512  0.000000 ) 
     freq (    5) =      13.772485 [THz] =     459.400657 [cm-1]
 ( -0.044021  0.516552 -0.170013  0.294472 -0.117734 -0.318994 ) 
 (  0.469357 -0.220153  0.217390 -0.261457 -0.340027  0.000000 ) 
     freq (    6) =      13.998608 [THz] =     466.943300 [cm-1]
 ( -0.189574 -0.294880 -0.217114  0.376052 -0.432248  0.041414 ) 
 (  0.160586 -0.311616  0.251990  0.353631  0.434228  0.000000 ) 
 **************************************************************************
