Dynamical matrix file
                                                                           
  1    2  2 10.3760000  0.0000000  0.0000000  0.0000000  0.0000000  0.0000000
           1  'Si  '    25598.8229845270     
    1    1      0.0000000000      0.0000000000      0.0000000000
    2    1      0.2500000000      0.2500000000      0.2500000000

     Dynamical  Matrix in cartesian axes

     q = (    0.333333333   0.000000000   0.333333333 ) 

    1    1
  0.25623271  0.00000000    0.00000000  0.00467737    0.00732386  0.00000000
  0.00000000 -0.00467737    0.25777640  0.00000000    0.00000000 -0.00467737
  0.00732386  0.00000000    0.00000000  0.00467737    0.25623271  0.00000000
    1    2
 -0.09158873  0.15863634   -0.05742776 -0.03315593    0.01989942 -0.03446680
 -0.05742776 -0.03315593   -0.09646589  0.16708382   -0.05742776 -0.03315593
  0.01989942 -0.03446680   -0.05742776 -0.03315593   -0.09158873  0.15863634
    2    1
 -0.09158873 -0.15863634   -0.05742776  0.03315593    0.01989942  0.03446680
 -0.05742776  0.03315593   -0.09646589 -0.16708382   -0.05742776  0.03315593
  0.01989942  0.03446680   -0.05742776  0.03315593   -0.09158873 -0.15863634
    2    2
  0.25623271  0.00000000    0.00000000 -0.00467737    0.00732386  0.00000000
  0.00000000  0.00467737    0.25777640  0.00000000    0.00000000  0.00467737
  0.00732386  0.00000000    0.00000000 -0.00467737    0.25623271  0.00000000

     Dynamical  Matrix in cartesian axes

     q = (   -0.333333333   0.000000000   0.333333333 ) 

    1    1
  0.25623271  0.00000000    0.00000000  0.00467737   -0.00732386  0.00000000
  0.00000000 -0.00467737    0.25777640  0.00000000    0.00000000  0.00467737
 -0.00732386  0.00000000    0.00000000 -0.00467737    0.25623271  0.00000000
    1    2
 -0.18317746  0.00000000    0.00000000 -0.06631187   -0.03979884  0.00000000
  0.00000000 -0.06631187   -0.19293178  0.00000000   -0.00000000  0.06631187
 -0.03979884 -0.00000000   -0.00000000  0.06631187   -0.18317746  0.00000000
    2    1
 -0.18317746  0.00000000   -0.00000000  0.06631187   -0.03979884  0.00000000
 -0.00000000  0.06631187   -0.19293178  0.00000000    0.00000000 -0.06631187
 -0.03979884  0.00000000    0.00000000 -0.06631187   -0.18317746  0.00000000
    2    2
  0.25623271  0.00000000    0.00000000 -0.00467737   -0.00732386  0.00000000
  0.00000000  0.00467737    0.25777640  0.00000000    0.00000000 -0.00467737
 -0.00732386  0.00000000    0.00000000  0.00467737    0.25623271  0.00000000

     Dynamical  Matrix in cartesian axes

     q = (    0.333333333   0.000000000  -0.333333333 ) 

    1    1
  0.25623271  0.00000000    0.00000000 -0.00467737   -0.00732386  0.00000000
  0.00000000  0.00467737    0.25777640  0.00000000    0.00000000 -0.00467737
 -0.00732386  0.00000000    0.00000000  0.00467737    0.25623271  0.00000000
    1    2
 -0.18317746  0.00000000   -0.00000000  0.06631187   -0.03979884  0.00000000
 -0.00000000  0.06631187   -0.19293178  0.00000000   -0.00000000 -0.06631187
 -0.03979884  0.00000000   -0.00000000 -0.06631187   -0.18317746  0.00000000
    2    1
 -0.18317746  0.00000000    0.00000000 -0.06631187   -0.03979884 -0.00000000
  0.00000000 -0.06631187   -0.19293178  0.00000000   -0.00000000  0.06631187
 -0.03979884  0.00000000    0.00000000  0.06631187   -0.18317746  0.00000000
    2    2
  0.25623271  0.00000000    0.00000000  0.00467737   -0.00732386  0.00000000
  0.00000000 -0.00467737    0.25777640  0.00000000    0.00000000  0.00467737
 -0.00732386  0.00000000    0.00000000 -0.00467737    0.25623271  0.00000000

     Dynamical  Matrix in cartesian axes

     q = (   -0.333333333   0.000000000  -0.333333333 ) 

    1    1
  0.25623271  0.00000000    0.00000000 -0.00467737    0.00732386  0.00000000
  0.00000000  0.00467737    0.25777640  0.00000000    0.00000000  0.00467737
  0.00732386  0.00000000    0.00000000 -0.00467737    0.25623271  0.00000000
    1    2
 -0.09158873 -0.15863634   -0.05742776  0.03315593    0.01989942  0.03446680
 -0.05742776  0.03315593   -0.09646589 -0.16708382   -0.05742776  0.03315593
  0.01989942  0.03446680   -0.05742776  0.03315593   -0.09158873 -0.15863634
    2    1
 -0.09158873  0.15863634   -0.05742776 -0.03315593    0.01989942 -0.03446680
 -0.05742776 -0.03315593   -0.09646589  0.16708382   -0.05742776 -0.03315593
  0.01989942 -0.03446680   -0.05742776 -0.03315593   -0.09158873  0.15863634
    2    2
  0.25623271  0.00000000    0.00000000  0.00467737    0.00732386  0.00000000
  0.00000000 -0.00467737    0.25777640  0.00000000    0.00000000 -0.00467737
  0.00732386  0.00000000    0.00000000  0.00467737    0.25623271  0.00000000

     Dynamical  Matrix in cartesian axes

     q = (    0.000000000   0.333333333  -0.333333333 ) 

    1    1
  0.25777640  0.00000000    0.00000000  0.00467737    0.00000000 -0.00467737
  0.00000000 -0.00467737    0.25623271  0.00000000   -0.00732386  0.00000000
  0.00000000  0.00467737   -0.00732386  0.00000000    0.25623271  0.00000000
    1    2
 -0.19293178  0.00000000    0.00000000  0.06631187    0.00000000 -0.06631187
  0.00000000  0.06631187   -0.18317746  0.00000000   -0.03979884 -0.00000000
  0.00000000 -0.06631187   -0.03979884 -0.00000000   -0.18317746  0.00000000
    2    1
 -0.19293178  0.00000000    0.00000000 -0.06631187   -0.00000000  0.06631187
  0.00000000 -0.06631187   -0.18317746  0.00000000   -0.03979884 -0.00000000
 -0.00000000  0.06631187   -0.03979884 -0.00000000   -0.18317746  0.00000000
    2    2
  0.25777640  0.00000000    0.00000000 -0.00467737    0.00000000  0.00467737
  0.00000000  0.00467737    0.25623271  0.00000000   -0.00732386  0.00000000
  0.00000000 -0.00467737   -0.00732386  0.00000000    0.25623271  0.00000000

     Dynamical  Matrix in cartesian axes

     q = (   -0.333333333   0.333333333   0.000000000 ) 

    1    1
  0.25623271  0.00000000   -0.00732386  0.00000000    0.00000000  0.00467737
 -0.00732386  0.00000000    0.25623271  0.00000000    0.00000000 -0.00467737
  0.00000000 -0.00467737    0.00000000  0.00467737    0.25777640  0.00000000
    1    2
 -0.18317746 -0.00000000   -0.03979884  0.00000000    0.00000000 -0.06631187
 -0.03979884 -0.00000000   -0.18317746  0.00000000   -0.00000000  0.06631187
  0.00000000 -0.06631187   -0.00000000  0.06631187   -0.19293178  0.00000000
    2    1
 -0.18317746  0.00000000   -0.03979884  0.00000000    0.00000000  0.06631187
 -0.03979884  0.00000000   -0.18317746  0.00000000    0.00000000 -0.06631187
  0.00000000  0.06631187    0.00000000 -0.06631187   -0.19293178  0.00000000
    2    2
  0.25623271  0.00000000   -0.00732386  0.00000000    0.00000000 -0.00467737
 -0.00732386  0.00000000    0.25623271  0.00000000    0.00000000  0.00467737
  0.00000000  0.00467737    0.00000000 -0.00467737    0.25777640  0.00000000

     Dynamical  Matrix in cartesian axes

     q = (    0.000000000   0.333333333   0.333333333 ) 

    1    1
  0.25777640  0.00000000    0.00000000 -0.00467737    0.00000000 -0.00467737
  0.00000000  0.00467737    0.25623271  0.00000000    0.00732386  0.00000000
  0.00000000  0.00467737    0.00732386  0.00000000    0.25623271  0.00000000
    1    2
 -0.09646589  0.16708382   -0.05742776 -0.03315593   -0.05742776 -0.03315593
 -0.05742776 -0.03315593   -0.09158873  0.15863634    0.01989942 -0.03446680
 -0.05742776 -0.03315593    0.01989942 -0.03446680   -0.09158873  0.15863634
    2    1
 -0.09646589 -0.16708382   -0.05742776  0.03315593   -0.05742776  0.03315593
 -0.05742776  0.03315593   -0.09158873 -0.15863634    0.01989942  0.03446680
 -0.05742776  0.03315593    0.01989942  0.03446680   -0.09158873 -0.15863634
    2    2
  0.25777640  0.00000000    0.00000000  0.00467737    0.00000000  0.00467737
  0.00000000 -0.00467737    0.25623271  0.00000000    0.00732386  0.00000000
  0.00000000 -0.00467737    0.00732386  0.00000000    0.25623271  0.00000000

     Dynamical  Matrix in cartesian axes

     q = (    0.000000000  -0.333333333  -0.333333333 ) 

    1    1
  0.25777640  0.00000000    0.00000000  0.00467737    0.00000000  0.00467737
  0.00000000 -0.00467737    0.25623271  0.00000000    0.00732386  0.00000000
  0.00000000 -0.00467737    0.00732386  0.00000000    0.25623271  0.00000000
    1    2
 -0.09646589 -0.16708382   -0.05742776  0.03315593   -0.05742776  0.03315593
 -0.05742776  0.03315593   -0.09158873 -0.15863634    0.01989942  0.03446680
 -0.05742776  0.03315593    0.01989942  0.03446680   -0.09158873 -0.15863634
    2    1
 -0.09646589  0.16708382   -0.05742776 -0.03315593   -0.05742776 -0.03315593
 -0.05742776 -0.03315593   -0.09158873  0.15863634    0.01989942 -0.03446680
 -0.05742776 -0.03315593    0.01989942 -0.03446680   -0.09158873  0.15863634
    2    2
  0.25777640  0.00000000    0.00000000 -0.00467737    0.00000000 -0.00467737
  0.00000000  0.00467737    0.25623271  0.00000000    0.00732386  0.00000000
  0.00000000  0.00467737    0.00732386  0.00000000    0.25623271  0.00000000

     Dynamical  Matrix in cartesian axes

     q = (    0.333333333  -0.333333333   0.000000000 ) 

    1    1
  0.25623271  0.00000000   -0.00732386  0.00000000    0.00000000 -0.00467737
 -0.00732386  0.00000000    0.25623271  0.00000000    0.00000000  0.00467737
  0.00000000  0.00467737    0.00000000 -0.00467737    0.25777640  0.00000000
    1    2
 -0.18317746  0.00000000   -0.03979884  0.00000000   -0.00000000  0.06631187
 -0.03979884  0.00000000   -0.18317746  0.00000000    0.00000000 -0.06631187
 -0.00000000  0.06631187   -0.00000000 -0.06631187   -0.19293178  0.00000000
    2    1
 -0.18317746  0.00000000   -0.03979884 -0.00000000    0.00000000 -0.06631187
 -0.03979884  0.00000000   -0.18317746  0.00000000    0.00000000  0.06631187
  0.00000000 -0.06631187   -0.00000000  0.06631187   -0.19293178  0.00000000
    2    2
  0.25623271  0.00000000   -0.00732386  0.00000000    0.00000000  0.00467737
 -0.00732386  0.00000000    0.25623271  0.00000000    0.00000000 -0.00467737
  0.00000000 -0.00467737    0.00000000  0.00467737    0.25777640  0.00000000

     Dynamical  Matrix in cartesian axes

     q = (    0.333333333   0.333333333   0.000000000 ) 

    1    1
  0.25623271  0.00000000    0.00732386  0.00000000    0.00000000  0.00467737
  0.00732386  0.00000000    0.25623271  0.00000000    0.00000000  0.00467737
  0.00000000 -0.00467737    0.00000000 -0.00467737    0.25777640  0.00000000
    1    2
 -0.09158873  0.15863634    0.01989942 -0.03446680   -0.05742776 -0.03315593
  0.01989942 -0.03446680   -0.09158873  0.15863634   -0.05742776 -0.03315593
 -0.05742776 -0.03315593   -0.05742776 -0.03315593   -0.09646589  0.16708382
    2    1
 -0.09158873 -0.15863634    0.01989942  0.03446680   -0.05742776  0.03315593
  0.01989942  0.03446680   -0.09158873 -0.15863634   -0.05742776  0.03315593
 -0.05742776  0.03315593   -0.05742776  0.03315593   -0.09646589 -0.16708382
    2    2
  0.25623271  0.00000000    0.00732386  0.00000000    0.00000000 -0.00467737
  0.00732386  0.00000000    0.25623271  0.00000000    0.00000000 -0.00467737
  0.00000000  0.00467737    0.00000000  0.00467737    0.25777640  0.00000000

     Dynamical  Matrix in cartesian axes

     q = (   -0.333333333  -0.333333333   0.000000000 ) 

    1    1
  0.25623271  0.00000000    0.00732386  0.00000000    0.00000000 -0.00467737
  0.00732386  0.00000000    0.25623271  0.00000000    0.00000000 -0.00467737
  0.00000000  0.00467737    0.00000000  0.00467737    0.25777640  0.00000000
    1    2
 -0.09158873 -0.15863634    0.01989942  0.03446680   -0.05742776  0.03315593
  0.01989942  0.03446680   -0.09158873 -0.15863634   -0.05742776  0.03315593
 -0.05742776  0.03315593   -0.05742776  0.03315593   -0.09646589 -0.16708382
    2    1
 -0.09158873  0.15863634    0.01989942 -0.03446680   -0.05742776 -0.03315593
  0.01989942 -0.03446680   -0.09158873  0.15863634   -0.05742776 -0.03315593
 -0.05742776 -0.03315593   -0.05742776 -0.03315593   -0.09646589  0.16708382
    2    2
  0.25623271  0.00000000    0.00732386  0.00000000    0.00000000  0.00467737
  0.00732386  0.00000000    0.25623271  0.00000000    0.00000000  0.00467737
  0.00000000 -0.00467737    0.00000000 -0.00467737    0.25777640  0.00000000

     Dynamical  Matrix in cartesian axes

     q = (    0.000000000  -0.333333333   0.333333333 ) 

    1    1
  0.25777640  0.00000000    0.00000000 -0.00467737    0.00000000  0.00467737
  0.00000000  0.00467737    0.25623271  0.00000000   -0.00732386  0.00000000
  0.00000000 -0.00467737   -0.00732386  0.00000000    0.25623271  0.00000000
    1    2
 -0.19293178  0.00000000   -0.00000000 -0.06631187    0.00000000  0.06631187
 -0.00000000 -0.06631187   -0.18317746  0.00000000   -0.03979884 -0.00000000
 -0.00000000  0.06631187   -0.03979884 -0.00000000   -0.18317746  0.00000000
    2    1
 -0.19293178  0.00000000    0.00000000  0.06631187    0.00000000 -0.06631187
  0.00000000  0.06631187   -0.18317746  0.00000000   -0.03979884  0.00000000
 -0.00000000 -0.06631187   -0.03979884  0.00000000   -0.18317746  0.00000000
    2    2
  0.25777640  0.00000000    0.00000000  0.00467737    0.00000000 -0.00467737
  0.00000000 -0.00467737    0.25623271  0.00000000   -0.00732386  0.00000000
  0.00000000  0.00467737   -0.00732386  0.00000000    0.25623271  0.00000000

     Diagonalizing the dynamical matrix

     q = (    0.333333333   0.000000000   0.333333333 ) 

 **************************************************************************
     freq (    1) =       3.311217 [THz] =     110.450320 [cm-1]
 ( -0.250000  0.433013  0.000000  0.000000  0.250000 -0.433013 ) 
 ( -0.500000  0.000000 -0.000000  0.000000  0.500000  0.000000 ) 
     freq (    2) =       4.308983 [THz] =     143.732190 [cm-1]
 ( -0.058368  0.101097  0.595448  0.343782 -0.058368  0.101097 ) 
 (  0.116737 -0.000000  0.000000  0.687565  0.116737  0.000000 ) 
     freq (    3) =       6.239274 [THz] =     208.119792 [cm-1]
 (  0.240745 -0.416983  0.165078  0.095308  0.240745 -0.416983 ) 
 (  0.481490  0.000000  0.000000 -0.190616  0.481490  0.000000 ) 
     freq (    4) =      13.449867 [THz] =     448.639272 [cm-1]
 (  0.243091 -0.421046  0.142973  0.082545  0.243091 -0.421046 ) 
 ( -0.486182 -0.000000 -0.000000  0.165091 -0.486182  0.000000 ) 
     freq (    5) =      14.124829 [THz] =     471.153577 [cm-1]
 (  0.250000 -0.433013 -0.000000 -0.000000 -0.250000  0.433013 ) 
 ( -0.500000 -0.000000  0.000000  0.000000  0.500000  0.000000 ) 
     freq (    6) =      14.228119 [THz] =     474.598974 [cm-1]
 (  0.067393 -0.116728 -0.589703 -0.340465  0.067393 -0.116728 ) 
 (  0.134786  0.000000 -0.000000  0.680930  0.134786  0.000000 ) 
 **************************************************************************
