Dynamical matrix file
                                                                           
  1    2  2 10.3400000  0.0000000  0.0000000  0.0000000  0.0000000  0.0000000
           1  'Si  '    25598.8229845270     
    1    1      0.0000000000      0.0000000000      0.0000000000
    2    1      0.2500000000      0.2500000000      0.2500000000

     Dynamical  Matrix in cartesian axes

     q = (    0.500000000  -0.166666667   0.833333333 ) 

    1    1
  0.23906240  0.00000000   -0.00505395  0.00094626    0.00505395  0.00094626
 -0.00505395 -0.00094626    0.26793170  0.00000000   -0.00364306 -0.01461037
  0.00505395 -0.00094626   -0.00364306  0.01461037    0.26793170  0.00000000
    1    2
 -0.02925560  0.05067219   -0.10660032  0.03924685   -0.01931139 -0.11194202
 -0.10660032  0.03924685   -0.02920853  0.05917536   -0.02207233  0.03823040
 -0.01931139 -0.11194202   -0.02207233  0.03823040   -0.03664310  0.05488301
    2    1
 -0.02925560 -0.05067219   -0.10660032 -0.03924685   -0.01931139  0.11194202
 -0.10660032 -0.03924685   -0.02920853 -0.05917536   -0.02207233 -0.03823040
 -0.01931139  0.11194202   -0.02207233 -0.03823040   -0.03664310 -0.05488301
    2    2
  0.23906240  0.00000000   -0.00505395 -0.00094626    0.00505395 -0.00094626
 -0.00505395  0.00094626    0.26793170  0.00000000   -0.00364306  0.01461037
  0.00505395  0.00094626   -0.00364306 -0.01461037    0.26793170  0.00000000

     Dynamical  Matrix in cartesian axes

     q = (    0.833333333   0.166666667   0.500000000 ) 

    1    1
  0.26793170  0.00000000    0.00364306  0.01461037    0.00505395  0.00094626
  0.00364306 -0.01461037    0.26793170  0.00000000    0.00505395 -0.00094626
  0.00505395 -0.00094626    0.00505395  0.00094626    0.23906240  0.00000000
    1    2
  0.06585163 -0.00429235   -0.04414466  0.00000000   -0.08728893 -0.07269516
 -0.04414466  0.00000000    0.06585163  0.00429235   -0.08728893  0.07269516
 -0.08728893 -0.07269516   -0.08728893  0.07269516    0.05851121 -0.00000000
    2    1
  0.06585163  0.00429235   -0.04414466 -0.00000000   -0.08728893  0.07269516
 -0.04414466 -0.00000000    0.06585163 -0.00429235   -0.08728893 -0.07269516
 -0.08728893  0.07269516   -0.08728893 -0.07269516    0.05851121  0.00000000
    2    2
  0.26793170  0.00000000    0.00364306 -0.01461037    0.00505395 -0.00094626
  0.00364306  0.01461037    0.26793170  0.00000000    0.00505395  0.00094626
  0.00505395  0.00094626    0.00505395 -0.00094626    0.23906240  0.00000000

     Dynamical  Matrix in cartesian axes

     q = (    0.500000000   0.166666667   0.833333333 ) 

    1    1
  0.23906240  0.00000000    0.00505395  0.00094626    0.00505395 -0.00094626
  0.00505395 -0.00094626    0.26793170  0.00000000    0.00364306 -0.01461037
  0.00505395  0.00094626    0.00364306  0.01461037    0.26793170  0.00000000
    1    2
  0.05851121  0.00000000   -0.08728893  0.07269516   -0.08728893 -0.07269516
 -0.08728893  0.07269516    0.06585163  0.00429235   -0.04414466 -0.00000000
 -0.08728893 -0.07269516   -0.04414466 -0.00000000    0.06585163 -0.00429235
    2    1
  0.05851121 -0.00000000   -0.08728893 -0.07269516   -0.08728893  0.07269516
 -0.08728893 -0.07269516    0.06585163 -0.00429235   -0.04414466  0.00000000
 -0.08728893  0.07269516   -0.04414466  0.00000000    0.06585163  0.00429235
    2    2
  0.23906240 -0.00000000    0.00505395 -0.00094626    0.00505395  0.00094626
  0.00505395  0.00094626    0.26793170 -0.00000000    0.00364306  0.01461037
  0.00505395 -0.00094626    0.00364306 -0.01461037    0.26793170 -0.00000000

     Dynamical  Matrix in cartesian axes

     q = (   -0.833333333  -0.166666667   0.500000000 ) 

    1    1
  0.26793170  0.00000000    0.00364306  0.01461037   -0.00505395 -0.00094626
  0.00364306 -0.01461037    0.26793170  0.00000000   -0.00505395  0.00094626
 -0.00505395  0.00094626   -0.00505395 -0.00094626    0.23906240  0.00000000
    1    2
 -0.06585163  0.00429235    0.04414466 -0.00000000   -0.08728893 -0.07269516
  0.04414466  0.00000000   -0.06585163 -0.00429235   -0.08728893  0.07269516
 -0.08728893 -0.07269516   -0.08728893  0.07269516   -0.05851121 -0.00000000
    2    1
 -0.06585163 -0.00429235    0.04414466  0.00000000   -0.08728893  0.07269516
  0.04414466 -0.00000000   -0.06585163  0.00429235   -0.08728893 -0.07269516
 -0.08728893  0.07269516   -0.08728893 -0.07269516   -0.05851121  0.00000000
    2    2
  0.26793170  0.00000000    0.00364306 -0.01461037   -0.00505395  0.00094626
  0.00364306  0.01461037    0.26793170  0.00000000   -0.00505395 -0.00094626
 -0.00505395 -0.00094626   -0.00505395  0.00094626    0.23906240  0.00000000

     Dynamical  Matrix in cartesian axes

     q = (   -0.833333333  -0.166666667  -0.500000000 ) 

    1    1
  0.26793170  0.00000000    0.00364306 -0.01461037    0.00505395 -0.00094626
  0.00364306  0.01461037    0.26793170  0.00000000    0.00505395  0.00094626
  0.00505395  0.00094626    0.00505395 -0.00094626    0.23906240  0.00000000
    1    2
  0.06585163  0.00429235   -0.04414466 -0.00000000   -0.08728893  0.07269516
 -0.04414466 -0.00000000    0.06585163 -0.00429235   -0.08728893 -0.07269516
 -0.08728893  0.07269516   -0.08728893 -0.07269516    0.05851121  0.00000000
    2    1
  0.06585163 -0.00429235   -0.04414466  0.00000000   -0.08728893 -0.07269516
 -0.04414466  0.00000000    0.06585163  0.00429235   -0.08728893  0.07269516
 -0.08728893 -0.07269516   -0.08728893  0.07269516    0.05851121 -0.00000000
    2    2
  0.26793170  0.00000000    0.00364306  0.01461037    0.00505395  0.00094626
  0.00364306 -0.01461037    0.26793170  0.00000000    0.00505395 -0.00094626
  0.00505395 -0.00094626    0.00505395  0.00094626    0.23906240  0.00000000

     Dynamical  Matrix in cartesian axes

     q = (   -0.500000000  -0.166666667  -0.833333333 ) 

    1    1
  0.23906240 -0.00000000    0.00505395 -0.00094626    0.00505395  0.00094626
  0.00505395  0.00094626    0.26793170 -0.00000000    0.00364306  0.01461037
  0.00505395 -0.00094626    0.00364306 -0.01461037    0.26793170 -0.00000000
    1    2
  0.05851121 -0.00000000   -0.08728893 -0.07269516   -0.08728893  0.07269516
 -0.08728893 -0.07269516    0.06585163 -0.00429235   -0.04414466  0.00000000
 -0.08728893  0.07269516   -0.04414466  0.00000000    0.06585163  0.00429235
    2    1
  0.05851121  0.00000000   -0.08728893  0.07269516   -0.08728893 -0.07269516
 -0.08728893  0.07269516    0.06585163  0.00429235   -0.04414466 -0.00000000
 -0.08728893 -0.07269516   -0.04414466 -0.00000000    0.06585163 -0.00429235
    2    2
  0.23906240  0.00000000    0.00505395  0.00094626    0.00505395 -0.00094626
  0.00505395 -0.00094626    0.26793170  0.00000000    0.00364306 -0.01461037
  0.00505395  0.00094626    0.00364306  0.01461037    0.26793170  0.00000000

     Dynamical  Matrix in cartesian axes

     q = (    0.833333333  -0.166666667   0.500000000 ) 

    1    1
  0.26793170  0.00000000   -0.00364306  0.01461037    0.00505395 -0.00094626
 -0.00364306 -0.01461037    0.26793170  0.00000000   -0.00505395 -0.00094626
  0.00505395  0.00094626   -0.00505395  0.00094626    0.23906240  0.00000000
    1    2
 -0.03664310  0.05488301   -0.02207233  0.03823040   -0.01931139 -0.11194202
 -0.02207233  0.03823040   -0.02920853  0.05917536   -0.10660032  0.03924685
 -0.01931139 -0.11194202   -0.10660032  0.03924685   -0.02925560  0.05067219
    2    1
 -0.03664310 -0.05488301   -0.02207233 -0.03823040   -0.01931139  0.11194202
 -0.02207233 -0.03823040   -0.02920853 -0.05917536   -0.10660032 -0.03924685
 -0.01931139  0.11194202   -0.10660032 -0.03924685   -0.02925560 -0.05067219
    2    2
  0.26793170  0.00000000   -0.00364306 -0.01461037    0.00505395  0.00094626
 -0.00364306  0.01461037    0.26793170  0.00000000   -0.00505395  0.00094626
  0.00505395 -0.00094626   -0.00505395 -0.00094626    0.23906240  0.00000000

     Dynamical  Matrix in cartesian axes

     q = (   -0.500000000  -0.166666667   0.833333333 ) 

    1    1
  0.23906240  0.00000000    0.00505395  0.00094626   -0.00505395  0.00094626
  0.00505395 -0.00094626    0.26793170  0.00000000   -0.00364306  0.01461037
 -0.00505395 -0.00094626   -0.00364306 -0.01461037    0.26793170  0.00000000
    1    2
 -0.02925560  0.05067219   -0.01931139 -0.11194202   -0.10660032  0.03924685
 -0.01931139 -0.11194202   -0.03664310  0.05488301   -0.02207233  0.03823040
 -0.10660032  0.03924685   -0.02207233  0.03823040   -0.02920853  0.05917536
    2    1
 -0.02925560 -0.05067219   -0.01931139  0.11194202   -0.10660032 -0.03924685
 -0.01931139  0.11194202   -0.03664310 -0.05488301   -0.02207233 -0.03823040
 -0.10660032 -0.03924685   -0.02207233 -0.03823040   -0.02920853 -0.05917536
    2    2
  0.23906240 -0.00000000    0.00505395 -0.00094626   -0.00505395 -0.00094626
  0.00505395  0.00094626    0.26793170 -0.00000000   -0.00364306 -0.01461037
 -0.00505395  0.00094626   -0.00364306  0.01461037    0.26793170 -0.00000000

     Dynamical  Matrix in cartesian axes

     q = (   -0.833333333   0.166666667   0.500000000 ) 

    1    1
  0.26793170  0.00000000   -0.00364306  0.01461037   -0.00505395  0.00094626
 -0.00364306 -0.01461037    0.26793170  0.00000000    0.00505395  0.00094626
 -0.00505395 -0.00094626    0.00505395 -0.00094626    0.23906240  0.00000000
    1    2
 -0.02920853 -0.05917536   -0.02207233 -0.03823040   -0.10660032 -0.03924685
 -0.02207233 -0.03823040   -0.03664310 -0.05488301   -0.01931139  0.11194202
 -0.10660032 -0.03924685   -0.01931139  0.11194202   -0.02925560 -0.05067219
    2    1
 -0.02920853  0.05917536   -0.02207233  0.03823040   -0.10660032  0.03924685
 -0.02207233  0.03823040   -0.03664310  0.05488301   -0.01931139 -0.11194202
 -0.10660032  0.03924685   -0.01931139 -0.11194202   -0.02925560  0.05067219
    2    2
  0.26793170  0.00000000   -0.00364306 -0.01461037   -0.00505395 -0.00094626
 -0.00364306  0.01461037    0.26793170  0.00000000    0.00505395 -0.00094626
 -0.00505395  0.00094626    0.00505395  0.00094626    0.23906240  0.00000000

     Dynamical  Matrix in cartesian axes

     q = (    0.833333333   0.166666667  -0.500000000 ) 

    1    1
  0.26793170  0.00000000    0.00364306 -0.01461037   -0.00505395  0.00094626
  0.00364306  0.01461037    0.26793170  0.00000000   -0.00505395 -0.00094626
 -0.00505395 -0.00094626   -0.00505395  0.00094626    0.23906240  0.00000000
    1    2
 -0.06585163 -0.00429235    0.04414466  0.00000000   -0.08728893  0.07269516
  0.04414466 -0.00000000   -0.06585163  0.00429235   -0.08728893 -0.07269516
 -0.08728893  0.07269516   -0.08728893 -0.07269516   -0.05851121  0.00000000
    2    1
 -0.06585163  0.00429235    0.04414466 -0.00000000   -0.08728893 -0.07269516
  0.04414466  0.00000000   -0.06585163 -0.00429235   -0.08728893  0.07269516
 -0.08728893 -0.07269516   -0.08728893  0.07269516   -0.05851121 -0.00000000
    2    2
  0.26793170  0.00000000    0.00364306  0.01461037   -0.00505395 -0.00094626
  0.00364306 -0.01461037    0.26793170  0.00000000   -0.00505395  0.00094626
 -0.00505395  0.00094626   -0.00505395 -0.00094626    0.23906240  0.00000000

     Dynamical  Matrix in cartesian axes

     q = (    0.833333333  -0.166666667  -0.500000000 ) 

    1    1
  0.26793170  0.00000000   -0.00364306 -0.01461037   -0.00505395 -0.00094626
 -0.00364306  0.01461037    0.26793170  0.00000000    0.00505395 -0.00094626
 -0.00505395  0.00094626    0.00505395  0.00094626    0.23906240  0.00000000
    1    2
 -0.02920853  0.05917536   -0.02207233  0.03823040   -0.10660032  0.03924685
 -0.02207233  0.03823040   -0.03664310  0.05488301   -0.01931139 -0.11194202
 -0.10660032  0.03924685   -0.01931139 -0.11194202   -0.02925560  0.05067219
    2    1
 -0.02920853 -0.05917536   -0.02207233 -0.03823040   -0.10660032 -0.03924685
 -0.02207233 -0.03823040   -0.03664310 -0.05488301   -0.01931139  0.11194202
 -0.10660032 -0.03924685   -0.01931139  0.11194202   -0.02925560 -0.05067219
    2    2
  0.26793170  0.00000000   -0.00364306  0.01461037   -0.00505395  0.00094626
 -0.00364306 -0.01461037    0.26793170  0.00000000    0.00505395  0.00094626
 -0.00505395 -0.00094626    0.00505395 -0.00094626    0.23906240  0.00000000

     Dynamical  Matrix in cartesian axes

     q = (    0.500000000   0.166666667  -0.833333333 ) 

    1    1
  0.23906240 -0.00000000    0.00505395 -0.00094626   -0.00505395 -0.00094626
  0.00505395  0.00094626    0.26793170 -0.00000000   -0.00364306 -0.01461037
 -0.00505395  0.00094626   -0.00364306  0.01461037    0.26793170 -0.00000000
    1    2
 -0.02925560 -0.05067219   -0.01931139  0.11194202   -0.10660032 -0.03924685
 -0.01931139  0.11194202   -0.03664310 -0.05488301   -0.02207233 -0.03823040
 -0.10660032 -0.03924685   -0.02207233 -0.03823040   -0.02920853 -0.05917536
    2    1
 -0.02925560  0.05067219   -0.01931139 -0.11194202   -0.10660032  0.03924685
 -0.01931139 -0.11194202   -0.03664310  0.05488301   -0.02207233  0.03823040
 -0.10660032  0.03924685   -0.02207233  0.03823040   -0.02920853  0.05917536
    2    2
  0.23906240  0.00000000    0.00505395  0.00094626   -0.00505395  0.00094626
  0.00505395 -0.00094626    0.26793170  0.00000000   -0.00364306  0.01461037
 -0.00505395 -0.00094626   -0.00364306 -0.01461037    0.26793170  0.00000000

     Dynamical  Matrix in cartesian axes

     q = (   -0.500000000   0.166666667   0.833333333 ) 

    1    1
  0.23906240  0.00000000   -0.00505395  0.00094626   -0.00505395 -0.00094626
 -0.00505395 -0.00094626    0.26793170  0.00000000    0.00364306  0.01461037
 -0.00505395  0.00094626    0.00364306 -0.01461037    0.26793170  0.00000000
    1    2
 -0.05851121 -0.00000000   -0.08728893 -0.07269516   -0.08728893  0.07269516
 -0.08728893 -0.07269516   -0.06585163  0.00429235    0.04414466  0.00000000
 -0.08728893  0.07269516    0.04414466  0.00000000   -0.06585163 -0.00429235
    2    1
 -0.05851121  0.00000000   -0.08728893  0.07269516   -0.08728893 -0.07269516
 -0.08728893  0.07269516   -0.06585163 -0.00429235    0.04414466 -0.00000000
 -0.08728893 -0.07269516    0.04414466 -0.00000000   -0.06585163  0.00429235
    2    2
  0.23906240  0.00000000   -0.00505395 -0.00094626   -0.00505395  0.00094626
 -0.00505395  0.00094626    0.26793170  0.00000000    0.00364306 -0.01461037
 -0.00505395 -0.00094626    0.00364306  0.01461037    0.26793170  0.00000000

     Dynamical  Matrix in cartesian axes

     q = (   -0.500000000   0.166666667  -0.833333333 ) 

    1    1
  0.23906240  0.00000000   -0.00505395 -0.00094626    0.00505395 -0.00094626
 -0.00505395  0.00094626    0.26793170  0.00000000   -0.00364306  0.01461037
  0.00505395  0.00094626   -0.00364306 -0.01461037    0.26793170  0.00000000
    1    2
 -0.02925560 -0.05067219   -0.10660032 -0.03924685   -0.01931139  0.11194202
 -0.10660032 -0.03924685   -0.02920853 -0.05917536   -0.02207233 -0.03823040
 -0.01931139  0.11194202   -0.02207233 -0.03823040   -0.03664310 -0.05488301
    2    1
 -0.02925560  0.05067219   -0.10660032  0.03924685   -0.01931139 -0.11194202
 -0.10660032  0.03924685   -0.02920853  0.05917536   -0.02207233  0.03823040
 -0.01931139 -0.11194202   -0.02207233  0.03823040   -0.03664310  0.05488301
    2    2
  0.23906240  0.00000000   -0.00505395  0.00094626    0.00505395  0.00094626
 -0.00505395 -0.00094626    0.26793170  0.00000000   -0.00364306 -0.01461037
  0.00505395 -0.00094626   -0.00364306  0.01461037    0.26793170  0.00000000

     Dynamical  Matrix in cartesian axes

     q = (   -0.833333333   0.166666667  -0.500000000 ) 

    1    1
  0.26793170  0.00000000   -0.00364306 -0.01461037    0.00505395  0.00094626
 -0.00364306  0.01461037    0.26793170  0.00000000   -0.00505395  0.00094626
  0.00505395 -0.00094626   -0.00505395 -0.00094626    0.23906240  0.00000000
    1    2
 -0.03664310 -0.05488301   -0.02207233 -0.03823040   -0.01931139  0.11194202
 -0.02207233 -0.03823040   -0.02920853 -0.05917536   -0.10660032 -0.03924685
 -0.01931139  0.11194202   -0.10660032 -0.03924685   -0.02925560 -0.05067219
    2    1
 -0.03664310  0.05488301   -0.02207233  0.03823040   -0.01931139 -0.11194202
 -0.02207233  0.03823040   -0.02920853  0.05917536   -0.10660032  0.03924685
 -0.01931139 -0.11194202   -0.10660032  0.03924685   -0.02925560  0.05067219
    2    2
  0.26793170  0.00000000   -0.00364306  0.01461037    0.00505395 -0.00094626
 -0.00364306 -0.01461037    0.26793170  0.00000000   -0.00505395 -0.00094626
  0.00505395  0.00094626   -0.00505395  0.00094626    0.23906240  0.00000000

     Dynamical  Matrix in cartesian axes

     q = (    0.833333333  -0.500000000   0.166666667 ) 

    1    1
  0.26793170  0.00000000   -0.00505395  0.00094626    0.00364306 -0.01461037
 -0.00505395 -0.00094626    0.23906240  0.00000000   -0.00505395  0.00094626
  0.00364306  0.01461037   -0.00505395 -0.00094626    0.26793170  0.00000000
    1    2
 -0.06585163 -0.00429235   -0.08728893  0.07269516    0.04414466  0.00000000
 -0.08728893  0.07269516   -0.05851121  0.00000000   -0.08728893 -0.07269516
  0.04414466 -0.00000000   -0.08728893 -0.07269516   -0.06585163  0.00429235
    2    1
 -0.06585163  0.00429235   -0.08728893 -0.07269516    0.04414466  0.00000000
 -0.08728893 -0.07269516   -0.05851121 -0.00000000   -0.08728893  0.07269516
  0.04414466  0.00000000   -0.08728893  0.07269516   -0.06585163 -0.00429235
    2    2
  0.26793170  0.00000000   -0.00505395 -0.00094626    0.00364306  0.01461037
 -0.00505395  0.00094626    0.23906240  0.00000000   -0.00505395 -0.00094626
  0.00364306 -0.01461037   -0.00505395  0.00094626    0.26793170  0.00000000

     Dynamical  Matrix in cartesian axes

     q = (    0.833333333   0.500000000  -0.166666667 ) 

    1    1
  0.26793170  0.00000000    0.00505395 -0.00094626   -0.00364306  0.01461037
  0.00505395  0.00094626    0.23906240  0.00000000   -0.00505395  0.00094626
 -0.00364306 -0.01461037   -0.00505395 -0.00094626    0.26793170  0.00000000
    1    2
 -0.03664310  0.05488301   -0.01931139 -0.11194202   -0.02207233  0.03823040
 -0.01931139 -0.11194202   -0.02925560  0.05067219   -0.10660032  0.03924685
 -0.02207233  0.03823040   -0.10660032  0.03924685   -0.02920853  0.05917536
    2    1
 -0.03664310 -0.05488301   -0.01931139  0.11194202   -0.02207233 -0.03823040
 -0.01931139  0.11194202   -0.02925560 -0.05067219   -0.10660032 -0.03924685
 -0.02207233 -0.03823040   -0.10660032 -0.03924685   -0.02920853 -0.05917536
    2    2
  0.26793170 -0.00000000    0.00505395  0.00094626   -0.00364306 -0.01461037
  0.00505395 -0.00094626    0.23906240 -0.00000000   -0.00505395 -0.00094626
 -0.00364306  0.01461037   -0.00505395  0.00094626    0.26793170 -0.00000000

     Dynamical  Matrix in cartesian axes

     q = (   -0.833333333  -0.500000000  -0.166666667 ) 

    1    1
  0.26793170  0.00000000    0.00505395 -0.00094626    0.00364306 -0.01461037
  0.00505395  0.00094626    0.23906240  0.00000000    0.00505395 -0.00094626
  0.00364306  0.01461037    0.00505395  0.00094626    0.26793170  0.00000000
    1    2
  0.06585163  0.00429235   -0.08728893  0.07269516   -0.04414466 -0.00000000
 -0.08728893  0.07269516    0.05851121 -0.00000000   -0.08728893 -0.07269516
 -0.04414466  0.00000000   -0.08728893 -0.07269516    0.06585163 -0.00429235
    2    1
  0.06585163 -0.00429235   -0.08728893 -0.07269516   -0.04414466  0.00000000
 -0.08728893 -0.07269516    0.05851121  0.00000000   -0.08728893  0.07269516
 -0.04414466 -0.00000000   -0.08728893  0.07269516    0.06585163  0.00429235
    2    2
  0.26793170 -0.00000000    0.00505395  0.00094626    0.00364306  0.01461037
  0.00505395 -0.00094626    0.23906240 -0.00000000    0.00505395  0.00094626
  0.00364306 -0.01461037    0.00505395 -0.00094626    0.26793170 -0.00000000

     Dynamical  Matrix in cartesian axes

     q = (   -0.833333333   0.500000000   0.166666667 ) 

    1    1
  0.26793170  0.00000000   -0.00505395  0.00094626   -0.00364306  0.01461037
 -0.00505395 -0.00094626    0.23906240  0.00000000    0.00505395 -0.00094626
 -0.00364306 -0.01461037    0.00505395  0.00094626    0.26793170  0.00000000
    1    2
 -0.02920853 -0.05917536   -0.10660032 -0.03924685   -0.02207233 -0.03823040
 -0.10660032 -0.03924685   -0.02925560 -0.05067219   -0.01931139  0.11194202
 -0.02207233 -0.03823040   -0.01931139  0.11194202   -0.03664310 -0.05488301
    2    1
 -0.02920853  0.05917536   -0.10660032  0.03924685   -0.02207233  0.03823040
 -0.10660032  0.03924685   -0.02925560  0.05067219   -0.01931139 -0.11194202
 -0.02207233  0.03823040   -0.01931139 -0.11194202   -0.03664310  0.05488301
    2    2
  0.26793170  0.00000000   -0.00505395 -0.00094626   -0.00364306 -0.01461037
 -0.00505395  0.00094626    0.23906240  0.00000000    0.00505395  0.00094626
 -0.00364306  0.01461037    0.00505395 -0.00094626    0.26793170  0.00000000

     Dynamical  Matrix in cartesian axes

     q = (    0.166666667  -0.500000000   0.833333333 ) 

    1    1
  0.26793170  0.00000000   -0.00505395 -0.00094626    0.00364306  0.01461037
 -0.00505395  0.00094626    0.23906240  0.00000000   -0.00505395 -0.00094626
  0.00364306 -0.01461037   -0.00505395  0.00094626    0.26793170  0.00000000
    1    2
 -0.06585163  0.00429235   -0.08728893 -0.07269516    0.04414466 -0.00000000
 -0.08728893 -0.07269516   -0.05851121 -0.00000000   -0.08728893  0.07269516
  0.04414466  0.00000000   -0.08728893  0.07269516   -0.06585163 -0.00429235
    2    1
 -0.06585163 -0.00429235   -0.08728893  0.07269516    0.04414466  0.00000000
 -0.08728893  0.07269516   -0.05851121  0.00000000   -0.08728893 -0.07269516
  0.04414466 -0.00000000   -0.08728893 -0.07269516   -0.06585163  0.00429235
    2    2
  0.26793170  0.00000000   -0.00505395  0.00094626    0.00364306 -0.01461037
 -0.00505395 -0.00094626    0.23906240  0.00000000   -0.00505395  0.00094626
  0.00364306  0.01461037   -0.00505395 -0.00094626    0.26793170  0.00000000

     Dynamical  Matrix in cartesian axes

     q = (   -0.166666667   0.500000000   0.833333333 ) 

    1    1
  0.26793170  0.00000000   -0.00505395 -0.00094626   -0.00364306 -0.01461037
 -0.00505395  0.00094626    0.23906240  0.00000000    0.00505395  0.00094626
 -0.00364306  0.01461037    0.00505395 -0.00094626    0.26793170  0.00000000
    1    2
 -0.02920853  0.05917536   -0.10660032  0.03924685   -0.02207233  0.03823040
 -0.10660032  0.03924685   -0.02925560  0.05067219   -0.01931139 -0.11194202
 -0.02207233  0.03823040   -0.01931139 -0.11194202   -0.03664310  0.05488301
    2    1
 -0.02920853 -0.05917536   -0.10660032 -0.03924685   -0.02207233 -0.03823040
 -0.10660032 -0.03924685   -0.02925560 -0.05067219   -0.01931139  0.11194202
 -0.02207233 -0.03823040   -0.01931139  0.11194202   -0.03664310 -0.05488301
    2    2
  0.26793170  0.00000000   -0.00505395  0.00094626   -0.00364306  0.01461037
 -0.00505395 -0.00094626    0.23906240  0.00000000    0.00505395 -0.00094626
 -0.00364306 -0.01461037    0.00505395  0.00094626    0.26793170  0.00000000

     Dynamical  Matrix in cartesian axes

     q = (    0.166666667   0.500000000  -0.833333333 ) 

    1    1
  0.26793170 -0.00000000    0.00505395  0.00094626   -0.00364306 -0.01461037
  0.00505395 -0.00094626    0.23906240 -0.00000000   -0.00505395 -0.00094626
 -0.00364306  0.01461037   -0.00505395  0.00094626    0.26793170 -0.00000000
    1    2
 -0.03664310 -0.05488301   -0.01931139  0.11194202   -0.02207233 -0.03823040
 -0.01931139  0.11194202   -0.02925560 -0.05067219   -0.10660032 -0.03924685
 -0.02207233 -0.03823040   -0.10660032 -0.03924685   -0.02920853 -0.05917536
    2    1
 -0.03664310  0.05488301   -0.01931139 -0.11194202   -0.02207233  0.03823040
 -0.01931139 -0.11194202   -0.02925560  0.05067219   -0.10660032  0.03924685
 -0.02207233  0.03823040   -0.10660032  0.03924685   -0.02920853  0.05917536
    2    2
  0.26793170  0.00000000    0.00505395 -0.00094626   -0.00364306  0.01461037
  0.00505395  0.00094626    0.23906240  0.00000000   -0.00505395  0.00094626
 -0.00364306 -0.01461037   -0.00505395 -0.00094626    0.26793170  0.00000000

     Dynamical  Matrix in cartesian axes

     q = (   -0.166666667  -0.500000000  -0.833333333 ) 

    1    1
  0.26793170 -0.00000000    0.00505395  0.00094626    0.00364306  0.01461037
  0.00505395 -0.00094626    0.23906240 -0.00000000    0.00505395  0.00094626
  0.00364306 -0.01461037    0.00505395 -0.00094626    0.26793170 -0.00000000
    1    2
  0.06585163 -0.00429235   -0.08728893 -0.07269516   -0.04414466 -0.00000000
 -0.08728893 -0.07269516    0.05851121  0.00000000   -0.08728893  0.07269516
 -0.04414466 -0.00000000   -0.08728893  0.07269516    0.06585163  0.00429235
    2    1
  0.06585163  0.00429235   -0.08728893  0.07269516   -0.04414466  0.00000000
 -0.08728893  0.07269516    0.05851121 -0.00000000   -0.08728893 -0.07269516
 -0.04414466  0.00000000   -0.08728893 -0.07269516    0.06585163 -0.00429235
    2    2
  0.26793170  0.00000000    0.00505395 -0.00094626    0.00364306 -0.01461037
  0.00505395  0.00094626    0.23906240  0.00000000    0.00505395 -0.00094626
  0.00364306  0.01461037    0.00505395  0.00094626    0.26793170  0.00000000

     Dynamical  Matrix in cartesian axes

     q = (   -0.500000000   0.833333333   0.166666667 ) 

    1    1
  0.23906240  0.00000000   -0.00505395 -0.00094626   -0.00505395  0.00094626
 -0.00505395  0.00094626    0.26793170  0.00000000    0.00364306 -0.01461037
 -0.00505395 -0.00094626    0.00364306  0.01461037    0.26793170  0.00000000
    1    2
 -0.05851121 -0.00000000   -0.08728893  0.07269516   -0.08728893 -0.07269516
 -0.08728893  0.07269516   -0.06585163 -0.00429235    0.04414466  0.00000000
 -0.08728893 -0.07269516    0.04414466  0.00000000   -0.06585163  0.00429235
    2    1
 -0.05851121  0.00000000   -0.08728893 -0.07269516   -0.08728893  0.07269516
 -0.08728893 -0.07269516   -0.06585163  0.00429235    0.04414466 -0.00000000
 -0.08728893  0.07269516    0.04414466  0.00000000   -0.06585163 -0.00429235
    2    2
  0.23906240  0.00000000   -0.00505395  0.00094626   -0.00505395 -0.00094626
 -0.00505395 -0.00094626    0.26793170  0.00000000    0.00364306  0.01461037
 -0.00505395  0.00094626    0.00364306 -0.01461037    0.26793170  0.00000000

     Diagonalizing the dynamical matrix

     q = (    0.500000000  -0.166666667   0.833333333 ) 

 **************************************************************************
     freq (    1) =       5.149197 [THz] =     171.758734 [cm-1]
 ( -0.062362  0.567755 -0.147379  0.255269 -0.088457 -0.281173 ) 
 ( -0.522871  0.229870 -0.199274  0.217192  0.294759  0.000000 ) 
     freq (    2) =       6.147056 [THz] =     205.043707 [cm-1]
 (  0.252558  0.284979  0.210654 -0.364864  0.387538 -0.165273 ) 
 (  0.120520 -0.361211  0.336900  0.252981  0.421308  0.000000 ) 
     freq (    3) =       9.647584 [THz] =     321.808764 [cm-1]
 (  0.269041 -0.122320 -0.227116  0.393377  0.445732  0.087466 ) 
 ( -0.240453 -0.171837  0.147118  0.429748 -0.454233  0.000000 ) 
     freq (    4) =      11.114228 [THz] =     370.730733 [cm-1]
 (  0.213546 -0.085699 -0.236393  0.409445  0.453858  0.132438 ) 
 (  0.180990  0.142087 -0.112234 -0.459272  0.472786  0.000000 ) 
     freq (    5) =      13.571393 [THz] =     452.692954 [cm-1]
 ( -0.046364  0.515273 -0.170420  0.295176 -0.114990 -0.320857 ) 
 (  0.469422 -0.217484  0.220375 -0.260013 -0.340840  0.000000 ) 
     freq (    6) =      13.790746 [THz] =     460.009780 [cm-1]
 ( -0.189656 -0.291290 -0.217710  0.377084 -0.432926  0.046537 ) 
 (  0.157437 -0.309892  0.256765  0.351656  0.435420  0.000000 ) 
 **************************************************************************
