Dynamical matrix file
                                                                           
  1    2  2 10.3520000  0.0000000  0.0000000  0.0000000  0.0000000  0.0000000
           1  'Si  '    25598.8229845270     
    1    1      0.0000000000      0.0000000000      0.0000000000
    2    1      0.2500000000      0.2500000000      0.2500000000

     Dynamical  Matrix in cartesian axes

     q = (    0.500000000  -0.166666667   0.500000000 ) 

    1    1
  0.25651123  0.00000000   -0.00826544  0.00665046    0.01134697  0.00000000
 -0.00826544 -0.00665046    0.27041896  0.00000000   -0.00826544 -0.00665046
  0.01134697  0.00000000   -0.00826544  0.00665046    0.25651123  0.00000000
    1    2
 -0.06624777  0.10438222   -0.08339162  0.00162346    0.04532301 -0.07114637
 -0.08339162  0.00162346   -0.07108518  0.11899146   -0.08339162  0.00162346
  0.04532301 -0.07114637   -0.08339162  0.00162346   -0.06624777  0.10438222
    2    1
 -0.06624777 -0.10438222   -0.08339162 -0.00162346    0.04532301  0.07114637
 -0.08339162 -0.00162346   -0.07108518 -0.11899146   -0.08339162 -0.00162346
  0.04532301  0.07114637   -0.08339162 -0.00162346   -0.06624777 -0.10438222
    2    2
  0.25651123 -0.00000000   -0.00826544 -0.00665046    0.01134697 -0.00000000
 -0.00826544  0.00665046    0.27041896 -0.00000000   -0.00826544  0.00665046
  0.01134697 -0.00000000   -0.00826544 -0.00665046    0.25651123 -0.00000000

     Dynamical  Matrix in cartesian axes

     q = (   -0.500000000  -0.166666667  -0.500000000 ) 

    1    1
  0.25651123 -0.00000000    0.00826544 -0.00665046    0.01134697 -0.00000000
  0.00826544  0.00665046    0.27041896 -0.00000000    0.00826544  0.00665046
  0.01134697 -0.00000000    0.00826544 -0.00665046    0.25651123 -0.00000000
    1    2
  0.06624777 -0.10438222   -0.08339162  0.00162346   -0.04532301  0.07114637
 -0.08339162  0.00162346    0.07108518 -0.11899146   -0.08339162  0.00162346
 -0.04532301  0.07114637   -0.08339162  0.00162346    0.06624777 -0.10438222
    2    1
  0.06624777  0.10438222   -0.08339162 -0.00162346   -0.04532301 -0.07114637
 -0.08339162 -0.00162346    0.07108518  0.11899146   -0.08339162 -0.00162346
 -0.04532301 -0.07114637   -0.08339162 -0.00162346    0.06624777  0.10438222
    2    2
  0.25651123  0.00000000    0.00826544  0.00665046    0.01134697  0.00000000
  0.00826544 -0.00665046    0.27041896  0.00000000    0.00826544 -0.00665046
  0.01134697  0.00000000    0.00826544  0.00665046    0.25651123  0.00000000

     Dynamical  Matrix in cartesian axes

     q = (    0.500000000  -0.166666667  -0.500000000 ) 

    1    1
  0.25651123  0.00000000   -0.00826544 -0.00665046   -0.01134697  0.00000000
 -0.00826544  0.00665046    0.27041896 -0.00000000    0.00826544 -0.00665046
 -0.01134697  0.00000000    0.00826544  0.00665046    0.25651123  0.00000000
    1    2
 -0.12352154  0.00518114   -0.04310176  0.07140753   -0.08427606  0.00367769
 -0.04310176  0.07140753   -0.13859222  0.00206584    0.04310176 -0.07140753
 -0.08427606  0.00367769    0.04310176 -0.07140753   -0.12352154  0.00518114
    2    1
 -0.12352154 -0.00518114   -0.04310176 -0.07140753   -0.08427606 -0.00367769
 -0.04310176 -0.07140753   -0.13859222 -0.00206584    0.04310176  0.07140753
 -0.08427606 -0.00367769    0.04310176  0.07140753   -0.12352154 -0.00518114
    2    2
  0.25651123  0.00000000   -0.00826544  0.00665046   -0.01134697  0.00000000
 -0.00826544 -0.00665046    0.27041896  0.00000000    0.00826544  0.00665046
 -0.01134697  0.00000000    0.00826544 -0.00665046    0.25651123  0.00000000

     Dynamical  Matrix in cartesian axes

     q = (   -0.500000000  -0.166666667   0.500000000 ) 

    1    1
  0.25651123  0.00000000    0.00826544  0.00665046   -0.01134697  0.00000000
  0.00826544 -0.00665046    0.27041896  0.00000000   -0.00826544  0.00665046
 -0.01134697  0.00000000   -0.00826544 -0.00665046    0.25651123  0.00000000
    1    2
 -0.12352154  0.00518114    0.04310176 -0.07140753   -0.08427606  0.00367769
  0.04310176 -0.07140753   -0.13859222  0.00206584   -0.04310176  0.07140753
 -0.08427606  0.00367769   -0.04310176  0.07140753   -0.12352154  0.00518114
    2    1
 -0.12352154 -0.00518114    0.04310176  0.07140753   -0.08427606 -0.00367769
  0.04310176  0.07140753   -0.13859222 -0.00206584   -0.04310176 -0.07140753
 -0.08427606 -0.00367769   -0.04310176 -0.07140753   -0.12352154 -0.00518114
    2    2
  0.25651123  0.00000000    0.00826544 -0.00665046   -0.01134697  0.00000000
  0.00826544  0.00665046    0.27041896 -0.00000000   -0.00826544 -0.00665046
 -0.01134697  0.00000000   -0.00826544  0.00665046    0.25651123  0.00000000

     Dynamical  Matrix in cartesian axes

     q = (   -0.166666667   0.500000000  -0.500000000 ) 

    1    1
  0.27041896 -0.00000000   -0.00826544  0.00665046    0.00826544 -0.00665046
 -0.00826544 -0.00665046    0.25651123 -0.00000000   -0.01134697  0.00000000
  0.00826544  0.00665046   -0.01134697  0.00000000    0.25651123 -0.00000000
    1    2
 -0.13859222  0.00206584   -0.04310176  0.07140753    0.04310176 -0.07140753
 -0.04310176  0.07140753   -0.12352154  0.00518114   -0.08427606  0.00367769
  0.04310176 -0.07140753   -0.08427606  0.00367769   -0.12352154  0.00518114
    2    1
 -0.13859222 -0.00206584   -0.04310176 -0.07140753    0.04310176  0.07140753
 -0.04310176 -0.07140753   -0.12352154 -0.00518114   -0.08427606 -0.00367769
  0.04310176  0.07140753   -0.08427606 -0.00367769   -0.12352154 -0.00518114
    2    2
  0.27041896  0.00000000   -0.00826544 -0.00665046    0.00826544  0.00665046
 -0.00826544  0.00665046    0.25651123  0.00000000   -0.01134697 -0.00000000
  0.00826544 -0.00665046   -0.01134697 -0.00000000    0.25651123  0.00000000

     Dynamical  Matrix in cartesian axes

     q = (   -0.500000000   0.500000000  -0.166666667 ) 

    1    1
  0.25651123 -0.00000000   -0.01134697  0.00000000    0.00826544  0.00665046
 -0.01134697  0.00000000    0.25651123 -0.00000000   -0.00826544 -0.00665046
  0.00826544 -0.00665046   -0.00826544  0.00665046    0.27041896 -0.00000000
    1    2
 -0.12352154  0.00518114   -0.08427606  0.00367769    0.04310176 -0.07140753
 -0.08427606  0.00367769   -0.12352154  0.00518114   -0.04310176  0.07140753
  0.04310176 -0.07140753   -0.04310176  0.07140753   -0.13859222  0.00206584
    2    1
 -0.12352154 -0.00518114   -0.08427606 -0.00367769    0.04310176  0.07140753
 -0.08427606 -0.00367769   -0.12352154 -0.00518114   -0.04310176 -0.07140753
  0.04310176  0.07140753   -0.04310176 -0.07140753   -0.13859222 -0.00206584
    2    2
  0.25651123  0.00000000   -0.01134697 -0.00000000    0.00826544 -0.00665046
 -0.01134697 -0.00000000    0.25651123  0.00000000   -0.00826544  0.00665046
  0.00826544  0.00665046   -0.00826544 -0.00665046    0.27041896  0.00000000

     Dynamical  Matrix in cartesian axes

     q = (    0.500000000   0.166666667   0.500000000 ) 

    1    1
  0.25651123  0.00000000    0.00826544  0.00665046    0.01134697  0.00000000
  0.00826544 -0.00665046    0.27041896  0.00000000    0.00826544 -0.00665046
  0.01134697  0.00000000    0.00826544  0.00665046    0.25651123  0.00000000
    1    2
  0.06624777  0.10438222   -0.08339162 -0.00162346   -0.04532301 -0.07114637
 -0.08339162 -0.00162346    0.07108518  0.11899146   -0.08339162 -0.00162346
 -0.04532301 -0.07114637   -0.08339162 -0.00162346    0.06624777  0.10438222
    2    1
  0.06624777 -0.10438222   -0.08339162  0.00162346   -0.04532301  0.07114637
 -0.08339162  0.00162346    0.07108518 -0.11899146   -0.08339162  0.00162346
 -0.04532301  0.07114637   -0.08339162  0.00162346    0.06624777 -0.10438222
    2    2
  0.25651123 -0.00000000    0.00826544 -0.00665046    0.01134697 -0.00000000
  0.00826544  0.00665046    0.27041896 -0.00000000    0.00826544  0.00665046
  0.01134697 -0.00000000    0.00826544 -0.00665046    0.25651123 -0.00000000

     Dynamical  Matrix in cartesian axes

     q = (   -0.500000000   0.166666667   0.500000000 ) 

    1    1
  0.25651123  0.00000000   -0.00826544  0.00665046   -0.01134697  0.00000000
 -0.00826544 -0.00665046    0.27041896  0.00000000    0.00826544  0.00665046
 -0.01134697  0.00000000    0.00826544 -0.00665046    0.25651123  0.00000000
    1    2
 -0.12352154 -0.00518114   -0.04310176 -0.07140753   -0.08427606 -0.00367769
 -0.04310176 -0.07140753   -0.13859222 -0.00206584    0.04310176  0.07140753
 -0.08427606 -0.00367769    0.04310176  0.07140753   -0.12352154 -0.00518114
    2    1
 -0.12352154  0.00518114   -0.04310176  0.07140753   -0.08427606  0.00367769
 -0.04310176  0.07140753   -0.13859222  0.00206584    0.04310176 -0.07140753
 -0.08427606  0.00367769    0.04310176 -0.07140753   -0.12352154  0.00518114
    2    2
  0.25651123  0.00000000   -0.00826544 -0.00665046   -0.01134697  0.00000000
 -0.00826544  0.00665046    0.27041896 -0.00000000    0.00826544 -0.00665046
 -0.01134697  0.00000000    0.00826544  0.00665046    0.25651123  0.00000000

     Dynamical  Matrix in cartesian axes

     q = (    0.500000000   0.166666667  -0.500000000 ) 

    1    1
  0.25651123  0.00000000    0.00826544 -0.00665046   -0.01134697  0.00000000
  0.00826544  0.00665046    0.27041896 -0.00000000   -0.00826544 -0.00665046
 -0.01134697  0.00000000   -0.00826544  0.00665046    0.25651123  0.00000000
    1    2
 -0.12352154 -0.00518114    0.04310176  0.07140753   -0.08427606 -0.00367769
  0.04310176  0.07140753   -0.13859222 -0.00206584   -0.04310176 -0.07140753
 -0.08427606 -0.00367769   -0.04310176 -0.07140753   -0.12352154 -0.00518114
    2    1
 -0.12352154  0.00518114    0.04310176 -0.07140753   -0.08427606  0.00367769
  0.04310176 -0.07140753   -0.13859222  0.00206584   -0.04310176  0.07140753
 -0.08427606  0.00367769   -0.04310176  0.07140753   -0.12352154  0.00518114
    2    2
  0.25651123  0.00000000    0.00826544  0.00665046   -0.01134697  0.00000000
  0.00826544 -0.00665046    0.27041896  0.00000000   -0.00826544  0.00665046
 -0.01134697  0.00000000   -0.00826544 -0.00665046    0.25651123  0.00000000

     Dynamical  Matrix in cartesian axes

     q = (   -0.166666667   0.500000000   0.500000000 ) 

    1    1
  0.27041896  0.00000000   -0.00826544 -0.00665046   -0.00826544 -0.00665046
 -0.00826544  0.00665046    0.25651123  0.00000000    0.01134697 -0.00000000
 -0.00826544  0.00665046    0.01134697 -0.00000000    0.25651123  0.00000000
    1    2
 -0.07108518  0.11899146   -0.08339162  0.00162346   -0.08339162  0.00162346
 -0.08339162  0.00162346   -0.06624777  0.10438222    0.04532301 -0.07114637
 -0.08339162  0.00162346    0.04532301 -0.07114637   -0.06624777  0.10438222
    2    1
 -0.07108518 -0.11899146   -0.08339162 -0.00162346   -0.08339162 -0.00162346
 -0.08339162 -0.00162346   -0.06624777 -0.10438222    0.04532301  0.07114637
 -0.08339162 -0.00162346    0.04532301  0.07114637   -0.06624777 -0.10438222
    2    2
  0.27041896 -0.00000000   -0.00826544  0.00665046   -0.00826544  0.00665046
 -0.00826544 -0.00665046    0.25651123 -0.00000000    0.01134697  0.00000000
 -0.00826544 -0.00665046    0.01134697  0.00000000    0.25651123 -0.00000000

     Dynamical  Matrix in cartesian axes

     q = (    0.166666667   0.500000000  -0.500000000 ) 

    1    1
  0.27041896 -0.00000000    0.00826544  0.00665046   -0.00826544 -0.00665046
  0.00826544 -0.00665046    0.25651123 -0.00000000   -0.01134697  0.00000000
 -0.00826544  0.00665046   -0.01134697  0.00000000    0.25651123 -0.00000000
    1    2
 -0.13859222 -0.00206584    0.04310176  0.07140753   -0.04310176 -0.07140753
  0.04310176  0.07140753   -0.12352154 -0.00518114   -0.08427606 -0.00367769
 -0.04310176 -0.07140753   -0.08427606 -0.00367769   -0.12352154 -0.00518114
    2    1
 -0.13859222  0.00206584    0.04310176 -0.07140753   -0.04310176  0.07140753
  0.04310176 -0.07140753   -0.12352154  0.00518114   -0.08427606  0.00367769
 -0.04310176  0.07140753   -0.08427606  0.00367769   -0.12352154  0.00518114
    2    2
  0.27041896  0.00000000    0.00826544 -0.00665046   -0.00826544  0.00665046
  0.00826544  0.00665046    0.25651123  0.00000000   -0.01134697 -0.00000000
 -0.00826544 -0.00665046   -0.01134697 -0.00000000    0.25651123  0.00000000

     Dynamical  Matrix in cartesian axes

     q = (   -0.166666667  -0.500000000  -0.500000000 ) 

    1    1
  0.27041896 -0.00000000    0.00826544  0.00665046    0.00826544  0.00665046
  0.00826544 -0.00665046    0.25651123 -0.00000000    0.01134697  0.00000000
  0.00826544 -0.00665046    0.01134697  0.00000000    0.25651123 -0.00000000
    1    2
  0.07108518 -0.11899146   -0.08339162  0.00162346   -0.08339162  0.00162346
 -0.08339162  0.00162346    0.06624777 -0.10438222   -0.04532301  0.07114637
 -0.08339162  0.00162346   -0.04532301  0.07114637    0.06624777 -0.10438222
    2    1
  0.07108518  0.11899146   -0.08339162 -0.00162346   -0.08339162 -0.00162346
 -0.08339162 -0.00162346    0.06624777  0.10438222   -0.04532301 -0.07114637
 -0.08339162 -0.00162346   -0.04532301 -0.07114637    0.06624777  0.10438222
    2    2
  0.27041896  0.00000000    0.00826544 -0.00665046    0.00826544 -0.00665046
  0.00826544  0.00665046    0.25651123  0.00000000    0.01134697 -0.00000000
  0.00826544  0.00665046    0.01134697 -0.00000000    0.25651123  0.00000000

     Dynamical  Matrix in cartesian axes

     q = (    0.500000000  -0.500000000   0.166666667 ) 

    1    1
  0.25651123  0.00000000   -0.01134697 -0.00000000    0.00826544 -0.00665046
 -0.01134697 -0.00000000    0.25651123  0.00000000   -0.00826544  0.00665046
  0.00826544  0.00665046   -0.00826544 -0.00665046    0.27041896  0.00000000
    1    2
 -0.12352154 -0.00518114   -0.08427606 -0.00367769    0.04310176  0.07140753
 -0.08427606 -0.00367769   -0.12352154 -0.00518114   -0.04310176 -0.07140753
  0.04310176  0.07140753   -0.04310176 -0.07140753   -0.13859222 -0.00206584
    2    1
 -0.12352154  0.00518114   -0.08427606  0.00367769    0.04310176 -0.07140753
 -0.08427606  0.00367769   -0.12352154  0.00518114   -0.04310176  0.07140753
  0.04310176 -0.07140753   -0.04310176  0.07140753   -0.13859222  0.00206584
    2    2
  0.25651123 -0.00000000   -0.01134697  0.00000000    0.00826544  0.00665046
 -0.01134697  0.00000000    0.25651123 -0.00000000   -0.00826544 -0.00665046
  0.00826544 -0.00665046   -0.00826544  0.00665046    0.27041896 -0.00000000

     Dynamical  Matrix in cartesian axes

     q = (    0.500000000   0.500000000  -0.166666667 ) 

    1    1
  0.25651123 -0.00000000    0.01134697 -0.00000000   -0.00826544  0.00665046
  0.01134697 -0.00000000    0.25651123 -0.00000000   -0.00826544  0.00665046
 -0.00826544 -0.00665046   -0.00826544 -0.00665046    0.27041896 -0.00000000
    1    2
 -0.06624777  0.10438222    0.04532301 -0.07114637   -0.08339162  0.00162346
  0.04532301 -0.07114637   -0.06624777  0.10438222   -0.08339162  0.00162346
 -0.08339162  0.00162346   -0.08339162  0.00162346   -0.07108518  0.11899146
    2    1
 -0.06624777 -0.10438222    0.04532301  0.07114637   -0.08339162 -0.00162346
  0.04532301  0.07114637   -0.06624777 -0.10438222   -0.08339162 -0.00162346
 -0.08339162 -0.00162346   -0.08339162 -0.00162346   -0.07108518 -0.11899146
    2    2
  0.25651123  0.00000000    0.01134697  0.00000000   -0.00826544 -0.00665046
  0.01134697  0.00000000    0.25651123  0.00000000   -0.00826544 -0.00665046
 -0.00826544  0.00665046   -0.00826544  0.00665046    0.27041896  0.00000000

     Dynamical  Matrix in cartesian axes

     q = (   -0.500000000  -0.500000000  -0.166666667 ) 

    1    1
  0.25651123  0.00000000    0.01134697  0.00000000    0.00826544 -0.00665046
  0.01134697  0.00000000    0.25651123  0.00000000    0.00826544 -0.00665046
  0.00826544  0.00665046    0.00826544  0.00665046    0.27041896  0.00000000
    1    2
  0.06624777 -0.10438222   -0.04532301  0.07114637   -0.08339162  0.00162346
 -0.04532301  0.07114637    0.06624777 -0.10438222   -0.08339162  0.00162346
 -0.08339162  0.00162346   -0.08339162  0.00162346    0.07108518 -0.11899146
    2    1
  0.06624777  0.10438222   -0.04532301 -0.07114637   -0.08339162 -0.00162346
 -0.04532301 -0.07114637    0.06624777  0.10438222   -0.08339162 -0.00162346
 -0.08339162 -0.00162346   -0.08339162 -0.00162346    0.07108518  0.11899146
    2    2
  0.25651123 -0.00000000    0.01134697 -0.00000000    0.00826544  0.00665046
  0.01134697 -0.00000000    0.25651123 -0.00000000    0.00826544  0.00665046
  0.00826544 -0.00665046    0.00826544 -0.00665046    0.27041896 -0.00000000

     Dynamical  Matrix in cartesian axes

     q = (   -0.500000000   0.500000000   0.166666667 ) 

    1    1
  0.25651123  0.00000000   -0.01134697 -0.00000000   -0.00826544  0.00665046
 -0.01134697 -0.00000000    0.25651123  0.00000000    0.00826544 -0.00665046
 -0.00826544 -0.00665046    0.00826544  0.00665046    0.27041896  0.00000000
    1    2
 -0.12352154 -0.00518114   -0.08427606 -0.00367769   -0.04310176 -0.07140753
 -0.08427606 -0.00367769   -0.12352154 -0.00518114    0.04310176  0.07140753
 -0.04310176 -0.07140753    0.04310176  0.07140753   -0.13859222 -0.00206584
    2    1
 -0.12352154  0.00518114   -0.08427606  0.00367769   -0.04310176  0.07140753
 -0.08427606  0.00367769   -0.12352154  0.00518114    0.04310176 -0.07140753
 -0.04310176  0.07140753    0.04310176 -0.07140753   -0.13859222  0.00206584
    2    2
  0.25651123 -0.00000000   -0.01134697  0.00000000   -0.00826544 -0.00665046
 -0.01134697  0.00000000    0.25651123 -0.00000000    0.00826544  0.00665046
 -0.00826544  0.00665046    0.00826544 -0.00665046    0.27041896 -0.00000000

     Dynamical  Matrix in cartesian axes

     q = (    0.166666667  -0.500000000   0.500000000 ) 

    1    1
  0.27041896  0.00000000   -0.00826544 -0.00665046    0.00826544  0.00665046
 -0.00826544  0.00665046    0.25651123  0.00000000   -0.01134697 -0.00000000
  0.00826544 -0.00665046   -0.01134697 -0.00000000    0.25651123  0.00000000
    1    2
 -0.13859222 -0.00206584   -0.04310176 -0.07140753    0.04310176  0.07140753
 -0.04310176 -0.07140753   -0.12352154 -0.00518114   -0.08427606 -0.00367769
  0.04310176  0.07140753   -0.08427606 -0.00367769   -0.12352154 -0.00518114
    2    1
 -0.13859222  0.00206584   -0.04310176  0.07140753    0.04310176 -0.07140753
 -0.04310176  0.07140753   -0.12352154  0.00518114   -0.08427606  0.00367769
  0.04310176 -0.07140753   -0.08427606  0.00367769   -0.12352154  0.00518114
    2    2
  0.27041896 -0.00000000   -0.00826544  0.00665046    0.00826544 -0.00665046
 -0.00826544 -0.00665046    0.25651123 -0.00000000   -0.01134697  0.00000000
  0.00826544  0.00665046   -0.01134697  0.00000000    0.25651123 -0.00000000

     Dynamical  Matrix in cartesian axes

     q = (    0.166666667   0.500000000   0.500000000 ) 

    1    1
  0.27041896  0.00000000    0.00826544 -0.00665046    0.00826544 -0.00665046
  0.00826544  0.00665046    0.25651123  0.00000000    0.01134697 -0.00000000
  0.00826544  0.00665046    0.01134697 -0.00000000    0.25651123  0.00000000
    1    2
  0.07108518  0.11899146   -0.08339162 -0.00162346   -0.08339162 -0.00162346
 -0.08339162 -0.00162346    0.06624777  0.10438222   -0.04532301 -0.07114637
 -0.08339162 -0.00162346   -0.04532301 -0.07114637    0.06624777  0.10438222
    2    1
  0.07108518 -0.11899146   -0.08339162  0.00162346   -0.08339162  0.00162346
 -0.08339162  0.00162346    0.06624777 -0.10438222   -0.04532301  0.07114637
 -0.08339162  0.00162346   -0.04532301  0.07114637    0.06624777 -0.10438222
    2    2
  0.27041896 -0.00000000    0.00826544  0.00665046    0.00826544  0.00665046
  0.00826544 -0.00665046    0.25651123 -0.00000000    0.01134697  0.00000000
  0.00826544 -0.00665046    0.01134697  0.00000000    0.25651123 -0.00000000

     Dynamical  Matrix in cartesian axes

     q = (   -0.500000000   0.166666667  -0.500000000 ) 

    1    1
  0.25651123 -0.00000000   -0.00826544 -0.00665046    0.01134697 -0.00000000
 -0.00826544  0.00665046    0.27041896 -0.00000000   -0.00826544  0.00665046
  0.01134697 -0.00000000   -0.00826544 -0.00665046    0.25651123 -0.00000000
    1    2
 -0.06624777 -0.10438222   -0.08339162 -0.00162346    0.04532301  0.07114637
 -0.08339162 -0.00162346   -0.07108518 -0.11899146   -0.08339162 -0.00162346
  0.04532301  0.07114637   -0.08339162 -0.00162346   -0.06624777 -0.10438222
    2    1
 -0.06624777  0.10438222   -0.08339162  0.00162346    0.04532301 -0.07114637
 -0.08339162  0.00162346   -0.07108518  0.11899146   -0.08339162  0.00162346
  0.04532301 -0.07114637   -0.08339162  0.00162346   -0.06624777  0.10438222
    2    2
  0.25651123  0.00000000   -0.00826544  0.00665046    0.01134697  0.00000000
 -0.00826544 -0.00665046    0.27041896  0.00000000   -0.00826544 -0.00665046
  0.01134697  0.00000000   -0.00826544  0.00665046    0.25651123  0.00000000

     Dynamical  Matrix in cartesian axes

     q = (   -0.166666667  -0.500000000   0.500000000 ) 

    1    1
  0.27041896  0.00000000    0.00826544 -0.00665046   -0.00826544  0.00665046
  0.00826544  0.00665046    0.25651123  0.00000000   -0.01134697 -0.00000000
 -0.00826544 -0.00665046   -0.01134697 -0.00000000    0.25651123  0.00000000
    1    2
 -0.13859222  0.00206584    0.04310176 -0.07140753   -0.04310176  0.07140753
  0.04310176 -0.07140753   -0.12352154  0.00518114   -0.08427606  0.00367769
 -0.04310176  0.07140753   -0.08427606  0.00367769   -0.12352154  0.00518114
    2    1
 -0.13859222 -0.00206584    0.04310176  0.07140753   -0.04310176 -0.07140753
  0.04310176  0.07140753   -0.12352154 -0.00518114   -0.08427606 -0.00367769
 -0.04310176 -0.07140753   -0.08427606 -0.00367769   -0.12352154 -0.00518114
    2    2
  0.27041896 -0.00000000    0.00826544  0.00665046   -0.00826544 -0.00665046
  0.00826544 -0.00665046    0.25651123 -0.00000000   -0.01134697  0.00000000
 -0.00826544  0.00665046   -0.01134697  0.00000000    0.25651123 -0.00000000

     Dynamical  Matrix in cartesian axes

     q = (   -0.500000000  -0.500000000   0.166666667 ) 

    1    1
  0.25651123  0.00000000    0.01134697  0.00000000   -0.00826544 -0.00665046
  0.01134697  0.00000000    0.25651123  0.00000000   -0.00826544 -0.00665046
 -0.00826544  0.00665046   -0.00826544  0.00665046    0.27041896  0.00000000
    1    2
 -0.06624777 -0.10438222    0.04532301  0.07114637   -0.08339162 -0.00162346
  0.04532301  0.07114637   -0.06624777 -0.10438222   -0.08339162 -0.00162346
 -0.08339162 -0.00162346   -0.08339162 -0.00162346   -0.07108518 -0.11899146
    2    1
 -0.06624777  0.10438222    0.04532301 -0.07114637   -0.08339162  0.00162346
  0.04532301 -0.07114637   -0.06624777  0.10438222   -0.08339162  0.00162346
 -0.08339162  0.00162346   -0.08339162  0.00162346   -0.07108518  0.11899146
    2    2
  0.25651123 -0.00000000    0.01134697 -0.00000000   -0.00826544  0.00665046
  0.01134697 -0.00000000    0.25651123 -0.00000000   -0.00826544  0.00665046
 -0.00826544 -0.00665046   -0.00826544 -0.00665046    0.27041896 -0.00000000

     Dynamical  Matrix in cartesian axes

     q = (    0.500000000   0.500000000   0.166666667 ) 

    1    1
  0.25651123 -0.00000000    0.01134697 -0.00000000    0.00826544  0.00665046
  0.01134697 -0.00000000    0.25651123 -0.00000000    0.00826544  0.00665046
  0.00826544 -0.00665046    0.00826544 -0.00665046    0.27041896 -0.00000000
    1    2
  0.06624777  0.10438222   -0.04532301 -0.07114637   -0.08339162 -0.00162346
 -0.04532301 -0.07114637    0.06624777  0.10438222   -0.08339162 -0.00162346
 -0.08339162 -0.00162346   -0.08339162 -0.00162346    0.07108518  0.11899146
    2    1
  0.06624777 -0.10438222   -0.04532301  0.07114637   -0.08339162  0.00162346
 -0.04532301  0.07114637    0.06624777 -0.10438222   -0.08339162  0.00162346
 -0.08339162  0.00162346   -0.08339162  0.00162346    0.07108518 -0.11899146
    2    2
  0.25651123  0.00000000    0.01134697  0.00000000    0.00826544 -0.00665046
  0.01134697  0.00000000    0.25651123  0.00000000    0.00826544 -0.00665046
  0.00826544  0.00665046    0.00826544  0.00665046    0.27041896  0.00000000

     Dynamical  Matrix in cartesian axes

     q = (    0.166666667  -0.500000000  -0.500000000 ) 

    1    1
  0.27041896 -0.00000000   -0.00826544  0.00665046   -0.00826544  0.00665046
 -0.00826544 -0.00665046    0.25651123 -0.00000000    0.01134697  0.00000000
 -0.00826544 -0.00665046    0.01134697  0.00000000    0.25651123 -0.00000000
    1    2
 -0.07108518 -0.11899146   -0.08339162 -0.00162346   -0.08339162 -0.00162346
 -0.08339162 -0.00162346   -0.06624777 -0.10438222    0.04532301  0.07114637
 -0.08339162 -0.00162346    0.04532301  0.07114637   -0.06624777 -0.10438222
    2    1
 -0.07108518  0.11899146   -0.08339162  0.00162346   -0.08339162  0.00162346
 -0.08339162  0.00162346   -0.06624777  0.10438222    0.04532301 -0.07114637
 -0.08339162  0.00162346    0.04532301 -0.07114637   -0.06624777  0.10438222
    2    2
  0.27041896  0.00000000   -0.00826544 -0.00665046   -0.00826544 -0.00665046
 -0.00826544  0.00665046    0.25651123  0.00000000    0.01134697 -0.00000000
 -0.00826544  0.00665046    0.01134697 -0.00000000    0.25651123  0.00000000

     Dynamical  Matrix in cartesian axes

     q = (    0.500000000  -0.500000000  -0.166666667 ) 

    1    1
  0.25651123 -0.00000000   -0.01134697  0.00000000   -0.00826544 -0.00665046
 -0.01134697  0.00000000    0.25651123 -0.00000000    0.00826544  0.00665046
 -0.00826544  0.00665046    0.00826544 -0.00665046    0.27041896 -0.00000000
    1    2
 -0.12352154  0.00518114   -0.08427606  0.00367769   -0.04310176  0.07140753
 -0.08427606  0.00367769   -0.12352154  0.00518114    0.04310176 -0.07140753
 -0.04310176  0.07140753    0.04310176 -0.07140753   -0.13859222  0.00206584
    2    1
 -0.12352154 -0.00518114   -0.08427606 -0.00367769   -0.04310176 -0.07140753
 -0.08427606 -0.00367769   -0.12352154 -0.00518114    0.04310176  0.07140753
 -0.04310176 -0.07140753    0.04310176  0.07140753   -0.13859222 -0.00206584
    2    2
  0.25651123  0.00000000   -0.01134697 -0.00000000   -0.00826544  0.00665046
 -0.01134697 -0.00000000    0.25651123  0.00000000    0.00826544 -0.00665046
 -0.00826544 -0.00665046    0.00826544  0.00665046    0.27041896  0.00000000

     Diagonalizing the dynamical matrix

     q = (    0.500000000  -0.166666667   0.500000000 ) 

 **************************************************************************
     freq (    1) =       3.964674 [THz] =     132.247294 [cm-1]
 (  0.268217 -0.421971 -0.000000  0.000000 -0.268217  0.421971 ) 
 (  0.500000  0.000000  0.000000  0.000000 -0.500000  0.000000 ) 
     freq (    2) =       5.106999 [THz] =     170.351150 [cm-1]
 ( -0.261249 -0.038544 -0.567994  0.194705 -0.261249 -0.038544 ) 
 ( -0.264077 -0.000000 -0.533492 -0.275523 -0.264077  0.000000 ) 
     freq (    3) =       8.948968 [THz] =     298.505432 [cm-1]
 (  0.198992  0.369834 -0.320599 -0.210870  0.198992  0.369834 ) 
 ( -0.419970  0.000000  0.337604  0.182411 -0.419970  0.000000 ) 
     freq (    4) =      12.194391 [THz] =     406.761117 [cm-1]
 (  0.106978  0.430941 -0.308132 -0.103661  0.106978  0.430941 ) 
 (  0.444021  0.000000 -0.174845 -0.274080  0.444021  0.000000 ) 
     freq (    5) =      13.841601 [THz] =     461.706109 [cm-1]
 (  0.268217 -0.421971  0.000000  0.000000 -0.268217  0.421971 ) 
 ( -0.500000 -0.000000 -0.000000 -0.000000  0.500000  0.000000 ) 
     freq (    6) =      14.152504 [THz] =     472.076731 [cm-1]
 (  0.138209  0.193990  0.620597 -0.037304  0.138209  0.193990 ) 
 ( -0.238189 -0.000000 -0.329720 -0.527084 -0.238189  0.000000 ) 
 **************************************************************************
