Dynamical matrix file
                                                                           
  1    2  2 10.3520000  0.0000000  0.0000000  0.0000000  0.0000000  0.0000000
           1  'Si  '    25598.8229845270     
    1    1      0.0000000000      0.0000000000      0.0000000000
    2    1      0.2500000000      0.2500000000      0.2500000000

     Dynamical  Matrix in cartesian axes

     q = (    0.666666667   0.000000000   0.666666667 ) 

    1    1
  0.24390144  0.00000000   -0.00000000  0.00787952    0.00742657  0.00000000
  0.00000000 -0.00787952    0.28746894  0.00000000   -0.00000000 -0.00787952
  0.00742657  0.00000000    0.00000000  0.00787952    0.24390144  0.00000000
    1    2
  0.02921714  0.05060556   -0.06259927  0.03614170   -0.06549840 -0.11344656
 -0.06259927  0.03614170    0.04058292  0.07029168   -0.06259927  0.03614170
 -0.06549840 -0.11344656   -0.06259927  0.03614170    0.02921714  0.05060556
    2    1
  0.02921714 -0.05060556   -0.06259927 -0.03614170   -0.06549840  0.11344656
 -0.06259927 -0.03614170    0.04058292 -0.07029168   -0.06259927 -0.03614170
 -0.06549840  0.11344656   -0.06259927 -0.03614170    0.02921714 -0.05060556
    2    2
  0.24390144  0.00000000    0.00000000 -0.00787952    0.00742657  0.00000000
  0.00000000  0.00787952    0.28746894  0.00000000    0.00000000  0.00787952
  0.00742657  0.00000000    0.00000000 -0.00787952    0.24390144  0.00000000

     Dynamical  Matrix in cartesian axes

     q = (   -0.666666667   0.000000000   0.666666667 ) 

    1    1
  0.24390144  0.00000000    0.00000000  0.00787952   -0.00742657  0.00000000
  0.00000000 -0.00787952    0.28746894  0.00000000    0.00000000  0.00787952
 -0.00742657  0.00000000    0.00000000 -0.00787952    0.24390144  0.00000000
    1    2
 -0.05843427  0.00000000    0.00000000 -0.07228341   -0.13099681 -0.00000000
  0.00000000 -0.07228341   -0.08116584  0.00000000    0.00000000  0.07228341
 -0.13099681 -0.00000000   -0.00000000  0.07228341   -0.05843427  0.00000000
    2    1
 -0.05843427  0.00000000    0.00000000  0.07228341   -0.13099681 -0.00000000
  0.00000000  0.07228341   -0.08116584  0.00000000    0.00000000 -0.07228341
 -0.13099681 -0.00000000    0.00000000 -0.07228341   -0.05843427 -0.00000000
    2    2
  0.24390144  0.00000000   -0.00000000 -0.00787952   -0.00742657  0.00000000
 -0.00000000  0.00787952    0.28746894  0.00000000   -0.00000000 -0.00787952
 -0.00742657  0.00000000    0.00000000  0.00787952    0.24390144  0.00000000

     Dynamical  Matrix in cartesian axes

     q = (   -0.666666667   0.000000000  -0.666666667 ) 

    1    1
  0.24390144  0.00000000   -0.00000000 -0.00787952    0.00742657  0.00000000
  0.00000000  0.00787952    0.28746894  0.00000000   -0.00000000  0.00787952
  0.00742657  0.00000000    0.00000000 -0.00787952    0.24390144  0.00000000
    1    2
  0.02921714 -0.05060556   -0.06259927 -0.03614170   -0.06549840  0.11344656
 -0.06259927 -0.03614170    0.04058292 -0.07029168   -0.06259927 -0.03614170
 -0.06549840  0.11344656   -0.06259927 -0.03614170    0.02921714 -0.05060556
    2    1
  0.02921714  0.05060556   -0.06259927  0.03614170   -0.06549840 -0.11344656
 -0.06259927  0.03614170    0.04058292  0.07029168   -0.06259927  0.03614170
 -0.06549840 -0.11344656   -0.06259927  0.03614170    0.02921714  0.05060556
    2    2
  0.24390144  0.00000000    0.00000000  0.00787952    0.00742657  0.00000000
  0.00000000 -0.00787952    0.28746894  0.00000000    0.00000000 -0.00787952
  0.00742657  0.00000000    0.00000000  0.00787952    0.24390144  0.00000000

     Dynamical  Matrix in cartesian axes

     q = (    0.666666667   0.000000000  -0.666666667 ) 

    1    1
  0.24390144  0.00000000   -0.00000000 -0.00787952   -0.00742657  0.00000000
  0.00000000  0.00787952    0.28746894  0.00000000    0.00000000 -0.00787952
 -0.00742657  0.00000000    0.00000000  0.00787952    0.24390144  0.00000000
    1    2
 -0.05843427  0.00000000   -0.00000000  0.07228341   -0.13099681 -0.00000000
  0.00000000  0.07228341   -0.08116584  0.00000000    0.00000000 -0.07228341
 -0.13099681 -0.00000000    0.00000000 -0.07228341   -0.05843427  0.00000000
    2    1
 -0.05843427  0.00000000    0.00000000 -0.07228341   -0.13099681 -0.00000000
 -0.00000000 -0.07228341   -0.08116584 -0.00000000   -0.00000000  0.07228341
 -0.13099681 -0.00000000   -0.00000000  0.07228341   -0.05843427  0.00000000
    2    2
  0.24390144  0.00000000   -0.00000000  0.00787952   -0.00742657  0.00000000
  0.00000000 -0.00787952    0.28746894  0.00000000    0.00000000  0.00787952
 -0.00742657  0.00000000    0.00000000 -0.00787952    0.24390144  0.00000000

     Dynamical  Matrix in cartesian axes

     q = (    0.000000000   0.666666667  -0.666666667 ) 

    1    1
  0.28746894  0.00000000    0.00000000  0.00787952    0.00000000 -0.00787952
  0.00000000 -0.00787952    0.24390144  0.00000000   -0.00742657  0.00000000
 -0.00000000  0.00787952   -0.00742657  0.00000000    0.24390144  0.00000000
    1    2
 -0.08116584  0.00000000    0.00000000  0.07228341    0.00000000 -0.07228341
  0.00000000  0.07228341   -0.05843427  0.00000000   -0.13099681 -0.00000000
  0.00000000 -0.07228341   -0.13099681 -0.00000000   -0.05843427  0.00000000
    2    1
 -0.08116584  0.00000000    0.00000000 -0.07228341    0.00000000  0.07228341
  0.00000000 -0.07228341   -0.05843427 -0.00000000   -0.13099681  0.00000000
  0.00000000  0.07228341   -0.13099681  0.00000000   -0.05843427 -0.00000000
    2    2
  0.28746894  0.00000000    0.00000000 -0.00787952    0.00000000  0.00787952
 -0.00000000  0.00787952    0.24390144  0.00000000   -0.00742657  0.00000000
  0.00000000 -0.00787952   -0.00742657  0.00000000    0.24390144  0.00000000

     Dynamical  Matrix in cartesian axes

     q = (   -0.666666667   0.666666667   0.000000000 ) 

    1    1
  0.24390144  0.00000000   -0.00742657  0.00000000    0.00000000  0.00787952
 -0.00742657  0.00000000    0.24390144  0.00000000    0.00000000 -0.00787952
  0.00000000 -0.00787952    0.00000000  0.00787952    0.28746894  0.00000000
    1    2
 -0.05843427  0.00000000   -0.13099681 -0.00000000    0.00000000 -0.07228341
 -0.13099681 -0.00000000   -0.05843427  0.00000000   -0.00000000  0.07228341
  0.00000000 -0.07228341   -0.00000000  0.07228341   -0.08116584  0.00000000
    2    1
 -0.05843427  0.00000000   -0.13099681  0.00000000    0.00000000  0.07228341
 -0.13099681  0.00000000   -0.05843427  0.00000000   -0.00000000 -0.07228341
  0.00000000  0.07228341   -0.00000000 -0.07228341   -0.08116584  0.00000000
    2    2
  0.24390144  0.00000000   -0.00742657  0.00000000    0.00000000 -0.00787952
 -0.00742657  0.00000000    0.24390144  0.00000000   -0.00000000  0.00787952
  0.00000000  0.00787952    0.00000000 -0.00787952    0.28746894  0.00000000

     Dynamical  Matrix in cartesian axes

     q = (    0.000000000   0.666666667   0.666666667 ) 

    1    1
  0.28746894  0.00000000    0.00000000 -0.00787952   -0.00000000 -0.00787952
  0.00000000  0.00787952    0.24390144  0.00000000    0.00742657  0.00000000
 -0.00000000  0.00787952    0.00742657  0.00000000    0.24390144  0.00000000
    1    2
  0.04058292  0.07029168   -0.06259927  0.03614170   -0.06259927  0.03614170
 -0.06259927  0.03614170    0.02921714  0.05060556   -0.06549840 -0.11344656
 -0.06259927  0.03614170   -0.06549840 -0.11344656    0.02921714  0.05060556
    2    1
  0.04058292 -0.07029168   -0.06259927 -0.03614170   -0.06259927 -0.03614170
 -0.06259927 -0.03614170    0.02921714 -0.05060556   -0.06549840  0.11344656
 -0.06259927 -0.03614170   -0.06549840  0.11344656    0.02921714 -0.05060556
    2    2
  0.28746894  0.00000000    0.00000000  0.00787952   -0.00000000  0.00787952
  0.00000000 -0.00787952    0.24390144  0.00000000    0.00742657  0.00000000
 -0.00000000 -0.00787952    0.00742657  0.00000000    0.24390144  0.00000000

     Dynamical  Matrix in cartesian axes

     q = (    0.000000000  -0.666666667  -0.666666667 ) 

    1    1
  0.28746894  0.00000000   -0.00000000  0.00787952    0.00000000  0.00787952
 -0.00000000 -0.00787952    0.24390144  0.00000000    0.00742657  0.00000000
  0.00000000 -0.00787952    0.00742657  0.00000000    0.24390144  0.00000000
    1    2
  0.04058292 -0.07029168   -0.06259927 -0.03614170   -0.06259927 -0.03614170
 -0.06259927 -0.03614170    0.02921714 -0.05060556   -0.06549840  0.11344656
 -0.06259927 -0.03614170   -0.06549840  0.11344656    0.02921714 -0.05060556
    2    1
  0.04058292  0.07029168   -0.06259927  0.03614170   -0.06259927  0.03614170
 -0.06259927  0.03614170    0.02921714  0.05060556   -0.06549840 -0.11344656
 -0.06259927  0.03614170   -0.06549840 -0.11344656    0.02921714  0.05060556
    2    2
  0.28746894  0.00000000    0.00000000 -0.00787952    0.00000000 -0.00787952
 -0.00000000  0.00787952    0.24390144  0.00000000    0.00742657  0.00000000
  0.00000000  0.00787952    0.00742657  0.00000000    0.24390144  0.00000000

     Dynamical  Matrix in cartesian axes

     q = (    0.666666667  -0.666666667   0.000000000 ) 

    1    1
  0.24390144  0.00000000   -0.00742657  0.00000000    0.00000000 -0.00787952
 -0.00742657  0.00000000    0.24390144  0.00000000   -0.00000000  0.00787952
  0.00000000  0.00787952    0.00000000 -0.00787952    0.28746894  0.00000000
    1    2
 -0.05843427  0.00000000   -0.13099681  0.00000000    0.00000000  0.07228341
 -0.13099681  0.00000000   -0.05843427  0.00000000   -0.00000000 -0.07228341
  0.00000000  0.07228341   -0.00000000 -0.07228341   -0.08116584  0.00000000
    2    1
 -0.05843427  0.00000000   -0.13099681 -0.00000000    0.00000000 -0.07228341
 -0.13099681 -0.00000000   -0.05843427  0.00000000   -0.00000000  0.07228341
  0.00000000 -0.07228341   -0.00000000  0.07228341   -0.08116584  0.00000000
    2    2
  0.24390144  0.00000000   -0.00742657  0.00000000   -0.00000000  0.00787952
 -0.00742657  0.00000000    0.24390144  0.00000000   -0.00000000 -0.00787952
 -0.00000000 -0.00787952   -0.00000000  0.00787952    0.28746894  0.00000000

     Dynamical  Matrix in cartesian axes

     q = (    0.666666667   0.666666667   0.000000000 ) 

    1    1
  0.24390144  0.00000000    0.00742657  0.00000000    0.00000000  0.00787952
  0.00742657  0.00000000    0.24390144  0.00000000   -0.00000000  0.00787952
  0.00000000 -0.00787952    0.00000000 -0.00787952    0.28746894  0.00000000
    1    2
  0.02921714  0.05060556   -0.06549840 -0.11344656   -0.06259927  0.03614170
 -0.06549840 -0.11344656    0.02921714  0.05060556   -0.06259927  0.03614170
 -0.06259927  0.03614170   -0.06259927  0.03614170    0.04058292  0.07029168
    2    1
  0.02921714 -0.05060556   -0.06549840  0.11344656   -0.06259927 -0.03614170
 -0.06549840  0.11344656    0.02921714 -0.05060556   -0.06259927 -0.03614170
 -0.06259927 -0.03614170   -0.06259927 -0.03614170    0.04058292 -0.07029168
    2    2
  0.24390144  0.00000000    0.00742657  0.00000000    0.00000000 -0.00787952
  0.00742657  0.00000000    0.24390144  0.00000000    0.00000000 -0.00787952
  0.00000000  0.00787952    0.00000000  0.00787952    0.28746894  0.00000000

     Dynamical  Matrix in cartesian axes

     q = (   -0.666666667  -0.666666667   0.000000000 ) 

    1    1
  0.24390144  0.00000000    0.00742657  0.00000000   -0.00000000 -0.00787952
  0.00742657  0.00000000    0.24390144  0.00000000    0.00000000 -0.00787952
  0.00000000  0.00787952   -0.00000000  0.00787952    0.28746894  0.00000000
    1    2
  0.02921714 -0.05060556   -0.06549840  0.11344656   -0.06259927 -0.03614170
 -0.06549840  0.11344656    0.02921714 -0.05060556   -0.06259927 -0.03614170
 -0.06259927 -0.03614170   -0.06259927 -0.03614170    0.04058292 -0.07029168
    2    1
  0.02921714  0.05060556   -0.06549840 -0.11344656   -0.06259927  0.03614170
 -0.06549840 -0.11344656    0.02921714  0.05060556   -0.06259927  0.03614170
 -0.06259927  0.03614170   -0.06259927  0.03614170    0.04058292  0.07029168
    2    2
  0.24390144  0.00000000    0.00742657  0.00000000    0.00000000  0.00787952
  0.00742657  0.00000000    0.24390144  0.00000000   -0.00000000  0.00787952
 -0.00000000 -0.00787952   -0.00000000 -0.00787952    0.28746894  0.00000000

     Dynamical  Matrix in cartesian axes

     q = (    0.000000000  -0.666666667   0.666666667 ) 

    1    1
  0.28746894  0.00000000   -0.00000000 -0.00787952    0.00000000  0.00787952
 -0.00000000  0.00787952    0.24390144  0.00000000   -0.00742657  0.00000000
  0.00000000 -0.00787952   -0.00742657  0.00000000    0.24390144  0.00000000
    1    2
 -0.08116584  0.00000000    0.00000000 -0.07228341    0.00000000  0.07228341
  0.00000000 -0.07228341   -0.05843427 -0.00000000   -0.13099681  0.00000000
  0.00000000  0.07228341   -0.13099681  0.00000000   -0.05843427 -0.00000000
    2    1
 -0.08116584  0.00000000    0.00000000  0.07228341    0.00000000 -0.07228341
  0.00000000  0.07228341   -0.05843427  0.00000000   -0.13099681 -0.00000000
  0.00000000 -0.07228341   -0.13099681 -0.00000000   -0.05843427  0.00000000
    2    2
  0.28746894  0.00000000    0.00000000  0.00787952   -0.00000000 -0.00787952
 -0.00000000 -0.00787952    0.24390144  0.00000000   -0.00742657  0.00000000
  0.00000000  0.00787952   -0.00742657  0.00000000    0.24390144  0.00000000

     Diagonalizing the dynamical matrix

     q = (    0.666666667  -0.000000000   0.666666667 ) 

 **************************************************************************
     freq (    1) =       4.459809 [THz] =     148.763199 [cm-1]
 (  0.250000  0.433013  0.000000 -0.000000 -0.250000 -0.433013 ) 
 ( -0.500000  0.000000 -0.000000  0.000000  0.500000  0.000000 ) 
     freq (    2) =       6.515865 [THz] =     217.345867 [cm-1]
 ( -0.189528 -0.328273 -0.399342  0.230560 -0.189528 -0.328273 ) 
 ( -0.379057  0.000000  0.000000 -0.461120 -0.379057  0.000000 ) 
     freq (    3) =       9.876364 [THz] =     329.440049 [cm-1]
 ( -0.193133 -0.334516  0.388843 -0.224498 -0.193133 -0.334516 ) 
 (  0.386265 -0.000000  0.000000 -0.448997  0.386265  0.000000 ) 
     freq (    4) =      10.970353 [THz] =     365.931602 [cm-1]
 (  0.163031  0.282377 -0.464248  0.268034  0.163031  0.282377 ) 
 (  0.326061  0.000000  0.000000 -0.536067  0.326061  0.000000 ) 
     freq (    5) =      13.419054 [THz] =     447.611453 [cm-1]
 (  0.250000  0.433013  0.000000 -0.000000 -0.250000 -0.433013 ) 
 (  0.500000 -0.000000  0.000000 -0.000000 -0.500000  0.000000 ) 
     freq (    6) =      13.973326 [THz] =     466.099976 [cm-1]
 ( -0.158744 -0.274953 -0.473077  0.273131 -0.158744 -0.274953 ) 
 (  0.317489 -0.000000  0.000000  0.546262  0.317489  0.000000 ) 
 **************************************************************************
