Dynamical matrix file
                                                                           
  1    2  2 10.3160000  0.0000000  0.0000000  0.0000000  0.0000000  0.0000000
           1  'Si  '    25598.8229845270     
    1    1      0.0000000000      0.0000000000      0.0000000000
    2    1      0.2500000000      0.2500000000      0.2500000000

     Dynamical  Matrix in cartesian axes

     q = (    0.500000000  -0.166666667   0.500000000 ) 

    1    1
  0.26265257 -0.00000000   -0.00843683  0.00674761    0.01170594 -0.00000000
 -0.00843683 -0.00674761    0.27662180  0.00000000   -0.00843683 -0.00674761
  0.01170594 -0.00000000   -0.00843683  0.00674761    0.26265257 -0.00000000
    1    2
 -0.06766851  0.10677834   -0.08705017  0.00168377    0.04721267 -0.07424390
 -0.08705017  0.00168377   -0.07251611  0.12139500   -0.08705017  0.00168377
  0.04721267 -0.07424390   -0.08705017  0.00168377   -0.06766851  0.10677834
    2    1
 -0.06766851 -0.10677834   -0.08705017 -0.00168377    0.04721267  0.07424390
 -0.08705017 -0.00168377   -0.07251611 -0.12139500   -0.08705017 -0.00168377
  0.04721267  0.07424390   -0.08705017 -0.00168377   -0.06766851 -0.10677834
    2    2
  0.26265257  0.00000000   -0.00843683 -0.00674761    0.01170594  0.00000000
 -0.00843683  0.00674761    0.27662180 -0.00000000   -0.00843683  0.00674761
  0.01170594  0.00000000   -0.00843683 -0.00674761    0.26265257  0.00000000

     Dynamical  Matrix in cartesian axes

     q = (   -0.500000000  -0.166666667  -0.500000000 ) 

    1    1
  0.26265257 -0.00000000    0.00843683 -0.00674761    0.01170594 -0.00000000
  0.00843683  0.00674761    0.27662180  0.00000000    0.00843683  0.00674761
  0.01170594 -0.00000000    0.00843683 -0.00674761    0.26265257 -0.00000000
    1    2
  0.06766851 -0.10677834   -0.08705017  0.00168377   -0.04721267  0.07424390
 -0.08705017  0.00168377    0.07251611 -0.12139500   -0.08705017  0.00168377
 -0.04721267  0.07424390   -0.08705017  0.00168377    0.06766851 -0.10677834
    2    1
  0.06766851  0.10677834   -0.08705017 -0.00168377   -0.04721267 -0.07424390
 -0.08705017 -0.00168377    0.07251611  0.12139500   -0.08705017 -0.00168377
 -0.04721267 -0.07424390   -0.08705017 -0.00168377    0.06766851  0.10677834
    2    2
  0.26265257  0.00000000    0.00843683  0.00674761    0.01170594  0.00000000
  0.00843683 -0.00674761    0.27662180 -0.00000000    0.00843683 -0.00674761
  0.01170594  0.00000000    0.00843683  0.00674761    0.26265257  0.00000000

     Dynamical  Matrix in cartesian axes

     q = (    0.500000000  -0.166666667  -0.500000000 ) 

    1    1
  0.26265257  0.00000000   -0.00843683 -0.00674761   -0.01170594 -0.00000000
 -0.00843683  0.00674761    0.27662180  0.00000000    0.00843683 -0.00674761
 -0.01170594 -0.00000000    0.00843683  0.00674761    0.26265257  0.00000000
    1    2
 -0.12630701  0.00521348   -0.04498327  0.07454577   -0.08790344  0.00376543
 -0.04498327  0.07454577   -0.14138921  0.00210330    0.04498327 -0.07454577
 -0.08790344  0.00376543    0.04498327 -0.07454577   -0.12630701  0.00521348
    2    1
 -0.12630701 -0.00521348   -0.04498327 -0.07454577   -0.08790344 -0.00376543
 -0.04498327 -0.07454577   -0.14138921 -0.00210330    0.04498327  0.07454577
 -0.08790344 -0.00376543    0.04498327  0.07454577   -0.12630701 -0.00521348
    2    2
  0.26265257 -0.00000000   -0.00843683  0.00674761   -0.01170594  0.00000000
 -0.00843683 -0.00674761    0.27662180 -0.00000000    0.00843683  0.00674761
 -0.01170594  0.00000000    0.00843683 -0.00674761    0.26265257 -0.00000000

     Dynamical  Matrix in cartesian axes

     q = (   -0.500000000  -0.166666667   0.500000000 ) 

    1    1
  0.26265257  0.00000000    0.00843683  0.00674761   -0.01170594 -0.00000000
  0.00843683 -0.00674761    0.27662180 -0.00000000   -0.00843683  0.00674761
 -0.01170594 -0.00000000   -0.00843683 -0.00674761    0.26265257  0.00000000
    1    2
 -0.12630701  0.00521348    0.04498327 -0.07454577   -0.08790344  0.00376543
  0.04498327 -0.07454577   -0.14138921  0.00210330   -0.04498327  0.07454577
 -0.08790344  0.00376543   -0.04498327  0.07454577   -0.12630701  0.00521348
    2    1
 -0.12630701 -0.00521348    0.04498327  0.07454577   -0.08790344 -0.00376543
  0.04498327  0.07454577   -0.14138921 -0.00210330   -0.04498327 -0.07454577
 -0.08790344 -0.00376543   -0.04498327 -0.07454577   -0.12630701 -0.00521348
    2    2
  0.26265257 -0.00000000    0.00843683 -0.00674761   -0.01170594  0.00000000
  0.00843683  0.00674761    0.27662180  0.00000000   -0.00843683 -0.00674761
 -0.01170594  0.00000000   -0.00843683  0.00674761    0.26265257 -0.00000000

     Dynamical  Matrix in cartesian axes

     q = (   -0.166666667   0.500000000  -0.500000000 ) 

    1    1
  0.27662180 -0.00000000   -0.00843683  0.00674761    0.00843683 -0.00674761
 -0.00843683 -0.00674761    0.26265257  0.00000000   -0.01170594 -0.00000000
  0.00843683  0.00674761   -0.01170594 -0.00000000    0.26265257  0.00000000
    1    2
 -0.14138921  0.00210330   -0.04498327  0.07454577    0.04498327 -0.07454577
 -0.04498327  0.07454577   -0.12630701  0.00521348   -0.08790344  0.00376543
  0.04498327 -0.07454577   -0.08790344  0.00376543   -0.12630701  0.00521348
    2    1
 -0.14138921 -0.00210330   -0.04498327 -0.07454577    0.04498327  0.07454577
 -0.04498327 -0.07454577   -0.12630701 -0.00521348   -0.08790344 -0.00376543
  0.04498327  0.07454577   -0.08790344 -0.00376543   -0.12630701 -0.00521348
    2    2
  0.27662180  0.00000000   -0.00843683 -0.00674761    0.00843683  0.00674761
 -0.00843683  0.00674761    0.26265257 -0.00000000   -0.01170594  0.00000000
  0.00843683 -0.00674761   -0.01170594  0.00000000    0.26265257 -0.00000000

     Dynamical  Matrix in cartesian axes

     q = (   -0.500000000   0.500000000  -0.166666667 ) 

    1    1
  0.26265257  0.00000000   -0.01170594 -0.00000000    0.00843683  0.00674761
 -0.01170594 -0.00000000    0.26265257  0.00000000   -0.00843683 -0.00674761
  0.00843683 -0.00674761   -0.00843683  0.00674761    0.27662180 -0.00000000
    1    2
 -0.12630701  0.00521348   -0.08790344  0.00376543    0.04498327 -0.07454577
 -0.08790344  0.00376543   -0.12630701  0.00521348   -0.04498327  0.07454577
  0.04498327 -0.07454577   -0.04498327  0.07454577   -0.14138921  0.00210330
    2    1
 -0.12630701 -0.00521348   -0.08790344 -0.00376543    0.04498327  0.07454577
 -0.08790344 -0.00376543   -0.12630701 -0.00521348   -0.04498327 -0.07454577
  0.04498327  0.07454577   -0.04498327 -0.07454577   -0.14138921 -0.00210330
    2    2
  0.26265257 -0.00000000   -0.01170594  0.00000000    0.00843683 -0.00674761
 -0.01170594  0.00000000    0.26265257 -0.00000000   -0.00843683  0.00674761
  0.00843683  0.00674761   -0.00843683 -0.00674761    0.27662180  0.00000000

     Dynamical  Matrix in cartesian axes

     q = (    0.500000000   0.166666667   0.500000000 ) 

    1    1
  0.26265257  0.00000000    0.00843683  0.00674761    0.01170594  0.00000000
  0.00843683 -0.00674761    0.27662180 -0.00000000    0.00843683 -0.00674761
  0.01170594  0.00000000    0.00843683  0.00674761    0.26265257  0.00000000
    1    2
  0.06766851  0.10677834   -0.08705017 -0.00168377   -0.04721267 -0.07424390
 -0.08705017 -0.00168377    0.07251611  0.12139500   -0.08705017 -0.00168377
 -0.04721267 -0.07424390   -0.08705017 -0.00168377    0.06766851  0.10677834
    2    1
  0.06766851 -0.10677834   -0.08705017  0.00168377   -0.04721267  0.07424390
 -0.08705017  0.00168377    0.07251611 -0.12139500   -0.08705017  0.00168377
 -0.04721267  0.07424390   -0.08705017  0.00168377    0.06766851 -0.10677834
    2    2
  0.26265257 -0.00000000    0.00843683 -0.00674761    0.01170594 -0.00000000
  0.00843683  0.00674761    0.27662180  0.00000000    0.00843683  0.00674761
  0.01170594 -0.00000000    0.00843683 -0.00674761    0.26265257 -0.00000000

     Dynamical  Matrix in cartesian axes

     q = (   -0.500000000   0.166666667   0.500000000 ) 

    1    1
  0.26265257 -0.00000000   -0.00843683  0.00674761   -0.01170594  0.00000000
 -0.00843683 -0.00674761    0.27662180 -0.00000000    0.00843683  0.00674761
 -0.01170594  0.00000000    0.00843683 -0.00674761    0.26265257 -0.00000000
    1    2
 -0.12630701 -0.00521348   -0.04498327 -0.07454577   -0.08790344 -0.00376543
 -0.04498327 -0.07454577   -0.14138921 -0.00210330    0.04498327  0.07454577
 -0.08790344 -0.00376543    0.04498327  0.07454577   -0.12630701 -0.00521348
    2    1
 -0.12630701  0.00521348   -0.04498327  0.07454577   -0.08790344  0.00376543
 -0.04498327  0.07454577   -0.14138921  0.00210330    0.04498327 -0.07454577
 -0.08790344  0.00376543    0.04498327 -0.07454577   -0.12630701  0.00521348
    2    2
  0.26265257  0.00000000   -0.00843683 -0.00674761   -0.01170594 -0.00000000
 -0.00843683  0.00674761    0.27662180  0.00000000    0.00843683 -0.00674761
 -0.01170594 -0.00000000    0.00843683  0.00674761    0.26265257  0.00000000

     Dynamical  Matrix in cartesian axes

     q = (    0.500000000   0.166666667  -0.500000000 ) 

    1    1
  0.26265257 -0.00000000    0.00843683 -0.00674761   -0.01170594  0.00000000
  0.00843683  0.00674761    0.27662180  0.00000000   -0.00843683 -0.00674761
 -0.01170594  0.00000000   -0.00843683  0.00674761    0.26265257 -0.00000000
    1    2
 -0.12630701 -0.00521348    0.04498327  0.07454577   -0.08790344 -0.00376543
  0.04498327  0.07454577   -0.14138921 -0.00210330   -0.04498327 -0.07454577
 -0.08790344 -0.00376543   -0.04498327 -0.07454577   -0.12630701 -0.00521348
    2    1
 -0.12630701  0.00521348    0.04498327 -0.07454577   -0.08790344  0.00376543
  0.04498327 -0.07454577   -0.14138921  0.00210330   -0.04498327  0.07454577
 -0.08790344  0.00376543   -0.04498327  0.07454577   -0.12630701  0.00521348
    2    2
  0.26265257  0.00000000    0.00843683  0.00674761   -0.01170594 -0.00000000
  0.00843683 -0.00674761    0.27662180 -0.00000000   -0.00843683  0.00674761
 -0.01170594 -0.00000000   -0.00843683 -0.00674761    0.26265257  0.00000000

     Dynamical  Matrix in cartesian axes

     q = (   -0.166666667   0.500000000   0.500000000 ) 

    1    1
  0.27662180  0.00000000   -0.00843683 -0.00674761   -0.00843683 -0.00674761
 -0.00843683  0.00674761    0.26265257 -0.00000000    0.01170594 -0.00000000
 -0.00843683  0.00674761    0.01170594 -0.00000000    0.26265257 -0.00000000
    1    2
 -0.07251611  0.12139500   -0.08705017  0.00168377   -0.08705017  0.00168377
 -0.08705017  0.00168377   -0.06766851  0.10677834    0.04721267 -0.07424390
 -0.08705017  0.00168377    0.04721267 -0.07424390   -0.06766851  0.10677834
    2    1
 -0.07251611 -0.12139500   -0.08705017 -0.00168377   -0.08705017 -0.00168377
 -0.08705017 -0.00168377   -0.06766851 -0.10677834    0.04721267  0.07424390
 -0.08705017 -0.00168377    0.04721267  0.07424390   -0.06766851 -0.10677834
    2    2
  0.27662180 -0.00000000   -0.00843683  0.00674761   -0.00843683  0.00674761
 -0.00843683 -0.00674761    0.26265257  0.00000000    0.01170594  0.00000000
 -0.00843683 -0.00674761    0.01170594  0.00000000    0.26265257  0.00000000

     Dynamical  Matrix in cartesian axes

     q = (    0.166666667   0.500000000  -0.500000000 ) 

    1    1
  0.27662180  0.00000000    0.00843683  0.00674761   -0.00843683 -0.00674761
  0.00843683 -0.00674761    0.26265257 -0.00000000   -0.01170594  0.00000000
 -0.00843683  0.00674761   -0.01170594  0.00000000    0.26265257 -0.00000000
    1    2
 -0.14138921 -0.00210330    0.04498327  0.07454577   -0.04498327 -0.07454577
  0.04498327  0.07454577   -0.12630701 -0.00521348   -0.08790344 -0.00376543
 -0.04498327 -0.07454577   -0.08790344 -0.00376543   -0.12630701 -0.00521348
    2    1
 -0.14138921  0.00210330    0.04498327 -0.07454577   -0.04498327  0.07454577
  0.04498327 -0.07454577   -0.12630701  0.00521348   -0.08790344  0.00376543
 -0.04498327  0.07454577   -0.08790344  0.00376543   -0.12630701  0.00521348
    2    2
  0.27662180 -0.00000000    0.00843683 -0.00674761   -0.00843683  0.00674761
  0.00843683  0.00674761    0.26265257  0.00000000   -0.01170594 -0.00000000
 -0.00843683 -0.00674761   -0.01170594 -0.00000000    0.26265257  0.00000000

     Dynamical  Matrix in cartesian axes

     q = (   -0.166666667  -0.500000000  -0.500000000 ) 

    1    1
  0.27662180  0.00000000    0.00843683  0.00674761    0.00843683  0.00674761
  0.00843683 -0.00674761    0.26265257 -0.00000000    0.01170594 -0.00000000
  0.00843683 -0.00674761    0.01170594 -0.00000000    0.26265257 -0.00000000
    1    2
  0.07251611 -0.12139500   -0.08705017  0.00168377   -0.08705017  0.00168377
 -0.08705017  0.00168377    0.06766851 -0.10677834   -0.04721267  0.07424390
 -0.08705017  0.00168377   -0.04721267  0.07424390    0.06766851 -0.10677834
    2    1
  0.07251611  0.12139500   -0.08705017 -0.00168377   -0.08705017 -0.00168377
 -0.08705017 -0.00168377    0.06766851  0.10677834   -0.04721267 -0.07424390
 -0.08705017 -0.00168377   -0.04721267 -0.07424390    0.06766851  0.10677834
    2    2
  0.27662180 -0.00000000    0.00843683 -0.00674761    0.00843683 -0.00674761
  0.00843683  0.00674761    0.26265257  0.00000000    0.01170594  0.00000000
  0.00843683  0.00674761    0.01170594  0.00000000    0.26265257  0.00000000

     Dynamical  Matrix in cartesian axes

     q = (    0.500000000  -0.500000000   0.166666667 ) 

    1    1
  0.26265257 -0.00000000   -0.01170594  0.00000000    0.00843683 -0.00674761
 -0.01170594  0.00000000    0.26265257 -0.00000000   -0.00843683  0.00674761
  0.00843683  0.00674761   -0.00843683 -0.00674761    0.27662180  0.00000000
    1    2
 -0.12630701 -0.00521348   -0.08790344 -0.00376543    0.04498327  0.07454577
 -0.08790344 -0.00376543   -0.12630701 -0.00521348   -0.04498327 -0.07454577
  0.04498327  0.07454577   -0.04498327 -0.07454577   -0.14138921 -0.00210330
    2    1
 -0.12630701  0.00521348   -0.08790344  0.00376543    0.04498327 -0.07454577
 -0.08790344  0.00376543   -0.12630701  0.00521348   -0.04498327  0.07454577
  0.04498327 -0.07454577   -0.04498327  0.07454577   -0.14138921  0.00210330
    2    2
  0.26265257  0.00000000   -0.01170594 -0.00000000    0.00843683  0.00674761
 -0.01170594 -0.00000000    0.26265257  0.00000000   -0.00843683 -0.00674761
  0.00843683 -0.00674761   -0.00843683  0.00674761    0.27662180 -0.00000000

     Dynamical  Matrix in cartesian axes

     q = (    0.500000000   0.500000000  -0.166666667 ) 

    1    1
  0.26265257 -0.00000000    0.01170594 -0.00000000   -0.00843683  0.00674761
  0.01170594 -0.00000000    0.26265257 -0.00000000   -0.00843683  0.00674761
 -0.00843683 -0.00674761   -0.00843683 -0.00674761    0.27662180  0.00000000
    1    2
 -0.06766851  0.10677834    0.04721267 -0.07424390   -0.08705017  0.00168377
  0.04721267 -0.07424390   -0.06766851  0.10677834   -0.08705017  0.00168377
 -0.08705017  0.00168377   -0.08705017  0.00168377   -0.07251611  0.12139500
    2    1
 -0.06766851 -0.10677834    0.04721267  0.07424390   -0.08705017 -0.00168377
  0.04721267  0.07424390   -0.06766851 -0.10677834   -0.08705017 -0.00168377
 -0.08705017 -0.00168377   -0.08705017 -0.00168377   -0.07251611 -0.12139500
    2    2
  0.26265257  0.00000000    0.01170594  0.00000000   -0.00843683 -0.00674761
  0.01170594  0.00000000    0.26265257  0.00000000   -0.00843683 -0.00674761
 -0.00843683  0.00674761   -0.00843683  0.00674761    0.27662180 -0.00000000

     Dynamical  Matrix in cartesian axes

     q = (   -0.500000000  -0.500000000  -0.166666667 ) 

    1    1
  0.26265257 -0.00000000    0.01170594 -0.00000000    0.00843683 -0.00674761
  0.01170594 -0.00000000    0.26265257 -0.00000000    0.00843683 -0.00674761
  0.00843683  0.00674761    0.00843683  0.00674761    0.27662180  0.00000000
    1    2
  0.06766851 -0.10677834   -0.04721267  0.07424390   -0.08705017  0.00168377
 -0.04721267  0.07424390    0.06766851 -0.10677834   -0.08705017  0.00168377
 -0.08705017  0.00168377   -0.08705017  0.00168377    0.07251611 -0.12139500
    2    1
  0.06766851  0.10677834   -0.04721267 -0.07424390   -0.08705017 -0.00168377
 -0.04721267 -0.07424390    0.06766851  0.10677834   -0.08705017 -0.00168377
 -0.08705017 -0.00168377   -0.08705017 -0.00168377    0.07251611  0.12139500
    2    2
  0.26265257  0.00000000    0.01170594  0.00000000    0.00843683  0.00674761
  0.01170594  0.00000000    0.26265257  0.00000000    0.00843683  0.00674761
  0.00843683 -0.00674761    0.00843683 -0.00674761    0.27662180 -0.00000000

     Dynamical  Matrix in cartesian axes

     q = (   -0.500000000   0.500000000   0.166666667 ) 

    1    1
  0.26265257 -0.00000000   -0.01170594  0.00000000   -0.00843683  0.00674761
 -0.01170594  0.00000000    0.26265257 -0.00000000    0.00843683 -0.00674761
 -0.00843683 -0.00674761    0.00843683  0.00674761    0.27662180  0.00000000
    1    2
 -0.12630701 -0.00521348   -0.08790344 -0.00376543   -0.04498327 -0.07454577
 -0.08790344 -0.00376543   -0.12630701 -0.00521348    0.04498327  0.07454577
 -0.04498327 -0.07454577    0.04498327  0.07454577   -0.14138921 -0.00210330
    2    1
 -0.12630701  0.00521348   -0.08790344  0.00376543   -0.04498327  0.07454577
 -0.08790344  0.00376543   -0.12630701  0.00521348    0.04498327 -0.07454577
 -0.04498327  0.07454577    0.04498327 -0.07454577   -0.14138921  0.00210330
    2    2
  0.26265257  0.00000000   -0.01170594 -0.00000000   -0.00843683 -0.00674761
 -0.01170594 -0.00000000    0.26265257  0.00000000    0.00843683  0.00674761
 -0.00843683  0.00674761    0.00843683 -0.00674761    0.27662180 -0.00000000

     Dynamical  Matrix in cartesian axes

     q = (    0.166666667  -0.500000000   0.500000000 ) 

    1    1
  0.27662180  0.00000000   -0.00843683 -0.00674761    0.00843683  0.00674761
 -0.00843683  0.00674761    0.26265257 -0.00000000   -0.01170594  0.00000000
  0.00843683 -0.00674761   -0.01170594  0.00000000    0.26265257 -0.00000000
    1    2
 -0.14138921 -0.00210330   -0.04498327 -0.07454577    0.04498327  0.07454577
 -0.04498327 -0.07454577   -0.12630701 -0.00521348   -0.08790344 -0.00376543
  0.04498327  0.07454577   -0.08790344 -0.00376543   -0.12630701 -0.00521348
    2    1
 -0.14138921  0.00210330   -0.04498327  0.07454577    0.04498327 -0.07454577
 -0.04498327  0.07454577   -0.12630701  0.00521348   -0.08790344  0.00376543
  0.04498327 -0.07454577   -0.08790344  0.00376543   -0.12630701  0.00521348
    2    2
  0.27662180 -0.00000000   -0.00843683  0.00674761    0.00843683 -0.00674761
 -0.00843683 -0.00674761    0.26265257  0.00000000   -0.01170594 -0.00000000
  0.00843683  0.00674761   -0.01170594 -0.00000000    0.26265257  0.00000000

     Dynamical  Matrix in cartesian axes

     q = (    0.166666667   0.500000000   0.500000000 ) 

    1    1
  0.27662180 -0.00000000    0.00843683 -0.00674761    0.00843683 -0.00674761
  0.00843683  0.00674761    0.26265257  0.00000000    0.01170594  0.00000000
  0.00843683  0.00674761    0.01170594  0.00000000    0.26265257  0.00000000
    1    2
  0.07251611  0.12139500   -0.08705017 -0.00168377   -0.08705017 -0.00168377
 -0.08705017 -0.00168377    0.06766851  0.10677834   -0.04721267 -0.07424390
 -0.08705017 -0.00168377   -0.04721267 -0.07424390    0.06766851  0.10677834
    2    1
  0.07251611 -0.12139500   -0.08705017  0.00168377   -0.08705017  0.00168377
 -0.08705017  0.00168377    0.06766851 -0.10677834   -0.04721267  0.07424390
 -0.08705017  0.00168377   -0.04721267  0.07424390    0.06766851 -0.10677834
    2    2
  0.27662180  0.00000000    0.00843683  0.00674761    0.00843683  0.00674761
  0.00843683 -0.00674761    0.26265257 -0.00000000    0.01170594 -0.00000000
  0.00843683 -0.00674761    0.01170594 -0.00000000    0.26265257 -0.00000000

     Dynamical  Matrix in cartesian axes

     q = (   -0.500000000   0.166666667  -0.500000000 ) 

    1    1
  0.26265257  0.00000000   -0.00843683 -0.00674761    0.01170594  0.00000000
 -0.00843683  0.00674761    0.27662180 -0.00000000   -0.00843683  0.00674761
  0.01170594  0.00000000   -0.00843683 -0.00674761    0.26265257  0.00000000
    1    2
 -0.06766851 -0.10677834   -0.08705017 -0.00168377    0.04721267  0.07424390
 -0.08705017 -0.00168377   -0.07251611 -0.12139500   -0.08705017 -0.00168377
  0.04721267  0.07424390   -0.08705017 -0.00168377   -0.06766851 -0.10677834
    2    1
 -0.06766851  0.10677834   -0.08705017  0.00168377    0.04721267 -0.07424390
 -0.08705017  0.00168377   -0.07251611  0.12139500   -0.08705017  0.00168377
  0.04721267 -0.07424390   -0.08705017  0.00168377   -0.06766851  0.10677834
    2    2
  0.26265257 -0.00000000   -0.00843683  0.00674761    0.01170594 -0.00000000
 -0.00843683 -0.00674761    0.27662180  0.00000000   -0.00843683 -0.00674761
  0.01170594 -0.00000000   -0.00843683  0.00674761    0.26265257 -0.00000000

     Dynamical  Matrix in cartesian axes

     q = (   -0.166666667  -0.500000000   0.500000000 ) 

    1    1
  0.27662180 -0.00000000    0.00843683 -0.00674761   -0.00843683  0.00674761
  0.00843683  0.00674761    0.26265257  0.00000000   -0.01170594 -0.00000000
 -0.00843683 -0.00674761   -0.01170594 -0.00000000    0.26265257  0.00000000
    1    2
 -0.14138921  0.00210330    0.04498327 -0.07454577   -0.04498327  0.07454577
  0.04498327 -0.07454577   -0.12630701  0.00521348   -0.08790344  0.00376543
 -0.04498327  0.07454577   -0.08790344  0.00376543   -0.12630701  0.00521348
    2    1
 -0.14138921 -0.00210330    0.04498327  0.07454577   -0.04498327 -0.07454577
  0.04498327  0.07454577   -0.12630701 -0.00521348   -0.08790344 -0.00376543
 -0.04498327 -0.07454577   -0.08790344 -0.00376543   -0.12630701 -0.00521348
    2    2
  0.27662180  0.00000000    0.00843683  0.00674761   -0.00843683 -0.00674761
  0.00843683 -0.00674761    0.26265257 -0.00000000   -0.01170594  0.00000000
 -0.00843683  0.00674761   -0.01170594  0.00000000    0.26265257 -0.00000000

     Dynamical  Matrix in cartesian axes

     q = (   -0.500000000  -0.500000000   0.166666667 ) 

    1    1
  0.26265257  0.00000000    0.01170594  0.00000000   -0.00843683 -0.00674761
  0.01170594  0.00000000    0.26265257  0.00000000   -0.00843683 -0.00674761
 -0.00843683  0.00674761   -0.00843683  0.00674761    0.27662180 -0.00000000
    1    2
 -0.06766851 -0.10677834    0.04721267  0.07424390   -0.08705017 -0.00168377
  0.04721267  0.07424390   -0.06766851 -0.10677834   -0.08705017 -0.00168377
 -0.08705017 -0.00168377   -0.08705017 -0.00168377   -0.07251611 -0.12139500
    2    1
 -0.06766851  0.10677834    0.04721267 -0.07424390   -0.08705017  0.00168377
  0.04721267 -0.07424390   -0.06766851  0.10677834   -0.08705017  0.00168377
 -0.08705017  0.00168377   -0.08705017  0.00168377   -0.07251611  0.12139500
    2    2
  0.26265257 -0.00000000    0.01170594 -0.00000000   -0.00843683  0.00674761
  0.01170594 -0.00000000    0.26265257 -0.00000000   -0.00843683  0.00674761
 -0.00843683 -0.00674761   -0.00843683 -0.00674761    0.27662180  0.00000000

     Dynamical  Matrix in cartesian axes

     q = (    0.500000000   0.500000000   0.166666667 ) 

    1    1
  0.26265257  0.00000000    0.01170594  0.00000000    0.00843683  0.00674761
  0.01170594  0.00000000    0.26265257  0.00000000    0.00843683  0.00674761
  0.00843683 -0.00674761    0.00843683 -0.00674761    0.27662180 -0.00000000
    1    2
  0.06766851  0.10677834   -0.04721267 -0.07424390   -0.08705017 -0.00168377
 -0.04721267 -0.07424390    0.06766851  0.10677834   -0.08705017 -0.00168377
 -0.08705017 -0.00168377   -0.08705017 -0.00168377    0.07251611  0.12139500
    2    1
  0.06766851 -0.10677834   -0.04721267  0.07424390   -0.08705017  0.00168377
 -0.04721267  0.07424390    0.06766851 -0.10677834   -0.08705017  0.00168377
 -0.08705017  0.00168377   -0.08705017  0.00168377    0.07251611 -0.12139500
    2    2
  0.26265257 -0.00000000    0.01170594 -0.00000000    0.00843683 -0.00674761
  0.01170594 -0.00000000    0.26265257 -0.00000000    0.00843683 -0.00674761
  0.00843683  0.00674761    0.00843683  0.00674761    0.27662180  0.00000000

     Dynamical  Matrix in cartesian axes

     q = (    0.166666667  -0.500000000  -0.500000000 ) 

    1    1
  0.27662180 -0.00000000   -0.00843683  0.00674761   -0.00843683  0.00674761
 -0.00843683 -0.00674761    0.26265257  0.00000000    0.01170594  0.00000000
 -0.00843683 -0.00674761    0.01170594  0.00000000    0.26265257  0.00000000
    1    2
 -0.07251611 -0.12139500   -0.08705017 -0.00168377   -0.08705017 -0.00168377
 -0.08705017 -0.00168377   -0.06766851 -0.10677834    0.04721267  0.07424390
 -0.08705017 -0.00168377    0.04721267  0.07424390   -0.06766851 -0.10677834
    2    1
 -0.07251611  0.12139500   -0.08705017  0.00168377   -0.08705017  0.00168377
 -0.08705017  0.00168377   -0.06766851  0.10677834    0.04721267 -0.07424390
 -0.08705017  0.00168377    0.04721267 -0.07424390   -0.06766851  0.10677834
    2    2
  0.27662180  0.00000000   -0.00843683 -0.00674761   -0.00843683 -0.00674761
 -0.00843683  0.00674761    0.26265257 -0.00000000    0.01170594 -0.00000000
 -0.00843683  0.00674761    0.01170594 -0.00000000    0.26265257 -0.00000000

     Dynamical  Matrix in cartesian axes

     q = (    0.500000000  -0.500000000  -0.166666667 ) 

    1    1
  0.26265257  0.00000000   -0.01170594 -0.00000000   -0.00843683 -0.00674761
 -0.01170594 -0.00000000    0.26265257  0.00000000    0.00843683  0.00674761
 -0.00843683  0.00674761    0.00843683 -0.00674761    0.27662180 -0.00000000
    1    2
 -0.12630701  0.00521348   -0.08790344  0.00376543   -0.04498327  0.07454577
 -0.08790344  0.00376543   -0.12630701  0.00521348    0.04498327 -0.07454577
 -0.04498327  0.07454577    0.04498327 -0.07454577   -0.14138921  0.00210330
    2    1
 -0.12630701 -0.00521348   -0.08790344 -0.00376543   -0.04498327 -0.07454577
 -0.08790344 -0.00376543   -0.12630701 -0.00521348    0.04498327  0.07454577
 -0.04498327 -0.07454577    0.04498327  0.07454577   -0.14138921 -0.00210330
    2    2
  0.26265257 -0.00000000   -0.01170594  0.00000000   -0.00843683  0.00674761
 -0.01170594  0.00000000    0.26265257 -0.00000000    0.00843683 -0.00674761
 -0.00843683 -0.00674761    0.00843683  0.00674761    0.27662180  0.00000000

     Diagonalizing the dynamical matrix

     q = (    0.500000000  -0.166666667   0.500000000 ) 

 **************************************************************************
     freq (    1) =       3.930949 [THz] =     131.122333 [cm-1]
 (  0.267915 -0.422163  0.000000 -0.000000 -0.267915  0.422163 ) 
 (  0.500000  0.000000  0.000000  0.000000 -0.500000  0.000000 ) 
     freq (    2) =       5.101132 [THz] =     170.155437 [cm-1]
 ( -0.260762 -0.045462 -0.569815  0.187573 -0.260762 -0.045462 ) 
 ( -0.264695 -0.000000 -0.529132 -0.282653 -0.264695  0.000000 ) 
     freq (    3) =       9.025496 [THz] =     301.058130 [cm-1]
 (  0.206158  0.365616 -0.327633 -0.200761  0.206158  0.365616 ) 
 ( -0.419733 -0.000000  0.335798  0.186784 -0.419733  0.000000 ) 
     freq (    4) =      12.357308 [THz] =     412.195413 [cm-1]
 (  0.113971  0.427531 -0.314907 -0.096379  0.113971  0.427531 ) 
 (  0.442462  0.000000 -0.174242 -0.279455  0.442462  0.000000 ) 
     freq (    5) =      14.026608 [THz] =     467.877266 [cm-1]
 (  0.267915 -0.422163  0.000000  0.000000 -0.267915  0.422163 ) 
 ( -0.500000 -0.000000  0.000000 -0.000000  0.500000  0.000000 ) 
     freq (    6) =      14.342926 [THz] =     478.428504 [cm-1]
 (  0.136702  0.198245  0.618799 -0.033337  0.136702  0.198245 ) 
 ( -0.240808 -0.000000 -0.323836 -0.528350 -0.240808  0.000000 ) 
 **************************************************************************
