Dynamical matrix file
                                                                           
  1    2  2 10.3760000  0.0000000  0.0000000  0.0000000  0.0000000  0.0000000
           1  'Si  '    25598.8229845270     
    1    1      0.0000000000      0.0000000000      0.0000000000
    2    1      0.2500000000      0.2500000000      0.2500000000

     Dynamical  Matrix in cartesian axes

     q = (   -0.166666667   0.500000000  -0.166666667 ) 

    1    1
  0.24342860  0.00000000   -0.00641241  0.00530381    0.00415268  0.00000000
 -0.00641241 -0.00530381    0.28329770  0.00000000   -0.00641241 -0.00530381
  0.00415268  0.00000000   -0.00641241  0.00530381    0.24342860  0.00000000
    1    2
 -0.14944070  0.05425534   -0.01908750  0.03383950   -0.01829439 -0.10507496
 -0.01908750  0.03383950   -0.15654435  0.06428045   -0.01908750  0.03383950
 -0.01829439 -0.10507496   -0.01908750  0.03383950   -0.14944070  0.05425534
    2    1
 -0.14944070 -0.05425534   -0.01908750 -0.03383950   -0.01829439  0.10507496
 -0.01908750 -0.03383950   -0.15654435 -0.06428045   -0.01908750 -0.03383950
 -0.01829439  0.10507496   -0.01908750 -0.03383950   -0.14944070 -0.05425534
    2    2
  0.24342860  0.00000000   -0.00641241 -0.00530381    0.00415268  0.00000000
 -0.00641241  0.00530381    0.28329770  0.00000000   -0.00641241  0.00530381
  0.00415268  0.00000000   -0.00641241 -0.00530381    0.24342860  0.00000000

     Dynamical  Matrix in cartesian axes

     q = (    0.166666667   0.500000000   0.166666667 ) 

    1    1
  0.24342860  0.00000000    0.00641241 -0.00530381    0.00415268  0.00000000
  0.00641241  0.00530381    0.28329770  0.00000000    0.00641241  0.00530381
  0.00415268  0.00000000    0.00641241 -0.00530381    0.24342860  0.00000000
    1    2
 -0.02773385  0.15654711   -0.01976212 -0.03345002   -0.10014478 -0.03669408
 -0.01976212 -0.03345002   -0.02260368  0.16771161   -0.01976212 -0.03345002
 -0.10014478 -0.03669408   -0.01976212 -0.03345002   -0.02773385  0.15654711
    2    1
 -0.02773385 -0.15654711   -0.01976212  0.03345002   -0.10014478  0.03669408
 -0.01976212  0.03345002   -0.02260368 -0.16771161   -0.01976212  0.03345002
 -0.10014478  0.03669408   -0.01976212  0.03345002   -0.02773385 -0.15654711
    2    2
  0.24342860  0.00000000    0.00641241  0.00530381    0.00415268  0.00000000
  0.00641241 -0.00530381    0.28329770  0.00000000    0.00641241 -0.00530381
  0.00415268  0.00000000    0.00641241  0.00530381    0.24342860  0.00000000

     Dynamical  Matrix in cartesian axes

     q = (   -0.166666667   0.500000000   0.166666667 ) 

    1    1
  0.24342860  0.00000000   -0.00641241 -0.00530381   -0.00415268  0.00000000
 -0.00641241  0.00530381    0.28329770  0.00000000    0.00641241 -0.00530381
 -0.00415268  0.00000000    0.00641241  0.00530381    0.24342860  0.00000000
    1    2
 -0.12170685  0.10229177   -0.03884962 -0.00038949   -0.08185039 -0.06838088
 -0.03884962 -0.00038949   -0.13394067  0.10343116    0.03884962  0.00038949
 -0.08185039 -0.06838088    0.03884962  0.00038949   -0.12170685  0.10229177
    2    1
 -0.12170685 -0.10229177   -0.03884962  0.00038949   -0.08185039  0.06838088
 -0.03884962  0.00038949   -0.13394067 -0.10343116    0.03884962 -0.00038949
 -0.08185039  0.06838088    0.03884962 -0.00038949   -0.12170685 -0.10229177
    2    2
  0.24342860  0.00000000   -0.00641241  0.00530381   -0.00415268  0.00000000
 -0.00641241 -0.00530381    0.28329770  0.00000000    0.00641241  0.00530381
 -0.00415268  0.00000000    0.00641241 -0.00530381    0.24342860  0.00000000

     Dynamical  Matrix in cartesian axes

     q = (    0.166666667   0.500000000  -0.166666667 ) 

    1    1
  0.24342860  0.00000000    0.00641241  0.00530381   -0.00415268  0.00000000
  0.00641241 -0.00530381    0.28329770  0.00000000   -0.00641241  0.00530381
 -0.00415268  0.00000000   -0.00641241 -0.00530381    0.24342860  0.00000000
    1    2
 -0.12170685  0.10229177    0.03884962  0.00038949   -0.08185039 -0.06838088
  0.03884962  0.00038949   -0.13394067  0.10343116   -0.03884962 -0.00038949
 -0.08185039 -0.06838088   -0.03884962 -0.00038949   -0.12170685  0.10229177
    2    1
 -0.12170685 -0.10229177    0.03884962 -0.00038949   -0.08185039  0.06838088
  0.03884962 -0.00038949   -0.13394067 -0.10343116   -0.03884962  0.00038949
 -0.08185039  0.06838088   -0.03884962  0.00038949   -0.12170685 -0.10229177
    2    2
  0.24342860  0.00000000    0.00641241 -0.00530381   -0.00415268  0.00000000
  0.00641241  0.00530381    0.28329770  0.00000000   -0.00641241 -0.00530381
 -0.00415268  0.00000000   -0.00641241  0.00530381    0.24342860  0.00000000

     Dynamical  Matrix in cartesian axes

     q = (    0.500000000  -0.166666667   0.166666667 ) 

    1    1
  0.28329770  0.00000000   -0.00641241  0.00530381    0.00641241 -0.00530381
 -0.00641241 -0.00530381    0.24342860  0.00000000   -0.00415268  0.00000000
  0.00641241  0.00530381   -0.00415268  0.00000000    0.24342860  0.00000000
    1    2
 -0.13394067  0.10343116   -0.03884962 -0.00038949    0.03884962  0.00038949
 -0.03884962 -0.00038949   -0.12170685  0.10229177   -0.08185039 -0.06838088
  0.03884962  0.00038949   -0.08185039 -0.06838088   -0.12170685  0.10229177
    2    1
 -0.13394067 -0.10343116   -0.03884962  0.00038949    0.03884962 -0.00038949
 -0.03884962  0.00038949   -0.12170685 -0.10229177   -0.08185039  0.06838088
  0.03884962 -0.00038949   -0.08185039  0.06838088   -0.12170685 -0.10229177
    2    2
  0.28329770  0.00000000   -0.00641241 -0.00530381    0.00641241  0.00530381
 -0.00641241  0.00530381    0.24342860  0.00000000   -0.00415268  0.00000000
  0.00641241 -0.00530381   -0.00415268  0.00000000    0.24342860  0.00000000

     Dynamical  Matrix in cartesian axes

     q = (    0.166666667  -0.166666667   0.500000000 ) 

    1    1
  0.24342860  0.00000000   -0.00415268  0.00000000    0.00641241  0.00530381
 -0.00415268  0.00000000    0.24342860  0.00000000   -0.00641241 -0.00530381
  0.00641241 -0.00530381   -0.00641241  0.00530381    0.28329770  0.00000000
    1    2
 -0.12170685  0.10229177   -0.08185039 -0.06838088    0.03884962  0.00038949
 -0.08185039 -0.06838088   -0.12170685  0.10229177   -0.03884962 -0.00038949
  0.03884962  0.00038949   -0.03884962 -0.00038949   -0.13394067  0.10343116
    2    1
 -0.12170685 -0.10229177   -0.08185039  0.06838088    0.03884962 -0.00038949
 -0.08185039  0.06838088   -0.12170685 -0.10229177   -0.03884962  0.00038949
  0.03884962 -0.00038949   -0.03884962  0.00038949   -0.13394067 -0.10343116
    2    2
  0.24342860  0.00000000   -0.00415268  0.00000000    0.00641241 -0.00530381
 -0.00415268  0.00000000    0.24342860  0.00000000   -0.00641241  0.00530381
  0.00641241  0.00530381   -0.00641241 -0.00530381    0.28329770  0.00000000

     Dynamical  Matrix in cartesian axes

     q = (   -0.166666667  -0.500000000  -0.166666667 ) 

    1    1
  0.24342860  0.00000000    0.00641241  0.00530381    0.00415268  0.00000000
  0.00641241 -0.00530381    0.28329770  0.00000000    0.00641241 -0.00530381
  0.00415268  0.00000000    0.00641241  0.00530381    0.24342860  0.00000000
    1    2
 -0.02773385 -0.15654711   -0.01976212  0.03345002   -0.10014478  0.03669408
 -0.01976212  0.03345002   -0.02260368 -0.16771161   -0.01976212  0.03345002
 -0.10014478  0.03669408   -0.01976212  0.03345002   -0.02773385 -0.15654711
    2    1
 -0.02773385  0.15654711   -0.01976212 -0.03345002   -0.10014478 -0.03669408
 -0.01976212 -0.03345002   -0.02260368  0.16771161   -0.01976212 -0.03345002
 -0.10014478 -0.03669408   -0.01976212 -0.03345002   -0.02773385  0.15654711
    2    2
  0.24342860  0.00000000    0.00641241 -0.00530381    0.00415268  0.00000000
  0.00641241  0.00530381    0.28329770  0.00000000    0.00641241  0.00530381
  0.00415268  0.00000000    0.00641241 -0.00530381    0.24342860  0.00000000

     Dynamical  Matrix in cartesian axes

     q = (    0.166666667  -0.500000000  -0.166666667 ) 

    1    1
  0.24342860  0.00000000   -0.00641241  0.00530381   -0.00415268  0.00000000
 -0.00641241 -0.00530381    0.28329770  0.00000000    0.00641241  0.00530381
 -0.00415268  0.00000000    0.00641241 -0.00530381    0.24342860  0.00000000
    1    2
 -0.12170685 -0.10229177   -0.03884962  0.00038949   -0.08185039  0.06838088
 -0.03884962  0.00038949   -0.13394067 -0.10343116    0.03884962 -0.00038949
 -0.08185039  0.06838088    0.03884962 -0.00038949   -0.12170685 -0.10229177
    2    1
 -0.12170685  0.10229177   -0.03884962 -0.00038949   -0.08185039 -0.06838088
 -0.03884962 -0.00038949   -0.13394067  0.10343116    0.03884962  0.00038949
 -0.08185039 -0.06838088    0.03884962  0.00038949   -0.12170685  0.10229177
    2    2
  0.24342860  0.00000000   -0.00641241 -0.00530381   -0.00415268  0.00000000
 -0.00641241  0.00530381    0.28329770  0.00000000    0.00641241 -0.00530381
 -0.00415268  0.00000000    0.00641241  0.00530381    0.24342860  0.00000000

     Dynamical  Matrix in cartesian axes

     q = (   -0.166666667  -0.500000000   0.166666667 ) 

    1    1
  0.24342860  0.00000000    0.00641241 -0.00530381   -0.00415268  0.00000000
  0.00641241  0.00530381    0.28329770  0.00000000   -0.00641241 -0.00530381
 -0.00415268  0.00000000   -0.00641241  0.00530381    0.24342860  0.00000000
    1    2
 -0.12170685 -0.10229177    0.03884962 -0.00038949   -0.08185039  0.06838088
  0.03884962 -0.00038949   -0.13394067 -0.10343116   -0.03884962  0.00038949
 -0.08185039  0.06838088   -0.03884962  0.00038949   -0.12170685 -0.10229177
    2    1
 -0.12170685  0.10229177    0.03884962  0.00038949   -0.08185039 -0.06838088
  0.03884962  0.00038949   -0.13394067  0.10343116   -0.03884962 -0.00038949
 -0.08185039 -0.06838088   -0.03884962 -0.00038949   -0.12170685  0.10229177
    2    2
  0.24342860  0.00000000    0.00641241  0.00530381   -0.00415268  0.00000000
  0.00641241 -0.00530381    0.28329770  0.00000000   -0.00641241  0.00530381
 -0.00415268  0.00000000   -0.00641241 -0.00530381    0.24342860  0.00000000

     Dynamical  Matrix in cartesian axes

     q = (    0.500000000  -0.166666667  -0.166666667 ) 

    1    1
  0.28329770  0.00000000   -0.00641241 -0.00530381   -0.00641241 -0.00530381
 -0.00641241  0.00530381    0.24342860  0.00000000    0.00415268  0.00000000
 -0.00641241  0.00530381    0.00415268  0.00000000    0.24342860  0.00000000
    1    2
 -0.15654435  0.06428045   -0.01908750  0.03383950   -0.01908750  0.03383950
 -0.01908750  0.03383950   -0.14944070  0.05425534   -0.01829439 -0.10507496
 -0.01908750  0.03383950   -0.01829439 -0.10507496   -0.14944070  0.05425534
    2    1
 -0.15654435 -0.06428045   -0.01908750 -0.03383950   -0.01908750 -0.03383950
 -0.01908750 -0.03383950   -0.14944070 -0.05425534   -0.01829439  0.10507496
 -0.01908750 -0.03383950   -0.01829439  0.10507496   -0.14944070 -0.05425534
    2    2
  0.28329770  0.00000000   -0.00641241  0.00530381   -0.00641241  0.00530381
 -0.00641241 -0.00530381    0.24342860  0.00000000    0.00415268  0.00000000
 -0.00641241 -0.00530381    0.00415268  0.00000000    0.24342860  0.00000000

     Dynamical  Matrix in cartesian axes

     q = (   -0.500000000  -0.166666667   0.166666667 ) 

    1    1
  0.28329770  0.00000000    0.00641241  0.00530381   -0.00641241 -0.00530381
  0.00641241 -0.00530381    0.24342860  0.00000000   -0.00415268  0.00000000
 -0.00641241  0.00530381   -0.00415268  0.00000000    0.24342860  0.00000000
    1    2
 -0.13394067 -0.10343116    0.03884962 -0.00038949   -0.03884962  0.00038949
  0.03884962 -0.00038949   -0.12170685 -0.10229177   -0.08185039  0.06838088
 -0.03884962  0.00038949   -0.08185039  0.06838088   -0.12170685 -0.10229177
    2    1
 -0.13394067  0.10343116    0.03884962  0.00038949   -0.03884962 -0.00038949
  0.03884962  0.00038949   -0.12170685  0.10229177   -0.08185039 -0.06838088
 -0.03884962 -0.00038949   -0.08185039 -0.06838088   -0.12170685  0.10229177
    2    2
  0.28329770  0.00000000    0.00641241 -0.00530381   -0.00641241  0.00530381
  0.00641241  0.00530381    0.24342860  0.00000000   -0.00415268  0.00000000
 -0.00641241 -0.00530381   -0.00415268  0.00000000    0.24342860  0.00000000

     Dynamical  Matrix in cartesian axes

     q = (    0.500000000   0.166666667   0.166666667 ) 

    1    1
  0.28329770  0.00000000    0.00641241  0.00530381    0.00641241  0.00530381
  0.00641241 -0.00530381    0.24342860  0.00000000    0.00415268  0.00000000
  0.00641241 -0.00530381    0.00415268  0.00000000    0.24342860  0.00000000
    1    2
 -0.02260368  0.16771161   -0.01976212 -0.03345002   -0.01976212 -0.03345002
 -0.01976212 -0.03345002   -0.02773385  0.15654711   -0.10014478 -0.03669408
 -0.01976212 -0.03345002   -0.10014478 -0.03669408   -0.02773385  0.15654711
    2    1
 -0.02260368 -0.16771161   -0.01976212  0.03345002   -0.01976212  0.03345002
 -0.01976212  0.03345002   -0.02773385 -0.15654711   -0.10014478  0.03669408
 -0.01976212  0.03345002   -0.10014478  0.03669408   -0.02773385 -0.15654711
    2    2
  0.28329770  0.00000000    0.00641241 -0.00530381    0.00641241 -0.00530381
  0.00641241  0.00530381    0.24342860  0.00000000    0.00415268  0.00000000
  0.00641241  0.00530381    0.00415268  0.00000000    0.24342860  0.00000000

     Dynamical  Matrix in cartesian axes

     q = (   -0.166666667   0.166666667  -0.500000000 ) 

    1    1
  0.24342860  0.00000000   -0.00415268  0.00000000    0.00641241 -0.00530381
 -0.00415268  0.00000000    0.24342860  0.00000000   -0.00641241  0.00530381
  0.00641241  0.00530381   -0.00641241 -0.00530381    0.28329770  0.00000000
    1    2
 -0.12170685 -0.10229177   -0.08185039  0.06838088    0.03884962 -0.00038949
 -0.08185039  0.06838088   -0.12170685 -0.10229177   -0.03884962  0.00038949
  0.03884962 -0.00038949   -0.03884962  0.00038949   -0.13394067 -0.10343116
    2    1
 -0.12170685  0.10229177   -0.08185039 -0.06838088    0.03884962  0.00038949
 -0.08185039 -0.06838088   -0.12170685  0.10229177   -0.03884962 -0.00038949
  0.03884962  0.00038949   -0.03884962 -0.00038949   -0.13394067  0.10343116
    2    2
  0.24342860  0.00000000   -0.00415268  0.00000000    0.00641241  0.00530381
 -0.00415268  0.00000000    0.24342860  0.00000000   -0.00641241 -0.00530381
  0.00641241 -0.00530381   -0.00641241  0.00530381    0.28329770  0.00000000

     Dynamical  Matrix in cartesian axes

     q = (   -0.166666667  -0.166666667   0.500000000 ) 

    1    1
  0.24342860  0.00000000    0.00415268  0.00000000   -0.00641241  0.00530381
  0.00415268  0.00000000    0.24342860  0.00000000   -0.00641241  0.00530381
 -0.00641241 -0.00530381   -0.00641241 -0.00530381    0.28329770  0.00000000
    1    2
 -0.14944070  0.05425534   -0.01829439 -0.10507496   -0.01908750  0.03383950
 -0.01829439 -0.10507496   -0.14944070  0.05425534   -0.01908750  0.03383950
 -0.01908750  0.03383950   -0.01908750  0.03383950   -0.15654435  0.06428045
    2    1
 -0.14944070 -0.05425534   -0.01829439  0.10507496   -0.01908750 -0.03383950
 -0.01829439  0.10507496   -0.14944070 -0.05425534   -0.01908750 -0.03383950
 -0.01908750 -0.03383950   -0.01908750 -0.03383950   -0.15654435 -0.06428045
    2    2
  0.24342860  0.00000000    0.00415268  0.00000000   -0.00641241 -0.00530381
  0.00415268  0.00000000    0.24342860  0.00000000   -0.00641241 -0.00530381
 -0.00641241  0.00530381   -0.00641241  0.00530381    0.28329770  0.00000000

     Dynamical  Matrix in cartesian axes

     q = (    0.166666667   0.166666667   0.500000000 ) 

    1    1
  0.24342860  0.00000000    0.00415268  0.00000000    0.00641241 -0.00530381
  0.00415268  0.00000000    0.24342860  0.00000000    0.00641241 -0.00530381
  0.00641241  0.00530381    0.00641241  0.00530381    0.28329770  0.00000000
    1    2
 -0.02773385  0.15654711   -0.10014478 -0.03669408   -0.01976212 -0.03345002
 -0.10014478 -0.03669408   -0.02773385  0.15654711   -0.01976212 -0.03345002
 -0.01976212 -0.03345002   -0.01976212 -0.03345002   -0.02260368  0.16771161
    2    1
 -0.02773385 -0.15654711   -0.10014478  0.03669408   -0.01976212  0.03345002
 -0.10014478  0.03669408   -0.02773385 -0.15654711   -0.01976212  0.03345002
 -0.01976212  0.03345002   -0.01976212  0.03345002   -0.02260368 -0.16771161
    2    2
  0.24342860  0.00000000    0.00415268  0.00000000    0.00641241  0.00530381
  0.00415268  0.00000000    0.24342860  0.00000000    0.00641241  0.00530381
  0.00641241 -0.00530381    0.00641241 -0.00530381    0.28329770  0.00000000

     Dynamical  Matrix in cartesian axes

     q = (    0.166666667  -0.166666667  -0.500000000 ) 

    1    1
  0.24342860  0.00000000   -0.00415268  0.00000000   -0.00641241  0.00530381
 -0.00415268  0.00000000    0.24342860  0.00000000    0.00641241 -0.00530381
 -0.00641241 -0.00530381    0.00641241  0.00530381    0.28329770  0.00000000
    1    2
 -0.12170685 -0.10229177   -0.08185039  0.06838088   -0.03884962  0.00038949
 -0.08185039  0.06838088   -0.12170685 -0.10229177    0.03884962 -0.00038949
 -0.03884962  0.00038949    0.03884962 -0.00038949   -0.13394067 -0.10343116
    2    1
 -0.12170685  0.10229177   -0.08185039 -0.06838088   -0.03884962 -0.00038949
 -0.08185039 -0.06838088   -0.12170685  0.10229177    0.03884962  0.00038949
 -0.03884962 -0.00038949    0.03884962  0.00038949   -0.13394067  0.10343116
    2    2
  0.24342860  0.00000000   -0.00415268  0.00000000   -0.00641241 -0.00530381
 -0.00415268  0.00000000    0.24342860  0.00000000    0.00641241  0.00530381
 -0.00641241  0.00530381    0.00641241 -0.00530381    0.28329770  0.00000000

     Dynamical  Matrix in cartesian axes

     q = (   -0.500000000   0.166666667  -0.166666667 ) 

    1    1
  0.28329770  0.00000000   -0.00641241 -0.00530381    0.00641241  0.00530381
 -0.00641241  0.00530381    0.24342860  0.00000000   -0.00415268  0.00000000
  0.00641241 -0.00530381   -0.00415268  0.00000000    0.24342860  0.00000000
    1    2
 -0.13394067 -0.10343116   -0.03884962  0.00038949    0.03884962 -0.00038949
 -0.03884962  0.00038949   -0.12170685 -0.10229177   -0.08185039  0.06838088
  0.03884962 -0.00038949   -0.08185039  0.06838088   -0.12170685 -0.10229177
    2    1
 -0.13394067  0.10343116   -0.03884962 -0.00038949    0.03884962  0.00038949
 -0.03884962 -0.00038949   -0.12170685  0.10229177   -0.08185039 -0.06838088
  0.03884962  0.00038949   -0.08185039 -0.06838088   -0.12170685  0.10229177
    2    2
  0.28329770  0.00000000   -0.00641241  0.00530381    0.00641241 -0.00530381
 -0.00641241 -0.00530381    0.24342860  0.00000000   -0.00415268  0.00000000
  0.00641241  0.00530381   -0.00415268  0.00000000    0.24342860  0.00000000

     Dynamical  Matrix in cartesian axes

     q = (   -0.500000000  -0.166666667  -0.166666667 ) 

    1    1
  0.28329770  0.00000000    0.00641241 -0.00530381    0.00641241 -0.00530381
  0.00641241  0.00530381    0.24342860  0.00000000    0.00415268  0.00000000
  0.00641241  0.00530381    0.00415268  0.00000000    0.24342860  0.00000000
    1    2
 -0.02260368 -0.16771161   -0.01976212  0.03345002   -0.01976212  0.03345002
 -0.01976212  0.03345002   -0.02773385 -0.15654711   -0.10014478  0.03669408
 -0.01976212  0.03345002   -0.10014478  0.03669408   -0.02773385 -0.15654711
    2    1
 -0.02260368  0.16771161   -0.01976212 -0.03345002   -0.01976212 -0.03345002
 -0.01976212 -0.03345002   -0.02773385  0.15654711   -0.10014478 -0.03669408
 -0.01976212 -0.03345002   -0.10014478 -0.03669408   -0.02773385  0.15654711
    2    2
  0.28329770  0.00000000    0.00641241  0.00530381    0.00641241  0.00530381
  0.00641241 -0.00530381    0.24342860  0.00000000    0.00415268  0.00000000
  0.00641241 -0.00530381    0.00415268  0.00000000    0.24342860  0.00000000

     Dynamical  Matrix in cartesian axes

     q = (    0.166666667  -0.500000000   0.166666667 ) 

    1    1
  0.24342860  0.00000000   -0.00641241 -0.00530381    0.00415268  0.00000000
 -0.00641241  0.00530381    0.28329770  0.00000000   -0.00641241  0.00530381
  0.00415268  0.00000000   -0.00641241 -0.00530381    0.24342860  0.00000000
    1    2
 -0.14944070 -0.05425534   -0.01908750 -0.03383950   -0.01829439  0.10507496
 -0.01908750 -0.03383950   -0.15654435 -0.06428045   -0.01908750 -0.03383950
 -0.01829439  0.10507496   -0.01908750 -0.03383950   -0.14944070 -0.05425534
    2    1
 -0.14944070  0.05425534   -0.01908750  0.03383950   -0.01829439 -0.10507496
 -0.01908750  0.03383950   -0.15654435  0.06428045   -0.01908750  0.03383950
 -0.01829439 -0.10507496   -0.01908750  0.03383950   -0.14944070  0.05425534
    2    2
  0.24342860  0.00000000   -0.00641241  0.00530381    0.00415268  0.00000000
 -0.00641241 -0.00530381    0.28329770  0.00000000   -0.00641241 -0.00530381
  0.00415268  0.00000000   -0.00641241  0.00530381    0.24342860  0.00000000

     Dynamical  Matrix in cartesian axes

     q = (    0.500000000   0.166666667  -0.166666667 ) 

    1    1
  0.28329770  0.00000000    0.00641241 -0.00530381   -0.00641241  0.00530381
  0.00641241  0.00530381    0.24342860  0.00000000   -0.00415268  0.00000000
 -0.00641241 -0.00530381   -0.00415268  0.00000000    0.24342860  0.00000000
    1    2
 -0.13394067  0.10343116    0.03884962  0.00038949   -0.03884962 -0.00038949
  0.03884962  0.00038949   -0.12170685  0.10229177   -0.08185039 -0.06838088
 -0.03884962 -0.00038949   -0.08185039 -0.06838088   -0.12170685  0.10229177
    2    1
 -0.13394067 -0.10343116    0.03884962 -0.00038949   -0.03884962  0.00038949
  0.03884962 -0.00038949   -0.12170685 -0.10229177   -0.08185039  0.06838088
 -0.03884962  0.00038949   -0.08185039  0.06838088   -0.12170685 -0.10229177
    2    2
  0.28329770  0.00000000    0.00641241  0.00530381   -0.00641241 -0.00530381
  0.00641241 -0.00530381    0.24342860  0.00000000   -0.00415268  0.00000000
 -0.00641241  0.00530381   -0.00415268  0.00000000    0.24342860  0.00000000

     Dynamical  Matrix in cartesian axes

     q = (    0.166666667   0.166666667  -0.500000000 ) 

    1    1
  0.24342860  0.00000000    0.00415268  0.00000000   -0.00641241 -0.00530381
  0.00415268  0.00000000    0.24342860  0.00000000   -0.00641241 -0.00530381
 -0.00641241  0.00530381   -0.00641241  0.00530381    0.28329770  0.00000000
    1    2
 -0.14944070 -0.05425534   -0.01829439  0.10507496   -0.01908750 -0.03383950
 -0.01829439  0.10507496   -0.14944070 -0.05425534   -0.01908750 -0.03383950
 -0.01908750 -0.03383950   -0.01908750 -0.03383950   -0.15654435 -0.06428045
    2    1
 -0.14944070  0.05425534   -0.01829439 -0.10507496   -0.01908750  0.03383950
 -0.01829439 -0.10507496   -0.14944070  0.05425534   -0.01908750  0.03383950
 -0.01908750  0.03383950   -0.01908750  0.03383950   -0.15654435  0.06428045
    2    2
  0.24342860  0.00000000    0.00415268  0.00000000   -0.00641241  0.00530381
  0.00415268  0.00000000    0.24342860  0.00000000   -0.00641241  0.00530381
 -0.00641241 -0.00530381   -0.00641241 -0.00530381    0.28329770  0.00000000

     Dynamical  Matrix in cartesian axes

     q = (   -0.166666667  -0.166666667  -0.500000000 ) 

    1    1
  0.24342860  0.00000000    0.00415268  0.00000000    0.00641241  0.00530381
  0.00415268  0.00000000    0.24342860  0.00000000    0.00641241  0.00530381
  0.00641241 -0.00530381    0.00641241 -0.00530381    0.28329770  0.00000000
    1    2
 -0.02773385 -0.15654711   -0.10014478  0.03669408   -0.01976212  0.03345002
 -0.10014478  0.03669408   -0.02773385 -0.15654711   -0.01976212  0.03345002
 -0.01976212  0.03345002   -0.01976212  0.03345002   -0.02260368 -0.16771161
    2    1
 -0.02773385  0.15654711   -0.10014478 -0.03669408   -0.01976212 -0.03345002
 -0.10014478 -0.03669408   -0.02773385  0.15654711   -0.01976212 -0.03345002
 -0.01976212 -0.03345002   -0.01976212 -0.03345002   -0.02260368  0.16771161
    2    2
  0.24342860  0.00000000    0.00415268  0.00000000    0.00641241 -0.00530381
  0.00415268  0.00000000    0.24342860  0.00000000    0.00641241 -0.00530381
  0.00641241  0.00530381    0.00641241  0.00530381    0.28329770  0.00000000

     Dynamical  Matrix in cartesian axes

     q = (   -0.500000000   0.166666667   0.166666667 ) 

    1    1
  0.28329770  0.00000000   -0.00641241  0.00530381   -0.00641241  0.00530381
 -0.00641241 -0.00530381    0.24342860  0.00000000    0.00415268  0.00000000
 -0.00641241 -0.00530381    0.00415268  0.00000000    0.24342860  0.00000000
    1    2
 -0.15654435 -0.06428045   -0.01908750 -0.03383950   -0.01908750 -0.03383950
 -0.01908750 -0.03383950   -0.14944070 -0.05425534   -0.01829439  0.10507496
 -0.01908750 -0.03383950   -0.01829439  0.10507496   -0.14944070 -0.05425534
    2    1
 -0.15654435  0.06428045   -0.01908750  0.03383950   -0.01908750  0.03383950
 -0.01908750  0.03383950   -0.14944070  0.05425534   -0.01829439 -0.10507496
 -0.01908750  0.03383950   -0.01829439 -0.10507496   -0.14944070  0.05425534
    2    2
  0.28329770  0.00000000   -0.00641241 -0.00530381   -0.00641241 -0.00530381
 -0.00641241  0.00530381    0.24342860  0.00000000    0.00415268  0.00000000
 -0.00641241  0.00530381    0.00415268  0.00000000    0.24342860  0.00000000

     Dynamical  Matrix in cartesian axes

     q = (   -0.166666667   0.166666667   0.500000000 ) 

    1    1
  0.24342860  0.00000000   -0.00415268  0.00000000   -0.00641241 -0.00530381
 -0.00415268  0.00000000    0.24342860  0.00000000    0.00641241  0.00530381
 -0.00641241  0.00530381    0.00641241 -0.00530381    0.28329770  0.00000000
    1    2
 -0.12170685  0.10229177   -0.08185039 -0.06838088   -0.03884962 -0.00038949
 -0.08185039 -0.06838088   -0.12170685  0.10229177    0.03884962  0.00038949
 -0.03884962 -0.00038949    0.03884962  0.00038949   -0.13394067  0.10343116
    2    1
 -0.12170685 -0.10229177   -0.08185039  0.06838088   -0.03884962  0.00038949
 -0.08185039  0.06838088   -0.12170685 -0.10229177    0.03884962 -0.00038949
 -0.03884962  0.00038949    0.03884962 -0.00038949   -0.13394067 -0.10343116
    2    2
  0.24342860  0.00000000   -0.00415268  0.00000000   -0.00641241  0.00530381
 -0.00415268  0.00000000    0.24342860  0.00000000    0.00641241 -0.00530381
 -0.00641241 -0.00530381    0.00641241  0.00530381    0.28329770  0.00000000

     Diagonalizing the dynamical matrix

     q = (   -0.166666667   0.500000000  -0.166666667 ) 

 **************************************************************************
     freq (    1) =       3.730364 [THz] =     124.431557 [cm-1]
 (  0.317757 -0.386045  0.000000  0.000000 -0.317757  0.386045 ) 
 (  0.500000  0.000000 -0.000000  0.000000 -0.500000  0.000000 ) 
     freq (    2) =       4.497100 [THz] =     150.007109 [cm-1]
 ( -0.423680 -0.051967 -0.354579  0.099315 -0.423680 -0.051967 ) 
 ( -0.426855 -0.000000 -0.339851 -0.141744 -0.426855  0.000000 ) 
     freq (    3) =       7.260808 [THz] =     242.194472 [cm-1]
 (  0.166050  0.214036 -0.559747 -0.199789  0.166050  0.214036 ) 
 (  0.270894 -0.000000 -0.500962 -0.319796  0.270894  0.000000 ) 
     freq (    4) =      13.320157 [THz] =     444.312618 [cm-1]
 (  0.376803  0.187594 -0.359280 -0.128736  0.376803  0.187594 ) 
 ( -0.420918  0.000000  0.379000  0.044880 -0.420918  0.000000 ) 
     freq (    5) =      13.726391 [THz] =     457.863129 [cm-1]
 (  0.317757 -0.386045 -0.000000 -0.000000 -0.317757  0.386045 ) 
 ( -0.500000  0.000000  0.000000  0.000000  0.500000  0.000000 ) 
     freq (    6) =      14.090294 [THz] =     470.001606 [cm-1]
 (  0.259263  0.004633  0.582131 -0.163234  0.259263  0.004633 ) 
 ( -0.259305  0.000000 -0.579122 -0.173610 -0.259305  0.000000 ) 
 **************************************************************************
