Dynamical matrix file
                                                                           
  1    2  2 10.3520000  0.0000000  0.0000000  0.0000000  0.0000000  0.0000000
           1  'Si  '    25598.8229845270     
    1    1      0.0000000000      0.0000000000      0.0000000000
    2    1      0.2500000000      0.2500000000      0.2500000000

     Dynamical  Matrix in cartesian axes

     q = (    0.333333333   0.000000000   0.333333333 ) 

    1    1
  0.26012555  0.00000000    0.00000000  0.00472280    0.00750362  0.00000000
  0.00000000 -0.00472280    0.26162221  0.00000000    0.00000000 -0.00472280
  0.00750362  0.00000000    0.00000000  0.00472280    0.26012555  0.00000000
    1    2
 -0.09293761  0.16097267   -0.05919250 -0.03417480    0.02047396 -0.03546195
 -0.05919250 -0.03417480   -0.09781997  0.16942916   -0.05919250 -0.03417480
  0.02047396 -0.03546195   -0.05919250 -0.03417480   -0.09293761  0.16097267
    2    1
 -0.09293761 -0.16097267   -0.05919250  0.03417480    0.02047396  0.03546195
 -0.05919250  0.03417480   -0.09781997 -0.16942916   -0.05919250  0.03417480
  0.02047396  0.03546195   -0.05919250  0.03417480   -0.09293761 -0.16097267
    2    2
  0.26012555  0.00000000    0.00000000 -0.00472280    0.00750362  0.00000000
  0.00000000  0.00472280    0.26162221  0.00000000    0.00000000  0.00472280
  0.00750362  0.00000000    0.00000000 -0.00472280    0.26012555  0.00000000

     Dynamical  Matrix in cartesian axes

     q = (   -0.333333333   0.000000000   0.333333333 ) 

    1    1
  0.26012555  0.00000000    0.00000000  0.00472280   -0.00750362  0.00000000
  0.00000000 -0.00472280    0.26162221  0.00000000    0.00000000  0.00472280
 -0.00750362  0.00000000    0.00000000 -0.00472280    0.26012555  0.00000000
    1    2
 -0.18587523 -0.00000000    0.00000000 -0.06834961   -0.04094793 -0.00000000
  0.00000000 -0.06834961   -0.19563994  0.00000000   -0.00000000  0.06834961
 -0.04094793 -0.00000000   -0.00000000  0.06834961   -0.18587523 -0.00000000
    2    1
 -0.18587523  0.00000000    0.00000000  0.06834961   -0.04094793  0.00000000
  0.00000000  0.06834961   -0.19563994  0.00000000    0.00000000 -0.06834961
 -0.04094793  0.00000000   -0.00000000 -0.06834961   -0.18587523  0.00000000
    2    2
  0.26012555  0.00000000    0.00000000 -0.00472280   -0.00750362  0.00000000
  0.00000000  0.00472280    0.26162221  0.00000000    0.00000000 -0.00472280
 -0.00750362  0.00000000    0.00000000  0.00472280    0.26012555  0.00000000

     Dynamical  Matrix in cartesian axes

     q = (    0.333333333   0.000000000  -0.333333333 ) 

    1    1
  0.26012555  0.00000000    0.00000000 -0.00472280   -0.00750362  0.00000000
  0.00000000  0.00472280    0.26162221  0.00000000    0.00000000 -0.00472280
 -0.00750362  0.00000000    0.00000000  0.00472280    0.26012555  0.00000000
    1    2
 -0.18587523  0.00000000    0.00000000  0.06834961   -0.04094793  0.00000000
  0.00000000  0.06834961   -0.19563994  0.00000000    0.00000000 -0.06834961
 -0.04094793  0.00000000   -0.00000000 -0.06834961   -0.18587523  0.00000000
    2    1
 -0.18587523 -0.00000000    0.00000000 -0.06834961   -0.04094793 -0.00000000
  0.00000000 -0.06834961   -0.19563994  0.00000000    0.00000000  0.06834961
 -0.04094793  0.00000000    0.00000000  0.06834961   -0.18587523  0.00000000
    2    2
  0.26012555  0.00000000    0.00000000  0.00472280   -0.00750362  0.00000000
  0.00000000 -0.00472280    0.26162221  0.00000000    0.00000000  0.00472280
 -0.00750362  0.00000000    0.00000000 -0.00472280    0.26012555  0.00000000

     Dynamical  Matrix in cartesian axes

     q = (   -0.333333333   0.000000000  -0.333333333 ) 

    1    1
  0.26012555  0.00000000    0.00000000 -0.00472280    0.00750362  0.00000000
  0.00000000  0.00472280    0.26162221  0.00000000    0.00000000  0.00472280
  0.00750362  0.00000000    0.00000000 -0.00472280    0.26012555  0.00000000
    1    2
 -0.09293761 -0.16097267   -0.05919250  0.03417480    0.02047396  0.03546195
 -0.05919250  0.03417480   -0.09781997 -0.16942916   -0.05919250  0.03417480
  0.02047396  0.03546195   -0.05919250  0.03417480   -0.09293761 -0.16097267
    2    1
 -0.09293761  0.16097267   -0.05919250 -0.03417480    0.02047396 -0.03546195
 -0.05919250 -0.03417480   -0.09781997  0.16942916   -0.05919250 -0.03417480
  0.02047396 -0.03546195   -0.05919250 -0.03417480   -0.09293761  0.16097267
    2    2
  0.26012555  0.00000000    0.00000000  0.00472280    0.00750362  0.00000000
  0.00000000 -0.00472280    0.26162221  0.00000000    0.00000000 -0.00472280
  0.00750362  0.00000000    0.00000000  0.00472280    0.26012555  0.00000000

     Dynamical  Matrix in cartesian axes

     q = (    0.000000000   0.333333333  -0.333333333 ) 

    1    1
  0.26162221  0.00000000    0.00000000  0.00472280    0.00000000 -0.00472280
  0.00000000 -0.00472280    0.26012555  0.00000000   -0.00750362  0.00000000
  0.00000000  0.00472280   -0.00750362  0.00000000    0.26012555  0.00000000
    1    2
 -0.19563994  0.00000000    0.00000000  0.06834961    0.00000000 -0.06834961
  0.00000000  0.06834961   -0.18587523  0.00000000   -0.04094793 -0.00000000
  0.00000000 -0.06834961   -0.04094793 -0.00000000   -0.18587523  0.00000000
    2    1
 -0.19563994  0.00000000    0.00000000 -0.06834961    0.00000000  0.06834961
  0.00000000 -0.06834961   -0.18587523  0.00000000   -0.04094793 -0.00000000
  0.00000000  0.06834961   -0.04094793 -0.00000000   -0.18587523  0.00000000
    2    2
  0.26162221  0.00000000    0.00000000 -0.00472280    0.00000000  0.00472280
  0.00000000  0.00472280    0.26012555  0.00000000   -0.00750362  0.00000000
  0.00000000 -0.00472280   -0.00750362  0.00000000    0.26012555  0.00000000

     Dynamical  Matrix in cartesian axes

     q = (   -0.333333333   0.333333333   0.000000000 ) 

    1    1
  0.26012555  0.00000000   -0.00750362  0.00000000   -0.00000000  0.00472280
 -0.00750362  0.00000000    0.26012555  0.00000000   -0.00000000 -0.00472280
  0.00000000 -0.00472280    0.00000000  0.00472280    0.26162221  0.00000000
    1    2
 -0.18587523 -0.00000000   -0.04094793 -0.00000000    0.00000000 -0.06834961
 -0.04094793 -0.00000000   -0.18587523 -0.00000000    0.00000000  0.06834961
  0.00000000 -0.06834961   -0.00000000  0.06834961   -0.19563994  0.00000000
    2    1
 -0.18587523  0.00000000   -0.04094793  0.00000000    0.00000000  0.06834961
 -0.04094793  0.00000000   -0.18587523  0.00000000   -0.00000000 -0.06834961
 -0.00000000  0.06834961   -0.00000000 -0.06834961   -0.19563994  0.00000000
    2    2
  0.26012555  0.00000000   -0.00750362  0.00000000   -0.00000000 -0.00472280
 -0.00750362  0.00000000    0.26012555  0.00000000   -0.00000000  0.00472280
  0.00000000  0.00472280    0.00000000 -0.00472280    0.26162221  0.00000000

     Dynamical  Matrix in cartesian axes

     q = (    0.000000000   0.333333333   0.333333333 ) 

    1    1
  0.26162221  0.00000000    0.00000000 -0.00472280    0.00000000 -0.00472280
  0.00000000  0.00472280    0.26012555  0.00000000    0.00750362  0.00000000
  0.00000000  0.00472280    0.00750362  0.00000000    0.26012555  0.00000000
    1    2
 -0.09781997  0.16942916   -0.05919250 -0.03417480   -0.05919250 -0.03417480
 -0.05919250 -0.03417480   -0.09293761  0.16097267    0.02047396 -0.03546195
 -0.05919250 -0.03417480    0.02047396 -0.03546195   -0.09293761  0.16097267
    2    1
 -0.09781997 -0.16942916   -0.05919250  0.03417480   -0.05919250  0.03417480
 -0.05919250  0.03417480   -0.09293761 -0.16097267    0.02047396  0.03546195
 -0.05919250  0.03417480    0.02047396  0.03546195   -0.09293761 -0.16097267
    2    2
  0.26162221  0.00000000    0.00000000  0.00472280    0.00000000  0.00472280
  0.00000000 -0.00472280    0.26012555  0.00000000    0.00750362  0.00000000
  0.00000000 -0.00472280    0.00750362  0.00000000    0.26012555  0.00000000

     Dynamical  Matrix in cartesian axes

     q = (    0.000000000  -0.333333333  -0.333333333 ) 

    1    1
  0.26162221  0.00000000    0.00000000  0.00472280    0.00000000  0.00472280
  0.00000000 -0.00472280    0.26012555  0.00000000    0.00750362  0.00000000
  0.00000000 -0.00472280    0.00750362  0.00000000    0.26012555  0.00000000
    1    2
 -0.09781997 -0.16942916   -0.05919250  0.03417480   -0.05919250  0.03417480
 -0.05919250  0.03417480   -0.09293761 -0.16097267    0.02047396  0.03546195
 -0.05919250  0.03417480    0.02047396  0.03546195   -0.09293761 -0.16097267
    2    1
 -0.09781997  0.16942916   -0.05919250 -0.03417480   -0.05919250 -0.03417480
 -0.05919250 -0.03417480   -0.09293761  0.16097267    0.02047396 -0.03546195
 -0.05919250 -0.03417480    0.02047396 -0.03546195   -0.09293761  0.16097267
    2    2
  0.26162221  0.00000000    0.00000000 -0.00472280    0.00000000 -0.00472280
  0.00000000  0.00472280    0.26012555  0.00000000    0.00750362  0.00000000
  0.00000000  0.00472280    0.00750362  0.00000000    0.26012555  0.00000000

     Dynamical  Matrix in cartesian axes

     q = (    0.333333333  -0.333333333   0.000000000 ) 

    1    1
  0.26012555  0.00000000   -0.00750362  0.00000000   -0.00000000 -0.00472280
 -0.00750362  0.00000000    0.26012555  0.00000000   -0.00000000  0.00472280
  0.00000000  0.00472280    0.00000000 -0.00472280    0.26162221  0.00000000
    1    2
 -0.18587523  0.00000000   -0.04094793  0.00000000    0.00000000  0.06834961
 -0.04094793  0.00000000   -0.18587523  0.00000000    0.00000000 -0.06834961
 -0.00000000  0.06834961   -0.00000000 -0.06834961   -0.19563994  0.00000000
    2    1
 -0.18587523 -0.00000000   -0.04094793 -0.00000000    0.00000000 -0.06834961
 -0.04094793 -0.00000000   -0.18587523 -0.00000000    0.00000000  0.06834961
  0.00000000 -0.06834961   -0.00000000  0.06834961   -0.19563994  0.00000000
    2    2
  0.26012555  0.00000000   -0.00750362  0.00000000   -0.00000000  0.00472280
 -0.00750362  0.00000000    0.26012555  0.00000000   -0.00000000 -0.00472280
  0.00000000 -0.00472280    0.00000000  0.00472280    0.26162221  0.00000000

     Dynamical  Matrix in cartesian axes

     q = (    0.333333333   0.333333333   0.000000000 ) 

    1    1
  0.26012555  0.00000000    0.00750362  0.00000000    0.00000000  0.00472280
  0.00750362  0.00000000    0.26012555  0.00000000    0.00000000  0.00472280
  0.00000000 -0.00472280    0.00000000 -0.00472280    0.26162221  0.00000000
    1    2
 -0.09293761  0.16097267    0.02047396 -0.03546195   -0.05919250 -0.03417480
  0.02047396 -0.03546195   -0.09293761  0.16097267   -0.05919250 -0.03417480
 -0.05919250 -0.03417480   -0.05919250 -0.03417480   -0.09781997  0.16942916
    2    1
 -0.09293761 -0.16097267    0.02047396  0.03546195   -0.05919250  0.03417480
  0.02047396  0.03546195   -0.09293761 -0.16097267   -0.05919250  0.03417480
 -0.05919250  0.03417480   -0.05919250  0.03417480   -0.09781997 -0.16942916
    2    2
  0.26012555  0.00000000    0.00750362  0.00000000    0.00000000 -0.00472280
  0.00750362  0.00000000    0.26012555  0.00000000    0.00000000 -0.00472280
  0.00000000  0.00472280    0.00000000  0.00472280    0.26162221  0.00000000

     Dynamical  Matrix in cartesian axes

     q = (   -0.333333333  -0.333333333   0.000000000 ) 

    1    1
  0.26012555  0.00000000    0.00750362  0.00000000    0.00000000 -0.00472280
  0.00750362  0.00000000    0.26012555  0.00000000    0.00000000 -0.00472280
  0.00000000  0.00472280    0.00000000  0.00472280    0.26162221  0.00000000
    1    2
 -0.09293761 -0.16097267    0.02047396  0.03546195   -0.05919250  0.03417480
  0.02047396  0.03546195   -0.09293761 -0.16097267   -0.05919250  0.03417480
 -0.05919250  0.03417480   -0.05919250  0.03417480   -0.09781997 -0.16942916
    2    1
 -0.09293761  0.16097267    0.02047396 -0.03546195   -0.05919250 -0.03417480
  0.02047396 -0.03546195   -0.09293761  0.16097267   -0.05919250 -0.03417480
 -0.05919250 -0.03417480   -0.05919250 -0.03417480   -0.09781997  0.16942916
    2    2
  0.26012555  0.00000000    0.00750362  0.00000000    0.00000000  0.00472280
  0.00750362  0.00000000    0.26012555  0.00000000    0.00000000  0.00472280
  0.00000000 -0.00472280    0.00000000 -0.00472280    0.26162221  0.00000000

     Dynamical  Matrix in cartesian axes

     q = (    0.000000000  -0.333333333   0.333333333 ) 

    1    1
  0.26162221  0.00000000    0.00000000 -0.00472280    0.00000000  0.00472280
  0.00000000  0.00472280    0.26012555  0.00000000   -0.00750362  0.00000000
  0.00000000 -0.00472280   -0.00750362  0.00000000    0.26012555  0.00000000
    1    2
 -0.19563994  0.00000000    0.00000000 -0.06834961    0.00000000  0.06834961
  0.00000000 -0.06834961   -0.18587523  0.00000000   -0.04094793 -0.00000000
  0.00000000  0.06834961   -0.04094793 -0.00000000   -0.18587523  0.00000000
    2    1
 -0.19563994  0.00000000    0.00000000  0.06834961    0.00000000 -0.06834961
  0.00000000  0.06834961   -0.18587523  0.00000000   -0.04094793 -0.00000000
  0.00000000 -0.06834961   -0.04094793 -0.00000000   -0.18587523  0.00000000
    2    2
  0.26162221  0.00000000    0.00000000  0.00472280    0.00000000 -0.00472280
  0.00000000 -0.00472280    0.26012555  0.00000000   -0.00750362  0.00000000
  0.00000000  0.00472280   -0.00750362  0.00000000    0.26012555  0.00000000

     Diagonalizing the dynamical matrix

     q = (    0.333333333   0.000000000   0.333333333 ) 

 **************************************************************************
     freq (    1) =       3.302665 [THz] =     110.165060 [cm-1]
 ( -0.250000  0.433013 -0.000000  0.000000  0.250000 -0.433013 ) 
 ( -0.500000  0.000000 -0.000000 -0.000000  0.500000  0.000000 ) 
     freq (    2) =       4.313742 [THz] =     143.890934 [cm-1]
 ( -0.059297  0.102705  0.594898  0.343464 -0.059297  0.102705 ) 
 (  0.118594 -0.000000  0.000000  0.686929  0.118594  0.000000 ) 
     freq (    3) =       6.282552 [THz] =     209.563375 [cm-1]
 (  0.240491 -0.416543  0.167284  0.096581  0.240491 -0.416543 ) 
 (  0.480982  0.000000 -0.000000 -0.193163  0.480982  0.000000 ) 
     freq (    4) =      13.554170 [THz] =     452.118449 [cm-1]
 (  0.242866 -0.420656  0.145247  0.083859  0.242866 -0.420656 ) 
 ( -0.485732 -0.000000 -0.000000  0.167717 -0.485732  0.000000 ) 
     freq (    5) =      14.237524 [THz] =     474.912685 [cm-1]
 (  0.250000 -0.433013 -0.000000  0.000000 -0.250000  0.433013 ) 
 ( -0.500000 -0.000000  0.000000  0.000000  0.500000  0.000000 ) 
     freq (    6) =      14.343485 [THz] =     478.447157 [cm-1]
 (  0.068293 -0.118287 -0.589081 -0.340106  0.068293 -0.118287 ) 
 (  0.136587  0.000000 -0.000000  0.680212  0.136587  0.000000 ) 
 **************************************************************************
