Dynamical matrix file
                                                                           
  1    2  2 10.3160000  0.0000000  0.0000000  0.0000000  0.0000000  0.0000000
           1  'Si  '    25598.8229845270     
    1    1      0.0000000000      0.0000000000      0.0000000000
    2    1      0.2500000000      0.2500000000      0.2500000000

     Dynamical  Matrix in cartesian axes

     q = (    0.666666667  -0.333333333   1.000000000 ) 

    1    1
  0.24445795  0.00000000   -0.00716944  0.00000000    0.00000000  0.00093235
 -0.00716944  0.00000000    0.28768924  0.00000000    0.00000000 -0.01309384
  0.00000000 -0.00093235    0.00000000  0.01309384    0.25834614  0.00000000
    1    2
 -0.08869135  0.05120597   -0.06332020  0.03655793   -0.06725588 -0.11649060
 -0.06332020  0.03655793   -0.09413828  0.05435076    0.02183453  0.03781852
 -0.06725588 -0.11649060    0.02183453  0.03781852   -0.09583826  0.05533224
    2    1
 -0.08869135 -0.05120597   -0.06332020 -0.03655793   -0.06725588  0.11649060
 -0.06332020 -0.03655793   -0.09413828 -0.05435076    0.02183453 -0.03781852
 -0.06725588  0.11649060    0.02183453 -0.03781852   -0.09583826 -0.05533224
    2    2
  0.24445795  0.00000000   -0.00716944  0.00000000   -0.00000000 -0.00093235
 -0.00716944  0.00000000    0.28768924  0.00000000   -0.00000000  0.01309384
 -0.00000000  0.00093235   -0.00000000 -0.01309384    0.25834614  0.00000000

     Dynamical  Matrix in cartesian axes

     q = (    1.000000000   0.333333333   0.666666667 ) 

    1    1
  0.25834614  0.00000000    0.00000000  0.01309384   -0.00000000  0.00093235
  0.00000000 -0.01309384    0.28768924  0.00000000    0.00716944 -0.00000000
 -0.00000000 -0.00093235    0.00716944  0.00000000    0.24445795  0.00000000
    1    2
  0.00000000 -0.11066448   -0.04366907  0.00000000   -0.13451176 -0.00000000
 -0.04366907 -0.00000000    0.00000000 -0.10870152    0.00000000  0.07311587
 -0.13451176 -0.00000000   -0.00000000  0.07311587    0.00000000 -0.10241194
    2    1
  0.00000000  0.11066448   -0.04366907  0.00000000   -0.13451176  0.00000000
 -0.04366907 -0.00000000   -0.00000000  0.10870152    0.00000000 -0.07311587
 -0.13451176  0.00000000    0.00000000 -0.07311587   -0.00000000  0.10241194
    2    2
  0.25834614  0.00000000    0.00000000 -0.01309384    0.00000000 -0.00093235
  0.00000000  0.01309384    0.28768924  0.00000000    0.00716944  0.00000000
  0.00000000  0.00093235    0.00716944  0.00000000    0.24445795  0.00000000

     Dynamical  Matrix in cartesian axes

     q = (    0.666666667   0.333333333   1.000000000 ) 

    1    1
  0.24445795  0.00000000    0.00716944  0.00000000    0.00000000 -0.00093235
  0.00716944  0.00000000    0.28768924  0.00000000   -0.00000000 -0.01309384
 -0.00000000  0.00093235   -0.00000000  0.01309384    0.25834614  0.00000000
    1    2
 -0.00000000 -0.10241194    0.00000000  0.07311587   -0.13451176  0.00000000
  0.00000000  0.07311587   -0.00000000 -0.10870152   -0.04366907  0.00000000
 -0.13451176  0.00000000   -0.04366907  0.00000000   -0.00000000 -0.11066448
    2    1
 -0.00000000  0.10241194    0.00000000 -0.07311587   -0.13451176  0.00000000
  0.00000000 -0.07311587   -0.00000000  0.10870152   -0.04366907 -0.00000000
 -0.13451176 -0.00000000   -0.04366907 -0.00000000   -0.00000000  0.11066448
    2    2
  0.24445795  0.00000000    0.00716944  0.00000000    0.00000000  0.00093235
  0.00716944  0.00000000    0.28768924  0.00000000   -0.00000000  0.01309384
  0.00000000 -0.00093235   -0.00000000 -0.01309384    0.25834614  0.00000000

     Dynamical  Matrix in cartesian axes

     q = (   -1.000000000  -0.333333333   0.666666667 ) 

    1    1
  0.25834614  0.00000000    0.00000000  0.01309384    0.00000000 -0.00093235
  0.00000000 -0.01309384    0.28768924  0.00000000   -0.00716944 -0.00000000
  0.00000000  0.00093235   -0.00716944  0.00000000    0.24445795  0.00000000
    1    2
 -0.09583826  0.05533224    0.02183453  0.03781852   -0.06725588 -0.11649060
  0.02183453  0.03781852   -0.09413828  0.05435076   -0.06332020  0.03655793
 -0.06725588 -0.11649060   -0.06332020  0.03655793   -0.08869135  0.05120597
    2    1
 -0.09583826 -0.05533224    0.02183453 -0.03781852   -0.06725588  0.11649060
  0.02183453 -0.03781852   -0.09413828 -0.05435076   -0.06332020 -0.03655793
 -0.06725588  0.11649060   -0.06332020 -0.03655793   -0.08869135 -0.05120597
    2    2
  0.25834614  0.00000000    0.00000000 -0.01309384   -0.00000000  0.00093235
  0.00000000  0.01309384    0.28768924  0.00000000   -0.00716944  0.00000000
  0.00000000 -0.00093235   -0.00716944  0.00000000    0.24445795  0.00000000

     Dynamical  Matrix in cartesian axes

     q = (   -1.000000000  -0.333333333  -0.666666667 ) 

    1    1
  0.25834614  0.00000000    0.00000000 -0.01309384    0.00000000 -0.00093235
  0.00000000  0.01309384    0.28768924  0.00000000    0.00716944  0.00000000
  0.00000000  0.00093235    0.00716944  0.00000000    0.24445795  0.00000000
    1    2
  0.00000000  0.11066448   -0.04366907  0.00000000   -0.13451176  0.00000000
 -0.04366907 -0.00000000   -0.00000000  0.10870152    0.00000000 -0.07311587
 -0.13451176  0.00000000    0.00000000 -0.07311587   -0.00000000  0.10241194
    2    1
  0.00000000 -0.11066448   -0.04366907  0.00000000   -0.13451176 -0.00000000
 -0.04366907 -0.00000000    0.00000000 -0.10870152    0.00000000  0.07311587
 -0.13451176 -0.00000000   -0.00000000  0.07311587    0.00000000 -0.10241194
    2    2
  0.25834614  0.00000000    0.00000000  0.01309384   -0.00000000  0.00093235
  0.00000000 -0.01309384    0.28768924  0.00000000    0.00716944 -0.00000000
 -0.00000000 -0.00093235    0.00716944  0.00000000    0.24445795  0.00000000

     Dynamical  Matrix in cartesian axes

     q = (   -0.666666667  -0.333333333  -1.000000000 ) 

    1    1
  0.24445795  0.00000000    0.00716944  0.00000000    0.00000000  0.00093235
  0.00716944  0.00000000    0.28768924  0.00000000   -0.00000000  0.01309384
  0.00000000 -0.00093235   -0.00000000 -0.01309384    0.25834614  0.00000000
    1    2
 -0.00000000  0.10241194    0.00000000 -0.07311587   -0.13451176  0.00000000
  0.00000000 -0.07311587   -0.00000000  0.10870152   -0.04366907 -0.00000000
 -0.13451176 -0.00000000   -0.04366907 -0.00000000   -0.00000000  0.11066448
    2    1
 -0.00000000 -0.10241194    0.00000000  0.07311587   -0.13451176  0.00000000
  0.00000000  0.07311587   -0.00000000 -0.10870152   -0.04366907  0.00000000
 -0.13451176  0.00000000   -0.04366907  0.00000000   -0.00000000 -0.11066448
    2    2
  0.24445795  0.00000000    0.00716944  0.00000000    0.00000000 -0.00093235
  0.00716944  0.00000000    0.28768924  0.00000000   -0.00000000 -0.01309384
 -0.00000000  0.00093235   -0.00000000  0.01309384    0.25834614  0.00000000

     Dynamical  Matrix in cartesian axes

     q = (    1.000000000   0.333333333  -0.666666667 ) 

    1    1
  0.25834614  0.00000000    0.00000000 -0.01309384   -0.00000000  0.00093235
  0.00000000  0.01309384    0.28768924  0.00000000   -0.00716944  0.00000000
  0.00000000 -0.00093235   -0.00716944  0.00000000    0.24445795  0.00000000
    1    2
 -0.09583826 -0.05533224    0.02183453 -0.03781852   -0.06725588  0.11649060
  0.02183453 -0.03781852   -0.09413828 -0.05435076   -0.06332020 -0.03655793
 -0.06725588  0.11649060   -0.06332020 -0.03655793   -0.08869135 -0.05120597
    2    1
 -0.09583826  0.05533224    0.02183453  0.03781852   -0.06725588 -0.11649060
  0.02183453  0.03781852   -0.09413828  0.05435076   -0.06332020  0.03655793
 -0.06725588 -0.11649060   -0.06332020  0.03655793   -0.08869135  0.05120597
    2    2
  0.25834614  0.00000000    0.00000000  0.01309384    0.00000000 -0.00093235
  0.00000000 -0.01309384    0.28768924  0.00000000   -0.00716944 -0.00000000
  0.00000000  0.00093235   -0.00716944  0.00000000    0.24445795  0.00000000

     Dynamical  Matrix in cartesian axes

     q = (   -0.666666667   0.333333333   1.000000000 ) 

    1    1
  0.24445795  0.00000000   -0.00716944  0.00000000   -0.00000000 -0.00093235
 -0.00716944  0.00000000    0.28768924  0.00000000   -0.00000000  0.01309384
 -0.00000000  0.00093235   -0.00000000 -0.01309384    0.25834614  0.00000000
    1    2
 -0.08869135 -0.05120597   -0.06332020 -0.03655793   -0.06725588  0.11649060
 -0.06332020 -0.03655793   -0.09413828 -0.05435076    0.02183453 -0.03781852
 -0.06725588  0.11649060    0.02183453 -0.03781852   -0.09583826 -0.05533224
    2    1
 -0.08869135  0.05120597   -0.06332020  0.03655793   -0.06725588 -0.11649060
 -0.06332020  0.03655793   -0.09413828  0.05435076    0.02183453  0.03781852
 -0.06725588 -0.11649060    0.02183453  0.03781852   -0.09583826  0.05533224
    2    2
  0.24445795  0.00000000   -0.00716944  0.00000000    0.00000000  0.00093235
 -0.00716944  0.00000000    0.28768924  0.00000000    0.00000000 -0.01309384
  0.00000000 -0.00093235    0.00000000  0.01309384    0.25834614  0.00000000

     Dynamical  Matrix in cartesian axes

     q = (   -0.333333333   1.000000000   0.666666667 ) 

    1    1
  0.28768924  0.00000000    0.00000000 -0.01309384   -0.00716944  0.00000000
  0.00000000  0.01309384    0.25834614  0.00000000    0.00000000 -0.00093235
 -0.00716944  0.00000000    0.00000000  0.00093235    0.24445795  0.00000000
    1    2
 -0.09413828  0.05435076    0.02183453  0.03781852   -0.06332020  0.03655793
  0.02183453  0.03781852   -0.09583826  0.05533224   -0.06725588 -0.11649060
 -0.06332020  0.03655793   -0.06725588 -0.11649060   -0.08869135  0.05120597
    2    1
 -0.09413828 -0.05435076    0.02183453 -0.03781852   -0.06332020 -0.03655793
  0.02183453 -0.03781852   -0.09583826 -0.05533224   -0.06725588  0.11649060
 -0.06332020 -0.03655793   -0.06725588  0.11649060   -0.08869135 -0.05120597
    2    2
  0.28768924  0.00000000    0.00000000  0.01309384   -0.00716944  0.00000000
  0.00000000 -0.01309384    0.25834614  0.00000000    0.00000000  0.00093235
 -0.00716944  0.00000000    0.00000000 -0.00093235    0.24445795  0.00000000

     Dynamical  Matrix in cartesian axes

     q = (    0.333333333   1.000000000  -0.666666667 ) 

    1    1
  0.28768924  0.00000000    0.00000000  0.01309384   -0.00716944  0.00000000
  0.00000000 -0.01309384    0.25834614  0.00000000    0.00000000  0.00093235
 -0.00716944  0.00000000    0.00000000 -0.00093235    0.24445795  0.00000000
    1    2
 -0.09413828 -0.05435076    0.02183453 -0.03781852   -0.06332020 -0.03655793
  0.02183453 -0.03781852   -0.09583826 -0.05533224   -0.06725588  0.11649060
 -0.06332020 -0.03655793   -0.06725588  0.11649060   -0.08869135 -0.05120597
    2    1
 -0.09413828  0.05435076    0.02183453  0.03781852   -0.06332020  0.03655793
  0.02183453  0.03781852   -0.09583826  0.05533224   -0.06725588 -0.11649060
 -0.06332020  0.03655793   -0.06725588 -0.11649060   -0.08869135  0.05120597
    2    2
  0.28768924  0.00000000    0.00000000 -0.01309384   -0.00716944  0.00000000
  0.00000000  0.01309384    0.25834614  0.00000000    0.00000000 -0.00093235
 -0.00716944  0.00000000    0.00000000  0.00093235    0.24445795  0.00000000

     Dynamical  Matrix in cartesian axes

     q = (   -0.333333333  -1.000000000  -0.666666667 ) 

    1    1
  0.28768924  0.00000000    0.00000000  0.01309384    0.00716944  0.00000000
  0.00000000 -0.01309384    0.25834614  0.00000000    0.00000000 -0.00093235
  0.00716944  0.00000000    0.00000000  0.00093235    0.24445795  0.00000000
    1    2
  0.00000000  0.10870152   -0.04366907  0.00000000   -0.00000000 -0.07311587
 -0.04366907  0.00000000    0.00000000  0.11066448   -0.13451176  0.00000000
 -0.00000000 -0.07311587   -0.13451176  0.00000000    0.00000000  0.10241194
    2    1
  0.00000000 -0.10870152   -0.04366907 -0.00000000   -0.00000000  0.07311587
 -0.04366907 -0.00000000    0.00000000 -0.11066448   -0.13451176 -0.00000000
 -0.00000000  0.07311587   -0.13451176 -0.00000000    0.00000000 -0.10241194
    2    2
  0.28768924  0.00000000    0.00000000 -0.01309384    0.00716944  0.00000000
  0.00000000  0.01309384    0.25834614  0.00000000   -0.00000000  0.00093235
  0.00716944  0.00000000   -0.00000000 -0.00093235    0.24445795  0.00000000

     Dynamical  Matrix in cartesian axes

     q = (    1.000000000  -0.666666667   0.333333333 ) 

    1    1
  0.25834614  0.00000000    0.00000000  0.00093235    0.00000000 -0.01309384
  0.00000000 -0.00093235    0.24445795  0.00000000   -0.00716944  0.00000000
  0.00000000  0.01309384   -0.00716944 -0.00000000    0.28768924  0.00000000
    1    2
 -0.09583826 -0.05533224   -0.06725588  0.11649060    0.02183453 -0.03781852
 -0.06725588  0.11649060   -0.08869135 -0.05120597   -0.06332020 -0.03655793
  0.02183453 -0.03781852   -0.06332020 -0.03655793   -0.09413828 -0.05435076
    2    1
 -0.09583826  0.05533224   -0.06725588 -0.11649060    0.02183453  0.03781852
 -0.06725588 -0.11649060   -0.08869135  0.05120597   -0.06332020  0.03655793
  0.02183453  0.03781852   -0.06332020  0.03655793   -0.09413828  0.05435076
    2    2
  0.25834614  0.00000000    0.00000000 -0.00093235    0.00000000  0.01309384
  0.00000000  0.00093235    0.24445795  0.00000000   -0.00716944  0.00000000
  0.00000000 -0.01309384   -0.00716944  0.00000000    0.28768924  0.00000000

     Dynamical  Matrix in cartesian axes

     q = (    1.000000000   0.666666667  -0.333333333 ) 

    1    1
  0.25834614  0.00000000    0.00000000 -0.00093235    0.00000000  0.01309384
  0.00000000  0.00093235    0.24445795  0.00000000   -0.00716944  0.00000000
  0.00000000 -0.01309384   -0.00716944  0.00000000    0.28768924  0.00000000
    1    2
 -0.09583826  0.05533224   -0.06725588 -0.11649060    0.02183453  0.03781852
 -0.06725588 -0.11649060   -0.08869135  0.05120597   -0.06332020  0.03655793
  0.02183453  0.03781852   -0.06332020  0.03655793   -0.09413828  0.05435076
    2    1
 -0.09583826 -0.05533224   -0.06725588  0.11649060    0.02183453 -0.03781852
 -0.06725588  0.11649060   -0.08869135 -0.05120597   -0.06332020 -0.03655793
  0.02183453 -0.03781852   -0.06332020 -0.03655793   -0.09413828 -0.05435076
    2    2
  0.25834614  0.00000000    0.00000000  0.00093235    0.00000000 -0.01309384
  0.00000000 -0.00093235    0.24445795  0.00000000   -0.00716944  0.00000000
  0.00000000  0.01309384   -0.00716944 -0.00000000    0.28768924  0.00000000

     Dynamical  Matrix in cartesian axes

     q = (   -0.333333333   0.666666667  -1.000000000 ) 

    1    1
  0.28768924  0.00000000   -0.00716944  0.00000000    0.00000000 -0.01309384
 -0.00716944  0.00000000    0.24445795  0.00000000    0.00000000  0.00093235
  0.00000000  0.01309384    0.00000000 -0.00093235    0.25834614  0.00000000
    1    2
 -0.09413828  0.05435076   -0.06332020  0.03655793    0.02183453  0.03781852
 -0.06332020  0.03655793   -0.08869135  0.05120597   -0.06725588 -0.11649060
  0.02183453  0.03781852   -0.06725588 -0.11649060   -0.09583826  0.05533224
    2    1
 -0.09413828 -0.05435076   -0.06332020 -0.03655793    0.02183453 -0.03781852
 -0.06332020 -0.03655793   -0.08869135 -0.05120597   -0.06725588  0.11649060
  0.02183453 -0.03781852   -0.06725588  0.11649060   -0.09583826 -0.05533224
    2    2
  0.28768924  0.00000000   -0.00716944  0.00000000    0.00000000  0.01309384
 -0.00716944  0.00000000    0.24445795  0.00000000    0.00000000 -0.00093235
  0.00000000 -0.01309384    0.00000000  0.00093235    0.25834614  0.00000000

     Dynamical  Matrix in cartesian axes

     q = (   -1.000000000  -0.666666667  -0.333333333 ) 

    1    1
  0.25834614  0.00000000    0.00000000 -0.00093235    0.00000000 -0.01309384
  0.00000000  0.00093235    0.24445795  0.00000000    0.00716944  0.00000000
  0.00000000  0.01309384    0.00716944 -0.00000000    0.28768924  0.00000000
    1    2
  0.00000000  0.11066448   -0.13451176  0.00000000   -0.04366907  0.00000000
 -0.13451176  0.00000000    0.00000000  0.10241194    0.00000000 -0.07311587
 -0.04366907  0.00000000    0.00000000 -0.07311587    0.00000000  0.10870152
    2    1
  0.00000000 -0.11066448   -0.13451176 -0.00000000   -0.04366907  0.00000000
 -0.13451176 -0.00000000    0.00000000 -0.10241194   -0.00000000  0.07311587
 -0.04366907  0.00000000    0.00000000  0.07311587    0.00000000 -0.10870152
    2    2
  0.25834614  0.00000000   -0.00000000  0.00093235    0.00000000  0.01309384
 -0.00000000 -0.00093235    0.24445795  0.00000000    0.00716944  0.00000000
  0.00000000 -0.01309384    0.00716944  0.00000000    0.28768924  0.00000000

     Dynamical  Matrix in cartesian axes

     q = (   -1.000000000   0.666666667   0.333333333 ) 

    1    1
  0.25834614  0.00000000   -0.00000000  0.00093235    0.00000000  0.01309384
 -0.00000000 -0.00093235    0.24445795  0.00000000    0.00716944  0.00000000
  0.00000000 -0.01309384    0.00716944  0.00000000    0.28768924  0.00000000
    1    2
 -0.00000000 -0.11066448   -0.13451176  0.00000000   -0.04366907  0.00000000
 -0.13451176  0.00000000    0.00000000 -0.10241194    0.00000000  0.07311587
 -0.04366907  0.00000000    0.00000000  0.07311587    0.00000000 -0.10870152
    2    1
 -0.00000000  0.11066448   -0.13451176 -0.00000000   -0.04366907 -0.00000000
 -0.13451176 -0.00000000   -0.00000000  0.10241194    0.00000000 -0.07311587
 -0.04366907 -0.00000000    0.00000000 -0.07311587    0.00000000  0.10870152
    2    2
  0.25834614  0.00000000    0.00000000 -0.00093235    0.00000000 -0.01309384
  0.00000000  0.00093235    0.24445795  0.00000000    0.00716944  0.00000000
  0.00000000  0.01309384    0.00716944 -0.00000000    0.28768924  0.00000000

     Dynamical  Matrix in cartesian axes

     q = (    0.333333333  -0.666666667   1.000000000 ) 

    1    1
  0.28768924  0.00000000   -0.00716944  0.00000000    0.00000000  0.01309384
 -0.00716944  0.00000000    0.24445795  0.00000000    0.00000000 -0.00093235
  0.00000000 -0.01309384    0.00000000  0.00093235    0.25834614  0.00000000
    1    2
 -0.09413828 -0.05435076   -0.06332020 -0.03655793    0.02183453 -0.03781852
 -0.06332020 -0.03655793   -0.08869135 -0.05120597   -0.06725588  0.11649060
  0.02183453 -0.03781852   -0.06725588  0.11649060   -0.09583826 -0.05533224
    2    1
 -0.09413828  0.05435076   -0.06332020  0.03655793    0.02183453  0.03781852
 -0.06332020  0.03655793   -0.08869135  0.05120597   -0.06725588 -0.11649060
  0.02183453  0.03781852   -0.06725588 -0.11649060   -0.09583826  0.05533224
    2    2
  0.28768924  0.00000000   -0.00716944  0.00000000    0.00000000 -0.01309384
 -0.00716944  0.00000000    0.24445795  0.00000000    0.00000000  0.00093235
  0.00000000  0.01309384    0.00000000 -0.00093235    0.25834614  0.00000000

     Dynamical  Matrix in cartesian axes

     q = (    0.333333333  -1.000000000   0.666666667 ) 

    1    1
  0.28768924  0.00000000    0.00000000 -0.01309384    0.00716944  0.00000000
  0.00000000  0.01309384    0.25834614  0.00000000   -0.00000000  0.00093235
  0.00716944  0.00000000   -0.00000000 -0.00093235    0.24445795  0.00000000
    1    2
  0.00000000 -0.10870152   -0.04366907  0.00000000    0.00000000  0.07311587
 -0.04366907 -0.00000000    0.00000000 -0.11066448   -0.13451176  0.00000000
  0.00000000  0.07311587   -0.13451176  0.00000000    0.00000000 -0.10241194
    2    1
 -0.00000000  0.10870152   -0.04366907  0.00000000    0.00000000 -0.07311587
 -0.04366907 -0.00000000   -0.00000000  0.11066448   -0.13451176 -0.00000000
  0.00000000 -0.07311587   -0.13451176 -0.00000000    0.00000000  0.10241194
    2    2
  0.28768924  0.00000000    0.00000000  0.01309384    0.00716944  0.00000000
  0.00000000 -0.01309384    0.25834614  0.00000000    0.00000000 -0.00093235
  0.00716944  0.00000000    0.00000000  0.00093235    0.24445795  0.00000000

     Dynamical  Matrix in cartesian axes

     q = (    0.666666667  -1.000000000   0.333333333 ) 

    1    1
  0.24445795  0.00000000    0.00000000 -0.00093235    0.00716944  0.00000000
  0.00000000  0.00093235    0.25834614  0.00000000    0.00000000  0.01309384
  0.00716944  0.00000000   -0.00000000 -0.01309384    0.28768924  0.00000000
    1    2
  0.00000000 -0.10241194   -0.13451176  0.00000000    0.00000000  0.07311587
 -0.13451176  0.00000000   -0.00000000 -0.11066448   -0.04366907  0.00000000
  0.00000000  0.07311587   -0.04366907  0.00000000    0.00000000 -0.10870152
    2    1
 -0.00000000  0.10241194   -0.13451176 -0.00000000    0.00000000 -0.07311587
 -0.13451176 -0.00000000   -0.00000000  0.11066448   -0.04366907 -0.00000000
  0.00000000 -0.07311587   -0.04366907  0.00000000   -0.00000000  0.10870152
    2    2
  0.24445795  0.00000000    0.00000000  0.00093235    0.00716944  0.00000000
  0.00000000 -0.00093235    0.25834614  0.00000000   -0.00000000 -0.01309384
  0.00716944  0.00000000   -0.00000000  0.01309384    0.28768924  0.00000000

     Dynamical  Matrix in cartesian axes

     q = (    0.333333333   0.666666667   1.000000000 ) 

    1    1
  0.28768924  0.00000000    0.00716944  0.00000000    0.00000000 -0.01309384
  0.00716944  0.00000000    0.24445795  0.00000000   -0.00000000 -0.00093235
  0.00000000  0.01309384   -0.00000000  0.00093235    0.25834614  0.00000000
    1    2
  0.00000000 -0.10870152   -0.00000000  0.07311587   -0.04366907 -0.00000000
 -0.00000000  0.07311587    0.00000000 -0.10241194   -0.13451176 -0.00000000
 -0.04366907 -0.00000000   -0.13451176 -0.00000000    0.00000000 -0.11066448
    2    1
  0.00000000  0.10870152   -0.00000000 -0.07311587   -0.04366907  0.00000000
 -0.00000000 -0.07311587    0.00000000  0.10241194   -0.13451176  0.00000000
 -0.04366907  0.00000000   -0.13451176  0.00000000    0.00000000  0.11066448
    2    2
  0.28768924  0.00000000    0.00716944  0.00000000    0.00000000  0.01309384
  0.00716944  0.00000000    0.24445795  0.00000000    0.00000000  0.00093235
  0.00000000 -0.01309384    0.00000000 -0.00093235    0.25834614  0.00000000

     Dynamical  Matrix in cartesian axes

     q = (   -0.333333333  -0.666666667  -1.000000000 ) 

    1    1
  0.28768924  0.00000000    0.00716944  0.00000000    0.00000000  0.01309384
  0.00716944  0.00000000    0.24445795  0.00000000    0.00000000  0.00093235
  0.00000000 -0.01309384    0.00000000 -0.00093235    0.25834614  0.00000000
    1    2
  0.00000000  0.10870152   -0.00000000 -0.07311587   -0.04366907  0.00000000
 -0.00000000 -0.07311587    0.00000000  0.10241194   -0.13451176  0.00000000
 -0.04366907  0.00000000   -0.13451176  0.00000000    0.00000000  0.11066448
    2    1
  0.00000000 -0.10870152   -0.00000000  0.07311587   -0.04366907 -0.00000000
 -0.00000000  0.07311587    0.00000000 -0.10241194   -0.13451176 -0.00000000
 -0.04366907 -0.00000000   -0.13451176 -0.00000000    0.00000000 -0.11066448
    2    2
  0.28768924  0.00000000    0.00716944  0.00000000    0.00000000 -0.01309384
  0.00716944  0.00000000    0.24445795  0.00000000   -0.00000000 -0.00093235
  0.00000000  0.01309384   -0.00000000  0.00093235    0.25834614  0.00000000

     Dynamical  Matrix in cartesian axes

     q = (   -0.666666667  -1.000000000   0.333333333 ) 

    1    1
  0.24445795  0.00000000   -0.00000000 -0.00093235   -0.00716944  0.00000000
 -0.00000000  0.00093235    0.25834614  0.00000000   -0.00000000 -0.01309384
 -0.00716944  0.00000000   -0.00000000  0.01309384    0.28768924  0.00000000
    1    2
 -0.08869135 -0.05120597   -0.06725588  0.11649060   -0.06332020 -0.03655793
 -0.06725588  0.11649060   -0.09583826 -0.05533224    0.02183453 -0.03781852
 -0.06332020 -0.03655793    0.02183453 -0.03781852   -0.09413828 -0.05435076
    2    1
 -0.08869135  0.05120597   -0.06725588 -0.11649060   -0.06332020  0.03655793
 -0.06725588 -0.11649060   -0.09583826  0.05533224    0.02183453  0.03781852
 -0.06332020  0.03655793    0.02183453  0.03781852   -0.09413828  0.05435076
    2    2
  0.24445795  0.00000000    0.00000000  0.00093235   -0.00716944  0.00000000
  0.00000000 -0.00093235    0.25834614  0.00000000    0.00000000  0.01309384
 -0.00716944  0.00000000    0.00000000 -0.01309384    0.28768924  0.00000000

     Dynamical  Matrix in cartesian axes

     q = (    0.666666667   1.000000000  -0.333333333 ) 

    1    1
  0.24445795  0.00000000    0.00000000  0.00093235   -0.00716944  0.00000000
  0.00000000 -0.00093235    0.25834614  0.00000000    0.00000000  0.01309384
 -0.00716944  0.00000000    0.00000000 -0.01309384    0.28768924  0.00000000
    1    2
 -0.08869135  0.05120597   -0.06725588 -0.11649060   -0.06332020  0.03655793
 -0.06725588 -0.11649060   -0.09583826  0.05533224    0.02183453  0.03781852
 -0.06332020  0.03655793    0.02183453  0.03781852   -0.09413828  0.05435076
    2    1
 -0.08869135 -0.05120597   -0.06725588  0.11649060   -0.06332020 -0.03655793
 -0.06725588  0.11649060   -0.09583826 -0.05533224    0.02183453 -0.03781852
 -0.06332020 -0.03655793    0.02183453 -0.03781852   -0.09413828 -0.05435076
    2    2
  0.24445795  0.00000000   -0.00000000 -0.00093235   -0.00716944  0.00000000
 -0.00000000  0.00093235    0.25834614  0.00000000   -0.00000000 -0.01309384
 -0.00716944  0.00000000   -0.00000000  0.01309384    0.28768924  0.00000000

     Dynamical  Matrix in cartesian axes

     q = (   -0.666666667  -1.000000000  -0.333333333 ) 

    1    1
  0.24445795  0.00000000    0.00000000  0.00093235    0.00716944  0.00000000
  0.00000000 -0.00093235    0.25834614  0.00000000   -0.00000000 -0.01309384
  0.00716944  0.00000000   -0.00000000  0.01309384    0.28768924  0.00000000
    1    2
  0.00000000  0.10241194   -0.13451176  0.00000000   -0.00000000 -0.07311587
 -0.13451176  0.00000000    0.00000000  0.11066448   -0.04366907  0.00000000
 -0.00000000 -0.07311587   -0.04366907  0.00000000    0.00000000  0.10870152
    2    1
  0.00000000 -0.10241194   -0.13451176 -0.00000000   -0.00000000  0.07311587
 -0.13451176 -0.00000000    0.00000000 -0.11066448   -0.04366907  0.00000000
 -0.00000000  0.07311587   -0.04366907 -0.00000000    0.00000000 -0.10870152
    2    2
  0.24445795  0.00000000    0.00000000 -0.00093235    0.00716944  0.00000000
  0.00000000  0.00093235    0.25834614  0.00000000    0.00000000  0.01309384
  0.00716944  0.00000000   -0.00000000 -0.01309384    0.28768924  0.00000000

     Diagonalizing the dynamical matrix

     q = (    0.666666667  -0.333333333   1.000000000 ) 

 **************************************************************************
     freq (    1) =       4.862161 [THz] =     162.184247 [cm-1]
 (  0.302966  0.524752  0.149707  0.259300 -0.179996  0.103921 ) 
 (  0.000000  0.605932  0.000000  0.299414  0.207841  0.000000 ) 
     freq (    2) =       5.460867 [THz] =     182.154904 [cm-1]
 ( -0.163358 -0.282944  0.061902  0.107217 -0.532398  0.307380 ) 
 (  0.000000  0.326716  0.000000 -0.123803 -0.614760  0.000000 ) 
     freq (    3) =       8.607882 [THz] =     287.128030 [cm-1]
 (  0.096052  0.166367 -0.302508 -0.523960 -0.269793  0.155765 ) 
 ( -0.000000  0.192104  0.000000 -0.605016  0.311531  0.000000 ) 
     freq (    4) =      12.430967 [THz] =     414.652417 [cm-1]
 ( -0.190588 -0.330109  0.255615  0.442737  0.264598 -0.152765 ) 
 ( -0.000000  0.381177  0.000000 -0.511229  0.305531  0.000000 ) 
     freq (    5) =      13.868531 [THz] =     462.604403 [cm-1]
 ( -0.248979 -0.431243 -0.236282 -0.409253  0.146768 -0.084737 ) 
 (  0.000000  0.497957  0.000000  0.472565  0.169474  0.000000 ) 
     freq (    6) =      13.928791 [THz] =     464.614449 [cm-1]
 ( -0.154873 -0.268249  0.105245  0.182290 -0.519435  0.299896 ) 
 ( -0.000000 -0.309747 -0.000000  0.210490  0.599792  0.000000 ) 
 **************************************************************************
