Dynamical matrix file
                                                                           
  1    2  2 10.3760000  0.0000000  0.0000000  0.0000000  0.0000000  0.0000000
           1  'Si  '    25598.8229845270     
    1    1      0.0000000000      0.0000000000      0.0000000000
    2    1      0.2500000000      0.2500000000      0.2500000000

     Dynamical  Matrix in cartesian axes

     q = (    0.000000000   0.666666667   0.000000000 ) 

    1    1
  0.23132620  0.00000000   -0.00000000  0.00000000    0.00000000  0.00000000
 -0.00000000  0.00000000    0.31616319  0.00000000    0.00000000  0.00000000
  0.00000000  0.00000000    0.00000000  0.00000000    0.23132620  0.00000000
    1    2
 -0.05738102  0.09938684    0.00000000  0.00000000   -0.12907803 -0.07452324
 -0.00000000 -0.00000000   -0.06455626  0.11181472   -0.00000000 -0.00000000
 -0.12907803 -0.07452324   -0.00000000  0.00000000   -0.05738102  0.09938684
    2    1
 -0.05738102 -0.09938684    0.00000000  0.00000000   -0.12907803  0.07452324
  0.00000000  0.00000000   -0.06455626 -0.11181472    0.00000000  0.00000000
 -0.12907803  0.07452324   -0.00000000  0.00000000   -0.05738102 -0.09938684
    2    2
  0.23132620  0.00000000    0.00000000  0.00000000    0.00000000  0.00000000
  0.00000000  0.00000000    0.31616319  0.00000000    0.00000000  0.00000000
  0.00000000  0.00000000    0.00000000  0.00000000    0.23132620  0.00000000

     Dynamical  Matrix in cartesian axes

     q = (    0.666666667   0.000000000   0.000000000 ) 

    1    1
  0.31616319  0.00000000    0.00000000  0.00000000   -0.00000000  0.00000000
  0.00000000  0.00000000    0.23132620  0.00000000   -0.00000000  0.00000000
 -0.00000000  0.00000000   -0.00000000  0.00000000    0.23132620  0.00000000
    1    2
 -0.06455626  0.11181472   -0.00000000 -0.00000000    0.00000000  0.00000000
  0.00000000 -0.00000000   -0.05738102  0.09938684   -0.12907803 -0.07452324
  0.00000000  0.00000000   -0.12907803 -0.07452324   -0.05738102  0.09938684
    2    1
 -0.06455626 -0.11181472    0.00000000  0.00000000    0.00000000  0.00000000
 -0.00000000  0.00000000   -0.05738102 -0.09938684   -0.12907803  0.07452324
  0.00000000  0.00000000   -0.12907803  0.07452324   -0.05738102 -0.09938684
    2    2
  0.31616319  0.00000000    0.00000000  0.00000000    0.00000000  0.00000000
 -0.00000000  0.00000000    0.23132620  0.00000000   -0.00000000  0.00000000
  0.00000000  0.00000000   -0.00000000  0.00000000    0.23132620  0.00000000

     Dynamical  Matrix in cartesian axes

     q = (    0.000000000   0.000000000   0.666666667 ) 

    1    1
  0.23132620  0.00000000    0.00000000  0.00000000    0.00000000  0.00000000
  0.00000000  0.00000000    0.23132620  0.00000000    0.00000000  0.00000000
 -0.00000000  0.00000000    0.00000000  0.00000000    0.31616319  0.00000000
    1    2
 -0.05738102  0.09938684   -0.12907803 -0.07452324    0.00000000  0.00000000
 -0.12907803 -0.07452324   -0.05738102  0.09938684   -0.00000000  0.00000000
 -0.00000000  0.00000000   -0.00000000  0.00000000   -0.06455626  0.11181472
    2    1
 -0.05738102 -0.09938684   -0.12907803  0.07452324    0.00000000  0.00000000
 -0.12907803  0.07452324   -0.05738102 -0.09938684   -0.00000000  0.00000000
  0.00000000 -0.00000000    0.00000000 -0.00000000   -0.06455626 -0.11181472
    2    2
  0.23132620  0.00000000    0.00000000  0.00000000    0.00000000  0.00000000
  0.00000000  0.00000000    0.23132620  0.00000000    0.00000000  0.00000000
 -0.00000000  0.00000000   -0.00000000  0.00000000    0.31616319  0.00000000

     Dynamical  Matrix in cartesian axes

     q = (    0.000000000  -0.666666667   0.000000000 ) 

    1    1
  0.23132620  0.00000000    0.00000000  0.00000000    0.00000000  0.00000000
  0.00000000  0.00000000    0.31616319  0.00000000    0.00000000  0.00000000
  0.00000000  0.00000000    0.00000000  0.00000000    0.23132620  0.00000000
    1    2
 -0.05738102 -0.09938684    0.00000000  0.00000000   -0.12907803  0.07452324
  0.00000000 -0.00000000   -0.06455626 -0.11181472    0.00000000 -0.00000000
 -0.12907803  0.07452324   -0.00000000 -0.00000000   -0.05738102 -0.09938684
    2    1
 -0.05738102  0.09938684    0.00000000 -0.00000000   -0.12907803 -0.07452324
  0.00000000 -0.00000000   -0.06455626  0.11181472    0.00000000  0.00000000
 -0.12907803 -0.07452324   -0.00000000 -0.00000000   -0.05738102  0.09938684
    2    2
  0.23132620  0.00000000    0.00000000  0.00000000    0.00000000  0.00000000
 -0.00000000  0.00000000    0.31616319  0.00000000    0.00000000  0.00000000
  0.00000000  0.00000000    0.00000000  0.00000000    0.23132620  0.00000000

     Dynamical  Matrix in cartesian axes

     q = (   -0.666666667   0.000000000   0.000000000 ) 

    1    1
  0.31616319  0.00000000    0.00000000  0.00000000    0.00000000  0.00000000
 -0.00000000  0.00000000    0.23132620  0.00000000   -0.00000000  0.00000000
 -0.00000000  0.00000000   -0.00000000  0.00000000    0.23132620  0.00000000
    1    2
 -0.06455626 -0.11181472   -0.00000000  0.00000000    0.00000000  0.00000000
 -0.00000000 -0.00000000   -0.05738102 -0.09938684   -0.12907803  0.07452324
  0.00000000  0.00000000   -0.12907803  0.07452324   -0.05738102 -0.09938684
    2    1
 -0.06455626  0.11181472    0.00000000 -0.00000000   -0.00000000  0.00000000
  0.00000000 -0.00000000   -0.05738102  0.09938684   -0.12907803 -0.07452324
 -0.00000000  0.00000000   -0.12907803 -0.07452324   -0.05738102  0.09938684
    2    2
  0.31616319  0.00000000   -0.00000000  0.00000000   -0.00000000  0.00000000
  0.00000000  0.00000000    0.23132620  0.00000000    0.00000000  0.00000000
  0.00000000  0.00000000    0.00000000  0.00000000    0.23132620  0.00000000

     Dynamical  Matrix in cartesian axes

     q = (    0.000000000   0.000000000  -0.666666667 ) 

    1    1
  0.23132620  0.00000000    0.00000000  0.00000000    0.00000000  0.00000000
  0.00000000  0.00000000    0.23132620  0.00000000    0.00000000  0.00000000
  0.00000000  0.00000000    0.00000000  0.00000000    0.31616319  0.00000000
    1    2
 -0.05738102 -0.09938684   -0.12907803  0.07452324    0.00000000  0.00000000
 -0.12907803  0.07452324   -0.05738102 -0.09938684   -0.00000000  0.00000000
 -0.00000000  0.00000000   -0.00000000  0.00000000   -0.06455626 -0.11181472
    2    1
 -0.05738102  0.09938684   -0.12907803 -0.07452324   -0.00000000  0.00000000
 -0.12907803 -0.07452324   -0.05738102  0.09938684    0.00000000 -0.00000000
 -0.00000000 -0.00000000   -0.00000000 -0.00000000   -0.06455626  0.11181472
    2    2
  0.23132620  0.00000000    0.00000000  0.00000000   -0.00000000  0.00000000
  0.00000000  0.00000000    0.23132620  0.00000000    0.00000000  0.00000000
 -0.00000000  0.00000000    0.00000000  0.00000000    0.31616319  0.00000000

     Diagonalizing the dynamical matrix

     q = (    0.000000000   0.666666667   0.000000000 ) 

 **************************************************************************
     freq (    1) =       4.274555 [THz] =     142.583820 [cm-1]
 ( -0.336894 -0.510069  0.000000 -0.000000  0.316835  0.161083 ) 
 (  0.447950 -0.348576 -0.000000  0.000000 -0.421706  0.000000 ) 
     freq (    2) =       4.274555 [THz] =     142.583820 [cm-1]
 ( -0.354166  0.029976 -0.000000 -0.000000 -0.504112  0.345745 ) 
 ( -0.332813  0.258981  0.000000  0.000000 -0.567595  0.000000 ) 
     freq (    3) =       8.892926 [THz] =     296.636077 [cm-1]
 (  0.000000 -0.000000 -0.473874  0.524827  0.000000 -0.000000 ) 
 ( -0.000000  0.000000 -0.691451 -0.147973 -0.000000  0.000000 ) 
     freq (    4) =      13.316734 [THz] =     444.198430 [cm-1]
 (  0.128767  0.401945 -0.000000  0.000000 -0.103411 -0.557822 ) 
 (  0.465038  0.151158  0.000000 -0.000000 -0.510775  0.000000 ) 
     freq (    5) =      13.316734 [THz] =     444.198430 [cm-1]
 ( -0.567134  0.014762 -0.000000  0.000000 -0.419929 -0.042431 ) 
 (  0.485758  0.157893  0.000000 -0.000000  0.488988  0.000000 ) 
     freq (    6) =      13.720803 [THz] =     457.676737 [cm-1]
 ( -0.000000  0.000000  0.334760 -0.622845 -0.000000 -0.000000 ) 
 (  0.000000  0.000000 -0.706779  0.021512  0.000000  0.000000 ) 
 **************************************************************************
