Dynamical matrix file
                                                                           
  1    2  2 10.3640000  0.0000000  0.0000000  0.0000000  0.0000000  0.0000000
           1  'Si  '    25598.8229845270     
    1    1      0.0000000000      0.0000000000      0.0000000000
    2    1      0.2500000000      0.2500000000      0.2500000000

     Dynamical  Matrix in cartesian axes

     q = (    0.500000000  -0.166666667   0.833333333 ) 

    1    1
  0.23506370  0.00000000   -0.00493905  0.00094084    0.00493905  0.00094084
 -0.00493905 -0.00094084    0.26373864  0.00000000   -0.00359245 -0.01445347
  0.00493905 -0.00094084   -0.00359245  0.01445347    0.26373864  0.00000000
    1    2
 -0.02879886  0.04988110   -0.10365283  0.03819521   -0.01874839 -0.10886359
 -0.10365283  0.03819521   -0.02875518  0.05838571   -0.02146440  0.03717743
 -0.01874839 -0.10886359   -0.02146440  0.03717743   -0.03618592  0.05409557
    2    1
 -0.02879886 -0.04988110   -0.10365283 -0.03819521   -0.01874839  0.10886359
 -0.10365283 -0.03819521   -0.02875518 -0.05838571   -0.02146440 -0.03717743
 -0.01874839  0.10886359   -0.02146440 -0.03717743   -0.03618592 -0.05409557
    2    2
  0.23506370  0.00000000   -0.00493905 -0.00094084    0.00493905 -0.00094084
 -0.00493905  0.00094084    0.26373864  0.00000000   -0.00359245  0.01445347
  0.00493905  0.00094084   -0.00359245 -0.01445347    0.26373864  0.00000000

     Dynamical  Matrix in cartesian axes

     q = (    0.833333333   0.166666667   0.500000000 ) 

    1    1
  0.26373864  0.00000000    0.00359245  0.01445347    0.00493905  0.00094084
  0.00359245 -0.01445347    0.26373864  0.00000000    0.00493905 -0.00094084
  0.00493905 -0.00094084    0.00493905  0.00094084    0.23506370  0.00000000
    1    2
  0.06494109 -0.00429014   -0.04292880 -0.00000000   -0.08490444 -0.07066838
 -0.04292880  0.00000000    0.06494109  0.00429014   -0.08490444  0.07066838
 -0.08490444 -0.07066838   -0.08490444  0.07066838    0.05759773 -0.00000000
    2    1
  0.06494109  0.00429014   -0.04292880  0.00000000   -0.08490444  0.07066838
 -0.04292880 -0.00000000    0.06494109 -0.00429014   -0.08490444 -0.07066838
 -0.08490444  0.07066838   -0.08490444 -0.07066838    0.05759773  0.00000000
    2    2
  0.26373864  0.00000000    0.00359245 -0.01445347    0.00493905 -0.00094084
  0.00359245  0.01445347    0.26373864  0.00000000    0.00493905  0.00094084
  0.00493905  0.00094084    0.00493905 -0.00094084    0.23506370  0.00000000

     Dynamical  Matrix in cartesian axes

     q = (    0.500000000   0.166666667   0.833333333 ) 

    1    1
  0.23506370  0.00000000    0.00493905  0.00094084    0.00493905 -0.00094084
  0.00493905 -0.00094084    0.26373864  0.00000000    0.00359245 -0.01445347
  0.00493905  0.00094084    0.00359245  0.01445347    0.26373864  0.00000000
    1    2
  0.05759773  0.00000000   -0.08490444  0.07066838   -0.08490444 -0.07066838
 -0.08490444  0.07066838    0.06494109  0.00429014   -0.04292880 -0.00000000
 -0.08490444 -0.07066838   -0.04292880 -0.00000000    0.06494109 -0.00429014
    2    1
  0.05759773 -0.00000000   -0.08490444 -0.07066838   -0.08490444  0.07066838
 -0.08490444 -0.07066838    0.06494109 -0.00429014   -0.04292880  0.00000000
 -0.08490444  0.07066838   -0.04292880  0.00000000    0.06494109  0.00429014
    2    2
  0.23506370  0.00000000    0.00493905 -0.00094084    0.00493905  0.00094084
  0.00493905  0.00094084    0.26373864  0.00000000    0.00359245  0.01445347
  0.00493905 -0.00094084    0.00359245 -0.01445347    0.26373864  0.00000000

     Dynamical  Matrix in cartesian axes

     q = (   -0.833333333  -0.166666667   0.500000000 ) 

    1    1
  0.26373864  0.00000000    0.00359245  0.01445347   -0.00493905 -0.00094084
  0.00359245 -0.01445347    0.26373864  0.00000000   -0.00493905  0.00094084
 -0.00493905  0.00094084   -0.00493905 -0.00094084    0.23506370  0.00000000
    1    2
 -0.06494109  0.00429014    0.04292880  0.00000000   -0.08490444 -0.07066838
  0.04292880  0.00000000   -0.06494109 -0.00429014   -0.08490444  0.07066838
 -0.08490444 -0.07066838   -0.08490444  0.07066838   -0.05759773 -0.00000000
    2    1
 -0.06494109 -0.00429014    0.04292880 -0.00000000   -0.08490444  0.07066838
  0.04292880 -0.00000000   -0.06494109  0.00429014   -0.08490444 -0.07066838
 -0.08490444  0.07066838   -0.08490444 -0.07066838   -0.05759773  0.00000000
    2    2
  0.26373864  0.00000000    0.00359245 -0.01445347   -0.00493905  0.00094084
  0.00359245  0.01445347    0.26373864  0.00000000   -0.00493905 -0.00094084
 -0.00493905 -0.00094084   -0.00493905  0.00094084    0.23506370  0.00000000

     Dynamical  Matrix in cartesian axes

     q = (   -0.833333333  -0.166666667  -0.500000000 ) 

    1    1
  0.26373864  0.00000000    0.00359245 -0.01445347    0.00493905 -0.00094084
  0.00359245  0.01445347    0.26373864  0.00000000    0.00493905  0.00094084
  0.00493905  0.00094084    0.00493905 -0.00094084    0.23506370  0.00000000
    1    2
  0.06494109  0.00429014   -0.04292880  0.00000000   -0.08490444  0.07066838
 -0.04292880 -0.00000000    0.06494109 -0.00429014   -0.08490444 -0.07066838
 -0.08490444  0.07066838   -0.08490444 -0.07066838    0.05759773  0.00000000
    2    1
  0.06494109 -0.00429014   -0.04292880 -0.00000000   -0.08490444 -0.07066838
 -0.04292880  0.00000000    0.06494109  0.00429014   -0.08490444  0.07066838
 -0.08490444 -0.07066838   -0.08490444  0.07066838    0.05759773 -0.00000000
    2    2
  0.26373864  0.00000000    0.00359245  0.01445347    0.00493905  0.00094084
  0.00359245 -0.01445347    0.26373864  0.00000000    0.00493905 -0.00094084
  0.00493905 -0.00094084    0.00493905  0.00094084    0.23506370  0.00000000

     Dynamical  Matrix in cartesian axes

     q = (   -0.500000000  -0.166666667  -0.833333333 ) 

    1    1
  0.23506370  0.00000000    0.00493905 -0.00094084    0.00493905  0.00094084
  0.00493905  0.00094084    0.26373864  0.00000000    0.00359245  0.01445347
  0.00493905 -0.00094084    0.00359245 -0.01445347    0.26373864  0.00000000
    1    2
  0.05759773 -0.00000000   -0.08490444 -0.07066838   -0.08490444  0.07066838
 -0.08490444 -0.07066838    0.06494109 -0.00429014   -0.04292880  0.00000000
 -0.08490444  0.07066838   -0.04292880  0.00000000    0.06494109  0.00429014
    2    1
  0.05759773  0.00000000   -0.08490444  0.07066838   -0.08490444 -0.07066838
 -0.08490444  0.07066838    0.06494109  0.00429014   -0.04292880 -0.00000000
 -0.08490444 -0.07066838   -0.04292880 -0.00000000    0.06494109 -0.00429014
    2    2
  0.23506370  0.00000000    0.00493905  0.00094084    0.00493905 -0.00094084
  0.00493905 -0.00094084    0.26373864  0.00000000    0.00359245 -0.01445347
  0.00493905  0.00094084    0.00359245  0.01445347    0.26373864  0.00000000

     Dynamical  Matrix in cartesian axes

     q = (    0.833333333  -0.166666667   0.500000000 ) 

    1    1
  0.26373864  0.00000000   -0.00359245  0.01445347    0.00493905 -0.00094084
 -0.00359245 -0.01445347    0.26373864  0.00000000   -0.00493905 -0.00094084
  0.00493905  0.00094084   -0.00493905  0.00094084    0.23506370  0.00000000
    1    2
 -0.03618592  0.05409557   -0.02146440  0.03717743   -0.01874839 -0.10886359
 -0.02146440  0.03717743   -0.02875518  0.05838571   -0.10365283  0.03819521
 -0.01874839 -0.10886359   -0.10365283  0.03819521   -0.02879886  0.04988110
    2    1
 -0.03618592 -0.05409557   -0.02146440 -0.03717743   -0.01874839  0.10886359
 -0.02146440 -0.03717743   -0.02875518 -0.05838571   -0.10365283 -0.03819521
 -0.01874839  0.10886359   -0.10365283 -0.03819521   -0.02879886 -0.04988110
    2    2
  0.26373864  0.00000000   -0.00359245 -0.01445347    0.00493905  0.00094084
 -0.00359245  0.01445347    0.26373864  0.00000000   -0.00493905  0.00094084
  0.00493905 -0.00094084   -0.00493905 -0.00094084    0.23506370  0.00000000

     Dynamical  Matrix in cartesian axes

     q = (   -0.500000000  -0.166666667   0.833333333 ) 

    1    1
  0.23506370  0.00000000    0.00493905  0.00094084   -0.00493905  0.00094084
  0.00493905 -0.00094084    0.26373864  0.00000000   -0.00359245  0.01445347
 -0.00493905 -0.00094084   -0.00359245 -0.01445347    0.26373864  0.00000000
    1    2
 -0.02879886  0.04988110   -0.01874839 -0.10886359   -0.10365283  0.03819521
 -0.01874839 -0.10886359   -0.03618592  0.05409557   -0.02146440  0.03717743
 -0.10365283  0.03819521   -0.02146440  0.03717743   -0.02875518  0.05838571
    2    1
 -0.02879886 -0.04988110   -0.01874839  0.10886359   -0.10365283 -0.03819521
 -0.01874839  0.10886359   -0.03618592 -0.05409557   -0.02146440 -0.03717743
 -0.10365283 -0.03819521   -0.02146440 -0.03717743   -0.02875518 -0.05838571
    2    2
  0.23506370  0.00000000    0.00493905 -0.00094084   -0.00493905 -0.00094084
  0.00493905  0.00094084    0.26373864  0.00000000   -0.00359245 -0.01445347
 -0.00493905  0.00094084   -0.00359245  0.01445347    0.26373864  0.00000000

     Dynamical  Matrix in cartesian axes

     q = (   -0.833333333   0.166666667   0.500000000 ) 

    1    1
  0.26373864  0.00000000   -0.00359245  0.01445347   -0.00493905  0.00094084
 -0.00359245 -0.01445347    0.26373864  0.00000000    0.00493905  0.00094084
 -0.00493905 -0.00094084    0.00493905 -0.00094084    0.23506370  0.00000000
    1    2
 -0.02875518 -0.05838571   -0.02146440 -0.03717743   -0.10365283 -0.03819521
 -0.02146440 -0.03717743   -0.03618592 -0.05409557   -0.01874839  0.10886359
 -0.10365283 -0.03819521   -0.01874839  0.10886359   -0.02879886 -0.04988110
    2    1
 -0.02875518  0.05838571   -0.02146440  0.03717743   -0.10365283  0.03819521
 -0.02146440  0.03717743   -0.03618592  0.05409557   -0.01874839 -0.10886359
 -0.10365283  0.03819521   -0.01874839 -0.10886359   -0.02879886  0.04988110
    2    2
  0.26373864  0.00000000   -0.00359245 -0.01445347   -0.00493905 -0.00094084
 -0.00359245  0.01445347    0.26373864  0.00000000    0.00493905 -0.00094084
 -0.00493905  0.00094084    0.00493905  0.00094084    0.23506370  0.00000000

     Dynamical  Matrix in cartesian axes

     q = (    0.833333333   0.166666667  -0.500000000 ) 

    1    1
  0.26373864  0.00000000    0.00359245 -0.01445347   -0.00493905  0.00094084
  0.00359245  0.01445347    0.26373864  0.00000000   -0.00493905 -0.00094084
 -0.00493905 -0.00094084   -0.00493905  0.00094084    0.23506370  0.00000000
    1    2
 -0.06494109 -0.00429014    0.04292880 -0.00000000   -0.08490444  0.07066838
  0.04292880 -0.00000000   -0.06494109  0.00429014   -0.08490444 -0.07066838
 -0.08490444  0.07066838   -0.08490444 -0.07066838   -0.05759773  0.00000000
    2    1
 -0.06494109  0.00429014    0.04292880  0.00000000   -0.08490444 -0.07066838
  0.04292880  0.00000000   -0.06494109 -0.00429014   -0.08490444  0.07066838
 -0.08490444 -0.07066838   -0.08490444  0.07066838   -0.05759773 -0.00000000
    2    2
  0.26373864  0.00000000    0.00359245  0.01445347   -0.00493905 -0.00094084
  0.00359245 -0.01445347    0.26373864  0.00000000   -0.00493905  0.00094084
 -0.00493905  0.00094084   -0.00493905 -0.00094084    0.23506370  0.00000000

     Dynamical  Matrix in cartesian axes

     q = (    0.833333333  -0.166666667  -0.500000000 ) 

    1    1
  0.26373864  0.00000000   -0.00359245 -0.01445347   -0.00493905 -0.00094084
 -0.00359245  0.01445347    0.26373864  0.00000000    0.00493905 -0.00094084
 -0.00493905  0.00094084    0.00493905  0.00094084    0.23506370  0.00000000
    1    2
 -0.02875518  0.05838571   -0.02146440  0.03717743   -0.10365283  0.03819521
 -0.02146440  0.03717743   -0.03618592  0.05409557   -0.01874839 -0.10886359
 -0.10365283  0.03819521   -0.01874839 -0.10886359   -0.02879886  0.04988110
    2    1
 -0.02875518 -0.05838571   -0.02146440 -0.03717743   -0.10365283 -0.03819521
 -0.02146440 -0.03717743   -0.03618592 -0.05409557   -0.01874839  0.10886359
 -0.10365283 -0.03819521   -0.01874839  0.10886359   -0.02879886 -0.04988110
    2    2
  0.26373864  0.00000000   -0.00359245  0.01445347   -0.00493905  0.00094084
 -0.00359245 -0.01445347    0.26373864  0.00000000    0.00493905  0.00094084
 -0.00493905 -0.00094084    0.00493905 -0.00094084    0.23506370  0.00000000

     Dynamical  Matrix in cartesian axes

     q = (    0.500000000   0.166666667  -0.833333333 ) 

    1    1
  0.23506370  0.00000000    0.00493905 -0.00094084   -0.00493905 -0.00094084
  0.00493905  0.00094084    0.26373864  0.00000000   -0.00359245 -0.01445347
 -0.00493905  0.00094084   -0.00359245  0.01445347    0.26373864  0.00000000
    1    2
 -0.02879886 -0.04988110   -0.01874839  0.10886359   -0.10365283 -0.03819521
 -0.01874839  0.10886359   -0.03618592 -0.05409557   -0.02146440 -0.03717743
 -0.10365283 -0.03819521   -0.02146440 -0.03717743   -0.02875518 -0.05838571
    2    1
 -0.02879886  0.04988110   -0.01874839 -0.10886359   -0.10365283  0.03819521
 -0.01874839 -0.10886359   -0.03618592  0.05409557   -0.02146440  0.03717743
 -0.10365283  0.03819521   -0.02146440  0.03717743   -0.02875518  0.05838571
    2    2
  0.23506370  0.00000000    0.00493905  0.00094084   -0.00493905  0.00094084
  0.00493905 -0.00094084    0.26373864  0.00000000   -0.00359245  0.01445347
 -0.00493905 -0.00094084   -0.00359245 -0.01445347    0.26373864  0.00000000

     Dynamical  Matrix in cartesian axes

     q = (   -0.500000000   0.166666667   0.833333333 ) 

    1    1
  0.23506370  0.00000000   -0.00493905  0.00094084   -0.00493905 -0.00094084
 -0.00493905 -0.00094084    0.26373864  0.00000000    0.00359245  0.01445347
 -0.00493905  0.00094084    0.00359245 -0.01445347    0.26373864  0.00000000
    1    2
 -0.05759773 -0.00000000   -0.08490444 -0.07066838   -0.08490444  0.07066838
 -0.08490444 -0.07066838   -0.06494109  0.00429014    0.04292880  0.00000000
 -0.08490444  0.07066838    0.04292880  0.00000000   -0.06494109 -0.00429014
    2    1
 -0.05759773  0.00000000   -0.08490444  0.07066838   -0.08490444 -0.07066838
 -0.08490444  0.07066838   -0.06494109 -0.00429014    0.04292880 -0.00000000
 -0.08490444 -0.07066838    0.04292880 -0.00000000   -0.06494109  0.00429014
    2    2
  0.23506370  0.00000000   -0.00493905 -0.00094084   -0.00493905  0.00094084
 -0.00493905  0.00094084    0.26373864  0.00000000    0.00359245 -0.01445347
 -0.00493905 -0.00094084    0.00359245  0.01445347    0.26373864  0.00000000

     Dynamical  Matrix in cartesian axes

     q = (   -0.500000000   0.166666667  -0.833333333 ) 

    1    1
  0.23506370  0.00000000   -0.00493905 -0.00094084    0.00493905 -0.00094084
 -0.00493905  0.00094084    0.26373864  0.00000000   -0.00359245  0.01445347
  0.00493905  0.00094084   -0.00359245 -0.01445347    0.26373864  0.00000000
    1    2
 -0.02879886 -0.04988110   -0.10365283 -0.03819521   -0.01874839  0.10886359
 -0.10365283 -0.03819521   -0.02875518 -0.05838571   -0.02146440 -0.03717743
 -0.01874839  0.10886359   -0.02146440 -0.03717743   -0.03618592 -0.05409557
    2    1
 -0.02879886  0.04988110   -0.10365283  0.03819521   -0.01874839 -0.10886359
 -0.10365283  0.03819521   -0.02875518  0.05838571   -0.02146440  0.03717743
 -0.01874839 -0.10886359   -0.02146440  0.03717743   -0.03618592  0.05409557
    2    2
  0.23506370  0.00000000   -0.00493905  0.00094084    0.00493905  0.00094084
 -0.00493905 -0.00094084    0.26373864  0.00000000   -0.00359245 -0.01445347
  0.00493905 -0.00094084   -0.00359245  0.01445347    0.26373864  0.00000000

     Dynamical  Matrix in cartesian axes

     q = (   -0.833333333   0.166666667  -0.500000000 ) 

    1    1
  0.26373864  0.00000000   -0.00359245 -0.01445347    0.00493905  0.00094084
 -0.00359245  0.01445347    0.26373864  0.00000000   -0.00493905  0.00094084
  0.00493905 -0.00094084   -0.00493905 -0.00094084    0.23506370  0.00000000
    1    2
 -0.03618592 -0.05409557   -0.02146440 -0.03717743   -0.01874839  0.10886359
 -0.02146440 -0.03717743   -0.02875518 -0.05838571   -0.10365283 -0.03819521
 -0.01874839  0.10886359   -0.10365283 -0.03819521   -0.02879886 -0.04988110
    2    1
 -0.03618592  0.05409557   -0.02146440  0.03717743   -0.01874839 -0.10886359
 -0.02146440  0.03717743   -0.02875518  0.05838571   -0.10365283  0.03819521
 -0.01874839 -0.10886359   -0.10365283  0.03819521   -0.02879886  0.04988110
    2    2
  0.26373864  0.00000000   -0.00359245  0.01445347    0.00493905 -0.00094084
 -0.00359245 -0.01445347    0.26373864  0.00000000   -0.00493905 -0.00094084
  0.00493905  0.00094084   -0.00493905  0.00094084    0.23506370  0.00000000

     Dynamical  Matrix in cartesian axes

     q = (    0.833333333  -0.500000000   0.166666667 ) 

    1    1
  0.26373864  0.00000000   -0.00493905  0.00094084    0.00359245 -0.01445347
 -0.00493905 -0.00094084    0.23506370  0.00000000   -0.00493905  0.00094084
  0.00359245  0.01445347   -0.00493905 -0.00094084    0.26373864  0.00000000
    1    2
 -0.06494109 -0.00429014   -0.08490444  0.07066838    0.04292880 -0.00000000
 -0.08490444  0.07066838   -0.05759773  0.00000000   -0.08490444 -0.07066838
  0.04292880 -0.00000000   -0.08490444 -0.07066838   -0.06494109  0.00429014
    2    1
 -0.06494109  0.00429014   -0.08490444 -0.07066838    0.04292880  0.00000000
 -0.08490444 -0.07066838   -0.05759773 -0.00000000   -0.08490444  0.07066838
  0.04292880  0.00000000   -0.08490444  0.07066838   -0.06494109 -0.00429014
    2    2
  0.26373864  0.00000000   -0.00493905 -0.00094084    0.00359245  0.01445347
 -0.00493905  0.00094084    0.23506370  0.00000000   -0.00493905 -0.00094084
  0.00359245 -0.01445347   -0.00493905  0.00094084    0.26373864  0.00000000

     Dynamical  Matrix in cartesian axes

     q = (    0.833333333   0.500000000  -0.166666667 ) 

    1    1
  0.26373864  0.00000000    0.00493905 -0.00094084   -0.00359245  0.01445347
  0.00493905  0.00094084    0.23506370  0.00000000   -0.00493905  0.00094084
 -0.00359245 -0.01445347   -0.00493905 -0.00094084    0.26373864  0.00000000
    1    2
 -0.03618592  0.05409557   -0.01874839 -0.10886359   -0.02146440  0.03717743
 -0.01874839 -0.10886359   -0.02879886  0.04988110   -0.10365283  0.03819521
 -0.02146440  0.03717743   -0.10365283  0.03819521   -0.02875518  0.05838571
    2    1
 -0.03618592 -0.05409557   -0.01874839  0.10886359   -0.02146440 -0.03717743
 -0.01874839  0.10886359   -0.02879886 -0.04988110   -0.10365283 -0.03819521
 -0.02146440 -0.03717743   -0.10365283 -0.03819521   -0.02875518 -0.05838571
    2    2
  0.26373864  0.00000000    0.00493905  0.00094084   -0.00359245 -0.01445347
  0.00493905 -0.00094084    0.23506370  0.00000000   -0.00493905 -0.00094084
 -0.00359245  0.01445347   -0.00493905  0.00094084    0.26373864  0.00000000

     Dynamical  Matrix in cartesian axes

     q = (   -0.833333333  -0.500000000  -0.166666667 ) 

    1    1
  0.26373864  0.00000000    0.00493905 -0.00094084    0.00359245 -0.01445347
  0.00493905  0.00094084    0.23506370  0.00000000    0.00493905 -0.00094084
  0.00359245  0.01445347    0.00493905  0.00094084    0.26373864  0.00000000
    1    2
  0.06494109  0.00429014   -0.08490444  0.07066838   -0.04292880  0.00000000
 -0.08490444  0.07066838    0.05759773  0.00000000   -0.08490444 -0.07066838
 -0.04292880  0.00000000   -0.08490444 -0.07066838    0.06494109 -0.00429014
    2    1
  0.06494109 -0.00429014   -0.08490444 -0.07066838   -0.04292880 -0.00000000
 -0.08490444 -0.07066838    0.05759773 -0.00000000   -0.08490444  0.07066838
 -0.04292880 -0.00000000   -0.08490444  0.07066838    0.06494109  0.00429014
    2    2
  0.26373864  0.00000000    0.00493905  0.00094084    0.00359245  0.01445347
  0.00493905 -0.00094084    0.23506370  0.00000000    0.00493905  0.00094084
  0.00359245 -0.01445347    0.00493905 -0.00094084    0.26373864  0.00000000

     Dynamical  Matrix in cartesian axes

     q = (   -0.833333333   0.500000000   0.166666667 ) 

    1    1
  0.26373864  0.00000000   -0.00493905  0.00094084   -0.00359245  0.01445347
 -0.00493905 -0.00094084    0.23506370  0.00000000    0.00493905 -0.00094084
 -0.00359245 -0.01445347    0.00493905  0.00094084    0.26373864  0.00000000
    1    2
 -0.02875518 -0.05838571   -0.10365283 -0.03819521   -0.02146440 -0.03717743
 -0.10365283 -0.03819521   -0.02879886 -0.04988110   -0.01874839  0.10886359
 -0.02146440 -0.03717743   -0.01874839  0.10886359   -0.03618592 -0.05409557
    2    1
 -0.02875518  0.05838571   -0.10365283  0.03819521   -0.02146440  0.03717743
 -0.10365283  0.03819521   -0.02879886  0.04988110   -0.01874839 -0.10886359
 -0.02146440  0.03717743   -0.01874839 -0.10886359   -0.03618592  0.05409557
    2    2
  0.26373864  0.00000000   -0.00493905 -0.00094084   -0.00359245 -0.01445347
 -0.00493905  0.00094084    0.23506370  0.00000000    0.00493905  0.00094084
 -0.00359245  0.01445347    0.00493905 -0.00094084    0.26373864  0.00000000

     Dynamical  Matrix in cartesian axes

     q = (    0.166666667  -0.500000000   0.833333333 ) 

    1    1
  0.26373864  0.00000000   -0.00493905 -0.00094084    0.00359245  0.01445347
 -0.00493905  0.00094084    0.23506370  0.00000000   -0.00493905 -0.00094084
  0.00359245 -0.01445347   -0.00493905  0.00094084    0.26373864  0.00000000
    1    2
 -0.06494109  0.00429014   -0.08490444 -0.07066838    0.04292880  0.00000000
 -0.08490444 -0.07066838   -0.05759773 -0.00000000   -0.08490444  0.07066838
  0.04292880  0.00000000   -0.08490444  0.07066838   -0.06494109 -0.00429014
    2    1
 -0.06494109 -0.00429014   -0.08490444  0.07066838    0.04292880 -0.00000000
 -0.08490444  0.07066838   -0.05759773  0.00000000   -0.08490444 -0.07066838
  0.04292880  0.00000000   -0.08490444 -0.07066838   -0.06494109  0.00429014
    2    2
  0.26373864  0.00000000   -0.00493905  0.00094084    0.00359245 -0.01445347
 -0.00493905 -0.00094084    0.23506370  0.00000000   -0.00493905  0.00094084
  0.00359245  0.01445347   -0.00493905 -0.00094084    0.26373864  0.00000000

     Dynamical  Matrix in cartesian axes

     q = (   -0.166666667   0.500000000   0.833333333 ) 

    1    1
  0.26373864  0.00000000   -0.00493905 -0.00094084   -0.00359245 -0.01445347
 -0.00493905  0.00094084    0.23506370  0.00000000    0.00493905  0.00094084
 -0.00359245  0.01445347    0.00493905 -0.00094084    0.26373864  0.00000000
    1    2
 -0.02875518  0.05838571   -0.10365283  0.03819521   -0.02146440  0.03717743
 -0.10365283  0.03819521   -0.02879886  0.04988110   -0.01874839 -0.10886359
 -0.02146440  0.03717743   -0.01874839 -0.10886359   -0.03618592  0.05409557
    2    1
 -0.02875518 -0.05838571   -0.10365283 -0.03819521   -0.02146440 -0.03717743
 -0.10365283 -0.03819521   -0.02879886 -0.04988110   -0.01874839  0.10886359
 -0.02146440 -0.03717743   -0.01874839  0.10886359   -0.03618592 -0.05409557
    2    2
  0.26373864  0.00000000   -0.00493905  0.00094084   -0.00359245  0.01445347
 -0.00493905 -0.00094084    0.23506370  0.00000000    0.00493905 -0.00094084
 -0.00359245 -0.01445347    0.00493905  0.00094084    0.26373864  0.00000000

     Dynamical  Matrix in cartesian axes

     q = (    0.166666667   0.500000000  -0.833333333 ) 

    1    1
  0.26373864  0.00000000    0.00493905  0.00094084   -0.00359245 -0.01445347
  0.00493905 -0.00094084    0.23506370  0.00000000   -0.00493905 -0.00094084
 -0.00359245  0.01445347   -0.00493905  0.00094084    0.26373864  0.00000000
    1    2
 -0.03618592 -0.05409557   -0.01874839  0.10886359   -0.02146440 -0.03717743
 -0.01874839  0.10886359   -0.02879886 -0.04988110   -0.10365283 -0.03819521
 -0.02146440 -0.03717743   -0.10365283 -0.03819521   -0.02875518 -0.05838571
    2    1
 -0.03618592  0.05409557   -0.01874839 -0.10886359   -0.02146440  0.03717743
 -0.01874839 -0.10886359   -0.02879886  0.04988110   -0.10365283  0.03819521
 -0.02146440  0.03717743   -0.10365283  0.03819521   -0.02875518  0.05838571
    2    2
  0.26373864  0.00000000    0.00493905 -0.00094084   -0.00359245  0.01445347
  0.00493905  0.00094084    0.23506370  0.00000000   -0.00493905  0.00094084
 -0.00359245 -0.01445347   -0.00493905 -0.00094084    0.26373864  0.00000000

     Dynamical  Matrix in cartesian axes

     q = (   -0.166666667  -0.500000000  -0.833333333 ) 

    1    1
  0.26373864  0.00000000    0.00493905  0.00094084    0.00359245  0.01445347
  0.00493905 -0.00094084    0.23506370  0.00000000    0.00493905  0.00094084
  0.00359245 -0.01445347    0.00493905 -0.00094084    0.26373864  0.00000000
    1    2
  0.06494109 -0.00429014   -0.08490444 -0.07066838   -0.04292880 -0.00000000
 -0.08490444 -0.07066838    0.05759773  0.00000000   -0.08490444  0.07066838
 -0.04292880 -0.00000000   -0.08490444  0.07066838    0.06494109  0.00429014
    2    1
  0.06494109  0.00429014   -0.08490444  0.07066838   -0.04292880  0.00000000
 -0.08490444  0.07066838    0.05759773 -0.00000000   -0.08490444 -0.07066838
 -0.04292880  0.00000000   -0.08490444 -0.07066838    0.06494109 -0.00429014
    2    2
  0.26373864  0.00000000    0.00493905 -0.00094084    0.00359245 -0.01445347
  0.00493905  0.00094084    0.23506370  0.00000000    0.00493905 -0.00094084
  0.00359245  0.01445347    0.00493905  0.00094084    0.26373864  0.00000000

     Dynamical  Matrix in cartesian axes

     q = (   -0.500000000   0.833333333   0.166666667 ) 

    1    1
  0.23506370  0.00000000   -0.00493905 -0.00094084   -0.00493905  0.00094084
 -0.00493905  0.00094084    0.26373864  0.00000000    0.00359245 -0.01445347
 -0.00493905 -0.00094084    0.00359245  0.01445347    0.26373864  0.00000000
    1    2
 -0.05759773 -0.00000000   -0.08490444  0.07066838   -0.08490444 -0.07066838
 -0.08490444  0.07066838   -0.06494109 -0.00429014    0.04292880  0.00000000
 -0.08490444 -0.07066838    0.04292880  0.00000000   -0.06494109  0.00429014
    2    1
 -0.05759773  0.00000000   -0.08490444 -0.07066838   -0.08490444  0.07066838
 -0.08490444 -0.07066838   -0.06494109  0.00429014    0.04292880 -0.00000000
 -0.08490444  0.07066838    0.04292880 -0.00000000   -0.06494109 -0.00429014
    2    2
  0.23506370  0.00000000   -0.00493905  0.00094084   -0.00493905 -0.00094084
 -0.00493905 -0.00094084    0.26373864  0.00000000    0.00359245  0.01445347
 -0.00493905  0.00094084    0.00359245 -0.01445347    0.26373864  0.00000000

     Diagonalizing the dynamical matrix

     q = (    0.500000000  -0.166666667   0.833333333 ) 

 **************************************************************************
     freq (    1) =       5.167654 [THz] =     172.374374 [cm-1]
 ( -0.064072  0.567984 -0.147177  0.254919 -0.086689 -0.281300 ) 
 ( -0.523924  0.228504 -0.200268  0.215725  0.294355  0.000000 ) 
     freq (    2) =       6.158073 [THz] =     205.411205 [cm-1]
 (  0.252975  0.282389  0.211027 -0.365510  0.386428 -0.169715 ) 
 (  0.118068 -0.360277  0.340192  0.249799  0.422055  0.000000 ) 
     freq (    3) =       9.587613 [THz] =     319.808350 [cm-1]
 (  0.271778 -0.124532 -0.226558  0.392410  0.445143  0.084629 ) 
 ( -0.243736 -0.173100  0.149281  0.427820 -0.453116  0.000000 ) 
     freq (    4) =      11.009812 [THz] =     367.247787 [cm-1]
 (  0.215141 -0.087229 -0.236142  0.409010  0.454306  0.129067 ) 
 (  0.183113  0.142703 -0.115378 -0.457975  0.472285  0.000000 ) 
     freq (    5) =      13.438987 [THz] =     448.276338 [cm-1]
 ( -0.047971  0.514381 -0.170701  0.295663 -0.113086 -0.322129 ) 
 (  0.469453 -0.215646  0.222429 -0.259000 -0.341402  0.000000 ) 
     freq (    6) =      13.653799 [THz] =     455.441712 [cm-1]
 ( -0.189686 -0.288815 -0.218118  0.377792 -0.433353  0.050077 ) 
 (  0.155278 -0.308680  0.260045  0.350256  0.436237  0.000000 ) 
 **************************************************************************
