Dynamical matrix file
                                                                           
  1    2  2 10.3640000  0.0000000  0.0000000  0.0000000  0.0000000  0.0000000
           1  'Si  '    25598.8229845270     
    1    1      0.0000000000      0.0000000000      0.0000000000
    2    1      0.2500000000      0.2500000000      0.2500000000

     Dynamical  Matrix in cartesian axes

     q = (    0.500000000  -0.166666667   0.500000000 ) 

    1    1
  0.25450251 -0.00000000   -0.00820910  0.00661820    0.01122925 -0.00000000
 -0.00820910 -0.00661820    0.26838775 -0.00000000   -0.00820910 -0.00661820
  0.01122925 -0.00000000   -0.00820910  0.00661820    0.25450251 -0.00000000
    1    2
 -0.06578166  0.10359806   -0.08219798  0.00160384    0.04470669 -0.07013662
 -0.08219798  0.00160384   -0.07061633  0.11820520   -0.08219798  0.00160384
  0.04470669 -0.07013662   -0.08219798  0.00160384   -0.06578166  0.10359806
    2    1
 -0.06578166 -0.10359806   -0.08219798 -0.00160384    0.04470669  0.07013662
 -0.08219798 -0.00160384   -0.07061633 -0.11820520   -0.08219798 -0.00160384
  0.04470669  0.07013662   -0.08219798 -0.00160384   -0.06578166 -0.10359806
    2    2
  0.25450251  0.00000000   -0.00820910 -0.00661820    0.01122925  0.00000000
 -0.00820910  0.00661820    0.26838775  0.00000000   -0.00820910  0.00661820
  0.01122925  0.00000000   -0.00820910 -0.00661820    0.25450251  0.00000000

     Dynamical  Matrix in cartesian axes

     q = (   -0.500000000  -0.166666667  -0.500000000 ) 

    1    1
  0.25450251  0.00000000    0.00820910 -0.00661820    0.01122925  0.00000000
  0.00820910  0.00661820    0.26838775  0.00000000    0.00820910  0.00661820
  0.01122925  0.00000000    0.00820910 -0.00661820    0.25450251  0.00000000
    1    2
  0.06578166 -0.10359806   -0.08219798  0.00160384   -0.04470669  0.07013662
 -0.08219798  0.00160384    0.07061633 -0.11820520   -0.08219798  0.00160384
 -0.04470669  0.07013662   -0.08219798  0.00160384    0.06578166 -0.10359806
    2    1
  0.06578166  0.10359806   -0.08219798 -0.00160384   -0.04470669 -0.07013662
 -0.08219798 -0.00160384    0.07061633  0.11820520   -0.08219798 -0.00160384
 -0.04470669 -0.07013662   -0.08219798 -0.00160384    0.06578166  0.10359806
    2    2
  0.25450251 -0.00000000    0.00820910  0.00661820    0.01122925 -0.00000000
  0.00820910 -0.00661820    0.26838775 -0.00000000    0.00820910 -0.00661820
  0.01122925 -0.00000000    0.00820910  0.00661820    0.25450251 -0.00000000

     Dynamical  Matrix in cartesian axes

     q = (    0.500000000  -0.166666667  -0.500000000 ) 

    1    1
  0.25450251  0.00000000   -0.00820910 -0.00661820   -0.01122925  0.00000000
 -0.00820910  0.00661820    0.26838775  0.00000000    0.00820910 -0.00661820
 -0.01122925  0.00000000    0.00820910  0.00661820    0.25450251  0.00000000
    1    2
 -0.12260938  0.00516956   -0.04248796  0.07038361   -0.08309344  0.00364882
 -0.04248796  0.07038361   -0.13767687  0.00205294    0.04248796 -0.07038361
 -0.08309344  0.00364882    0.04248796 -0.07038361   -0.12260938  0.00516956
    2    1
 -0.12260938 -0.00516956   -0.04248796 -0.07038361   -0.08309344 -0.00364882
 -0.04248796 -0.07038361   -0.13767687 -0.00205294    0.04248796  0.07038361
 -0.08309344 -0.00364882    0.04248796  0.07038361   -0.12260938 -0.00516956
    2    2
  0.25450251  0.00000000   -0.00820910  0.00661820   -0.01122925  0.00000000
 -0.00820910 -0.00661820    0.26838775 -0.00000000    0.00820910  0.00661820
 -0.01122925  0.00000000    0.00820910 -0.00661820    0.25450251  0.00000000

     Dynamical  Matrix in cartesian axes

     q = (   -0.500000000  -0.166666667   0.500000000 ) 

    1    1
  0.25450251  0.00000000    0.00820910  0.00661820   -0.01122925  0.00000000
  0.00820910 -0.00661820    0.26838775 -0.00000000   -0.00820910  0.00661820
 -0.01122925  0.00000000   -0.00820910 -0.00661820    0.25450251  0.00000000
    1    2
 -0.12260938  0.00516956    0.04248796 -0.07038361   -0.08309344  0.00364882
  0.04248796 -0.07038361   -0.13767687  0.00205294   -0.04248796  0.07038361
 -0.08309344  0.00364882   -0.04248796  0.07038361   -0.12260938  0.00516956
    2    1
 -0.12260938 -0.00516956    0.04248796  0.07038361   -0.08309344 -0.00364882
  0.04248796  0.07038361   -0.13767687 -0.00205294   -0.04248796 -0.07038361
 -0.08309344 -0.00364882   -0.04248796 -0.07038361   -0.12260938 -0.00516956
    2    2
  0.25450251  0.00000000    0.00820910 -0.00661820   -0.01122925  0.00000000
  0.00820910  0.00661820    0.26838775  0.00000000   -0.00820910 -0.00661820
 -0.01122925  0.00000000   -0.00820910  0.00661820    0.25450251  0.00000000

     Dynamical  Matrix in cartesian axes

     q = (   -0.166666667   0.500000000  -0.500000000 ) 

    1    1
  0.26838775  0.00000000   -0.00820910  0.00661820    0.00820910 -0.00661820
 -0.00820910 -0.00661820    0.25450251  0.00000000   -0.01122925 -0.00000000
  0.00820910  0.00661820   -0.01122925 -0.00000000    0.25450251  0.00000000
    1    2
 -0.13767687  0.00205294   -0.04248796  0.07038361    0.04248796 -0.07038361
 -0.04248796  0.07038361   -0.12260938  0.00516956   -0.08309344  0.00364882
  0.04248796 -0.07038361   -0.08309344  0.00364882   -0.12260938  0.00516956
    2    1
 -0.13767687 -0.00205294   -0.04248796 -0.07038361    0.04248796  0.07038361
 -0.04248796 -0.07038361   -0.12260938 -0.00516956   -0.08309344 -0.00364882
  0.04248796  0.07038361   -0.08309344 -0.00364882   -0.12260938 -0.00516956
    2    2
  0.26838775 -0.00000000   -0.00820910 -0.00661820    0.00820910  0.00661820
 -0.00820910  0.00661820    0.25450251 -0.00000000   -0.01122925  0.00000000
  0.00820910 -0.00661820   -0.01122925  0.00000000    0.25450251 -0.00000000

     Dynamical  Matrix in cartesian axes

     q = (   -0.500000000   0.500000000  -0.166666667 ) 

    1    1
  0.25450251  0.00000000   -0.01122925 -0.00000000    0.00820910  0.00661820
 -0.01122925 -0.00000000    0.25450251  0.00000000   -0.00820910 -0.00661820
  0.00820910 -0.00661820   -0.00820910  0.00661820    0.26838775  0.00000000
    1    2
 -0.12260938  0.00516956   -0.08309344  0.00364882    0.04248796 -0.07038361
 -0.08309344  0.00364882   -0.12260938  0.00516956   -0.04248796  0.07038361
  0.04248796 -0.07038361   -0.04248796  0.07038361   -0.13767687  0.00205294
    2    1
 -0.12260938 -0.00516956   -0.08309344 -0.00364882    0.04248796  0.07038361
 -0.08309344 -0.00364882   -0.12260938 -0.00516956   -0.04248796 -0.07038361
  0.04248796  0.07038361   -0.04248796 -0.07038361   -0.13767687 -0.00205294
    2    2
  0.25450251 -0.00000000   -0.01122925  0.00000000    0.00820910 -0.00661820
 -0.01122925  0.00000000    0.25450251 -0.00000000   -0.00820910  0.00661820
  0.00820910  0.00661820   -0.00820910 -0.00661820    0.26838775 -0.00000000

     Dynamical  Matrix in cartesian axes

     q = (    0.500000000   0.166666667   0.500000000 ) 

    1    1
  0.25450251 -0.00000000    0.00820910  0.00661820    0.01122925 -0.00000000
  0.00820910 -0.00661820    0.26838775 -0.00000000    0.00820910 -0.00661820
  0.01122925 -0.00000000    0.00820910  0.00661820    0.25450251 -0.00000000
    1    2
  0.06578166  0.10359806   -0.08219798 -0.00160384   -0.04470669 -0.07013662
 -0.08219798 -0.00160384    0.07061633  0.11820520   -0.08219798 -0.00160384
 -0.04470669 -0.07013662   -0.08219798 -0.00160384    0.06578166  0.10359806
    2    1
  0.06578166 -0.10359806   -0.08219798  0.00160384   -0.04470669  0.07013662
 -0.08219798  0.00160384    0.07061633 -0.11820520   -0.08219798  0.00160384
 -0.04470669  0.07013662   -0.08219798  0.00160384    0.06578166 -0.10359806
    2    2
  0.25450251  0.00000000    0.00820910 -0.00661820    0.01122925  0.00000000
  0.00820910  0.00661820    0.26838775  0.00000000    0.00820910  0.00661820
  0.01122925  0.00000000    0.00820910 -0.00661820    0.25450251  0.00000000

     Dynamical  Matrix in cartesian axes

     q = (   -0.500000000   0.166666667   0.500000000 ) 

    1    1
  0.25450251  0.00000000   -0.00820910  0.00661820   -0.01122925  0.00000000
 -0.00820910 -0.00661820    0.26838775 -0.00000000    0.00820910  0.00661820
 -0.01122925  0.00000000    0.00820910 -0.00661820    0.25450251  0.00000000
    1    2
 -0.12260938 -0.00516956   -0.04248796 -0.07038361   -0.08309344 -0.00364882
 -0.04248796 -0.07038361   -0.13767687 -0.00205294    0.04248796  0.07038361
 -0.08309344 -0.00364882    0.04248796  0.07038361   -0.12260938 -0.00516956
    2    1
 -0.12260938  0.00516956   -0.04248796  0.07038361   -0.08309344  0.00364882
 -0.04248796  0.07038361   -0.13767687  0.00205294    0.04248796 -0.07038361
 -0.08309344  0.00364882    0.04248796 -0.07038361   -0.12260938  0.00516956
    2    2
  0.25450251  0.00000000   -0.00820910 -0.00661820   -0.01122925  0.00000000
 -0.00820910  0.00661820    0.26838775  0.00000000    0.00820910 -0.00661820
 -0.01122925  0.00000000    0.00820910  0.00661820    0.25450251  0.00000000

     Dynamical  Matrix in cartesian axes

     q = (    0.500000000   0.166666667  -0.500000000 ) 

    1    1
  0.25450251  0.00000000    0.00820910 -0.00661820   -0.01122925  0.00000000
  0.00820910  0.00661820    0.26838775  0.00000000   -0.00820910 -0.00661820
 -0.01122925  0.00000000   -0.00820910  0.00661820    0.25450251  0.00000000
    1    2
 -0.12260938 -0.00516956    0.04248796  0.07038361   -0.08309344 -0.00364882
  0.04248796  0.07038361   -0.13767687 -0.00205294   -0.04248796 -0.07038361
 -0.08309344 -0.00364882   -0.04248796 -0.07038361   -0.12260938 -0.00516956
    2    1
 -0.12260938  0.00516956    0.04248796 -0.07038361   -0.08309344  0.00364882
  0.04248796 -0.07038361   -0.13767687  0.00205294   -0.04248796  0.07038361
 -0.08309344  0.00364882   -0.04248796  0.07038361   -0.12260938  0.00516956
    2    2
  0.25450251  0.00000000    0.00820910  0.00661820   -0.01122925  0.00000000
  0.00820910 -0.00661820    0.26838775 -0.00000000   -0.00820910  0.00661820
 -0.01122925  0.00000000   -0.00820910 -0.00661820    0.25450251  0.00000000

     Dynamical  Matrix in cartesian axes

     q = (   -0.166666667   0.500000000   0.500000000 ) 

    1    1
  0.26838775 -0.00000000   -0.00820910 -0.00661820   -0.00820910 -0.00661820
 -0.00820910  0.00661820    0.25450251 -0.00000000    0.01122925  0.00000000
 -0.00820910  0.00661820    0.01122925  0.00000000    0.25450251 -0.00000000
    1    2
 -0.07061633  0.11820520   -0.08219798  0.00160384   -0.08219798  0.00160384
 -0.08219798  0.00160384   -0.06578166  0.10359806    0.04470669 -0.07013662
 -0.08219798  0.00160384    0.04470669 -0.07013662   -0.06578166  0.10359806
    2    1
 -0.07061633 -0.11820520   -0.08219798 -0.00160384   -0.08219798 -0.00160384
 -0.08219798 -0.00160384   -0.06578166 -0.10359806    0.04470669  0.07013662
 -0.08219798 -0.00160384    0.04470669  0.07013662   -0.06578166 -0.10359806
    2    2
  0.26838775  0.00000000   -0.00820910  0.00661820   -0.00820910  0.00661820
 -0.00820910 -0.00661820    0.25450251  0.00000000    0.01122925 -0.00000000
 -0.00820910 -0.00661820    0.01122925 -0.00000000    0.25450251  0.00000000

     Dynamical  Matrix in cartesian axes

     q = (    0.166666667   0.500000000  -0.500000000 ) 

    1    1
  0.26838775  0.00000000    0.00820910  0.00661820   -0.00820910 -0.00661820
  0.00820910 -0.00661820    0.25450251  0.00000000   -0.01122925 -0.00000000
 -0.00820910  0.00661820   -0.01122925 -0.00000000    0.25450251  0.00000000
    1    2
 -0.13767687 -0.00205294    0.04248796  0.07038361   -0.04248796 -0.07038361
  0.04248796  0.07038361   -0.12260938 -0.00516956   -0.08309344 -0.00364882
 -0.04248796 -0.07038361   -0.08309344 -0.00364882   -0.12260938 -0.00516956
    2    1
 -0.13767687  0.00205294    0.04248796 -0.07038361   -0.04248796  0.07038361
  0.04248796 -0.07038361   -0.12260938  0.00516956   -0.08309344  0.00364882
 -0.04248796  0.07038361   -0.08309344  0.00364882   -0.12260938  0.00516956
    2    2
  0.26838775 -0.00000000    0.00820910 -0.00661820   -0.00820910  0.00661820
  0.00820910  0.00661820    0.25450251 -0.00000000   -0.01122925  0.00000000
 -0.00820910 -0.00661820   -0.01122925  0.00000000    0.25450251 -0.00000000

     Dynamical  Matrix in cartesian axes

     q = (   -0.166666667  -0.500000000  -0.500000000 ) 

    1    1
  0.26838775  0.00000000    0.00820910  0.00661820    0.00820910  0.00661820
  0.00820910 -0.00661820    0.25450251  0.00000000    0.01122925 -0.00000000
  0.00820910 -0.00661820    0.01122925 -0.00000000    0.25450251  0.00000000
    1    2
  0.07061633 -0.11820520   -0.08219798  0.00160384   -0.08219798  0.00160384
 -0.08219798  0.00160384    0.06578166 -0.10359806   -0.04470669  0.07013662
 -0.08219798  0.00160384   -0.04470669  0.07013662    0.06578166 -0.10359806
    2    1
  0.07061633  0.11820520   -0.08219798 -0.00160384   -0.08219798 -0.00160384
 -0.08219798 -0.00160384    0.06578166  0.10359806   -0.04470669 -0.07013662
 -0.08219798 -0.00160384   -0.04470669 -0.07013662    0.06578166  0.10359806
    2    2
  0.26838775 -0.00000000    0.00820910 -0.00661820    0.00820910 -0.00661820
  0.00820910  0.00661820    0.25450251 -0.00000000    0.01122925  0.00000000
  0.00820910  0.00661820    0.01122925  0.00000000    0.25450251 -0.00000000

     Dynamical  Matrix in cartesian axes

     q = (    0.500000000  -0.500000000   0.166666667 ) 

    1    1
  0.25450251 -0.00000000   -0.01122925  0.00000000    0.00820910 -0.00661820
 -0.01122925  0.00000000    0.25450251 -0.00000000   -0.00820910  0.00661820
  0.00820910  0.00661820   -0.00820910 -0.00661820    0.26838775 -0.00000000
    1    2
 -0.12260938 -0.00516956   -0.08309344 -0.00364882    0.04248796  0.07038361
 -0.08309344 -0.00364882   -0.12260938 -0.00516956   -0.04248796 -0.07038361
  0.04248796  0.07038361   -0.04248796 -0.07038361   -0.13767687 -0.00205294
    2    1
 -0.12260938  0.00516956   -0.08309344  0.00364882    0.04248796 -0.07038361
 -0.08309344  0.00364882   -0.12260938  0.00516956   -0.04248796  0.07038361
  0.04248796 -0.07038361   -0.04248796  0.07038361   -0.13767687  0.00205294
    2    2
  0.25450251  0.00000000   -0.01122925 -0.00000000    0.00820910  0.00661820
 -0.01122925 -0.00000000    0.25450251  0.00000000   -0.00820910 -0.00661820
  0.00820910 -0.00661820   -0.00820910  0.00661820    0.26838775  0.00000000

     Dynamical  Matrix in cartesian axes

     q = (    0.500000000   0.500000000  -0.166666667 ) 

    1    1
  0.25450251  0.00000000    0.01122925  0.00000000   -0.00820910  0.00661820
  0.01122925  0.00000000    0.25450251  0.00000000   -0.00820910  0.00661820
 -0.00820910 -0.00661820   -0.00820910 -0.00661820    0.26838775  0.00000000
    1    2
 -0.06578166  0.10359806    0.04470669 -0.07013662   -0.08219798  0.00160384
  0.04470669 -0.07013662   -0.06578166  0.10359806   -0.08219798  0.00160384
 -0.08219798  0.00160384   -0.08219798  0.00160384   -0.07061633  0.11820520
    2    1
 -0.06578166 -0.10359806    0.04470669  0.07013662   -0.08219798 -0.00160384
  0.04470669  0.07013662   -0.06578166 -0.10359806   -0.08219798 -0.00160384
 -0.08219798 -0.00160384   -0.08219798 -0.00160384   -0.07061633 -0.11820520
    2    2
  0.25450251 -0.00000000    0.01122925 -0.00000000   -0.00820910 -0.00661820
  0.01122925 -0.00000000    0.25450251 -0.00000000   -0.00820910 -0.00661820
 -0.00820910  0.00661820   -0.00820910  0.00661820    0.26838775 -0.00000000

     Dynamical  Matrix in cartesian axes

     q = (   -0.500000000  -0.500000000  -0.166666667 ) 

    1    1
  0.25450251 -0.00000000    0.01122925 -0.00000000    0.00820910 -0.00661820
  0.01122925 -0.00000000    0.25450251 -0.00000000    0.00820910 -0.00661820
  0.00820910  0.00661820    0.00820910  0.00661820    0.26838775 -0.00000000
    1    2
  0.06578166 -0.10359806   -0.04470669  0.07013662   -0.08219798  0.00160384
 -0.04470669  0.07013662    0.06578166 -0.10359806   -0.08219798  0.00160384
 -0.08219798  0.00160384   -0.08219798  0.00160384    0.07061633 -0.11820520
    2    1
  0.06578166  0.10359806   -0.04470669 -0.07013662   -0.08219798 -0.00160384
 -0.04470669 -0.07013662    0.06578166  0.10359806   -0.08219798 -0.00160384
 -0.08219798 -0.00160384   -0.08219798 -0.00160384    0.07061633  0.11820520
    2    2
  0.25450251  0.00000000    0.01122925  0.00000000    0.00820910  0.00661820
  0.01122925  0.00000000    0.25450251  0.00000000    0.00820910  0.00661820
  0.00820910 -0.00661820    0.00820910 -0.00661820    0.26838775  0.00000000

     Dynamical  Matrix in cartesian axes

     q = (   -0.500000000   0.500000000   0.166666667 ) 

    1    1
  0.25450251 -0.00000000   -0.01122925  0.00000000   -0.00820910  0.00661820
 -0.01122925  0.00000000    0.25450251 -0.00000000    0.00820910 -0.00661820
 -0.00820910 -0.00661820    0.00820910  0.00661820    0.26838775 -0.00000000
    1    2
 -0.12260938 -0.00516956   -0.08309344 -0.00364882   -0.04248796 -0.07038361
 -0.08309344 -0.00364882   -0.12260938 -0.00516956    0.04248796  0.07038361
 -0.04248796 -0.07038361    0.04248796  0.07038361   -0.13767687 -0.00205294
    2    1
 -0.12260938  0.00516956   -0.08309344  0.00364882   -0.04248796  0.07038361
 -0.08309344  0.00364882   -0.12260938  0.00516956    0.04248796 -0.07038361
 -0.04248796  0.07038361    0.04248796 -0.07038361   -0.13767687  0.00205294
    2    2
  0.25450251  0.00000000   -0.01122925 -0.00000000   -0.00820910 -0.00661820
 -0.01122925 -0.00000000    0.25450251  0.00000000    0.00820910  0.00661820
 -0.00820910  0.00661820    0.00820910 -0.00661820    0.26838775  0.00000000

     Dynamical  Matrix in cartesian axes

     q = (    0.166666667  -0.500000000   0.500000000 ) 

    1    1
  0.26838775 -0.00000000   -0.00820910 -0.00661820    0.00820910  0.00661820
 -0.00820910  0.00661820    0.25450251 -0.00000000   -0.01122925  0.00000000
  0.00820910 -0.00661820   -0.01122925  0.00000000    0.25450251 -0.00000000
    1    2
 -0.13767687 -0.00205294   -0.04248796 -0.07038361    0.04248796  0.07038361
 -0.04248796 -0.07038361   -0.12260938 -0.00516956   -0.08309344 -0.00364882
  0.04248796  0.07038361   -0.08309344 -0.00364882   -0.12260938 -0.00516956
    2    1
 -0.13767687  0.00205294   -0.04248796  0.07038361    0.04248796 -0.07038361
 -0.04248796  0.07038361   -0.12260938  0.00516956   -0.08309344  0.00364882
  0.04248796 -0.07038361   -0.08309344  0.00364882   -0.12260938  0.00516956
    2    2
  0.26838775  0.00000000   -0.00820910  0.00661820    0.00820910 -0.00661820
 -0.00820910 -0.00661820    0.25450251  0.00000000   -0.01122925 -0.00000000
  0.00820910  0.00661820   -0.01122925 -0.00000000    0.25450251  0.00000000

     Dynamical  Matrix in cartesian axes

     q = (    0.166666667   0.500000000   0.500000000 ) 

    1    1
  0.26838775 -0.00000000    0.00820910 -0.00661820    0.00820910 -0.00661820
  0.00820910  0.00661820    0.25450251 -0.00000000    0.01122925  0.00000000
  0.00820910  0.00661820    0.01122925  0.00000000    0.25450251 -0.00000000
    1    2
  0.07061633  0.11820520   -0.08219798 -0.00160384   -0.08219798 -0.00160384
 -0.08219798 -0.00160384    0.06578166  0.10359806   -0.04470669 -0.07013662
 -0.08219798 -0.00160384   -0.04470669 -0.07013662    0.06578166  0.10359806
    2    1
  0.07061633 -0.11820520   -0.08219798  0.00160384   -0.08219798  0.00160384
 -0.08219798  0.00160384    0.06578166 -0.10359806   -0.04470669  0.07013662
 -0.08219798  0.00160384   -0.04470669  0.07013662    0.06578166 -0.10359806
    2    2
  0.26838775  0.00000000    0.00820910  0.00661820    0.00820910  0.00661820
  0.00820910 -0.00661820    0.25450251  0.00000000    0.01122925 -0.00000000
  0.00820910 -0.00661820    0.01122925 -0.00000000    0.25450251  0.00000000

     Dynamical  Matrix in cartesian axes

     q = (   -0.500000000   0.166666667  -0.500000000 ) 

    1    1
  0.25450251  0.00000000   -0.00820910 -0.00661820    0.01122925  0.00000000
 -0.00820910  0.00661820    0.26838775  0.00000000   -0.00820910  0.00661820
  0.01122925  0.00000000   -0.00820910 -0.00661820    0.25450251  0.00000000
    1    2
 -0.06578166 -0.10359806   -0.08219798 -0.00160384    0.04470669  0.07013662
 -0.08219798 -0.00160384   -0.07061633 -0.11820520   -0.08219798 -0.00160384
  0.04470669  0.07013662   -0.08219798 -0.00160384   -0.06578166 -0.10359806
    2    1
 -0.06578166  0.10359806   -0.08219798  0.00160384    0.04470669 -0.07013662
 -0.08219798  0.00160384   -0.07061633  0.11820520   -0.08219798  0.00160384
  0.04470669 -0.07013662   -0.08219798  0.00160384   -0.06578166  0.10359806
    2    2
  0.25450251 -0.00000000   -0.00820910  0.00661820    0.01122925 -0.00000000
 -0.00820910 -0.00661820    0.26838775 -0.00000000   -0.00820910 -0.00661820
  0.01122925 -0.00000000   -0.00820910  0.00661820    0.25450251 -0.00000000

     Dynamical  Matrix in cartesian axes

     q = (   -0.166666667  -0.500000000   0.500000000 ) 

    1    1
  0.26838775 -0.00000000    0.00820910 -0.00661820   -0.00820910  0.00661820
  0.00820910  0.00661820    0.25450251 -0.00000000   -0.01122925  0.00000000
 -0.00820910 -0.00661820   -0.01122925  0.00000000    0.25450251 -0.00000000
    1    2
 -0.13767687  0.00205294    0.04248796 -0.07038361   -0.04248796  0.07038361
  0.04248796 -0.07038361   -0.12260938  0.00516956   -0.08309344  0.00364882
 -0.04248796  0.07038361   -0.08309344  0.00364882   -0.12260938  0.00516956
    2    1
 -0.13767687 -0.00205294    0.04248796  0.07038361   -0.04248796 -0.07038361
  0.04248796  0.07038361   -0.12260938 -0.00516956   -0.08309344 -0.00364882
 -0.04248796 -0.07038361   -0.08309344 -0.00364882   -0.12260938 -0.00516956
    2    2
  0.26838775  0.00000000    0.00820910  0.00661820   -0.00820910 -0.00661820
  0.00820910 -0.00661820    0.25450251  0.00000000   -0.01122925 -0.00000000
 -0.00820910  0.00661820   -0.01122925 -0.00000000    0.25450251  0.00000000

     Dynamical  Matrix in cartesian axes

     q = (   -0.500000000  -0.500000000   0.166666667 ) 

    1    1
  0.25450251 -0.00000000    0.01122925 -0.00000000   -0.00820910 -0.00661820
  0.01122925 -0.00000000    0.25450251 -0.00000000   -0.00820910 -0.00661820
 -0.00820910  0.00661820   -0.00820910  0.00661820    0.26838775 -0.00000000
    1    2
 -0.06578166 -0.10359806    0.04470669  0.07013662   -0.08219798 -0.00160384
  0.04470669  0.07013662   -0.06578166 -0.10359806   -0.08219798 -0.00160384
 -0.08219798 -0.00160384   -0.08219798 -0.00160384   -0.07061633 -0.11820520
    2    1
 -0.06578166  0.10359806    0.04470669 -0.07013662   -0.08219798  0.00160384
  0.04470669 -0.07013662   -0.06578166  0.10359806   -0.08219798  0.00160384
 -0.08219798  0.00160384   -0.08219798  0.00160384   -0.07061633  0.11820520
    2    2
  0.25450251  0.00000000    0.01122925  0.00000000   -0.00820910  0.00661820
  0.01122925  0.00000000    0.25450251  0.00000000   -0.00820910  0.00661820
 -0.00820910 -0.00661820   -0.00820910 -0.00661820    0.26838775  0.00000000

     Dynamical  Matrix in cartesian axes

     q = (    0.500000000   0.500000000   0.166666667 ) 

    1    1
  0.25450251  0.00000000    0.01122925  0.00000000    0.00820910  0.00661820
  0.01122925  0.00000000    0.25450251  0.00000000    0.00820910  0.00661820
  0.00820910 -0.00661820    0.00820910 -0.00661820    0.26838775  0.00000000
    1    2
  0.06578166  0.10359806   -0.04470669 -0.07013662   -0.08219798 -0.00160384
 -0.04470669 -0.07013662    0.06578166  0.10359806   -0.08219798 -0.00160384
 -0.08219798 -0.00160384   -0.08219798 -0.00160384    0.07061633  0.11820520
    2    1
  0.06578166 -0.10359806   -0.04470669  0.07013662   -0.08219798  0.00160384
 -0.04470669  0.07013662    0.06578166 -0.10359806   -0.08219798  0.00160384
 -0.08219798  0.00160384   -0.08219798  0.00160384    0.07061633 -0.11820520
    2    2
  0.25450251 -0.00000000    0.01122925 -0.00000000    0.00820910 -0.00661820
  0.01122925 -0.00000000    0.25450251 -0.00000000    0.00820910 -0.00661820
  0.00820910  0.00661820    0.00820910  0.00661820    0.26838775 -0.00000000

     Dynamical  Matrix in cartesian axes

     q = (    0.166666667  -0.500000000  -0.500000000 ) 

    1    1
  0.26838775  0.00000000   -0.00820910  0.00661820   -0.00820910  0.00661820
 -0.00820910 -0.00661820    0.25450251  0.00000000    0.01122925 -0.00000000
 -0.00820910 -0.00661820    0.01122925 -0.00000000    0.25450251  0.00000000
    1    2
 -0.07061633 -0.11820520   -0.08219798 -0.00160384   -0.08219798 -0.00160384
 -0.08219798 -0.00160384   -0.06578166 -0.10359806    0.04470669  0.07013662
 -0.08219798 -0.00160384    0.04470669  0.07013662   -0.06578166 -0.10359806
    2    1
 -0.07061633  0.11820520   -0.08219798  0.00160384   -0.08219798  0.00160384
 -0.08219798  0.00160384   -0.06578166  0.10359806    0.04470669 -0.07013662
 -0.08219798  0.00160384    0.04470669 -0.07013662   -0.06578166  0.10359806
    2    2
  0.26838775 -0.00000000   -0.00820910 -0.00661820   -0.00820910 -0.00661820
 -0.00820910  0.00661820    0.25450251 -0.00000000    0.01122925  0.00000000
 -0.00820910  0.00661820    0.01122925  0.00000000    0.25450251 -0.00000000

     Dynamical  Matrix in cartesian axes

     q = (    0.500000000  -0.500000000  -0.166666667 ) 

    1    1
  0.25450251  0.00000000   -0.01122925 -0.00000000   -0.00820910 -0.00661820
 -0.01122925 -0.00000000    0.25450251  0.00000000    0.00820910  0.00661820
 -0.00820910  0.00661820    0.00820910 -0.00661820    0.26838775  0.00000000
    1    2
 -0.12260938  0.00516956   -0.08309344  0.00364882   -0.04248796  0.07038361
 -0.08309344  0.00364882   -0.12260938  0.00516956    0.04248796 -0.07038361
 -0.04248796  0.07038361    0.04248796 -0.07038361   -0.13767687  0.00205294
    2    1
 -0.12260938 -0.00516956   -0.08309344 -0.00364882   -0.04248796 -0.07038361
 -0.08309344 -0.00364882   -0.12260938 -0.00516956    0.04248796  0.07038361
 -0.04248796 -0.07038361    0.04248796  0.07038361   -0.13767687 -0.00205294
    2    2
  0.25450251 -0.00000000   -0.01122925  0.00000000   -0.00820910  0.00661820
 -0.01122925  0.00000000    0.25450251 -0.00000000    0.00820910 -0.00661820
 -0.00820910 -0.00661820    0.00820910  0.00661820    0.26838775 -0.00000000

     Diagonalizing the dynamical matrix

     q = (    0.500000000  -0.166666667   0.500000000 ) 

 **************************************************************************
     freq (    1) =       3.975516 [THz] =     132.608924 [cm-1]
 (  0.268317 -0.421908 -0.000000  0.000000 -0.268317  0.421908 ) 
 (  0.500000  0.000000 -0.000000 -0.000000 -0.500000  0.000000 ) 
     freq (    2) =       5.108534 [THz] =     170.402340 [cm-1]
 ( -0.261372 -0.036229 -0.567356  0.197107 -0.261372 -0.036229 ) 
 ( -0.263871 -0.000000 -0.534921 -0.273136 -0.263871  0.000000 ) 
     freq (    3) =       8.923371 [THz] =     297.651628 [cm-1]
 (  0.196474  0.371263 -0.318142 -0.214266  0.196474  0.371263 ) 
 ( -0.420045  0.000000  0.338191  0.180972 -0.420045  0.000000 ) 
     freq (    4) =      12.140879 [THz] =     404.976121 [cm-1]
 (  0.104530  0.432084 -0.305778 -0.106087  0.104530  0.432084 ) 
 (  0.444548  0.000000 -0.175013 -0.272259  0.444548  0.000000 ) 
     freq (    5) =      13.780596 [THz] =     459.671202 [cm-1]
 (  0.268317 -0.421908 -0.000000 -0.000000 -0.268317  0.421908 ) 
 ( -0.500000  0.000000  0.000000  0.000000  0.500000  0.000000 ) 
     freq (    6) =      14.089775 [THz] =     469.984292 [cm-1]
 (  0.138681  0.192559  0.621195 -0.038644  0.138681  0.192559 ) 
 ( -0.237300  0.000000 -0.331676 -0.526657 -0.237300  0.000000 ) 
 **************************************************************************
