Dynamical matrix file
                                                                           
  1    2  2 10.3160000  0.0000000  0.0000000  0.0000000  0.0000000  0.0000000
           1  'Si  '    25598.8229845270     
    1    1      0.0000000000      0.0000000000      0.0000000000
    2    1      0.2500000000      0.2500000000      0.2500000000

     Dynamical  Matrix in cartesian axes

     q = (   -0.333333333   0.333333333  -0.333333333 ) 

    1    1
  0.27514312 -0.00000000   -0.01604966  0.00000000    0.01604966 -0.00000000
 -0.01604966  0.00000000    0.27514312 -0.00000000   -0.01604966  0.00000000
  0.01604966 -0.00000000   -0.01604966  0.00000000    0.27514312 -0.00000000
    1    2
 -0.17334590 -0.04897353   -0.06193099  0.03615130    0.06193099 -0.03615130
 -0.06193099  0.03615130   -0.17334590 -0.04897353   -0.06193099  0.03615130
  0.06193099 -0.03615130   -0.06193099  0.03615130   -0.17334590 -0.04897353
    2    1
 -0.17334590  0.04897353   -0.06193099 -0.03615130    0.06193099  0.03615130
 -0.06193099 -0.03615130   -0.17334590  0.04897353   -0.06193099 -0.03615130
  0.06193099  0.03615130   -0.06193099 -0.03615130   -0.17334590  0.04897353
    2    2
  0.27514312  0.00000000   -0.01604966 -0.00000000    0.01604966  0.00000000
 -0.01604966 -0.00000000    0.27514312  0.00000000   -0.01604966 -0.00000000
  0.01604966  0.00000000   -0.01604966 -0.00000000    0.27514312  0.00000000

     Dynamical  Matrix in cartesian axes

     q = (    0.333333333   0.333333333   0.333333333 ) 

    1    1
  0.27514312 -0.00000000    0.01604966 -0.00000000    0.01604966 -0.00000000
  0.01604966 -0.00000000    0.27514312 -0.00000000    0.01604966 -0.00000000
  0.01604966 -0.00000000    0.01604966 -0.00000000    0.27514312 -0.00000000
    1    2
  0.04426063  0.17460872   -0.06227344 -0.03555817   -0.06227344 -0.03555817
 -0.06227344 -0.03555817    0.04426063  0.17460872   -0.06227344 -0.03555817
 -0.06227344 -0.03555817   -0.06227344 -0.03555817    0.04426063  0.17460872
    2    1
  0.04426063 -0.17460872   -0.06227344  0.03555817   -0.06227344  0.03555817
 -0.06227344  0.03555817    0.04426063 -0.17460872   -0.06227344  0.03555817
 -0.06227344  0.03555817   -0.06227344  0.03555817    0.04426063 -0.17460872
    2    2
  0.27514312  0.00000000    0.01604966  0.00000000    0.01604966  0.00000000
  0.01604966  0.00000000    0.27514312  0.00000000    0.01604966  0.00000000
  0.01604966  0.00000000    0.01604966  0.00000000    0.27514312  0.00000000

     Dynamical  Matrix in cartesian axes

     q = (   -0.333333333  -0.333333333  -0.333333333 ) 

    1    1
  0.27514312  0.00000000    0.01604966  0.00000000    0.01604966  0.00000000
  0.01604966  0.00000000    0.27514312  0.00000000    0.01604966  0.00000000
  0.01604966  0.00000000    0.01604966  0.00000000    0.27514312  0.00000000
    1    2
  0.04426063 -0.17460872   -0.06227344  0.03555817   -0.06227344  0.03555817
 -0.06227344  0.03555817    0.04426063 -0.17460872   -0.06227344  0.03555817
 -0.06227344  0.03555817   -0.06227344  0.03555817    0.04426063 -0.17460872
    2    1
  0.04426063  0.17460872   -0.06227344 -0.03555817   -0.06227344 -0.03555817
 -0.06227344 -0.03555817    0.04426063  0.17460872   -0.06227344 -0.03555817
 -0.06227344 -0.03555817   -0.06227344 -0.03555817    0.04426063  0.17460872
    2    2
  0.27514312 -0.00000000    0.01604966 -0.00000000    0.01604966 -0.00000000
  0.01604966 -0.00000000    0.27514312 -0.00000000    0.01604966 -0.00000000
  0.01604966 -0.00000000    0.01604966 -0.00000000    0.27514312 -0.00000000

     Dynamical  Matrix in cartesian axes

     q = (    0.333333333  -0.333333333   0.333333333 ) 

    1    1
  0.27514312  0.00000000   -0.01604966 -0.00000000    0.01604966  0.00000000
 -0.01604966 -0.00000000    0.27514312  0.00000000   -0.01604966 -0.00000000
  0.01604966  0.00000000   -0.01604966 -0.00000000    0.27514312  0.00000000
    1    2
 -0.17334590  0.04897353   -0.06193099 -0.03615130    0.06193099  0.03615130
 -0.06193099 -0.03615130   -0.17334590  0.04897353   -0.06193099 -0.03615130
  0.06193099  0.03615130   -0.06193099 -0.03615130   -0.17334590  0.04897353
    2    1
 -0.17334590 -0.04897353   -0.06193099  0.03615130    0.06193099 -0.03615130
 -0.06193099  0.03615130   -0.17334590 -0.04897353   -0.06193099  0.03615130
  0.06193099 -0.03615130   -0.06193099  0.03615130   -0.17334590 -0.04897353
    2    2
  0.27514312 -0.00000000   -0.01604966  0.00000000    0.01604966 -0.00000000
 -0.01604966  0.00000000    0.27514312 -0.00000000   -0.01604966  0.00000000
  0.01604966 -0.00000000   -0.01604966  0.00000000    0.27514312 -0.00000000

     Dynamical  Matrix in cartesian axes

     q = (    0.333333333  -0.333333333  -0.333333333 ) 

    1    1
  0.27514312 -0.00000000   -0.01604966  0.00000000   -0.01604966  0.00000000
 -0.01604966  0.00000000    0.27514312 -0.00000000    0.01604966 -0.00000000
 -0.01604966  0.00000000    0.01604966 -0.00000000    0.27514312 -0.00000000
    1    2
 -0.17334590 -0.04897353   -0.06193099  0.03615130   -0.06193099  0.03615130
 -0.06193099  0.03615130   -0.17334590 -0.04897353    0.06193099 -0.03615130
 -0.06193099  0.03615130    0.06193099 -0.03615130   -0.17334590 -0.04897353
    2    1
 -0.17334590  0.04897353   -0.06193099 -0.03615130   -0.06193099 -0.03615130
 -0.06193099 -0.03615130   -0.17334590  0.04897353    0.06193099  0.03615130
 -0.06193099 -0.03615130    0.06193099  0.03615130   -0.17334590  0.04897353
    2    2
  0.27514312  0.00000000   -0.01604966 -0.00000000   -0.01604966 -0.00000000
 -0.01604966 -0.00000000    0.27514312  0.00000000    0.01604966  0.00000000
 -0.01604966 -0.00000000    0.01604966  0.00000000    0.27514312  0.00000000

     Dynamical  Matrix in cartesian axes

     q = (    0.333333333   0.333333333  -0.333333333 ) 

    1    1
  0.27514312  0.00000000    0.01604966  0.00000000   -0.01604966 -0.00000000
  0.01604966  0.00000000    0.27514312  0.00000000   -0.01604966 -0.00000000
 -0.01604966 -0.00000000   -0.01604966 -0.00000000    0.27514312  0.00000000
    1    2
 -0.17334590  0.04897353    0.06193099  0.03615130   -0.06193099 -0.03615130
  0.06193099  0.03615130   -0.17334590  0.04897353   -0.06193099 -0.03615130
 -0.06193099 -0.03615130   -0.06193099 -0.03615130   -0.17334590  0.04897353
    2    1
 -0.17334590 -0.04897353    0.06193099 -0.03615130   -0.06193099  0.03615130
  0.06193099 -0.03615130   -0.17334590 -0.04897353   -0.06193099  0.03615130
 -0.06193099  0.03615130   -0.06193099  0.03615130   -0.17334590 -0.04897353
    2    2
  0.27514312 -0.00000000    0.01604966 -0.00000000   -0.01604966  0.00000000
  0.01604966 -0.00000000    0.27514312 -0.00000000   -0.01604966  0.00000000
 -0.01604966  0.00000000   -0.01604966  0.00000000    0.27514312 -0.00000000

     Dynamical  Matrix in cartesian axes

     q = (   -0.333333333  -0.333333333   0.333333333 ) 

    1    1
  0.27514312 -0.00000000    0.01604966 -0.00000000   -0.01604966  0.00000000
  0.01604966 -0.00000000    0.27514312 -0.00000000   -0.01604966  0.00000000
 -0.01604966  0.00000000   -0.01604966  0.00000000    0.27514312 -0.00000000
    1    2
 -0.17334590 -0.04897353    0.06193099 -0.03615130   -0.06193099  0.03615130
  0.06193099 -0.03615130   -0.17334590 -0.04897353   -0.06193099  0.03615130
 -0.06193099  0.03615130   -0.06193099  0.03615130   -0.17334590 -0.04897353
    2    1
 -0.17334590  0.04897353    0.06193099  0.03615130   -0.06193099 -0.03615130
  0.06193099  0.03615130   -0.17334590  0.04897353   -0.06193099 -0.03615130
 -0.06193099 -0.03615130   -0.06193099 -0.03615130   -0.17334590  0.04897353
    2    2
  0.27514312  0.00000000    0.01604966  0.00000000   -0.01604966 -0.00000000
  0.01604966  0.00000000    0.27514312  0.00000000   -0.01604966 -0.00000000
 -0.01604966 -0.00000000   -0.01604966 -0.00000000    0.27514312  0.00000000

     Dynamical  Matrix in cartesian axes

     q = (   -0.333333333   0.333333333   0.333333333 ) 

    1    1
  0.27514312  0.00000000   -0.01604966 -0.00000000   -0.01604966 -0.00000000
 -0.01604966 -0.00000000    0.27514312  0.00000000    0.01604966  0.00000000
 -0.01604966 -0.00000000    0.01604966  0.00000000    0.27514312  0.00000000
    1    2
 -0.17334590  0.04897353   -0.06193099 -0.03615130   -0.06193099 -0.03615130
 -0.06193099 -0.03615130   -0.17334590  0.04897353    0.06193099  0.03615130
 -0.06193099 -0.03615130    0.06193099  0.03615130   -0.17334590  0.04897353
    2    1
 -0.17334590 -0.04897353   -0.06193099  0.03615130   -0.06193099  0.03615130
 -0.06193099  0.03615130   -0.17334590 -0.04897353    0.06193099 -0.03615130
 -0.06193099  0.03615130    0.06193099 -0.03615130   -0.17334590 -0.04897353
    2    2
  0.27514312 -0.00000000   -0.01604966  0.00000000   -0.01604966  0.00000000
 -0.01604966  0.00000000    0.27514312 -0.00000000    0.01604966 -0.00000000
 -0.01604966  0.00000000    0.01604966 -0.00000000    0.27514312 -0.00000000

     Diagonalizing the dynamical matrix

     q = (   -0.333333333   0.333333333  -0.333333333 ) 

 **************************************************************************
     freq (    1) =       3.149907 [THz] =     105.069601 [cm-1]
 (  0.217127 -0.039071 -0.350728 -0.070018 -0.567855 -0.030947 ) 
 (  0.214679 -0.050829 -0.354018 -0.050829 -0.568697  0.000000 ) 
     freq (    2) =       3.149907 [THz] =     105.069601 [cm-1]
 (  0.431205  0.314206  0.331770  0.308787 -0.099434 -0.005419 ) 
 (  0.447664  0.290275  0.348082  0.290275 -0.099582  0.000000 ) 
     freq (    3) =       8.632592 [THz] =     287.952260 [cm-1]
 ( -0.154232 -0.377994  0.154232  0.377994 -0.154232 -0.377994 ) 
 ( -0.408248  0.000000  0.408248 -0.000000 -0.408248  0.000000 ) 
     freq (    4) =      13.611746 [THz] =     454.038983 [cm-1]
 ( -0.154232 -0.377994  0.154232  0.377994 -0.154232 -0.377994 ) 
 (  0.408248  0.000000 -0.408248  0.000000  0.408248  0.000000 ) 
     freq (    5) =      14.462539 [THz] =     482.418383 [cm-1]
 ( -0.299349 -0.002209  0.276789  0.029190  0.576138  0.031399 ) 
 (  0.299026 -0.014084 -0.277967 -0.014084 -0.576993  0.000000 ) 
     freq (    6) =      14.462539 [THz] =     482.418383 [cm-1]
 ( -0.310397  0.383891 -0.330672  0.382786 -0.020276 -0.001105 ) 
 (  0.289046 -0.400213  0.309352 -0.400213  0.020306  0.000000 ) 
 **************************************************************************
