Dynamical matrix file
                                                                           
  1    2  2 10.2920000  0.0000000  0.0000000  0.0000000  0.0000000  0.0000000
           1  'Si  '    25598.8229845270     
    1    1      0.0000000000      0.0000000000      0.0000000000
    2    1      0.2500000000      0.2500000000      0.2500000000

     Dynamical  Matrix in cartesian axes

     q = (    0.833333333  -0.166666667   0.833333333 ) 

    1    1
  0.24661360  0.00000000   -0.00278516  0.00746021    0.00309174  0.00000000
 -0.00278516 -0.00746021    0.32224149  0.00000000   -0.00278516 -0.00746021
  0.00309174  0.00000000   -0.00278516  0.00746021    0.24661360  0.00000000
    1    2
 -0.02973308  0.05284497   -0.02036048  0.03700719   -0.11905475 -0.12589753
 -0.02036048  0.03700719   -0.02337247  0.06666338   -0.02036048  0.03700719
 -0.11905475 -0.12589753   -0.02036048  0.03700719   -0.02973308  0.05284497
    2    1
 -0.02973308 -0.05284497   -0.02036048 -0.03700719   -0.11905475  0.12589753
 -0.02036048 -0.03700719   -0.02337247 -0.06666338   -0.02036048 -0.03700719
 -0.11905475  0.12589753   -0.02036048 -0.03700719   -0.02973308 -0.05284497
    2    2
  0.24661360  0.00000000   -0.00278516 -0.00746021    0.00309174  0.00000000
 -0.00278516  0.00746021    0.32224149  0.00000000   -0.00278516  0.00746021
  0.00309174  0.00000000   -0.00278516 -0.00746021    0.24661360  0.00000000

     Dynamical  Matrix in cartesian axes

     q = (   -0.833333333  -0.166666667   0.833333333 ) 

    1    1
  0.24661360  0.00000000    0.00278516  0.00746021   -0.00309174  0.00000000
  0.00278516 -0.00746021    0.32224149  0.00000000   -0.00278516  0.00746021
 -0.00309174  0.00000000   -0.00278516 -0.00746021    0.24661360  0.00000000
    1    2
 -0.03089854  0.05217209    0.02186893 -0.03613629   -0.16855783 -0.04015567
  0.02186893 -0.03613629   -0.04604595  0.05357284   -0.02186893  0.03613629
 -0.16855783 -0.04015567   -0.02186893  0.03613629   -0.03089854  0.05217209
    2    1
 -0.03089854 -0.05217209    0.02186893  0.03613629   -0.16855783  0.04015567
  0.02186893  0.03613629   -0.04604595 -0.05357284   -0.02186893 -0.03613629
 -0.16855783  0.04015567   -0.02186893 -0.03613629   -0.03089854 -0.05217209
    2    2
  0.24661360  0.00000000    0.00278516 -0.00746021   -0.00309174  0.00000000
  0.00278516  0.00746021    0.32224149  0.00000000   -0.00278516 -0.00746021
 -0.00309174  0.00000000   -0.00278516  0.00746021    0.24661360  0.00000000

     Dynamical  Matrix in cartesian axes

     q = (    0.833333333  -0.166666667  -0.833333333 ) 

    1    1
  0.24661360  0.00000000   -0.00278516 -0.00746021   -0.00309174  0.00000000
 -0.00278516  0.00746021    0.32224149  0.00000000    0.00278516 -0.00746021
 -0.00309174  0.00000000    0.00278516  0.00746021    0.24661360  0.00000000
    1    2
 -0.03089854  0.05217209   -0.02186893  0.03613629   -0.16855783 -0.04015567
 -0.02186893  0.03613629   -0.04604595  0.05357284    0.02186893 -0.03613629
 -0.16855783 -0.04015567    0.02186893 -0.03613629   -0.03089854  0.05217209
    2    1
 -0.03089854 -0.05217209   -0.02186893 -0.03613629   -0.16855783  0.04015567
 -0.02186893 -0.03613629   -0.04604595 -0.05357284    0.02186893  0.03613629
 -0.16855783  0.04015567    0.02186893  0.03613629   -0.03089854 -0.05217209
    2    2
  0.24661360  0.00000000   -0.00278516  0.00746021   -0.00309174  0.00000000
 -0.00278516 -0.00746021    0.32224149  0.00000000    0.00278516  0.00746021
 -0.00309174  0.00000000    0.00278516 -0.00746021    0.24661360  0.00000000

     Dynamical  Matrix in cartesian axes

     q = (   -0.833333333  -0.166666667  -0.833333333 ) 

    1    1
  0.24661360  0.00000000    0.00278516 -0.00746021    0.00309174  0.00000000
  0.00278516  0.00746021    0.32224149  0.00000000    0.00278516  0.00746021
  0.00309174  0.00000000    0.00278516 -0.00746021    0.24661360  0.00000000
    1    2
  0.03089854  0.05217209   -0.02186893 -0.03613629   -0.16855783  0.04015567
 -0.02186893 -0.03613629    0.04604595  0.05357284   -0.02186893 -0.03613629
 -0.16855783  0.04015567   -0.02186893 -0.03613629    0.03089854  0.05217209
    2    1
  0.03089854 -0.05217209   -0.02186893  0.03613629   -0.16855783 -0.04015567
 -0.02186893  0.03613629    0.04604595 -0.05357284   -0.02186893  0.03613629
 -0.16855783 -0.04015567   -0.02186893  0.03613629    0.03089854 -0.05217209
    2    2
  0.24661360  0.00000000    0.00278516  0.00746021    0.00309174  0.00000000
  0.00278516 -0.00746021    0.32224149  0.00000000    0.00278516 -0.00746021
  0.00309174  0.00000000    0.00278516  0.00746021    0.24661360  0.00000000

     Dynamical  Matrix in cartesian axes

     q = (   -0.166666667   0.833333333  -0.833333333 ) 

    1    1
  0.32224149  0.00000000   -0.00278516  0.00746021    0.00278516 -0.00746021
 -0.00278516 -0.00746021    0.24661360  0.00000000   -0.00309174  0.00000000
  0.00278516  0.00746021   -0.00309174  0.00000000    0.24661360  0.00000000
    1    2
 -0.04604595  0.05357284   -0.02186893  0.03613629    0.02186893 -0.03613629
 -0.02186893  0.03613629   -0.03089854  0.05217209   -0.16855783 -0.04015567
  0.02186893 -0.03613629   -0.16855783 -0.04015567   -0.03089854  0.05217209
    2    1
 -0.04604595 -0.05357284   -0.02186893 -0.03613629    0.02186893  0.03613629
 -0.02186893 -0.03613629   -0.03089854 -0.05217209   -0.16855783  0.04015567
  0.02186893  0.03613629   -0.16855783  0.04015567   -0.03089854 -0.05217209
    2    2
  0.32224149  0.00000000   -0.00278516 -0.00746021    0.00278516  0.00746021
 -0.00278516  0.00746021    0.24661360  0.00000000   -0.00309174  0.00000000
  0.00278516 -0.00746021   -0.00309174  0.00000000    0.24661360  0.00000000

     Dynamical  Matrix in cartesian axes

     q = (   -0.833333333   0.833333333  -0.166666667 ) 

    1    1
  0.24661360  0.00000000   -0.00309174  0.00000000    0.00278516  0.00746021
 -0.00309174  0.00000000    0.24661360  0.00000000   -0.00278516 -0.00746021
  0.00278516 -0.00746021   -0.00278516  0.00746021    0.32224149  0.00000000
    1    2
 -0.03089854  0.05217209   -0.16855783 -0.04015567    0.02186893 -0.03613629
 -0.16855783 -0.04015567   -0.03089854  0.05217209   -0.02186893  0.03613629
  0.02186893 -0.03613629   -0.02186893  0.03613629   -0.04604595  0.05357284
    2    1
 -0.03089854 -0.05217209   -0.16855783  0.04015567    0.02186893  0.03613629
 -0.16855783  0.04015567   -0.03089854 -0.05217209   -0.02186893 -0.03613629
  0.02186893  0.03613629   -0.02186893 -0.03613629   -0.04604595 -0.05357284
    2    2
  0.24661360  0.00000000   -0.00309174  0.00000000    0.00278516 -0.00746021
 -0.00309174  0.00000000    0.24661360  0.00000000   -0.00278516  0.00746021
  0.00278516  0.00746021   -0.00278516 -0.00746021    0.32224149  0.00000000

     Dynamical  Matrix in cartesian axes

     q = (    0.833333333   0.166666667   0.833333333 ) 

    1    1
  0.24661360  0.00000000    0.00278516  0.00746021    0.00309174  0.00000000
  0.00278516 -0.00746021    0.32224149  0.00000000    0.00278516 -0.00746021
  0.00309174  0.00000000    0.00278516  0.00746021    0.24661360  0.00000000
    1    2
  0.03089854 -0.05217209   -0.02186893  0.03613629   -0.16855783 -0.04015567
 -0.02186893  0.03613629    0.04604595 -0.05357284   -0.02186893  0.03613629
 -0.16855783 -0.04015567   -0.02186893  0.03613629    0.03089854 -0.05217209
    2    1
  0.03089854  0.05217209   -0.02186893 -0.03613629   -0.16855783  0.04015567
 -0.02186893 -0.03613629    0.04604595  0.05357284   -0.02186893 -0.03613629
 -0.16855783  0.04015567   -0.02186893 -0.03613629    0.03089854  0.05217209
    2    2
  0.24661360  0.00000000    0.00278516 -0.00746021    0.00309174  0.00000000
  0.00278516  0.00746021    0.32224149  0.00000000    0.00278516  0.00746021
  0.00309174  0.00000000    0.00278516 -0.00746021    0.24661360  0.00000000

     Dynamical  Matrix in cartesian axes

     q = (   -0.833333333   0.166666667   0.833333333 ) 

    1    1
  0.24661360  0.00000000   -0.00278516  0.00746021   -0.00309174  0.00000000
 -0.00278516 -0.00746021    0.32224149  0.00000000    0.00278516  0.00746021
 -0.00309174  0.00000000    0.00278516 -0.00746021    0.24661360  0.00000000
    1    2
 -0.03089854 -0.05217209   -0.02186893 -0.03613629   -0.16855783  0.04015567
 -0.02186893 -0.03613629   -0.04604595 -0.05357284    0.02186893  0.03613629
 -0.16855783  0.04015567    0.02186893  0.03613629   -0.03089854 -0.05217209
    2    1
 -0.03089854  0.05217209   -0.02186893  0.03613629   -0.16855783 -0.04015567
 -0.02186893  0.03613629   -0.04604595  0.05357284    0.02186893 -0.03613629
 -0.16855783 -0.04015567    0.02186893 -0.03613629   -0.03089854  0.05217209
    2    2
  0.24661360  0.00000000   -0.00278516 -0.00746021   -0.00309174  0.00000000
 -0.00278516  0.00746021    0.32224149  0.00000000    0.00278516 -0.00746021
 -0.00309174  0.00000000    0.00278516  0.00746021    0.24661360  0.00000000

     Dynamical  Matrix in cartesian axes

     q = (    0.833333333   0.166666667  -0.833333333 ) 

    1    1
  0.24661360  0.00000000    0.00278516 -0.00746021   -0.00309174  0.00000000
  0.00278516  0.00746021    0.32224149  0.00000000   -0.00278516 -0.00746021
 -0.00309174  0.00000000   -0.00278516  0.00746021    0.24661360  0.00000000
    1    2
 -0.03089854 -0.05217209    0.02186893  0.03613629   -0.16855783  0.04015567
  0.02186893  0.03613629   -0.04604595 -0.05357284   -0.02186893 -0.03613629
 -0.16855783  0.04015567   -0.02186893 -0.03613629   -0.03089854 -0.05217209
    2    1
 -0.03089854  0.05217209    0.02186893 -0.03613629   -0.16855783 -0.04015567
  0.02186893 -0.03613629   -0.04604595  0.05357284   -0.02186893  0.03613629
 -0.16855783 -0.04015567   -0.02186893  0.03613629   -0.03089854  0.05217209
    2    2
  0.24661360  0.00000000    0.00278516  0.00746021   -0.00309174  0.00000000
  0.00278516 -0.00746021    0.32224149  0.00000000   -0.00278516  0.00746021
 -0.00309174  0.00000000   -0.00278516 -0.00746021    0.24661360  0.00000000

     Dynamical  Matrix in cartesian axes

     q = (   -0.166666667   0.833333333   0.833333333 ) 

    1    1
  0.32224149  0.00000000   -0.00278516 -0.00746021   -0.00278516 -0.00746021
 -0.00278516  0.00746021    0.24661360  0.00000000    0.00309174  0.00000000
 -0.00278516  0.00746021    0.00309174  0.00000000    0.24661360  0.00000000
    1    2
 -0.02337247  0.06666338   -0.02036048  0.03700719   -0.02036048  0.03700719
 -0.02036048  0.03700719   -0.02973308  0.05284497   -0.11905475 -0.12589753
 -0.02036048  0.03700719   -0.11905475 -0.12589753   -0.02973308  0.05284497
    2    1
 -0.02337247 -0.06666338   -0.02036048 -0.03700719   -0.02036048 -0.03700719
 -0.02036048 -0.03700719   -0.02973308 -0.05284497   -0.11905475  0.12589753
 -0.02036048 -0.03700719   -0.11905475  0.12589753   -0.02973308 -0.05284497
    2    2
  0.32224149  0.00000000   -0.00278516  0.00746021   -0.00278516  0.00746021
 -0.00278516 -0.00746021    0.24661360  0.00000000    0.00309174  0.00000000
 -0.00278516 -0.00746021    0.00309174  0.00000000    0.24661360  0.00000000

     Dynamical  Matrix in cartesian axes

     q = (    0.166666667   0.833333333  -0.833333333 ) 

    1    1
  0.32224149  0.00000000    0.00278516  0.00746021   -0.00278516 -0.00746021
  0.00278516 -0.00746021    0.24661360  0.00000000   -0.00309174  0.00000000
 -0.00278516  0.00746021   -0.00309174  0.00000000    0.24661360  0.00000000
    1    2
 -0.04604595 -0.05357284    0.02186893  0.03613629   -0.02186893 -0.03613629
  0.02186893  0.03613629   -0.03089854 -0.05217209   -0.16855783  0.04015567
 -0.02186893 -0.03613629   -0.16855783  0.04015567   -0.03089854 -0.05217209
    2    1
 -0.04604595  0.05357284    0.02186893 -0.03613629   -0.02186893  0.03613629
  0.02186893 -0.03613629   -0.03089854  0.05217209   -0.16855783 -0.04015567
 -0.02186893  0.03613629   -0.16855783 -0.04015567   -0.03089854  0.05217209
    2    2
  0.32224149  0.00000000    0.00278516 -0.00746021   -0.00278516  0.00746021
  0.00278516  0.00746021    0.24661360  0.00000000   -0.00309174  0.00000000
 -0.00278516 -0.00746021   -0.00309174  0.00000000    0.24661360  0.00000000

     Dynamical  Matrix in cartesian axes

     q = (   -0.166666667  -0.833333333  -0.833333333 ) 

    1    1
  0.32224149  0.00000000    0.00278516  0.00746021    0.00278516  0.00746021
  0.00278516 -0.00746021    0.24661360  0.00000000    0.00309174  0.00000000
  0.00278516 -0.00746021    0.00309174  0.00000000    0.24661360  0.00000000
    1    2
  0.04604595  0.05357284   -0.02186893 -0.03613629   -0.02186893 -0.03613629
 -0.02186893 -0.03613629    0.03089854  0.05217209   -0.16855783  0.04015567
 -0.02186893 -0.03613629   -0.16855783  0.04015567    0.03089854  0.05217209
    2    1
  0.04604595 -0.05357284   -0.02186893  0.03613629   -0.02186893  0.03613629
 -0.02186893  0.03613629    0.03089854 -0.05217209   -0.16855783 -0.04015567
 -0.02186893  0.03613629   -0.16855783 -0.04015567    0.03089854 -0.05217209
    2    2
  0.32224149  0.00000000    0.00278516 -0.00746021    0.00278516 -0.00746021
  0.00278516  0.00746021    0.24661360  0.00000000    0.00309174  0.00000000
  0.00278516  0.00746021    0.00309174  0.00000000    0.24661360  0.00000000

     Dynamical  Matrix in cartesian axes

     q = (    0.833333333  -0.833333333   0.166666667 ) 

    1    1
  0.24661360  0.00000000   -0.00309174  0.00000000    0.00278516 -0.00746021
 -0.00309174  0.00000000    0.24661360  0.00000000   -0.00278516  0.00746021
  0.00278516  0.00746021   -0.00278516 -0.00746021    0.32224149  0.00000000
    1    2
 -0.03089854 -0.05217209   -0.16855783  0.04015567    0.02186893  0.03613629
 -0.16855783  0.04015567   -0.03089854 -0.05217209   -0.02186893 -0.03613629
  0.02186893  0.03613629   -0.02186893 -0.03613629   -0.04604595 -0.05357284
    2    1
 -0.03089854  0.05217209   -0.16855783 -0.04015567    0.02186893 -0.03613629
 -0.16855783 -0.04015567   -0.03089854  0.05217209   -0.02186893  0.03613629
  0.02186893 -0.03613629   -0.02186893  0.03613629   -0.04604595  0.05357284
    2    2
  0.24661360  0.00000000   -0.00309174  0.00000000    0.00278516  0.00746021
 -0.00309174  0.00000000    0.24661360  0.00000000   -0.00278516 -0.00746021
  0.00278516 -0.00746021   -0.00278516  0.00746021    0.32224149  0.00000000

     Dynamical  Matrix in cartesian axes

     q = (    0.833333333   0.833333333  -0.166666667 ) 

    1    1
  0.24661360  0.00000000    0.00309174  0.00000000   -0.00278516  0.00746021
  0.00309174  0.00000000    0.24661360  0.00000000   -0.00278516  0.00746021
 -0.00278516 -0.00746021   -0.00278516 -0.00746021    0.32224149  0.00000000
    1    2
 -0.02973308  0.05284497   -0.11905475 -0.12589753   -0.02036048  0.03700719
 -0.11905475 -0.12589753   -0.02973308  0.05284497   -0.02036048  0.03700719
 -0.02036048  0.03700719   -0.02036048  0.03700719   -0.02337247  0.06666338
    2    1
 -0.02973308 -0.05284497   -0.11905475  0.12589753   -0.02036048 -0.03700719
 -0.11905475  0.12589753   -0.02973308 -0.05284497   -0.02036048 -0.03700719
 -0.02036048 -0.03700719   -0.02036048 -0.03700719   -0.02337247 -0.06666338
    2    2
  0.24661360  0.00000000    0.00309174  0.00000000   -0.00278516 -0.00746021
  0.00309174  0.00000000    0.24661360  0.00000000   -0.00278516 -0.00746021
 -0.00278516  0.00746021   -0.00278516  0.00746021    0.32224149  0.00000000

     Dynamical  Matrix in cartesian axes

     q = (   -0.833333333  -0.833333333  -0.166666667 ) 

    1    1
  0.24661360  0.00000000    0.00309174  0.00000000    0.00278516 -0.00746021
  0.00309174  0.00000000    0.24661360  0.00000000    0.00278516 -0.00746021
  0.00278516  0.00746021    0.00278516  0.00746021    0.32224149  0.00000000
    1    2
  0.03089854  0.05217209   -0.16855783  0.04015567   -0.02186893 -0.03613629
 -0.16855783  0.04015567    0.03089854  0.05217209   -0.02186893 -0.03613629
 -0.02186893 -0.03613629   -0.02186893 -0.03613629    0.04604595  0.05357284
    2    1
  0.03089854 -0.05217209   -0.16855783 -0.04015567   -0.02186893  0.03613629
 -0.16855783 -0.04015567    0.03089854 -0.05217209   -0.02186893  0.03613629
 -0.02186893  0.03613629   -0.02186893  0.03613629    0.04604595 -0.05357284
    2    2
  0.24661360  0.00000000    0.00309174  0.00000000    0.00278516  0.00746021
  0.00309174  0.00000000    0.24661360  0.00000000    0.00278516  0.00746021
  0.00278516 -0.00746021    0.00278516 -0.00746021    0.32224149  0.00000000

     Dynamical  Matrix in cartesian axes

     q = (   -0.833333333   0.833333333   0.166666667 ) 

    1    1
  0.24661360  0.00000000   -0.00309174  0.00000000   -0.00278516  0.00746021
 -0.00309174  0.00000000    0.24661360  0.00000000    0.00278516 -0.00746021
 -0.00278516 -0.00746021    0.00278516  0.00746021    0.32224149  0.00000000
    1    2
 -0.03089854 -0.05217209   -0.16855783  0.04015567   -0.02186893 -0.03613629
 -0.16855783  0.04015567   -0.03089854 -0.05217209    0.02186893  0.03613629
 -0.02186893 -0.03613629    0.02186893  0.03613629   -0.04604595 -0.05357284
    2    1
 -0.03089854  0.05217209   -0.16855783 -0.04015567   -0.02186893  0.03613629
 -0.16855783 -0.04015567   -0.03089854  0.05217209    0.02186893 -0.03613629
 -0.02186893  0.03613629    0.02186893 -0.03613629   -0.04604595  0.05357284
    2    2
  0.24661360  0.00000000   -0.00309174  0.00000000   -0.00278516 -0.00746021
 -0.00309174  0.00000000    0.24661360  0.00000000    0.00278516  0.00746021
 -0.00278516  0.00746021    0.00278516 -0.00746021    0.32224149  0.00000000

     Dynamical  Matrix in cartesian axes

     q = (    0.166666667  -0.833333333   0.833333333 ) 

    1    1
  0.32224149  0.00000000   -0.00278516 -0.00746021    0.00278516  0.00746021
 -0.00278516  0.00746021    0.24661360  0.00000000   -0.00309174  0.00000000
  0.00278516 -0.00746021   -0.00309174  0.00000000    0.24661360  0.00000000
    1    2
 -0.04604595 -0.05357284   -0.02186893 -0.03613629    0.02186893  0.03613629
 -0.02186893 -0.03613629   -0.03089854 -0.05217209   -0.16855783  0.04015567
  0.02186893  0.03613629   -0.16855783  0.04015567   -0.03089854 -0.05217209
    2    1
 -0.04604595  0.05357284   -0.02186893  0.03613629    0.02186893 -0.03613629
 -0.02186893  0.03613629   -0.03089854  0.05217209   -0.16855783 -0.04015567
  0.02186893 -0.03613629   -0.16855783 -0.04015567   -0.03089854  0.05217209
    2    2
  0.32224149  0.00000000   -0.00278516  0.00746021    0.00278516 -0.00746021
 -0.00278516 -0.00746021    0.24661360  0.00000000   -0.00309174  0.00000000
  0.00278516  0.00746021   -0.00309174  0.00000000    0.24661360  0.00000000

     Dynamical  Matrix in cartesian axes

     q = (    0.166666667   0.833333333   0.833333333 ) 

    1    1
  0.32224149  0.00000000    0.00278516 -0.00746021    0.00278516 -0.00746021
  0.00278516  0.00746021    0.24661360  0.00000000    0.00309174  0.00000000
  0.00278516  0.00746021    0.00309174  0.00000000    0.24661360  0.00000000
    1    2
  0.04604595 -0.05357284   -0.02186893  0.03613629   -0.02186893  0.03613629
 -0.02186893  0.03613629    0.03089854 -0.05217209   -0.16855783 -0.04015567
 -0.02186893  0.03613629   -0.16855783 -0.04015567    0.03089854 -0.05217209
    2    1
  0.04604595  0.05357284   -0.02186893 -0.03613629   -0.02186893 -0.03613629
 -0.02186893 -0.03613629    0.03089854  0.05217209   -0.16855783  0.04015567
 -0.02186893 -0.03613629   -0.16855783  0.04015567    0.03089854  0.05217209
    2    2
  0.32224149  0.00000000    0.00278516  0.00746021    0.00278516  0.00746021
  0.00278516 -0.00746021    0.24661360  0.00000000    0.00309174  0.00000000
  0.00278516 -0.00746021    0.00309174  0.00000000    0.24661360  0.00000000

     Dynamical  Matrix in cartesian axes

     q = (   -0.833333333   0.166666667  -0.833333333 ) 

    1    1
  0.24661360  0.00000000   -0.00278516 -0.00746021    0.00309174  0.00000000
 -0.00278516  0.00746021    0.32224149  0.00000000   -0.00278516  0.00746021
  0.00309174  0.00000000   -0.00278516 -0.00746021    0.24661360  0.00000000
    1    2
 -0.02973308 -0.05284497   -0.02036048 -0.03700719   -0.11905475  0.12589753
 -0.02036048 -0.03700719   -0.02337247 -0.06666338   -0.02036048 -0.03700719
 -0.11905475  0.12589753   -0.02036048 -0.03700719   -0.02973308 -0.05284497
    2    1
 -0.02973308  0.05284497   -0.02036048  0.03700719   -0.11905475 -0.12589753
 -0.02036048  0.03700719   -0.02337247  0.06666338   -0.02036048  0.03700719
 -0.11905475 -0.12589753   -0.02036048  0.03700719   -0.02973308  0.05284497
    2    2
  0.24661360  0.00000000   -0.00278516  0.00746021    0.00309174  0.00000000
 -0.00278516 -0.00746021    0.32224149  0.00000000   -0.00278516 -0.00746021
  0.00309174  0.00000000   -0.00278516  0.00746021    0.24661360  0.00000000

     Dynamical  Matrix in cartesian axes

     q = (   -0.166666667  -0.833333333   0.833333333 ) 

    1    1
  0.32224149  0.00000000    0.00278516 -0.00746021   -0.00278516  0.00746021
  0.00278516  0.00746021    0.24661360  0.00000000   -0.00309174  0.00000000
 -0.00278516 -0.00746021   -0.00309174  0.00000000    0.24661360  0.00000000
    1    2
 -0.04604595  0.05357284    0.02186893 -0.03613629   -0.02186893  0.03613629
  0.02186893 -0.03613629   -0.03089854  0.05217209   -0.16855783 -0.04015567
 -0.02186893  0.03613629   -0.16855783 -0.04015567   -0.03089854  0.05217209
    2    1
 -0.04604595 -0.05357284    0.02186893  0.03613629   -0.02186893 -0.03613629
  0.02186893  0.03613629   -0.03089854 -0.05217209   -0.16855783  0.04015567
 -0.02186893 -0.03613629   -0.16855783  0.04015567   -0.03089854 -0.05217209
    2    2
  0.32224149  0.00000000    0.00278516  0.00746021   -0.00278516 -0.00746021
  0.00278516 -0.00746021    0.24661360  0.00000000   -0.00309174  0.00000000
 -0.00278516  0.00746021   -0.00309174  0.00000000    0.24661360  0.00000000

     Dynamical  Matrix in cartesian axes

     q = (   -0.833333333  -0.833333333   0.166666667 ) 

    1    1
  0.24661360  0.00000000    0.00309174  0.00000000   -0.00278516 -0.00746021
  0.00309174  0.00000000    0.24661360  0.00000000   -0.00278516 -0.00746021
 -0.00278516  0.00746021   -0.00278516  0.00746021    0.32224149  0.00000000
    1    2
 -0.02973308 -0.05284497   -0.11905475  0.12589753   -0.02036048 -0.03700719
 -0.11905475  0.12589753   -0.02973308 -0.05284497   -0.02036048 -0.03700719
 -0.02036048 -0.03700719   -0.02036048 -0.03700719   -0.02337247 -0.06666338
    2    1
 -0.02973308  0.05284497   -0.11905475 -0.12589753   -0.02036048  0.03700719
 -0.11905475 -0.12589753   -0.02973308  0.05284497   -0.02036048  0.03700719
 -0.02036048  0.03700719   -0.02036048  0.03700719   -0.02337247  0.06666338
    2    2
  0.24661360  0.00000000    0.00309174  0.00000000   -0.00278516  0.00746021
  0.00309174  0.00000000    0.24661360  0.00000000   -0.00278516  0.00746021
 -0.00278516 -0.00746021   -0.00278516 -0.00746021    0.32224149  0.00000000

     Dynamical  Matrix in cartesian axes

     q = (    0.833333333   0.833333333   0.166666667 ) 

    1    1
  0.24661360  0.00000000    0.00309174  0.00000000    0.00278516  0.00746021
  0.00309174  0.00000000    0.24661360  0.00000000    0.00278516  0.00746021
  0.00278516 -0.00746021    0.00278516 -0.00746021    0.32224149  0.00000000
    1    2
  0.03089854 -0.05217209   -0.16855783 -0.04015567   -0.02186893  0.03613629
 -0.16855783 -0.04015567    0.03089854 -0.05217209   -0.02186893  0.03613629
 -0.02186893  0.03613629   -0.02186893  0.03613629    0.04604595 -0.05357284
    2    1
  0.03089854  0.05217209   -0.16855783  0.04015567   -0.02186893 -0.03613629
 -0.16855783  0.04015567    0.03089854  0.05217209   -0.02186893 -0.03613629
 -0.02186893 -0.03613629   -0.02186893 -0.03613629    0.04604595  0.05357284
    2    2
  0.24661360  0.00000000    0.00309174  0.00000000    0.00278516 -0.00746021
  0.00309174  0.00000000    0.24661360  0.00000000    0.00278516 -0.00746021
  0.00278516  0.00746021    0.00278516  0.00746021    0.32224149  0.00000000

     Dynamical  Matrix in cartesian axes

     q = (    0.166666667  -0.833333333  -0.833333333 ) 

    1    1
  0.32224149  0.00000000   -0.00278516  0.00746021   -0.00278516  0.00746021
 -0.00278516 -0.00746021    0.24661360  0.00000000    0.00309174  0.00000000
 -0.00278516 -0.00746021    0.00309174  0.00000000    0.24661360  0.00000000
    1    2
 -0.02337247 -0.06666338   -0.02036048 -0.03700719   -0.02036048 -0.03700719
 -0.02036048 -0.03700719   -0.02973308 -0.05284497   -0.11905475  0.12589753
 -0.02036048 -0.03700719   -0.11905475  0.12589753   -0.02973308 -0.05284497
    2    1
 -0.02337247  0.06666338   -0.02036048  0.03700719   -0.02036048  0.03700719
 -0.02036048  0.03700719   -0.02973308  0.05284497   -0.11905475 -0.12589753
 -0.02036048  0.03700719   -0.11905475 -0.12589753   -0.02973308  0.05284497
    2    2
  0.32224149  0.00000000   -0.00278516 -0.00746021   -0.00278516 -0.00746021
 -0.00278516  0.00746021    0.24661360  0.00000000    0.00309174  0.00000000
 -0.00278516  0.00746021    0.00309174  0.00000000    0.24661360  0.00000000

     Dynamical  Matrix in cartesian axes

     q = (    0.833333333  -0.833333333  -0.166666667 ) 

    1    1
  0.24661360  0.00000000   -0.00309174  0.00000000   -0.00278516 -0.00746021
 -0.00309174  0.00000000    0.24661360  0.00000000    0.00278516  0.00746021
 -0.00278516  0.00746021    0.00278516 -0.00746021    0.32224149  0.00000000
    1    2
 -0.03089854  0.05217209   -0.16855783 -0.04015567   -0.02186893  0.03613629
 -0.16855783 -0.04015567   -0.03089854  0.05217209    0.02186893 -0.03613629
 -0.02186893  0.03613629    0.02186893 -0.03613629   -0.04604595  0.05357284
    2    1
 -0.03089854 -0.05217209   -0.16855783  0.04015567   -0.02186893 -0.03613629
 -0.16855783  0.04015567   -0.03089854 -0.05217209    0.02186893  0.03613629
 -0.02186893 -0.03613629    0.02186893  0.03613629   -0.04604595 -0.05357284
    2    2
  0.24661360  0.00000000   -0.00309174  0.00000000   -0.00278516  0.00746021
 -0.00309174  0.00000000    0.24661360  0.00000000    0.00278516 -0.00746021
 -0.00278516 -0.00746021    0.00278516  0.00746021    0.32224149  0.00000000

     Diagonalizing the dynamical matrix

     q = (    0.833333333  -0.166666667   0.833333333 ) 

 **************************************************************************
     freq (    1) =       4.298578 [THz] =     143.385132 [cm-1]
 (  0.223508  0.447263 -0.000000 -0.000000 -0.223508 -0.447263 ) 
 ( -0.500000 -0.000000  0.000000  0.000000  0.500000  0.000000 ) 
     freq (    2) =       5.517414 [THz] =     184.041134 [cm-1]
 ( -0.443736 -0.196283 -0.125205  0.116041 -0.443736 -0.196283 ) 
 ( -0.485210 -0.000000 -0.067561 -0.156772 -0.485210  0.000000 ) 
     freq (    3) =      10.187329 [THz] =     339.812733 [cm-1]
 ( -0.132695  0.126478 -0.490412 -0.438505 -0.132695  0.126478 ) 
 (  0.183316 -0.000000  0.052445 -0.655774  0.183316  0.000000 ) 
     freq (    4) =      12.378068 [THz] =     412.887912 [cm-1]
 ( -0.169830 -0.212558  0.585550  0.095315 -0.169830 -0.212558 ) 
 (  0.272072 -0.000000 -0.439971 -0.397969  0.272072  0.000000 ) 
     freq (    5) =      13.690945 [THz] =     456.680773 [cm-1]
 (  0.223508  0.447263 -0.000000  0.000000 -0.223508 -0.447263 ) 
 (  0.500000 -0.000000  0.000000  0.000000 -0.500000  0.000000 ) 
     freq (    6) =      14.006879 [THz] =     467.219191 [cm-1]
 (  0.365444  0.152951  0.328559 -0.279576  0.365444  0.152951 ) 
 ( -0.396161  0.000000 -0.195144 -0.384750 -0.396161  0.000000 ) 
 **************************************************************************
