Dynamical matrix file
                                                                           
  1    2  2 10.2800000  0.0000000  0.0000000  0.0000000  0.0000000  0.0000000
           1  'Si  '    25598.8229845270     
    1    1      0.0000000000      0.0000000000      0.0000000000
    2    1      0.2500000000      0.2500000000      0.2500000000

     Dynamical  Matrix in cartesian axes

     q = (    0.000000000   0.666666667   0.000000000 ) 

    1    1
  0.24707383  0.00000000   -0.00000000  0.00000000    0.00000000  0.00000000
  0.00000000  0.00000000    0.33425007  0.00000000    0.00000000  0.00000000
  0.00000000  0.00000000    0.00000000  0.00000000    0.24707383  0.00000000
    1    2
 -0.06113360  0.10588650    0.00000000  0.00000000   -0.14412584 -0.08321109
  0.00000000 -0.00000000   -0.06804020  0.11784908    0.00000000 -0.00000000
 -0.14412584 -0.08321109    0.00000000  0.00000000   -0.06113360  0.10588650
    2    1
 -0.06113360 -0.10588650    0.00000000 -0.00000000   -0.14412584  0.08321109
 -0.00000000  0.00000000   -0.06804020 -0.11784908   -0.00000000  0.00000000
 -0.14412584  0.08321109    0.00000000 -0.00000000   -0.06113360 -0.10588650
    2    2
  0.24707383  0.00000000   -0.00000000  0.00000000    0.00000000 -0.00000000
  0.00000000  0.00000000    0.33425007  0.00000000    0.00000000  0.00000000
  0.00000000 -0.00000000    0.00000000  0.00000000    0.24707383  0.00000000

     Dynamical  Matrix in cartesian axes

     q = (    0.666666667   0.000000000   0.000000000 ) 

    1    1
  0.33425007  0.00000000    0.00000000  0.00000000    0.00000000  0.00000000
 -0.00000000  0.00000000    0.24707383  0.00000000   -0.00000000  0.00000000
  0.00000000  0.00000000    0.00000000  0.00000000    0.24707383  0.00000000
    1    2
 -0.06804020  0.11784908    0.00000000  0.00000000   -0.00000000  0.00000000
  0.00000000  0.00000000   -0.06113360  0.10588650   -0.14412584 -0.08321109
  0.00000000  0.00000000   -0.14412584 -0.08321109   -0.06113360  0.10588650
    2    1
 -0.06804020 -0.11784908    0.00000000  0.00000000   -0.00000000  0.00000000
  0.00000000  0.00000000   -0.06113360 -0.10588650   -0.14412584  0.08321109
  0.00000000  0.00000000   -0.14412584  0.08321109   -0.06113360 -0.10588650
    2    2
  0.33425007  0.00000000   -0.00000000  0.00000000    0.00000000  0.00000000
  0.00000000  0.00000000    0.24707383  0.00000000    0.00000000 -0.00000000
  0.00000000  0.00000000    0.00000000 -0.00000000    0.24707383  0.00000000

     Dynamical  Matrix in cartesian axes

     q = (    0.000000000   0.000000000   0.666666667 ) 

    1    1
  0.24707383  0.00000000    0.00000000  0.00000000   -0.00000000  0.00000000
  0.00000000  0.00000000    0.24707383  0.00000000    0.00000000  0.00000000
  0.00000000  0.00000000    0.00000000  0.00000000    0.33425007  0.00000000
    1    2
 -0.06113360  0.10588650   -0.14412584 -0.08321109   -0.00000000  0.00000000
 -0.14412584 -0.08321109   -0.06113360  0.10588650    0.00000000 -0.00000000
 -0.00000000  0.00000000   -0.00000000 -0.00000000   -0.06804020  0.11784908
    2    1
 -0.06113360 -0.10588650   -0.14412584  0.08321109   -0.00000000  0.00000000
 -0.14412584  0.08321109   -0.06113360 -0.10588650    0.00000000  0.00000000
 -0.00000000 -0.00000000   -0.00000000  0.00000000   -0.06804020 -0.11784908
    2    2
  0.24707383  0.00000000    0.00000000 -0.00000000   -0.00000000  0.00000000
  0.00000000 -0.00000000    0.24707383  0.00000000    0.00000000  0.00000000
 -0.00000000  0.00000000    0.00000000  0.00000000    0.33425007  0.00000000

     Dynamical  Matrix in cartesian axes

     q = (    0.000000000  -0.666666667   0.000000000 ) 

    1    1
  0.24707383  0.00000000    0.00000000  0.00000000    0.00000000 -0.00000000
  0.00000000  0.00000000    0.33425007  0.00000000    0.00000000  0.00000000
  0.00000000 -0.00000000    0.00000000  0.00000000    0.24707383  0.00000000
    1    2
 -0.06113360 -0.10588650    0.00000000  0.00000000   -0.14412584  0.08321109
  0.00000000 -0.00000000   -0.06804020 -0.11784908    0.00000000 -0.00000000
 -0.14412584  0.08321109    0.00000000 -0.00000000   -0.06113360 -0.10588650
    2    1
 -0.06113360  0.10588650    0.00000000  0.00000000   -0.14412584 -0.08321109
  0.00000000  0.00000000   -0.06804020  0.11784908   -0.00000000  0.00000000
 -0.14412584 -0.08321109    0.00000000  0.00000000   -0.06113360  0.10588650
    2    2
  0.24707383  0.00000000   -0.00000000  0.00000000    0.00000000  0.00000000
  0.00000000  0.00000000    0.33425007  0.00000000    0.00000000  0.00000000
  0.00000000  0.00000000    0.00000000  0.00000000    0.24707383  0.00000000

     Dynamical  Matrix in cartesian axes

     q = (   -0.666666667   0.000000000   0.000000000 ) 

    1    1
  0.33425007  0.00000000   -0.00000000  0.00000000    0.00000000  0.00000000
 -0.00000000  0.00000000    0.24707383  0.00000000   -0.00000000 -0.00000000
 -0.00000000  0.00000000   -0.00000000 -0.00000000    0.24707383  0.00000000
    1    2
 -0.06804020 -0.11784908    0.00000000  0.00000000   -0.00000000 -0.00000000
  0.00000000  0.00000000   -0.06113360 -0.10588650   -0.14412584  0.08321109
  0.00000000  0.00000000   -0.14412584  0.08321109   -0.06113360 -0.10588650
    2    1
 -0.06804020  0.11784908    0.00000000 -0.00000000   -0.00000000  0.00000000
  0.00000000 -0.00000000   -0.06113360  0.10588650   -0.14412584 -0.08321109
 -0.00000000 -0.00000000   -0.14412584 -0.08321109   -0.06113360  0.10588650
    2    2
  0.33425007  0.00000000   -0.00000000  0.00000000   -0.00000000  0.00000000
 -0.00000000  0.00000000    0.24707383  0.00000000   -0.00000000  0.00000000
 -0.00000000  0.00000000   -0.00000000  0.00000000    0.24707383  0.00000000

     Dynamical  Matrix in cartesian axes

     q = (    0.000000000   0.000000000  -0.666666667 ) 

    1    1
  0.24707383  0.00000000    0.00000000 -0.00000000   -0.00000000  0.00000000
  0.00000000 -0.00000000    0.24707383  0.00000000    0.00000000  0.00000000
 -0.00000000  0.00000000    0.00000000  0.00000000    0.33425007  0.00000000
    1    2
 -0.06113360 -0.10588650   -0.14412584  0.08321109    0.00000000 -0.00000000
 -0.14412584  0.08321109   -0.06113360 -0.10588650    0.00000000  0.00000000
  0.00000000 -0.00000000   -0.00000000  0.00000000   -0.06804020 -0.11784908
    2    1
 -0.06113360  0.10588650   -0.14412584 -0.08321109    0.00000000  0.00000000
 -0.14412584 -0.08321109   -0.06113360  0.10588650   -0.00000000 -0.00000000
  0.00000000  0.00000000    0.00000000 -0.00000000   -0.06804020  0.11784908
    2    2
  0.24707383  0.00000000    0.00000000  0.00000000   -0.00000000  0.00000000
  0.00000000  0.00000000    0.24707383  0.00000000    0.00000000  0.00000000
  0.00000000  0.00000000    0.00000000  0.00000000    0.33425007  0.00000000

     Diagonalizing the dynamical matrix

     q = (    0.000000000   0.666666667   0.000000000 ) 

 **************************************************************************
     freq (    1) =       4.141375 [THz] =     138.141384 [cm-1]
 ( -0.430726  0.174260  0.000000  0.000000 -0.337479 -0.412572 ) 
 ( -0.618638 -0.321223 -0.000000  0.000000 -0.118755  0.000000 ) 
     freq (    2) =       4.141375 [THz] =     138.141384 [cm-1]
 ( -0.427233 -0.318717  0.000000 -0.000000 -0.154850  0.438079 ) 
 (  0.105394  0.054725 -0.000000 -0.000000 -0.697063  0.000000 ) 
     freq (    3) =       9.153425 [THz] =     305.325397 [cm-1]
 (  0.000000 -0.000000  0.686795  0.168263  0.000000 -0.000000 ) 
 (  0.000000  0.000000  0.197678  0.678913  0.000000  0.000000 ) 
     freq (    4) =      13.848187 [THz] =     461.925808 [cm-1]
 (  0.493503  0.284924 -0.000000 -0.000000  0.209328 -0.362567 ) 
 (  0.000000 -0.000000  0.000000  0.000000 -0.707107  0.000000 ) 
     freq (    5) =      13.848187 [THz] =     461.925808 [cm-1]
 ( -0.175494 -0.380099  0.000000  0.000000  0.517366 -0.238872 ) 
 ( -0.407769  0.577689  0.000000 -0.000000  0.000000  0.000000 ) 
     freq (    6) =      14.101542 [THz] =     470.376800 [cm-1]
 (  0.000000  0.000000  0.706858 -0.018751  0.000000  0.000000 ) 
 ( -0.000000 -0.000000 -0.369668 -0.602782  0.000000  0.000000 ) 
 **************************************************************************
