Dynamical matrix file
                                                                           
  1    2  2 10.4000000  0.0000000  0.0000000  0.0000000  0.0000000  0.0000000
           1  'Si  '    25598.8229845270     
    1    1      0.0000000000      0.0000000000      0.0000000000
    2    1      0.2500000000      0.2500000000      0.2500000000

     Dynamical  Matrix in cartesian axes

     q = (    0.000000000   0.333333333   0.000000000 ) 

    1    1
  0.24215038  0.00000000    0.00000000  0.00000000    0.00000000  0.00000000
  0.00000000  0.00000000    0.27671802  0.00000000   -0.00000000  0.00000000
 -0.00000000  0.00000000    0.00000000  0.00000000    0.24215038  0.00000000
    1    2
 -0.18109424  0.10455481    0.00000000  0.00000000   -0.03615428 -0.06262105
  0.00000000 -0.00000000   -0.19339373  0.11165592    0.00000000 -0.00000000
 -0.03615428 -0.06262105    0.00000000  0.00000000   -0.18109424  0.10455481
    2    1
 -0.18109424 -0.10455481    0.00000000  0.00000000   -0.03615428  0.06262105
  0.00000000 -0.00000000   -0.19339373 -0.11165592    0.00000000  0.00000000
 -0.03615428  0.06262105    0.00000000  0.00000000   -0.18109424 -0.10455481
    2    2
  0.24215038  0.00000000    0.00000000  0.00000000    0.00000000  0.00000000
  0.00000000  0.00000000    0.27671802  0.00000000    0.00000000  0.00000000
  0.00000000  0.00000000    0.00000000  0.00000000    0.24215038  0.00000000

     Dynamical  Matrix in cartesian axes

     q = (    0.333333333   0.000000000   0.000000000 ) 

    1    1
  0.27671802  0.00000000    0.00000000  0.00000000   -0.00000000  0.00000000
  0.00000000  0.00000000    0.24215038  0.00000000    0.00000000  0.00000000
  0.00000000  0.00000000    0.00000000  0.00000000    0.24215038  0.00000000
    1    2
 -0.19339373  0.11165592    0.00000000 -0.00000000   -0.00000000  0.00000000
  0.00000000 -0.00000000   -0.18109424  0.10455481   -0.03615428 -0.06262105
 -0.00000000  0.00000000   -0.03615428 -0.06262105   -0.18109424  0.10455481
    2    1
 -0.19339373 -0.11165592   -0.00000000 -0.00000000   -0.00000000  0.00000000
 -0.00000000  0.00000000   -0.18109424 -0.10455481   -0.03615428  0.06262105
 -0.00000000  0.00000000   -0.03615428  0.06262105   -0.18109424 -0.10455481
    2    2
  0.27671802  0.00000000    0.00000000  0.00000000   -0.00000000  0.00000000
  0.00000000  0.00000000    0.24215038  0.00000000    0.00000000  0.00000000
 -0.00000000  0.00000000    0.00000000  0.00000000    0.24215038  0.00000000

     Dynamical  Matrix in cartesian axes

     q = (    0.000000000   0.000000000   0.333333333 ) 

    1    1
  0.24215038  0.00000000   -0.00000000  0.00000000    0.00000000  0.00000000
 -0.00000000  0.00000000    0.24215038  0.00000000   -0.00000000  0.00000000
  0.00000000  0.00000000    0.00000000  0.00000000    0.27671802  0.00000000
    1    2
 -0.18109424  0.10455481   -0.03615428 -0.06262105    0.00000000 -0.00000000
 -0.03615428 -0.06262105   -0.18109424  0.10455481   -0.00000000  0.00000000
  0.00000000 -0.00000000   -0.00000000  0.00000000   -0.19339373  0.11165592
    2    1
 -0.18109424 -0.10455481   -0.03615428  0.06262105    0.00000000  0.00000000
 -0.03615428  0.06262105   -0.18109424 -0.10455481   -0.00000000 -0.00000000
  0.00000000  0.00000000   -0.00000000  0.00000000   -0.19339373 -0.11165592
    2    2
  0.24215038  0.00000000   -0.00000000  0.00000000    0.00000000  0.00000000
  0.00000000  0.00000000    0.24215038  0.00000000    0.00000000  0.00000000
 -0.00000000  0.00000000   -0.00000000  0.00000000    0.27671802  0.00000000

     Dynamical  Matrix in cartesian axes

     q = (    0.000000000  -0.333333333   0.000000000 ) 

    1    1
  0.24215038  0.00000000    0.00000000  0.00000000   -0.00000000  0.00000000
  0.00000000  0.00000000    0.27671802  0.00000000   -0.00000000  0.00000000
 -0.00000000  0.00000000    0.00000000  0.00000000    0.24215038  0.00000000
    1    2
 -0.18109424 -0.10455481    0.00000000  0.00000000   -0.03615428  0.06262105
  0.00000000 -0.00000000   -0.19339373 -0.11165592   -0.00000000  0.00000000
 -0.03615428  0.06262105    0.00000000 -0.00000000   -0.18109424 -0.10455481
    2    1
 -0.18109424  0.10455481    0.00000000 -0.00000000   -0.03615428 -0.06262105
  0.00000000  0.00000000   -0.19339373  0.11165592    0.00000000  0.00000000
 -0.03615428 -0.06262105   -0.00000000 -0.00000000   -0.18109424  0.10455481
    2    2
  0.24215038  0.00000000    0.00000000  0.00000000   -0.00000000  0.00000000
  0.00000000  0.00000000    0.27671802  0.00000000    0.00000000  0.00000000
  0.00000000  0.00000000   -0.00000000  0.00000000    0.24215038  0.00000000

     Dynamical  Matrix in cartesian axes

     q = (   -0.333333333   0.000000000   0.000000000 ) 

    1    1
  0.27671802  0.00000000    0.00000000  0.00000000    0.00000000  0.00000000
  0.00000000  0.00000000    0.24215038  0.00000000    0.00000000  0.00000000
  0.00000000  0.00000000    0.00000000  0.00000000    0.24215038  0.00000000
    1    2
 -0.19339373 -0.11165592   -0.00000000  0.00000000   -0.00000000 -0.00000000
  0.00000000  0.00000000   -0.18109424 -0.10455481   -0.03615428  0.06262105
 -0.00000000  0.00000000   -0.03615428  0.06262105   -0.18109424 -0.10455481
    2    1
 -0.19339373  0.11165592   -0.00000000 -0.00000000   -0.00000000  0.00000000
 -0.00000000  0.00000000   -0.18109424  0.10455481   -0.03615428 -0.06262105
  0.00000000 -0.00000000   -0.03615428 -0.06262105   -0.18109424  0.10455481
    2    2
  0.27671802  0.00000000    0.00000000  0.00000000    0.00000000  0.00000000
  0.00000000  0.00000000    0.24215038  0.00000000    0.00000000  0.00000000
  0.00000000  0.00000000    0.00000000  0.00000000    0.24215038  0.00000000

     Dynamical  Matrix in cartesian axes

     q = (    0.000000000   0.000000000  -0.333333333 ) 

    1    1
  0.24215038  0.00000000   -0.00000000  0.00000000    0.00000000  0.00000000
 -0.00000000  0.00000000    0.24215038  0.00000000    0.00000000  0.00000000
 -0.00000000  0.00000000   -0.00000000  0.00000000    0.27671802  0.00000000
    1    2
 -0.18109424 -0.10455481   -0.03615428  0.06262105    0.00000000  0.00000000
 -0.03615428  0.06262105   -0.18109424 -0.10455481   -0.00000000  0.00000000
  0.00000000  0.00000000   -0.00000000 -0.00000000   -0.19339373 -0.11165592
    2    1
 -0.18109424  0.10455481   -0.03615428 -0.06262105    0.00000000 -0.00000000
 -0.03615428 -0.06262105   -0.18109424  0.10455481   -0.00000000  0.00000000
  0.00000000 -0.00000000   -0.00000000  0.00000000   -0.19339373  0.11165592
    2    2
  0.24215038  0.00000000   -0.00000000  0.00000000    0.00000000  0.00000000
 -0.00000000  0.00000000    0.24215038  0.00000000   -0.00000000  0.00000000
  0.00000000  0.00000000    0.00000000  0.00000000    0.27671802  0.00000000

     Diagonalizing the dynamical matrix

     q = (    0.000000000   0.333333333   0.000000000 ) 

 **************************************************************************
     freq (    1) =       2.972028 [THz] =      99.136200 [cm-1]
 ( -0.412722  0.496324  0.000000 -0.000000  0.067352 -0.280690 ) 
 ( -0.640774  0.146270  0.000000 -0.000000  0.260796  0.000000 ) 
     freq (    2) =       2.972028 [THz] =      99.136200 [cm-1]
 ( -0.288073 -0.018367 -0.000000  0.000000 -0.595919  0.248107 ) 
 ( -0.254255  0.058039 -0.000000  0.000000 -0.657256  0.000000 ) 
     freq (    3) =       4.751829 [THz] =     158.503950 [cm-1]
 (  0.000000 -0.000000  0.435136 -0.557366 -0.000000  0.000000 ) 
 (  0.000000 -0.000000  0.655522 -0.265125 -0.000000  0.000000 ) 
     freq (    4) =      13.997396 [THz] =     466.902872 [cm-1]
 ( -0.485867  0.426669  0.000000 -0.000000 -0.268868 -0.097960 ) 
 (  0.670949 -0.179711 -0.000000 -0.000000  0.132406  0.000000 ) 
     freq (    5) =      13.997396 [THz] =     466.902872 [cm-1]
 (  0.025006  0.285063 -0.000000  0.000000  0.537917 -0.358830 ) 
 (  0.127898 -0.034257  0.000000 -0.000000 -0.694600  0.000000 ) 
     freq (    6) =      14.539953 [THz] =     485.000634 [cm-1]
 (  0.000000 -0.000000  0.435136 -0.557366  0.000000 -0.000000 ) 
 ( -0.000000  0.000000 -0.655522  0.265125 -0.000000  0.000000 ) 
 **************************************************************************
