Dynamical matrix file
                                                                           
  1    2  2 10.2920000  0.0000000  0.0000000  0.0000000  0.0000000  0.0000000
           1  'Si  '    25598.8229845270     
    1    1      0.0000000000      0.0000000000      0.0000000000
    2    1      0.2500000000      0.2500000000      0.2500000000

     Dynamical  Matrix in cartesian axes

     q = (    0.500000000  -0.166666667   0.500000000 ) 

    1    1
  0.26680546  0.00000000   -0.00855203  0.00680974    0.01194929  0.00000000
 -0.00855203 -0.00680974    0.28081651  0.00000000   -0.00855203 -0.00680974
  0.01194929  0.00000000   -0.00855203  0.00680974    0.26680546  0.00000000
    1    2
 -0.06862980  0.10839462   -0.08955336  0.00172343    0.04850488 -0.07636434
 -0.08955336  0.00172343   -0.07348230  0.12301059   -0.08955336  0.00172343
  0.04850488 -0.07636434   -0.08955336  0.00172343   -0.06862980  0.10839462
    2    1
 -0.06862980 -0.10839462   -0.08955336 -0.00172343    0.04850488  0.07636434
 -0.08955336 -0.00172343   -0.07348230 -0.12301059   -0.08955336 -0.00172343
  0.04850488  0.07636434   -0.08955336 -0.00172343   -0.06862980 -0.10839462
    2    2
  0.26680546  0.00000000   -0.00855203 -0.00680974    0.01194929  0.00000000
 -0.00855203  0.00680974    0.28081651  0.00000000   -0.00855203  0.00680974
  0.01194929  0.00000000   -0.00855203 -0.00680974    0.26680546  0.00000000

     Dynamical  Matrix in cartesian axes

     q = (   -0.500000000  -0.166666667  -0.500000000 ) 

    1    1
  0.26680546  0.00000000    0.00855203 -0.00680974    0.01194929  0.00000000
  0.00855203  0.00680974    0.28081651  0.00000000    0.00855203  0.00680974
  0.01194929  0.00000000    0.00855203 -0.00680974    0.26680546  0.00000000
    1    2
  0.06862980 -0.10839462   -0.08955336  0.00172343   -0.04850488  0.07636434
 -0.08955336  0.00172343    0.07348230 -0.12301059   -0.08955336  0.00172343
 -0.04850488  0.07636434   -0.08955336  0.00172343    0.06862980 -0.10839462
    2    1
  0.06862980  0.10839462   -0.08955336 -0.00172343   -0.04850488 -0.07636434
 -0.08955336 -0.00172343    0.07348230  0.12301059   -0.08955336 -0.00172343
 -0.04850488 -0.07636434   -0.08955336 -0.00172343    0.06862980  0.10839462
    2    2
  0.26680546  0.00000000    0.00855203  0.00680974    0.01194929  0.00000000
  0.00855203 -0.00680974    0.28081651  0.00000000    0.00855203 -0.00680974
  0.01194929  0.00000000    0.00855203  0.00680974    0.26680546  0.00000000

     Dynamical  Matrix in cartesian axes

     q = (    0.500000000  -0.166666667  -0.500000000 ) 

    1    1
  0.26680546  0.00000000   -0.00855203 -0.00680974   -0.01194929  0.00000000
 -0.00855203  0.00680974    0.28081651  0.00000000    0.00855203 -0.00680974
 -0.01194929  0.00000000    0.00855203  0.00680974    0.26680546  0.00000000
    1    2
 -0.12818740  0.00523784   -0.04626921  0.07669377   -0.09038590  0.00382429
 -0.04626921  0.07669377   -0.14327144  0.00213224    0.04626921 -0.07669377
 -0.09038590  0.00382429    0.04626921 -0.07669377   -0.12818740  0.00523784
    2    1
 -0.12818740 -0.00523784   -0.04626921 -0.07669377   -0.09038590 -0.00382429
 -0.04626921 -0.07669377   -0.14327144 -0.00213224    0.04626921  0.07669377
 -0.09038590 -0.00382429    0.04626921  0.07669377   -0.12818740 -0.00523784
    2    2
  0.26680546  0.00000000   -0.00855203  0.00680974   -0.01194929  0.00000000
 -0.00855203 -0.00680974    0.28081651  0.00000000    0.00855203  0.00680974
 -0.01194929  0.00000000    0.00855203 -0.00680974    0.26680546  0.00000000

     Dynamical  Matrix in cartesian axes

     q = (   -0.500000000  -0.166666667   0.500000000 ) 

    1    1
  0.26680546  0.00000000    0.00855203  0.00680974   -0.01194929  0.00000000
  0.00855203 -0.00680974    0.28081651  0.00000000   -0.00855203  0.00680974
 -0.01194929  0.00000000   -0.00855203 -0.00680974    0.26680546  0.00000000
    1    2
 -0.12818740  0.00523784    0.04626921 -0.07669377   -0.09038590  0.00382429
  0.04626921 -0.07669377   -0.14327144  0.00213224   -0.04626921  0.07669377
 -0.09038590  0.00382429   -0.04626921  0.07669377   -0.12818740  0.00523784
    2    1
 -0.12818740 -0.00523784    0.04626921  0.07669377   -0.09038590 -0.00382429
  0.04626921  0.07669377   -0.14327144 -0.00213224   -0.04626921 -0.07669377
 -0.09038590 -0.00382429   -0.04626921 -0.07669377   -0.12818740 -0.00523784
    2    2
  0.26680546  0.00000000    0.00855203 -0.00680974   -0.01194929  0.00000000
  0.00855203  0.00680974    0.28081651  0.00000000   -0.00855203 -0.00680974
 -0.01194929  0.00000000   -0.00855203  0.00680974    0.26680546  0.00000000

     Dynamical  Matrix in cartesian axes

     q = (   -0.166666667   0.500000000  -0.500000000 ) 

    1    1
  0.28081651  0.00000000   -0.00855203  0.00680974    0.00855203 -0.00680974
 -0.00855203 -0.00680974    0.26680546  0.00000000   -0.01194929  0.00000000
  0.00855203  0.00680974   -0.01194929  0.00000000    0.26680546  0.00000000
    1    2
 -0.14327144  0.00213224   -0.04626921  0.07669377    0.04626921 -0.07669377
 -0.04626921  0.07669377   -0.12818740  0.00523784   -0.09038590  0.00382429
  0.04626921 -0.07669377   -0.09038590  0.00382429   -0.12818740  0.00523784
    2    1
 -0.14327144 -0.00213224   -0.04626921 -0.07669377    0.04626921  0.07669377
 -0.04626921 -0.07669377   -0.12818740 -0.00523784   -0.09038590 -0.00382429
  0.04626921  0.07669377   -0.09038590 -0.00382429   -0.12818740 -0.00523784
    2    2
  0.28081651  0.00000000   -0.00855203 -0.00680974    0.00855203  0.00680974
 -0.00855203  0.00680974    0.26680546  0.00000000   -0.01194929  0.00000000
  0.00855203 -0.00680974   -0.01194929  0.00000000    0.26680546  0.00000000

     Dynamical  Matrix in cartesian axes

     q = (   -0.500000000   0.500000000  -0.166666667 ) 

    1    1
  0.26680546  0.00000000   -0.01194929  0.00000000    0.00855203  0.00680974
 -0.01194929  0.00000000    0.26680546  0.00000000   -0.00855203 -0.00680974
  0.00855203 -0.00680974   -0.00855203  0.00680974    0.28081651  0.00000000
    1    2
 -0.12818740  0.00523784   -0.09038590  0.00382429    0.04626921 -0.07669377
 -0.09038590  0.00382429   -0.12818740  0.00523784   -0.04626921  0.07669377
  0.04626921 -0.07669377   -0.04626921  0.07669377   -0.14327144  0.00213224
    2    1
 -0.12818740 -0.00523784   -0.09038590 -0.00382429    0.04626921  0.07669377
 -0.09038590 -0.00382429   -0.12818740 -0.00523784   -0.04626921 -0.07669377
  0.04626921  0.07669377   -0.04626921 -0.07669377   -0.14327144 -0.00213224
    2    2
  0.26680546  0.00000000   -0.01194929  0.00000000    0.00855203 -0.00680974
 -0.01194929  0.00000000    0.26680546  0.00000000   -0.00855203  0.00680974
  0.00855203  0.00680974   -0.00855203 -0.00680974    0.28081651  0.00000000

     Dynamical  Matrix in cartesian axes

     q = (    0.500000000   0.166666667   0.500000000 ) 

    1    1
  0.26680546  0.00000000    0.00855203  0.00680974    0.01194929  0.00000000
  0.00855203 -0.00680974    0.28081651  0.00000000    0.00855203 -0.00680974
  0.01194929  0.00000000    0.00855203  0.00680974    0.26680546  0.00000000
    1    2
  0.06862980  0.10839462   -0.08955336 -0.00172343   -0.04850488 -0.07636434
 -0.08955336 -0.00172343    0.07348230  0.12301059   -0.08955336 -0.00172343
 -0.04850488 -0.07636434   -0.08955336 -0.00172343    0.06862980  0.10839462
    2    1
  0.06862980 -0.10839462   -0.08955336  0.00172343   -0.04850488  0.07636434
 -0.08955336  0.00172343    0.07348230 -0.12301059   -0.08955336  0.00172343
 -0.04850488  0.07636434   -0.08955336  0.00172343    0.06862980 -0.10839462
    2    2
  0.26680546  0.00000000    0.00855203 -0.00680974    0.01194929  0.00000000
  0.00855203  0.00680974    0.28081651  0.00000000    0.00855203  0.00680974
  0.01194929  0.00000000    0.00855203 -0.00680974    0.26680546  0.00000000

     Dynamical  Matrix in cartesian axes

     q = (   -0.500000000   0.166666667   0.500000000 ) 

    1    1
  0.26680546  0.00000000   -0.00855203  0.00680974   -0.01194929  0.00000000
 -0.00855203 -0.00680974    0.28081651  0.00000000    0.00855203  0.00680974
 -0.01194929  0.00000000    0.00855203 -0.00680974    0.26680546  0.00000000
    1    2
 -0.12818740 -0.00523784   -0.04626921 -0.07669377   -0.09038590 -0.00382429
 -0.04626921 -0.07669377   -0.14327144 -0.00213224    0.04626921  0.07669377
 -0.09038590 -0.00382429    0.04626921  0.07669377   -0.12818740 -0.00523784
    2    1
 -0.12818740  0.00523784   -0.04626921  0.07669377   -0.09038590  0.00382429
 -0.04626921  0.07669377   -0.14327144  0.00213224    0.04626921 -0.07669377
 -0.09038590  0.00382429    0.04626921 -0.07669377   -0.12818740  0.00523784
    2    2
  0.26680546  0.00000000   -0.00855203 -0.00680974   -0.01194929  0.00000000
 -0.00855203  0.00680974    0.28081651  0.00000000    0.00855203 -0.00680974
 -0.01194929  0.00000000    0.00855203  0.00680974    0.26680546  0.00000000

     Dynamical  Matrix in cartesian axes

     q = (    0.500000000   0.166666667  -0.500000000 ) 

    1    1
  0.26680546  0.00000000    0.00855203 -0.00680974   -0.01194929  0.00000000
  0.00855203  0.00680974    0.28081651  0.00000000   -0.00855203 -0.00680974
 -0.01194929  0.00000000   -0.00855203  0.00680974    0.26680546  0.00000000
    1    2
 -0.12818740 -0.00523784    0.04626921  0.07669377   -0.09038590 -0.00382429
  0.04626921  0.07669377   -0.14327144 -0.00213224   -0.04626921 -0.07669377
 -0.09038590 -0.00382429   -0.04626921 -0.07669377   -0.12818740 -0.00523784
    2    1
 -0.12818740  0.00523784    0.04626921 -0.07669377   -0.09038590  0.00382429
  0.04626921 -0.07669377   -0.14327144  0.00213224   -0.04626921  0.07669377
 -0.09038590  0.00382429   -0.04626921  0.07669377   -0.12818740  0.00523784
    2    2
  0.26680546  0.00000000    0.00855203  0.00680974   -0.01194929  0.00000000
  0.00855203 -0.00680974    0.28081651  0.00000000   -0.00855203  0.00680974
 -0.01194929  0.00000000   -0.00855203 -0.00680974    0.26680546  0.00000000

     Dynamical  Matrix in cartesian axes

     q = (   -0.166666667   0.500000000   0.500000000 ) 

    1    1
  0.28081651  0.00000000   -0.00855203 -0.00680974   -0.00855203 -0.00680974
 -0.00855203  0.00680974    0.26680546  0.00000000    0.01194929  0.00000000
 -0.00855203  0.00680974    0.01194929  0.00000000    0.26680546  0.00000000
    1    2
 -0.07348230  0.12301059   -0.08955336  0.00172343   -0.08955336  0.00172343
 -0.08955336  0.00172343   -0.06862980  0.10839462    0.04850488 -0.07636434
 -0.08955336  0.00172343    0.04850488 -0.07636434   -0.06862980  0.10839462
    2    1
 -0.07348230 -0.12301059   -0.08955336 -0.00172343   -0.08955336 -0.00172343
 -0.08955336 -0.00172343   -0.06862980 -0.10839462    0.04850488  0.07636434
 -0.08955336 -0.00172343    0.04850488  0.07636434   -0.06862980 -0.10839462
    2    2
  0.28081651  0.00000000   -0.00855203  0.00680974   -0.00855203  0.00680974
 -0.00855203 -0.00680974    0.26680546  0.00000000    0.01194929  0.00000000
 -0.00855203 -0.00680974    0.01194929  0.00000000    0.26680546  0.00000000

     Dynamical  Matrix in cartesian axes

     q = (    0.166666667   0.500000000  -0.500000000 ) 

    1    1
  0.28081651  0.00000000    0.00855203  0.00680974   -0.00855203 -0.00680974
  0.00855203 -0.00680974    0.26680546  0.00000000   -0.01194929  0.00000000
 -0.00855203  0.00680974   -0.01194929  0.00000000    0.26680546  0.00000000
    1    2
 -0.14327144 -0.00213224    0.04626921  0.07669377   -0.04626921 -0.07669377
  0.04626921  0.07669377   -0.12818740 -0.00523784   -0.09038590 -0.00382429
 -0.04626921 -0.07669377   -0.09038590 -0.00382429   -0.12818740 -0.00523784
    2    1
 -0.14327144  0.00213224    0.04626921 -0.07669377   -0.04626921  0.07669377
  0.04626921 -0.07669377   -0.12818740  0.00523784   -0.09038590  0.00382429
 -0.04626921  0.07669377   -0.09038590  0.00382429   -0.12818740  0.00523784
    2    2
  0.28081651  0.00000000    0.00855203 -0.00680974   -0.00855203  0.00680974
  0.00855203  0.00680974    0.26680546  0.00000000   -0.01194929  0.00000000
 -0.00855203 -0.00680974   -0.01194929  0.00000000    0.26680546  0.00000000

     Dynamical  Matrix in cartesian axes

     q = (   -0.166666667  -0.500000000  -0.500000000 ) 

    1    1
  0.28081651  0.00000000    0.00855203  0.00680974    0.00855203  0.00680974
  0.00855203 -0.00680974    0.26680546  0.00000000    0.01194929  0.00000000
  0.00855203 -0.00680974    0.01194929  0.00000000    0.26680546  0.00000000
    1    2
  0.07348230 -0.12301059   -0.08955336  0.00172343   -0.08955336  0.00172343
 -0.08955336  0.00172343    0.06862980 -0.10839462   -0.04850488  0.07636434
 -0.08955336  0.00172343   -0.04850488  0.07636434    0.06862980 -0.10839462
    2    1
  0.07348230  0.12301059   -0.08955336 -0.00172343   -0.08955336 -0.00172343
 -0.08955336 -0.00172343    0.06862980  0.10839462   -0.04850488 -0.07636434
 -0.08955336 -0.00172343   -0.04850488 -0.07636434    0.06862980  0.10839462
    2    2
  0.28081651  0.00000000    0.00855203 -0.00680974    0.00855203 -0.00680974
  0.00855203  0.00680974    0.26680546  0.00000000    0.01194929  0.00000000
  0.00855203  0.00680974    0.01194929  0.00000000    0.26680546  0.00000000

     Dynamical  Matrix in cartesian axes

     q = (    0.500000000  -0.500000000   0.166666667 ) 

    1    1
  0.26680546  0.00000000   -0.01194929  0.00000000    0.00855203 -0.00680974
 -0.01194929  0.00000000    0.26680546  0.00000000   -0.00855203  0.00680974
  0.00855203  0.00680974   -0.00855203 -0.00680974    0.28081651  0.00000000
    1    2
 -0.12818740 -0.00523784   -0.09038590 -0.00382429    0.04626921  0.07669377
 -0.09038590 -0.00382429   -0.12818740 -0.00523784   -0.04626921 -0.07669377
  0.04626921  0.07669377   -0.04626921 -0.07669377   -0.14327144 -0.00213224
    2    1
 -0.12818740  0.00523784   -0.09038590  0.00382429    0.04626921 -0.07669377
 -0.09038590  0.00382429   -0.12818740  0.00523784   -0.04626921  0.07669377
  0.04626921 -0.07669377   -0.04626921  0.07669377   -0.14327144  0.00213224
    2    2
  0.26680546  0.00000000   -0.01194929  0.00000000    0.00855203  0.00680974
 -0.01194929  0.00000000    0.26680546  0.00000000   -0.00855203 -0.00680974
  0.00855203 -0.00680974   -0.00855203  0.00680974    0.28081651  0.00000000

     Dynamical  Matrix in cartesian axes

     q = (    0.500000000   0.500000000  -0.166666667 ) 

    1    1
  0.26680546  0.00000000    0.01194929  0.00000000   -0.00855203  0.00680974
  0.01194929  0.00000000    0.26680546  0.00000000   -0.00855203  0.00680974
 -0.00855203 -0.00680974   -0.00855203 -0.00680974    0.28081651  0.00000000
    1    2
 -0.06862980  0.10839462    0.04850488 -0.07636434   -0.08955336  0.00172343
  0.04850488 -0.07636434   -0.06862980  0.10839462   -0.08955336  0.00172343
 -0.08955336  0.00172343   -0.08955336  0.00172343   -0.07348230  0.12301059
    2    1
 -0.06862980 -0.10839462    0.04850488  0.07636434   -0.08955336 -0.00172343
  0.04850488  0.07636434   -0.06862980 -0.10839462   -0.08955336 -0.00172343
 -0.08955336 -0.00172343   -0.08955336 -0.00172343   -0.07348230 -0.12301059
    2    2
  0.26680546  0.00000000    0.01194929  0.00000000   -0.00855203 -0.00680974
  0.01194929  0.00000000    0.26680546  0.00000000   -0.00855203 -0.00680974
 -0.00855203  0.00680974   -0.00855203  0.00680974    0.28081651  0.00000000

     Dynamical  Matrix in cartesian axes

     q = (   -0.500000000  -0.500000000  -0.166666667 ) 

    1    1
  0.26680546  0.00000000    0.01194929  0.00000000    0.00855203 -0.00680974
  0.01194929  0.00000000    0.26680546  0.00000000    0.00855203 -0.00680974
  0.00855203  0.00680974    0.00855203  0.00680974    0.28081651  0.00000000
    1    2
  0.06862980 -0.10839462   -0.04850488  0.07636434   -0.08955336  0.00172343
 -0.04850488  0.07636434    0.06862980 -0.10839462   -0.08955336  0.00172343
 -0.08955336  0.00172343   -0.08955336  0.00172343    0.07348230 -0.12301059
    2    1
  0.06862980  0.10839462   -0.04850488 -0.07636434   -0.08955336 -0.00172343
 -0.04850488 -0.07636434    0.06862980  0.10839462   -0.08955336 -0.00172343
 -0.08955336 -0.00172343   -0.08955336 -0.00172343    0.07348230  0.12301059
    2    2
  0.26680546  0.00000000    0.01194929  0.00000000    0.00855203  0.00680974
  0.01194929  0.00000000    0.26680546  0.00000000    0.00855203  0.00680974
  0.00855203 -0.00680974    0.00855203 -0.00680974    0.28081651  0.00000000

     Dynamical  Matrix in cartesian axes

     q = (   -0.500000000   0.500000000   0.166666667 ) 

    1    1
  0.26680546  0.00000000   -0.01194929  0.00000000   -0.00855203  0.00680974
 -0.01194929  0.00000000    0.26680546  0.00000000    0.00855203 -0.00680974
 -0.00855203 -0.00680974    0.00855203  0.00680974    0.28081651  0.00000000
    1    2
 -0.12818740 -0.00523784   -0.09038590 -0.00382429   -0.04626921 -0.07669377
 -0.09038590 -0.00382429   -0.12818740 -0.00523784    0.04626921  0.07669377
 -0.04626921 -0.07669377    0.04626921  0.07669377   -0.14327144 -0.00213224
    2    1
 -0.12818740  0.00523784   -0.09038590  0.00382429   -0.04626921  0.07669377
 -0.09038590  0.00382429   -0.12818740  0.00523784    0.04626921 -0.07669377
 -0.04626921  0.07669377    0.04626921 -0.07669377   -0.14327144  0.00213224
    2    2
  0.26680546  0.00000000   -0.01194929  0.00000000   -0.00855203 -0.00680974
 -0.01194929  0.00000000    0.26680546  0.00000000    0.00855203  0.00680974
 -0.00855203  0.00680974    0.00855203 -0.00680974    0.28081651  0.00000000

     Dynamical  Matrix in cartesian axes

     q = (    0.166666667  -0.500000000   0.500000000 ) 

    1    1
  0.28081651  0.00000000   -0.00855203 -0.00680974    0.00855203  0.00680974
 -0.00855203  0.00680974    0.26680546  0.00000000   -0.01194929  0.00000000
  0.00855203 -0.00680974   -0.01194929  0.00000000    0.26680546  0.00000000
    1    2
 -0.14327144 -0.00213224   -0.04626921 -0.07669377    0.04626921  0.07669377
 -0.04626921 -0.07669377   -0.12818740 -0.00523784   -0.09038590 -0.00382429
  0.04626921  0.07669377   -0.09038590 -0.00382429   -0.12818740 -0.00523784
    2    1
 -0.14327144  0.00213224   -0.04626921  0.07669377    0.04626921 -0.07669377
 -0.04626921  0.07669377   -0.12818740  0.00523784   -0.09038590  0.00382429
  0.04626921 -0.07669377   -0.09038590  0.00382429   -0.12818740  0.00523784
    2    2
  0.28081651  0.00000000   -0.00855203  0.00680974    0.00855203 -0.00680974
 -0.00855203 -0.00680974    0.26680546  0.00000000   -0.01194929  0.00000000
  0.00855203  0.00680974   -0.01194929  0.00000000    0.26680546  0.00000000

     Dynamical  Matrix in cartesian axes

     q = (    0.166666667   0.500000000   0.500000000 ) 

    1    1
  0.28081651  0.00000000    0.00855203 -0.00680974    0.00855203 -0.00680974
  0.00855203  0.00680974    0.26680546  0.00000000    0.01194929  0.00000000
  0.00855203  0.00680974    0.01194929  0.00000000    0.26680546  0.00000000
    1    2
  0.07348230  0.12301059   -0.08955336 -0.00172343   -0.08955336 -0.00172343
 -0.08955336 -0.00172343    0.06862980  0.10839462   -0.04850488 -0.07636434
 -0.08955336 -0.00172343   -0.04850488 -0.07636434    0.06862980  0.10839462
    2    1
  0.07348230 -0.12301059   -0.08955336  0.00172343   -0.08955336  0.00172343
 -0.08955336  0.00172343    0.06862980 -0.10839462   -0.04850488  0.07636434
 -0.08955336  0.00172343   -0.04850488  0.07636434    0.06862980 -0.10839462
    2    2
  0.28081651  0.00000000    0.00855203  0.00680974    0.00855203  0.00680974
  0.00855203 -0.00680974    0.26680546  0.00000000    0.01194929  0.00000000
  0.00855203 -0.00680974    0.01194929  0.00000000    0.26680546  0.00000000

     Dynamical  Matrix in cartesian axes

     q = (   -0.500000000   0.166666667  -0.500000000 ) 

    1    1
  0.26680546  0.00000000   -0.00855203 -0.00680974    0.01194929  0.00000000
 -0.00855203  0.00680974    0.28081651  0.00000000   -0.00855203  0.00680974
  0.01194929  0.00000000   -0.00855203 -0.00680974    0.26680546  0.00000000
    1    2
 -0.06862980 -0.10839462   -0.08955336 -0.00172343    0.04850488  0.07636434
 -0.08955336 -0.00172343   -0.07348230 -0.12301059   -0.08955336 -0.00172343
  0.04850488  0.07636434   -0.08955336 -0.00172343   -0.06862980 -0.10839462
    2    1
 -0.06862980  0.10839462   -0.08955336  0.00172343    0.04850488 -0.07636434
 -0.08955336  0.00172343   -0.07348230  0.12301059   -0.08955336  0.00172343
  0.04850488 -0.07636434   -0.08955336  0.00172343   -0.06862980  0.10839462
    2    2
  0.26680546  0.00000000   -0.00855203  0.00680974    0.01194929  0.00000000
 -0.00855203 -0.00680974    0.28081651  0.00000000   -0.00855203 -0.00680974
  0.01194929  0.00000000   -0.00855203  0.00680974    0.26680546  0.00000000

     Dynamical  Matrix in cartesian axes

     q = (   -0.166666667  -0.500000000   0.500000000 ) 

    1    1
  0.28081651  0.00000000    0.00855203 -0.00680974   -0.00855203  0.00680974
  0.00855203  0.00680974    0.26680546  0.00000000   -0.01194929  0.00000000
 -0.00855203 -0.00680974   -0.01194929  0.00000000    0.26680546  0.00000000
    1    2
 -0.14327144  0.00213224    0.04626921 -0.07669377   -0.04626921  0.07669377
  0.04626921 -0.07669377   -0.12818740  0.00523784   -0.09038590  0.00382429
 -0.04626921  0.07669377   -0.09038590  0.00382429   -0.12818740  0.00523784
    2    1
 -0.14327144 -0.00213224    0.04626921  0.07669377   -0.04626921 -0.07669377
  0.04626921  0.07669377   -0.12818740 -0.00523784   -0.09038590 -0.00382429
 -0.04626921 -0.07669377   -0.09038590 -0.00382429   -0.12818740 -0.00523784
    2    2
  0.28081651  0.00000000    0.00855203  0.00680974   -0.00855203 -0.00680974
  0.00855203 -0.00680974    0.26680546  0.00000000   -0.01194929  0.00000000
 -0.00855203  0.00680974   -0.01194929  0.00000000    0.26680546  0.00000000

     Dynamical  Matrix in cartesian axes

     q = (   -0.500000000  -0.500000000   0.166666667 ) 

    1    1
  0.26680546  0.00000000    0.01194929  0.00000000   -0.00855203 -0.00680974
  0.01194929  0.00000000    0.26680546  0.00000000   -0.00855203 -0.00680974
 -0.00855203  0.00680974   -0.00855203  0.00680974    0.28081651  0.00000000
    1    2
 -0.06862980 -0.10839462    0.04850488  0.07636434   -0.08955336 -0.00172343
  0.04850488  0.07636434   -0.06862980 -0.10839462   -0.08955336 -0.00172343
 -0.08955336 -0.00172343   -0.08955336 -0.00172343   -0.07348230 -0.12301059
    2    1
 -0.06862980  0.10839462    0.04850488 -0.07636434   -0.08955336  0.00172343
  0.04850488 -0.07636434   -0.06862980  0.10839462   -0.08955336  0.00172343
 -0.08955336  0.00172343   -0.08955336  0.00172343   -0.07348230  0.12301059
    2    2
  0.26680546  0.00000000    0.01194929  0.00000000   -0.00855203  0.00680974
  0.01194929  0.00000000    0.26680546  0.00000000   -0.00855203  0.00680974
 -0.00855203 -0.00680974   -0.00855203 -0.00680974    0.28081651  0.00000000

     Dynamical  Matrix in cartesian axes

     q = (    0.500000000   0.500000000   0.166666667 ) 

    1    1
  0.26680546  0.00000000    0.01194929  0.00000000    0.00855203  0.00680974
  0.01194929  0.00000000    0.26680546  0.00000000    0.00855203  0.00680974
  0.00855203 -0.00680974    0.00855203 -0.00680974    0.28081651  0.00000000
    1    2
  0.06862980  0.10839462   -0.04850488 -0.07636434   -0.08955336 -0.00172343
 -0.04850488 -0.07636434    0.06862980  0.10839462   -0.08955336 -0.00172343
 -0.08955336 -0.00172343   -0.08955336 -0.00172343    0.07348230  0.12301059
    2    1
  0.06862980 -0.10839462   -0.04850488  0.07636434   -0.08955336  0.00172343
 -0.04850488  0.07636434    0.06862980 -0.10839462   -0.08955336  0.00172343
 -0.08955336  0.00172343   -0.08955336  0.00172343    0.07348230 -0.12301059
    2    2
  0.26680546  0.00000000    0.01194929  0.00000000    0.00855203 -0.00680974
  0.01194929  0.00000000    0.26680546  0.00000000    0.00855203 -0.00680974
  0.00855203  0.00680974    0.00855203  0.00680974    0.28081651  0.00000000

     Dynamical  Matrix in cartesian axes

     q = (    0.166666667  -0.500000000  -0.500000000 ) 

    1    1
  0.28081651  0.00000000   -0.00855203  0.00680974   -0.00855203  0.00680974
 -0.00855203 -0.00680974    0.26680546  0.00000000    0.01194929  0.00000000
 -0.00855203 -0.00680974    0.01194929  0.00000000    0.26680546  0.00000000
    1    2
 -0.07348230 -0.12301059   -0.08955336 -0.00172343   -0.08955336 -0.00172343
 -0.08955336 -0.00172343   -0.06862980 -0.10839462    0.04850488  0.07636434
 -0.08955336 -0.00172343    0.04850488  0.07636434   -0.06862980 -0.10839462
    2    1
 -0.07348230  0.12301059   -0.08955336  0.00172343   -0.08955336  0.00172343
 -0.08955336  0.00172343   -0.06862980  0.10839462    0.04850488 -0.07636434
 -0.08955336  0.00172343    0.04850488 -0.07636434   -0.06862980  0.10839462
    2    2
  0.28081651  0.00000000   -0.00855203 -0.00680974   -0.00855203 -0.00680974
 -0.00855203  0.00680974    0.26680546  0.00000000    0.01194929  0.00000000
 -0.00855203  0.00680974    0.01194929  0.00000000    0.26680546  0.00000000

     Dynamical  Matrix in cartesian axes

     q = (    0.500000000  -0.500000000  -0.166666667 ) 

    1    1
  0.26680546  0.00000000   -0.01194929  0.00000000   -0.00855203 -0.00680974
 -0.01194929  0.00000000    0.26680546  0.00000000    0.00855203  0.00680974
 -0.00855203  0.00680974    0.00855203 -0.00680974    0.28081651  0.00000000
    1    2
 -0.12818740  0.00523784   -0.09038590  0.00382429   -0.04626921  0.07669377
 -0.09038590  0.00382429   -0.12818740  0.00523784    0.04626921 -0.07669377
 -0.04626921  0.07669377    0.04626921 -0.07669377   -0.14327144  0.00213224
    2    1
 -0.12818740 -0.00523784   -0.09038590 -0.00382429   -0.04626921 -0.07669377
 -0.09038590 -0.00382429   -0.12818740 -0.00523784    0.04626921  0.07669377
 -0.04626921 -0.07669377    0.04626921  0.07669377   -0.14327144 -0.00213224
    2    2
  0.26680546  0.00000000   -0.01194929  0.00000000   -0.00855203  0.00680974
 -0.01194929  0.00000000    0.26680546  0.00000000    0.00855203 -0.00680974
 -0.00855203 -0.00680974    0.00855203  0.00680974    0.28081651  0.00000000

     Diagonalizing the dynamical matrix

     q = (    0.500000000  -0.166666667   0.500000000 ) 

 **************************************************************************
     freq (    1) =       3.906512 [THz] =     130.307213 [cm-1]
 (  0.267723 -0.422285  0.000000 -0.000000 -0.267723  0.422285 ) 
 (  0.500000  0.000000  0.000000  0.000000 -0.500000  0.000000 ) 
     freq (    2) =       5.095480 [THz] =     169.966930 [cm-1]
 ( -0.260350 -0.050095 -0.570959  0.182818 -0.260350 -0.050095 ) 
 ( -0.265126 -0.000000 -0.526131 -0.287408 -0.265126  0.000000 ) 
     freq (    3) =       9.075619 [THz] =     302.730054 [cm-1]
 (  0.210658  0.362844 -0.332080 -0.194056  0.210658  0.362844 ) 
 ( -0.419562  0.000000  0.334557  0.189754 -0.419562  0.000000 ) 
     freq (    4) =      12.467149 [THz] =     415.859336 [cm-1]
 (  0.118373  0.425256 -0.319241 -0.091520  0.118373  0.425256 ) 
 (  0.441423 -0.000000 -0.173776 -0.283006  0.441423  0.000000 ) 
     freq (    5) =      14.150728 [THz] =     472.017484 [cm-1]
 (  0.267723 -0.422285 -0.000000  0.000000 -0.267723  0.422285 ) 
 ( -0.500000 -0.000000  0.000000  0.000000  0.500000  0.000000 ) 
     freq (    6) =      14.470920 [THz] =     482.697938 [cm-1]
 (  0.135628  0.201062  0.617588 -0.030719  0.135628  0.201062 ) 
 ( -0.242530 -0.000000 -0.319900 -0.529171 -0.242530  0.000000 ) 
 **************************************************************************
