Dynamical matrix file
                                                                           
  1    2  2 10.4000000  0.0000000  0.0000000  0.0000000  0.0000000  0.0000000
           1  'Si  '    25598.8229845270     
    1    1      0.0000000000      0.0000000000      0.0000000000
    2    1      0.2500000000      0.2500000000      0.2500000000

     Dynamical  Matrix in cartesian axes

     q = (   -0.166666667   0.500000000  -0.166666667 ) 

    1    1
  0.23961894  0.00000000   -0.00630294  0.00524744    0.00408771  0.00000000
 -0.00630294 -0.00524744    0.27923514  0.00000000   -0.00630294 -0.00524744
  0.00408771  0.00000000   -0.00630294  0.00524744    0.23961894  0.00000000
    1    2
 -0.14721113  0.05346537   -0.01853363  0.03283042   -0.01774738 -0.10203942
 -0.01853363  0.03283042   -0.15438169  0.06348036   -0.01853363  0.03283042
 -0.01774738 -0.10203942   -0.01853363  0.03283042   -0.14721113  0.05346537
    2    1
 -0.14721113 -0.05346537   -0.01853363 -0.03283042   -0.01774738  0.10203942
 -0.01853363 -0.03283042   -0.15438169 -0.06348036   -0.01853363 -0.03283042
 -0.01774738  0.10203942   -0.01853363 -0.03283042   -0.14721113 -0.05346537
    2    2
  0.23961894  0.00000000   -0.00630294 -0.00524744    0.00408771  0.00000000
 -0.00630294  0.00524744    0.27923514  0.00000000   -0.00630294  0.00524744
  0.00408771  0.00000000   -0.00630294 -0.00524744    0.23961894  0.00000000

     Dynamical  Matrix in cartesian axes

     q = (    0.166666667   0.500000000   0.166666667 ) 

    1    1
  0.23961894  0.00000000    0.00630294 -0.00524744    0.00408771  0.00000000
  0.00630294  0.00524744    0.27923514  0.00000000    0.00630294  0.00524744
  0.00408771  0.00000000    0.00630294 -0.00524744    0.23961894  0.00000000
    1    2
 -0.02730320  0.15422126   -0.01916516 -0.03246580   -0.09724242 -0.03565003
 -0.01916516 -0.03246580   -0.02221524  0.16543865   -0.01916516 -0.03246580
 -0.09724242 -0.03565003   -0.01916516 -0.03246580   -0.02730320  0.15422126
    2    1
 -0.02730320 -0.15422126   -0.01916516  0.03246580   -0.09724242  0.03565003
 -0.01916516  0.03246580   -0.02221524 -0.16543865   -0.01916516  0.03246580
 -0.09724242  0.03565003   -0.01916516  0.03246580   -0.02730320 -0.15422126
    2    2
  0.23961894  0.00000000    0.00630294  0.00524744    0.00408771  0.00000000
  0.00630294 -0.00524744    0.27923514  0.00000000    0.00630294 -0.00524744
  0.00408771  0.00000000    0.00630294  0.00524744    0.23961894  0.00000000

     Dynamical  Matrix in cartesian axes

     q = (   -0.166666667   0.500000000   0.166666667 ) 

    1    1
  0.23961894  0.00000000   -0.00630294 -0.00524744   -0.00408771  0.00000000
 -0.00630294  0.00524744    0.27923514  0.00000000    0.00630294 -0.00524744
 -0.00408771  0.00000000    0.00630294  0.00524744    0.23961894  0.00000000
    1    2
 -0.11990793  0.10075589   -0.03769879 -0.00036462   -0.07949504 -0.06638939
 -0.03769879 -0.00036462   -0.13216645  0.10195829    0.03769879  0.00036462
 -0.07949504 -0.06638939    0.03769879  0.00036462   -0.11990793  0.10075589
    2    1
 -0.11990793 -0.10075589   -0.03769879  0.00036462   -0.07949504  0.06638939
 -0.03769879  0.00036462   -0.13216645 -0.10195829    0.03769879 -0.00036462
 -0.07949504  0.06638939    0.03769879 -0.00036462   -0.11990793 -0.10075589
    2    2
  0.23961894  0.00000000   -0.00630294  0.00524744   -0.00408771  0.00000000
 -0.00630294 -0.00524744    0.27923514  0.00000000    0.00630294  0.00524744
 -0.00408771  0.00000000    0.00630294 -0.00524744    0.23961894  0.00000000

     Dynamical  Matrix in cartesian axes

     q = (    0.166666667   0.500000000  -0.166666667 ) 

    1    1
  0.23961894  0.00000000    0.00630294  0.00524744   -0.00408771  0.00000000
  0.00630294 -0.00524744    0.27923514  0.00000000   -0.00630294  0.00524744
 -0.00408771  0.00000000   -0.00630294 -0.00524744    0.23961894  0.00000000
    1    2
 -0.11990793  0.10075589    0.03769879  0.00036462   -0.07949504 -0.06638939
  0.03769879  0.00036462   -0.13216645  0.10195829   -0.03769879 -0.00036462
 -0.07949504 -0.06638939   -0.03769879 -0.00036462   -0.11990793  0.10075589
    2    1
 -0.11990793 -0.10075589    0.03769879 -0.00036462   -0.07949504  0.06638939
  0.03769879 -0.00036462   -0.13216645 -0.10195829   -0.03769879  0.00036462
 -0.07949504  0.06638939   -0.03769879  0.00036462   -0.11990793 -0.10075589
    2    2
  0.23961894  0.00000000    0.00630294 -0.00524744   -0.00408771  0.00000000
  0.00630294  0.00524744    0.27923514  0.00000000   -0.00630294 -0.00524744
 -0.00408771  0.00000000   -0.00630294  0.00524744    0.23961894  0.00000000

     Dynamical  Matrix in cartesian axes

     q = (    0.500000000  -0.166666667   0.166666667 ) 

    1    1
  0.27923514  0.00000000   -0.00630294  0.00524744    0.00630294 -0.00524744
 -0.00630294 -0.00524744    0.23961894  0.00000000   -0.00408771  0.00000000
  0.00630294  0.00524744   -0.00408771  0.00000000    0.23961894  0.00000000
    1    2
 -0.13216645  0.10195829   -0.03769879 -0.00036462    0.03769879  0.00036462
 -0.03769879 -0.00036462   -0.11990793  0.10075589   -0.07949504 -0.06638939
  0.03769879  0.00036462   -0.07949504 -0.06638939   -0.11990793  0.10075589
    2    1
 -0.13216645 -0.10195829   -0.03769879  0.00036462    0.03769879 -0.00036462
 -0.03769879  0.00036462   -0.11990793 -0.10075589   -0.07949504  0.06638939
  0.03769879 -0.00036462   -0.07949504  0.06638939   -0.11990793 -0.10075589
    2    2
  0.27923514  0.00000000   -0.00630294 -0.00524744    0.00630294  0.00524744
 -0.00630294  0.00524744    0.23961894  0.00000000   -0.00408771  0.00000000
  0.00630294 -0.00524744   -0.00408771  0.00000000    0.23961894  0.00000000

     Dynamical  Matrix in cartesian axes

     q = (    0.166666667  -0.166666667   0.500000000 ) 

    1    1
  0.23961894  0.00000000   -0.00408771  0.00000000    0.00630294  0.00524744
 -0.00408771  0.00000000    0.23961894  0.00000000   -0.00630294 -0.00524744
  0.00630294 -0.00524744   -0.00630294  0.00524744    0.27923514  0.00000000
    1    2
 -0.11990793  0.10075589   -0.07949504 -0.06638939    0.03769879  0.00036462
 -0.07949504 -0.06638939   -0.11990793  0.10075589   -0.03769879 -0.00036462
  0.03769879  0.00036462   -0.03769879 -0.00036462   -0.13216645  0.10195829
    2    1
 -0.11990793 -0.10075589   -0.07949504  0.06638939    0.03769879 -0.00036462
 -0.07949504  0.06638939   -0.11990793 -0.10075589   -0.03769879  0.00036462
  0.03769879 -0.00036462   -0.03769879  0.00036462   -0.13216645 -0.10195829
    2    2
  0.23961894  0.00000000   -0.00408771  0.00000000    0.00630294 -0.00524744
 -0.00408771  0.00000000    0.23961894  0.00000000   -0.00630294  0.00524744
  0.00630294  0.00524744   -0.00630294 -0.00524744    0.27923514  0.00000000

     Dynamical  Matrix in cartesian axes

     q = (   -0.166666667  -0.500000000  -0.166666667 ) 

    1    1
  0.23961894  0.00000000    0.00630294  0.00524744    0.00408771  0.00000000
  0.00630294 -0.00524744    0.27923514  0.00000000    0.00630294 -0.00524744
  0.00408771  0.00000000    0.00630294  0.00524744    0.23961894  0.00000000
    1    2
 -0.02730320 -0.15422126   -0.01916516  0.03246580   -0.09724242  0.03565003
 -0.01916516  0.03246580   -0.02221524 -0.16543865   -0.01916516  0.03246580
 -0.09724242  0.03565003   -0.01916516  0.03246580   -0.02730320 -0.15422126
    2    1
 -0.02730320  0.15422126   -0.01916516 -0.03246580   -0.09724242 -0.03565003
 -0.01916516 -0.03246580   -0.02221524  0.16543865   -0.01916516 -0.03246580
 -0.09724242 -0.03565003   -0.01916516 -0.03246580   -0.02730320  0.15422126
    2    2
  0.23961894  0.00000000    0.00630294 -0.00524744    0.00408771  0.00000000
  0.00630294  0.00524744    0.27923514  0.00000000    0.00630294  0.00524744
  0.00408771  0.00000000    0.00630294 -0.00524744    0.23961894  0.00000000

     Dynamical  Matrix in cartesian axes

     q = (    0.166666667  -0.500000000  -0.166666667 ) 

    1    1
  0.23961894  0.00000000   -0.00630294  0.00524744   -0.00408771  0.00000000
 -0.00630294 -0.00524744    0.27923514  0.00000000    0.00630294  0.00524744
 -0.00408771  0.00000000    0.00630294 -0.00524744    0.23961894  0.00000000
    1    2
 -0.11990793 -0.10075589   -0.03769879  0.00036462   -0.07949504  0.06638939
 -0.03769879  0.00036462   -0.13216645 -0.10195829    0.03769879 -0.00036462
 -0.07949504  0.06638939    0.03769879 -0.00036462   -0.11990793 -0.10075589
    2    1
 -0.11990793  0.10075589   -0.03769879 -0.00036462   -0.07949504 -0.06638939
 -0.03769879 -0.00036462   -0.13216645  0.10195829    0.03769879  0.00036462
 -0.07949504 -0.06638939    0.03769879  0.00036462   -0.11990793  0.10075589
    2    2
  0.23961894  0.00000000   -0.00630294 -0.00524744   -0.00408771  0.00000000
 -0.00630294  0.00524744    0.27923514  0.00000000    0.00630294 -0.00524744
 -0.00408771  0.00000000    0.00630294  0.00524744    0.23961894  0.00000000

     Dynamical  Matrix in cartesian axes

     q = (   -0.166666667  -0.500000000   0.166666667 ) 

    1    1
  0.23961894  0.00000000    0.00630294 -0.00524744   -0.00408771  0.00000000
  0.00630294  0.00524744    0.27923514  0.00000000   -0.00630294 -0.00524744
 -0.00408771  0.00000000   -0.00630294  0.00524744    0.23961894  0.00000000
    1    2
 -0.11990793 -0.10075589    0.03769879 -0.00036462   -0.07949504  0.06638939
  0.03769879 -0.00036462   -0.13216645 -0.10195829   -0.03769879  0.00036462
 -0.07949504  0.06638939   -0.03769879  0.00036462   -0.11990793 -0.10075589
    2    1
 -0.11990793  0.10075589    0.03769879  0.00036462   -0.07949504 -0.06638939
  0.03769879  0.00036462   -0.13216645  0.10195829   -0.03769879 -0.00036462
 -0.07949504 -0.06638939   -0.03769879 -0.00036462   -0.11990793  0.10075589
    2    2
  0.23961894  0.00000000    0.00630294  0.00524744   -0.00408771  0.00000000
  0.00630294 -0.00524744    0.27923514  0.00000000   -0.00630294  0.00524744
 -0.00408771  0.00000000   -0.00630294 -0.00524744    0.23961894  0.00000000

     Dynamical  Matrix in cartesian axes

     q = (    0.500000000  -0.166666667  -0.166666667 ) 

    1    1
  0.27923514  0.00000000   -0.00630294 -0.00524744   -0.00630294 -0.00524744
 -0.00630294  0.00524744    0.23961894  0.00000000    0.00408771  0.00000000
 -0.00630294  0.00524744    0.00408771  0.00000000    0.23961894  0.00000000
    1    2
 -0.15438169  0.06348036   -0.01853363  0.03283042   -0.01853363  0.03283042
 -0.01853363  0.03283042   -0.14721113  0.05346537   -0.01774738 -0.10203942
 -0.01853363  0.03283042   -0.01774738 -0.10203942   -0.14721113  0.05346537
    2    1
 -0.15438169 -0.06348036   -0.01853363 -0.03283042   -0.01853363 -0.03283042
 -0.01853363 -0.03283042   -0.14721113 -0.05346537   -0.01774738  0.10203942
 -0.01853363 -0.03283042   -0.01774738  0.10203942   -0.14721113 -0.05346537
    2    2
  0.27923514  0.00000000   -0.00630294  0.00524744   -0.00630294  0.00524744
 -0.00630294 -0.00524744    0.23961894  0.00000000    0.00408771  0.00000000
 -0.00630294 -0.00524744    0.00408771  0.00000000    0.23961894  0.00000000

     Dynamical  Matrix in cartesian axes

     q = (   -0.500000000  -0.166666667   0.166666667 ) 

    1    1
  0.27923514  0.00000000    0.00630294  0.00524744   -0.00630294 -0.00524744
  0.00630294 -0.00524744    0.23961894  0.00000000   -0.00408771  0.00000000
 -0.00630294  0.00524744   -0.00408771  0.00000000    0.23961894  0.00000000
    1    2
 -0.13216645 -0.10195829    0.03769879 -0.00036462   -0.03769879  0.00036462
  0.03769879 -0.00036462   -0.11990793 -0.10075589   -0.07949504  0.06638939
 -0.03769879  0.00036462   -0.07949504  0.06638939   -0.11990793 -0.10075589
    2    1
 -0.13216645  0.10195829    0.03769879  0.00036462   -0.03769879 -0.00036462
  0.03769879  0.00036462   -0.11990793  0.10075589   -0.07949504 -0.06638939
 -0.03769879 -0.00036462   -0.07949504 -0.06638939   -0.11990793  0.10075589
    2    2
  0.27923514  0.00000000    0.00630294 -0.00524744   -0.00630294  0.00524744
  0.00630294  0.00524744    0.23961894  0.00000000   -0.00408771  0.00000000
 -0.00630294 -0.00524744   -0.00408771  0.00000000    0.23961894  0.00000000

     Dynamical  Matrix in cartesian axes

     q = (    0.500000000   0.166666667   0.166666667 ) 

    1    1
  0.27923514  0.00000000    0.00630294  0.00524744    0.00630294  0.00524744
  0.00630294 -0.00524744    0.23961894  0.00000000    0.00408771  0.00000000
  0.00630294 -0.00524744    0.00408771  0.00000000    0.23961894  0.00000000
    1    2
 -0.02221524  0.16543865   -0.01916516 -0.03246580   -0.01916516 -0.03246580
 -0.01916516 -0.03246580   -0.02730320  0.15422126   -0.09724242 -0.03565003
 -0.01916516 -0.03246580   -0.09724242 -0.03565003   -0.02730320  0.15422126
    2    1
 -0.02221524 -0.16543865   -0.01916516  0.03246580   -0.01916516  0.03246580
 -0.01916516  0.03246580   -0.02730320 -0.15422126   -0.09724242  0.03565003
 -0.01916516  0.03246580   -0.09724242  0.03565003   -0.02730320 -0.15422126
    2    2
  0.27923514  0.00000000    0.00630294 -0.00524744    0.00630294 -0.00524744
  0.00630294  0.00524744    0.23961894  0.00000000    0.00408771  0.00000000
  0.00630294  0.00524744    0.00408771  0.00000000    0.23961894  0.00000000

     Dynamical  Matrix in cartesian axes

     q = (   -0.166666667   0.166666667  -0.500000000 ) 

    1    1
  0.23961894  0.00000000   -0.00408771  0.00000000    0.00630294 -0.00524744
 -0.00408771  0.00000000    0.23961894  0.00000000   -0.00630294  0.00524744
  0.00630294  0.00524744   -0.00630294 -0.00524744    0.27923514  0.00000000
    1    2
 -0.11990793 -0.10075589   -0.07949504  0.06638939    0.03769879 -0.00036462
 -0.07949504  0.06638939   -0.11990793 -0.10075589   -0.03769879  0.00036462
  0.03769879 -0.00036462   -0.03769879  0.00036462   -0.13216645 -0.10195829
    2    1
 -0.11990793  0.10075589   -0.07949504 -0.06638939    0.03769879  0.00036462
 -0.07949504 -0.06638939   -0.11990793  0.10075589   -0.03769879 -0.00036462
  0.03769879  0.00036462   -0.03769879 -0.00036462   -0.13216645  0.10195829
    2    2
  0.23961894  0.00000000   -0.00408771  0.00000000    0.00630294  0.00524744
 -0.00408771  0.00000000    0.23961894  0.00000000   -0.00630294 -0.00524744
  0.00630294 -0.00524744   -0.00630294  0.00524744    0.27923514  0.00000000

     Dynamical  Matrix in cartesian axes

     q = (   -0.166666667  -0.166666667   0.500000000 ) 

    1    1
  0.23961894  0.00000000    0.00408771  0.00000000   -0.00630294  0.00524744
  0.00408771  0.00000000    0.23961894  0.00000000   -0.00630294  0.00524744
 -0.00630294 -0.00524744   -0.00630294 -0.00524744    0.27923514  0.00000000
    1    2
 -0.14721113  0.05346537   -0.01774738 -0.10203942   -0.01853363  0.03283042
 -0.01774738 -0.10203942   -0.14721113  0.05346537   -0.01853363  0.03283042
 -0.01853363  0.03283042   -0.01853363  0.03283042   -0.15438169  0.06348036
    2    1
 -0.14721113 -0.05346537   -0.01774738  0.10203942   -0.01853363 -0.03283042
 -0.01774738  0.10203942   -0.14721113 -0.05346537   -0.01853363 -0.03283042
 -0.01853363 -0.03283042   -0.01853363 -0.03283042   -0.15438169 -0.06348036
    2    2
  0.23961894  0.00000000    0.00408771  0.00000000   -0.00630294 -0.00524744
  0.00408771  0.00000000    0.23961894  0.00000000   -0.00630294 -0.00524744
 -0.00630294  0.00524744   -0.00630294  0.00524744    0.27923514  0.00000000

     Dynamical  Matrix in cartesian axes

     q = (    0.166666667   0.166666667   0.500000000 ) 

    1    1
  0.23961894  0.00000000    0.00408771  0.00000000    0.00630294 -0.00524744
  0.00408771  0.00000000    0.23961894  0.00000000    0.00630294 -0.00524744
  0.00630294  0.00524744    0.00630294  0.00524744    0.27923514  0.00000000
    1    2
 -0.02730320  0.15422126   -0.09724242 -0.03565003   -0.01916516 -0.03246580
 -0.09724242 -0.03565003   -0.02730320  0.15422126   -0.01916516 -0.03246580
 -0.01916516 -0.03246580   -0.01916516 -0.03246580   -0.02221524  0.16543865
    2    1
 -0.02730320 -0.15422126   -0.09724242  0.03565003   -0.01916516  0.03246580
 -0.09724242  0.03565003   -0.02730320 -0.15422126   -0.01916516  0.03246580
 -0.01916516  0.03246580   -0.01916516  0.03246580   -0.02221524 -0.16543865
    2    2
  0.23961894  0.00000000    0.00408771  0.00000000    0.00630294  0.00524744
  0.00408771  0.00000000    0.23961894  0.00000000    0.00630294  0.00524744
  0.00630294 -0.00524744    0.00630294 -0.00524744    0.27923514  0.00000000

     Dynamical  Matrix in cartesian axes

     q = (    0.166666667  -0.166666667  -0.500000000 ) 

    1    1
  0.23961894  0.00000000   -0.00408771  0.00000000   -0.00630294  0.00524744
 -0.00408771  0.00000000    0.23961894  0.00000000    0.00630294 -0.00524744
 -0.00630294 -0.00524744    0.00630294  0.00524744    0.27923514  0.00000000
    1    2
 -0.11990793 -0.10075589   -0.07949504  0.06638939   -0.03769879  0.00036462
 -0.07949504  0.06638939   -0.11990793 -0.10075589    0.03769879 -0.00036462
 -0.03769879  0.00036462    0.03769879 -0.00036462   -0.13216645 -0.10195829
    2    1
 -0.11990793  0.10075589   -0.07949504 -0.06638939   -0.03769879 -0.00036462
 -0.07949504 -0.06638939   -0.11990793  0.10075589    0.03769879  0.00036462
 -0.03769879 -0.00036462    0.03769879  0.00036462   -0.13216645  0.10195829
    2    2
  0.23961894  0.00000000   -0.00408771  0.00000000   -0.00630294 -0.00524744
 -0.00408771  0.00000000    0.23961894  0.00000000    0.00630294  0.00524744
 -0.00630294  0.00524744    0.00630294 -0.00524744    0.27923514  0.00000000

     Dynamical  Matrix in cartesian axes

     q = (   -0.500000000   0.166666667  -0.166666667 ) 

    1    1
  0.27923514  0.00000000   -0.00630294 -0.00524744    0.00630294  0.00524744
 -0.00630294  0.00524744    0.23961894  0.00000000   -0.00408771  0.00000000
  0.00630294 -0.00524744   -0.00408771  0.00000000    0.23961894  0.00000000
    1    2
 -0.13216645 -0.10195829   -0.03769879  0.00036462    0.03769879 -0.00036462
 -0.03769879  0.00036462   -0.11990793 -0.10075589   -0.07949504  0.06638939
  0.03769879 -0.00036462   -0.07949504  0.06638939   -0.11990793 -0.10075589
    2    1
 -0.13216645  0.10195829   -0.03769879 -0.00036462    0.03769879  0.00036462
 -0.03769879 -0.00036462   -0.11990793  0.10075589   -0.07949504 -0.06638939
  0.03769879  0.00036462   -0.07949504 -0.06638939   -0.11990793  0.10075589
    2    2
  0.27923514  0.00000000   -0.00630294  0.00524744    0.00630294 -0.00524744
 -0.00630294 -0.00524744    0.23961894  0.00000000   -0.00408771  0.00000000
  0.00630294  0.00524744   -0.00408771  0.00000000    0.23961894  0.00000000

     Dynamical  Matrix in cartesian axes

     q = (   -0.500000000  -0.166666667  -0.166666667 ) 

    1    1
  0.27923514  0.00000000    0.00630294 -0.00524744    0.00630294 -0.00524744
  0.00630294  0.00524744    0.23961894  0.00000000    0.00408771  0.00000000
  0.00630294  0.00524744    0.00408771  0.00000000    0.23961894  0.00000000
    1    2
 -0.02221524 -0.16543865   -0.01916516  0.03246580   -0.01916516  0.03246580
 -0.01916516  0.03246580   -0.02730320 -0.15422126   -0.09724242  0.03565003
 -0.01916516  0.03246580   -0.09724242  0.03565003   -0.02730320 -0.15422126
    2    1
 -0.02221524  0.16543865   -0.01916516 -0.03246580   -0.01916516 -0.03246580
 -0.01916516 -0.03246580   -0.02730320  0.15422126   -0.09724242 -0.03565003
 -0.01916516 -0.03246580   -0.09724242 -0.03565003   -0.02730320  0.15422126
    2    2
  0.27923514  0.00000000    0.00630294  0.00524744    0.00630294  0.00524744
  0.00630294 -0.00524744    0.23961894  0.00000000    0.00408771  0.00000000
  0.00630294 -0.00524744    0.00408771  0.00000000    0.23961894  0.00000000

     Dynamical  Matrix in cartesian axes

     q = (    0.166666667  -0.500000000   0.166666667 ) 

    1    1
  0.23961894  0.00000000   -0.00630294 -0.00524744    0.00408771  0.00000000
 -0.00630294  0.00524744    0.27923514  0.00000000   -0.00630294  0.00524744
  0.00408771  0.00000000   -0.00630294 -0.00524744    0.23961894  0.00000000
    1    2
 -0.14721113 -0.05346537   -0.01853363 -0.03283042   -0.01774738  0.10203942
 -0.01853363 -0.03283042   -0.15438169 -0.06348036   -0.01853363 -0.03283042
 -0.01774738  0.10203942   -0.01853363 -0.03283042   -0.14721113 -0.05346537
    2    1
 -0.14721113  0.05346537   -0.01853363  0.03283042   -0.01774738 -0.10203942
 -0.01853363  0.03283042   -0.15438169  0.06348036   -0.01853363  0.03283042
 -0.01774738 -0.10203942   -0.01853363  0.03283042   -0.14721113  0.05346537
    2    2
  0.23961894  0.00000000   -0.00630294  0.00524744    0.00408771  0.00000000
 -0.00630294 -0.00524744    0.27923514  0.00000000   -0.00630294 -0.00524744
  0.00408771  0.00000000   -0.00630294  0.00524744    0.23961894  0.00000000

     Dynamical  Matrix in cartesian axes

     q = (    0.500000000   0.166666667  -0.166666667 ) 

    1    1
  0.27923514  0.00000000    0.00630294 -0.00524744   -0.00630294  0.00524744
  0.00630294  0.00524744    0.23961894  0.00000000   -0.00408771  0.00000000
 -0.00630294 -0.00524744   -0.00408771  0.00000000    0.23961894  0.00000000
    1    2
 -0.13216645  0.10195829    0.03769879  0.00036462   -0.03769879 -0.00036462
  0.03769879  0.00036462   -0.11990793  0.10075589   -0.07949504 -0.06638939
 -0.03769879 -0.00036462   -0.07949504 -0.06638939   -0.11990793  0.10075589
    2    1
 -0.13216645 -0.10195829    0.03769879 -0.00036462   -0.03769879  0.00036462
  0.03769879 -0.00036462   -0.11990793 -0.10075589   -0.07949504  0.06638939
 -0.03769879  0.00036462   -0.07949504  0.06638939   -0.11990793 -0.10075589
    2    2
  0.27923514  0.00000000    0.00630294  0.00524744   -0.00630294 -0.00524744
  0.00630294 -0.00524744    0.23961894  0.00000000   -0.00408771  0.00000000
 -0.00630294  0.00524744   -0.00408771  0.00000000    0.23961894  0.00000000

     Dynamical  Matrix in cartesian axes

     q = (    0.166666667   0.166666667  -0.500000000 ) 

    1    1
  0.23961894  0.00000000    0.00408771  0.00000000   -0.00630294 -0.00524744
  0.00408771  0.00000000    0.23961894  0.00000000   -0.00630294 -0.00524744
 -0.00630294  0.00524744   -0.00630294  0.00524744    0.27923514  0.00000000
    1    2
 -0.14721113 -0.05346537   -0.01774738  0.10203942   -0.01853363 -0.03283042
 -0.01774738  0.10203942   -0.14721113 -0.05346537   -0.01853363 -0.03283042
 -0.01853363 -0.03283042   -0.01853363 -0.03283042   -0.15438169 -0.06348036
    2    1
 -0.14721113  0.05346537   -0.01774738 -0.10203942   -0.01853363  0.03283042
 -0.01774738 -0.10203942   -0.14721113  0.05346537   -0.01853363  0.03283042
 -0.01853363  0.03283042   -0.01853363  0.03283042   -0.15438169  0.06348036
    2    2
  0.23961894  0.00000000    0.00408771  0.00000000   -0.00630294  0.00524744
  0.00408771  0.00000000    0.23961894  0.00000000   -0.00630294  0.00524744
 -0.00630294 -0.00524744   -0.00630294 -0.00524744    0.27923514  0.00000000

     Dynamical  Matrix in cartesian axes

     q = (   -0.166666667  -0.166666667  -0.500000000 ) 

    1    1
  0.23961894  0.00000000    0.00408771  0.00000000    0.00630294  0.00524744
  0.00408771  0.00000000    0.23961894  0.00000000    0.00630294  0.00524744
  0.00630294 -0.00524744    0.00630294 -0.00524744    0.27923514  0.00000000
    1    2
 -0.02730320 -0.15422126   -0.09724242  0.03565003   -0.01916516  0.03246580
 -0.09724242  0.03565003   -0.02730320 -0.15422126   -0.01916516  0.03246580
 -0.01916516  0.03246580   -0.01916516  0.03246580   -0.02221524 -0.16543865
    2    1
 -0.02730320  0.15422126   -0.09724242 -0.03565003   -0.01916516 -0.03246580
 -0.09724242 -0.03565003   -0.02730320  0.15422126   -0.01916516 -0.03246580
 -0.01916516 -0.03246580   -0.01916516 -0.03246580   -0.02221524  0.16543865
    2    2
  0.23961894  0.00000000    0.00408771  0.00000000    0.00630294 -0.00524744
  0.00408771  0.00000000    0.23961894  0.00000000    0.00630294 -0.00524744
  0.00630294  0.00524744    0.00630294  0.00524744    0.27923514  0.00000000

     Dynamical  Matrix in cartesian axes

     q = (   -0.500000000   0.166666667   0.166666667 ) 

    1    1
  0.27923514  0.00000000   -0.00630294  0.00524744   -0.00630294  0.00524744
 -0.00630294 -0.00524744    0.23961894  0.00000000    0.00408771  0.00000000
 -0.00630294 -0.00524744    0.00408771  0.00000000    0.23961894  0.00000000
    1    2
 -0.15438169 -0.06348036   -0.01853363 -0.03283042   -0.01853363 -0.03283042
 -0.01853363 -0.03283042   -0.14721113 -0.05346537   -0.01774738  0.10203942
 -0.01853363 -0.03283042   -0.01774738  0.10203942   -0.14721113 -0.05346537
    2    1
 -0.15438169  0.06348036   -0.01853363  0.03283042   -0.01853363  0.03283042
 -0.01853363  0.03283042   -0.14721113  0.05346537   -0.01774738 -0.10203942
 -0.01853363  0.03283042   -0.01774738 -0.10203942   -0.14721113  0.05346537
    2    2
  0.27923514  0.00000000   -0.00630294 -0.00524744   -0.00630294 -0.00524744
 -0.00630294  0.00524744    0.23961894  0.00000000    0.00408771  0.00000000
 -0.00630294  0.00524744    0.00408771  0.00000000    0.23961894  0.00000000

     Dynamical  Matrix in cartesian axes

     q = (   -0.166666667   0.166666667   0.500000000 ) 

    1    1
  0.23961894  0.00000000   -0.00408771  0.00000000   -0.00630294 -0.00524744
 -0.00408771  0.00000000    0.23961894  0.00000000    0.00630294  0.00524744
 -0.00630294  0.00524744    0.00630294 -0.00524744    0.27923514  0.00000000
    1    2
 -0.11990793  0.10075589   -0.07949504 -0.06638939   -0.03769879 -0.00036462
 -0.07949504 -0.06638939   -0.11990793  0.10075589    0.03769879  0.00036462
 -0.03769879 -0.00036462    0.03769879  0.00036462   -0.13216645  0.10195829
    2    1
 -0.11990793 -0.10075589   -0.07949504  0.06638939   -0.03769879  0.00036462
 -0.07949504  0.06638939   -0.11990793 -0.10075589    0.03769879 -0.00036462
 -0.03769879  0.00036462    0.03769879 -0.00036462   -0.13216645 -0.10195829
    2    2
  0.23961894  0.00000000   -0.00408771  0.00000000   -0.00630294  0.00524744
 -0.00408771  0.00000000    0.23961894  0.00000000    0.00630294 -0.00524744
 -0.00630294 -0.00524744    0.00630294  0.00524744    0.27923514  0.00000000

     Diagonalizing the dynamical matrix

     q = (   -0.166666667   0.500000000  -0.166666667 ) 

 **************************************************************************
     freq (    1) =       3.745920 [THz] =     124.950444 [cm-1]
 (  0.319912 -0.384261  0.000000 -0.000000 -0.319912  0.384261 ) 
 (  0.500000  0.000000  0.000000  0.000000 -0.500000  0.000000 ) 
     freq (    2) =       4.496449 [THz] =     149.985401 [cm-1]
 ( -0.423659 -0.049002 -0.355395  0.099591 -0.423659 -0.049002 ) 
 ( -0.426483 -0.000000 -0.341599 -0.139766 -0.426483  0.000000 ) 
     freq (    3) =       7.211399 [THz] =     240.546365 [cm-1]
 (  0.169857  0.211608 -0.561362 -0.193943  0.169857  0.211608 ) 
 (  0.271347  0.000000 -0.502644 -0.316371  0.271347  0.000000 ) 
     freq (    4) =      13.210804 [THz] =     440.664980 [cm-1]
 (  0.382834  0.183512 -0.351967 -0.125069  0.382834  0.183512 ) 
 ( -0.424545  0.000000  0.371449  0.039358 -0.424545  0.000000 ) 
     freq (    5) =      13.606287 [THz] =     453.856879 [cm-1]
 (  0.319912 -0.384261  0.000000 -0.000000 -0.319912  0.384261 ) 
 ( -0.500000  0.000000 -0.000000  0.000000  0.500000  0.000000 ) 
     freq (    6) =      13.980233 [THz] =     466.330391 [cm-1]
 (  0.253460  0.001614  0.586558 -0.165712  0.253460  0.001614 ) 
 ( -0.253465  0.000000 -0.585491 -0.169442 -0.253465  0.000000 ) 
 **************************************************************************
