Dynamical matrix file
                                                                           
  1    2  2 10.2800000  0.0000000  0.0000000  0.0000000  0.0000000  0.0000000
           1  'Si  '    25598.8229845270     
    1    1      0.0000000000      0.0000000000      0.0000000000
    2    1      0.2500000000      0.2500000000      0.2500000000

     Dynamical  Matrix in cartesian axes

     q = (    0.666666667  -0.333333333   1.000000000 ) 

    1    1
  0.25060434  0.00000000   -0.00741722  0.00000000    0.00000000  0.00094001
 -0.00741722  0.00000000    0.29425437  0.00000000    0.00000000 -0.01330447
  0.00000000 -0.00094001    0.00000000  0.01330447    0.26458532  0.00000000
    1    2
 -0.09081147  0.05243003   -0.06603760  0.03812683   -0.07009401 -0.12140638
 -0.06603760  0.03812683   -0.09620023  0.05554123    0.02278039  0.03945679
 -0.07009401 -0.12140638    0.02278039  0.03945679   -0.09795053  0.05655177
    2    1
 -0.09081147 -0.05243003   -0.06603760 -0.03812683   -0.07009401  0.12140638
 -0.06603760 -0.03812683   -0.09620023 -0.05554123    0.02278039 -0.03945679
 -0.07009401  0.12140638    0.02278039 -0.03945679   -0.09795053 -0.05655177
    2    2
  0.25060434 -0.00000000   -0.00741722 -0.00000000    0.00000000 -0.00094001
 -0.00741722 -0.00000000    0.29425437 -0.00000000    0.00000000  0.01330447
  0.00000000  0.00094001    0.00000000 -0.01330447    0.26458532  0.00000000

     Dynamical  Matrix in cartesian axes

     q = (    1.000000000   0.333333333   0.666666667 ) 

    1    1
  0.26458532 -0.00000000    0.00000000  0.01330447    0.00000000  0.00094001
  0.00000000 -0.01330447    0.29425437 -0.00000000    0.00741722  0.00000000
  0.00000000 -0.00094001    0.00741722  0.00000000    0.25060434 -0.00000000
    1    2
  0.00000000 -0.11310353   -0.04556078 -0.00000000   -0.14018801 -0.00000000
 -0.04556078 -0.00000000    0.00000000 -0.11108245   -0.00000000  0.07625365
 -0.14018801 -0.00000000   -0.00000000  0.07625365    0.00000000 -0.10486006
    2    1
  0.00000000  0.11310353   -0.04556078  0.00000000   -0.14018801  0.00000000
 -0.04556078  0.00000000    0.00000000  0.11108245   -0.00000000 -0.07625365
 -0.14018801  0.00000000   -0.00000000 -0.07625365    0.00000000  0.10486006
    2    2
  0.26458532 -0.00000000    0.00000000 -0.01330447    0.00000000 -0.00094001
  0.00000000  0.01330447    0.29425437 -0.00000000    0.00741722  0.00000000
  0.00000000  0.00094001    0.00741722  0.00000000    0.25060434 -0.00000000

     Dynamical  Matrix in cartesian axes

     q = (    0.666666667   0.333333333   1.000000000 ) 

    1    1
  0.25060434 -0.00000000    0.00741722  0.00000000    0.00000000 -0.00094001
  0.00741722  0.00000000    0.29425437  0.00000000    0.00000000 -0.01330447
  0.00000000  0.00094001    0.00000000  0.01330447    0.26458532  0.00000000
    1    2
 -0.00000000 -0.10486006    0.00000000  0.07625365   -0.14018801  0.00000000
  0.00000000  0.07625365   -0.00000000 -0.11108245   -0.04556078  0.00000000
 -0.14018801  0.00000000   -0.04556078  0.00000000   -0.00000000 -0.11310353
    2    1
 -0.00000000  0.10486006    0.00000000 -0.07625365   -0.14018801 -0.00000000
  0.00000000 -0.07625365   -0.00000000  0.11108245   -0.04556078  0.00000000
 -0.14018801 -0.00000000   -0.04556078 -0.00000000   -0.00000000  0.11310353
    2    2
  0.25060434 -0.00000000    0.00741722  0.00000000    0.00000000  0.00094001
  0.00741722 -0.00000000    0.29425437 -0.00000000    0.00000000  0.01330447
  0.00000000 -0.00094001    0.00000000 -0.01330447    0.26458532 -0.00000000

     Dynamical  Matrix in cartesian axes

     q = (   -1.000000000  -0.333333333   0.666666667 ) 

    1    1
  0.26458532 -0.00000000   -0.00000000  0.01330447    0.00000000 -0.00094001
 -0.00000000 -0.01330447    0.29425437 -0.00000000   -0.00741722 -0.00000000
  0.00000000  0.00094001   -0.00741722  0.00000000    0.25060434 -0.00000000
    1    2
 -0.09795053  0.05655177    0.02278039  0.03945679   -0.07009401 -0.12140638
  0.02278039  0.03945679   -0.09620023  0.05554123   -0.06603760  0.03812683
 -0.07009401 -0.12140638   -0.06603760  0.03812683   -0.09081147  0.05243003
    2    1
 -0.09795053 -0.05655177    0.02278039 -0.03945679   -0.07009401  0.12140638
  0.02278039 -0.03945679   -0.09620023 -0.05554123   -0.06603760 -0.03812683
 -0.07009401  0.12140638   -0.06603760 -0.03812683   -0.09081147 -0.05243003
    2    2
  0.26458532  0.00000000   -0.00000000 -0.01330447    0.00000000  0.00094001
 -0.00000000  0.01330447    0.29425437  0.00000000   -0.00741722  0.00000000
  0.00000000 -0.00094001   -0.00741722  0.00000000    0.25060434 -0.00000000

     Dynamical  Matrix in cartesian axes

     q = (   -1.000000000  -0.333333333  -0.666666667 ) 

    1    1
  0.26458532 -0.00000000    0.00000000 -0.01330447    0.00000000 -0.00094001
  0.00000000  0.01330447    0.29425437 -0.00000000    0.00741722  0.00000000
  0.00000000  0.00094001    0.00741722  0.00000000    0.25060434 -0.00000000
    1    2
  0.00000000  0.11310353   -0.04556078  0.00000000   -0.14018801  0.00000000
 -0.04556078  0.00000000    0.00000000  0.11108245   -0.00000000 -0.07625365
 -0.14018801  0.00000000   -0.00000000 -0.07625365    0.00000000  0.10486006
    2    1
  0.00000000 -0.11310353   -0.04556078 -0.00000000   -0.14018801 -0.00000000
 -0.04556078 -0.00000000    0.00000000 -0.11108245   -0.00000000  0.07625365
 -0.14018801 -0.00000000   -0.00000000  0.07625365    0.00000000 -0.10486006
    2    2
  0.26458532 -0.00000000    0.00000000  0.01330447    0.00000000  0.00094001
  0.00000000 -0.01330447    0.29425437 -0.00000000    0.00741722  0.00000000
  0.00000000 -0.00094001    0.00741722  0.00000000    0.25060434 -0.00000000

     Dynamical  Matrix in cartesian axes

     q = (   -0.666666667  -0.333333333  -1.000000000 ) 

    1    1
  0.25060434 -0.00000000    0.00741722  0.00000000    0.00000000  0.00094001
  0.00741722 -0.00000000    0.29425437 -0.00000000    0.00000000  0.01330447
  0.00000000 -0.00094001    0.00000000 -0.01330447    0.26458532 -0.00000000
    1    2
 -0.00000000  0.10486006    0.00000000 -0.07625365   -0.14018801 -0.00000000
  0.00000000 -0.07625365   -0.00000000  0.11108245   -0.04556078  0.00000000
 -0.14018801 -0.00000000   -0.04556078 -0.00000000   -0.00000000  0.11310353
    2    1
 -0.00000000 -0.10486006    0.00000000  0.07625365   -0.14018801  0.00000000
  0.00000000  0.07625365   -0.00000000 -0.11108245   -0.04556078  0.00000000
 -0.14018801  0.00000000   -0.04556078  0.00000000   -0.00000000 -0.11310353
    2    2
  0.25060434 -0.00000000    0.00741722  0.00000000    0.00000000 -0.00094001
  0.00741722  0.00000000    0.29425437  0.00000000    0.00000000 -0.01330447
  0.00000000  0.00094001    0.00000000  0.01330447    0.26458532  0.00000000

     Dynamical  Matrix in cartesian axes

     q = (    1.000000000   0.333333333  -0.666666667 ) 

    1    1
  0.26458532  0.00000000   -0.00000000 -0.01330447    0.00000000  0.00094001
 -0.00000000  0.01330447    0.29425437  0.00000000   -0.00741722  0.00000000
  0.00000000 -0.00094001   -0.00741722  0.00000000    0.25060434 -0.00000000
    1    2
 -0.09795053 -0.05655177    0.02278039 -0.03945679   -0.07009401  0.12140638
  0.02278039 -0.03945679   -0.09620023 -0.05554123   -0.06603760 -0.03812683
 -0.07009401  0.12140638   -0.06603760 -0.03812683   -0.09081147 -0.05243003
    2    1
 -0.09795053  0.05655177    0.02278039  0.03945679   -0.07009401 -0.12140638
  0.02278039  0.03945679   -0.09620023  0.05554123   -0.06603760  0.03812683
 -0.07009401 -0.12140638   -0.06603760  0.03812683   -0.09081147  0.05243003
    2    2
  0.26458532 -0.00000000   -0.00000000  0.01330447    0.00000000 -0.00094001
 -0.00000000 -0.01330447    0.29425437 -0.00000000   -0.00741722 -0.00000000
  0.00000000  0.00094001   -0.00741722  0.00000000    0.25060434 -0.00000000

     Dynamical  Matrix in cartesian axes

     q = (   -0.666666667   0.333333333   1.000000000 ) 

    1    1
  0.25060434 -0.00000000   -0.00741722 -0.00000000    0.00000000 -0.00094001
 -0.00741722 -0.00000000    0.29425437 -0.00000000    0.00000000  0.01330447
  0.00000000  0.00094001    0.00000000 -0.01330447    0.26458532  0.00000000
    1    2
 -0.09081147 -0.05243003   -0.06603760 -0.03812683   -0.07009401  0.12140638
 -0.06603760 -0.03812683   -0.09620023 -0.05554123    0.02278039 -0.03945679
 -0.07009401  0.12140638    0.02278039 -0.03945679   -0.09795053 -0.05655177
    2    1
 -0.09081147  0.05243003   -0.06603760  0.03812683   -0.07009401 -0.12140638
 -0.06603760  0.03812683   -0.09620023  0.05554123    0.02278039  0.03945679
 -0.07009401 -0.12140638    0.02278039  0.03945679   -0.09795053  0.05655177
    2    2
  0.25060434  0.00000000   -0.00741722  0.00000000    0.00000000  0.00094001
 -0.00741722  0.00000000    0.29425437  0.00000000    0.00000000 -0.01330447
  0.00000000 -0.00094001    0.00000000  0.01330447    0.26458532  0.00000000

     Dynamical  Matrix in cartesian axes

     q = (   -0.333333333   1.000000000   0.666666667 ) 

    1    1
  0.29425437 -0.00000000   -0.00000000 -0.01330447   -0.00741722 -0.00000000
  0.00000000  0.01330447    0.26458532 -0.00000000   -0.00000000 -0.00094001
 -0.00741722 -0.00000000   -0.00000000  0.00094001    0.25060434 -0.00000000
    1    2
 -0.09620023  0.05554123    0.02278039  0.03945679   -0.06603760  0.03812683
  0.02278039  0.03945679   -0.09795053  0.05655177   -0.07009401 -0.12140638
 -0.06603760  0.03812683   -0.07009401 -0.12140638   -0.09081147  0.05243003
    2    1
 -0.09620023 -0.05554123    0.02278039 -0.03945679   -0.06603760 -0.03812683
  0.02278039 -0.03945679   -0.09795053 -0.05655177   -0.07009401  0.12140638
 -0.06603760 -0.03812683   -0.07009401  0.12140638   -0.09081147 -0.05243003
    2    2
  0.29425437 -0.00000000   -0.00000000  0.01330447   -0.00741722 -0.00000000
  0.00000000 -0.01330447    0.26458532 -0.00000000   -0.00000000  0.00094001
 -0.00741722 -0.00000000   -0.00000000 -0.00094001    0.25060434 -0.00000000

     Dynamical  Matrix in cartesian axes

     q = (    0.333333333   1.000000000  -0.666666667 ) 

    1    1
  0.29425437 -0.00000000   -0.00000000  0.01330447   -0.00741722 -0.00000000
  0.00000000 -0.01330447    0.26458532 -0.00000000   -0.00000000  0.00094001
 -0.00741722 -0.00000000   -0.00000000 -0.00094001    0.25060434 -0.00000000
    1    2
 -0.09620023 -0.05554123    0.02278039 -0.03945679   -0.06603760 -0.03812683
  0.02278039 -0.03945679   -0.09795053 -0.05655177   -0.07009401  0.12140638
 -0.06603760 -0.03812683   -0.07009401  0.12140638   -0.09081147 -0.05243003
    2    1
 -0.09620023  0.05554123    0.02278039  0.03945679   -0.06603760  0.03812683
  0.02278039  0.03945679   -0.09795053  0.05655177   -0.07009401 -0.12140638
 -0.06603760  0.03812683   -0.07009401 -0.12140638   -0.09081147  0.05243003
    2    2
  0.29425437 -0.00000000   -0.00000000 -0.01330447   -0.00741722 -0.00000000
  0.00000000  0.01330447    0.26458532 -0.00000000   -0.00000000 -0.00094001
 -0.00741722 -0.00000000   -0.00000000  0.00094001    0.25060434 -0.00000000

     Dynamical  Matrix in cartesian axes

     q = (   -0.333333333  -1.000000000  -0.666666667 ) 

    1    1
  0.29425437  0.00000000   -0.00000000  0.01330447    0.00741722  0.00000000
 -0.00000000 -0.01330447    0.26458532  0.00000000   -0.00000000 -0.00094001
  0.00741722 -0.00000000   -0.00000000  0.00094001    0.25060434 -0.00000000
    1    2
  0.00000000  0.11108245   -0.04556078  0.00000000   -0.00000000 -0.07625365
 -0.04556078  0.00000000    0.00000000  0.11310353   -0.14018801  0.00000000
 -0.00000000 -0.07625365   -0.14018801  0.00000000    0.00000000  0.10486006
    2    1
  0.00000000 -0.11108245   -0.04556078 -0.00000000   -0.00000000  0.07625365
 -0.04556078 -0.00000000    0.00000000 -0.11310353   -0.14018801 -0.00000000
 -0.00000000  0.07625365   -0.14018801 -0.00000000    0.00000000 -0.10486006
    2    2
  0.29425437 -0.00000000   -0.00000000 -0.01330447    0.00741722 -0.00000000
 -0.00000000  0.01330447    0.26458532 -0.00000000   -0.00000000  0.00094001
  0.00741722 -0.00000000   -0.00000000 -0.00094001    0.25060434 -0.00000000

     Dynamical  Matrix in cartesian axes

     q = (    1.000000000  -0.666666667   0.333333333 ) 

    1    1
  0.26458532  0.00000000    0.00000000  0.00094001   -0.00000000 -0.01330447
  0.00000000 -0.00094001    0.25060434  0.00000000   -0.00741722  0.00000000
 -0.00000000  0.01330447   -0.00741722 -0.00000000    0.29425437 -0.00000000
    1    2
 -0.09795053 -0.05655177   -0.07009401  0.12140638    0.02278039 -0.03945679
 -0.07009401  0.12140638   -0.09081147 -0.05243003   -0.06603760 -0.03812683
  0.02278039 -0.03945679   -0.06603760 -0.03812683   -0.09620023 -0.05554123
    2    1
 -0.09795053  0.05655177   -0.07009401 -0.12140638    0.02278039  0.03945679
 -0.07009401 -0.12140638   -0.09081147  0.05243003   -0.06603760  0.03812683
  0.02278039  0.03945679   -0.06603760  0.03812683   -0.09620023  0.05554123
    2    2
  0.26458532 -0.00000000    0.00000000 -0.00094001   -0.00000000  0.01330447
  0.00000000  0.00094001    0.25060434  0.00000000   -0.00741722 -0.00000000
 -0.00000000 -0.01330447   -0.00741722  0.00000000    0.29425437  0.00000000

     Dynamical  Matrix in cartesian axes

     q = (    1.000000000   0.666666667  -0.333333333 ) 

    1    1
  0.26458532 -0.00000000    0.00000000 -0.00094001   -0.00000000  0.01330447
  0.00000000  0.00094001    0.25060434  0.00000000   -0.00741722 -0.00000000
 -0.00000000 -0.01330447   -0.00741722  0.00000000    0.29425437  0.00000000
    1    2
 -0.09795053  0.05655177   -0.07009401 -0.12140638    0.02278039  0.03945679
 -0.07009401 -0.12140638   -0.09081147  0.05243003   -0.06603760  0.03812683
  0.02278039  0.03945679   -0.06603760  0.03812683   -0.09620023  0.05554123
    2    1
 -0.09795053 -0.05655177   -0.07009401  0.12140638    0.02278039 -0.03945679
 -0.07009401  0.12140638   -0.09081147 -0.05243003   -0.06603760 -0.03812683
  0.02278039 -0.03945679   -0.06603760 -0.03812683   -0.09620023 -0.05554123
    2    2
  0.26458532  0.00000000    0.00000000  0.00094001   -0.00000000 -0.01330447
  0.00000000 -0.00094001    0.25060434  0.00000000   -0.00741722  0.00000000
 -0.00000000  0.01330447   -0.00741722 -0.00000000    0.29425437 -0.00000000

     Dynamical  Matrix in cartesian axes

     q = (   -0.333333333   0.666666667  -1.000000000 ) 

    1    1
  0.29425437 -0.00000000   -0.00741722 -0.00000000    0.00000000 -0.01330447
 -0.00741722 -0.00000000    0.25060434 -0.00000000   -0.00000000  0.00094001
  0.00000000  0.01330447   -0.00000000 -0.00094001    0.26458532  0.00000000
    1    2
 -0.09620023  0.05554123   -0.06603760  0.03812683    0.02278039  0.03945679
 -0.06603760  0.03812683   -0.09081147  0.05243003   -0.07009401 -0.12140638
  0.02278039  0.03945679   -0.07009401 -0.12140638   -0.09795053  0.05655177
    2    1
 -0.09620023 -0.05554123   -0.06603760 -0.03812683    0.02278039 -0.03945679
 -0.06603760 -0.03812683   -0.09081147 -0.05243003   -0.07009401  0.12140638
  0.02278039 -0.03945679   -0.07009401  0.12140638   -0.09795053 -0.05655177
    2    2
  0.29425437  0.00000000   -0.00741722  0.00000000    0.00000000  0.01330447
 -0.00741722  0.00000000    0.25060434  0.00000000   -0.00000000 -0.00094001
  0.00000000 -0.01330447   -0.00000000  0.00094001    0.26458532  0.00000000

     Dynamical  Matrix in cartesian axes

     q = (   -1.000000000  -0.666666667  -0.333333333 ) 

    1    1
  0.26458532  0.00000000    0.00000000 -0.00094001    0.00000000 -0.01330447
  0.00000000  0.00094001    0.25060434  0.00000000    0.00741722 -0.00000000
  0.00000000  0.01330447    0.00741722 -0.00000000    0.29425437  0.00000000
    1    2
  0.00000000  0.11310353   -0.14018801  0.00000000   -0.04556078  0.00000000
 -0.14018801  0.00000000    0.00000000  0.10486006   -0.00000000 -0.07625365
 -0.04556078  0.00000000   -0.00000000 -0.07625365    0.00000000  0.11108245
    2    1
  0.00000000 -0.11310353   -0.14018801 -0.00000000   -0.04556078 -0.00000000
 -0.14018801 -0.00000000    0.00000000 -0.10486006    0.00000000  0.07625365
 -0.04556078  0.00000000    0.00000000  0.07625365    0.00000000 -0.11108245
    2    2
  0.26458532  0.00000000    0.00000000  0.00094001    0.00000000  0.01330447
  0.00000000 -0.00094001    0.25060434 -0.00000000    0.00741722  0.00000000
  0.00000000 -0.01330447    0.00741722  0.00000000    0.29425437 -0.00000000

     Dynamical  Matrix in cartesian axes

     q = (   -1.000000000   0.666666667   0.333333333 ) 

    1    1
  0.26458532  0.00000000    0.00000000  0.00094001    0.00000000  0.01330447
  0.00000000 -0.00094001    0.25060434 -0.00000000    0.00741722  0.00000000
  0.00000000 -0.01330447    0.00741722  0.00000000    0.29425437 -0.00000000
    1    2
 -0.00000000 -0.11310353   -0.14018801  0.00000000   -0.04556078  0.00000000
 -0.14018801  0.00000000    0.00000000 -0.10486006    0.00000000  0.07625365
 -0.04556078  0.00000000    0.00000000  0.07625365   -0.00000000 -0.11108245
    2    1
 -0.00000000  0.11310353   -0.14018801 -0.00000000   -0.04556078  0.00000000
 -0.14018801 -0.00000000   -0.00000000  0.10486006    0.00000000 -0.07625365
 -0.04556078  0.00000000    0.00000000 -0.07625365   -0.00000000  0.11108245
    2    2
  0.26458532  0.00000000    0.00000000 -0.00094001    0.00000000 -0.01330447
  0.00000000  0.00094001    0.25060434  0.00000000    0.00741722 -0.00000000
  0.00000000  0.01330447    0.00741722 -0.00000000    0.29425437  0.00000000

     Dynamical  Matrix in cartesian axes

     q = (    0.333333333  -0.666666667   1.000000000 ) 

    1    1
  0.29425437  0.00000000   -0.00741722  0.00000000    0.00000000  0.01330447
 -0.00741722  0.00000000    0.25060434  0.00000000   -0.00000000 -0.00094001
  0.00000000 -0.01330447   -0.00000000  0.00094001    0.26458532  0.00000000
    1    2
 -0.09620023 -0.05554123   -0.06603760 -0.03812683    0.02278039 -0.03945679
 -0.06603760 -0.03812683   -0.09081147 -0.05243003   -0.07009401  0.12140638
  0.02278039 -0.03945679   -0.07009401  0.12140638   -0.09795053 -0.05655177
    2    1
 -0.09620023  0.05554123   -0.06603760  0.03812683    0.02278039  0.03945679
 -0.06603760  0.03812683   -0.09081147  0.05243003   -0.07009401 -0.12140638
  0.02278039  0.03945679   -0.07009401 -0.12140638   -0.09795053  0.05655177
    2    2
  0.29425437 -0.00000000   -0.00741722 -0.00000000    0.00000000 -0.01330447
 -0.00741722 -0.00000000    0.25060434 -0.00000000   -0.00000000  0.00094001
  0.00000000  0.01330447   -0.00000000 -0.00094001    0.26458532  0.00000000

     Dynamical  Matrix in cartesian axes

     q = (    0.333333333  -1.000000000   0.666666667 ) 

    1    1
  0.29425437 -0.00000000   -0.00000000 -0.01330447    0.00741722 -0.00000000
 -0.00000000  0.01330447    0.26458532 -0.00000000   -0.00000000  0.00094001
  0.00741722 -0.00000000   -0.00000000 -0.00094001    0.25060434 -0.00000000
    1    2
 -0.00000000 -0.11108245   -0.04556078  0.00000000    0.00000000  0.07625365
 -0.04556078  0.00000000   -0.00000000 -0.11310353   -0.14018801  0.00000000
  0.00000000  0.07625365   -0.14018801  0.00000000   -0.00000000 -0.10486006
    2    1
  0.00000000  0.11108245   -0.04556078  0.00000000   -0.00000000 -0.07625365
 -0.04556078  0.00000000    0.00000000  0.11310353   -0.14018801 -0.00000000
  0.00000000 -0.07625365   -0.14018801  0.00000000   -0.00000000  0.10486006
    2    2
  0.29425437  0.00000000   -0.00000000  0.01330447    0.00741722  0.00000000
 -0.00000000 -0.01330447    0.26458532  0.00000000   -0.00000000 -0.00094001
  0.00741722 -0.00000000   -0.00000000  0.00094001    0.25060434 -0.00000000

     Dynamical  Matrix in cartesian axes

     q = (    0.666666667  -1.000000000   0.333333333 ) 

    1    1
  0.25060434  0.00000000    0.00000000 -0.00094001    0.00741722  0.00000000
  0.00000000  0.00094001    0.26458532  0.00000000    0.00000000  0.01330447
  0.00741722 -0.00000000    0.00000000 -0.01330447    0.29425437 -0.00000000
    1    2
 -0.00000000 -0.10486006   -0.14018801  0.00000000    0.00000000  0.07625365
 -0.14018801  0.00000000   -0.00000000 -0.11310353   -0.04556078  0.00000000
  0.00000000  0.07625365   -0.04556078  0.00000000   -0.00000000 -0.11108245
    2    1
 -0.00000000  0.10486006   -0.14018801 -0.00000000    0.00000000 -0.07625365
 -0.14018801 -0.00000000   -0.00000000  0.11310353   -0.04556078 -0.00000000
  0.00000000 -0.07625365   -0.04556078 -0.00000000   -0.00000000  0.11108245
    2    2
  0.25060434  0.00000000    0.00000000  0.00094001    0.00741722  0.00000000
  0.00000000 -0.00094001    0.26458532 -0.00000000    0.00000000 -0.01330447
  0.00741722  0.00000000    0.00000000  0.01330447    0.29425437  0.00000000

     Dynamical  Matrix in cartesian axes

     q = (    0.333333333   0.666666667   1.000000000 ) 

    1    1
  0.29425437  0.00000000    0.00741722  0.00000000   -0.00000000 -0.01330447
  0.00741722  0.00000000    0.25060434 -0.00000000   -0.00000000 -0.00094001
 -0.00000000  0.01330447   -0.00000000  0.00094001    0.26458532 -0.00000000
    1    2
  0.00000000 -0.11108245   -0.00000000  0.07625365   -0.04556078 -0.00000000
 -0.00000000  0.07625365    0.00000000 -0.10486006   -0.14018801 -0.00000000
 -0.04556078 -0.00000000   -0.14018801 -0.00000000    0.00000000 -0.11310353
    2    1
  0.00000000  0.11108245   -0.00000000 -0.07625365   -0.04556078  0.00000000
 -0.00000000 -0.07625365    0.00000000  0.10486006   -0.14018801  0.00000000
 -0.04556078  0.00000000   -0.14018801  0.00000000    0.00000000  0.11310353
    2    2
  0.29425437 -0.00000000    0.00741722 -0.00000000   -0.00000000  0.01330447
  0.00741722  0.00000000    0.25060434 -0.00000000   -0.00000000  0.00094001
 -0.00000000 -0.01330447   -0.00000000 -0.00094001    0.26458532 -0.00000000

     Dynamical  Matrix in cartesian axes

     q = (   -0.333333333  -0.666666667  -1.000000000 ) 

    1    1
  0.29425437 -0.00000000    0.00741722 -0.00000000   -0.00000000  0.01330447
  0.00741722  0.00000000    0.25060434 -0.00000000   -0.00000000  0.00094001
 -0.00000000 -0.01330447   -0.00000000 -0.00094001    0.26458532 -0.00000000
    1    2
  0.00000000  0.11108245   -0.00000000 -0.07625365   -0.04556078  0.00000000
 -0.00000000 -0.07625365    0.00000000  0.10486006   -0.14018801  0.00000000
 -0.04556078  0.00000000   -0.14018801  0.00000000    0.00000000  0.11310353
    2    1
  0.00000000 -0.11108245   -0.00000000  0.07625365   -0.04556078 -0.00000000
 -0.00000000  0.07625365    0.00000000 -0.10486006   -0.14018801 -0.00000000
 -0.04556078 -0.00000000   -0.14018801 -0.00000000    0.00000000 -0.11310353
    2    2
  0.29425437  0.00000000    0.00741722  0.00000000   -0.00000000 -0.01330447
  0.00741722  0.00000000    0.25060434 -0.00000000   -0.00000000 -0.00094001
 -0.00000000  0.01330447   -0.00000000  0.00094001    0.26458532 -0.00000000

     Dynamical  Matrix in cartesian axes

     q = (   -0.666666667  -1.000000000   0.333333333 ) 

    1    1
  0.25060434 -0.00000000    0.00000000 -0.00094001   -0.00741722 -0.00000000
  0.00000000  0.00094001    0.26458532  0.00000000    0.00000000 -0.01330447
 -0.00741722 -0.00000000    0.00000000  0.01330447    0.29425437 -0.00000000
    1    2
 -0.09081147 -0.05243003   -0.07009401  0.12140638   -0.06603760 -0.03812683
 -0.07009401  0.12140638   -0.09795053 -0.05655177    0.02278039 -0.03945679
 -0.06603760 -0.03812683    0.02278039 -0.03945679   -0.09620023 -0.05554123
    2    1
 -0.09081147  0.05243003   -0.07009401 -0.12140638   -0.06603760  0.03812683
 -0.07009401 -0.12140638   -0.09795053  0.05655177    0.02278039  0.03945679
 -0.06603760  0.03812683    0.02278039  0.03945679   -0.09620023  0.05554123
    2    2
  0.25060434  0.00000000    0.00000000  0.00094001   -0.00741722  0.00000000
  0.00000000 -0.00094001    0.26458532  0.00000000    0.00000000  0.01330447
 -0.00741722  0.00000000    0.00000000 -0.01330447    0.29425437  0.00000000

     Dynamical  Matrix in cartesian axes

     q = (    0.666666667   1.000000000  -0.333333333 ) 

    1    1
  0.25060434  0.00000000    0.00000000  0.00094001   -0.00741722  0.00000000
  0.00000000 -0.00094001    0.26458532  0.00000000    0.00000000  0.01330447
 -0.00741722  0.00000000    0.00000000 -0.01330447    0.29425437  0.00000000
    1    2
 -0.09081147  0.05243003   -0.07009401 -0.12140638   -0.06603760  0.03812683
 -0.07009401 -0.12140638   -0.09795053  0.05655177    0.02278039  0.03945679
 -0.06603760  0.03812683    0.02278039  0.03945679   -0.09620023  0.05554123
    2    1
 -0.09081147 -0.05243003   -0.07009401  0.12140638   -0.06603760 -0.03812683
 -0.07009401  0.12140638   -0.09795053 -0.05655177    0.02278039 -0.03945679
 -0.06603760 -0.03812683    0.02278039 -0.03945679   -0.09620023 -0.05554123
    2    2
  0.25060434 -0.00000000    0.00000000 -0.00094001   -0.00741722 -0.00000000
  0.00000000  0.00094001    0.26458532  0.00000000    0.00000000 -0.01330447
 -0.00741722 -0.00000000    0.00000000  0.01330447    0.29425437 -0.00000000

     Dynamical  Matrix in cartesian axes

     q = (   -0.666666667  -1.000000000  -0.333333333 ) 

    1    1
  0.25060434  0.00000000    0.00000000  0.00094001    0.00741722  0.00000000
  0.00000000 -0.00094001    0.26458532 -0.00000000    0.00000000 -0.01330447
  0.00741722  0.00000000    0.00000000  0.01330447    0.29425437  0.00000000
    1    2
  0.00000000  0.10486006   -0.14018801  0.00000000   -0.00000000 -0.07625365
 -0.14018801  0.00000000    0.00000000  0.11310353   -0.04556078 -0.00000000
 -0.00000000 -0.07625365   -0.04556078 -0.00000000    0.00000000  0.11108245
    2    1
  0.00000000 -0.10486006   -0.14018801 -0.00000000    0.00000000  0.07625365
 -0.14018801 -0.00000000    0.00000000 -0.11310353   -0.04556078 -0.00000000
  0.00000000  0.07625365   -0.04556078  0.00000000    0.00000000 -0.11108245
    2    2
  0.25060434  0.00000000    0.00000000 -0.00094001    0.00741722  0.00000000
  0.00000000  0.00094001    0.26458532  0.00000000    0.00000000  0.01330447
  0.00741722 -0.00000000    0.00000000 -0.01330447    0.29425437 -0.00000000

     Diagonalizing the dynamical matrix

     q = (    0.666666667  -0.333333333   1.000000000 ) 

 **************************************************************************
     freq (    1) =       4.836611 [THz] =     161.331978 [cm-1]
 ( -0.302585 -0.524092 -0.149620 -0.259150  0.182123 -0.105149 ) 
 (  0.000000 -0.605169  0.000000 -0.299241 -0.210297  0.000000 ) 
     freq (    2) =       5.439007 [THz] =     181.425733 [cm-1]
 ( -0.164694 -0.285258  0.063273  0.109593 -0.530676  0.306386 ) 
 ( -0.000000  0.329387 -0.000000 -0.126547 -0.612772  0.000000 ) 
     freq (    3) =       8.696906 [THz] =     290.097569 [cm-1]
 ( -0.094940 -0.164440  0.302270  0.523547  0.271769 -0.156906 ) 
 ( -0.000000 -0.189879  0.000000  0.604540 -0.313812  0.000000 ) 
     freq (    4) =      12.588428 [THz] =     419.904754 [cm-1]
 (  0.186444  0.322930 -0.258194 -0.447205 -0.265941  0.153541 ) 
 ( -0.000000 -0.372887  0.000000  0.516387 -0.307082  0.000000 ) 
     freq (    5) =      14.059075 [THz] =     468.960259 [cm-1]
 (  0.251227  0.435137  0.233093  0.403730 -0.150526  0.086906 ) 
 (  0.000000 -0.502453  0.000000 -0.466187 -0.173812  0.000000 ) 
     freq (    6) =      14.132242 [THz] =     471.400839 [cm-1]
 (  0.156298  0.270716 -0.106051 -0.183685  0.517661 -0.298872 ) 
 ( -0.000000  0.312595 -0.000000 -0.212101 -0.597743  0.000000 ) 
 **************************************************************************
