Dynamical matrix file
                                                                           
  1    2  2 10.3040000  0.0000000  0.0000000  0.0000000  0.0000000  0.0000000
           1  'Si  '    25598.8229845270     
    1    1      0.0000000000      0.0000000000      0.0000000000
    2    1      0.2500000000      0.2500000000      0.2500000000

     Dynamical  Matrix in cartesian axes

     q = (   -0.333333333   0.333333333  -0.333333333 ) 

    1    1
  0.27718073  0.00000000   -0.01613820  0.00000000    0.01613820  0.00000000
 -0.01613820  0.00000000    0.27718073  0.00000000   -0.01613820  0.00000000
  0.01613820  0.00000000   -0.01613820  0.00000000    0.27718073  0.00000000
    1    2
 -0.17453493 -0.04935420   -0.06288657  0.03668487    0.06288657 -0.03668487
 -0.06288657  0.03668487   -0.17453493 -0.04935420   -0.06288657  0.03668487
  0.06288657 -0.03668487   -0.06288657  0.03668487   -0.17453493 -0.04935420
    2    1
 -0.17453493  0.04935420   -0.06288657 -0.03668487    0.06288657  0.03668487
 -0.06288657 -0.03668487   -0.17453493  0.04935420   -0.06288657 -0.03668487
  0.06288657  0.03668487   -0.06288657 -0.03668487   -0.17453493  0.04935420
    2    2
  0.27718073  0.00000000   -0.01613820  0.00000000    0.01613820  0.00000000
 -0.01613820  0.00000000    0.27718073  0.00000000   -0.01613820  0.00000000
  0.01613820  0.00000000   -0.01613820  0.00000000    0.27718073  0.00000000

     Dynamical  Matrix in cartesian axes

     q = (    0.333333333   0.333333333   0.333333333 ) 

    1    1
  0.27718073  0.00000000    0.01613820  0.00000000    0.01613820  0.00000000
  0.01613820  0.00000000    0.27718073  0.00000000    0.01613820  0.00000000
  0.01613820  0.00000000    0.01613820  0.00000000    0.27718073  0.00000000
    1    2
  0.04452547  0.17582878   -0.06321331 -0.03611893   -0.06321331 -0.03611893
 -0.06321331 -0.03611893    0.04452547  0.17582878   -0.06321331 -0.03611893
 -0.06321331 -0.03611893   -0.06321331 -0.03611893    0.04452547  0.17582878
    2    1
  0.04452547 -0.17582878   -0.06321331  0.03611893   -0.06321331  0.03611893
 -0.06321331  0.03611893    0.04452547 -0.17582878   -0.06321331  0.03611893
 -0.06321331  0.03611893   -0.06321331  0.03611893    0.04452547 -0.17582878
    2    2
  0.27718073  0.00000000    0.01613820  0.00000000    0.01613820  0.00000000
  0.01613820  0.00000000    0.27718073  0.00000000    0.01613820  0.00000000
  0.01613820  0.00000000    0.01613820  0.00000000    0.27718073  0.00000000

     Dynamical  Matrix in cartesian axes

     q = (   -0.333333333  -0.333333333  -0.333333333 ) 

    1    1
  0.27718073  0.00000000    0.01613820  0.00000000    0.01613820  0.00000000
  0.01613820  0.00000000    0.27718073  0.00000000    0.01613820  0.00000000
  0.01613820  0.00000000    0.01613820  0.00000000    0.27718073  0.00000000
    1    2
  0.04452547 -0.17582878   -0.06321331  0.03611893   -0.06321331  0.03611893
 -0.06321331  0.03611893    0.04452547 -0.17582878   -0.06321331  0.03611893
 -0.06321331  0.03611893   -0.06321331  0.03611893    0.04452547 -0.17582878
    2    1
  0.04452547  0.17582878   -0.06321331 -0.03611893   -0.06321331 -0.03611893
 -0.06321331 -0.03611893    0.04452547  0.17582878   -0.06321331 -0.03611893
 -0.06321331 -0.03611893   -0.06321331 -0.03611893    0.04452547  0.17582878
    2    2
  0.27718073  0.00000000    0.01613820  0.00000000    0.01613820  0.00000000
  0.01613820  0.00000000    0.27718073  0.00000000    0.01613820  0.00000000
  0.01613820  0.00000000    0.01613820  0.00000000    0.27718073  0.00000000

     Dynamical  Matrix in cartesian axes

     q = (    0.333333333  -0.333333333   0.333333333 ) 

    1    1
  0.27718073  0.00000000   -0.01613820  0.00000000    0.01613820  0.00000000
 -0.01613820  0.00000000    0.27718073  0.00000000   -0.01613820  0.00000000
  0.01613820  0.00000000   -0.01613820  0.00000000    0.27718073  0.00000000
    1    2
 -0.17453493  0.04935420   -0.06288657 -0.03668487    0.06288657  0.03668487
 -0.06288657 -0.03668487   -0.17453493  0.04935420   -0.06288657 -0.03668487
  0.06288657  0.03668487   -0.06288657 -0.03668487   -0.17453493  0.04935420
    2    1
 -0.17453493 -0.04935420   -0.06288657  0.03668487    0.06288657 -0.03668487
 -0.06288657  0.03668487   -0.17453493 -0.04935420   -0.06288657  0.03668487
  0.06288657 -0.03668487   -0.06288657  0.03668487   -0.17453493 -0.04935420
    2    2
  0.27718073  0.00000000   -0.01613820  0.00000000    0.01613820  0.00000000
 -0.01613820  0.00000000    0.27718073  0.00000000   -0.01613820  0.00000000
  0.01613820  0.00000000   -0.01613820  0.00000000    0.27718073  0.00000000

     Dynamical  Matrix in cartesian axes

     q = (    0.333333333  -0.333333333  -0.333333333 ) 

    1    1
  0.27718073  0.00000000   -0.01613820  0.00000000   -0.01613820  0.00000000
 -0.01613820  0.00000000    0.27718073  0.00000000    0.01613820  0.00000000
 -0.01613820  0.00000000    0.01613820  0.00000000    0.27718073  0.00000000
    1    2
 -0.17453493 -0.04935420   -0.06288657  0.03668487   -0.06288657  0.03668487
 -0.06288657  0.03668487   -0.17453493 -0.04935420    0.06288657 -0.03668487
 -0.06288657  0.03668487    0.06288657 -0.03668487   -0.17453493 -0.04935420
    2    1
 -0.17453493  0.04935420   -0.06288657 -0.03668487   -0.06288657 -0.03668487
 -0.06288657 -0.03668487   -0.17453493  0.04935420    0.06288657  0.03668487
 -0.06288657 -0.03668487    0.06288657  0.03668487   -0.17453493  0.04935420
    2    2
  0.27718073  0.00000000   -0.01613820  0.00000000   -0.01613820  0.00000000
 -0.01613820  0.00000000    0.27718073  0.00000000    0.01613820  0.00000000
 -0.01613820  0.00000000    0.01613820  0.00000000    0.27718073  0.00000000

     Dynamical  Matrix in cartesian axes

     q = (    0.333333333   0.333333333  -0.333333333 ) 

    1    1
  0.27718073  0.00000000    0.01613820  0.00000000   -0.01613820  0.00000000
  0.01613820  0.00000000    0.27718073  0.00000000   -0.01613820  0.00000000
 -0.01613820  0.00000000   -0.01613820  0.00000000    0.27718073  0.00000000
    1    2
 -0.17453493  0.04935420    0.06288657  0.03668487   -0.06288657 -0.03668487
  0.06288657  0.03668487   -0.17453493  0.04935420   -0.06288657 -0.03668487
 -0.06288657 -0.03668487   -0.06288657 -0.03668487   -0.17453493  0.04935420
    2    1
 -0.17453493 -0.04935420    0.06288657 -0.03668487   -0.06288657  0.03668487
  0.06288657 -0.03668487   -0.17453493 -0.04935420   -0.06288657  0.03668487
 -0.06288657  0.03668487   -0.06288657  0.03668487   -0.17453493 -0.04935420
    2    2
  0.27718073  0.00000000    0.01613820  0.00000000   -0.01613820  0.00000000
  0.01613820  0.00000000    0.27718073  0.00000000   -0.01613820  0.00000000
 -0.01613820  0.00000000   -0.01613820  0.00000000    0.27718073  0.00000000

     Dynamical  Matrix in cartesian axes

     q = (   -0.333333333  -0.333333333   0.333333333 ) 

    1    1
  0.27718073  0.00000000    0.01613820  0.00000000   -0.01613820  0.00000000
  0.01613820  0.00000000    0.27718073  0.00000000   -0.01613820  0.00000000
 -0.01613820  0.00000000   -0.01613820  0.00000000    0.27718073  0.00000000
    1    2
 -0.17453493 -0.04935420    0.06288657 -0.03668487   -0.06288657  0.03668487
  0.06288657 -0.03668487   -0.17453493 -0.04935420   -0.06288657  0.03668487
 -0.06288657  0.03668487   -0.06288657  0.03668487   -0.17453493 -0.04935420
    2    1
 -0.17453493  0.04935420    0.06288657  0.03668487   -0.06288657 -0.03668487
  0.06288657  0.03668487   -0.17453493  0.04935420   -0.06288657 -0.03668487
 -0.06288657 -0.03668487   -0.06288657 -0.03668487   -0.17453493  0.04935420
    2    2
  0.27718073  0.00000000    0.01613820  0.00000000   -0.01613820  0.00000000
  0.01613820  0.00000000    0.27718073  0.00000000   -0.01613820  0.00000000
 -0.01613820  0.00000000   -0.01613820  0.00000000    0.27718073  0.00000000

     Dynamical  Matrix in cartesian axes

     q = (   -0.333333333   0.333333333   0.333333333 ) 

    1    1
  0.27718073  0.00000000   -0.01613820  0.00000000   -0.01613820  0.00000000
 -0.01613820  0.00000000    0.27718073  0.00000000    0.01613820  0.00000000
 -0.01613820  0.00000000    0.01613820  0.00000000    0.27718073  0.00000000
    1    2
 -0.17453493  0.04935420   -0.06288657 -0.03668487   -0.06288657 -0.03668487
 -0.06288657 -0.03668487   -0.17453493  0.04935420    0.06288657  0.03668487
 -0.06288657 -0.03668487    0.06288657  0.03668487   -0.17453493  0.04935420
    2    1
 -0.17453493 -0.04935420   -0.06288657  0.03668487   -0.06288657  0.03668487
 -0.06288657  0.03668487   -0.17453493 -0.04935420    0.06288657 -0.03668487
 -0.06288657  0.03668487    0.06288657 -0.03668487   -0.17453493 -0.04935420
    2    2
  0.27718073  0.00000000   -0.01613820  0.00000000   -0.01613820  0.00000000
 -0.01613820  0.00000000    0.27718073  0.00000000    0.01613820  0.00000000
 -0.01613820  0.00000000    0.01613820  0.00000000    0.27718073  0.00000000

     Diagonalizing the dynamical matrix

     q = (   -0.333333333   0.333333333  -0.333333333 ) 

 **************************************************************************
     freq (    1) =       3.137522 [THz] =     104.656478 [cm-1]
 (  0.452878  0.055457 -0.079942  0.027024 -0.532820 -0.028432 ) 
 (  0.455189  0.031246 -0.078389  0.031246 -0.533578  0.000000 ) 
     freq (    2) =       3.137522 [THz] =     104.656478 [cm-1]
 ( -0.341087 -0.093913 -0.561291 -0.105664 -0.220204 -0.011751 ) 
 ( -0.345606 -0.075604 -0.566124 -0.075604 -0.220517  0.000000 ) 
     freq (    3) =       8.660497 [THz] =     288.883080 [cm-1]
 ( -0.150746 -0.379397  0.150746  0.379397 -0.150746 -0.379397 ) 
 ( -0.408248 -0.000000  0.408248  0.000000 -0.408248  0.000000 ) 
     freq (    4) =      13.662715 [THz] =     455.739124 [cm-1]
 ( -0.150746 -0.379397  0.150746  0.379397 -0.150746 -0.379397 ) 
 (  0.408248 -0.000000 -0.408248  0.000000  0.408248  0.000000 ) 
     freq (    5) =      14.522088 [THz] =     484.404703 [cm-1]
 ( -0.391650 -0.008582 -0.562870 -0.017719 -0.171220 -0.009137 ) 
 (  0.391551 -0.012300  0.563015 -0.012300  0.171463  0.000000 ) 
     freq (    6) =      14.522088 [THz] =     484.404703 [cm-1]
 ( -0.423694 -0.018778  0.126824  0.010598  0.550519  0.029377 ) 
 (  0.424093 -0.003825 -0.127209 -0.003825 -0.551302  0.000000 ) 
 **************************************************************************
