Dynamical matrix file
                                                                           
  1    2  2 10.3640000  0.0000000  0.0000000  0.0000000  0.0000000  0.0000000
           1  'Si  '    25598.8229845270     
    1    1      0.0000000000      0.0000000000      0.0000000000
    2    1      0.2500000000      0.2500000000      0.2500000000

     Dynamical  Matrix in cartesian axes

     q = (    0.666666667  -0.333333333   0.666666667 ) 

    1    1
  0.25045355  0.00000000   -0.01093483  0.00707763    0.00979554  0.00000000
 -0.01093483 -0.00707763    0.27891717  0.00000000   -0.01093483 -0.00707763
  0.00979554  0.00000000   -0.01093483  0.00707763    0.25045355  0.00000000
    1    2
 -0.09407133  0.05555347   -0.06111265  0.03777117    0.02592797 -0.10823531
 -0.06111265  0.03777117   -0.09800616  0.07038949   -0.06111265  0.03777117
  0.02592797 -0.10823531   -0.06111265  0.03777117   -0.09407133  0.05555347
    2    1
 -0.09407133 -0.05555347   -0.06111265 -0.03777117    0.02592797  0.10823531
 -0.06111265 -0.03777117   -0.09800616 -0.07038949   -0.06111265 -0.03777117
  0.02592797  0.10823531   -0.06111265 -0.03777117   -0.09407133 -0.05555347
    2    2
  0.25045355  0.00000000   -0.01093483 -0.00707763    0.00979554  0.00000000
 -0.01093483  0.00707763    0.27891717  0.00000000   -0.01093483  0.00707763
  0.00979554  0.00000000   -0.01093483 -0.00707763    0.25045355  0.00000000

     Dynamical  Matrix in cartesian axes

     q = (   -0.666666667  -0.333333333  -0.666666667 ) 

    1    1
  0.25045355  0.00000000    0.01093483 -0.00707763    0.00979554  0.00000000
  0.01093483  0.00707763    0.27891717  0.00000000    0.01093483  0.00707763
  0.00979554  0.00000000    0.01093483 -0.00707763    0.25045355  0.00000000
    1    2
  0.09514638  0.05369142   -0.06326712 -0.03403952   -0.10669851  0.03166338
 -0.06326712 -0.03403952    0.10996217  0.04968107   -0.06326712 -0.03403952
 -0.10669851  0.03166338   -0.06326712 -0.03403952    0.09514638  0.05369142
    2    1
  0.09514638 -0.05369142   -0.06326712  0.03403952   -0.10669851 -0.03166338
 -0.06326712  0.03403952    0.10996217 -0.04968107   -0.06326712  0.03403952
 -0.10669851 -0.03166338   -0.06326712  0.03403952    0.09514638 -0.05369142
    2    2
  0.25045355  0.00000000    0.01093483  0.00707763    0.00979554  0.00000000
  0.01093483 -0.00707763    0.27891717  0.00000000    0.01093483 -0.00707763
  0.00979554  0.00000000    0.01093483  0.00707763    0.25045355  0.00000000

     Dynamical  Matrix in cartesian axes

     q = (    0.666666667  -0.333333333  -0.666666667 ) 

    1    1
  0.25045355  0.00000000   -0.01093483 -0.00707763   -0.00979554  0.00000000
 -0.01093483  0.00707763    0.27891717  0.00000000    0.01093483 -0.00707763
 -0.00979554  0.00000000    0.01093483  0.00707763    0.25045355  0.00000000
    1    2
 -0.09514638  0.05369142   -0.06326712  0.03403952   -0.10669851 -0.03166338
 -0.06326712  0.03403952   -0.10996217  0.04968107    0.06326712 -0.03403952
 -0.10669851 -0.03166338    0.06326712 -0.03403952   -0.09514638  0.05369142
    2    1
 -0.09514638 -0.05369142   -0.06326712 -0.03403952   -0.10669851  0.03166338
 -0.06326712 -0.03403952   -0.10996217 -0.04968107    0.06326712  0.03403952
 -0.10669851  0.03166338    0.06326712  0.03403952   -0.09514638 -0.05369142
    2    2
  0.25045355  0.00000000   -0.01093483  0.00707763   -0.00979554  0.00000000
 -0.01093483 -0.00707763    0.27891717  0.00000000    0.01093483  0.00707763
 -0.00979554  0.00000000    0.01093483 -0.00707763    0.25045355  0.00000000

     Dynamical  Matrix in cartesian axes

     q = (   -0.666666667  -0.333333333   0.666666667 ) 

    1    1
  0.25045355  0.00000000    0.01093483  0.00707763   -0.00979554  0.00000000
  0.01093483 -0.00707763    0.27891717  0.00000000   -0.01093483  0.00707763
 -0.00979554  0.00000000   -0.01093483 -0.00707763    0.25045355  0.00000000
    1    2
 -0.09514638  0.05369142    0.06326712 -0.03403952   -0.10669851 -0.03166338
  0.06326712 -0.03403952   -0.10996217  0.04968107   -0.06326712  0.03403952
 -0.10669851 -0.03166338   -0.06326712  0.03403952   -0.09514638  0.05369142
    2    1
 -0.09514638 -0.05369142    0.06326712  0.03403952   -0.10669851  0.03166338
  0.06326712  0.03403952   -0.10996217 -0.04968107   -0.06326712 -0.03403952
 -0.10669851  0.03166338   -0.06326712 -0.03403952   -0.09514638 -0.05369142
    2    2
  0.25045355  0.00000000    0.01093483 -0.00707763   -0.00979554  0.00000000
  0.01093483  0.00707763    0.27891717  0.00000000   -0.01093483 -0.00707763
 -0.00979554  0.00000000   -0.01093483  0.00707763    0.25045355  0.00000000

     Dynamical  Matrix in cartesian axes

     q = (   -0.333333333   0.666666667  -0.666666667 ) 

    1    1
  0.27891717  0.00000000   -0.01093483  0.00707763    0.01093483 -0.00707763
 -0.01093483 -0.00707763    0.25045355  0.00000000   -0.00979554  0.00000000
  0.01093483  0.00707763   -0.00979554  0.00000000    0.25045355  0.00000000
    1    2
 -0.10996217  0.04968107   -0.06326712  0.03403952    0.06326712 -0.03403952
 -0.06326712  0.03403952   -0.09514638  0.05369142   -0.10669851 -0.03166338
  0.06326712 -0.03403952   -0.10669851 -0.03166338   -0.09514638  0.05369142
    2    1
 -0.10996217 -0.04968107   -0.06326712 -0.03403952    0.06326712  0.03403952
 -0.06326712 -0.03403952   -0.09514638 -0.05369142   -0.10669851  0.03166338
  0.06326712  0.03403952   -0.10669851  0.03166338   -0.09514638 -0.05369142
    2    2
  0.27891717  0.00000000   -0.01093483 -0.00707763    0.01093483  0.00707763
 -0.01093483  0.00707763    0.25045355  0.00000000   -0.00979554  0.00000000
  0.01093483 -0.00707763   -0.00979554  0.00000000    0.25045355  0.00000000

     Dynamical  Matrix in cartesian axes

     q = (   -0.666666667   0.666666667  -0.333333333 ) 

    1    1
  0.25045355  0.00000000   -0.00979554  0.00000000    0.01093483  0.00707763
 -0.00979554  0.00000000    0.25045355  0.00000000   -0.01093483 -0.00707763
  0.01093483 -0.00707763   -0.01093483  0.00707763    0.27891717  0.00000000
    1    2
 -0.09514638  0.05369142   -0.10669851 -0.03166338    0.06326712 -0.03403952
 -0.10669851 -0.03166338   -0.09514638  0.05369142   -0.06326712  0.03403952
  0.06326712 -0.03403952   -0.06326712  0.03403952   -0.10996217  0.04968107
    2    1
 -0.09514638 -0.05369142   -0.10669851  0.03166338    0.06326712  0.03403952
 -0.10669851  0.03166338   -0.09514638 -0.05369142   -0.06326712 -0.03403952
  0.06326712  0.03403952   -0.06326712 -0.03403952   -0.10996217 -0.04968107
    2    2
  0.25045355  0.00000000   -0.00979554  0.00000000    0.01093483 -0.00707763
 -0.00979554  0.00000000    0.25045355  0.00000000   -0.01093483  0.00707763
  0.01093483  0.00707763   -0.01093483 -0.00707763    0.27891717  0.00000000

     Dynamical  Matrix in cartesian axes

     q = (    0.666666667   0.333333333   0.666666667 ) 

    1    1
  0.25045355  0.00000000    0.01093483  0.00707763    0.00979554  0.00000000
  0.01093483 -0.00707763    0.27891717  0.00000000    0.01093483 -0.00707763
  0.00979554  0.00000000    0.01093483  0.00707763    0.25045355  0.00000000
    1    2
  0.09514638 -0.05369142   -0.06326712  0.03403952   -0.10669851 -0.03166338
 -0.06326712  0.03403952    0.10996217 -0.04968107   -0.06326712  0.03403952
 -0.10669851 -0.03166338   -0.06326712  0.03403952    0.09514638 -0.05369142
    2    1
  0.09514638  0.05369142   -0.06326712 -0.03403952   -0.10669851  0.03166338
 -0.06326712 -0.03403952    0.10996217  0.04968107   -0.06326712 -0.03403952
 -0.10669851  0.03166338   -0.06326712 -0.03403952    0.09514638  0.05369142
    2    2
  0.25045355  0.00000000    0.01093483 -0.00707763    0.00979554  0.00000000
  0.01093483  0.00707763    0.27891717  0.00000000    0.01093483  0.00707763
  0.00979554  0.00000000    0.01093483 -0.00707763    0.25045355  0.00000000

     Dynamical  Matrix in cartesian axes

     q = (   -0.666666667   0.333333333   0.666666667 ) 

    1    1
  0.25045355  0.00000000   -0.01093483  0.00707763   -0.00979554  0.00000000
 -0.01093483 -0.00707763    0.27891717  0.00000000    0.01093483  0.00707763
 -0.00979554  0.00000000    0.01093483 -0.00707763    0.25045355  0.00000000
    1    2
 -0.09514638 -0.05369142   -0.06326712 -0.03403952   -0.10669851  0.03166338
 -0.06326712 -0.03403952   -0.10996217 -0.04968107    0.06326712  0.03403952
 -0.10669851  0.03166338    0.06326712  0.03403952   -0.09514638 -0.05369142
    2    1
 -0.09514638  0.05369142   -0.06326712  0.03403952   -0.10669851 -0.03166338
 -0.06326712  0.03403952   -0.10996217  0.04968107    0.06326712 -0.03403952
 -0.10669851 -0.03166338    0.06326712 -0.03403952   -0.09514638  0.05369142
    2    2
  0.25045355  0.00000000   -0.01093483 -0.00707763   -0.00979554  0.00000000
 -0.01093483  0.00707763    0.27891717  0.00000000    0.01093483 -0.00707763
 -0.00979554  0.00000000    0.01093483  0.00707763    0.25045355  0.00000000

     Dynamical  Matrix in cartesian axes

     q = (    0.666666667   0.333333333  -0.666666667 ) 

    1    1
  0.25045355  0.00000000    0.01093483 -0.00707763   -0.00979554  0.00000000
  0.01093483  0.00707763    0.27891717  0.00000000   -0.01093483 -0.00707763
 -0.00979554  0.00000000   -0.01093483  0.00707763    0.25045355  0.00000000
    1    2
 -0.09514638 -0.05369142    0.06326712  0.03403952   -0.10669851  0.03166338
  0.06326712  0.03403952   -0.10996217 -0.04968107   -0.06326712 -0.03403952
 -0.10669851  0.03166338   -0.06326712 -0.03403952   -0.09514638 -0.05369142
    2    1
 -0.09514638  0.05369142    0.06326712 -0.03403952   -0.10669851 -0.03166338
  0.06326712 -0.03403952   -0.10996217  0.04968107   -0.06326712  0.03403952
 -0.10669851 -0.03166338   -0.06326712  0.03403952   -0.09514638  0.05369142
    2    2
  0.25045355  0.00000000    0.01093483  0.00707763   -0.00979554  0.00000000
  0.01093483 -0.00707763    0.27891717  0.00000000   -0.01093483  0.00707763
 -0.00979554  0.00000000   -0.01093483 -0.00707763    0.25045355  0.00000000

     Dynamical  Matrix in cartesian axes

     q = (   -0.333333333   0.666666667   0.666666667 ) 

    1    1
  0.27891717  0.00000000   -0.01093483 -0.00707763   -0.01093483 -0.00707763
 -0.01093483  0.00707763    0.25045355  0.00000000    0.00979554  0.00000000
 -0.01093483  0.00707763    0.00979554  0.00000000    0.25045355  0.00000000
    1    2
 -0.09800616  0.07038949   -0.06111265  0.03777117   -0.06111265  0.03777117
 -0.06111265  0.03777117   -0.09407133  0.05555347    0.02592797 -0.10823531
 -0.06111265  0.03777117    0.02592797 -0.10823531   -0.09407133  0.05555347
    2    1
 -0.09800616 -0.07038949   -0.06111265 -0.03777117   -0.06111265 -0.03777117
 -0.06111265 -0.03777117   -0.09407133 -0.05555347    0.02592797  0.10823531
 -0.06111265 -0.03777117    0.02592797  0.10823531   -0.09407133 -0.05555347
    2    2
  0.27891717  0.00000000   -0.01093483  0.00707763   -0.01093483  0.00707763
 -0.01093483 -0.00707763    0.25045355  0.00000000    0.00979554  0.00000000
 -0.01093483 -0.00707763    0.00979554  0.00000000    0.25045355  0.00000000

     Dynamical  Matrix in cartesian axes

     q = (    0.333333333   0.666666667  -0.666666667 ) 

    1    1
  0.27891717  0.00000000    0.01093483  0.00707763   -0.01093483 -0.00707763
  0.01093483 -0.00707763    0.25045355  0.00000000   -0.00979554  0.00000000
 -0.01093483  0.00707763   -0.00979554  0.00000000    0.25045355  0.00000000
    1    2
 -0.10996217 -0.04968107    0.06326712  0.03403952   -0.06326712 -0.03403952
  0.06326712  0.03403952   -0.09514638 -0.05369142   -0.10669851  0.03166338
 -0.06326712 -0.03403952   -0.10669851  0.03166338   -0.09514638 -0.05369142
    2    1
 -0.10996217  0.04968107    0.06326712 -0.03403952   -0.06326712  0.03403952
  0.06326712 -0.03403952   -0.09514638  0.05369142   -0.10669851 -0.03166338
 -0.06326712  0.03403952   -0.10669851 -0.03166338   -0.09514638  0.05369142
    2    2
  0.27891717  0.00000000    0.01093483 -0.00707763   -0.01093483  0.00707763
  0.01093483  0.00707763    0.25045355  0.00000000   -0.00979554  0.00000000
 -0.01093483 -0.00707763   -0.00979554  0.00000000    0.25045355  0.00000000

     Dynamical  Matrix in cartesian axes

     q = (   -0.333333333  -0.666666667  -0.666666667 ) 

    1    1
  0.27891717  0.00000000    0.01093483  0.00707763    0.01093483  0.00707763
  0.01093483 -0.00707763    0.25045355  0.00000000    0.00979554  0.00000000
  0.01093483 -0.00707763    0.00979554  0.00000000    0.25045355  0.00000000
    1    2
  0.10996217  0.04968107   -0.06326712 -0.03403952   -0.06326712 -0.03403952
 -0.06326712 -0.03403952    0.09514638  0.05369142   -0.10669851  0.03166338
 -0.06326712 -0.03403952   -0.10669851  0.03166338    0.09514638  0.05369142
    2    1
  0.10996217 -0.04968107   -0.06326712  0.03403952   -0.06326712  0.03403952
 -0.06326712  0.03403952    0.09514638 -0.05369142   -0.10669851 -0.03166338
 -0.06326712  0.03403952   -0.10669851 -0.03166338    0.09514638 -0.05369142
    2    2
  0.27891717  0.00000000    0.01093483 -0.00707763    0.01093483 -0.00707763
  0.01093483  0.00707763    0.25045355  0.00000000    0.00979554  0.00000000
  0.01093483  0.00707763    0.00979554  0.00000000    0.25045355  0.00000000

     Dynamical  Matrix in cartesian axes

     q = (    0.666666667  -0.666666667   0.333333333 ) 

    1    1
  0.25045355  0.00000000   -0.00979554  0.00000000    0.01093483 -0.00707763
 -0.00979554  0.00000000    0.25045355  0.00000000   -0.01093483  0.00707763
  0.01093483  0.00707763   -0.01093483 -0.00707763    0.27891717  0.00000000
    1    2
 -0.09514638 -0.05369142   -0.10669851  0.03166338    0.06326712  0.03403952
 -0.10669851  0.03166338   -0.09514638 -0.05369142   -0.06326712 -0.03403952
  0.06326712  0.03403952   -0.06326712 -0.03403952   -0.10996217 -0.04968107
    2    1
 -0.09514638  0.05369142   -0.10669851 -0.03166338    0.06326712 -0.03403952
 -0.10669851 -0.03166338   -0.09514638  0.05369142   -0.06326712  0.03403952
  0.06326712 -0.03403952   -0.06326712  0.03403952   -0.10996217  0.04968107
    2    2
  0.25045355  0.00000000   -0.00979554  0.00000000    0.01093483  0.00707763
 -0.00979554  0.00000000    0.25045355  0.00000000   -0.01093483 -0.00707763
  0.01093483 -0.00707763   -0.01093483  0.00707763    0.27891717  0.00000000

     Dynamical  Matrix in cartesian axes

     q = (    0.666666667   0.666666667  -0.333333333 ) 

    1    1
  0.25045355  0.00000000    0.00979554  0.00000000   -0.01093483  0.00707763
  0.00979554  0.00000000    0.25045355  0.00000000   -0.01093483  0.00707763
 -0.01093483 -0.00707763   -0.01093483 -0.00707763    0.27891717  0.00000000
    1    2
 -0.09407133  0.05555347    0.02592797 -0.10823531   -0.06111265  0.03777117
  0.02592797 -0.10823531   -0.09407133  0.05555347   -0.06111265  0.03777117
 -0.06111265  0.03777117   -0.06111265  0.03777117   -0.09800616  0.07038949
    2    1
 -0.09407133 -0.05555347    0.02592797  0.10823531   -0.06111265 -0.03777117
  0.02592797  0.10823531   -0.09407133 -0.05555347   -0.06111265 -0.03777117
 -0.06111265 -0.03777117   -0.06111265 -0.03777117   -0.09800616 -0.07038949
    2    2
  0.25045355  0.00000000    0.00979554  0.00000000   -0.01093483 -0.00707763
  0.00979554  0.00000000    0.25045355  0.00000000   -0.01093483 -0.00707763
 -0.01093483  0.00707763   -0.01093483  0.00707763    0.27891717  0.00000000

     Dynamical  Matrix in cartesian axes

     q = (   -0.666666667  -0.666666667  -0.333333333 ) 

    1    1
  0.25045355  0.00000000    0.00979554  0.00000000    0.01093483 -0.00707763
  0.00979554  0.00000000    0.25045355  0.00000000    0.01093483 -0.00707763
  0.01093483  0.00707763    0.01093483  0.00707763    0.27891717  0.00000000
    1    2
  0.09514638  0.05369142   -0.10669851  0.03166338   -0.06326712 -0.03403952
 -0.10669851  0.03166338    0.09514638  0.05369142   -0.06326712 -0.03403952
 -0.06326712 -0.03403952   -0.06326712 -0.03403952    0.10996217  0.04968107
    2    1
  0.09514638 -0.05369142   -0.10669851 -0.03166338   -0.06326712  0.03403952
 -0.10669851 -0.03166338    0.09514638 -0.05369142   -0.06326712  0.03403952
 -0.06326712  0.03403952   -0.06326712  0.03403952    0.10996217 -0.04968107
    2    2
  0.25045355  0.00000000    0.00979554  0.00000000    0.01093483  0.00707763
  0.00979554  0.00000000    0.25045355  0.00000000    0.01093483  0.00707763
  0.01093483 -0.00707763    0.01093483 -0.00707763    0.27891717  0.00000000

     Dynamical  Matrix in cartesian axes

     q = (   -0.666666667   0.666666667   0.333333333 ) 

    1    1
  0.25045355  0.00000000   -0.00979554  0.00000000   -0.01093483  0.00707763
 -0.00979554  0.00000000    0.25045355  0.00000000    0.01093483 -0.00707763
 -0.01093483 -0.00707763    0.01093483  0.00707763    0.27891717  0.00000000
    1    2
 -0.09514638 -0.05369142   -0.10669851  0.03166338   -0.06326712 -0.03403952
 -0.10669851  0.03166338   -0.09514638 -0.05369142    0.06326712  0.03403952
 -0.06326712 -0.03403952    0.06326712  0.03403952   -0.10996217 -0.04968107
    2    1
 -0.09514638  0.05369142   -0.10669851 -0.03166338   -0.06326712  0.03403952
 -0.10669851 -0.03166338   -0.09514638  0.05369142    0.06326712 -0.03403952
 -0.06326712  0.03403952    0.06326712 -0.03403952   -0.10996217  0.04968107
    2    2
  0.25045355  0.00000000   -0.00979554  0.00000000   -0.01093483 -0.00707763
 -0.00979554  0.00000000    0.25045355  0.00000000    0.01093483  0.00707763
 -0.01093483  0.00707763    0.01093483 -0.00707763    0.27891717  0.00000000

     Dynamical  Matrix in cartesian axes

     q = (    0.333333333  -0.666666667   0.666666667 ) 

    1    1
  0.27891717  0.00000000   -0.01093483 -0.00707763    0.01093483  0.00707763
 -0.01093483  0.00707763    0.25045355  0.00000000   -0.00979554  0.00000000
  0.01093483 -0.00707763   -0.00979554  0.00000000    0.25045355  0.00000000
    1    2
 -0.10996217 -0.04968107   -0.06326712 -0.03403952    0.06326712  0.03403952
 -0.06326712 -0.03403952   -0.09514638 -0.05369142   -0.10669851  0.03166338
  0.06326712  0.03403952   -0.10669851  0.03166338   -0.09514638 -0.05369142
    2    1
 -0.10996217  0.04968107   -0.06326712  0.03403952    0.06326712 -0.03403952
 -0.06326712  0.03403952   -0.09514638  0.05369142   -0.10669851 -0.03166338
  0.06326712 -0.03403952   -0.10669851 -0.03166338   -0.09514638  0.05369142
    2    2
  0.27891717  0.00000000   -0.01093483  0.00707763    0.01093483 -0.00707763
 -0.01093483 -0.00707763    0.25045355  0.00000000   -0.00979554  0.00000000
  0.01093483  0.00707763   -0.00979554  0.00000000    0.25045355  0.00000000

     Dynamical  Matrix in cartesian axes

     q = (    0.333333333   0.666666667   0.666666667 ) 

    1    1
  0.27891717  0.00000000    0.01093483 -0.00707763    0.01093483 -0.00707763
  0.01093483  0.00707763    0.25045355  0.00000000    0.00979554  0.00000000
  0.01093483  0.00707763    0.00979554  0.00000000    0.25045355  0.00000000
    1    2
  0.10996217 -0.04968107   -0.06326712  0.03403952   -0.06326712  0.03403952
 -0.06326712  0.03403952    0.09514638 -0.05369142   -0.10669851 -0.03166338
 -0.06326712  0.03403952   -0.10669851 -0.03166338    0.09514638 -0.05369142
    2    1
  0.10996217  0.04968107   -0.06326712 -0.03403952   -0.06326712 -0.03403952
 -0.06326712 -0.03403952    0.09514638  0.05369142   -0.10669851  0.03166338
 -0.06326712 -0.03403952   -0.10669851  0.03166338    0.09514638  0.05369142
    2    2
  0.27891717  0.00000000    0.01093483  0.00707763    0.01093483  0.00707763
  0.01093483 -0.00707763    0.25045355  0.00000000    0.00979554  0.00000000
  0.01093483 -0.00707763    0.00979554  0.00000000    0.25045355  0.00000000

     Dynamical  Matrix in cartesian axes

     q = (   -0.666666667   0.333333333  -0.666666667 ) 

    1    1
  0.25045355  0.00000000   -0.01093483 -0.00707763    0.00979554  0.00000000
 -0.01093483  0.00707763    0.27891717  0.00000000   -0.01093483  0.00707763
  0.00979554  0.00000000   -0.01093483 -0.00707763    0.25045355  0.00000000
    1    2
 -0.09407133 -0.05555347   -0.06111265 -0.03777117    0.02592797  0.10823531
 -0.06111265 -0.03777117   -0.09800616 -0.07038949   -0.06111265 -0.03777117
  0.02592797  0.10823531   -0.06111265 -0.03777117   -0.09407133 -0.05555347
    2    1
 -0.09407133  0.05555347   -0.06111265  0.03777117    0.02592797 -0.10823531
 -0.06111265  0.03777117   -0.09800616  0.07038949   -0.06111265  0.03777117
  0.02592797 -0.10823531   -0.06111265  0.03777117   -0.09407133  0.05555347
    2    2
  0.25045355  0.00000000   -0.01093483  0.00707763    0.00979554  0.00000000
 -0.01093483 -0.00707763    0.27891717  0.00000000   -0.01093483 -0.00707763
  0.00979554  0.00000000   -0.01093483  0.00707763    0.25045355  0.00000000

     Dynamical  Matrix in cartesian axes

     q = (   -0.333333333  -0.666666667   0.666666667 ) 

    1    1
  0.27891717  0.00000000    0.01093483 -0.00707763   -0.01093483  0.00707763
  0.01093483  0.00707763    0.25045355  0.00000000   -0.00979554  0.00000000
 -0.01093483 -0.00707763   -0.00979554  0.00000000    0.25045355  0.00000000
    1    2
 -0.10996217  0.04968107    0.06326712 -0.03403952   -0.06326712  0.03403952
  0.06326712 -0.03403952   -0.09514638  0.05369142   -0.10669851 -0.03166338
 -0.06326712  0.03403952   -0.10669851 -0.03166338   -0.09514638  0.05369142
    2    1
 -0.10996217 -0.04968107    0.06326712  0.03403952   -0.06326712 -0.03403952
  0.06326712  0.03403952   -0.09514638 -0.05369142   -0.10669851  0.03166338
 -0.06326712 -0.03403952   -0.10669851  0.03166338   -0.09514638 -0.05369142
    2    2
  0.27891717  0.00000000    0.01093483  0.00707763   -0.01093483 -0.00707763
  0.01093483 -0.00707763    0.25045355  0.00000000   -0.00979554  0.00000000
 -0.01093483  0.00707763   -0.00979554  0.00000000    0.25045355  0.00000000

     Dynamical  Matrix in cartesian axes

     q = (   -0.666666667  -0.666666667   0.333333333 ) 

    1    1
  0.25045355  0.00000000    0.00979554  0.00000000   -0.01093483 -0.00707763
  0.00979554  0.00000000    0.25045355  0.00000000   -0.01093483 -0.00707763
 -0.01093483  0.00707763   -0.01093483  0.00707763    0.27891717  0.00000000
    1    2
 -0.09407133 -0.05555347    0.02592797  0.10823531   -0.06111265 -0.03777117
  0.02592797  0.10823531   -0.09407133 -0.05555347   -0.06111265 -0.03777117
 -0.06111265 -0.03777117   -0.06111265 -0.03777117   -0.09800616 -0.07038949
    2    1
 -0.09407133  0.05555347    0.02592797 -0.10823531   -0.06111265  0.03777117
  0.02592797 -0.10823531   -0.09407133  0.05555347   -0.06111265  0.03777117
 -0.06111265  0.03777117   -0.06111265  0.03777117   -0.09800616  0.07038949
    2    2
  0.25045355  0.00000000    0.00979554  0.00000000   -0.01093483  0.00707763
  0.00979554  0.00000000    0.25045355  0.00000000   -0.01093483  0.00707763
 -0.01093483 -0.00707763   -0.01093483 -0.00707763    0.27891717  0.00000000

     Dynamical  Matrix in cartesian axes

     q = (    0.666666667   0.666666667   0.333333333 ) 

    1    1
  0.25045355  0.00000000    0.00979554  0.00000000    0.01093483  0.00707763
  0.00979554  0.00000000    0.25045355  0.00000000    0.01093483  0.00707763
  0.01093483 -0.00707763    0.01093483 -0.00707763    0.27891717  0.00000000
    1    2
  0.09514638 -0.05369142   -0.10669851 -0.03166338   -0.06326712  0.03403952
 -0.10669851 -0.03166338    0.09514638 -0.05369142   -0.06326712  0.03403952
 -0.06326712  0.03403952   -0.06326712  0.03403952    0.10996217 -0.04968107
    2    1
  0.09514638  0.05369142   -0.10669851  0.03166338   -0.06326712 -0.03403952
 -0.10669851  0.03166338    0.09514638  0.05369142   -0.06326712 -0.03403952
 -0.06326712 -0.03403952   -0.06326712 -0.03403952    0.10996217  0.04968107
    2    2
  0.25045355  0.00000000    0.00979554  0.00000000    0.01093483 -0.00707763
  0.00979554  0.00000000    0.25045355  0.00000000    0.01093483 -0.00707763
  0.01093483  0.00707763    0.01093483  0.00707763    0.27891717  0.00000000

     Dynamical  Matrix in cartesian axes

     q = (    0.333333333  -0.666666667  -0.666666667 ) 

    1    1
  0.27891717  0.00000000   -0.01093483  0.00707763   -0.01093483  0.00707763
 -0.01093483 -0.00707763    0.25045355  0.00000000    0.00979554  0.00000000
 -0.01093483 -0.00707763    0.00979554  0.00000000    0.25045355  0.00000000
    1    2
 -0.09800616 -0.07038949   -0.06111265 -0.03777117   -0.06111265 -0.03777117
 -0.06111265 -0.03777117   -0.09407133 -0.05555347    0.02592797  0.10823531
 -0.06111265 -0.03777117    0.02592797  0.10823531   -0.09407133 -0.05555347
    2    1
 -0.09800616  0.07038949   -0.06111265  0.03777117   -0.06111265  0.03777117
 -0.06111265  0.03777117   -0.09407133  0.05555347    0.02592797 -0.10823531
 -0.06111265  0.03777117    0.02592797 -0.10823531   -0.09407133  0.05555347
    2    2
  0.27891717  0.00000000   -0.01093483 -0.00707763   -0.01093483 -0.00707763
 -0.01093483  0.00707763    0.25045355  0.00000000    0.00979554  0.00000000
 -0.01093483  0.00707763    0.00979554  0.00000000    0.25045355  0.00000000

     Dynamical  Matrix in cartesian axes

     q = (    0.666666667  -0.666666667  -0.333333333 ) 

    1    1
  0.25045355  0.00000000   -0.00979554  0.00000000   -0.01093483 -0.00707763
 -0.00979554  0.00000000    0.25045355  0.00000000    0.01093483  0.00707763
 -0.01093483  0.00707763    0.01093483 -0.00707763    0.27891717  0.00000000
    1    2
 -0.09514638  0.05369142   -0.10669851 -0.03166338   -0.06326712  0.03403952
 -0.10669851 -0.03166338   -0.09514638  0.05369142    0.06326712 -0.03403952
 -0.06326712  0.03403952    0.06326712 -0.03403952   -0.10996217  0.04968107
    2    1
 -0.09514638 -0.05369142   -0.10669851  0.03166338   -0.06326712 -0.03403952
 -0.10669851  0.03166338   -0.09514638 -0.05369142    0.06326712  0.03403952
 -0.06326712 -0.03403952    0.06326712  0.03403952   -0.10996217 -0.04968107
    2    2
  0.25045355  0.00000000   -0.00979554  0.00000000   -0.01093483  0.00707763
 -0.00979554  0.00000000    0.25045355  0.00000000    0.01093483 -0.00707763
 -0.01093483 -0.00707763    0.01093483  0.00707763    0.27891717  0.00000000

     Diagonalizing the dynamical matrix

     q = (    0.666666667  -0.333333333   0.666666667 ) 

 **************************************************************************
     freq (    1) =       3.987895 [THz] =     133.021859 [cm-1]
 ( -0.295502  0.403335  0.000000  0.000000  0.295502 -0.403335 ) 
 ( -0.500000  0.000000 -0.000000  0.000000  0.500000  0.000000 ) 
     freq (    2) =       5.171859 [THz] =     172.514663 [cm-1]
 (  0.328009  0.030244  0.507872 -0.158292  0.328009  0.030244 ) 
 (  0.329401 -0.000000  0.491193  0.204253  0.329401  0.000000 ) 
     freq (    3) =       9.600521 [THz] =     320.238912 [cm-1]
 (  0.126039 -0.389263  0.119745  0.388378  0.126039 -0.389263 ) 
 ( -0.409160 -0.000000  0.332605  0.233559 -0.409160  0.000000 ) 
     freq (    4) =      11.873605 [THz] =     396.060830 [cm-1]
 (  0.073748 -0.355137  0.130708  0.468821  0.073748 -0.355137 ) 
 (  0.362713  0.000000 -0.432452 -0.223300  0.362713  0.000000 ) 
     freq (    5) =      13.696525 [THz] =     456.866913 [cm-1]
 (  0.295502 -0.403335  0.000000 -0.000000 -0.295502  0.403335 ) 
 ( -0.500000 -0.000000 -0.000000 -0.000000  0.500000  0.000000 ) 
     freq (    6) =      14.000472 [THz] =     467.005478 [cm-1]
 (  0.273612  0.132886  0.544780 -0.134799  0.273612  0.132886 ) 
 ( -0.304175 -0.000000 -0.431152 -0.359254 -0.304175  0.000000 ) 
 **************************************************************************
