Dynamical matrix file
                                                                           
  1    2  2 10.3160000  0.0000000  0.0000000  0.0000000  0.0000000  0.0000000
           1  'Si  '    25598.8229845270     
    1    1      0.0000000000      0.0000000000      0.0000000000
    2    1      0.2500000000      0.2500000000      0.2500000000

     Dynamical  Matrix in cartesian axes

     q = (    0.666666667   0.000000000   0.666666667 ) 

    1    1
  0.25004025  0.00000000    0.00000000  0.00799332    0.00772185  0.00000000
  0.00000000 -0.00799332    0.29403550  0.00000000    0.00000000 -0.00799332
  0.00772185  0.00000000    0.00000000  0.00799332    0.25004025  0.00000000
    1    2
  0.02992607  0.05183348   -0.06529026  0.03769535   -0.06825069 -0.11821367
 -0.06529026  0.03769535    0.04130598  0.07154405   -0.06529026  0.03769535
 -0.06825069 -0.11821367   -0.06529026  0.03769535    0.02992607  0.05183348
    2    1
  0.02992607 -0.05183348   -0.06529026 -0.03769535   -0.06825069  0.11821367
 -0.06529026 -0.03769535    0.04130598 -0.07154405   -0.06529026 -0.03769535
 -0.06825069  0.11821367   -0.06529026 -0.03769535    0.02992607 -0.05183348
    2    2
  0.25004025  0.00000000    0.00000000 -0.00799332    0.00772185  0.00000000
  0.00000000  0.00799332    0.29403550  0.00000000    0.00000000  0.00799332
  0.00772185  0.00000000    0.00000000 -0.00799332    0.25004025  0.00000000

     Dynamical  Matrix in cartesian axes

     q = (   -0.666666667   0.000000000   0.666666667 ) 

    1    1
  0.25004025  0.00000000   -0.00000000  0.00799332   -0.00772185  0.00000000
 -0.00000000 -0.00799332    0.29403550  0.00000000   -0.00000000  0.00799332
 -0.00772185  0.00000000   -0.00000000 -0.00799332    0.25004025  0.00000000
    1    2
 -0.05985215  0.00000000   -0.00000000 -0.07539070   -0.13650138  0.00000000
  0.00000000 -0.07539070   -0.08261195 -0.00000000    0.00000000  0.07539070
 -0.13650138  0.00000000    0.00000000  0.07539070   -0.05985215  0.00000000
    2    1
 -0.05985215 -0.00000000    0.00000000  0.07539070   -0.13650138  0.00000000
  0.00000000  0.07539070   -0.08261195 -0.00000000    0.00000000 -0.07539070
 -0.13650138  0.00000000   -0.00000000 -0.07539070   -0.05985215 -0.00000000
    2    2
  0.25004025  0.00000000    0.00000000 -0.00799332   -0.00772185  0.00000000
  0.00000000  0.00799332    0.29403550  0.00000000    0.00000000 -0.00799332
 -0.00772185  0.00000000    0.00000000  0.00799332    0.25004025  0.00000000

     Dynamical  Matrix in cartesian axes

     q = (   -0.666666667   0.000000000  -0.666666667 ) 

    1    1
  0.25004025  0.00000000    0.00000000 -0.00799332    0.00772185  0.00000000
  0.00000000  0.00799332    0.29403550  0.00000000    0.00000000  0.00799332
  0.00772185  0.00000000    0.00000000 -0.00799332    0.25004025  0.00000000
    1    2
  0.02992607 -0.05183348   -0.06529026 -0.03769535   -0.06825069  0.11821367
 -0.06529026 -0.03769535    0.04130598 -0.07154405   -0.06529026 -0.03769535
 -0.06825069  0.11821367   -0.06529026 -0.03769535    0.02992607 -0.05183348
    2    1
  0.02992607  0.05183348   -0.06529026  0.03769535   -0.06825069 -0.11821367
 -0.06529026  0.03769535    0.04130598  0.07154405   -0.06529026  0.03769535
 -0.06825069 -0.11821367   -0.06529026  0.03769535    0.02992607  0.05183348
    2    2
  0.25004025  0.00000000    0.00000000  0.00799332    0.00772185  0.00000000
  0.00000000 -0.00799332    0.29403550  0.00000000    0.00000000 -0.00799332
  0.00772185  0.00000000    0.00000000  0.00799332    0.25004025  0.00000000

     Dynamical  Matrix in cartesian axes

     q = (    0.666666667   0.000000000  -0.666666667 ) 

    1    1
  0.25004025  0.00000000    0.00000000 -0.00799332   -0.00772185  0.00000000
  0.00000000  0.00799332    0.29403550  0.00000000    0.00000000 -0.00799332
 -0.00772185  0.00000000    0.00000000  0.00799332    0.25004025  0.00000000
    1    2
 -0.05985215  0.00000000    0.00000000  0.07539070   -0.13650138  0.00000000
  0.00000000  0.07539070   -0.08261195 -0.00000000    0.00000000 -0.07539070
 -0.13650138  0.00000000   -0.00000000 -0.07539070   -0.05985215  0.00000000
    2    1
 -0.05985215 -0.00000000   -0.00000000 -0.07539070   -0.13650138  0.00000000
 -0.00000000 -0.07539070   -0.08261195 -0.00000000   -0.00000000  0.07539070
 -0.13650138  0.00000000    0.00000000  0.07539070   -0.05985215 -0.00000000
    2    2
  0.25004025  0.00000000    0.00000000  0.00799332   -0.00772185  0.00000000
  0.00000000 -0.00799332    0.29403550  0.00000000    0.00000000  0.00799332
 -0.00772185  0.00000000    0.00000000 -0.00799332    0.25004025  0.00000000

     Dynamical  Matrix in cartesian axes

     q = (    0.000000000   0.666666667  -0.666666667 ) 

    1    1
  0.29403550  0.00000000    0.00000000  0.00799332    0.00000000 -0.00799332
  0.00000000 -0.00799332    0.25004025  0.00000000   -0.00772185  0.00000000
  0.00000000  0.00799332   -0.00772185  0.00000000    0.25004025  0.00000000
    1    2
 -0.08261195 -0.00000000    0.00000000  0.07539070    0.00000000 -0.07539070
  0.00000000  0.07539070   -0.05985215  0.00000000   -0.13650138 -0.00000000
 -0.00000000 -0.07539070   -0.13650138 -0.00000000   -0.05985215  0.00000000
    2    1
 -0.08261195 -0.00000000   -0.00000000 -0.07539070    0.00000000  0.07539070
  0.00000000 -0.07539070   -0.05985215  0.00000000   -0.13650138  0.00000000
 -0.00000000  0.07539070   -0.13650138  0.00000000   -0.05985215  0.00000000
    2    2
  0.29403550  0.00000000   -0.00000000 -0.00799332    0.00000000  0.00799332
  0.00000000  0.00799332    0.25004025  0.00000000   -0.00772185  0.00000000
  0.00000000 -0.00799332   -0.00772185  0.00000000    0.25004025  0.00000000

     Dynamical  Matrix in cartesian axes

     q = (   -0.666666667   0.666666667   0.000000000 ) 

    1    1
  0.25004025  0.00000000   -0.00772185  0.00000000   -0.00000000  0.00799332
 -0.00772185  0.00000000    0.25004025  0.00000000   -0.00000000 -0.00799332
 -0.00000000 -0.00799332   -0.00000000  0.00799332    0.29403550  0.00000000
    1    2
 -0.05985215 -0.00000000   -0.13650138 -0.00000000    0.00000000 -0.07539070
 -0.13650138 -0.00000000   -0.05985215 -0.00000000   -0.00000000  0.07539070
  0.00000000 -0.07539070   -0.00000000  0.07539070   -0.08261195 -0.00000000
    2    1
 -0.05985215 -0.00000000   -0.13650138  0.00000000    0.00000000  0.07539070
 -0.13650138  0.00000000   -0.05985215 -0.00000000   -0.00000000 -0.07539070
  0.00000000  0.07539070   -0.00000000 -0.07539070   -0.08261195  0.00000000
    2    2
  0.25004025  0.00000000   -0.00772185  0.00000000    0.00000000 -0.00799332
 -0.00772185  0.00000000    0.25004025  0.00000000    0.00000000  0.00799332
  0.00000000  0.00799332    0.00000000 -0.00799332    0.29403550  0.00000000

     Dynamical  Matrix in cartesian axes

     q = (    0.000000000   0.666666667   0.666666667 ) 

    1    1
  0.29403550  0.00000000    0.00000000 -0.00799332    0.00000000 -0.00799332
  0.00000000  0.00799332    0.25004025  0.00000000    0.00772185  0.00000000
  0.00000000  0.00799332    0.00772185  0.00000000    0.25004025  0.00000000
    1    2
  0.04130598  0.07154405   -0.06529026  0.03769535   -0.06529026  0.03769535
 -0.06529026  0.03769535    0.02992607  0.05183348   -0.06825069 -0.11821367
 -0.06529026  0.03769535   -0.06825069 -0.11821367    0.02992607  0.05183348
    2    1
  0.04130598 -0.07154405   -0.06529026 -0.03769535   -0.06529026 -0.03769535
 -0.06529026 -0.03769535    0.02992607 -0.05183348   -0.06825069  0.11821367
 -0.06529026 -0.03769535   -0.06825069  0.11821367    0.02992607 -0.05183348
    2    2
  0.29403550  0.00000000   -0.00000000  0.00799332    0.00000000  0.00799332
 -0.00000000 -0.00799332    0.25004025  0.00000000    0.00772185  0.00000000
  0.00000000 -0.00799332    0.00772185  0.00000000    0.25004025  0.00000000

     Dynamical  Matrix in cartesian axes

     q = (    0.000000000  -0.666666667  -0.666666667 ) 

    1    1
  0.29403550  0.00000000    0.00000000  0.00799332    0.00000000  0.00799332
  0.00000000 -0.00799332    0.25004025  0.00000000    0.00772185  0.00000000
  0.00000000 -0.00799332    0.00772185  0.00000000    0.25004025  0.00000000
    1    2
  0.04130598 -0.07154405   -0.06529026 -0.03769535   -0.06529026 -0.03769535
 -0.06529026 -0.03769535    0.02992607 -0.05183348   -0.06825069  0.11821367
 -0.06529026 -0.03769535   -0.06825069  0.11821367    0.02992607 -0.05183348
    2    1
  0.04130598  0.07154405   -0.06529026  0.03769535   -0.06529026  0.03769535
 -0.06529026  0.03769535    0.02992607  0.05183348   -0.06825069 -0.11821367
 -0.06529026  0.03769535   -0.06825069 -0.11821367    0.02992607  0.05183348
    2    2
  0.29403550  0.00000000    0.00000000 -0.00799332   -0.00000000 -0.00799332
  0.00000000  0.00799332    0.25004025  0.00000000    0.00772185  0.00000000
 -0.00000000  0.00799332    0.00772185  0.00000000    0.25004025  0.00000000

     Dynamical  Matrix in cartesian axes

     q = (    0.666666667  -0.666666667   0.000000000 ) 

    1    1
  0.25004025  0.00000000   -0.00772185  0.00000000    0.00000000 -0.00799332
 -0.00772185  0.00000000    0.25004025  0.00000000    0.00000000  0.00799332
  0.00000000  0.00799332    0.00000000 -0.00799332    0.29403550  0.00000000
    1    2
 -0.05985215 -0.00000000   -0.13650138  0.00000000    0.00000000  0.07539070
 -0.13650138  0.00000000   -0.05985215 -0.00000000   -0.00000000 -0.07539070
  0.00000000  0.07539070   -0.00000000 -0.07539070   -0.08261195  0.00000000
    2    1
 -0.05985215 -0.00000000   -0.13650138 -0.00000000    0.00000000 -0.07539070
 -0.13650138 -0.00000000   -0.05985215 -0.00000000   -0.00000000  0.07539070
  0.00000000 -0.07539070   -0.00000000  0.07539070   -0.08261195 -0.00000000
    2    2
  0.25004025  0.00000000   -0.00772185  0.00000000    0.00000000  0.00799332
 -0.00772185  0.00000000    0.25004025  0.00000000    0.00000000 -0.00799332
  0.00000000 -0.00799332    0.00000000  0.00799332    0.29403550  0.00000000

     Dynamical  Matrix in cartesian axes

     q = (    0.666666667   0.666666667   0.000000000 ) 

    1    1
  0.25004025  0.00000000    0.00772185  0.00000000    0.00000000  0.00799332
  0.00772185  0.00000000    0.25004025  0.00000000    0.00000000  0.00799332
  0.00000000 -0.00799332    0.00000000 -0.00799332    0.29403550  0.00000000
    1    2
  0.02992607  0.05183348   -0.06825069 -0.11821367   -0.06529026  0.03769535
 -0.06825069 -0.11821367    0.02992607  0.05183348   -0.06529026  0.03769535
 -0.06529026  0.03769535   -0.06529026  0.03769535    0.04130598  0.07154405
    2    1
  0.02992607 -0.05183348   -0.06825069  0.11821367   -0.06529026 -0.03769535
 -0.06825069  0.11821367    0.02992607 -0.05183348   -0.06529026 -0.03769535
 -0.06529026 -0.03769535   -0.06529026 -0.03769535    0.04130598 -0.07154405
    2    2
  0.25004025  0.00000000    0.00772185  0.00000000    0.00000000 -0.00799332
  0.00772185  0.00000000    0.25004025  0.00000000    0.00000000 -0.00799332
  0.00000000  0.00799332    0.00000000  0.00799332    0.29403550  0.00000000

     Dynamical  Matrix in cartesian axes

     q = (   -0.666666667  -0.666666667   0.000000000 ) 

    1    1
  0.25004025  0.00000000    0.00772185  0.00000000    0.00000000 -0.00799332
  0.00772185  0.00000000    0.25004025  0.00000000    0.00000000 -0.00799332
  0.00000000  0.00799332    0.00000000  0.00799332    0.29403550  0.00000000
    1    2
  0.02992607 -0.05183348   -0.06825069  0.11821367   -0.06529026 -0.03769535
 -0.06825069  0.11821367    0.02992607 -0.05183348   -0.06529026 -0.03769535
 -0.06529026 -0.03769535   -0.06529026 -0.03769535    0.04130598 -0.07154405
    2    1
  0.02992607  0.05183348   -0.06825069 -0.11821367   -0.06529026  0.03769535
 -0.06825069 -0.11821367    0.02992607  0.05183348   -0.06529026  0.03769535
 -0.06529026  0.03769535   -0.06529026  0.03769535    0.04130598  0.07154405
    2    2
  0.25004025  0.00000000    0.00772185  0.00000000    0.00000000  0.00799332
  0.00772185  0.00000000    0.25004025  0.00000000    0.00000000  0.00799332
  0.00000000 -0.00799332    0.00000000 -0.00799332    0.29403550  0.00000000

     Dynamical  Matrix in cartesian axes

     q = (    0.000000000  -0.666666667   0.666666667 ) 

    1    1
  0.29403550  0.00000000   -0.00000000 -0.00799332    0.00000000  0.00799332
  0.00000000  0.00799332    0.25004025  0.00000000   -0.00772185  0.00000000
  0.00000000 -0.00799332   -0.00772185  0.00000000    0.25004025  0.00000000
    1    2
 -0.08261195 -0.00000000   -0.00000000 -0.07539070    0.00000000  0.07539070
  0.00000000 -0.07539070   -0.05985215  0.00000000   -0.13650138  0.00000000
 -0.00000000  0.07539070   -0.13650138  0.00000000   -0.05985215  0.00000000
    2    1
 -0.08261195 -0.00000000    0.00000000  0.07539070    0.00000000 -0.07539070
  0.00000000  0.07539070   -0.05985215  0.00000000   -0.13650138 -0.00000000
 -0.00000000 -0.07539070   -0.13650138 -0.00000000   -0.05985215  0.00000000
    2    2
  0.29403550  0.00000000    0.00000000  0.00799332    0.00000000 -0.00799332
  0.00000000 -0.00799332    0.25004025  0.00000000   -0.00772185  0.00000000
  0.00000000  0.00799332   -0.00772185  0.00000000    0.25004025  0.00000000

     Diagonalizing the dynamical matrix

     q = (    0.666666667  -0.000000000   0.666666667 ) 

 **************************************************************************
     freq (    1) =       4.408370 [THz] =     147.047399 [cm-1]
 (  0.250000  0.433013 -0.000000  0.000000 -0.250000 -0.433013 ) 
 ( -0.500000  0.000000  0.000000 -0.000000  0.500000  0.000000 ) 
     freq (    2) =       6.494351 [THz] =     216.628238 [cm-1]
 ( -0.190151 -0.329350 -0.397563  0.229533 -0.190151 -0.329350 ) 
 ( -0.380301 -0.000000  0.000000 -0.459067 -0.380301  0.000000 ) 
     freq (    3) =       9.983274 [THz] =     333.006162 [cm-1]
 ( -0.191726 -0.332079  0.392998 -0.226898 -0.191726 -0.332079 ) 
 (  0.383451 -0.000000  0.000000 -0.453795  0.383451  0.000000 ) 
     freq (    4) =      11.125912 [THz] =     371.120483 [cm-1]
 (  0.162305  0.281120 -0.465772  0.268913  0.162305  0.281120 ) 
 (  0.324609 -0.000000 -0.000000 -0.537827  0.324609  0.000000 ) 
     freq (    5) =      13.618678 [THz] =     454.270213 [cm-1]
 (  0.250000  0.433013 -0.000000  0.000000 -0.250000 -0.433013 ) 
 (  0.500000 -0.000000  0.000000  0.000000 -0.500000  0.000000 ) 
     freq (    6) =      14.176266 [THz] =     472.869323 [cm-1]
 ( -0.160441 -0.277892 -0.469630  0.271141 -0.160441 -0.277892 ) 
 (  0.320882 -0.000000  0.000000  0.542282  0.320882  0.000000 ) 
 **************************************************************************
