Dynamical matrix file
                                                                           
  1    2  2 10.3520000  0.0000000  0.0000000  0.0000000  0.0000000  0.0000000
           1  'Si  '    25598.8229845270     
    1    1      0.0000000000      0.0000000000      0.0000000000
    2    1      0.2500000000      0.2500000000      0.2500000000

     Dynamical  Matrix in cartesian axes

     q = (   -0.166666667   0.500000000  -0.166666667 ) 

    1    1
  0.24728844  0.00000000   -0.00652136  0.00536012    0.00421831  0.00000000
 -0.00652136 -0.00536012    0.28740479  0.00000000   -0.00652136 -0.00536012
  0.00421831  0.00000000   -0.00652136  0.00536012    0.24728844  0.00000000
    1    2
 -0.15169881  0.05505679   -0.01965299  0.03486908   -0.01885399 -0.10817405
 -0.01965299  0.03486908   -0.15874023  0.06509659   -0.01965299  0.03486908
 -0.01885399 -0.10817405   -0.01965299  0.03486908   -0.15169881  0.05505679
    2    1
 -0.15169881 -0.05505679   -0.01965299 -0.03486908   -0.01885399  0.10817405
 -0.01965299 -0.03486908   -0.15874023 -0.06509659   -0.01965299 -0.03486908
 -0.01885399  0.10817405   -0.01965299 -0.03486908   -0.15169881 -0.05505679
    2    2
  0.24728844  0.00000000   -0.00652136 -0.00536012    0.00421831  0.00000000
 -0.00652136  0.00536012    0.28740479  0.00000000   -0.00652136  0.00536012
  0.00421831  0.00000000   -0.00652136 -0.00536012    0.24728844  0.00000000

     Dynamical  Matrix in cartesian axes

     q = (    0.166666667   0.500000000   0.166666667 ) 

    1    1
  0.24728844  0.00000000    0.00652136 -0.00536012    0.00421831  0.00000000
  0.00652136  0.00536012    0.28740479  0.00000000    0.00652136  0.00536012
  0.00421831  0.00000000    0.00652136 -0.00536012    0.24728844  0.00000000
    1    2
 -0.02816883  0.15890342   -0.02037101 -0.03445453   -0.10310847 -0.03775899
 -0.02037101 -0.03445453   -0.02299482  0.17002137   -0.02037101 -0.03445453
 -0.10310847 -0.03775899   -0.02037101 -0.03445453   -0.02816883  0.15890342
    2    1
 -0.02816883 -0.15890342   -0.02037101  0.03445453   -0.10310847  0.03775899
 -0.02037101  0.03445453   -0.02299482 -0.17002137   -0.02037101  0.03445453
 -0.10310847  0.03775899   -0.02037101  0.03445453   -0.02816883 -0.15890342
    2    2
  0.24728844  0.00000000    0.00652136  0.00536012    0.00421831  0.00000000
  0.00652136 -0.00536012    0.28740479  0.00000000    0.00652136 -0.00536012
  0.00421831  0.00000000    0.00652136  0.00536012    0.24728844  0.00000000

     Dynamical  Matrix in cartesian axes

     q = (   -0.166666667   0.500000000   0.166666667 ) 

    1    1
  0.24728844  0.00000000   -0.00652136 -0.00536012   -0.00421831  0.00000000
 -0.00652136  0.00536012    0.28740479  0.00000000    0.00652136 -0.00536012
 -0.00421831  0.00000000    0.00652136  0.00536012    0.24728844  0.00000000
    1    2
 -0.12352998  0.10384663   -0.04002400 -0.00041455   -0.08425448 -0.07041506
 -0.04002400 -0.00041455   -0.13574541  0.10492478    0.04002400  0.00041455
 -0.08425448 -0.07041506    0.04002400  0.00041455   -0.12352998  0.10384663
    2    1
 -0.12352998 -0.10384663   -0.04002400  0.00041455   -0.08425448  0.07041506
 -0.04002400  0.00041455   -0.13574541 -0.10492478    0.04002400 -0.00041455
 -0.08425448  0.07041506    0.04002400 -0.00041455   -0.12352998 -0.10384663
    2    2
  0.24728844  0.00000000   -0.00652136  0.00536012   -0.00421831  0.00000000
 -0.00652136 -0.00536012    0.28740479  0.00000000    0.00652136  0.00536012
 -0.00421831  0.00000000    0.00652136 -0.00536012    0.24728844  0.00000000

     Dynamical  Matrix in cartesian axes

     q = (    0.166666667   0.500000000  -0.166666667 ) 

    1    1
  0.24728844  0.00000000    0.00652136  0.00536012   -0.00421831  0.00000000
  0.00652136 -0.00536012    0.28740479  0.00000000   -0.00652136  0.00536012
 -0.00421831  0.00000000   -0.00652136 -0.00536012    0.24728844  0.00000000
    1    2
 -0.12352998  0.10384663    0.04002400  0.00041455   -0.08425448 -0.07041506
  0.04002400  0.00041455   -0.13574541  0.10492478   -0.04002400 -0.00041455
 -0.08425448 -0.07041506   -0.04002400 -0.00041455   -0.12352998  0.10384663
    2    1
 -0.12352998 -0.10384663    0.04002400 -0.00041455   -0.08425448  0.07041506
  0.04002400 -0.00041455   -0.13574541 -0.10492478   -0.04002400  0.00041455
 -0.08425448  0.07041506   -0.04002400  0.00041455   -0.12352998 -0.10384663
    2    2
  0.24728844  0.00000000    0.00652136 -0.00536012   -0.00421831  0.00000000
  0.00652136  0.00536012    0.28740479  0.00000000   -0.00652136 -0.00536012
 -0.00421831  0.00000000   -0.00652136  0.00536012    0.24728844  0.00000000

     Dynamical  Matrix in cartesian axes

     q = (    0.500000000  -0.166666667   0.166666667 ) 

    1    1
  0.28740479  0.00000000   -0.00652136  0.00536012    0.00652136 -0.00536012
 -0.00652136 -0.00536012    0.24728844  0.00000000   -0.00421831  0.00000000
  0.00652136  0.00536012   -0.00421831  0.00000000    0.24728844  0.00000000
    1    2
 -0.13574541  0.10492478   -0.04002400 -0.00041455    0.04002400  0.00041455
 -0.04002400 -0.00041455   -0.12352998  0.10384663   -0.08425448 -0.07041506
  0.04002400  0.00041455   -0.08425448 -0.07041506   -0.12352998  0.10384663
    2    1
 -0.13574541 -0.10492478   -0.04002400  0.00041455    0.04002400 -0.00041455
 -0.04002400  0.00041455   -0.12352998 -0.10384663   -0.08425448  0.07041506
  0.04002400 -0.00041455   -0.08425448  0.07041506   -0.12352998 -0.10384663
    2    2
  0.28740479  0.00000000   -0.00652136 -0.00536012    0.00652136  0.00536012
 -0.00652136  0.00536012    0.24728844  0.00000000   -0.00421831  0.00000000
  0.00652136 -0.00536012   -0.00421831  0.00000000    0.24728844  0.00000000

     Dynamical  Matrix in cartesian axes

     q = (    0.166666667  -0.166666667   0.500000000 ) 

    1    1
  0.24728844  0.00000000   -0.00421831  0.00000000    0.00652136  0.00536012
 -0.00421831  0.00000000    0.24728844  0.00000000   -0.00652136 -0.00536012
  0.00652136 -0.00536012   -0.00652136  0.00536012    0.28740479  0.00000000
    1    2
 -0.12352998  0.10384663   -0.08425448 -0.07041506    0.04002400  0.00041455
 -0.08425448 -0.07041506   -0.12352998  0.10384663   -0.04002400 -0.00041455
  0.04002400  0.00041455   -0.04002400 -0.00041455   -0.13574541  0.10492478
    2    1
 -0.12352998 -0.10384663   -0.08425448  0.07041506    0.04002400 -0.00041455
 -0.08425448  0.07041506   -0.12352998 -0.10384663   -0.04002400  0.00041455
  0.04002400 -0.00041455   -0.04002400  0.00041455   -0.13574541 -0.10492478
    2    2
  0.24728844  0.00000000   -0.00421831  0.00000000    0.00652136 -0.00536012
 -0.00421831  0.00000000    0.24728844  0.00000000   -0.00652136  0.00536012
  0.00652136  0.00536012   -0.00652136 -0.00536012    0.28740479  0.00000000

     Dynamical  Matrix in cartesian axes

     q = (   -0.166666667  -0.500000000  -0.166666667 ) 

    1    1
  0.24728844  0.00000000    0.00652136  0.00536012    0.00421831  0.00000000
  0.00652136 -0.00536012    0.28740479  0.00000000    0.00652136 -0.00536012
  0.00421831  0.00000000    0.00652136  0.00536012    0.24728844  0.00000000
    1    2
 -0.02816883 -0.15890342   -0.02037101  0.03445453   -0.10310847  0.03775899
 -0.02037101  0.03445453   -0.02299482 -0.17002137   -0.02037101  0.03445453
 -0.10310847  0.03775899   -0.02037101  0.03445453   -0.02816883 -0.15890342
    2    1
 -0.02816883  0.15890342   -0.02037101 -0.03445453   -0.10310847 -0.03775899
 -0.02037101 -0.03445453   -0.02299482  0.17002137   -0.02037101 -0.03445453
 -0.10310847 -0.03775899   -0.02037101 -0.03445453   -0.02816883  0.15890342
    2    2
  0.24728844  0.00000000    0.00652136 -0.00536012    0.00421831  0.00000000
  0.00652136  0.00536012    0.28740479  0.00000000    0.00652136  0.00536012
  0.00421831  0.00000000    0.00652136 -0.00536012    0.24728844  0.00000000

     Dynamical  Matrix in cartesian axes

     q = (    0.166666667  -0.500000000  -0.166666667 ) 

    1    1
  0.24728844  0.00000000   -0.00652136  0.00536012   -0.00421831  0.00000000
 -0.00652136 -0.00536012    0.28740479  0.00000000    0.00652136  0.00536012
 -0.00421831  0.00000000    0.00652136 -0.00536012    0.24728844  0.00000000
    1    2
 -0.12352998 -0.10384663   -0.04002400  0.00041455   -0.08425448  0.07041506
 -0.04002400  0.00041455   -0.13574541 -0.10492478    0.04002400 -0.00041455
 -0.08425448  0.07041506    0.04002400 -0.00041455   -0.12352998 -0.10384663
    2    1
 -0.12352998  0.10384663   -0.04002400 -0.00041455   -0.08425448 -0.07041506
 -0.04002400 -0.00041455   -0.13574541  0.10492478    0.04002400  0.00041455
 -0.08425448 -0.07041506    0.04002400  0.00041455   -0.12352998  0.10384663
    2    2
  0.24728844  0.00000000   -0.00652136 -0.00536012   -0.00421831  0.00000000
 -0.00652136  0.00536012    0.28740479  0.00000000    0.00652136 -0.00536012
 -0.00421831  0.00000000    0.00652136  0.00536012    0.24728844  0.00000000

     Dynamical  Matrix in cartesian axes

     q = (   -0.166666667  -0.500000000   0.166666667 ) 

    1    1
  0.24728844  0.00000000    0.00652136 -0.00536012   -0.00421831  0.00000000
  0.00652136  0.00536012    0.28740479  0.00000000   -0.00652136 -0.00536012
 -0.00421831  0.00000000   -0.00652136  0.00536012    0.24728844  0.00000000
    1    2
 -0.12352998 -0.10384663    0.04002400 -0.00041455   -0.08425448  0.07041506
  0.04002400 -0.00041455   -0.13574541 -0.10492478   -0.04002400  0.00041455
 -0.08425448  0.07041506   -0.04002400  0.00041455   -0.12352998 -0.10384663
    2    1
 -0.12352998  0.10384663    0.04002400  0.00041455   -0.08425448 -0.07041506
  0.04002400  0.00041455   -0.13574541  0.10492478   -0.04002400 -0.00041455
 -0.08425448 -0.07041506   -0.04002400 -0.00041455   -0.12352998  0.10384663
    2    2
  0.24728844  0.00000000    0.00652136  0.00536012   -0.00421831  0.00000000
  0.00652136 -0.00536012    0.28740479  0.00000000   -0.00652136  0.00536012
 -0.00421831  0.00000000   -0.00652136 -0.00536012    0.24728844  0.00000000

     Dynamical  Matrix in cartesian axes

     q = (    0.500000000  -0.166666667  -0.166666667 ) 

    1    1
  0.28740479  0.00000000   -0.00652136 -0.00536012   -0.00652136 -0.00536012
 -0.00652136  0.00536012    0.24728844  0.00000000    0.00421831  0.00000000
 -0.00652136  0.00536012    0.00421831  0.00000000    0.24728844  0.00000000
    1    2
 -0.15874023  0.06509659   -0.01965299  0.03486908   -0.01965299  0.03486908
 -0.01965299  0.03486908   -0.15169881  0.05505679   -0.01885399 -0.10817405
 -0.01965299  0.03486908   -0.01885399 -0.10817405   -0.15169881  0.05505679
    2    1
 -0.15874023 -0.06509659   -0.01965299 -0.03486908   -0.01965299 -0.03486908
 -0.01965299 -0.03486908   -0.15169881 -0.05505679   -0.01885399  0.10817405
 -0.01965299 -0.03486908   -0.01885399  0.10817405   -0.15169881 -0.05505679
    2    2
  0.28740479  0.00000000   -0.00652136  0.00536012   -0.00652136  0.00536012
 -0.00652136 -0.00536012    0.24728844  0.00000000    0.00421831  0.00000000
 -0.00652136 -0.00536012    0.00421831  0.00000000    0.24728844  0.00000000

     Dynamical  Matrix in cartesian axes

     q = (   -0.500000000  -0.166666667   0.166666667 ) 

    1    1
  0.28740479  0.00000000    0.00652136  0.00536012   -0.00652136 -0.00536012
  0.00652136 -0.00536012    0.24728844  0.00000000   -0.00421831  0.00000000
 -0.00652136  0.00536012   -0.00421831  0.00000000    0.24728844  0.00000000
    1    2
 -0.13574541 -0.10492478    0.04002400 -0.00041455   -0.04002400  0.00041455
  0.04002400 -0.00041455   -0.12352998 -0.10384663   -0.08425448  0.07041506
 -0.04002400  0.00041455   -0.08425448  0.07041506   -0.12352998 -0.10384663
    2    1
 -0.13574541  0.10492478    0.04002400  0.00041455   -0.04002400 -0.00041455
  0.04002400  0.00041455   -0.12352998  0.10384663   -0.08425448 -0.07041506
 -0.04002400 -0.00041455   -0.08425448 -0.07041506   -0.12352998  0.10384663
    2    2
  0.28740479  0.00000000    0.00652136 -0.00536012   -0.00652136  0.00536012
  0.00652136  0.00536012    0.24728844  0.00000000   -0.00421831  0.00000000
 -0.00652136 -0.00536012   -0.00421831  0.00000000    0.24728844  0.00000000

     Dynamical  Matrix in cartesian axes

     q = (    0.500000000   0.166666667   0.166666667 ) 

    1    1
  0.28740479  0.00000000    0.00652136  0.00536012    0.00652136  0.00536012
  0.00652136 -0.00536012    0.24728844  0.00000000    0.00421831  0.00000000
  0.00652136 -0.00536012    0.00421831  0.00000000    0.24728844  0.00000000
    1    2
 -0.02299482  0.17002137   -0.02037101 -0.03445453   -0.02037101 -0.03445453
 -0.02037101 -0.03445453   -0.02816883  0.15890342   -0.10310847 -0.03775899
 -0.02037101 -0.03445453   -0.10310847 -0.03775899   -0.02816883  0.15890342
    2    1
 -0.02299482 -0.17002137   -0.02037101  0.03445453   -0.02037101  0.03445453
 -0.02037101  0.03445453   -0.02816883 -0.15890342   -0.10310847  0.03775899
 -0.02037101  0.03445453   -0.10310847  0.03775899   -0.02816883 -0.15890342
    2    2
  0.28740479  0.00000000    0.00652136 -0.00536012    0.00652136 -0.00536012
  0.00652136  0.00536012    0.24728844  0.00000000    0.00421831  0.00000000
  0.00652136  0.00536012    0.00421831  0.00000000    0.24728844  0.00000000

     Dynamical  Matrix in cartesian axes

     q = (   -0.166666667   0.166666667  -0.500000000 ) 

    1    1
  0.24728844  0.00000000   -0.00421831  0.00000000    0.00652136 -0.00536012
 -0.00421831  0.00000000    0.24728844  0.00000000   -0.00652136  0.00536012
  0.00652136  0.00536012   -0.00652136 -0.00536012    0.28740479  0.00000000
    1    2
 -0.12352998 -0.10384663   -0.08425448  0.07041506    0.04002400 -0.00041455
 -0.08425448  0.07041506   -0.12352998 -0.10384663   -0.04002400  0.00041455
  0.04002400 -0.00041455   -0.04002400  0.00041455   -0.13574541 -0.10492478
    2    1
 -0.12352998  0.10384663   -0.08425448 -0.07041506    0.04002400  0.00041455
 -0.08425448 -0.07041506   -0.12352998  0.10384663   -0.04002400 -0.00041455
  0.04002400  0.00041455   -0.04002400 -0.00041455   -0.13574541  0.10492478
    2    2
  0.24728844  0.00000000   -0.00421831  0.00000000    0.00652136  0.00536012
 -0.00421831  0.00000000    0.24728844  0.00000000   -0.00652136 -0.00536012
  0.00652136 -0.00536012   -0.00652136  0.00536012    0.28740479  0.00000000

     Dynamical  Matrix in cartesian axes

     q = (   -0.166666667  -0.166666667   0.500000000 ) 

    1    1
  0.24728844  0.00000000    0.00421831  0.00000000   -0.00652136  0.00536012
  0.00421831  0.00000000    0.24728844  0.00000000   -0.00652136  0.00536012
 -0.00652136 -0.00536012   -0.00652136 -0.00536012    0.28740479  0.00000000
    1    2
 -0.15169881  0.05505679   -0.01885399 -0.10817405   -0.01965299  0.03486908
 -0.01885399 -0.10817405   -0.15169881  0.05505679   -0.01965299  0.03486908
 -0.01965299  0.03486908   -0.01965299  0.03486908   -0.15874023  0.06509659
    2    1
 -0.15169881 -0.05505679   -0.01885399  0.10817405   -0.01965299 -0.03486908
 -0.01885399  0.10817405   -0.15169881 -0.05505679   -0.01965299 -0.03486908
 -0.01965299 -0.03486908   -0.01965299 -0.03486908   -0.15874023 -0.06509659
    2    2
  0.24728844  0.00000000    0.00421831  0.00000000   -0.00652136 -0.00536012
  0.00421831  0.00000000    0.24728844  0.00000000   -0.00652136 -0.00536012
 -0.00652136  0.00536012   -0.00652136  0.00536012    0.28740479  0.00000000

     Dynamical  Matrix in cartesian axes

     q = (    0.166666667   0.166666667   0.500000000 ) 

    1    1
  0.24728844  0.00000000    0.00421831  0.00000000    0.00652136 -0.00536012
  0.00421831  0.00000000    0.24728844  0.00000000    0.00652136 -0.00536012
  0.00652136  0.00536012    0.00652136  0.00536012    0.28740479  0.00000000
    1    2
 -0.02816883  0.15890342   -0.10310847 -0.03775899   -0.02037101 -0.03445453
 -0.10310847 -0.03775899   -0.02816883  0.15890342   -0.02037101 -0.03445453
 -0.02037101 -0.03445453   -0.02037101 -0.03445453   -0.02299482  0.17002137
    2    1
 -0.02816883 -0.15890342   -0.10310847  0.03775899   -0.02037101  0.03445453
 -0.10310847  0.03775899   -0.02816883 -0.15890342   -0.02037101  0.03445453
 -0.02037101  0.03445453   -0.02037101  0.03445453   -0.02299482 -0.17002137
    2    2
  0.24728844  0.00000000    0.00421831  0.00000000    0.00652136  0.00536012
  0.00421831  0.00000000    0.24728844  0.00000000    0.00652136  0.00536012
  0.00652136 -0.00536012    0.00652136 -0.00536012    0.28740479  0.00000000

     Dynamical  Matrix in cartesian axes

     q = (    0.166666667  -0.166666667  -0.500000000 ) 

    1    1
  0.24728844  0.00000000   -0.00421831  0.00000000   -0.00652136  0.00536012
 -0.00421831  0.00000000    0.24728844  0.00000000    0.00652136 -0.00536012
 -0.00652136 -0.00536012    0.00652136  0.00536012    0.28740479  0.00000000
    1    2
 -0.12352998 -0.10384663   -0.08425448  0.07041506   -0.04002400  0.00041455
 -0.08425448  0.07041506   -0.12352998 -0.10384663    0.04002400 -0.00041455
 -0.04002400  0.00041455    0.04002400 -0.00041455   -0.13574541 -0.10492478
    2    1
 -0.12352998  0.10384663   -0.08425448 -0.07041506   -0.04002400 -0.00041455
 -0.08425448 -0.07041506   -0.12352998  0.10384663    0.04002400  0.00041455
 -0.04002400 -0.00041455    0.04002400  0.00041455   -0.13574541  0.10492478
    2    2
  0.24728844  0.00000000   -0.00421831  0.00000000   -0.00652136 -0.00536012
 -0.00421831  0.00000000    0.24728844  0.00000000    0.00652136  0.00536012
 -0.00652136  0.00536012    0.00652136 -0.00536012    0.28740479  0.00000000

     Dynamical  Matrix in cartesian axes

     q = (   -0.500000000   0.166666667  -0.166666667 ) 

    1    1
  0.28740479  0.00000000   -0.00652136 -0.00536012    0.00652136  0.00536012
 -0.00652136  0.00536012    0.24728844  0.00000000   -0.00421831  0.00000000
  0.00652136 -0.00536012   -0.00421831  0.00000000    0.24728844  0.00000000
    1    2
 -0.13574541 -0.10492478   -0.04002400  0.00041455    0.04002400 -0.00041455
 -0.04002400  0.00041455   -0.12352998 -0.10384663   -0.08425448  0.07041506
  0.04002400 -0.00041455   -0.08425448  0.07041506   -0.12352998 -0.10384663
    2    1
 -0.13574541  0.10492478   -0.04002400 -0.00041455    0.04002400  0.00041455
 -0.04002400 -0.00041455   -0.12352998  0.10384663   -0.08425448 -0.07041506
  0.04002400  0.00041455   -0.08425448 -0.07041506   -0.12352998  0.10384663
    2    2
  0.28740479  0.00000000   -0.00652136  0.00536012    0.00652136 -0.00536012
 -0.00652136 -0.00536012    0.24728844  0.00000000   -0.00421831  0.00000000
  0.00652136  0.00536012   -0.00421831  0.00000000    0.24728844  0.00000000

     Dynamical  Matrix in cartesian axes

     q = (   -0.500000000  -0.166666667  -0.166666667 ) 

    1    1
  0.28740479  0.00000000    0.00652136 -0.00536012    0.00652136 -0.00536012
  0.00652136  0.00536012    0.24728844  0.00000000    0.00421831  0.00000000
  0.00652136  0.00536012    0.00421831  0.00000000    0.24728844  0.00000000
    1    2
 -0.02299482 -0.17002137   -0.02037101  0.03445453   -0.02037101  0.03445453
 -0.02037101  0.03445453   -0.02816883 -0.15890342   -0.10310847  0.03775899
 -0.02037101  0.03445453   -0.10310847  0.03775899   -0.02816883 -0.15890342
    2    1
 -0.02299482  0.17002137   -0.02037101 -0.03445453   -0.02037101 -0.03445453
 -0.02037101 -0.03445453   -0.02816883  0.15890342   -0.10310847 -0.03775899
 -0.02037101 -0.03445453   -0.10310847 -0.03775899   -0.02816883  0.15890342
    2    2
  0.28740479  0.00000000    0.00652136  0.00536012    0.00652136  0.00536012
  0.00652136 -0.00536012    0.24728844  0.00000000    0.00421831  0.00000000
  0.00652136 -0.00536012    0.00421831  0.00000000    0.24728844  0.00000000

     Dynamical  Matrix in cartesian axes

     q = (    0.166666667  -0.500000000   0.166666667 ) 

    1    1
  0.24728844  0.00000000   -0.00652136 -0.00536012    0.00421831  0.00000000
 -0.00652136  0.00536012    0.28740479  0.00000000   -0.00652136  0.00536012
  0.00421831  0.00000000   -0.00652136 -0.00536012    0.24728844  0.00000000
    1    2
 -0.15169881 -0.05505679   -0.01965299 -0.03486908   -0.01885399  0.10817405
 -0.01965299 -0.03486908   -0.15874023 -0.06509659   -0.01965299 -0.03486908
 -0.01885399  0.10817405   -0.01965299 -0.03486908   -0.15169881 -0.05505679
    2    1
 -0.15169881  0.05505679   -0.01965299  0.03486908   -0.01885399 -0.10817405
 -0.01965299  0.03486908   -0.15874023  0.06509659   -0.01965299  0.03486908
 -0.01885399 -0.10817405   -0.01965299  0.03486908   -0.15169881  0.05505679
    2    2
  0.24728844  0.00000000   -0.00652136  0.00536012    0.00421831  0.00000000
 -0.00652136 -0.00536012    0.28740479  0.00000000   -0.00652136 -0.00536012
  0.00421831  0.00000000   -0.00652136  0.00536012    0.24728844  0.00000000

     Dynamical  Matrix in cartesian axes

     q = (    0.500000000   0.166666667  -0.166666667 ) 

    1    1
  0.28740479  0.00000000    0.00652136 -0.00536012   -0.00652136  0.00536012
  0.00652136  0.00536012    0.24728844  0.00000000   -0.00421831  0.00000000
 -0.00652136 -0.00536012   -0.00421831  0.00000000    0.24728844  0.00000000
    1    2
 -0.13574541  0.10492478    0.04002400  0.00041455   -0.04002400 -0.00041455
  0.04002400  0.00041455   -0.12352998  0.10384663   -0.08425448 -0.07041506
 -0.04002400 -0.00041455   -0.08425448 -0.07041506   -0.12352998  0.10384663
    2    1
 -0.13574541 -0.10492478    0.04002400 -0.00041455   -0.04002400  0.00041455
  0.04002400 -0.00041455   -0.12352998 -0.10384663   -0.08425448  0.07041506
 -0.04002400  0.00041455   -0.08425448  0.07041506   -0.12352998 -0.10384663
    2    2
  0.28740479  0.00000000    0.00652136  0.00536012   -0.00652136 -0.00536012
  0.00652136 -0.00536012    0.24728844  0.00000000   -0.00421831  0.00000000
 -0.00652136  0.00536012   -0.00421831  0.00000000    0.24728844  0.00000000

     Dynamical  Matrix in cartesian axes

     q = (    0.166666667   0.166666667  -0.500000000 ) 

    1    1
  0.24728844  0.00000000    0.00421831  0.00000000   -0.00652136 -0.00536012
  0.00421831  0.00000000    0.24728844  0.00000000   -0.00652136 -0.00536012
 -0.00652136  0.00536012   -0.00652136  0.00536012    0.28740479  0.00000000
    1    2
 -0.15169881 -0.05505679   -0.01885399  0.10817405   -0.01965299 -0.03486908
 -0.01885399  0.10817405   -0.15169881 -0.05505679   -0.01965299 -0.03486908
 -0.01965299 -0.03486908   -0.01965299 -0.03486908   -0.15874023 -0.06509659
    2    1
 -0.15169881  0.05505679   -0.01885399 -0.10817405   -0.01965299  0.03486908
 -0.01885399 -0.10817405   -0.15169881  0.05505679   -0.01965299  0.03486908
 -0.01965299  0.03486908   -0.01965299  0.03486908   -0.15874023  0.06509659
    2    2
  0.24728844  0.00000000    0.00421831  0.00000000   -0.00652136  0.00536012
  0.00421831  0.00000000    0.24728844  0.00000000   -0.00652136  0.00536012
 -0.00652136 -0.00536012   -0.00652136 -0.00536012    0.28740479  0.00000000

     Dynamical  Matrix in cartesian axes

     q = (   -0.166666667  -0.166666667  -0.500000000 ) 

    1    1
  0.24728844  0.00000000    0.00421831  0.00000000    0.00652136  0.00536012
  0.00421831  0.00000000    0.24728844  0.00000000    0.00652136  0.00536012
  0.00652136 -0.00536012    0.00652136 -0.00536012    0.28740479  0.00000000
    1    2
 -0.02816883 -0.15890342   -0.10310847  0.03775899   -0.02037101  0.03445453
 -0.10310847  0.03775899   -0.02816883 -0.15890342   -0.02037101  0.03445453
 -0.02037101  0.03445453   -0.02037101  0.03445453   -0.02299482 -0.17002137
    2    1
 -0.02816883  0.15890342   -0.10310847 -0.03775899   -0.02037101 -0.03445453
 -0.10310847 -0.03775899   -0.02816883  0.15890342   -0.02037101 -0.03445453
 -0.02037101 -0.03445453   -0.02037101 -0.03445453   -0.02299482  0.17002137
    2    2
  0.24728844  0.00000000    0.00421831  0.00000000    0.00652136 -0.00536012
  0.00421831  0.00000000    0.24728844  0.00000000    0.00652136 -0.00536012
  0.00652136  0.00536012    0.00652136  0.00536012    0.28740479  0.00000000

     Dynamical  Matrix in cartesian axes

     q = (   -0.500000000   0.166666667   0.166666667 ) 

    1    1
  0.28740479  0.00000000   -0.00652136  0.00536012   -0.00652136  0.00536012
 -0.00652136 -0.00536012    0.24728844  0.00000000    0.00421831  0.00000000
 -0.00652136 -0.00536012    0.00421831  0.00000000    0.24728844  0.00000000
    1    2
 -0.15874023 -0.06509659   -0.01965299 -0.03486908   -0.01965299 -0.03486908
 -0.01965299 -0.03486908   -0.15169881 -0.05505679   -0.01885399  0.10817405
 -0.01965299 -0.03486908   -0.01885399  0.10817405   -0.15169881 -0.05505679
    2    1
 -0.15874023  0.06509659   -0.01965299  0.03486908   -0.01965299  0.03486908
 -0.01965299  0.03486908   -0.15169881  0.05505679   -0.01885399 -0.10817405
 -0.01965299  0.03486908   -0.01885399 -0.10817405   -0.15169881  0.05505679
    2    2
  0.28740479  0.00000000   -0.00652136 -0.00536012   -0.00652136 -0.00536012
 -0.00652136  0.00536012    0.24728844  0.00000000    0.00421831  0.00000000
 -0.00652136  0.00536012    0.00421831  0.00000000    0.24728844  0.00000000

     Dynamical  Matrix in cartesian axes

     q = (   -0.166666667   0.166666667   0.500000000 ) 

    1    1
  0.24728844  0.00000000   -0.00421831  0.00000000   -0.00652136 -0.00536012
 -0.00421831  0.00000000    0.24728844  0.00000000    0.00652136  0.00536012
 -0.00652136  0.00536012    0.00652136 -0.00536012    0.28740479  0.00000000
    1    2
 -0.12352998  0.10384663   -0.08425448 -0.07041506   -0.04002400 -0.00041455
 -0.08425448 -0.07041506   -0.12352998  0.10384663    0.04002400  0.00041455
 -0.04002400 -0.00041455    0.04002400  0.00041455   -0.13574541  0.10492478
    2    1
 -0.12352998 -0.10384663   -0.08425448  0.07041506   -0.04002400  0.00041455
 -0.08425448  0.07041506   -0.12352998 -0.10384663    0.04002400 -0.00041455
 -0.04002400  0.00041455    0.04002400 -0.00041455   -0.13574541 -0.10492478
    2    2
  0.24728844  0.00000000   -0.00421831  0.00000000   -0.00652136  0.00536012
 -0.00421831  0.00000000    0.24728844  0.00000000    0.00652136 -0.00536012
 -0.00652136 -0.00536012    0.00652136  0.00536012    0.28740479  0.00000000

     Diagonalizing the dynamical matrix

     q = (   -0.166666667   0.500000000  -0.166666667 ) 

 **************************************************************************
     freq (    1) =       3.713323 [THz] =     123.863135 [cm-1]
 (  0.315611 -0.387801 -0.000000  0.000000 -0.315611  0.387801 ) 
 (  0.500000  0.000000 -0.000000  0.000000 -0.500000  0.000000 ) 
     freq (    2) =       4.496694 [THz] =     149.993567 [cm-1]
 ( -0.423682 -0.054921 -0.353756  0.099055 -0.423682 -0.054921 ) 
 ( -0.427226 -0.000000 -0.338087 -0.143710 -0.427226  0.000000 ) 
     freq (    3) =       7.309771 [THz] =     243.827726 [cm-1]
 (  0.162237  0.216366 -0.558098 -0.205566  0.162237  0.216366 ) 
 (  0.270434 -0.000000 -0.499275 -0.323194  0.270434  0.000000 ) 
     freq (    4) =      13.430043 [THz] =     447.978024 [cm-1]
 (  0.370610  0.191550 -0.366555 -0.132483  0.370610  0.191550 ) 
 ( -0.417185 -0.000000  0.386462  0.050610 -0.417185  0.000000 ) 
     freq (    5) =      13.847347 [THz] =     461.897763 [cm-1]
 (  0.315611 -0.387801 -0.000000  0.000000 -0.315611  0.387801 ) 
 ( -0.500000 -0.000000  0.000000  0.000000  0.500000  0.000000 ) 
     freq (    6) =      14.201387 [THz] =     473.707267 [cm-1]
 (  0.265027  0.007788  0.577526 -0.160823  0.265027  0.007788 ) 
 ( -0.265141 -0.000000 -0.572553 -0.177717 -0.265141  0.000000 ) 
 **************************************************************************
