Dynamical matrix file
                                                                           
  1    2  2 10.4000000  0.0000000  0.0000000  0.0000000  0.0000000  0.0000000
           1  'Si  '    25598.8229845270     
    1    1      0.0000000000      0.0000000000      0.0000000000
    2    1      0.2500000000      0.2500000000      0.2500000000

     Dynamical  Matrix in cartesian axes

     q = (    0.666666667   0.000000000   0.666666667 ) 

    1    1
  0.23595365  0.00000000    0.00000000  0.00772742    0.00704492  0.00000000
  0.00000000 -0.00772742    0.27894405  0.00000000    0.00000000 -0.00772742
  0.00704492  0.00000000    0.00000000  0.00772742    0.23595365  0.00000000
    1    2
  0.02829967  0.04901647   -0.05914478  0.03414726   -0.06196343 -0.10732381
 -0.05914478  0.03414726    0.03964307  0.06866380   -0.05914478  0.03414726
 -0.06196343 -0.10732381   -0.05914478  0.03414726    0.02829967  0.04901647
    2    1
  0.02829967 -0.04901647   -0.05914478 -0.03414726   -0.06196343  0.10732381
 -0.05914478 -0.03414726    0.03964307 -0.06866380   -0.05914478 -0.03414726
 -0.06196343  0.10732381   -0.05914478 -0.03414726    0.02829967 -0.04901647
    2    2
  0.23595365  0.00000000    0.00000000 -0.00772742    0.00704492  0.00000000
  0.00000000  0.00772742    0.27894405  0.00000000    0.00000000  0.00772742
  0.00704492  0.00000000    0.00000000 -0.00772742    0.23595365  0.00000000

     Dynamical  Matrix in cartesian axes

     q = (   -0.666666667   0.000000000   0.666666667 ) 

    1    1
  0.23595365  0.00000000    0.00000000  0.00772742   -0.00704492  0.00000000
  0.00000000 -0.00772742    0.27894405  0.00000000    0.00000000  0.00772742
 -0.00704492  0.00000000    0.00000000 -0.00772742    0.23595365  0.00000000
    1    2
 -0.05659934  0.00000000    0.00000000 -0.06829451   -0.12392686 -0.00000000
  0.00000000 -0.06829451   -0.07928613  0.00000000    0.00000000  0.06829451
 -0.12392686  0.00000000    0.00000000  0.06829451   -0.05659934  0.00000000
    2    1
 -0.05659934  0.00000000   -0.00000000  0.06829451   -0.12392686 -0.00000000
  0.00000000  0.06829451   -0.07928613  0.00000000    0.00000000 -0.06829451
 -0.12392686 -0.00000000   -0.00000000 -0.06829451   -0.05659934  0.00000000
    2    2
  0.23595365  0.00000000    0.00000000 -0.00772742   -0.00704492  0.00000000
  0.00000000  0.00772742    0.27894405  0.00000000    0.00000000 -0.00772742
 -0.00704492  0.00000000    0.00000000  0.00772742    0.23595365  0.00000000

     Dynamical  Matrix in cartesian axes

     q = (   -0.666666667   0.000000000  -0.666666667 ) 

    1    1
  0.23595365  0.00000000    0.00000000 -0.00772742    0.00704492  0.00000000
  0.00000000  0.00772742    0.27894405  0.00000000    0.00000000  0.00772742
  0.00704492  0.00000000    0.00000000 -0.00772742    0.23595365  0.00000000
    1    2
  0.02829967 -0.04901647   -0.05914478 -0.03414726   -0.06196343  0.10732381
 -0.05914478 -0.03414726    0.03964307 -0.06866380   -0.05914478 -0.03414726
 -0.06196343  0.10732381   -0.05914478 -0.03414726    0.02829967 -0.04901647
    2    1
  0.02829967  0.04901647   -0.05914478  0.03414726   -0.06196343 -0.10732381
 -0.05914478  0.03414726    0.03964307  0.06866380   -0.05914478  0.03414726
 -0.06196343 -0.10732381   -0.05914478  0.03414726    0.02829967  0.04901647
    2    2
  0.23595365  0.00000000    0.00000000  0.00772742    0.00704492  0.00000000
  0.00000000 -0.00772742    0.27894405  0.00000000    0.00000000 -0.00772742
  0.00704492  0.00000000    0.00000000  0.00772742    0.23595365  0.00000000

     Dynamical  Matrix in cartesian axes

     q = (    0.666666667   0.000000000  -0.666666667 ) 

    1    1
  0.23595365  0.00000000    0.00000000 -0.00772742   -0.00704492  0.00000000
  0.00000000  0.00772742    0.27894405  0.00000000    0.00000000 -0.00772742
 -0.00704492  0.00000000    0.00000000  0.00772742    0.23595365  0.00000000
    1    2
 -0.05659934  0.00000000   -0.00000000  0.06829451   -0.12392686  0.00000000
  0.00000000  0.06829451   -0.07928613  0.00000000    0.00000000 -0.06829451
 -0.12392686  0.00000000   -0.00000000 -0.06829451   -0.05659934  0.00000000
    2    1
 -0.05659934  0.00000000    0.00000000 -0.06829451   -0.12392686 -0.00000000
  0.00000000 -0.06829451   -0.07928613  0.00000000    0.00000000  0.06829451
 -0.12392686  0.00000000    0.00000000  0.06829451   -0.05659934  0.00000000
    2    2
  0.23595365  0.00000000    0.00000000  0.00772742   -0.00704492  0.00000000
  0.00000000 -0.00772742    0.27894405  0.00000000    0.00000000  0.00772742
 -0.00704492  0.00000000    0.00000000 -0.00772742    0.23595365  0.00000000

     Dynamical  Matrix in cartesian axes

     q = (    0.000000000   0.666666667  -0.666666667 ) 

    1    1
  0.27894405  0.00000000    0.00000000  0.00772742    0.00000000 -0.00772742
 -0.00000000 -0.00772742    0.23595365  0.00000000   -0.00704492  0.00000000
  0.00000000  0.00772742   -0.00704492  0.00000000    0.23595365  0.00000000
    1    2
 -0.07928613  0.00000000   -0.00000000  0.06829451    0.00000000 -0.06829451
 -0.00000000  0.06829451   -0.05659934  0.00000000   -0.12392686 -0.00000000
  0.00000000 -0.06829451   -0.12392686 -0.00000000   -0.05659934  0.00000000
    2    1
 -0.07928613  0.00000000    0.00000000 -0.06829451   -0.00000000  0.06829451
  0.00000000 -0.06829451   -0.05659934  0.00000000   -0.12392686 -0.00000000
  0.00000000  0.06829451   -0.12392686 -0.00000000   -0.05659934  0.00000000
    2    2
  0.27894405  0.00000000    0.00000000 -0.00772742   -0.00000000  0.00772742
  0.00000000  0.00772742    0.23595365  0.00000000   -0.00704492  0.00000000
  0.00000000 -0.00772742   -0.00704492  0.00000000    0.23595365  0.00000000

     Dynamical  Matrix in cartesian axes

     q = (   -0.666666667   0.666666667   0.000000000 ) 

    1    1
  0.23595365  0.00000000   -0.00704492  0.00000000    0.00000000  0.00772742
 -0.00704492  0.00000000    0.23595365  0.00000000    0.00000000 -0.00772742
  0.00000000 -0.00772742    0.00000000  0.00772742    0.27894405  0.00000000
    1    2
 -0.05659934  0.00000000   -0.12392686 -0.00000000    0.00000000 -0.06829451
 -0.12392686 -0.00000000   -0.05659934  0.00000000   -0.00000000  0.06829451
  0.00000000 -0.06829451   -0.00000000  0.06829451   -0.07928613  0.00000000
    2    1
 -0.05659934  0.00000000   -0.12392686  0.00000000    0.00000000  0.06829451
 -0.12392686  0.00000000   -0.05659934  0.00000000   -0.00000000 -0.06829451
  0.00000000  0.06829451   -0.00000000 -0.06829451   -0.07928613  0.00000000
    2    2
  0.23595365  0.00000000   -0.00704492  0.00000000    0.00000000 -0.00772742
 -0.00704492  0.00000000    0.23595365  0.00000000    0.00000000  0.00772742
 -0.00000000  0.00772742   -0.00000000 -0.00772742    0.27894405  0.00000000

     Dynamical  Matrix in cartesian axes

     q = (    0.000000000   0.666666667   0.666666667 ) 

    1    1
  0.27894405  0.00000000    0.00000000 -0.00772742    0.00000000 -0.00772742
  0.00000000  0.00772742    0.23595365  0.00000000    0.00704492  0.00000000
  0.00000000  0.00772742    0.00704492  0.00000000    0.23595365  0.00000000
    1    2
  0.03964307  0.06866380   -0.05914478  0.03414726   -0.05914478  0.03414726
 -0.05914478  0.03414726    0.02829967  0.04901647   -0.06196343 -0.10732381
 -0.05914478  0.03414726   -0.06196343 -0.10732381    0.02829967  0.04901647
    2    1
  0.03964307 -0.06866380   -0.05914478 -0.03414726   -0.05914478 -0.03414726
 -0.05914478 -0.03414726    0.02829967 -0.04901647   -0.06196343  0.10732381
 -0.05914478 -0.03414726   -0.06196343  0.10732381    0.02829967 -0.04901647
    2    2
  0.27894405  0.00000000    0.00000000  0.00772742    0.00000000  0.00772742
  0.00000000 -0.00772742    0.23595365  0.00000000    0.00704492  0.00000000
  0.00000000 -0.00772742    0.00704492  0.00000000    0.23595365  0.00000000

     Dynamical  Matrix in cartesian axes

     q = (    0.000000000  -0.666666667  -0.666666667 ) 

    1    1
  0.27894405  0.00000000    0.00000000  0.00772742    0.00000000  0.00772742
  0.00000000 -0.00772742    0.23595365  0.00000000    0.00704492  0.00000000
  0.00000000 -0.00772742    0.00704492  0.00000000    0.23595365  0.00000000
    1    2
  0.03964307 -0.06866380   -0.05914478 -0.03414726   -0.05914478 -0.03414726
 -0.05914478 -0.03414726    0.02829967 -0.04901647   -0.06196343  0.10732381
 -0.05914478 -0.03414726   -0.06196343  0.10732381    0.02829967 -0.04901647
    2    1
  0.03964307  0.06866380   -0.05914478  0.03414726   -0.05914478  0.03414726
 -0.05914478  0.03414726    0.02829967  0.04901647   -0.06196343 -0.10732381
 -0.05914478  0.03414726   -0.06196343 -0.10732381    0.02829967  0.04901647
    2    2
  0.27894405  0.00000000    0.00000000 -0.00772742    0.00000000 -0.00772742
  0.00000000  0.00772742    0.23595365  0.00000000    0.00704492  0.00000000
  0.00000000  0.00772742    0.00704492  0.00000000    0.23595365  0.00000000

     Dynamical  Matrix in cartesian axes

     q = (    0.666666667  -0.666666667   0.000000000 ) 

    1    1
  0.23595365  0.00000000   -0.00704492  0.00000000    0.00000000 -0.00772742
 -0.00704492  0.00000000    0.23595365  0.00000000    0.00000000  0.00772742
 -0.00000000  0.00772742   -0.00000000 -0.00772742    0.27894405  0.00000000
    1    2
 -0.05659934  0.00000000   -0.12392686  0.00000000    0.00000000  0.06829451
 -0.12392686  0.00000000   -0.05659934  0.00000000   -0.00000000 -0.06829451
  0.00000000  0.06829451   -0.00000000 -0.06829451   -0.07928613  0.00000000
    2    1
 -0.05659934  0.00000000   -0.12392686 -0.00000000    0.00000000 -0.06829451
 -0.12392686 -0.00000000   -0.05659934  0.00000000   -0.00000000  0.06829451
  0.00000000 -0.06829451   -0.00000000  0.06829451   -0.07928613  0.00000000
    2    2
  0.23595365  0.00000000   -0.00704492  0.00000000    0.00000000  0.00772742
 -0.00704492  0.00000000    0.23595365  0.00000000    0.00000000 -0.00772742
  0.00000000 -0.00772742    0.00000000  0.00772742    0.27894405  0.00000000

     Dynamical  Matrix in cartesian axes

     q = (    0.666666667   0.666666667   0.000000000 ) 

    1    1
  0.23595365  0.00000000    0.00704492  0.00000000    0.00000000  0.00772742
  0.00704492  0.00000000    0.23595365  0.00000000    0.00000000  0.00772742
 -0.00000000 -0.00772742   -0.00000000 -0.00772742    0.27894405  0.00000000
    1    2
  0.02829967  0.04901647   -0.06196343 -0.10732381   -0.05914478  0.03414726
 -0.06196343 -0.10732381    0.02829967  0.04901647   -0.05914478  0.03414726
 -0.05914478  0.03414726   -0.05914478  0.03414726    0.03964307  0.06866380
    2    1
  0.02829967 -0.04901647   -0.06196343  0.10732381   -0.05914478 -0.03414726
 -0.06196343  0.10732381    0.02829967 -0.04901647   -0.05914478 -0.03414726
 -0.05914478 -0.03414726   -0.05914478 -0.03414726    0.03964307 -0.06866380
    2    2
  0.23595365  0.00000000    0.00704492  0.00000000    0.00000000 -0.00772742
  0.00704492  0.00000000    0.23595365  0.00000000    0.00000000 -0.00772742
  0.00000000  0.00772742   -0.00000000  0.00772742    0.27894405  0.00000000

     Dynamical  Matrix in cartesian axes

     q = (   -0.666666667  -0.666666667   0.000000000 ) 

    1    1
  0.23595365  0.00000000    0.00704492  0.00000000    0.00000000 -0.00772742
  0.00704492  0.00000000    0.23595365  0.00000000    0.00000000 -0.00772742
 -0.00000000  0.00772742    0.00000000  0.00772742    0.27894405  0.00000000
    1    2
  0.02829967 -0.04901647   -0.06196343  0.10732381   -0.05914478 -0.03414726
 -0.06196343  0.10732381    0.02829967 -0.04901647   -0.05914478 -0.03414726
 -0.05914478 -0.03414726   -0.05914478 -0.03414726    0.03964307 -0.06866380
    2    1
  0.02829967  0.04901647   -0.06196343 -0.10732381   -0.05914478  0.03414726
 -0.06196343 -0.10732381    0.02829967  0.04901647   -0.05914478  0.03414726
 -0.05914478  0.03414726   -0.05914478  0.03414726    0.03964307  0.06866380
    2    2
  0.23595365  0.00000000    0.00704492  0.00000000   -0.00000000  0.00772742
  0.00704492  0.00000000    0.23595365  0.00000000    0.00000000  0.00772742
  0.00000000 -0.00772742    0.00000000 -0.00772742    0.27894405  0.00000000

     Dynamical  Matrix in cartesian axes

     q = (    0.000000000  -0.666666667   0.666666667 ) 

    1    1
  0.27894405  0.00000000    0.00000000 -0.00772742    0.00000000  0.00772742
  0.00000000  0.00772742    0.23595365  0.00000000   -0.00704492  0.00000000
  0.00000000 -0.00772742   -0.00704492  0.00000000    0.23595365  0.00000000
    1    2
 -0.07928613  0.00000000    0.00000000 -0.06829451   -0.00000000  0.06829451
  0.00000000 -0.06829451   -0.05659934  0.00000000   -0.12392686 -0.00000000
  0.00000000  0.06829451   -0.12392686 -0.00000000   -0.05659934  0.00000000
    2    1
 -0.07928613  0.00000000   -0.00000000  0.06829451    0.00000000 -0.06829451
 -0.00000000  0.06829451   -0.05659934  0.00000000   -0.12392686 -0.00000000
  0.00000000 -0.06829451   -0.12392686 -0.00000000   -0.05659934  0.00000000
    2    2
  0.27894405  0.00000000    0.00000000  0.00772742    0.00000000 -0.00772742
  0.00000000 -0.00772742    0.23595365  0.00000000   -0.00704492  0.00000000
  0.00000000  0.00772742   -0.00704492  0.00000000    0.23595365  0.00000000

     Diagonalizing the dynamical matrix

     q = (    0.666666667  -0.000000000   0.666666667 ) 

 **************************************************************************
     freq (    1) =       4.522820 [THz] =     150.865033 [cm-1]
 (  0.250000  0.433013  0.000000  0.000000 -0.250000 -0.433013 ) 
 ( -0.500000  0.000000 -0.000000 -0.000000  0.500000  0.000000 ) 
     freq (    2) =       6.540331 [THz] =     218.161944 [cm-1]
 ( -0.188636 -0.326726 -0.401870  0.232020 -0.188636 -0.326726 ) 
 ( -0.377271  0.000000 -0.000000 -0.464040 -0.377271  0.000000 ) 
     freq (    3) =       9.734555 [THz] =     324.709802 [cm-1]
 ( -0.195052 -0.337841  0.383050 -0.221154 -0.195052 -0.337841 ) 
 (  0.390105  0.000000  0.000000 -0.442308  0.390105  0.000000 ) 
     freq (    4) =      10.766214 [THz] =     359.122257 [cm-1]
 (  0.164063  0.284165 -0.462061  0.266771  0.164063  0.284165 ) 
 (  0.328126  0.000000  0.000000 -0.533542  0.328126  0.000000 ) 
     freq (    5) =      13.157018 [THz] =     438.870895 [cm-1]
 (  0.250000  0.433013 -0.000000 -0.000000 -0.250000 -0.433013 ) 
 (  0.500000  0.000000 -0.000000  0.000000 -0.500000  0.000000 ) 
     freq (    6) =      13.707693 [THz] =     457.239415 [cm-1]
 ( -0.156379 -0.270857 -0.477779  0.275846 -0.156379 -0.270857 ) 
 (  0.312759  0.000000 -0.000000  0.551692  0.312759  0.000000 ) 
 **************************************************************************
