Dynamical matrix file
                                                                           
  1    2  2 10.3400000  0.0000000  0.0000000  0.0000000  0.0000000  0.0000000
           1  'Si  '    25598.8229845270     
    1    1      0.0000000000      0.0000000000      0.0000000000
    2    1      0.2500000000      0.2500000000      0.2500000000

     Dynamical  Matrix in cartesian axes

     q = (    0.000000000   0.666666667   0.000000000 ) 

    1    1
  0.23711539  0.00000000    0.00000000  0.00000000    0.00000000  0.00000000
  0.00000000  0.00000000    0.32282708  0.00000000    0.00000000  0.00000000
  0.00000000  0.00000000    0.00000000  0.00000000    0.23711539  0.00000000
    1    2
 -0.05875904  0.10177364    0.00000000  0.00000000   -0.13457271 -0.07769559
  0.00000000  0.00000000   -0.06583473  0.11402910    0.00000000  0.00000000
 -0.13457271 -0.07769559   -0.00000000  0.00000000   -0.05875904  0.10177364
    2    1
 -0.05875904 -0.10177364   -0.00000000  0.00000000   -0.13457271  0.07769559
 -0.00000000 -0.00000000   -0.06583473 -0.11402910    0.00000000 -0.00000000
 -0.13457271  0.07769559   -0.00000000 -0.00000000   -0.05875904 -0.10177364
    2    2
  0.23711539  0.00000000   -0.00000000  0.00000000    0.00000000  0.00000000
 -0.00000000  0.00000000    0.32282708  0.00000000   -0.00000000  0.00000000
  0.00000000  0.00000000   -0.00000000  0.00000000    0.23711539  0.00000000

     Dynamical  Matrix in cartesian axes

     q = (    0.666666667   0.000000000   0.000000000 ) 

    1    1
  0.32282708  0.00000000   -0.00000000  0.00000000    0.00000000  0.00000000
  0.00000000  0.00000000    0.23711539  0.00000000    0.00000000  0.00000000
  0.00000000  0.00000000    0.00000000  0.00000000    0.23711539  0.00000000
    1    2
 -0.06583473  0.11402910    0.00000000  0.00000000    0.00000000  0.00000000
  0.00000000  0.00000000   -0.05875904  0.10177364   -0.13457271 -0.07769559
  0.00000000  0.00000000   -0.13457271 -0.07769559   -0.05875904  0.10177364
    2    1
 -0.06583473 -0.11402910    0.00000000 -0.00000000    0.00000000  0.00000000
  0.00000000 -0.00000000   -0.05875904 -0.10177364   -0.13457271  0.07769559
  0.00000000  0.00000000   -0.13457271  0.07769559   -0.05875904 -0.10177364
    2    2
  0.32282708  0.00000000    0.00000000  0.00000000    0.00000000  0.00000000
  0.00000000  0.00000000    0.23711539  0.00000000    0.00000000  0.00000000
 -0.00000000  0.00000000    0.00000000  0.00000000    0.23711539  0.00000000

     Dynamical  Matrix in cartesian axes

     q = (    0.000000000   0.000000000   0.666666667 ) 

    1    1
  0.23711539  0.00000000   -0.00000000  0.00000000   -0.00000000  0.00000000
  0.00000000  0.00000000    0.23711539  0.00000000    0.00000000  0.00000000
 -0.00000000  0.00000000   -0.00000000  0.00000000    0.32282708  0.00000000
    1    2
 -0.05875904  0.10177364   -0.13457271 -0.07769559    0.00000000  0.00000000
 -0.13457271 -0.07769559   -0.05875904  0.10177364   -0.00000000 -0.00000000
  0.00000000  0.00000000   -0.00000000 -0.00000000   -0.06583473  0.11402910
    2    1
 -0.05875904 -0.10177364   -0.13457271  0.07769559    0.00000000  0.00000000
 -0.13457271  0.07769559   -0.05875904 -0.10177364    0.00000000  0.00000000
 -0.00000000  0.00000000    0.00000000  0.00000000   -0.06583473 -0.11402910
    2    2
  0.23711539  0.00000000    0.00000000  0.00000000    0.00000000  0.00000000
  0.00000000  0.00000000    0.23711539  0.00000000   -0.00000000  0.00000000
  0.00000000  0.00000000    0.00000000  0.00000000    0.32282708  0.00000000

     Dynamical  Matrix in cartesian axes

     q = (    0.000000000  -0.666666667   0.000000000 ) 

    1    1
  0.23711539  0.00000000    0.00000000  0.00000000   -0.00000000  0.00000000
  0.00000000  0.00000000    0.32282708  0.00000000    0.00000000  0.00000000
  0.00000000  0.00000000    0.00000000  0.00000000    0.23711539  0.00000000
    1    2
 -0.05875904 -0.10177364   -0.00000000 -0.00000000   -0.13457271  0.07769559
 -0.00000000  0.00000000   -0.06583473 -0.11402910    0.00000000  0.00000000
 -0.13457271  0.07769559    0.00000000 -0.00000000   -0.05875904 -0.10177364
    2    1
 -0.05875904  0.10177364   -0.00000000 -0.00000000   -0.13457271 -0.07769559
 -0.00000000 -0.00000000   -0.06583473  0.11402910   -0.00000000 -0.00000000
 -0.13457271 -0.07769559   -0.00000000  0.00000000   -0.05875904  0.10177364
    2    2
  0.23711539  0.00000000    0.00000000  0.00000000    0.00000000  0.00000000
  0.00000000  0.00000000    0.32282708  0.00000000   -0.00000000  0.00000000
  0.00000000  0.00000000    0.00000000  0.00000000    0.23711539  0.00000000

     Dynamical  Matrix in cartesian axes

     q = (   -0.666666667   0.000000000   0.000000000 ) 

    1    1
  0.32282708  0.00000000    0.00000000  0.00000000    0.00000000  0.00000000
  0.00000000  0.00000000    0.23711539  0.00000000    0.00000000  0.00000000
 -0.00000000  0.00000000   -0.00000000  0.00000000    0.23711539  0.00000000
    1    2
 -0.06583473 -0.11402910    0.00000000  0.00000000    0.00000000  0.00000000
 -0.00000000  0.00000000   -0.05875904 -0.10177364   -0.13457271  0.07769559
  0.00000000  0.00000000   -0.13457271  0.07769559   -0.05875904 -0.10177364
    2    1
 -0.06583473  0.11402910    0.00000000 -0.00000000    0.00000000  0.00000000
  0.00000000 -0.00000000   -0.05875904  0.10177364   -0.13457271 -0.07769559
  0.00000000  0.00000000   -0.13457271 -0.07769559   -0.05875904  0.10177364
    2    2
  0.32282708  0.00000000    0.00000000  0.00000000    0.00000000  0.00000000
  0.00000000  0.00000000    0.23711539  0.00000000   -0.00000000  0.00000000
  0.00000000  0.00000000   -0.00000000  0.00000000    0.23711539  0.00000000

     Dynamical  Matrix in cartesian axes

     q = (    0.000000000   0.000000000  -0.666666667 ) 

    1    1
  0.23711539  0.00000000    0.00000000  0.00000000    0.00000000  0.00000000
  0.00000000  0.00000000    0.23711539  0.00000000    0.00000000  0.00000000
  0.00000000  0.00000000    0.00000000  0.00000000    0.32282708  0.00000000
    1    2
 -0.05875904 -0.10177364   -0.13457271  0.07769559    0.00000000  0.00000000
 -0.13457271  0.07769559   -0.05875904 -0.10177364    0.00000000  0.00000000
 -0.00000000  0.00000000    0.00000000  0.00000000   -0.06583473 -0.11402910
    2    1
 -0.05875904  0.10177364   -0.13457271 -0.07769559    0.00000000  0.00000000
 -0.13457271 -0.07769559   -0.05875904  0.10177364   -0.00000000 -0.00000000
  0.00000000 -0.00000000   -0.00000000 -0.00000000   -0.06583473  0.11402910
    2    2
  0.23711539  0.00000000   -0.00000000  0.00000000    0.00000000  0.00000000
 -0.00000000  0.00000000    0.23711539  0.00000000    0.00000000  0.00000000
  0.00000000  0.00000000   -0.00000000  0.00000000    0.32282708  0.00000000

     Diagonalizing the dynamical matrix

     q = (    0.000000000   0.666666667   0.000000000 ) 

 **************************************************************************
     freq (    1) =       4.228478 [THz] =     141.046835 [cm-1]
 ( -0.306569 -0.212642  0.000000 -0.000000 -0.264290  0.539398 ) 
 (  0.051176  0.253700 -0.000000  0.000000 -0.658041  0.000000 ) 
     freq (    2) =       4.228478 [THz] =     141.046835 [cm-1]
 (  0.554975  0.229786  0.000000  0.000000 -0.089309  0.362250 ) 
 (  0.130118  0.645048 -0.000000  0.000000  0.258810  0.000000 ) 
     freq (    3) =       8.990024 [THz] =     299.874911 [cm-1]
 ( -0.000000 -0.000000  0.037855  0.706093  0.000000 -0.000000 ) 
 (  0.000000 -0.000000 -0.592567  0.385830 -0.000000  0.000000 ) 
     freq (    4) =      13.513789 [THz] =     450.771470 [cm-1]
 ( -0.435822 -0.193329  0.000000 -0.000000 -0.316762  0.415144 ) 
 (  0.083692 -0.127104 -0.000000 -0.000000  0.690536  0.000000 ) 
     freq (    5) =      13.513789 [THz] =     450.771470 [cm-1]
 ( -0.291863 -0.433012 -0.000000  0.000000  0.446413 -0.167429 ) 
 ( -0.379756  0.576737  0.000000 -0.000000  0.152183  0.000000 ) 
     freq (    6) =      13.862142 [THz] =     462.391271 [cm-1]
 ( -0.000000 -0.000000 -0.314549 -0.633292  0.000000 -0.000000 ) 
 ( -0.000000  0.000000 -0.391172  0.589054  0.000000  0.000000 ) 
 **************************************************************************
