Dynamical matrix file
                                                                           
  1    2  2 10.3760000  0.0000000  0.0000000  0.0000000  0.0000000  0.0000000
           1  'Si  '    25598.8229845270     
    1    1      0.0000000000      0.0000000000      0.0000000000
    2    1      0.2500000000      0.2500000000      0.2500000000

     Dynamical  Matrix in cartesian axes

     q = (    0.666666667  -0.333333333   1.000000000 ) 

    1    1
  0.23450448  0.00000000   -0.00676231  0.00000000    0.00000000  0.00091859
 -0.00676231  0.00000000    0.27702813  0.00000000    0.00000000 -0.01274304
  0.00000000 -0.00091859    0.00000000  0.01274304    0.24823212  0.00000000
    1    2
 -0.08526426  0.04922734   -0.05898661  0.03405594   -0.06271841 -0.10863147
 -0.05898661  0.03405594   -0.09080587  0.05242680    0.02032073  0.03519653
 -0.06271841 -0.10863147    0.02032073  0.03519653   -0.09242428  0.05336118
    2    1
 -0.08526426 -0.04922734   -0.05898661 -0.03405594   -0.06271841  0.10863147
 -0.05898661 -0.03405594   -0.09080587 -0.05242680    0.02032073 -0.03519653
 -0.06271841  0.10863147    0.02032073 -0.03519653   -0.09242428 -0.05336118
    2    2
  0.23450448  0.00000000   -0.00676231  0.00000000    0.00000000 -0.00091859
 -0.00676231  0.00000000    0.27702813  0.00000000    0.00000000  0.01274304
  0.00000000  0.00091859    0.00000000 -0.01274304    0.24823212  0.00000000

     Dynamical  Matrix in cartesian axes

     q = (    1.000000000   0.333333333   0.666666667 ) 

    1    1
  0.24823212  0.00000000    0.00000000  0.01274304    0.00000000  0.00091859
  0.00000000 -0.01274304    0.27702813  0.00000000    0.00676231  0.00000000
  0.00000000 -0.00091859    0.00676231  0.00000000    0.23450448  0.00000000
    1    2
  0.00000000 -0.10672236   -0.04064145  0.00000000   -0.12543682 -0.00000000
 -0.04064145 -0.00000000    0.00000000 -0.10485359   -0.00000000  0.06811187
 -0.12543682 -0.00000000   -0.00000000  0.06811187    0.00000000 -0.09845468
    2    1
  0.00000000  0.10672236   -0.04064145  0.00000000   -0.12543682  0.00000000
 -0.04064145  0.00000000    0.00000000  0.10485359   -0.00000000 -0.06811187
 -0.12543682  0.00000000   -0.00000000 -0.06811187    0.00000000  0.09845468
    2    2
  0.24823212  0.00000000   -0.00000000 -0.01274304    0.00000000 -0.00091859
  0.00000000  0.01274304    0.27702813  0.00000000    0.00676231  0.00000000
  0.00000000  0.00091859    0.00676231  0.00000000    0.23450448  0.00000000

     Dynamical  Matrix in cartesian axes

     q = (    0.666666667   0.333333333   1.000000000 ) 

    1    1
  0.23450448  0.00000000    0.00676231  0.00000000    0.00000000 -0.00091859
  0.00676231  0.00000000    0.27702813  0.00000000    0.00000000 -0.01274304
  0.00000000  0.00091859    0.00000000  0.01274304    0.24823212  0.00000000
    1    2
 -0.00000000 -0.09845468    0.00000000  0.06811187   -0.12543682  0.00000000
  0.00000000  0.06811187   -0.00000000 -0.10485359   -0.04064145  0.00000000
 -0.12543682  0.00000000   -0.04064145  0.00000000   -0.00000000 -0.10672236
    2    1
 -0.00000000  0.09845468    0.00000000 -0.06811187   -0.12543682 -0.00000000
  0.00000000 -0.06811187   -0.00000000  0.10485359   -0.04064145  0.00000000
 -0.12543682 -0.00000000   -0.04064145  0.00000000   -0.00000000  0.10672236
    2    2
  0.23450448  0.00000000    0.00676231  0.00000000    0.00000000  0.00091859
  0.00676231  0.00000000    0.27702813  0.00000000    0.00000000  0.01274304
  0.00000000 -0.00091859    0.00000000 -0.01274304    0.24823212  0.00000000

     Dynamical  Matrix in cartesian axes

     q = (   -1.000000000  -0.333333333   0.666666667 ) 

    1    1
  0.24823212  0.00000000    0.00000000  0.01274304    0.00000000 -0.00091859
  0.00000000 -0.01274304    0.27702813  0.00000000   -0.00676231  0.00000000
  0.00000000  0.00091859   -0.00676231  0.00000000    0.23450448  0.00000000
    1    2
 -0.09242428  0.05336118    0.02032073  0.03519653   -0.06271841 -0.10863147
  0.02032073  0.03519653   -0.09080587  0.05242680   -0.05898661  0.03405594
 -0.06271841 -0.10863147   -0.05898661  0.03405594   -0.08526426  0.04922734
    2    1
 -0.09242428 -0.05336118    0.02032073 -0.03519653   -0.06271841  0.10863147
  0.02032073 -0.03519653   -0.09080587 -0.05242680   -0.05898661 -0.03405594
 -0.06271841  0.10863147   -0.05898661 -0.03405594   -0.08526426 -0.04922734
    2    2
  0.24823212  0.00000000   -0.00000000 -0.01274304    0.00000000  0.00091859
  0.00000000  0.01274304    0.27702813  0.00000000   -0.00676231  0.00000000
  0.00000000 -0.00091859   -0.00676231  0.00000000    0.23450448  0.00000000

     Dynamical  Matrix in cartesian axes

     q = (   -1.000000000  -0.333333333  -0.666666667 ) 

    1    1
  0.24823212  0.00000000   -0.00000000 -0.01274304    0.00000000 -0.00091859
  0.00000000  0.01274304    0.27702813  0.00000000    0.00676231  0.00000000
  0.00000000  0.00091859    0.00676231  0.00000000    0.23450448  0.00000000
    1    2
  0.00000000  0.10672236   -0.04064145  0.00000000   -0.12543682  0.00000000
 -0.04064145  0.00000000    0.00000000  0.10485359   -0.00000000 -0.06811187
 -0.12543682  0.00000000   -0.00000000 -0.06811187    0.00000000  0.09845468
    2    1
  0.00000000 -0.10672236   -0.04064145  0.00000000   -0.12543682 -0.00000000
 -0.04064145 -0.00000000    0.00000000 -0.10485359   -0.00000000  0.06811187
 -0.12543682 -0.00000000   -0.00000000  0.06811187    0.00000000 -0.09845468
    2    2
  0.24823212  0.00000000    0.00000000  0.01274304    0.00000000  0.00091859
  0.00000000 -0.01274304    0.27702813  0.00000000    0.00676231  0.00000000
  0.00000000 -0.00091859    0.00676231  0.00000000    0.23450448  0.00000000

     Dynamical  Matrix in cartesian axes

     q = (   -0.666666667  -0.333333333  -1.000000000 ) 

    1    1
  0.23450448  0.00000000    0.00676231  0.00000000    0.00000000  0.00091859
  0.00676231  0.00000000    0.27702813  0.00000000    0.00000000  0.01274304
  0.00000000 -0.00091859    0.00000000 -0.01274304    0.24823212  0.00000000
    1    2
 -0.00000000  0.09845468    0.00000000 -0.06811187   -0.12543682 -0.00000000
  0.00000000 -0.06811187   -0.00000000  0.10485359   -0.04064145  0.00000000
 -0.12543682 -0.00000000   -0.04064145  0.00000000   -0.00000000  0.10672236
    2    1
 -0.00000000 -0.09845468    0.00000000  0.06811187   -0.12543682  0.00000000
  0.00000000  0.06811187   -0.00000000 -0.10485359   -0.04064145  0.00000000
 -0.12543682  0.00000000   -0.04064145  0.00000000   -0.00000000 -0.10672236
    2    2
  0.23450448  0.00000000    0.00676231  0.00000000    0.00000000 -0.00091859
  0.00676231  0.00000000    0.27702813  0.00000000    0.00000000 -0.01274304
  0.00000000  0.00091859    0.00000000  0.01274304    0.24823212  0.00000000

     Dynamical  Matrix in cartesian axes

     q = (    1.000000000   0.333333333  -0.666666667 ) 

    1    1
  0.24823212  0.00000000   -0.00000000 -0.01274304    0.00000000  0.00091859
  0.00000000  0.01274304    0.27702813  0.00000000   -0.00676231  0.00000000
  0.00000000 -0.00091859   -0.00676231  0.00000000    0.23450448  0.00000000
    1    2
 -0.09242428 -0.05336118    0.02032073 -0.03519653   -0.06271841  0.10863147
  0.02032073 -0.03519653   -0.09080587 -0.05242680   -0.05898661 -0.03405594
 -0.06271841  0.10863147   -0.05898661 -0.03405594   -0.08526426 -0.04922734
    2    1
 -0.09242428  0.05336118    0.02032073  0.03519653   -0.06271841 -0.10863147
  0.02032073  0.03519653   -0.09080587  0.05242680   -0.05898661  0.03405594
 -0.06271841 -0.10863147   -0.05898661  0.03405594   -0.08526426  0.04922734
    2    2
  0.24823212  0.00000000    0.00000000  0.01274304    0.00000000 -0.00091859
  0.00000000 -0.01274304    0.27702813  0.00000000   -0.00676231  0.00000000
  0.00000000  0.00091859   -0.00676231  0.00000000    0.23450448  0.00000000

     Dynamical  Matrix in cartesian axes

     q = (   -0.666666667   0.333333333   1.000000000 ) 

    1    1
  0.23450448  0.00000000   -0.00676231  0.00000000    0.00000000 -0.00091859
 -0.00676231  0.00000000    0.27702813  0.00000000    0.00000000  0.01274304
  0.00000000  0.00091859    0.00000000 -0.01274304    0.24823212  0.00000000
    1    2
 -0.08526426 -0.04922734   -0.05898661 -0.03405594   -0.06271841  0.10863147
 -0.05898661 -0.03405594   -0.09080587 -0.05242680    0.02032073 -0.03519653
 -0.06271841  0.10863147    0.02032073 -0.03519653   -0.09242428 -0.05336118
    2    1
 -0.08526426  0.04922734   -0.05898661  0.03405594   -0.06271841 -0.10863147
 -0.05898661  0.03405594   -0.09080587  0.05242680    0.02032073  0.03519653
 -0.06271841 -0.10863147    0.02032073  0.03519653   -0.09242428  0.05336118
    2    2
  0.23450448  0.00000000   -0.00676231  0.00000000    0.00000000  0.00091859
 -0.00676231  0.00000000    0.27702813  0.00000000    0.00000000 -0.01274304
  0.00000000 -0.00091859    0.00000000  0.01274304    0.24823212  0.00000000

     Dynamical  Matrix in cartesian axes

     q = (   -0.333333333   1.000000000   0.666666667 ) 

    1    1
  0.27702813  0.00000000    0.00000000 -0.01274304   -0.00676231  0.00000000
  0.00000000  0.01274304    0.24823212  0.00000000    0.00000000 -0.00091859
 -0.00676231  0.00000000   -0.00000000  0.00091859    0.23450448  0.00000000
    1    2
 -0.09080587  0.05242680    0.02032073  0.03519653   -0.05898661  0.03405594
  0.02032073  0.03519653   -0.09242428  0.05336118   -0.06271841 -0.10863147
 -0.05898661  0.03405594   -0.06271841 -0.10863147   -0.08526426  0.04922734
    2    1
 -0.09080587 -0.05242680    0.02032073 -0.03519653   -0.05898661 -0.03405594
  0.02032073 -0.03519653   -0.09242428 -0.05336118   -0.06271841  0.10863147
 -0.05898661 -0.03405594   -0.06271841  0.10863147   -0.08526426 -0.04922734
    2    2
  0.27702813  0.00000000    0.00000000  0.01274304   -0.00676231  0.00000000
 -0.00000000 -0.01274304    0.24823212  0.00000000   -0.00000000  0.00091859
 -0.00676231  0.00000000   -0.00000000 -0.00091859    0.23450448  0.00000000

     Dynamical  Matrix in cartesian axes

     q = (    0.333333333   1.000000000  -0.666666667 ) 

    1    1
  0.27702813  0.00000000    0.00000000  0.01274304   -0.00676231  0.00000000
 -0.00000000 -0.01274304    0.24823212  0.00000000   -0.00000000  0.00091859
 -0.00676231  0.00000000   -0.00000000 -0.00091859    0.23450448  0.00000000
    1    2
 -0.09080587 -0.05242680    0.02032073 -0.03519653   -0.05898661 -0.03405594
  0.02032073 -0.03519653   -0.09242428 -0.05336118   -0.06271841  0.10863147
 -0.05898661 -0.03405594   -0.06271841  0.10863147   -0.08526426 -0.04922734
    2    1
 -0.09080587  0.05242680    0.02032073  0.03519653   -0.05898661  0.03405594
  0.02032073  0.03519653   -0.09242428  0.05336118   -0.06271841 -0.10863147
 -0.05898661  0.03405594   -0.06271841 -0.10863147   -0.08526426  0.04922734
    2    2
  0.27702813  0.00000000    0.00000000 -0.01274304   -0.00676231  0.00000000
  0.00000000  0.01274304    0.24823212  0.00000000    0.00000000 -0.00091859
 -0.00676231  0.00000000   -0.00000000  0.00091859    0.23450448  0.00000000

     Dynamical  Matrix in cartesian axes

     q = (   -0.333333333  -1.000000000  -0.666666667 ) 

    1    1
  0.27702813  0.00000000   -0.00000000  0.01274304    0.00676231  0.00000000
 -0.00000000 -0.01274304    0.24823212  0.00000000   -0.00000000 -0.00091859
  0.00676231  0.00000000    0.00000000  0.00091859    0.23450448  0.00000000
    1    2
  0.00000000  0.10485359   -0.04064145  0.00000000   -0.00000000 -0.06811187
 -0.04064145  0.00000000    0.00000000  0.10672236   -0.12543682  0.00000000
 -0.00000000 -0.06811187   -0.12543682  0.00000000    0.00000000  0.09845468
    2    1
  0.00000000 -0.10485359   -0.04064145 -0.00000000   -0.00000000  0.06811187
 -0.04064145 -0.00000000    0.00000000 -0.10672236   -0.12543682 -0.00000000
 -0.00000000  0.06811187   -0.12543682 -0.00000000    0.00000000 -0.09845468
    2    2
  0.27702813  0.00000000    0.00000000 -0.01274304    0.00676231  0.00000000
  0.00000000  0.01274304    0.24823212  0.00000000   -0.00000000  0.00091859
  0.00676231  0.00000000   -0.00000000 -0.00091859    0.23450448  0.00000000

     Dynamical  Matrix in cartesian axes

     q = (    1.000000000  -0.666666667   0.333333333 ) 

    1    1
  0.24823212  0.00000000    0.00000000  0.00091859   -0.00000000 -0.01274304
  0.00000000 -0.00091859    0.23450448  0.00000000   -0.00676231  0.00000000
 -0.00000000  0.01274304   -0.00676231  0.00000000    0.27702813  0.00000000
    1    2
 -0.09242428 -0.05336118   -0.06271841  0.10863147    0.02032073 -0.03519653
 -0.06271841  0.10863147   -0.08526426 -0.04922734   -0.05898661 -0.03405594
  0.02032073 -0.03519653   -0.05898661 -0.03405594   -0.09080587 -0.05242680
    2    1
 -0.09242428  0.05336118   -0.06271841 -0.10863147    0.02032073  0.03519653
 -0.06271841 -0.10863147   -0.08526426  0.04922734   -0.05898661  0.03405594
  0.02032073  0.03519653   -0.05898661  0.03405594   -0.09080587  0.05242680
    2    2
  0.24823212  0.00000000    0.00000000 -0.00091859    0.00000000  0.01274304
  0.00000000  0.00091859    0.23450448  0.00000000   -0.00676231  0.00000000
  0.00000000 -0.01274304   -0.00676231  0.00000000    0.27702813  0.00000000

     Dynamical  Matrix in cartesian axes

     q = (    1.000000000   0.666666667  -0.333333333 ) 

    1    1
  0.24823212  0.00000000    0.00000000 -0.00091859    0.00000000  0.01274304
  0.00000000  0.00091859    0.23450448  0.00000000   -0.00676231  0.00000000
  0.00000000 -0.01274304   -0.00676231  0.00000000    0.27702813  0.00000000
    1    2
 -0.09242428  0.05336118   -0.06271841 -0.10863147    0.02032073  0.03519653
 -0.06271841 -0.10863147   -0.08526426  0.04922734   -0.05898661  0.03405594
  0.02032073  0.03519653   -0.05898661  0.03405594   -0.09080587  0.05242680
    2    1
 -0.09242428 -0.05336118   -0.06271841  0.10863147    0.02032073 -0.03519653
 -0.06271841  0.10863147   -0.08526426 -0.04922734   -0.05898661 -0.03405594
  0.02032073 -0.03519653   -0.05898661 -0.03405594   -0.09080587 -0.05242680
    2    2
  0.24823212  0.00000000    0.00000000  0.00091859   -0.00000000 -0.01274304
  0.00000000 -0.00091859    0.23450448  0.00000000   -0.00676231  0.00000000
 -0.00000000  0.01274304   -0.00676231  0.00000000    0.27702813  0.00000000

     Dynamical  Matrix in cartesian axes

     q = (   -0.333333333   0.666666667  -1.000000000 ) 

    1    1
  0.27702813  0.00000000   -0.00676231  0.00000000    0.00000000 -0.01274304
 -0.00676231  0.00000000    0.23450448  0.00000000    0.00000000  0.00091859
  0.00000000  0.01274304    0.00000000 -0.00091859    0.24823212  0.00000000
    1    2
 -0.09080587  0.05242680   -0.05898661  0.03405594    0.02032073  0.03519653
 -0.05898661  0.03405594   -0.08526426  0.04922734   -0.06271841 -0.10863147
  0.02032073  0.03519653   -0.06271841 -0.10863147   -0.09242428  0.05336118
    2    1
 -0.09080587 -0.05242680   -0.05898661 -0.03405594    0.02032073 -0.03519653
 -0.05898661 -0.03405594   -0.08526426 -0.04922734   -0.06271841  0.10863147
  0.02032073 -0.03519653   -0.06271841  0.10863147   -0.09242428 -0.05336118
    2    2
  0.27702813  0.00000000   -0.00676231  0.00000000   -0.00000000  0.01274304
 -0.00676231  0.00000000    0.23450448  0.00000000   -0.00000000 -0.00091859
 -0.00000000 -0.01274304   -0.00000000  0.00091859    0.24823212  0.00000000

     Dynamical  Matrix in cartesian axes

     q = (   -1.000000000  -0.666666667  -0.333333333 ) 

    1    1
  0.24823212  0.00000000    0.00000000 -0.00091859   -0.00000000 -0.01274304
  0.00000000  0.00091859    0.23450448  0.00000000    0.00676231  0.00000000
 -0.00000000  0.01274304    0.00676231  0.00000000    0.27702813  0.00000000
    1    2
  0.00000000  0.10672236   -0.12543682  0.00000000   -0.04064145  0.00000000
 -0.12543682  0.00000000    0.00000000  0.09845468   -0.00000000 -0.06811187
 -0.04064145  0.00000000   -0.00000000 -0.06811187    0.00000000  0.10485359
    2    1
  0.00000000 -0.10672236   -0.12543682 -0.00000000   -0.04064145 -0.00000000
 -0.12543682 -0.00000000   -0.00000000 -0.09845468   -0.00000000  0.06811187
 -0.04064145  0.00000000   -0.00000000  0.06811187    0.00000000 -0.10485359
    2    2
  0.24823212  0.00000000    0.00000000  0.00091859   -0.00000000  0.01274304
  0.00000000 -0.00091859    0.23450448  0.00000000    0.00676231  0.00000000
  0.00000000 -0.01274304    0.00676231  0.00000000    0.27702813  0.00000000

     Dynamical  Matrix in cartesian axes

     q = (   -1.000000000   0.666666667   0.333333333 ) 

    1    1
  0.24823212  0.00000000    0.00000000  0.00091859   -0.00000000  0.01274304
  0.00000000 -0.00091859    0.23450448  0.00000000    0.00676231  0.00000000
  0.00000000 -0.01274304    0.00676231  0.00000000    0.27702813  0.00000000
    1    2
 -0.00000000 -0.10672236   -0.12543682  0.00000000   -0.04064145  0.00000000
 -0.12543682  0.00000000   -0.00000000 -0.09845468    0.00000000  0.06811187
 -0.04064145  0.00000000    0.00000000  0.06811187   -0.00000000 -0.10485359
    2    1
 -0.00000000  0.10672236   -0.12543682 -0.00000000   -0.04064145  0.00000000
 -0.12543682 -0.00000000   -0.00000000  0.09845468    0.00000000 -0.06811187
 -0.04064145  0.00000000    0.00000000 -0.06811187   -0.00000000  0.10485359
    2    2
  0.24823212  0.00000000    0.00000000 -0.00091859   -0.00000000 -0.01274304
  0.00000000  0.00091859    0.23450448  0.00000000    0.00676231  0.00000000
 -0.00000000  0.01274304    0.00676231  0.00000000    0.27702813  0.00000000

     Dynamical  Matrix in cartesian axes

     q = (    0.333333333  -0.666666667   1.000000000 ) 

    1    1
  0.27702813  0.00000000   -0.00676231  0.00000000   -0.00000000  0.01274304
 -0.00676231  0.00000000    0.23450448  0.00000000   -0.00000000 -0.00091859
 -0.00000000 -0.01274304   -0.00000000  0.00091859    0.24823212  0.00000000
    1    2
 -0.09080587 -0.05242680   -0.05898661 -0.03405594    0.02032073 -0.03519653
 -0.05898661 -0.03405594   -0.08526426 -0.04922734   -0.06271841  0.10863147
  0.02032073 -0.03519653   -0.06271841  0.10863147   -0.09242428 -0.05336118
    2    1
 -0.09080587  0.05242680   -0.05898661  0.03405594    0.02032073  0.03519653
 -0.05898661  0.03405594   -0.08526426  0.04922734   -0.06271841 -0.10863147
  0.02032073  0.03519653   -0.06271841 -0.10863147   -0.09242428  0.05336118
    2    2
  0.27702813  0.00000000   -0.00676231  0.00000000    0.00000000 -0.01274304
 -0.00676231  0.00000000    0.23450448  0.00000000    0.00000000  0.00091859
  0.00000000  0.01274304    0.00000000 -0.00091859    0.24823212  0.00000000

     Dynamical  Matrix in cartesian axes

     q = (    0.333333333  -1.000000000   0.666666667 ) 

    1    1
  0.27702813  0.00000000    0.00000000 -0.01274304    0.00676231  0.00000000
  0.00000000  0.01274304    0.24823212  0.00000000   -0.00000000  0.00091859
  0.00676231  0.00000000   -0.00000000 -0.00091859    0.23450448  0.00000000
    1    2
 -0.00000000 -0.10485359   -0.04064145  0.00000000    0.00000000  0.06811187
 -0.04064145  0.00000000    0.00000000 -0.10672236   -0.12543682  0.00000000
  0.00000000  0.06811187   -0.12543682 -0.00000000   -0.00000000 -0.09845468
    2    1
 -0.00000000  0.10485359   -0.04064145 -0.00000000    0.00000000 -0.06811187
 -0.04064145  0.00000000   -0.00000000  0.10672236   -0.12543682  0.00000000
  0.00000000 -0.06811187   -0.12543682 -0.00000000    0.00000000  0.09845468
    2    2
  0.27702813  0.00000000   -0.00000000  0.01274304    0.00676231  0.00000000
 -0.00000000 -0.01274304    0.24823212  0.00000000   -0.00000000 -0.00091859
  0.00676231  0.00000000    0.00000000  0.00091859    0.23450448  0.00000000

     Dynamical  Matrix in cartesian axes

     q = (    0.666666667  -1.000000000   0.333333333 ) 

    1    1
  0.23450448  0.00000000    0.00000000 -0.00091859    0.00676231  0.00000000
  0.00000000  0.00091859    0.24823212  0.00000000    0.00000000  0.01274304
  0.00676231  0.00000000    0.00000000 -0.01274304    0.27702813  0.00000000
    1    2
 -0.00000000 -0.09845468   -0.12543682  0.00000000    0.00000000  0.06811187
 -0.12543682  0.00000000   -0.00000000 -0.10672236   -0.04064145  0.00000000
  0.00000000  0.06811187   -0.04064145 -0.00000000    0.00000000 -0.10485359
    2    1
 -0.00000000  0.09845468   -0.12543682 -0.00000000    0.00000000 -0.06811187
 -0.12543682 -0.00000000   -0.00000000  0.10672236   -0.04064145  0.00000000
  0.00000000 -0.06811187   -0.04064145 -0.00000000   -0.00000000  0.10485359
    2    2
  0.23450448  0.00000000    0.00000000  0.00091859    0.00676231  0.00000000
  0.00000000 -0.00091859    0.24823212  0.00000000    0.00000000 -0.01274304
  0.00676231  0.00000000    0.00000000  0.01274304    0.27702813  0.00000000

     Dynamical  Matrix in cartesian axes

     q = (    0.333333333   0.666666667   1.000000000 ) 

    1    1
  0.27702813  0.00000000    0.00676231  0.00000000    0.00000000 -0.01274304
  0.00676231  0.00000000    0.23450448  0.00000000   -0.00000000 -0.00091859
  0.00000000  0.01274304   -0.00000000  0.00091859    0.24823212  0.00000000
    1    2
  0.00000000 -0.10485359   -0.00000000  0.06811187   -0.04064145 -0.00000000
 -0.00000000  0.06811187    0.00000000 -0.09845468   -0.12543682 -0.00000000
 -0.04064145 -0.00000000   -0.12543682 -0.00000000    0.00000000 -0.10672236
    2    1
  0.00000000  0.10485359   -0.00000000 -0.06811187   -0.04064145  0.00000000
 -0.00000000 -0.06811187    0.00000000  0.09845468   -0.12543682  0.00000000
 -0.04064145  0.00000000   -0.12543682  0.00000000    0.00000000  0.10672236
    2    2
  0.27702813  0.00000000    0.00676231  0.00000000    0.00000000  0.01274304
  0.00676231  0.00000000    0.23450448  0.00000000   -0.00000000  0.00091859
 -0.00000000 -0.01274304    0.00000000 -0.00091859    0.24823212  0.00000000

     Dynamical  Matrix in cartesian axes

     q = (   -0.333333333  -0.666666667  -1.000000000 ) 

    1    1
  0.27702813  0.00000000    0.00676231  0.00000000    0.00000000  0.01274304
  0.00676231  0.00000000    0.23450448  0.00000000   -0.00000000  0.00091859
 -0.00000000 -0.01274304    0.00000000 -0.00091859    0.24823212  0.00000000
    1    2
  0.00000000  0.10485359   -0.00000000 -0.06811187   -0.04064145  0.00000000
 -0.00000000 -0.06811187    0.00000000  0.09845468   -0.12543682  0.00000000
 -0.04064145  0.00000000   -0.12543682  0.00000000    0.00000000  0.10672236
    2    1
  0.00000000 -0.10485359   -0.00000000  0.06811187   -0.04064145 -0.00000000
 -0.00000000  0.06811187    0.00000000 -0.09845468   -0.12543682 -0.00000000
 -0.04064145 -0.00000000   -0.12543682 -0.00000000    0.00000000 -0.10672236
    2    2
  0.27702813  0.00000000    0.00676231  0.00000000    0.00000000 -0.01274304
  0.00676231  0.00000000    0.23450448  0.00000000   -0.00000000 -0.00091859
  0.00000000  0.01274304   -0.00000000  0.00091859    0.24823212  0.00000000

     Dynamical  Matrix in cartesian axes

     q = (   -0.666666667  -1.000000000   0.333333333 ) 

    1    1
  0.23450448  0.00000000    0.00000000 -0.00091859   -0.00676231  0.00000000
  0.00000000  0.00091859    0.24823212  0.00000000    0.00000000 -0.01274304
 -0.00676231  0.00000000    0.00000000  0.01274304    0.27702813  0.00000000
    1    2
 -0.08526426 -0.04922734   -0.06271841  0.10863147   -0.05898661 -0.03405594
 -0.06271841  0.10863147   -0.09242428 -0.05336118    0.02032073 -0.03519653
 -0.05898661 -0.03405594    0.02032073 -0.03519653   -0.09080587 -0.05242680
    2    1
 -0.08526426  0.04922734   -0.06271841 -0.10863147   -0.05898661  0.03405594
 -0.06271841 -0.10863147   -0.09242428  0.05336118    0.02032073  0.03519653
 -0.05898661  0.03405594    0.02032073  0.03519653   -0.09080587  0.05242680
    2    2
  0.23450448  0.00000000    0.00000000  0.00091859   -0.00676231  0.00000000
  0.00000000 -0.00091859    0.24823212  0.00000000    0.00000000  0.01274304
 -0.00676231  0.00000000    0.00000000 -0.01274304    0.27702813  0.00000000

     Dynamical  Matrix in cartesian axes

     q = (    0.666666667   1.000000000  -0.333333333 ) 

    1    1
  0.23450448  0.00000000    0.00000000  0.00091859   -0.00676231  0.00000000
  0.00000000 -0.00091859    0.24823212  0.00000000    0.00000000  0.01274304
 -0.00676231  0.00000000    0.00000000 -0.01274304    0.27702813  0.00000000
    1    2
 -0.08526426  0.04922734   -0.06271841 -0.10863147   -0.05898661  0.03405594
 -0.06271841 -0.10863147   -0.09242428  0.05336118    0.02032073  0.03519653
 -0.05898661  0.03405594    0.02032073  0.03519653   -0.09080587  0.05242680
    2    1
 -0.08526426 -0.04922734   -0.06271841  0.10863147   -0.05898661 -0.03405594
 -0.06271841  0.10863147   -0.09242428 -0.05336118    0.02032073 -0.03519653
 -0.05898661 -0.03405594    0.02032073 -0.03519653   -0.09080587 -0.05242680
    2    2
  0.23450448  0.00000000    0.00000000 -0.00091859   -0.00676231  0.00000000
  0.00000000  0.00091859    0.24823212  0.00000000    0.00000000 -0.01274304
 -0.00676231  0.00000000    0.00000000  0.01274304    0.27702813  0.00000000

     Dynamical  Matrix in cartesian axes

     q = (   -0.666666667  -1.000000000  -0.333333333 ) 

    1    1
  0.23450448  0.00000000    0.00000000  0.00091859    0.00676231  0.00000000
  0.00000000 -0.00091859    0.24823212  0.00000000    0.00000000 -0.01274304
  0.00676231  0.00000000    0.00000000  0.01274304    0.27702813  0.00000000
    1    2
  0.00000000  0.09845468   -0.12543682  0.00000000    0.00000000 -0.06811187
 -0.12543682  0.00000000    0.00000000  0.10672236   -0.04064145 -0.00000000
 -0.00000000 -0.06811187   -0.04064145  0.00000000    0.00000000  0.10485359
    2    1
  0.00000000 -0.09845468   -0.12543682 -0.00000000    0.00000000  0.06811187
 -0.12543682 -0.00000000    0.00000000 -0.10672236   -0.04064145  0.00000000
  0.00000000  0.06811187   -0.04064145  0.00000000    0.00000000 -0.10485359
    2    2
  0.23450448  0.00000000    0.00000000 -0.00091859    0.00676231  0.00000000
  0.00000000  0.00091859    0.24823212  0.00000000    0.00000000  0.01274304
  0.00676231  0.00000000    0.00000000 -0.01274304    0.27702813  0.00000000

     Diagonalizing the dynamical matrix

     q = (    0.666666667  -0.333333333   1.000000000 ) 

 **************************************************************************
     freq (    1) =       4.897338 [THz] =     163.357628 [cm-1]
 ( -0.303618 -0.525881 -0.149831 -0.259515  0.176355 -0.101819 ) 
 (  0.000000 -0.607235  0.000000 -0.299662 -0.203637  0.000000 ) 
     freq (    2) =       5.488975 [THz] =     183.092493 [cm-1]
 ( -0.161021 -0.278897  0.059562  0.103164 -0.535326  0.309070 ) 
 ( -0.000000  0.322043 -0.000000 -0.119124 -0.618141  0.000000 ) 
     freq (    3) =       8.460094 [THz] =     282.198356 [cm-1]
 ( -0.097934 -0.169627  0.302936  0.524700  0.266303 -0.153750 ) 
 (  0.000000 -0.195868 -0.000000  0.605871 -0.307500  0.000000 ) 
     freq (    4) =      12.171490 [THz] =     405.997202 [cm-1]
 (  0.197670  0.342374 -0.251031 -0.434799 -0.262164  0.151360 ) 
 ( -0.000000 -0.395340 -0.000000  0.502062 -0.302721  0.000000 ) 
     freq (    5) =      13.556805 [THz] =     452.206324 [cm-1]
 (  0.244946  0.424260  0.241735  0.418697 -0.140345  0.081028 ) 
 (  0.000000 -0.489893  0.000000 -0.483470 -0.162056  0.000000 ) 
     freq (    6) =      13.595283 [THz] =     453.489835 [cm-1]
 (  0.152398  0.263962 -0.103831 -0.179840  0.522477 -0.301652 ) 
 ( -0.000000  0.304797 -0.000000 -0.207661 -0.603304  0.000000 ) 
 **************************************************************************
