Dynamical matrix file
                                                                           
  1    2  2 10.3760000  0.0000000  0.0000000  0.0000000  0.0000000  0.0000000
           1  'Si  '    25598.8229845270     
    1    1      0.0000000000      0.0000000000      0.0000000000
    2    1      0.2500000000      0.2500000000      0.2500000000

     Dynamical  Matrix in cartesian axes

     q = (   -0.333333333   0.333333333  -0.333333333 ) 

    1    1
  0.26516580  0.00000000   -0.01560999  0.00000000    0.01560999  0.00000000
 -0.01560999  0.00000000    0.26516580  0.00000000   -0.01560999  0.00000000
  0.01560999  0.00000000   -0.01560999  0.00000000    0.26516580  0.00000000
    1    2
 -0.16753075 -0.04711452   -0.05729979  0.03356719    0.05729979 -0.03356719
 -0.05729979  0.03356719   -0.16753075 -0.04711452   -0.05729979  0.03356719
  0.05729979 -0.03356719   -0.05729979  0.03356719   -0.16753075 -0.04711452
    2    1
 -0.16753075  0.04711452   -0.05729979 -0.03356719    0.05729979  0.03356719
 -0.05729979 -0.03356719   -0.16753075  0.04711452   -0.05729979 -0.03356719
  0.05729979  0.03356719   -0.05729979 -0.03356719   -0.16753075  0.04711452
    2    2
  0.26516580  0.00000000   -0.01560999  0.00000000    0.01560999  0.00000000
 -0.01560999  0.00000000    0.26516580  0.00000000   -0.01560999  0.00000000
  0.01560999  0.00000000   -0.01560999  0.00000000    0.26516580  0.00000000

     Dynamical  Matrix in cartesian axes

     q = (    0.333333333   0.333333333   0.333333333 ) 

    1    1
  0.26516580  0.00000000    0.01560999  0.00000000    0.01560999  0.00000000
  0.01560999  0.00000000    0.26516580  0.00000000    0.01560999  0.00000000
  0.01560999  0.00000000    0.01560999  0.00000000    0.26516580  0.00000000
    1    2
  0.04296300  0.16864314   -0.05771993 -0.03283948   -0.05771993 -0.03283948
 -0.05771993 -0.03283948    0.04296300  0.16864314   -0.05771993 -0.03283948
 -0.05771993 -0.03283948   -0.05771993 -0.03283948    0.04296300  0.16864314
    2    1
  0.04296300 -0.16864314   -0.05771993  0.03283948   -0.05771993  0.03283948
 -0.05771993  0.03283948    0.04296300 -0.16864314   -0.05771993  0.03283948
 -0.05771993  0.03283948   -0.05771993  0.03283948    0.04296300 -0.16864314
    2    2
  0.26516580  0.00000000    0.01560999  0.00000000    0.01560999  0.00000000
  0.01560999  0.00000000    0.26516580  0.00000000    0.01560999  0.00000000
  0.01560999  0.00000000    0.01560999  0.00000000    0.26516580  0.00000000

     Dynamical  Matrix in cartesian axes

     q = (   -0.333333333  -0.333333333  -0.333333333 ) 

    1    1
  0.26516580  0.00000000    0.01560999  0.00000000    0.01560999  0.00000000
  0.01560999  0.00000000    0.26516580  0.00000000    0.01560999  0.00000000
  0.01560999  0.00000000    0.01560999  0.00000000    0.26516580  0.00000000
    1    2
  0.04296300 -0.16864314   -0.05771993  0.03283948   -0.05771993  0.03283948
 -0.05771993  0.03283948    0.04296300 -0.16864314   -0.05771993  0.03283948
 -0.05771993  0.03283948   -0.05771993  0.03283948    0.04296300 -0.16864314
    2    1
  0.04296300  0.16864314   -0.05771993 -0.03283948   -0.05771993 -0.03283948
 -0.05771993 -0.03283948    0.04296300  0.16864314   -0.05771993 -0.03283948
 -0.05771993 -0.03283948   -0.05771993 -0.03283948    0.04296300  0.16864314
    2    2
  0.26516580  0.00000000    0.01560999  0.00000000    0.01560999  0.00000000
  0.01560999  0.00000000    0.26516580  0.00000000    0.01560999  0.00000000
  0.01560999  0.00000000    0.01560999  0.00000000    0.26516580  0.00000000

     Dynamical  Matrix in cartesian axes

     q = (    0.333333333  -0.333333333   0.333333333 ) 

    1    1
  0.26516580  0.00000000   -0.01560999  0.00000000    0.01560999  0.00000000
 -0.01560999  0.00000000    0.26516580  0.00000000   -0.01560999  0.00000000
  0.01560999  0.00000000   -0.01560999  0.00000000    0.26516580  0.00000000
    1    2
 -0.16753075  0.04711452   -0.05729979 -0.03356719    0.05729979  0.03356719
 -0.05729979 -0.03356719   -0.16753075  0.04711452   -0.05729979 -0.03356719
  0.05729979  0.03356719   -0.05729979 -0.03356719   -0.16753075  0.04711452
    2    1
 -0.16753075 -0.04711452   -0.05729979  0.03356719    0.05729979 -0.03356719
 -0.05729979  0.03356719   -0.16753075 -0.04711452   -0.05729979  0.03356719
  0.05729979 -0.03356719   -0.05729979  0.03356719   -0.16753075 -0.04711452
    2    2
  0.26516580  0.00000000   -0.01560999  0.00000000    0.01560999  0.00000000
 -0.01560999  0.00000000    0.26516580  0.00000000   -0.01560999  0.00000000
  0.01560999  0.00000000   -0.01560999  0.00000000    0.26516580  0.00000000

     Dynamical  Matrix in cartesian axes

     q = (    0.333333333  -0.333333333  -0.333333333 ) 

    1    1
  0.26516580  0.00000000   -0.01560999  0.00000000   -0.01560999  0.00000000
 -0.01560999  0.00000000    0.26516580  0.00000000    0.01560999  0.00000000
 -0.01560999  0.00000000    0.01560999  0.00000000    0.26516580  0.00000000
    1    2
 -0.16753075 -0.04711452   -0.05729979  0.03356719   -0.05729979  0.03356719
 -0.05729979  0.03356719   -0.16753075 -0.04711452    0.05729979 -0.03356719
 -0.05729979  0.03356719    0.05729979 -0.03356719   -0.16753075 -0.04711452
    2    1
 -0.16753075  0.04711452   -0.05729979 -0.03356719   -0.05729979 -0.03356719
 -0.05729979 -0.03356719   -0.16753075  0.04711452    0.05729979  0.03356719
 -0.05729979 -0.03356719    0.05729979  0.03356719   -0.16753075  0.04711452
    2    2
  0.26516580  0.00000000   -0.01560999  0.00000000   -0.01560999  0.00000000
 -0.01560999  0.00000000    0.26516580  0.00000000    0.01560999  0.00000000
 -0.01560999  0.00000000    0.01560999  0.00000000    0.26516580  0.00000000

     Dynamical  Matrix in cartesian axes

     q = (    0.333333333   0.333333333  -0.333333333 ) 

    1    1
  0.26516580  0.00000000    0.01560999  0.00000000   -0.01560999  0.00000000
  0.01560999  0.00000000    0.26516580  0.00000000   -0.01560999  0.00000000
 -0.01560999  0.00000000   -0.01560999  0.00000000    0.26516580  0.00000000
    1    2
 -0.16753075  0.04711452    0.05729979  0.03356719   -0.05729979 -0.03356719
  0.05729979  0.03356719   -0.16753075  0.04711452   -0.05729979 -0.03356719
 -0.05729979 -0.03356719   -0.05729979 -0.03356719   -0.16753075  0.04711452
    2    1
 -0.16753075 -0.04711452    0.05729979 -0.03356719   -0.05729979  0.03356719
  0.05729979 -0.03356719   -0.16753075 -0.04711452   -0.05729979  0.03356719
 -0.05729979  0.03356719   -0.05729979  0.03356719   -0.16753075 -0.04711452
    2    2
  0.26516580  0.00000000    0.01560999  0.00000000   -0.01560999  0.00000000
  0.01560999  0.00000000    0.26516580  0.00000000   -0.01560999  0.00000000
 -0.01560999  0.00000000   -0.01560999  0.00000000    0.26516580  0.00000000

     Dynamical  Matrix in cartesian axes

     q = (   -0.333333333  -0.333333333   0.333333333 ) 

    1    1
  0.26516580  0.00000000    0.01560999  0.00000000   -0.01560999  0.00000000
  0.01560999  0.00000000    0.26516580  0.00000000   -0.01560999  0.00000000
 -0.01560999  0.00000000   -0.01560999  0.00000000    0.26516580  0.00000000
    1    2
 -0.16753075 -0.04711452    0.05729979 -0.03356719   -0.05729979  0.03356719
  0.05729979 -0.03356719   -0.16753075 -0.04711452   -0.05729979  0.03356719
 -0.05729979  0.03356719   -0.05729979  0.03356719   -0.16753075 -0.04711452
    2    1
 -0.16753075  0.04711452    0.05729979  0.03356719   -0.05729979 -0.03356719
  0.05729979  0.03356719   -0.16753075  0.04711452   -0.05729979 -0.03356719
 -0.05729979 -0.03356719   -0.05729979 -0.03356719   -0.16753075  0.04711452
    2    2
  0.26516580  0.00000000    0.01560999  0.00000000   -0.01560999  0.00000000
  0.01560999  0.00000000    0.26516580  0.00000000   -0.01560999  0.00000000
 -0.01560999  0.00000000   -0.01560999  0.00000000    0.26516580  0.00000000

     Dynamical  Matrix in cartesian axes

     q = (   -0.333333333   0.333333333   0.333333333 ) 

    1    1
  0.26516580  0.00000000   -0.01560999  0.00000000   -0.01560999  0.00000000
 -0.01560999  0.00000000    0.26516580  0.00000000    0.01560999  0.00000000
 -0.01560999  0.00000000    0.01560999  0.00000000    0.26516580  0.00000000
    1    2
 -0.16753075  0.04711452   -0.05729979 -0.03356719   -0.05729979 -0.03356719
 -0.05729979 -0.03356719   -0.16753075  0.04711452    0.05729979  0.03356719
 -0.05729979 -0.03356719    0.05729979  0.03356719   -0.16753075  0.04711452
    2    1
 -0.16753075 -0.04711452   -0.05729979  0.03356719   -0.05729979  0.03356719
 -0.05729979  0.03356719   -0.16753075 -0.04711452    0.05729979 -0.03356719
 -0.05729979  0.03356719    0.05729979 -0.03356719   -0.16753075 -0.04711452
    2    2
  0.26516580  0.00000000   -0.01560999  0.00000000   -0.01560999  0.00000000
 -0.01560999  0.00000000    0.26516580  0.00000000    0.01560999  0.00000000
 -0.01560999  0.00000000    0.01560999  0.00000000    0.26516580  0.00000000

     Diagonalizing the dynamical matrix

     q = (   -0.333333333   0.333333333  -0.333333333 ) 

 **************************************************************************
     freq (    1) =       3.206449 [THz] =     106.955630 [cm-1]
 ( -0.259633 -0.018018  0.315763  0.016653  0.575396  0.034671 ) 
 ( -0.260247 -0.002370  0.316192 -0.002370  0.576440  0.000000 ) 
     freq (    2) =       3.206449 [THz] =     106.955630 [cm-1]
 (  0.515242 -0.011167  0.482885 -0.013117 -0.032357 -0.001950 ) 
 (  0.513638 -0.042137  0.481222 -0.042137 -0.032416  0.000000 ) 
     freq (    3) =       8.489661 [THz] =     283.184614 [cm-1]
 (  0.171617  0.370425 -0.171617 -0.370425  0.171617  0.370425 ) 
 (  0.408248  0.000000 -0.408248  0.000000  0.408248  0.000000 ) 
     freq (    4) =      13.362135 [THz] =     445.712834 [cm-1]
 ( -0.171617 -0.370425  0.171617  0.370425 -0.171617 -0.370425 ) 
 (  0.408248  0.000000 -0.408248 -0.000000  0.408248  0.000000 ) 
     freq (    5) =      14.168299 [THz] =     472.603572 [cm-1]
 (  0.136262 -0.105760  0.544456 -0.081164  0.408194  0.024596 ) 
 ( -0.129654  0.113764 -0.538589  0.113764 -0.408935  0.000000 ) 
     freq (    6) =      14.168299 [THz] =     472.603572 [cm-1]
 (  0.544918 -0.081520  0.138095 -0.106033 -0.406823 -0.024513 ) 
 ( -0.539028  0.114147 -0.131467  0.114147  0.407561  0.000000 ) 
 **************************************************************************
