Dynamical matrix file
                                                                           
  1    2  2 10.3880000  0.0000000  0.0000000  0.0000000  0.0000000  0.0000000
           1  'Si  '    25598.8229845270     
    1    1      0.0000000000      0.0000000000      0.0000000000
    2    1      0.2500000000      0.2500000000      0.2500000000

     Dynamical  Matrix in cartesian axes

     q = (    0.333333333   0.000000000   0.333333333 ) 

    1    1
  0.25429796  0.00000000    0.00000000  0.00465512    0.00723492  0.00000000
  0.00000000 -0.00465512    0.25586905  0.00000000    0.00000000 -0.00465512
  0.00723492  0.00000000    0.00000000  0.00465512    0.25429796  0.00000000
    1    2
 -0.09091959  0.15747735   -0.05655942 -0.03265460    0.01961746 -0.03397844
 -0.05655942 -0.03265460   -0.09579394  0.16591997   -0.05655942 -0.03265460
  0.01961746 -0.03397844   -0.05655942 -0.03265460   -0.09091959  0.15747735
    2    1
 -0.09091959 -0.15747735   -0.05655942  0.03265460    0.01961746  0.03397844
 -0.05655942  0.03265460   -0.09579394 -0.16591997   -0.05655942  0.03265460
  0.01961746  0.03397844   -0.05655942  0.03265460   -0.09091959 -0.15747735
    2    2
  0.25429796  0.00000000    0.00000000 -0.00465512    0.00723492  0.00000000
  0.00000000  0.00465512    0.25586905  0.00000000    0.00000000  0.00465512
  0.00723492  0.00000000    0.00000000 -0.00465512    0.25429796  0.00000000

     Dynamical  Matrix in cartesian axes

     q = (   -0.333333333   0.000000000   0.333333333 ) 

    1    1
  0.25429796  0.00000000    0.00000000  0.00465512   -0.00723492  0.00000000
  0.00000000 -0.00465512    0.25586905  0.00000000    0.00000000  0.00465512
 -0.00723492  0.00000000    0.00000000 -0.00465512    0.25429796  0.00000000
    1    2
 -0.18183918 -0.00000000   -0.00000000 -0.06530920   -0.03923493  0.00000000
  0.00000000 -0.06530920   -0.19158788 -0.00000000    0.00000000  0.06530920
 -0.03923493  0.00000000    0.00000000  0.06530920   -0.18183918 -0.00000000
    2    1
 -0.18183918 -0.00000000    0.00000000  0.06530920   -0.03923493  0.00000000
  0.00000000  0.06530920   -0.19158788  0.00000000    0.00000000 -0.06530920
 -0.03923493  0.00000000    0.00000000 -0.06530920   -0.18183918  0.00000000
    2    2
  0.25429796  0.00000000    0.00000000 -0.00465512   -0.00723492  0.00000000
  0.00000000  0.00465512    0.25586905  0.00000000    0.00000000 -0.00465512
 -0.00723492  0.00000000    0.00000000  0.00465512    0.25429796  0.00000000

     Dynamical  Matrix in cartesian axes

     q = (    0.333333333   0.000000000  -0.333333333 ) 

    1    1
  0.25429796  0.00000000    0.00000000 -0.00465512   -0.00723492  0.00000000
  0.00000000  0.00465512    0.25586905  0.00000000    0.00000000 -0.00465512
 -0.00723492  0.00000000    0.00000000  0.00465512    0.25429796  0.00000000
    1    2
 -0.18183918 -0.00000000    0.00000000  0.06530920   -0.03923493 -0.00000000
  0.00000000  0.06530920   -0.19158788  0.00000000    0.00000000 -0.06530920
 -0.03923493  0.00000000    0.00000000 -0.06530920   -0.18183918 -0.00000000
    2    1
 -0.18183918 -0.00000000    0.00000000 -0.06530920   -0.03923493  0.00000000
  0.00000000 -0.06530920   -0.19158788  0.00000000    0.00000000  0.06530920
 -0.03923493  0.00000000    0.00000000  0.06530920   -0.18183918 -0.00000000
    2    2
  0.25429796  0.00000000    0.00000000  0.00465512   -0.00723492  0.00000000
  0.00000000 -0.00465512    0.25586905  0.00000000    0.00000000  0.00465512
 -0.00723492  0.00000000    0.00000000 -0.00465512    0.25429796  0.00000000

     Dynamical  Matrix in cartesian axes

     q = (   -0.333333333   0.000000000  -0.333333333 ) 

    1    1
  0.25429796  0.00000000    0.00000000 -0.00465512    0.00723492  0.00000000
  0.00000000  0.00465512    0.25586905  0.00000000    0.00000000  0.00465512
  0.00723492  0.00000000    0.00000000 -0.00465512    0.25429796  0.00000000
    1    2
 -0.09091959 -0.15747735   -0.05655942  0.03265460    0.01961746  0.03397844
 -0.05655942  0.03265460   -0.09579394 -0.16591997   -0.05655942  0.03265460
  0.01961746  0.03397844   -0.05655942  0.03265460   -0.09091959 -0.15747735
    2    1
 -0.09091959  0.15747735   -0.05655942 -0.03265460    0.01961746 -0.03397844
 -0.05655942 -0.03265460   -0.09579394  0.16591997   -0.05655942 -0.03265460
  0.01961746 -0.03397844   -0.05655942 -0.03265460   -0.09091959  0.15747735
    2    2
  0.25429796  0.00000000    0.00000000  0.00465512    0.00723492  0.00000000
  0.00000000 -0.00465512    0.25586905  0.00000000    0.00000000 -0.00465512
  0.00723492  0.00000000    0.00000000  0.00465512    0.25429796  0.00000000

     Dynamical  Matrix in cartesian axes

     q = (    0.000000000   0.333333333  -0.333333333 ) 

    1    1
  0.25586905  0.00000000   -0.00000000  0.00465512    0.00000000 -0.00465512
  0.00000000 -0.00465512    0.25429796  0.00000000   -0.00723492  0.00000000
  0.00000000  0.00465512   -0.00723492  0.00000000    0.25429796  0.00000000
    1    2
 -0.19158788 -0.00000000   -0.00000000  0.06530920    0.00000000 -0.06530920
 -0.00000000  0.06530920   -0.18183918 -0.00000000   -0.03923493  0.00000000
  0.00000000 -0.06530920   -0.03923493  0.00000000   -0.18183918 -0.00000000
    2    1
 -0.19158788  0.00000000    0.00000000 -0.06530920    0.00000000  0.06530920
  0.00000000 -0.06530920   -0.18183918  0.00000000   -0.03923493  0.00000000
  0.00000000  0.06530920   -0.03923493  0.00000000   -0.18183918  0.00000000
    2    2
  0.25586905  0.00000000    0.00000000 -0.00465512    0.00000000  0.00465512
  0.00000000  0.00465512    0.25429796  0.00000000   -0.00723492  0.00000000
  0.00000000 -0.00465512   -0.00723492  0.00000000    0.25429796  0.00000000

     Dynamical  Matrix in cartesian axes

     q = (   -0.333333333   0.333333333   0.000000000 ) 

    1    1
  0.25429796  0.00000000   -0.00723492  0.00000000    0.00000000  0.00465512
 -0.00723492  0.00000000    0.25429796  0.00000000    0.00000000 -0.00465512
  0.00000000 -0.00465512    0.00000000  0.00465512    0.25586905  0.00000000
    1    2
 -0.18183918 -0.00000000   -0.03923493  0.00000000    0.00000000 -0.06530920
 -0.03923493  0.00000000   -0.18183918 -0.00000000   -0.00000000  0.06530920
  0.00000000 -0.06530920    0.00000000  0.06530920   -0.19158788  0.00000000
    2    1
 -0.18183918 -0.00000000   -0.03923493  0.00000000   -0.00000000  0.06530920
 -0.03923493  0.00000000   -0.18183918 -0.00000000    0.00000000 -0.06530920
 -0.00000000  0.06530920    0.00000000 -0.06530920   -0.19158788 -0.00000000
    2    2
  0.25429796  0.00000000   -0.00723492  0.00000000    0.00000000 -0.00465512
 -0.00723492  0.00000000    0.25429796  0.00000000    0.00000000  0.00465512
  0.00000000  0.00465512    0.00000000 -0.00465512    0.25586905  0.00000000

     Dynamical  Matrix in cartesian axes

     q = (    0.000000000   0.333333333   0.333333333 ) 

    1    1
  0.25586905  0.00000000    0.00000000 -0.00465512    0.00000000 -0.00465512
  0.00000000  0.00465512    0.25429796  0.00000000    0.00723492  0.00000000
  0.00000000  0.00465512    0.00723492  0.00000000    0.25429796  0.00000000
    1    2
 -0.09579394  0.16591997   -0.05655942 -0.03265460   -0.05655942 -0.03265460
 -0.05655942 -0.03265460   -0.09091959  0.15747735    0.01961746 -0.03397844
 -0.05655942 -0.03265460    0.01961746 -0.03397844   -0.09091959  0.15747735
    2    1
 -0.09579394 -0.16591997   -0.05655942  0.03265460   -0.05655942  0.03265460
 -0.05655942  0.03265460   -0.09091959 -0.15747735    0.01961746  0.03397844
 -0.05655942  0.03265460    0.01961746  0.03397844   -0.09091959 -0.15747735
    2    2
  0.25586905  0.00000000    0.00000000  0.00465512    0.00000000  0.00465512
  0.00000000 -0.00465512    0.25429796  0.00000000    0.00723492  0.00000000
  0.00000000 -0.00465512    0.00723492  0.00000000    0.25429796  0.00000000

     Dynamical  Matrix in cartesian axes

     q = (    0.000000000  -0.333333333  -0.333333333 ) 

    1    1
  0.25586905  0.00000000    0.00000000  0.00465512    0.00000000  0.00465512
  0.00000000 -0.00465512    0.25429796  0.00000000    0.00723492  0.00000000
  0.00000000 -0.00465512    0.00723492  0.00000000    0.25429796  0.00000000
    1    2
 -0.09579394 -0.16591997   -0.05655942  0.03265460   -0.05655942  0.03265460
 -0.05655942  0.03265460   -0.09091959 -0.15747735    0.01961746  0.03397844
 -0.05655942  0.03265460    0.01961746  0.03397844   -0.09091959 -0.15747735
    2    1
 -0.09579394  0.16591997   -0.05655942 -0.03265460   -0.05655942 -0.03265460
 -0.05655942 -0.03265460   -0.09091959  0.15747735    0.01961746 -0.03397844
 -0.05655942 -0.03265460    0.01961746 -0.03397844   -0.09091959  0.15747735
    2    2
  0.25586905  0.00000000    0.00000000 -0.00465512    0.00000000 -0.00465512
  0.00000000  0.00465512    0.25429796  0.00000000    0.00723492  0.00000000
  0.00000000  0.00465512    0.00723492  0.00000000    0.25429796  0.00000000

     Dynamical  Matrix in cartesian axes

     q = (    0.333333333  -0.333333333   0.000000000 ) 

    1    1
  0.25429796  0.00000000   -0.00723492  0.00000000    0.00000000 -0.00465512
 -0.00723492  0.00000000    0.25429796  0.00000000    0.00000000  0.00465512
  0.00000000  0.00465512    0.00000000 -0.00465512    0.25586905  0.00000000
    1    2
 -0.18183918  0.00000000   -0.03923493  0.00000000   -0.00000000  0.06530920
 -0.03923493  0.00000000   -0.18183918 -0.00000000    0.00000000 -0.06530920
 -0.00000000  0.06530920    0.00000000 -0.06530920   -0.19158788 -0.00000000
    2    1
 -0.18183918 -0.00000000   -0.03923493  0.00000000    0.00000000 -0.06530920
 -0.03923493  0.00000000   -0.18183918 -0.00000000   -0.00000000  0.06530920
  0.00000000 -0.06530920    0.00000000  0.06530920   -0.19158788  0.00000000
    2    2
  0.25429796  0.00000000   -0.00723492  0.00000000    0.00000000  0.00465512
 -0.00723492  0.00000000    0.25429796  0.00000000    0.00000000 -0.00465512
  0.00000000 -0.00465512    0.00000000  0.00465512    0.25586905  0.00000000

     Dynamical  Matrix in cartesian axes

     q = (    0.333333333   0.333333333   0.000000000 ) 

    1    1
  0.25429796  0.00000000    0.00723492  0.00000000    0.00000000  0.00465512
  0.00723492  0.00000000    0.25429796  0.00000000    0.00000000  0.00465512
  0.00000000 -0.00465512    0.00000000 -0.00465512    0.25586905  0.00000000
    1    2
 -0.09091959  0.15747735    0.01961746 -0.03397844   -0.05655942 -0.03265460
  0.01961746 -0.03397844   -0.09091959  0.15747735   -0.05655942 -0.03265460
 -0.05655942 -0.03265460   -0.05655942 -0.03265460   -0.09579394  0.16591997
    2    1
 -0.09091959 -0.15747735    0.01961746  0.03397844   -0.05655942  0.03265460
  0.01961746  0.03397844   -0.09091959 -0.15747735   -0.05655942  0.03265460
 -0.05655942  0.03265460   -0.05655942  0.03265460   -0.09579394 -0.16591997
    2    2
  0.25429796  0.00000000    0.00723492  0.00000000    0.00000000 -0.00465512
  0.00723492  0.00000000    0.25429796  0.00000000    0.00000000 -0.00465512
  0.00000000  0.00465512    0.00000000  0.00465512    0.25586905  0.00000000

     Dynamical  Matrix in cartesian axes

     q = (   -0.333333333  -0.333333333   0.000000000 ) 

    1    1
  0.25429796  0.00000000    0.00723492  0.00000000    0.00000000 -0.00465512
  0.00723492  0.00000000    0.25429796  0.00000000    0.00000000 -0.00465512
  0.00000000  0.00465512    0.00000000  0.00465512    0.25586905  0.00000000
    1    2
 -0.09091959 -0.15747735    0.01961746  0.03397844   -0.05655942  0.03265460
  0.01961746  0.03397844   -0.09091959 -0.15747735   -0.05655942  0.03265460
 -0.05655942  0.03265460   -0.05655942  0.03265460   -0.09579394 -0.16591997
    2    1
 -0.09091959  0.15747735    0.01961746 -0.03397844   -0.05655942 -0.03265460
  0.01961746 -0.03397844   -0.09091959  0.15747735   -0.05655942 -0.03265460
 -0.05655942 -0.03265460   -0.05655942 -0.03265460   -0.09579394  0.16591997
    2    2
  0.25429796  0.00000000    0.00723492  0.00000000    0.00000000  0.00465512
  0.00723492  0.00000000    0.25429796  0.00000000    0.00000000  0.00465512
  0.00000000 -0.00465512    0.00000000 -0.00465512    0.25586905  0.00000000

     Dynamical  Matrix in cartesian axes

     q = (    0.000000000  -0.333333333   0.333333333 ) 

    1    1
  0.25586905  0.00000000    0.00000000 -0.00465512    0.00000000  0.00465512
  0.00000000  0.00465512    0.25429796  0.00000000   -0.00723492  0.00000000
  0.00000000 -0.00465512   -0.00723492  0.00000000    0.25429796  0.00000000
    1    2
 -0.19158788  0.00000000    0.00000000 -0.06530920    0.00000000  0.06530920
  0.00000000 -0.06530920   -0.18183918  0.00000000   -0.03923493  0.00000000
  0.00000000  0.06530920   -0.03923493  0.00000000   -0.18183918  0.00000000
    2    1
 -0.19158788 -0.00000000   -0.00000000  0.06530920    0.00000000 -0.06530920
  0.00000000  0.06530920   -0.18183918 -0.00000000   -0.03923493  0.00000000
  0.00000000 -0.06530920   -0.03923493  0.00000000   -0.18183918 -0.00000000
    2    2
  0.25586905  0.00000000   -0.00000000  0.00465512    0.00000000 -0.00465512
  0.00000000 -0.00465512    0.25429796  0.00000000   -0.00723492  0.00000000
  0.00000000  0.00465512   -0.00723492  0.00000000    0.25429796  0.00000000

     Diagonalizing the dynamical matrix

     q = (    0.333333333   0.000000000   0.333333333 ) 

 **************************************************************************
     freq (    1) =       3.314814 [THz] =     110.570300 [cm-1]
 ( -0.250000  0.433013 -0.000000 -0.000000  0.250000 -0.433013 ) 
 ( -0.500000 -0.000000  0.000000 -0.000000  0.500000  0.000000 ) 
     freq (    2) =       4.306180 [THz] =     143.638699 [cm-1]
 ( -0.057903  0.100292  0.595721  0.343940 -0.057903  0.100292 ) 
 (  0.115807  0.000000 -0.000000  0.687879  0.115807  0.000000 ) 
     freq (    3) =       6.217430 [THz] =     207.391127 [cm-1]
 (  0.240871 -0.417201  0.163972  0.094669  0.240871 -0.417201 ) 
 (  0.481742 -0.000000 -0.000000 -0.189339  0.481742  0.000000 ) 
     freq (    4) =      13.397830 [THz] =     446.903490 [cm-1]
 (  0.243202 -0.421238  0.141834  0.081888  0.243202 -0.421238 ) 
 ( -0.486404  0.000000  0.000000  0.163775 -0.486404  0.000000 ) 
     freq (    5) =      14.068623 [THz] =     469.278744 [cm-1]
 (  0.250000 -0.433013  0.000000 -0.000000 -0.250000  0.433013 ) 
 ( -0.500000  0.000000 -0.000000 -0.000000  0.500000  0.000000 ) 
     freq (    6) =      14.170698 [THz] =     472.683603 [cm-1]
 (  0.066941 -0.115946 -0.590011 -0.340643  0.066941 -0.115946 ) 
 (  0.133883 -0.000000  0.000000  0.681286  0.133883  0.000000 ) 
 **************************************************************************
