Dynamical matrix file
                                                                           
  1    2  2 10.3880000  0.0000000  0.0000000  0.0000000  0.0000000  0.0000000
           1  'Si  '    25598.8229845270     
    1    1      0.0000000000      0.0000000000      0.0000000000
    2    1      0.2500000000      0.2500000000      0.2500000000

     Dynamical  Matrix in cartesian axes

     q = (    0.000000000   0.666666667   0.000000000 ) 

    1    1
  0.22941797  0.00000000   -0.00000000  0.00000000    0.00000000 -0.00000000
 -0.00000000  0.00000000    0.31396291  0.00000000   -0.00000000  0.00000000
  0.00000000 -0.00000000    0.00000000  0.00000000    0.22941797  0.00000000
    1    2
 -0.05692517  0.09859729   -0.00000000  0.00000000   -0.12728367 -0.07348726
  0.00000000  0.00000000   -0.06413520  0.11108543    0.00000000 -0.00000000
 -0.12728367 -0.07348726   -0.00000000 -0.00000000   -0.05692517  0.09859729
    2    1
 -0.05692517 -0.09859729   -0.00000000 -0.00000000   -0.12728367  0.07348726
 -0.00000000 -0.00000000   -0.06413520 -0.11108543   -0.00000000  0.00000000
 -0.12728367  0.07348726    0.00000000  0.00000000   -0.05692517 -0.09859729
    2    2
  0.22941797  0.00000000    0.00000000  0.00000000    0.00000000  0.00000000
  0.00000000  0.00000000    0.31396291  0.00000000    0.00000000  0.00000000
  0.00000000  0.00000000    0.00000000  0.00000000    0.22941797  0.00000000

     Dynamical  Matrix in cartesian axes

     q = (    0.666666667   0.000000000   0.000000000 ) 

    1    1
  0.31396291  0.00000000    0.00000000  0.00000000    0.00000000  0.00000000
  0.00000000  0.00000000    0.22941797  0.00000000    0.00000000 -0.00000000
 -0.00000000  0.00000000    0.00000000 -0.00000000    0.22941797  0.00000000
    1    2
 -0.06413520  0.11108543    0.00000000  0.00000000   -0.00000000  0.00000000
  0.00000000  0.00000000   -0.05692517  0.09859729   -0.12728367 -0.07348726
 -0.00000000  0.00000000   -0.12728367 -0.07348726   -0.05692517  0.09859729
    2    1
 -0.06413520 -0.11108543   -0.00000000  0.00000000   -0.00000000 -0.00000000
 -0.00000000  0.00000000   -0.05692517 -0.09859729   -0.12728367  0.07348726
 -0.00000000 -0.00000000   -0.12728367  0.07348726   -0.05692517 -0.09859729
    2    2
  0.31396291  0.00000000    0.00000000  0.00000000    0.00000000  0.00000000
 -0.00000000  0.00000000    0.22941797  0.00000000    0.00000000  0.00000000
  0.00000000  0.00000000   -0.00000000  0.00000000    0.22941797  0.00000000

     Dynamical  Matrix in cartesian axes

     q = (    0.000000000   0.000000000   0.666666667 ) 

    1    1
  0.22941797  0.00000000    0.00000000 -0.00000000    0.00000000  0.00000000
  0.00000000 -0.00000000    0.22941797  0.00000000    0.00000000  0.00000000
  0.00000000  0.00000000    0.00000000  0.00000000    0.31396291  0.00000000
    1    2
 -0.05692517  0.09859729   -0.12728367 -0.07348726    0.00000000  0.00000000
 -0.12728367 -0.07348726   -0.05692517  0.09859729    0.00000000  0.00000000
 -0.00000000  0.00000000    0.00000000 -0.00000000   -0.06413520  0.11108543
    2    1
 -0.05692517 -0.09859729   -0.12728367  0.07348726    0.00000000  0.00000000
 -0.12728367  0.07348726   -0.05692517 -0.09859729    0.00000000  0.00000000
  0.00000000 -0.00000000    0.00000000  0.00000000   -0.06413520 -0.11108543
    2    2
  0.22941797  0.00000000    0.00000000  0.00000000   -0.00000000  0.00000000
  0.00000000  0.00000000    0.22941797  0.00000000    0.00000000  0.00000000
 -0.00000000  0.00000000   -0.00000000  0.00000000    0.31396291  0.00000000

     Dynamical  Matrix in cartesian axes

     q = (    0.000000000  -0.666666667   0.000000000 ) 

    1    1
  0.22941797  0.00000000   -0.00000000  0.00000000    0.00000000  0.00000000
 -0.00000000  0.00000000    0.31396291  0.00000000   -0.00000000  0.00000000
  0.00000000  0.00000000   -0.00000000  0.00000000    0.22941797  0.00000000
    1    2
 -0.05692517 -0.09859729   -0.00000000 -0.00000000   -0.12728367  0.07348726
  0.00000000 -0.00000000   -0.06413520 -0.11108543    0.00000000  0.00000000
 -0.12728367  0.07348726    0.00000000  0.00000000   -0.05692517 -0.09859729
    2    1
 -0.05692517  0.09859729    0.00000000  0.00000000   -0.12728367 -0.07348726
 -0.00000000  0.00000000   -0.06413520  0.11108543   -0.00000000 -0.00000000
 -0.12728367 -0.07348726    0.00000000 -0.00000000   -0.05692517  0.09859729
    2    2
  0.22941797  0.00000000    0.00000000  0.00000000    0.00000000 -0.00000000
  0.00000000  0.00000000    0.31396291  0.00000000    0.00000000  0.00000000
  0.00000000 -0.00000000    0.00000000  0.00000000    0.22941797  0.00000000

     Dynamical  Matrix in cartesian axes

     q = (   -0.666666667   0.000000000   0.000000000 ) 

    1    1
  0.31396291  0.00000000   -0.00000000  0.00000000    0.00000000  0.00000000
 -0.00000000  0.00000000    0.22941797  0.00000000   -0.00000000  0.00000000
  0.00000000  0.00000000   -0.00000000  0.00000000    0.22941797  0.00000000
    1    2
 -0.06413520 -0.11108543    0.00000000 -0.00000000   -0.00000000 -0.00000000
 -0.00000000  0.00000000   -0.05692517 -0.09859729   -0.12728367  0.07348726
 -0.00000000  0.00000000   -0.12728367  0.07348726   -0.05692517 -0.09859729
    2    1
 -0.06413520  0.11108543   -0.00000000  0.00000000   -0.00000000  0.00000000
  0.00000000  0.00000000   -0.05692517  0.09859729   -0.12728367 -0.07348726
 -0.00000000  0.00000000   -0.12728367 -0.07348726   -0.05692517  0.09859729
    2    2
  0.31396291  0.00000000    0.00000000  0.00000000   -0.00000000  0.00000000
 -0.00000000  0.00000000    0.22941797  0.00000000   -0.00000000 -0.00000000
 -0.00000000  0.00000000    0.00000000 -0.00000000    0.22941797  0.00000000

     Dynamical  Matrix in cartesian axes

     q = (    0.000000000   0.000000000  -0.666666667 ) 

    1    1
  0.22941797  0.00000000   -0.00000000  0.00000000    0.00000000  0.00000000
  0.00000000  0.00000000    0.22941797  0.00000000    0.00000000  0.00000000
 -0.00000000  0.00000000   -0.00000000  0.00000000    0.31396291  0.00000000
    1    2
 -0.05692517 -0.09859729   -0.12728367  0.07348726    0.00000000 -0.00000000
 -0.12728367  0.07348726   -0.05692517 -0.09859729    0.00000000 -0.00000000
 -0.00000000  0.00000000    0.00000000  0.00000000   -0.06413520 -0.11108543
    2    1
 -0.05692517  0.09859729   -0.12728367 -0.07348726   -0.00000000  0.00000000
 -0.12728367 -0.07348726   -0.05692517  0.09859729   -0.00000000 -0.00000000
  0.00000000  0.00000000    0.00000000  0.00000000   -0.06413520  0.11108543
    2    2
  0.22941797  0.00000000    0.00000000 -0.00000000   -0.00000000  0.00000000
  0.00000000 -0.00000000    0.22941797  0.00000000   -0.00000000  0.00000000
 -0.00000000  0.00000000    0.00000000  0.00000000    0.31396291  0.00000000

     Diagonalizing the dynamical matrix

     q = (    0.000000000   0.666666667   0.000000000 ) 

 **************************************************************************
     freq (    1) =       4.288818 [THz] =     143.059566 [cm-1]
 ( -0.300273 -0.398835 -0.000000  0.000000  0.001958  0.500762 ) 
 (  0.318859  0.060701 -0.000000 -0.000000 -0.628207  0.000000 ) 
     freq (    2) =       4.288818 [THz] =     143.059566 [cm-1]
 ( -0.473491  0.163013 -0.000000  0.000000 -0.475458 -0.152228 ) 
 ( -0.617124 -0.117482  0.000000  0.000000 -0.324586  0.000000 ) 
     freq (    3) =       8.860582 [THz] =     295.557189 [cm-1]
 (  0.000000 -0.000000  0.487419 -0.512272  0.000000  0.000000 ) 
 (  0.000000  0.000000  0.687350  0.165981 -0.000000  0.000000 ) 
     freq (    4) =      13.251403 [THz] =     442.019229 [cm-1]
 (  0.324093  0.430315 -0.000000  0.000000 -0.051168 -0.455165 ) 
 (  0.343928 -0.012240  0.000000  0.000000 -0.617708  0.000000 ) 
     freq (    5) =      13.251403 [THz] =     442.019229 [cm-1]
 ( -0.412985  0.198083 -0.000000 -0.000000 -0.536702 -0.046456 ) 
 (  0.617318 -0.021969 -0.000000  0.000000  0.344146  0.000000 ) 
     freq (    6) =      13.673849 [THz] =     456.110492 [cm-1]
 ( -0.000000 -0.000000  0.071947  0.703437 -0.000000 -0.000000 ) 
 (  0.000000  0.000000  0.573221 -0.414026  0.000000  0.000000 ) 
 **************************************************************************
