Dynamical matrix file
                                                                           
  1    2  2 10.3760000  0.0000000  0.0000000  0.0000000  0.0000000  0.0000000
           1  'Si  '    25598.8229845270     
    1    1      0.0000000000      0.0000000000      0.0000000000
    2    1      0.2500000000      0.2500000000      0.2500000000

     Dynamical  Matrix in cartesian axes

     q = (    0.500000000  -0.166666667   0.833333333 ) 

    1    1
  0.23308825  0.00000000   -0.00488268  0.00093805    0.00488268  0.00093805
 -0.00488268 -0.00093805    0.26166677  0.00000000   -0.00356729 -0.01437514
  0.00488268 -0.00093805   -0.00356729  0.01437514    0.26166677  0.00000000
    1    2
 -0.02857250  0.04948901   -0.10220266  0.03767761   -0.01847156 -0.10734891
 -0.10220266  0.03767761   -0.02853051  0.05799414   -0.02116510  0.03665903
 -0.01847156 -0.10734891   -0.02116510  0.03665903   -0.03595915  0.05370522
    2    1
 -0.02857250 -0.04948901   -0.10220266 -0.03767761   -0.01847156  0.10734891
 -0.10220266 -0.03767761   -0.02853051 -0.05799414   -0.02116510 -0.03665903
 -0.01847156  0.10734891   -0.02116510 -0.03665903   -0.03595915 -0.05370522
    2    2
  0.23308825  0.00000000   -0.00488268 -0.00093805    0.00488268 -0.00093805
 -0.00488268  0.00093805    0.26166677  0.00000000   -0.00356729  0.01437514
  0.00488268  0.00093805   -0.00356729 -0.01437514    0.26166677  0.00000000

     Dynamical  Matrix in cartesian axes

     q = (    0.833333333   0.166666667   0.500000000 ) 

    1    1
  0.26166677  0.00000000    0.00356729  0.01437514    0.00488268  0.00093805
  0.00356729 -0.01437514    0.26166677  0.00000000    0.00488268 -0.00093805
  0.00488268 -0.00093805    0.00488268  0.00093805    0.23308825  0.00000000
    1    2
  0.06448966 -0.00428892   -0.04233020  0.00000000   -0.08373110 -0.06967130
 -0.04233020  0.00000000    0.06448966  0.00428892   -0.08373110  0.06967130
 -0.08373110 -0.06967130   -0.08373110  0.06967130    0.05714499  0.00000000
    2    1
  0.06448966  0.00428892   -0.04233020 -0.00000000   -0.08373110  0.06967130
 -0.04233020 -0.00000000    0.06448966 -0.00428892   -0.08373110 -0.06967130
 -0.08373110  0.06967130   -0.08373110 -0.06967130    0.05714499 -0.00000000
    2    2
  0.26166677  0.00000000    0.00356729 -0.01437514    0.00488268 -0.00093805
  0.00356729  0.01437514    0.26166677  0.00000000    0.00488268  0.00093805
  0.00488268  0.00093805    0.00488268 -0.00093805    0.23308825  0.00000000

     Dynamical  Matrix in cartesian axes

     q = (    0.500000000   0.166666667   0.833333333 ) 

    1    1
  0.23308825  0.00000000    0.00488268  0.00093805    0.00488268 -0.00093805
  0.00488268 -0.00093805    0.26166677  0.00000000    0.00356729 -0.01437514
  0.00488268  0.00093805    0.00356729  0.01437514    0.26166677  0.00000000
    1    2
  0.05714499  0.00000000   -0.08373110  0.06967130   -0.08373110 -0.06967130
 -0.08373110  0.06967130    0.06448966  0.00428892   -0.04233020 -0.00000000
 -0.08373110 -0.06967130   -0.04233020 -0.00000000    0.06448966 -0.00428892
    2    1
  0.05714499 -0.00000000   -0.08373110 -0.06967130   -0.08373110  0.06967130
 -0.08373110 -0.06967130    0.06448966 -0.00428892   -0.04233020  0.00000000
 -0.08373110  0.06967130   -0.04233020  0.00000000    0.06448966  0.00428892
    2    2
  0.23308825  0.00000000    0.00488268 -0.00093805    0.00488268  0.00093805
  0.00488268  0.00093805    0.26166677  0.00000000    0.00356729  0.01437514
  0.00488268 -0.00093805    0.00356729 -0.01437514    0.26166677  0.00000000

     Dynamical  Matrix in cartesian axes

     q = (   -0.833333333  -0.166666667   0.500000000 ) 

    1    1
  0.26166677  0.00000000    0.00356729  0.01437514   -0.00488268 -0.00093805
  0.00356729 -0.01437514    0.26166677  0.00000000   -0.00488268  0.00093805
 -0.00488268  0.00093805   -0.00488268 -0.00093805    0.23308825  0.00000000
    1    2
 -0.06448966  0.00428892    0.04233020  0.00000000   -0.08373110 -0.06967130
  0.04233020  0.00000000   -0.06448966 -0.00428892   -0.08373110  0.06967130
 -0.08373110 -0.06967130   -0.08373110  0.06967130   -0.05714499 -0.00000000
    2    1
 -0.06448966 -0.00428892    0.04233020 -0.00000000   -0.08373110  0.06967130
  0.04233020 -0.00000000   -0.06448966  0.00428892   -0.08373110 -0.06967130
 -0.08373110  0.06967130   -0.08373110 -0.06967130   -0.05714499  0.00000000
    2    2
  0.26166677  0.00000000    0.00356729 -0.01437514   -0.00488268  0.00093805
  0.00356729  0.01437514    0.26166677  0.00000000   -0.00488268 -0.00093805
 -0.00488268 -0.00093805   -0.00488268  0.00093805    0.23308825  0.00000000

     Dynamical  Matrix in cartesian axes

     q = (   -0.833333333  -0.166666667  -0.500000000 ) 

    1    1
  0.26166677  0.00000000    0.00356729 -0.01437514    0.00488268 -0.00093805
  0.00356729  0.01437514    0.26166677  0.00000000    0.00488268  0.00093805
  0.00488268  0.00093805    0.00488268 -0.00093805    0.23308825  0.00000000
    1    2
  0.06448966  0.00428892   -0.04233020 -0.00000000   -0.08373110  0.06967130
 -0.04233020 -0.00000000    0.06448966 -0.00428892   -0.08373110 -0.06967130
 -0.08373110  0.06967130   -0.08373110 -0.06967130    0.05714499 -0.00000000
    2    1
  0.06448966 -0.00428892   -0.04233020  0.00000000   -0.08373110 -0.06967130
 -0.04233020  0.00000000    0.06448966  0.00428892   -0.08373110  0.06967130
 -0.08373110 -0.06967130   -0.08373110  0.06967130    0.05714499  0.00000000
    2    2
  0.26166677  0.00000000    0.00356729  0.01437514    0.00488268  0.00093805
  0.00356729 -0.01437514    0.26166677  0.00000000    0.00488268 -0.00093805
  0.00488268 -0.00093805    0.00488268  0.00093805    0.23308825  0.00000000

     Dynamical  Matrix in cartesian axes

     q = (   -0.500000000  -0.166666667  -0.833333333 ) 

    1    1
  0.23308825  0.00000000    0.00488268 -0.00093805    0.00488268  0.00093805
  0.00488268  0.00093805    0.26166677  0.00000000    0.00356729  0.01437514
  0.00488268 -0.00093805    0.00356729 -0.01437514    0.26166677  0.00000000
    1    2
  0.05714499 -0.00000000   -0.08373110 -0.06967130   -0.08373110  0.06967130
 -0.08373110 -0.06967130    0.06448966 -0.00428892   -0.04233020  0.00000000
 -0.08373110  0.06967130   -0.04233020  0.00000000    0.06448966  0.00428892
    2    1
  0.05714499  0.00000000   -0.08373110  0.06967130   -0.08373110 -0.06967130
 -0.08373110  0.06967130    0.06448966  0.00428892   -0.04233020 -0.00000000
 -0.08373110 -0.06967130   -0.04233020 -0.00000000    0.06448966 -0.00428892
    2    2
  0.23308825  0.00000000    0.00488268  0.00093805    0.00488268 -0.00093805
  0.00488268 -0.00093805    0.26166677  0.00000000    0.00356729 -0.01437514
  0.00488268  0.00093805    0.00356729  0.01437514    0.26166677  0.00000000

     Dynamical  Matrix in cartesian axes

     q = (    0.833333333  -0.166666667   0.500000000 ) 

    1    1
  0.26166677  0.00000000   -0.00356729  0.01437514    0.00488268 -0.00093805
 -0.00356729 -0.01437514    0.26166677  0.00000000   -0.00488268 -0.00093805
  0.00488268  0.00093805   -0.00488268  0.00093805    0.23308825  0.00000000
    1    2
 -0.03595915  0.05370522   -0.02116510  0.03665903   -0.01847156 -0.10734891
 -0.02116510  0.03665903   -0.02853051  0.05799414   -0.10220266  0.03767761
 -0.01847156 -0.10734891   -0.10220266  0.03767761   -0.02857250  0.04948901
    2    1
 -0.03595915 -0.05370522   -0.02116510 -0.03665903   -0.01847156  0.10734891
 -0.02116510 -0.03665903   -0.02853051 -0.05799414   -0.10220266 -0.03767761
 -0.01847156  0.10734891   -0.10220266 -0.03767761   -0.02857250 -0.04948901
    2    2
  0.26166677  0.00000000   -0.00356729 -0.01437514    0.00488268  0.00093805
 -0.00356729  0.01437514    0.26166677  0.00000000   -0.00488268  0.00093805
  0.00488268 -0.00093805   -0.00488268 -0.00093805    0.23308825  0.00000000

     Dynamical  Matrix in cartesian axes

     q = (   -0.500000000  -0.166666667   0.833333333 ) 

    1    1
  0.23308825  0.00000000    0.00488268  0.00093805   -0.00488268  0.00093805
  0.00488268 -0.00093805    0.26166677  0.00000000   -0.00356729  0.01437514
 -0.00488268 -0.00093805   -0.00356729 -0.01437514    0.26166677  0.00000000
    1    2
 -0.02857250  0.04948901   -0.01847156 -0.10734891   -0.10220266  0.03767761
 -0.01847156 -0.10734891   -0.03595915  0.05370522   -0.02116510  0.03665903
 -0.10220266  0.03767761   -0.02116510  0.03665903   -0.02853051  0.05799414
    2    1
 -0.02857250 -0.04948901   -0.01847156  0.10734891   -0.10220266 -0.03767761
 -0.01847156  0.10734891   -0.03595915 -0.05370522   -0.02116510 -0.03665903
 -0.10220266 -0.03767761   -0.02116510 -0.03665903   -0.02853051 -0.05799414
    2    2
  0.23308825  0.00000000    0.00488268 -0.00093805   -0.00488268 -0.00093805
  0.00488268  0.00093805    0.26166677  0.00000000   -0.00356729 -0.01437514
 -0.00488268  0.00093805   -0.00356729  0.01437514    0.26166677  0.00000000

     Dynamical  Matrix in cartesian axes

     q = (   -0.833333333   0.166666667   0.500000000 ) 

    1    1
  0.26166677  0.00000000   -0.00356729  0.01437514   -0.00488268  0.00093805
 -0.00356729 -0.01437514    0.26166677  0.00000000    0.00488268  0.00093805
 -0.00488268 -0.00093805    0.00488268 -0.00093805    0.23308825  0.00000000
    1    2
 -0.02853051 -0.05799414   -0.02116510 -0.03665903   -0.10220266 -0.03767761
 -0.02116510 -0.03665903   -0.03595915 -0.05370522   -0.01847156  0.10734891
 -0.10220266 -0.03767761   -0.01847156  0.10734891   -0.02857250 -0.04948901
    2    1
 -0.02853051  0.05799414   -0.02116510  0.03665903   -0.10220266  0.03767761
 -0.02116510  0.03665903   -0.03595915  0.05370522   -0.01847156 -0.10734891
 -0.10220266  0.03767761   -0.01847156 -0.10734891   -0.02857250  0.04948901
    2    2
  0.26166677  0.00000000   -0.00356729 -0.01437514   -0.00488268 -0.00093805
 -0.00356729  0.01437514    0.26166677  0.00000000    0.00488268 -0.00093805
 -0.00488268  0.00093805    0.00488268  0.00093805    0.23308825  0.00000000

     Dynamical  Matrix in cartesian axes

     q = (    0.833333333   0.166666667  -0.500000000 ) 

    1    1
  0.26166677  0.00000000    0.00356729 -0.01437514   -0.00488268  0.00093805
  0.00356729  0.01437514    0.26166677  0.00000000   -0.00488268 -0.00093805
 -0.00488268 -0.00093805   -0.00488268  0.00093805    0.23308825  0.00000000
    1    2
 -0.06448966 -0.00428892    0.04233020 -0.00000000   -0.08373110  0.06967130
  0.04233020 -0.00000000   -0.06448966  0.00428892   -0.08373110 -0.06967130
 -0.08373110  0.06967130   -0.08373110 -0.06967130   -0.05714499  0.00000000
    2    1
 -0.06448966  0.00428892    0.04233020  0.00000000   -0.08373110 -0.06967130
  0.04233020  0.00000000   -0.06448966 -0.00428892   -0.08373110  0.06967130
 -0.08373110 -0.06967130   -0.08373110  0.06967130   -0.05714499 -0.00000000
    2    2
  0.26166677  0.00000000    0.00356729  0.01437514   -0.00488268 -0.00093805
  0.00356729 -0.01437514    0.26166677  0.00000000   -0.00488268  0.00093805
 -0.00488268  0.00093805   -0.00488268 -0.00093805    0.23308825  0.00000000

     Dynamical  Matrix in cartesian axes

     q = (    0.833333333  -0.166666667  -0.500000000 ) 

    1    1
  0.26166677  0.00000000   -0.00356729 -0.01437514   -0.00488268 -0.00093805
 -0.00356729  0.01437514    0.26166677  0.00000000    0.00488268 -0.00093805
 -0.00488268  0.00093805    0.00488268  0.00093805    0.23308825  0.00000000
    1    2
 -0.02853051  0.05799414   -0.02116510  0.03665903   -0.10220266  0.03767761
 -0.02116510  0.03665903   -0.03595915  0.05370522   -0.01847156 -0.10734891
 -0.10220266  0.03767761   -0.01847156 -0.10734891   -0.02857250  0.04948901
    2    1
 -0.02853051 -0.05799414   -0.02116510 -0.03665903   -0.10220266 -0.03767761
 -0.02116510 -0.03665903   -0.03595915 -0.05370522   -0.01847156  0.10734891
 -0.10220266 -0.03767761   -0.01847156  0.10734891   -0.02857250 -0.04948901
    2    2
  0.26166677  0.00000000   -0.00356729  0.01437514   -0.00488268  0.00093805
 -0.00356729 -0.01437514    0.26166677  0.00000000    0.00488268  0.00093805
 -0.00488268 -0.00093805    0.00488268 -0.00093805    0.23308825  0.00000000

     Dynamical  Matrix in cartesian axes

     q = (    0.500000000   0.166666667  -0.833333333 ) 

    1    1
  0.23308825  0.00000000    0.00488268 -0.00093805   -0.00488268 -0.00093805
  0.00488268  0.00093805    0.26166677  0.00000000   -0.00356729 -0.01437514
 -0.00488268  0.00093805   -0.00356729  0.01437514    0.26166677  0.00000000
    1    2
 -0.02857250 -0.04948901   -0.01847156  0.10734891   -0.10220266 -0.03767761
 -0.01847156  0.10734891   -0.03595915 -0.05370522   -0.02116510 -0.03665903
 -0.10220266 -0.03767761   -0.02116510 -0.03665903   -0.02853051 -0.05799414
    2    1
 -0.02857250  0.04948901   -0.01847156 -0.10734891   -0.10220266  0.03767761
 -0.01847156 -0.10734891   -0.03595915  0.05370522   -0.02116510  0.03665903
 -0.10220266  0.03767761   -0.02116510  0.03665903   -0.02853051  0.05799414
    2    2
  0.23308825  0.00000000    0.00488268  0.00093805   -0.00488268  0.00093805
  0.00488268 -0.00093805    0.26166677  0.00000000   -0.00356729  0.01437514
 -0.00488268 -0.00093805   -0.00356729 -0.01437514    0.26166677  0.00000000

     Dynamical  Matrix in cartesian axes

     q = (   -0.500000000   0.166666667   0.833333333 ) 

    1    1
  0.23308825  0.00000000   -0.00488268  0.00093805   -0.00488268 -0.00093805
 -0.00488268 -0.00093805    0.26166677  0.00000000    0.00356729  0.01437514
 -0.00488268  0.00093805    0.00356729 -0.01437514    0.26166677  0.00000000
    1    2
 -0.05714499 -0.00000000   -0.08373110 -0.06967130   -0.08373110  0.06967130
 -0.08373110 -0.06967130   -0.06448966  0.00428892    0.04233020  0.00000000
 -0.08373110  0.06967130    0.04233020  0.00000000   -0.06448966 -0.00428892
    2    1
 -0.05714499  0.00000000   -0.08373110  0.06967130   -0.08373110 -0.06967130
 -0.08373110  0.06967130   -0.06448966 -0.00428892    0.04233020 -0.00000000
 -0.08373110 -0.06967130    0.04233020 -0.00000000   -0.06448966  0.00428892
    2    2
  0.23308825  0.00000000   -0.00488268 -0.00093805   -0.00488268  0.00093805
 -0.00488268  0.00093805    0.26166677  0.00000000    0.00356729 -0.01437514
 -0.00488268 -0.00093805    0.00356729  0.01437514    0.26166677  0.00000000

     Dynamical  Matrix in cartesian axes

     q = (   -0.500000000   0.166666667  -0.833333333 ) 

    1    1
  0.23308825  0.00000000   -0.00488268 -0.00093805    0.00488268 -0.00093805
 -0.00488268  0.00093805    0.26166677  0.00000000   -0.00356729  0.01437514
  0.00488268  0.00093805   -0.00356729 -0.01437514    0.26166677  0.00000000
    1    2
 -0.02857250 -0.04948901   -0.10220266 -0.03767761   -0.01847156  0.10734891
 -0.10220266 -0.03767761   -0.02853051 -0.05799414   -0.02116510 -0.03665903
 -0.01847156  0.10734891   -0.02116510 -0.03665903   -0.03595915 -0.05370522
    2    1
 -0.02857250  0.04948901   -0.10220266  0.03767761   -0.01847156 -0.10734891
 -0.10220266  0.03767761   -0.02853051  0.05799414   -0.02116510  0.03665903
 -0.01847156 -0.10734891   -0.02116510  0.03665903   -0.03595915  0.05370522
    2    2
  0.23308825  0.00000000   -0.00488268  0.00093805    0.00488268  0.00093805
 -0.00488268 -0.00093805    0.26166677  0.00000000   -0.00356729 -0.01437514
  0.00488268 -0.00093805   -0.00356729  0.01437514    0.26166677  0.00000000

     Dynamical  Matrix in cartesian axes

     q = (   -0.833333333   0.166666667  -0.500000000 ) 

    1    1
  0.26166677  0.00000000   -0.00356729 -0.01437514    0.00488268  0.00093805
 -0.00356729  0.01437514    0.26166677  0.00000000   -0.00488268  0.00093805
  0.00488268 -0.00093805   -0.00488268 -0.00093805    0.23308825  0.00000000
    1    2
 -0.03595915 -0.05370522   -0.02116510 -0.03665903   -0.01847156  0.10734891
 -0.02116510 -0.03665903   -0.02853051 -0.05799414   -0.10220266 -0.03767761
 -0.01847156  0.10734891   -0.10220266 -0.03767761   -0.02857250 -0.04948901
    2    1
 -0.03595915  0.05370522   -0.02116510  0.03665903   -0.01847156 -0.10734891
 -0.02116510  0.03665903   -0.02853051  0.05799414   -0.10220266  0.03767761
 -0.01847156 -0.10734891   -0.10220266  0.03767761   -0.02857250  0.04948901
    2    2
  0.26166677  0.00000000   -0.00356729  0.01437514    0.00488268 -0.00093805
 -0.00356729 -0.01437514    0.26166677  0.00000000   -0.00488268 -0.00093805
  0.00488268  0.00093805   -0.00488268  0.00093805    0.23308825  0.00000000

     Dynamical  Matrix in cartesian axes

     q = (    0.833333333  -0.500000000   0.166666667 ) 

    1    1
  0.26166677  0.00000000   -0.00488268  0.00093805    0.00356729 -0.01437514
 -0.00488268 -0.00093805    0.23308825  0.00000000   -0.00488268  0.00093805
  0.00356729  0.01437514   -0.00488268 -0.00093805    0.26166677  0.00000000
    1    2
 -0.06448966 -0.00428892   -0.08373110  0.06967130    0.04233020 -0.00000000
 -0.08373110  0.06967130   -0.05714499  0.00000000   -0.08373110 -0.06967130
  0.04233020 -0.00000000   -0.08373110 -0.06967130   -0.06448966  0.00428892
    2    1
 -0.06448966  0.00428892   -0.08373110 -0.06967130    0.04233020  0.00000000
 -0.08373110 -0.06967130   -0.05714499 -0.00000000   -0.08373110  0.06967130
  0.04233020  0.00000000   -0.08373110  0.06967130   -0.06448966 -0.00428892
    2    2
  0.26166677  0.00000000   -0.00488268 -0.00093805    0.00356729  0.01437514
 -0.00488268  0.00093805    0.23308825  0.00000000   -0.00488268 -0.00093805
  0.00356729 -0.01437514   -0.00488268  0.00093805    0.26166677  0.00000000

     Dynamical  Matrix in cartesian axes

     q = (    0.833333333   0.500000000  -0.166666667 ) 

    1    1
  0.26166677  0.00000000    0.00488268 -0.00093805   -0.00356729  0.01437514
  0.00488268  0.00093805    0.23308825  0.00000000   -0.00488268  0.00093805
 -0.00356729 -0.01437514   -0.00488268 -0.00093805    0.26166677  0.00000000
    1    2
 -0.03595915  0.05370522   -0.01847156 -0.10734891   -0.02116510  0.03665903
 -0.01847156 -0.10734891   -0.02857250  0.04948901   -0.10220266  0.03767761
 -0.02116510  0.03665903   -0.10220266  0.03767761   -0.02853051  0.05799414
    2    1
 -0.03595915 -0.05370522   -0.01847156  0.10734891   -0.02116510 -0.03665903
 -0.01847156  0.10734891   -0.02857250 -0.04948901   -0.10220266 -0.03767761
 -0.02116510 -0.03665903   -0.10220266 -0.03767761   -0.02853051 -0.05799414
    2    2
  0.26166677  0.00000000    0.00488268  0.00093805   -0.00356729 -0.01437514
  0.00488268 -0.00093805    0.23308825  0.00000000   -0.00488268 -0.00093805
 -0.00356729  0.01437514   -0.00488268  0.00093805    0.26166677  0.00000000

     Dynamical  Matrix in cartesian axes

     q = (   -0.833333333  -0.500000000  -0.166666667 ) 

    1    1
  0.26166677  0.00000000    0.00488268 -0.00093805    0.00356729 -0.01437514
  0.00488268  0.00093805    0.23308825  0.00000000    0.00488268 -0.00093805
  0.00356729  0.01437514    0.00488268  0.00093805    0.26166677  0.00000000
    1    2
  0.06448966  0.00428892   -0.08373110  0.06967130   -0.04233020  0.00000000
 -0.08373110  0.06967130    0.05714499 -0.00000000   -0.08373110 -0.06967130
 -0.04233020  0.00000000   -0.08373110 -0.06967130    0.06448966 -0.00428892
    2    1
  0.06448966 -0.00428892   -0.08373110 -0.06967130   -0.04233020 -0.00000000
 -0.08373110 -0.06967130    0.05714499  0.00000000   -0.08373110  0.06967130
 -0.04233020 -0.00000000   -0.08373110  0.06967130    0.06448966  0.00428892
    2    2
  0.26166677  0.00000000    0.00488268  0.00093805    0.00356729  0.01437514
  0.00488268 -0.00093805    0.23308825  0.00000000    0.00488268  0.00093805
  0.00356729 -0.01437514    0.00488268 -0.00093805    0.26166677  0.00000000

     Dynamical  Matrix in cartesian axes

     q = (   -0.833333333   0.500000000   0.166666667 ) 

    1    1
  0.26166677  0.00000000   -0.00488268  0.00093805   -0.00356729  0.01437514
 -0.00488268 -0.00093805    0.23308825  0.00000000    0.00488268 -0.00093805
 -0.00356729 -0.01437514    0.00488268  0.00093805    0.26166677  0.00000000
    1    2
 -0.02853051 -0.05799414   -0.10220266 -0.03767761   -0.02116510 -0.03665903
 -0.10220266 -0.03767761   -0.02857250 -0.04948901   -0.01847156  0.10734891
 -0.02116510 -0.03665903   -0.01847156  0.10734891   -0.03595915 -0.05370522
    2    1
 -0.02853051  0.05799414   -0.10220266  0.03767761   -0.02116510  0.03665903
 -0.10220266  0.03767761   -0.02857250  0.04948901   -0.01847156 -0.10734891
 -0.02116510  0.03665903   -0.01847156 -0.10734891   -0.03595915  0.05370522
    2    2
  0.26166677  0.00000000   -0.00488268 -0.00093805   -0.00356729 -0.01437514
 -0.00488268  0.00093805    0.23308825  0.00000000    0.00488268  0.00093805
 -0.00356729  0.01437514    0.00488268 -0.00093805    0.26166677  0.00000000

     Dynamical  Matrix in cartesian axes

     q = (    0.166666667  -0.500000000   0.833333333 ) 

    1    1
  0.26166677  0.00000000   -0.00488268 -0.00093805    0.00356729  0.01437514
 -0.00488268  0.00093805    0.23308825  0.00000000   -0.00488268 -0.00093805
  0.00356729 -0.01437514   -0.00488268  0.00093805    0.26166677  0.00000000
    1    2
 -0.06448966  0.00428892   -0.08373110 -0.06967130    0.04233020  0.00000000
 -0.08373110 -0.06967130   -0.05714499 -0.00000000   -0.08373110  0.06967130
  0.04233020  0.00000000   -0.08373110  0.06967130   -0.06448966 -0.00428892
    2    1
 -0.06448966 -0.00428892   -0.08373110  0.06967130    0.04233020 -0.00000000
 -0.08373110  0.06967130   -0.05714499  0.00000000   -0.08373110 -0.06967130
  0.04233020 -0.00000000   -0.08373110 -0.06967130   -0.06448966  0.00428892
    2    2
  0.26166677  0.00000000   -0.00488268  0.00093805    0.00356729 -0.01437514
 -0.00488268 -0.00093805    0.23308825  0.00000000   -0.00488268  0.00093805
  0.00356729  0.01437514   -0.00488268 -0.00093805    0.26166677  0.00000000

     Dynamical  Matrix in cartesian axes

     q = (   -0.166666667   0.500000000   0.833333333 ) 

    1    1
  0.26166677  0.00000000   -0.00488268 -0.00093805   -0.00356729 -0.01437514
 -0.00488268  0.00093805    0.23308825  0.00000000    0.00488268  0.00093805
 -0.00356729  0.01437514    0.00488268 -0.00093805    0.26166677  0.00000000
    1    2
 -0.02853051  0.05799414   -0.10220266  0.03767761   -0.02116510  0.03665903
 -0.10220266  0.03767761   -0.02857250  0.04948901   -0.01847156 -0.10734891
 -0.02116510  0.03665903   -0.01847156 -0.10734891   -0.03595915  0.05370522
    2    1
 -0.02853051 -0.05799414   -0.10220266 -0.03767761   -0.02116510 -0.03665903
 -0.10220266 -0.03767761   -0.02857250 -0.04948901   -0.01847156  0.10734891
 -0.02116510 -0.03665903   -0.01847156  0.10734891   -0.03595915 -0.05370522
    2    2
  0.26166677  0.00000000   -0.00488268  0.00093805   -0.00356729  0.01437514
 -0.00488268 -0.00093805    0.23308825  0.00000000    0.00488268 -0.00093805
 -0.00356729 -0.01437514    0.00488268  0.00093805    0.26166677  0.00000000

     Dynamical  Matrix in cartesian axes

     q = (    0.166666667   0.500000000  -0.833333333 ) 

    1    1
  0.26166677  0.00000000    0.00488268  0.00093805   -0.00356729 -0.01437514
  0.00488268 -0.00093805    0.23308825  0.00000000   -0.00488268 -0.00093805
 -0.00356729  0.01437514   -0.00488268  0.00093805    0.26166677  0.00000000
    1    2
 -0.03595915 -0.05370522   -0.01847156  0.10734891   -0.02116510 -0.03665903
 -0.01847156  0.10734891   -0.02857250 -0.04948901   -0.10220266 -0.03767761
 -0.02116510 -0.03665903   -0.10220266 -0.03767761   -0.02853051 -0.05799414
    2    1
 -0.03595915  0.05370522   -0.01847156 -0.10734891   -0.02116510  0.03665903
 -0.01847156 -0.10734891   -0.02857250  0.04948901   -0.10220266  0.03767761
 -0.02116510  0.03665903   -0.10220266  0.03767761   -0.02853051  0.05799414
    2    2
  0.26166677  0.00000000    0.00488268 -0.00093805   -0.00356729  0.01437514
  0.00488268  0.00093805    0.23308825  0.00000000   -0.00488268  0.00093805
 -0.00356729 -0.01437514   -0.00488268 -0.00093805    0.26166677  0.00000000

     Dynamical  Matrix in cartesian axes

     q = (   -0.166666667  -0.500000000  -0.833333333 ) 

    1    1
  0.26166677  0.00000000    0.00488268  0.00093805    0.00356729  0.01437514
  0.00488268 -0.00093805    0.23308825  0.00000000    0.00488268  0.00093805
  0.00356729 -0.01437514    0.00488268 -0.00093805    0.26166677  0.00000000
    1    2
  0.06448966 -0.00428892   -0.08373110 -0.06967130   -0.04233020 -0.00000000
 -0.08373110 -0.06967130    0.05714499  0.00000000   -0.08373110  0.06967130
 -0.04233020 -0.00000000   -0.08373110  0.06967130    0.06448966  0.00428892
    2    1
  0.06448966  0.00428892   -0.08373110  0.06967130   -0.04233020  0.00000000
 -0.08373110  0.06967130    0.05714499 -0.00000000   -0.08373110 -0.06967130
 -0.04233020  0.00000000   -0.08373110 -0.06967130    0.06448966 -0.00428892
    2    2
  0.26166677  0.00000000    0.00488268 -0.00093805    0.00356729 -0.01437514
  0.00488268  0.00093805    0.23308825  0.00000000    0.00488268 -0.00093805
  0.00356729  0.01437514    0.00488268  0.00093805    0.26166677  0.00000000

     Dynamical  Matrix in cartesian axes

     q = (   -0.500000000   0.833333333   0.166666667 ) 

    1    1
  0.23308825  0.00000000   -0.00488268 -0.00093805   -0.00488268  0.00093805
 -0.00488268  0.00093805    0.26166677  0.00000000    0.00356729 -0.01437514
 -0.00488268 -0.00093805    0.00356729  0.01437514    0.26166677  0.00000000
    1    2
 -0.05714499 -0.00000000   -0.08373110  0.06967130   -0.08373110 -0.06967130
 -0.08373110  0.06967130   -0.06448966 -0.00428892    0.04233020  0.00000000
 -0.08373110 -0.06967130    0.04233020  0.00000000   -0.06448966  0.00428892
    2    1
 -0.05714499  0.00000000   -0.08373110 -0.06967130   -0.08373110  0.06967130
 -0.08373110 -0.06967130   -0.06448966  0.00428892    0.04233020 -0.00000000
 -0.08373110  0.06967130    0.04233020 -0.00000000   -0.06448966 -0.00428892
    2    2
  0.23308825  0.00000000   -0.00488268  0.00093805   -0.00488268 -0.00093805
 -0.00488268 -0.00093805    0.26166677  0.00000000    0.00356729  0.01437514
 -0.00488268  0.00093805    0.00356729 -0.01437514    0.26166677  0.00000000

     Diagonalizing the dynamical matrix

     q = (    0.500000000  -0.166666667   0.833333333 ) 

 **************************************************************************
     freq (    1) =       5.176427 [THz] =     172.667020 [cm-1]
 ( -0.064938  0.568097 -0.147075  0.254741 -0.085795 -0.281360 ) 
 ( -0.524456  0.227811 -0.200767  0.214980  0.294150  0.000000 ) 
     freq (    2) =       6.163127 [THz] =     205.579789 [cm-1]
 (  0.253171  0.281080  0.211216 -0.365837  0.385853 -0.171949 ) 
 (  0.116836 -0.359792  0.341839  0.248184  0.422433  0.000000 ) 
     freq (    3) =       9.557809 [THz] =     318.814198 [cm-1]
 (  0.273157 -0.125656 -0.226273  0.391916  0.444832  0.083200 ) 
 ( -0.245400 -0.173733  0.150363  0.426836 -0.452546  0.000000 ) 
     freq (    4) =      10.957896 [THz] =     365.516076 [cm-1]
 (  0.215937 -0.088006 -0.236015  0.408791  0.454525  0.127358 ) 
 (  0.184184  0.143004 -0.116968 -0.457309  0.472031  0.000000 ) 
     freq (    5) =      13.373193 [THz] =     446.081697 [cm-1]
 ( -0.048782  0.513921 -0.170846  0.295913 -0.112119 -0.322773 ) 
 (  0.469460 -0.214714  0.223470 -0.258484 -0.341691  0.000000 ) 
     freq (    6) =      13.585802 [THz] =     453.173575 [cm-1]
 ( -0.189689 -0.287563 -0.218325  0.378150 -0.433559  0.051861 ) 
 (  0.154192 -0.308057  0.261693  0.349542  0.436650  0.000000 ) 
 **************************************************************************
