Dynamical matrix file
                                                                           
  1    2  2 10.3280000  0.0000000  0.0000000  0.0000000  0.0000000  0.0000000
           1  'Si  '    25598.8229845270     
    1    1      0.0000000000      0.0000000000      0.0000000000
    2    1      0.2500000000      0.2500000000      0.2500000000

     Dynamical  Matrix in cartesian axes

     q = (    0.333333333   0.000000000   0.333333333 ) 

    1    1
  0.26408400  0.00000000    0.00000000  0.00476460    0.00768380  0.00000000
  0.00000000 -0.00476460    0.26552185  0.00000000    0.00000000 -0.00476460
  0.00768380  0.00000000   -0.00000000  0.00476460    0.26408400  0.00000000
    1    2
 -0.09430563  0.16334214   -0.06099232 -0.03521393    0.02106062 -0.03647807
 -0.06099232 -0.03521393   -0.09919156  0.17180483   -0.06099232 -0.03521393
  0.02106062 -0.03647807   -0.06099232 -0.03521393   -0.09430563  0.16334214
    2    1
 -0.09430563 -0.16334214   -0.06099232  0.03521393    0.02106062  0.03647807
 -0.06099232  0.03521393   -0.09919156 -0.17180483   -0.06099232  0.03521393
  0.02106062  0.03647807   -0.06099232  0.03521393   -0.09430563 -0.16334214
    2    2
  0.26408400  0.00000000    0.00000000 -0.00476460    0.00768380  0.00000000
 -0.00000000  0.00476460    0.26552185  0.00000000   -0.00000000  0.00476460
  0.00768380  0.00000000   -0.00000000 -0.00476460    0.26408400  0.00000000

     Dynamical  Matrix in cartesian axes

     q = (   -0.333333333   0.000000000   0.333333333 ) 

    1    1
  0.26408400  0.00000000    0.00000000  0.00476460   -0.00768380  0.00000000
  0.00000000 -0.00476460    0.26552185  0.00000000    0.00000000  0.00476460
 -0.00768380  0.00000000    0.00000000 -0.00476460    0.26408400  0.00000000
    1    2
 -0.18861126 -0.00000000    0.00000000 -0.07042786   -0.04212124 -0.00000000
  0.00000000 -0.07042786   -0.19838313 -0.00000000    0.00000000  0.07042786
 -0.04212124 -0.00000000   -0.00000000  0.07042786   -0.18861126 -0.00000000
    2    1
 -0.18861126  0.00000000    0.00000000  0.07042786   -0.04212124  0.00000000
  0.00000000  0.07042786   -0.19838313  0.00000000    0.00000000 -0.07042786
 -0.04212124  0.00000000   -0.00000000 -0.07042786   -0.18861126  0.00000000
    2    2
  0.26408400  0.00000000    0.00000000 -0.00476460   -0.00768380  0.00000000
  0.00000000  0.00476460    0.26552185  0.00000000    0.00000000 -0.00476460
 -0.00768380  0.00000000    0.00000000  0.00476460    0.26408400  0.00000000

     Dynamical  Matrix in cartesian axes

     q = (    0.333333333   0.000000000  -0.333333333 ) 

    1    1
  0.26408400  0.00000000    0.00000000 -0.00476460   -0.00768380  0.00000000
 -0.00000000  0.00476460    0.26552185  0.00000000   -0.00000000 -0.00476460
 -0.00768380  0.00000000    0.00000000  0.00476460    0.26408400  0.00000000
    1    2
 -0.18861126  0.00000000    0.00000000  0.07042786   -0.04212124  0.00000000
  0.00000000  0.07042786   -0.19838313  0.00000000    0.00000000 -0.07042786
 -0.04212124  0.00000000    0.00000000 -0.07042786   -0.18861126  0.00000000
    2    1
 -0.18861126 -0.00000000    0.00000000 -0.07042786   -0.04212124 -0.00000000
  0.00000000 -0.07042786   -0.19838313 -0.00000000    0.00000000  0.07042786
 -0.04212124 -0.00000000   -0.00000000  0.07042786   -0.18861126 -0.00000000
    2    2
  0.26408400  0.00000000    0.00000000  0.00476460   -0.00768380  0.00000000
 -0.00000000 -0.00476460    0.26552185  0.00000000   -0.00000000  0.00476460
 -0.00768380  0.00000000    0.00000000 -0.00476460    0.26408400  0.00000000

     Dynamical  Matrix in cartesian axes

     q = (   -0.333333333   0.000000000  -0.333333333 ) 

    1    1
  0.26408400  0.00000000    0.00000000 -0.00476460    0.00768380  0.00000000
  0.00000000  0.00476460    0.26552185  0.00000000    0.00000000  0.00476460
  0.00768380  0.00000000   -0.00000000 -0.00476460    0.26408400  0.00000000
    1    2
 -0.09430563 -0.16334214   -0.06099232  0.03521393    0.02106062  0.03647807
 -0.06099232  0.03521393   -0.09919156 -0.17180483   -0.06099232  0.03521393
  0.02106062  0.03647807   -0.06099232  0.03521393   -0.09430563 -0.16334214
    2    1
 -0.09430563  0.16334214   -0.06099232 -0.03521393    0.02106062 -0.03647807
 -0.06099232 -0.03521393   -0.09919156  0.17180483   -0.06099232 -0.03521393
  0.02106062 -0.03647807   -0.06099232 -0.03521393   -0.09430563  0.16334214
    2    2
  0.26408400  0.00000000    0.00000000  0.00476460    0.00768380  0.00000000
 -0.00000000 -0.00476460    0.26552185  0.00000000   -0.00000000 -0.00476460
  0.00768380  0.00000000   -0.00000000  0.00476460    0.26408400  0.00000000

     Dynamical  Matrix in cartesian axes

     q = (    0.000000000   0.333333333  -0.333333333 ) 

    1    1
  0.26552185  0.00000000   -0.00000000  0.00476460    0.00000000 -0.00476460
  0.00000000 -0.00476460    0.26408400  0.00000000   -0.00768380  0.00000000
 -0.00000000  0.00476460   -0.00768380  0.00000000    0.26408400  0.00000000
    1    2
 -0.19838313  0.00000000    0.00000000  0.07042786   -0.00000000 -0.07042786
  0.00000000  0.07042786   -0.18861126 -0.00000000   -0.04212124  0.00000000
  0.00000000 -0.07042786   -0.04212124  0.00000000   -0.18861126 -0.00000000
    2    1
 -0.19838313  0.00000000    0.00000000 -0.07042786   -0.00000000  0.07042786
  0.00000000 -0.07042786   -0.18861126 -0.00000000   -0.04212124  0.00000000
  0.00000000  0.07042786   -0.04212124  0.00000000   -0.18861126 -0.00000000
    2    2
  0.26552185  0.00000000    0.00000000 -0.00476460    0.00000000  0.00476460
  0.00000000  0.00476460    0.26408400  0.00000000   -0.00768380  0.00000000
  0.00000000 -0.00476460   -0.00768380  0.00000000    0.26408400  0.00000000

     Dynamical  Matrix in cartesian axes

     q = (   -0.333333333   0.333333333   0.000000000 ) 

    1    1
  0.26408400  0.00000000   -0.00768380  0.00000000    0.00000000  0.00476460
 -0.00768380  0.00000000    0.26408400  0.00000000   -0.00000000 -0.00476460
  0.00000000 -0.00476460    0.00000000  0.00476460    0.26552185  0.00000000
    1    2
 -0.18861126 -0.00000000   -0.04212124 -0.00000000    0.00000000 -0.07042786
 -0.04212124 -0.00000000   -0.18861126 -0.00000000   -0.00000000  0.07042786
  0.00000000 -0.07042786    0.00000000  0.07042786   -0.19838313 -0.00000000
    2    1
 -0.18861126  0.00000000   -0.04212124  0.00000000    0.00000000  0.07042786
 -0.04212124  0.00000000   -0.18861126  0.00000000   -0.00000000 -0.07042786
  0.00000000  0.07042786    0.00000000 -0.07042786   -0.19838313  0.00000000
    2    2
  0.26408400  0.00000000   -0.00768380  0.00000000    0.00000000 -0.00476460
 -0.00768380  0.00000000    0.26408400  0.00000000    0.00000000  0.00476460
  0.00000000  0.00476460    0.00000000 -0.00476460    0.26552185  0.00000000

     Dynamical  Matrix in cartesian axes

     q = (    0.000000000   0.333333333   0.333333333 ) 

    1    1
  0.26552185  0.00000000    0.00000000 -0.00476460   -0.00000000 -0.00476460
  0.00000000  0.00476460    0.26408400  0.00000000    0.00768380  0.00000000
 -0.00000000  0.00476460    0.00768380  0.00000000    0.26408400  0.00000000
    1    2
 -0.09919156  0.17180483   -0.06099232 -0.03521393   -0.06099232 -0.03521393
 -0.06099232 -0.03521393   -0.09430563  0.16334214    0.02106062 -0.03647807
 -0.06099232 -0.03521393    0.02106062 -0.03647807   -0.09430563  0.16334214
    2    1
 -0.09919156 -0.17180483   -0.06099232  0.03521393   -0.06099232  0.03521393
 -0.06099232  0.03521393   -0.09430563 -0.16334214    0.02106062  0.03647807
 -0.06099232  0.03521393    0.02106062  0.03647807   -0.09430563 -0.16334214
    2    2
  0.26552185  0.00000000   -0.00000000  0.00476460    0.00000000  0.00476460
  0.00000000 -0.00476460    0.26408400  0.00000000    0.00768380  0.00000000
 -0.00000000 -0.00476460    0.00768380  0.00000000    0.26408400  0.00000000

     Dynamical  Matrix in cartesian axes

     q = (    0.000000000  -0.333333333  -0.333333333 ) 

    1    1
  0.26552185  0.00000000   -0.00000000  0.00476460    0.00000000  0.00476460
 -0.00000000 -0.00476460    0.26408400  0.00000000    0.00768380  0.00000000
  0.00000000 -0.00476460    0.00768380  0.00000000    0.26408400  0.00000000
    1    2
 -0.09919156 -0.17180483   -0.06099232  0.03521393   -0.06099232  0.03521393
 -0.06099232  0.03521393   -0.09430563 -0.16334214    0.02106062  0.03647807
 -0.06099232  0.03521393    0.02106062  0.03647807   -0.09430563 -0.16334214
    2    1
 -0.09919156  0.17180483   -0.06099232 -0.03521393   -0.06099232 -0.03521393
 -0.06099232 -0.03521393   -0.09430563  0.16334214    0.02106062 -0.03647807
 -0.06099232 -0.03521393    0.02106062 -0.03647807   -0.09430563  0.16334214
    2    2
  0.26552185  0.00000000    0.00000000 -0.00476460    0.00000000 -0.00476460
 -0.00000000  0.00476460    0.26408400  0.00000000    0.00768380  0.00000000
  0.00000000  0.00476460    0.00768380  0.00000000    0.26408400  0.00000000

     Dynamical  Matrix in cartesian axes

     q = (    0.333333333  -0.333333333   0.000000000 ) 

    1    1
  0.26408400  0.00000000   -0.00768380  0.00000000    0.00000000 -0.00476460
 -0.00768380  0.00000000    0.26408400  0.00000000   -0.00000000  0.00476460
  0.00000000  0.00476460    0.00000000 -0.00476460    0.26552185  0.00000000
    1    2
 -0.18861126  0.00000000   -0.04212124  0.00000000    0.00000000  0.07042786
 -0.04212124  0.00000000   -0.18861126  0.00000000   -0.00000000 -0.07042786
  0.00000000  0.07042786    0.00000000 -0.07042786   -0.19838313  0.00000000
    2    1
 -0.18861126 -0.00000000   -0.04212124 -0.00000000    0.00000000 -0.07042786
 -0.04212124 -0.00000000   -0.18861126 -0.00000000   -0.00000000  0.07042786
  0.00000000 -0.07042786    0.00000000  0.07042786   -0.19838313 -0.00000000
    2    2
  0.26408400  0.00000000   -0.00768380  0.00000000    0.00000000  0.00476460
 -0.00768380  0.00000000    0.26408400  0.00000000   -0.00000000 -0.00476460
  0.00000000 -0.00476460    0.00000000  0.00476460    0.26552185  0.00000000

     Dynamical  Matrix in cartesian axes

     q = (    0.333333333   0.333333333   0.000000000 ) 

    1    1
  0.26408400  0.00000000    0.00768380  0.00000000   -0.00000000  0.00476460
  0.00768380  0.00000000    0.26408400  0.00000000    0.00000000  0.00476460
  0.00000000 -0.00476460    0.00000000 -0.00476460    0.26552185  0.00000000
    1    2
 -0.09430563  0.16334214    0.02106062 -0.03647807   -0.06099232 -0.03521393
  0.02106062 -0.03647807   -0.09430563  0.16334214   -0.06099232 -0.03521393
 -0.06099232 -0.03521393   -0.06099232 -0.03521393   -0.09919156  0.17180483
    2    1
 -0.09430563 -0.16334214    0.02106062  0.03647807   -0.06099232  0.03521393
  0.02106062  0.03647807   -0.09430563 -0.16334214   -0.06099232  0.03521393
 -0.06099232  0.03521393   -0.06099232  0.03521393   -0.09919156 -0.17180483
    2    2
  0.26408400  0.00000000    0.00768380  0.00000000   -0.00000000 -0.00476460
  0.00768380  0.00000000    0.26408400  0.00000000    0.00000000 -0.00476460
  0.00000000  0.00476460    0.00000000  0.00476460    0.26552185  0.00000000

     Dynamical  Matrix in cartesian axes

     q = (   -0.333333333  -0.333333333   0.000000000 ) 

    1    1
  0.26408400  0.00000000    0.00768380  0.00000000    0.00000000 -0.00476460
  0.00768380  0.00000000    0.26408400  0.00000000    0.00000000 -0.00476460
 -0.00000000  0.00476460   -0.00000000  0.00476460    0.26552185  0.00000000
    1    2
 -0.09430563 -0.16334214    0.02106062  0.03647807   -0.06099232  0.03521393
  0.02106062  0.03647807   -0.09430563 -0.16334214   -0.06099232  0.03521393
 -0.06099232  0.03521393   -0.06099232  0.03521393   -0.09919156 -0.17180483
    2    1
 -0.09430563  0.16334214    0.02106062 -0.03647807   -0.06099232 -0.03521393
  0.02106062 -0.03647807   -0.09430563  0.16334214   -0.06099232 -0.03521393
 -0.06099232 -0.03521393   -0.06099232 -0.03521393   -0.09919156  0.17180483
    2    2
  0.26408400  0.00000000    0.00768380  0.00000000   -0.00000000  0.00476460
  0.00768380  0.00000000    0.26408400  0.00000000    0.00000000  0.00476460
  0.00000000 -0.00476460    0.00000000 -0.00476460    0.26552185  0.00000000

     Dynamical  Matrix in cartesian axes

     q = (    0.000000000  -0.333333333   0.333333333 ) 

    1    1
  0.26552185  0.00000000   -0.00000000 -0.00476460    0.00000000  0.00476460
  0.00000000  0.00476460    0.26408400  0.00000000   -0.00768380  0.00000000
 -0.00000000 -0.00476460   -0.00768380  0.00000000    0.26408400  0.00000000
    1    2
 -0.19838313  0.00000000    0.00000000 -0.07042786   -0.00000000  0.07042786
  0.00000000 -0.07042786   -0.18861126 -0.00000000   -0.04212124  0.00000000
  0.00000000  0.07042786   -0.04212124  0.00000000   -0.18861126 -0.00000000
    2    1
 -0.19838313  0.00000000    0.00000000  0.07042786   -0.00000000 -0.07042786
  0.00000000  0.07042786   -0.18861126 -0.00000000   -0.04212124  0.00000000
  0.00000000 -0.07042786   -0.04212124  0.00000000   -0.18861126 -0.00000000
    2    2
  0.26552185  0.00000000    0.00000000  0.00476460    0.00000000 -0.00476460
  0.00000000 -0.00476460    0.26408400  0.00000000   -0.00768380  0.00000000
  0.00000000  0.00476460   -0.00768380  0.00000000    0.26408400  0.00000000

     Diagonalizing the dynamical matrix

     q = (    0.333333333   0.000000000   0.333333333 ) 

 **************************************************************************
     freq (    1) =       3.294265 [THz] =     109.884838 [cm-1]
 ( -0.250000  0.433013 -0.000000  0.000000  0.250000 -0.433013 ) 
 ( -0.500000  0.000000 -0.000000  0.000000  0.500000  0.000000 ) 
     freq (    2) =       4.317621 [THz] =     144.020338 [cm-1]
 ( -0.060219  0.104302  0.594342  0.343143 -0.060219  0.104302 ) 
 (  0.120438 -0.000000  0.000000  0.686287  0.120438  0.000000 ) 
     freq (    3) =       6.326082 [THz] =     211.015378 [cm-1]
 (  0.240236 -0.416102  0.169466  0.097841  0.240236 -0.416102 ) 
 (  0.480473  0.000000  0.000000 -0.195682  0.480473  0.000000 ) 
     freq (    4) =      13.659484 [THz] =     455.631327 [cm-1]
 (  0.242639 -0.420263  0.147506  0.085163  0.242639 -0.420263 ) 
 ( -0.485278 -0.000000 -0.000000  0.170325 -0.485278  0.000000 ) 
     freq (    5) =      14.351215 [THz] =     478.705016 [cm-1]
 (  0.250000 -0.433013 -0.000000  0.000000 -0.250000  0.433013 ) 
 ( -0.500000 -0.000000  0.000000 -0.000000  0.500000  0.000000 ) 
     freq (    6) =      14.459749 [THz] =     482.325314 [cm-1]
 (  0.069184 -0.119830 -0.588457 -0.339746  0.069184 -0.119830 ) 
 (  0.138368  0.000000 -0.000000  0.679491  0.138368  0.000000 ) 
 **************************************************************************
