Dynamical matrix file
                                                                           
  1    2  2 10.3760000  0.0000000  0.0000000  0.0000000  0.0000000  0.0000000
           1  'Si  '    25598.8229845270     
    1    1      0.0000000000      0.0000000000      0.0000000000
    2    1      0.2500000000      0.2500000000      0.2500000000

     Dynamical  Matrix in cartesian axes

     q = (   -0.166666667   0.166666667  -0.166666667 ) 

    1    1
  0.26163368  0.00000000   -0.00626002 -0.00000000    0.00626002  0.00000000
 -0.00626002 -0.00000000    0.26163368  0.00000000   -0.00626002 -0.00000000
  0.00626002  0.00000000   -0.00626002 -0.00000000    0.26163368  0.00000000
    1    2
 -0.22630278 -0.05205051   -0.01632472  0.03060148    0.01632472 -0.03060148
 -0.01632472  0.03060148   -0.22630278 -0.05205051   -0.01632472  0.03060148
  0.01632472 -0.03060148   -0.01632472  0.03060148   -0.22630278 -0.05205051
    2    1
 -0.22630278  0.05205051   -0.01632472 -0.03060148    0.01632472  0.03060148
 -0.01632472 -0.03060148   -0.22630278  0.05205051   -0.01632472 -0.03060148
  0.01632472  0.03060148   -0.01632472 -0.03060148   -0.22630278  0.05205051
    2    2
  0.26163368 -0.00000000   -0.00626002  0.00000000    0.00626002 -0.00000000
 -0.00626002  0.00000000    0.26163368 -0.00000000   -0.00626002  0.00000000
  0.00626002 -0.00000000   -0.00626002  0.00000000    0.26163368 -0.00000000

     Dynamical  Matrix in cartesian axes

     q = (    0.166666667   0.166666667   0.166666667 ) 

    1    1
  0.26163368  0.00000000    0.00626002  0.00000000    0.00626002  0.00000000
  0.00626002  0.00000000    0.26163368  0.00000000    0.00626002  0.00000000
  0.00626002  0.00000000    0.00626002  0.00000000    0.26163368  0.00000000
    1    2
 -0.15822845  0.16995870   -0.01833929 -0.02943836   -0.01833929 -0.02943836
 -0.01833929 -0.02943836   -0.15822845  0.16995870   -0.01833929 -0.02943836
 -0.01833929 -0.02943836   -0.01833929 -0.02943836   -0.15822845  0.16995870
    2    1
 -0.15822845 -0.16995870   -0.01833929  0.02943836   -0.01833929  0.02943836
 -0.01833929  0.02943836   -0.15822845 -0.16995870   -0.01833929  0.02943836
 -0.01833929  0.02943836   -0.01833929  0.02943836   -0.15822845 -0.16995870
    2    2
  0.26163368 -0.00000000    0.00626002 -0.00000000    0.00626002 -0.00000000
  0.00626002 -0.00000000    0.26163368 -0.00000000    0.00626002 -0.00000000
  0.00626002 -0.00000000    0.00626002 -0.00000000    0.26163368 -0.00000000

     Dynamical  Matrix in cartesian axes

     q = (   -0.166666667  -0.166666667  -0.166666667 ) 

    1    1
  0.26163368 -0.00000000    0.00626002 -0.00000000    0.00626002 -0.00000000
  0.00626002 -0.00000000    0.26163368 -0.00000000    0.00626002 -0.00000000
  0.00626002 -0.00000000    0.00626002 -0.00000000    0.26163368 -0.00000000
    1    2
 -0.15822845 -0.16995870   -0.01833929  0.02943836   -0.01833929  0.02943836
 -0.01833929  0.02943836   -0.15822845 -0.16995870   -0.01833929  0.02943836
 -0.01833929  0.02943836   -0.01833929  0.02943836   -0.15822845 -0.16995870
    2    1
 -0.15822845  0.16995870   -0.01833929 -0.02943836   -0.01833929 -0.02943836
 -0.01833929 -0.02943836   -0.15822845  0.16995870   -0.01833929 -0.02943836
 -0.01833929 -0.02943836   -0.01833929 -0.02943836   -0.15822845  0.16995870
    2    2
  0.26163368  0.00000000    0.00626002  0.00000000    0.00626002  0.00000000
  0.00626002  0.00000000    0.26163368  0.00000000    0.00626002  0.00000000
  0.00626002  0.00000000    0.00626002  0.00000000    0.26163368  0.00000000

     Dynamical  Matrix in cartesian axes

     q = (    0.166666667  -0.166666667   0.166666667 ) 

    1    1
  0.26163368 -0.00000000   -0.00626002  0.00000000    0.00626002 -0.00000000
 -0.00626002  0.00000000    0.26163368 -0.00000000   -0.00626002  0.00000000
  0.00626002 -0.00000000   -0.00626002  0.00000000    0.26163368 -0.00000000
    1    2
 -0.22630278  0.05205051   -0.01632472 -0.03060148    0.01632472  0.03060148
 -0.01632472 -0.03060148   -0.22630278  0.05205051   -0.01632472 -0.03060148
  0.01632472  0.03060148   -0.01632472 -0.03060148   -0.22630278  0.05205051
    2    1
 -0.22630278 -0.05205051   -0.01632472  0.03060148    0.01632472 -0.03060148
 -0.01632472  0.03060148   -0.22630278 -0.05205051   -0.01632472  0.03060148
  0.01632472 -0.03060148   -0.01632472  0.03060148   -0.22630278 -0.05205051
    2    2
  0.26163368  0.00000000   -0.00626002 -0.00000000    0.00626002  0.00000000
 -0.00626002 -0.00000000    0.26163368  0.00000000   -0.00626002 -0.00000000
  0.00626002  0.00000000   -0.00626002 -0.00000000    0.26163368  0.00000000

     Dynamical  Matrix in cartesian axes

     q = (    0.166666667  -0.166666667  -0.166666667 ) 

    1    1
  0.26163368  0.00000000   -0.00626002 -0.00000000   -0.00626002 -0.00000000
 -0.00626002 -0.00000000    0.26163368  0.00000000    0.00626002  0.00000000
 -0.00626002 -0.00000000    0.00626002  0.00000000    0.26163368  0.00000000
    1    2
 -0.22630278 -0.05205051   -0.01632472  0.03060148   -0.01632472  0.03060148
 -0.01632472  0.03060148   -0.22630278 -0.05205051    0.01632472 -0.03060148
 -0.01632472  0.03060148    0.01632472 -0.03060148   -0.22630278 -0.05205051
    2    1
 -0.22630278  0.05205051   -0.01632472 -0.03060148   -0.01632472 -0.03060148
 -0.01632472 -0.03060148   -0.22630278  0.05205051    0.01632472  0.03060148
 -0.01632472 -0.03060148    0.01632472  0.03060148   -0.22630278  0.05205051
    2    2
  0.26163368 -0.00000000   -0.00626002  0.00000000   -0.00626002  0.00000000
 -0.00626002  0.00000000    0.26163368 -0.00000000    0.00626002 -0.00000000
 -0.00626002  0.00000000    0.00626002 -0.00000000    0.26163368 -0.00000000

     Dynamical  Matrix in cartesian axes

     q = (    0.166666667   0.166666667  -0.166666667 ) 

    1    1
  0.26163368 -0.00000000    0.00626002 -0.00000000   -0.00626002  0.00000000
  0.00626002 -0.00000000    0.26163368 -0.00000000   -0.00626002  0.00000000
 -0.00626002  0.00000000   -0.00626002  0.00000000    0.26163368 -0.00000000
    1    2
 -0.22630278  0.05205051    0.01632472  0.03060148   -0.01632472 -0.03060148
  0.01632472  0.03060148   -0.22630278  0.05205051   -0.01632472 -0.03060148
 -0.01632472 -0.03060148   -0.01632472 -0.03060148   -0.22630278  0.05205051
    2    1
 -0.22630278 -0.05205051    0.01632472 -0.03060148   -0.01632472  0.03060148
  0.01632472 -0.03060148   -0.22630278 -0.05205051   -0.01632472  0.03060148
 -0.01632472  0.03060148   -0.01632472  0.03060148   -0.22630278 -0.05205051
    2    2
  0.26163368  0.00000000    0.00626002  0.00000000   -0.00626002 -0.00000000
  0.00626002  0.00000000    0.26163368  0.00000000   -0.00626002 -0.00000000
 -0.00626002 -0.00000000   -0.00626002 -0.00000000    0.26163368  0.00000000

     Dynamical  Matrix in cartesian axes

     q = (   -0.166666667  -0.166666667   0.166666667 ) 

    1    1
  0.26163368  0.00000000    0.00626002  0.00000000   -0.00626002 -0.00000000
  0.00626002  0.00000000    0.26163368  0.00000000   -0.00626002 -0.00000000
 -0.00626002 -0.00000000   -0.00626002 -0.00000000    0.26163368  0.00000000
    1    2
 -0.22630278 -0.05205051    0.01632472 -0.03060148   -0.01632472  0.03060148
  0.01632472 -0.03060148   -0.22630278 -0.05205051   -0.01632472  0.03060148
 -0.01632472  0.03060148   -0.01632472  0.03060148   -0.22630278 -0.05205051
    2    1
 -0.22630278  0.05205051    0.01632472  0.03060148   -0.01632472 -0.03060148
  0.01632472  0.03060148   -0.22630278  0.05205051   -0.01632472 -0.03060148
 -0.01632472 -0.03060148   -0.01632472 -0.03060148   -0.22630278  0.05205051
    2    2
  0.26163368 -0.00000000    0.00626002 -0.00000000   -0.00626002  0.00000000
  0.00626002 -0.00000000    0.26163368 -0.00000000   -0.00626002  0.00000000
 -0.00626002  0.00000000   -0.00626002  0.00000000    0.26163368 -0.00000000

     Dynamical  Matrix in cartesian axes

     q = (   -0.166666667   0.166666667   0.166666667 ) 

    1    1
  0.26163368 -0.00000000   -0.00626002  0.00000000   -0.00626002  0.00000000
 -0.00626002  0.00000000    0.26163368 -0.00000000    0.00626002 -0.00000000
 -0.00626002  0.00000000    0.00626002 -0.00000000    0.26163368 -0.00000000
    1    2
 -0.22630278  0.05205051   -0.01632472 -0.03060148   -0.01632472 -0.03060148
 -0.01632472 -0.03060148   -0.22630278  0.05205051    0.01632472  0.03060148
 -0.01632472 -0.03060148    0.01632472  0.03060148   -0.22630278  0.05205051
    2    1
 -0.22630278 -0.05205051   -0.01632472  0.03060148   -0.01632472  0.03060148
 -0.01632472  0.03060148   -0.22630278 -0.05205051    0.01632472 -0.03060148
 -0.01632472  0.03060148    0.01632472 -0.03060148   -0.22630278 -0.05205051
    2    2
  0.26163368  0.00000000   -0.00626002 -0.00000000   -0.00626002 -0.00000000
 -0.00626002 -0.00000000    0.26163368  0.00000000    0.00626002  0.00000000
 -0.00626002 -0.00000000    0.00626002  0.00000000    0.26163368  0.00000000

     Diagonalizing the dynamical matrix

     q = (   -0.166666667   0.166666667  -0.166666667 ) 

 **************************************************************************
     freq (    1) =       2.233596 [THz] =      74.504735 [cm-1]
 ( -0.267805 -0.014796  0.306737  0.035996  0.574542  0.050791 ) 
 ( -0.268068  0.008845  0.308715  0.008845  0.576783  0.000000 ) 
     freq (    2) =       2.233596 [THz] =      74.504735 [cm-1]
 ( -0.451433 -0.240006 -0.425939 -0.237752  0.025494  0.002254 ) 
 ( -0.470814 -0.199321 -0.445221 -0.199321  0.025594  0.000000 ) 
     freq (    3) =       4.589276 [THz] =     153.081766 [cm-1]
 (  0.352407  0.206097 -0.352407 -0.206097  0.352407  0.206097 ) 
 (  0.408248 -0.000000 -0.408248  0.000000  0.408248  0.000000 ) 
     freq (    4) =      14.517587 [THz] =     484.254561 [cm-1]
 ( -0.352407 -0.206097  0.352407  0.206097 -0.352407 -0.206097 ) 
 (  0.408248 -0.000000 -0.408248 -0.000000  0.408248  0.000000 ) 
     freq (    5) =      14.524206 [THz] =     484.475376 [cm-1]
 (  0.357880 -0.110195 -0.187344 -0.158395 -0.545224 -0.048200 ) 
 ( -0.346786  0.141282  0.200564  0.141282  0.547350  0.000000 ) 
     freq (    6) =      14.524206 [THz] =     484.475376 [cm-1]
 ( -0.162594  0.408259 -0.345568  0.392084 -0.182974 -0.016175 ) 
 (  0.126011 -0.420991  0.309698 -0.420991  0.183687  0.000000 ) 
 **************************************************************************
