Dynamical matrix file
                                                                           
  1    2  2 10.3280000  0.0000000  0.0000000  0.0000000  0.0000000  0.0000000
           1  'Si  '    25598.8229845270     
    1    1      0.0000000000      0.0000000000      0.0000000000
    2    1      0.2500000000      0.2500000000      0.2500000000

     Dynamical  Matrix in cartesian axes

     q = (    0.666666667  -0.333333333   1.000000000 ) 

    1    1
  0.24242463  0.00000000   -0.00708684  0.00000000    0.00000000  0.00092965
 -0.00708684  0.00000000    0.28551544  0.00000000    0.00000000 -0.01302350
  0.00000000 -0.00092965    0.00000000  0.01302350    0.25628246  0.00000000
    1    2
 -0.08799417  0.05080346   -0.06243357  0.03604604   -0.06632909 -0.11488536
 -0.06243357  0.03604604   -0.09346065  0.05395953    0.02152534  0.03728298
 -0.06632909 -0.11488536    0.02152534  0.03728298   -0.09514416  0.05493151
    2    1
 -0.08799417 -0.05080346   -0.06243357 -0.03604604   -0.06632909  0.11488536
 -0.06243357 -0.03604604   -0.09346065 -0.05395953    0.02152534 -0.03728298
 -0.06632909  0.11488536    0.02152534 -0.03728298   -0.09514416 -0.05493151
    2    2
  0.24242463  0.00000000   -0.00708684  0.00000000    0.00000000 -0.00092965
 -0.00708684 -0.00000000    0.28551544 -0.00000000    0.00000000  0.01302350
  0.00000000  0.00092965    0.00000000 -0.01302350    0.25628246  0.00000000

     Dynamical  Matrix in cartesian axes

     q = (    1.000000000   0.333333333   0.666666667 ) 

    1    1
  0.25628246  0.00000000    0.00000000  0.01302350    0.00000000  0.00092965
  0.00000000 -0.01302350    0.28551544 -0.00000000    0.00708684  0.00000000
  0.00000000 -0.00092965    0.00708684  0.00000000    0.24242463 -0.00000000
    1    2
  0.00000000 -0.10986301   -0.04305067 -0.00000000   -0.13265818 -0.00000000
 -0.04305067 -0.00000000    0.00000000 -0.10791906    0.00000000  0.07209208
 -0.13265818 -0.00000000    0.00000000  0.07209208    0.00000000 -0.10160691
    2    1
  0.00000000  0.10986301   -0.04305067  0.00000000   -0.13265818  0.00000000
 -0.04305067  0.00000000    0.00000000  0.10791906   -0.00000000 -0.07209208
 -0.13265818  0.00000000   -0.00000000 -0.07209208    0.00000000  0.10160691
    2    2
  0.25628246 -0.00000000    0.00000000 -0.01302350    0.00000000 -0.00092965
  0.00000000  0.01302350    0.28551544  0.00000000    0.00708684 -0.00000000
  0.00000000  0.00092965    0.00708684  0.00000000    0.24242463 -0.00000000

     Dynamical  Matrix in cartesian axes

     q = (    0.666666667   0.333333333   1.000000000 ) 

    1    1
  0.24242463 -0.00000000    0.00708684  0.00000000    0.00000000 -0.00092965
  0.00708684  0.00000000    0.28551544  0.00000000    0.00000000 -0.01302350
  0.00000000  0.00092965   -0.00000000  0.01302350    0.25628246 -0.00000000
    1    2
 -0.00000000 -0.10160691    0.00000000  0.07209208   -0.13265818  0.00000000
  0.00000000  0.07209208   -0.00000000 -0.10791906   -0.04305067  0.00000000
 -0.13265818  0.00000000   -0.04305067  0.00000000   -0.00000000 -0.10986301
    2    1
 -0.00000000  0.10160691    0.00000000 -0.07209208   -0.13265818 -0.00000000
  0.00000000 -0.07209208   -0.00000000  0.10791906   -0.04305067 -0.00000000
 -0.13265818 -0.00000000   -0.04305067  0.00000000   -0.00000000  0.10986301
    2    2
  0.24242463 -0.00000000    0.00708684  0.00000000   -0.00000000  0.00092965
  0.00708684 -0.00000000    0.28551544 -0.00000000   -0.00000000  0.01302350
  0.00000000 -0.00092965    0.00000000 -0.01302350    0.25628246 -0.00000000

     Dynamical  Matrix in cartesian axes

     q = (   -1.000000000  -0.333333333   0.666666667 ) 

    1    1
  0.25628246  0.00000000    0.00000000  0.01302350    0.00000000 -0.00092965
  0.00000000 -0.01302350    0.28551544 -0.00000000   -0.00708684  0.00000000
  0.00000000  0.00092965   -0.00708684  0.00000000    0.24242463 -0.00000000
    1    2
 -0.09514416  0.05493151    0.02152534  0.03728298   -0.06632909 -0.11488536
  0.02152534  0.03728298   -0.09346065  0.05395953   -0.06243357  0.03604604
 -0.06632909 -0.11488536   -0.06243357  0.03604604   -0.08799417  0.05080346
    2    1
 -0.09514416 -0.05493151    0.02152534 -0.03728298   -0.06632909  0.11488536
  0.02152534 -0.03728298   -0.09346065 -0.05395953   -0.06243357 -0.03604604
 -0.06632909  0.11488536   -0.06243357 -0.03604604   -0.08799417 -0.05080346
    2    2
  0.25628246 -0.00000000    0.00000000 -0.01302350    0.00000000  0.00092965
  0.00000000  0.01302350    0.28551544  0.00000000   -0.00708684 -0.00000000
  0.00000000 -0.00092965   -0.00708684  0.00000000    0.24242463 -0.00000000

     Dynamical  Matrix in cartesian axes

     q = (   -1.000000000  -0.333333333  -0.666666667 ) 

    1    1
  0.25628246 -0.00000000    0.00000000 -0.01302350    0.00000000 -0.00092965
  0.00000000  0.01302350    0.28551544  0.00000000    0.00708684 -0.00000000
  0.00000000  0.00092965    0.00708684  0.00000000    0.24242463 -0.00000000
    1    2
  0.00000000  0.10986301   -0.04305067  0.00000000   -0.13265818  0.00000000
 -0.04305067  0.00000000    0.00000000  0.10791906   -0.00000000 -0.07209208
 -0.13265818  0.00000000   -0.00000000 -0.07209208    0.00000000  0.10160691
    2    1
  0.00000000 -0.10986301   -0.04305067 -0.00000000   -0.13265818 -0.00000000
 -0.04305067 -0.00000000    0.00000000 -0.10791906    0.00000000  0.07209208
 -0.13265818 -0.00000000    0.00000000  0.07209208    0.00000000 -0.10160691
    2    2
  0.25628246  0.00000000    0.00000000  0.01302350    0.00000000  0.00092965
  0.00000000 -0.01302350    0.28551544 -0.00000000    0.00708684  0.00000000
  0.00000000 -0.00092965    0.00708684  0.00000000    0.24242463 -0.00000000

     Dynamical  Matrix in cartesian axes

     q = (   -0.666666667  -0.333333333  -1.000000000 ) 

    1    1
  0.24242463 -0.00000000    0.00708684  0.00000000   -0.00000000  0.00092965
  0.00708684 -0.00000000    0.28551544 -0.00000000   -0.00000000  0.01302350
  0.00000000 -0.00092965    0.00000000 -0.01302350    0.25628246 -0.00000000
    1    2
 -0.00000000  0.10160691    0.00000000 -0.07209208   -0.13265818 -0.00000000
  0.00000000 -0.07209208   -0.00000000  0.10791906   -0.04305067 -0.00000000
 -0.13265818 -0.00000000   -0.04305067  0.00000000   -0.00000000  0.10986301
    2    1
 -0.00000000 -0.10160691    0.00000000  0.07209208   -0.13265818  0.00000000
  0.00000000  0.07209208   -0.00000000 -0.10791906   -0.04305067  0.00000000
 -0.13265818  0.00000000   -0.04305067  0.00000000   -0.00000000 -0.10986301
    2    2
  0.24242463 -0.00000000    0.00708684  0.00000000    0.00000000 -0.00092965
  0.00708684  0.00000000    0.28551544  0.00000000    0.00000000 -0.01302350
  0.00000000  0.00092965   -0.00000000  0.01302350    0.25628246 -0.00000000

     Dynamical  Matrix in cartesian axes

     q = (    1.000000000   0.333333333  -0.666666667 ) 

    1    1
  0.25628246 -0.00000000    0.00000000 -0.01302350    0.00000000  0.00092965
  0.00000000  0.01302350    0.28551544  0.00000000   -0.00708684 -0.00000000
  0.00000000 -0.00092965   -0.00708684  0.00000000    0.24242463 -0.00000000
    1    2
 -0.09514416 -0.05493151    0.02152534 -0.03728298   -0.06632909  0.11488536
  0.02152534 -0.03728298   -0.09346065 -0.05395953   -0.06243357 -0.03604604
 -0.06632909  0.11488536   -0.06243357 -0.03604604   -0.08799417 -0.05080346
    2    1
 -0.09514416  0.05493151    0.02152534  0.03728298   -0.06632909 -0.11488536
  0.02152534  0.03728298   -0.09346065  0.05395953   -0.06243357  0.03604604
 -0.06632909 -0.11488536   -0.06243357  0.03604604   -0.08799417  0.05080346
    2    2
  0.25628246  0.00000000    0.00000000  0.01302350    0.00000000 -0.00092965
  0.00000000 -0.01302350    0.28551544 -0.00000000   -0.00708684  0.00000000
  0.00000000  0.00092965   -0.00708684  0.00000000    0.24242463 -0.00000000

     Dynamical  Matrix in cartesian axes

     q = (   -0.666666667   0.333333333   1.000000000 ) 

    1    1
  0.24242463  0.00000000   -0.00708684  0.00000000    0.00000000 -0.00092965
 -0.00708684 -0.00000000    0.28551544 -0.00000000    0.00000000  0.01302350
  0.00000000  0.00092965    0.00000000 -0.01302350    0.25628246  0.00000000
    1    2
 -0.08799417 -0.05080346   -0.06243357 -0.03604604   -0.06632909  0.11488536
 -0.06243357 -0.03604604   -0.09346065 -0.05395953    0.02152534 -0.03728298
 -0.06632909  0.11488536    0.02152534 -0.03728298   -0.09514416 -0.05493151
    2    1
 -0.08799417  0.05080346   -0.06243357  0.03604604   -0.06632909 -0.11488536
 -0.06243357  0.03604604   -0.09346065  0.05395953    0.02152534  0.03728298
 -0.06632909 -0.11488536    0.02152534  0.03728298   -0.09514416  0.05493151
    2    2
  0.24242463  0.00000000   -0.00708684  0.00000000    0.00000000  0.00092965
 -0.00708684  0.00000000    0.28551544  0.00000000    0.00000000 -0.01302350
  0.00000000 -0.00092965    0.00000000  0.01302350    0.25628246  0.00000000

     Dynamical  Matrix in cartesian axes

     q = (   -0.333333333   1.000000000   0.666666667 ) 

    1    1
  0.28551544 -0.00000000    0.00000000 -0.01302350   -0.00708684 -0.00000000
  0.00000000  0.01302350    0.25628246  0.00000000    0.00000000 -0.00092965
 -0.00708684 -0.00000000   -0.00000000  0.00092965    0.24242463 -0.00000000
    1    2
 -0.09346065  0.05395953    0.02152534  0.03728298   -0.06243357  0.03604604
  0.02152534  0.03728298   -0.09514416  0.05493151   -0.06632909 -0.11488536
 -0.06243357  0.03604604   -0.06632909 -0.11488536   -0.08799417  0.05080346
    2    1
 -0.09346065 -0.05395953    0.02152534 -0.03728298   -0.06243357 -0.03604604
  0.02152534 -0.03728298   -0.09514416 -0.05493151   -0.06632909  0.11488536
 -0.06243357 -0.03604604   -0.06632909  0.11488536   -0.08799417 -0.05080346
    2    2
  0.28551544  0.00000000    0.00000000  0.01302350   -0.00708684  0.00000000
  0.00000000 -0.01302350    0.25628246 -0.00000000    0.00000000  0.00092965
 -0.00708684 -0.00000000    0.00000000 -0.00092965    0.24242463 -0.00000000

     Dynamical  Matrix in cartesian axes

     q = (    0.333333333   1.000000000  -0.666666667 ) 

    1    1
  0.28551544  0.00000000    0.00000000  0.01302350   -0.00708684  0.00000000
  0.00000000 -0.01302350    0.25628246 -0.00000000    0.00000000  0.00092965
 -0.00708684 -0.00000000    0.00000000 -0.00092965    0.24242463 -0.00000000
    1    2
 -0.09346065 -0.05395953    0.02152534 -0.03728298   -0.06243357 -0.03604604
  0.02152534 -0.03728298   -0.09514416 -0.05493151   -0.06632909  0.11488536
 -0.06243357 -0.03604604   -0.06632909  0.11488536   -0.08799417 -0.05080346
    2    1
 -0.09346065  0.05395953    0.02152534  0.03728298   -0.06243357  0.03604604
  0.02152534  0.03728298   -0.09514416  0.05493151   -0.06632909 -0.11488536
 -0.06243357  0.03604604   -0.06632909 -0.11488536   -0.08799417  0.05080346
    2    2
  0.28551544 -0.00000000    0.00000000 -0.01302350   -0.00708684 -0.00000000
  0.00000000  0.01302350    0.25628246  0.00000000    0.00000000 -0.00092965
 -0.00708684 -0.00000000   -0.00000000  0.00092965    0.24242463 -0.00000000

     Dynamical  Matrix in cartesian axes

     q = (   -0.333333333  -1.000000000  -0.666666667 ) 

    1    1
  0.28551544  0.00000000    0.00000000  0.01302350    0.00708684  0.00000000
  0.00000000 -0.01302350    0.25628246 -0.00000000   -0.00000000 -0.00092965
  0.00708684 -0.00000000   -0.00000000  0.00092965    0.24242463 -0.00000000
    1    2
  0.00000000  0.10791906   -0.04305067  0.00000000   -0.00000000 -0.07209208
 -0.04305067  0.00000000    0.00000000  0.10986301   -0.13265818  0.00000000
 -0.00000000 -0.07209208   -0.13265818  0.00000000    0.00000000  0.10160691
    2    1
  0.00000000 -0.10791906   -0.04305067 -0.00000000   -0.00000000  0.07209208
 -0.04305067 -0.00000000    0.00000000 -0.10986301   -0.13265818 -0.00000000
 -0.00000000  0.07209208   -0.13265818 -0.00000000    0.00000000 -0.10160691
    2    2
  0.28551544 -0.00000000    0.00000000 -0.01302350    0.00708684 -0.00000000
  0.00000000  0.01302350    0.25628246  0.00000000    0.00000000  0.00092965
  0.00708684 -0.00000000    0.00000000 -0.00092965    0.24242463 -0.00000000

     Dynamical  Matrix in cartesian axes

     q = (    1.000000000  -0.666666667   0.333333333 ) 

    1    1
  0.25628246  0.00000000    0.00000000  0.00092965    0.00000000 -0.01302350
  0.00000000 -0.00092965    0.24242463  0.00000000   -0.00708684  0.00000000
  0.00000000  0.01302350   -0.00708684  0.00000000    0.28551544 -0.00000000
    1    2
 -0.09514416 -0.05493151   -0.06632909  0.11488536    0.02152534 -0.03728298
 -0.06632909  0.11488536   -0.08799417 -0.05080346   -0.06243357 -0.03604604
  0.02152534 -0.03728298   -0.06243357 -0.03604604   -0.09346065 -0.05395953
    2    1
 -0.09514416  0.05493151   -0.06632909 -0.11488536    0.02152534  0.03728298
 -0.06632909 -0.11488536   -0.08799417  0.05080346   -0.06243357  0.03604604
  0.02152534  0.03728298   -0.06243357  0.03604604   -0.09346065  0.05395953
    2    2
  0.25628246 -0.00000000   -0.00000000 -0.00092965    0.00000000  0.01302350
 -0.00000000  0.00092965    0.24242463  0.00000000   -0.00708684  0.00000000
  0.00000000 -0.01302350   -0.00708684 -0.00000000    0.28551544  0.00000000

     Dynamical  Matrix in cartesian axes

     q = (    1.000000000   0.666666667  -0.333333333 ) 

    1    1
  0.25628246 -0.00000000   -0.00000000 -0.00092965    0.00000000  0.01302350
 -0.00000000  0.00092965    0.24242463  0.00000000   -0.00708684  0.00000000
  0.00000000 -0.01302350   -0.00708684 -0.00000000    0.28551544  0.00000000
    1    2
 -0.09514416  0.05493151   -0.06632909 -0.11488536    0.02152534  0.03728298
 -0.06632909 -0.11488536   -0.08799417  0.05080346   -0.06243357  0.03604604
  0.02152534  0.03728298   -0.06243357  0.03604604   -0.09346065  0.05395953
    2    1
 -0.09514416 -0.05493151   -0.06632909  0.11488536    0.02152534 -0.03728298
 -0.06632909  0.11488536   -0.08799417 -0.05080346   -0.06243357 -0.03604604
  0.02152534 -0.03728298   -0.06243357 -0.03604604   -0.09346065 -0.05395953
    2    2
  0.25628246  0.00000000    0.00000000  0.00092965    0.00000000 -0.01302350
  0.00000000 -0.00092965    0.24242463  0.00000000   -0.00708684  0.00000000
  0.00000000  0.01302350   -0.00708684  0.00000000    0.28551544 -0.00000000

     Dynamical  Matrix in cartesian axes

     q = (   -0.333333333   0.666666667  -1.000000000 ) 

    1    1
  0.28551544  0.00000000   -0.00708684  0.00000000    0.00000000 -0.01302350
 -0.00708684  0.00000000    0.24242463  0.00000000   -0.00000000  0.00092965
 -0.00000000  0.01302350   -0.00000000 -0.00092965    0.25628246 -0.00000000
    1    2
 -0.09346065  0.05395953   -0.06243357  0.03604604    0.02152534  0.03728298
 -0.06243357  0.03604604   -0.08799417  0.05080346   -0.06632909 -0.11488536
  0.02152534  0.03728298   -0.06632909 -0.11488536   -0.09514416  0.05493151
    2    1
 -0.09346065 -0.05395953   -0.06243357 -0.03604604    0.02152534 -0.03728298
 -0.06243357 -0.03604604   -0.08799417 -0.05080346   -0.06632909  0.11488536
  0.02152534 -0.03728298   -0.06632909  0.11488536   -0.09514416 -0.05493151
    2    2
  0.28551544 -0.00000000   -0.00708684 -0.00000000    0.00000000  0.01302350
 -0.00708684  0.00000000    0.24242463  0.00000000    0.00000000 -0.00092965
  0.00000000 -0.01302350    0.00000000  0.00092965    0.25628246  0.00000000

     Dynamical  Matrix in cartesian axes

     q = (   -1.000000000  -0.666666667  -0.333333333 ) 

    1    1
  0.25628246  0.00000000    0.00000000 -0.00092965    0.00000000 -0.01302350
  0.00000000  0.00092965    0.24242463  0.00000000    0.00708684  0.00000000
  0.00000000  0.01302350    0.00708684  0.00000000    0.28551544 -0.00000000
    1    2
  0.00000000  0.10986301   -0.13265818  0.00000000   -0.04305067  0.00000000
 -0.13265818  0.00000000    0.00000000  0.10160691   -0.00000000 -0.07209208
 -0.04305067  0.00000000   -0.00000000 -0.07209208    0.00000000  0.10791906
    2    1
  0.00000000 -0.10986301   -0.13265818 -0.00000000   -0.04305067 -0.00000000
 -0.13265818 -0.00000000    0.00000000 -0.10160691    0.00000000  0.07209208
 -0.04305067 -0.00000000    0.00000000  0.07209208    0.00000000 -0.10791906
    2    2
  0.25628246 -0.00000000    0.00000000  0.00092965   -0.00000000  0.01302350
  0.00000000 -0.00092965    0.24242463  0.00000000    0.00708684  0.00000000
 -0.00000000 -0.01302350    0.00708684 -0.00000000    0.28551544  0.00000000

     Dynamical  Matrix in cartesian axes

     q = (   -1.000000000   0.666666667   0.333333333 ) 

    1    1
  0.25628246 -0.00000000    0.00000000  0.00092965   -0.00000000  0.01302350
  0.00000000 -0.00092965    0.24242463  0.00000000    0.00708684  0.00000000
 -0.00000000 -0.01302350    0.00708684 -0.00000000    0.28551544  0.00000000
    1    2
 -0.00000000 -0.10986301   -0.13265818  0.00000000   -0.04305067  0.00000000
 -0.13265818  0.00000000    0.00000000 -0.10160691    0.00000000  0.07209208
 -0.04305067 -0.00000000    0.00000000  0.07209208   -0.00000000 -0.10791906
    2    1
 -0.00000000  0.10986301   -0.13265818 -0.00000000   -0.04305067  0.00000000
 -0.13265818 -0.00000000    0.00000000  0.10160691    0.00000000 -0.07209208
 -0.04305067 -0.00000000    0.00000000 -0.07209208   -0.00000000  0.10791906
    2    2
  0.25628246  0.00000000    0.00000000 -0.00092965    0.00000000 -0.01302350
  0.00000000  0.00092965    0.24242463  0.00000000    0.00708684  0.00000000
  0.00000000  0.01302350    0.00708684  0.00000000    0.28551544 -0.00000000

     Dynamical  Matrix in cartesian axes

     q = (    0.333333333  -0.666666667   1.000000000 ) 

    1    1
  0.28551544 -0.00000000   -0.00708684 -0.00000000    0.00000000  0.01302350
 -0.00708684  0.00000000    0.24242463  0.00000000    0.00000000 -0.00092965
  0.00000000 -0.01302350    0.00000000  0.00092965    0.25628246  0.00000000
    1    2
 -0.09346065 -0.05395953   -0.06243357 -0.03604604    0.02152534 -0.03728298
 -0.06243357 -0.03604604   -0.08799417 -0.05080346   -0.06632909  0.11488536
  0.02152534 -0.03728298   -0.06632909  0.11488536   -0.09514416 -0.05493151
    2    1
 -0.09346065  0.05395953   -0.06243357  0.03604604    0.02152534  0.03728298
 -0.06243357  0.03604604   -0.08799417  0.05080346   -0.06632909 -0.11488536
  0.02152534  0.03728298   -0.06632909 -0.11488536   -0.09514416  0.05493151
    2    2
  0.28551544  0.00000000   -0.00708684  0.00000000    0.00000000 -0.01302350
 -0.00708684  0.00000000    0.24242463  0.00000000   -0.00000000  0.00092965
 -0.00000000  0.01302350   -0.00000000 -0.00092965    0.25628246 -0.00000000

     Dynamical  Matrix in cartesian axes

     q = (    0.333333333  -1.000000000   0.666666667 ) 

    1    1
  0.28551544 -0.00000000    0.00000000 -0.01302350    0.00708684 -0.00000000
  0.00000000  0.01302350    0.25628246  0.00000000    0.00000000  0.00092965
  0.00708684 -0.00000000    0.00000000 -0.00092965    0.24242463 -0.00000000
    1    2
 -0.00000000 -0.10791906   -0.04305067 -0.00000000    0.00000000  0.07209208
 -0.04305067  0.00000000   -0.00000000 -0.10986301   -0.13265818  0.00000000
  0.00000000  0.07209208   -0.13265818 -0.00000000    0.00000000 -0.10160691
    2    1
 -0.00000000  0.10791906   -0.04305067  0.00000000    0.00000000 -0.07209208
 -0.04305067  0.00000000   -0.00000000  0.10986301   -0.13265818  0.00000000
  0.00000000 -0.07209208   -0.13265818  0.00000000    0.00000000  0.10160691
    2    2
  0.28551544  0.00000000    0.00000000  0.01302350    0.00708684  0.00000000
  0.00000000 -0.01302350    0.25628246 -0.00000000   -0.00000000 -0.00092965
  0.00708684 -0.00000000   -0.00000000  0.00092965    0.24242463 -0.00000000

     Dynamical  Matrix in cartesian axes

     q = (    0.666666667  -1.000000000   0.333333333 ) 

    1    1
  0.24242463  0.00000000    0.00000000 -0.00092965    0.00708684  0.00000000
  0.00000000  0.00092965    0.25628246  0.00000000   -0.00000000  0.01302350
  0.00708684 -0.00000000    0.00000000 -0.01302350    0.28551544 -0.00000000
    1    2
 -0.00000000 -0.10160691   -0.13265818  0.00000000    0.00000000  0.07209208
 -0.13265818  0.00000000   -0.00000000 -0.10986301   -0.04305067  0.00000000
  0.00000000  0.07209208   -0.04305067 -0.00000000   -0.00000000 -0.10791906
    2    1
 -0.00000000  0.10160691   -0.13265818 -0.00000000    0.00000000 -0.07209208
 -0.13265818 -0.00000000   -0.00000000  0.10986301   -0.04305067  0.00000000
  0.00000000 -0.07209208   -0.04305067 -0.00000000   -0.00000000  0.10791906
    2    2
  0.24242463  0.00000000   -0.00000000  0.00092965    0.00708684  0.00000000
  0.00000000 -0.00092965    0.25628246  0.00000000    0.00000000 -0.01302350
  0.00708684  0.00000000   -0.00000000  0.01302350    0.28551544  0.00000000

     Dynamical  Matrix in cartesian axes

     q = (    0.333333333   0.666666667   1.000000000 ) 

    1    1
  0.28551544  0.00000000    0.00708684  0.00000000    0.00000000 -0.01302350
  0.00708684  0.00000000    0.24242463 -0.00000000    0.00000000 -0.00092965
  0.00000000  0.01302350    0.00000000  0.00092965    0.25628246 -0.00000000
    1    2
  0.00000000 -0.10791906   -0.00000000  0.07209208   -0.04305067 -0.00000000
 -0.00000000  0.07209208    0.00000000 -0.10160691   -0.13265818 -0.00000000
 -0.04305067 -0.00000000   -0.13265818 -0.00000000    0.00000000 -0.10986301
    2    1
  0.00000000  0.10791906   -0.00000000 -0.07209208   -0.04305067  0.00000000
 -0.00000000 -0.07209208    0.00000000  0.10160691   -0.13265818  0.00000000
 -0.04305067  0.00000000   -0.13265818  0.00000000    0.00000000  0.10986301
    2    2
  0.28551544 -0.00000000    0.00708684 -0.00000000   -0.00000000  0.01302350
  0.00708684  0.00000000    0.24242463 -0.00000000   -0.00000000  0.00092965
  0.00000000 -0.01302350   -0.00000000 -0.00092965    0.25628246 -0.00000000

     Dynamical  Matrix in cartesian axes

     q = (   -0.333333333  -0.666666667  -1.000000000 ) 

    1    1
  0.28551544 -0.00000000    0.00708684 -0.00000000   -0.00000000  0.01302350
  0.00708684  0.00000000    0.24242463 -0.00000000   -0.00000000  0.00092965
  0.00000000 -0.01302350   -0.00000000 -0.00092965    0.25628246 -0.00000000
    1    2
  0.00000000  0.10791906   -0.00000000 -0.07209208   -0.04305067  0.00000000
 -0.00000000 -0.07209208    0.00000000  0.10160691   -0.13265818  0.00000000
 -0.04305067  0.00000000   -0.13265818  0.00000000    0.00000000  0.10986301
    2    1
  0.00000000 -0.10791906   -0.00000000  0.07209208   -0.04305067 -0.00000000
 -0.00000000  0.07209208    0.00000000 -0.10160691   -0.13265818 -0.00000000
 -0.04305067 -0.00000000   -0.13265818 -0.00000000    0.00000000 -0.10986301
    2    2
  0.28551544  0.00000000    0.00708684  0.00000000    0.00000000 -0.01302350
  0.00708684  0.00000000    0.24242463 -0.00000000    0.00000000 -0.00092965
  0.00000000  0.01302350    0.00000000  0.00092965    0.25628246 -0.00000000

     Dynamical  Matrix in cartesian axes

     q = (   -0.666666667  -1.000000000   0.333333333 ) 

    1    1
  0.24242463  0.00000000    0.00000000 -0.00092965   -0.00708684  0.00000000
  0.00000000  0.00092965    0.25628246  0.00000000    0.00000000 -0.01302350
 -0.00708684  0.00000000   -0.00000000  0.01302350    0.28551544  0.00000000
    1    2
 -0.08799417 -0.05080346   -0.06632909  0.11488536   -0.06243357 -0.03604604
 -0.06632909  0.11488536   -0.09514416 -0.05493151    0.02152534 -0.03728298
 -0.06243357 -0.03604604    0.02152534 -0.03728298   -0.09346065 -0.05395953
    2    1
 -0.08799417  0.05080346   -0.06632909 -0.11488536   -0.06243357  0.03604604
 -0.06632909 -0.11488536   -0.09514416  0.05493151    0.02152534  0.03728298
 -0.06243357  0.03604604    0.02152534  0.03728298   -0.09346065  0.05395953
    2    2
  0.24242463  0.00000000    0.00000000  0.00092965   -0.00708684  0.00000000
  0.00000000 -0.00092965    0.25628246  0.00000000    0.00000000  0.01302350
 -0.00708684 -0.00000000   -0.00000000 -0.01302350    0.28551544 -0.00000000

     Dynamical  Matrix in cartesian axes

     q = (    0.666666667   1.000000000  -0.333333333 ) 

    1    1
  0.24242463  0.00000000    0.00000000  0.00092965   -0.00708684  0.00000000
  0.00000000 -0.00092965    0.25628246  0.00000000    0.00000000  0.01302350
 -0.00708684 -0.00000000   -0.00000000 -0.01302350    0.28551544 -0.00000000
    1    2
 -0.08799417  0.05080346   -0.06632909 -0.11488536   -0.06243357  0.03604604
 -0.06632909 -0.11488536   -0.09514416  0.05493151    0.02152534  0.03728298
 -0.06243357  0.03604604    0.02152534  0.03728298   -0.09346065  0.05395953
    2    1
 -0.08799417 -0.05080346   -0.06632909  0.11488536   -0.06243357 -0.03604604
 -0.06632909  0.11488536   -0.09514416 -0.05493151    0.02152534 -0.03728298
 -0.06243357 -0.03604604    0.02152534 -0.03728298   -0.09346065 -0.05395953
    2    2
  0.24242463  0.00000000    0.00000000 -0.00092965   -0.00708684  0.00000000
  0.00000000  0.00092965    0.25628246  0.00000000    0.00000000 -0.01302350
 -0.00708684  0.00000000   -0.00000000  0.01302350    0.28551544  0.00000000

     Dynamical  Matrix in cartesian axes

     q = (   -0.666666667  -1.000000000  -0.333333333 ) 

    1    1
  0.24242463  0.00000000   -0.00000000  0.00092965    0.00708684  0.00000000
  0.00000000 -0.00092965    0.25628246  0.00000000    0.00000000 -0.01302350
  0.00708684  0.00000000   -0.00000000  0.01302350    0.28551544  0.00000000
    1    2
  0.00000000  0.10160691   -0.13265818  0.00000000   -0.00000000 -0.07209208
 -0.13265818  0.00000000    0.00000000  0.10986301   -0.04305067  0.00000000
 -0.00000000 -0.07209208   -0.04305067  0.00000000    0.00000000  0.10791906
    2    1
  0.00000000 -0.10160691   -0.13265818 -0.00000000   -0.00000000  0.07209208
 -0.13265818 -0.00000000    0.00000000 -0.10986301   -0.04305067 -0.00000000
 -0.00000000  0.07209208   -0.04305067 -0.00000000    0.00000000 -0.10791906
    2    2
  0.24242463  0.00000000    0.00000000 -0.00092965    0.00708684  0.00000000
  0.00000000  0.00092965    0.25628246  0.00000000   -0.00000000  0.01302350
  0.00708684 -0.00000000    0.00000000 -0.01302350    0.28551544 -0.00000000

     Diagonalizing the dynamical matrix

     q = (    0.666666667  -0.333333333   1.000000000 ) 

 **************************************************************************
     freq (    1) =       4.869421 [THz] =     162.426393 [cm-1]
 ( -0.303095 -0.524976 -0.149733 -0.259345  0.179279 -0.103507 ) 
 ( -0.000000 -0.606190 -0.000000 -0.299466 -0.207013  0.000000 ) 
     freq (    2) =       5.466835 [THz] =     182.353991 [cm-1]
 ( -0.162903 -0.282156  0.061439  0.106416 -0.532976  0.307714 ) 
 (  0.000000  0.325806  0.000000 -0.122878 -0.615428  0.000000 ) 
     freq (    3) =       8.577949 [THz] =     286.129591 [cm-1]
 ( -0.096424 -0.167012  0.302592  0.524104  0.269113 -0.155373 ) 
 ( -0.000000 -0.192849  0.000000  0.605183 -0.310745  0.000000 ) 
     freq (    4) =      12.378527 [THz] =     412.903230 [cm-1]
 (  0.191987  0.332532 -0.254726 -0.441199 -0.264133  0.152497 ) 
 ( -0.000000 -0.383974  0.000000  0.509453 -0.304994  0.000000 ) 
     freq (    5) =      13.805374 [THz] =     460.497693 [cm-1]
 (  0.248201  0.429896  0.237360  0.411119 -0.145500  0.084005 ) 
 (  0.000000 -0.496401  0.000000 -0.474720 -0.168009  0.000000 ) 
     freq (    6) =      13.861315 [THz] =     462.363693 [cm-1]
 (  0.154389  0.267409 -0.104969 -0.181811  0.520036 -0.300243 ) 
 ( -0.000000  0.308777 -0.000000 -0.209938 -0.600485  0.000000 ) 
 **************************************************************************
