Dynamical matrix file
                                                                           
  1    2  2 10.2800000  0.0000000  0.0000000  0.0000000  0.0000000  0.0000000
           1  'Si  '    25598.8229845270     
    1    1      0.0000000000      0.0000000000      0.0000000000
    2    1      0.2500000000      0.2500000000      0.2500000000

     Dynamical  Matrix in cartesian axes

     q = (    0.833333333  -0.166666667   0.833333333 ) 

    1    1
  0.24867906  0.00000000   -0.00281092  0.00749863    0.00313540  0.00000000
 -0.00281092 -0.00749863    0.32457477  0.00000000   -0.00281092 -0.00749863
  0.00313540  0.00000000   -0.00281092  0.00749863    0.24867906  0.00000000
    1    2
 -0.02996109  0.05327309   -0.02065075  0.03753218   -0.12066753 -0.12758868
 -0.02065075  0.03753218   -0.02357150  0.06708357   -0.02065075  0.03753218
 -0.12066753 -0.12758868   -0.02065075  0.03753218   -0.02996109  0.05327309
    2    1
 -0.02996109 -0.05327309   -0.02065075 -0.03753218   -0.12066753  0.12758868
 -0.02065075 -0.03753218   -0.02357150 -0.06708357   -0.02065075 -0.03753218
 -0.12066753  0.12758868   -0.02065075 -0.03753218   -0.02996109 -0.05327309
    2    2
  0.24867906 -0.00000000   -0.00281092 -0.00749863    0.00313540 -0.00000000
 -0.00281092  0.00749863    0.32457477 -0.00000000   -0.00281092  0.00749863
  0.00313540 -0.00000000   -0.00281092 -0.00749863    0.24867906 -0.00000000

     Dynamical  Matrix in cartesian axes

     q = (   -0.833333333  -0.166666667   0.833333333 ) 

    1    1
  0.24867906  0.00000000    0.00281092  0.00749863   -0.00313540  0.00000000
  0.00281092 -0.00749863    0.32457477  0.00000000   -0.00281092  0.00749863
 -0.00313540  0.00000000   -0.00281092 -0.00749863    0.24867906  0.00000000
    1    2
 -0.03115530  0.05258361    0.02217844 -0.03665017   -0.17082880 -0.04070681
  0.02217844 -0.03665017   -0.04631033  0.05395530   -0.02217844  0.03665017
 -0.17082880 -0.04070681   -0.02217844  0.03665017   -0.03115530  0.05258361
    2    1
 -0.03115530 -0.05258361    0.02217844  0.03665017   -0.17082880  0.04070681
  0.02217844  0.03665017   -0.04631033 -0.05395530   -0.02217844 -0.03665017
 -0.17082880  0.04070681   -0.02217844 -0.03665017   -0.03115530 -0.05258361
    2    2
  0.24867906  0.00000000    0.00281092 -0.00749863   -0.00313540  0.00000000
  0.00281092  0.00749863    0.32457477 -0.00000000   -0.00281092 -0.00749863
 -0.00313540  0.00000000   -0.00281092  0.00749863    0.24867906  0.00000000

     Dynamical  Matrix in cartesian axes

     q = (    0.833333333  -0.166666667  -0.833333333 ) 

    1    1
  0.24867906  0.00000000   -0.00281092 -0.00749863   -0.00313540  0.00000000
 -0.00281092  0.00749863    0.32457477 -0.00000000    0.00281092 -0.00749863
 -0.00313540  0.00000000    0.00281092  0.00749863    0.24867906  0.00000000
    1    2
 -0.03115530  0.05258361   -0.02217844  0.03665017   -0.17082880 -0.04070681
 -0.02217844  0.03665017   -0.04631033  0.05395530    0.02217844 -0.03665017
 -0.17082880 -0.04070681    0.02217844 -0.03665017   -0.03115530  0.05258361
    2    1
 -0.03115530 -0.05258361   -0.02217844 -0.03665017   -0.17082880  0.04070681
 -0.02217844 -0.03665017   -0.04631033 -0.05395530    0.02217844  0.03665017
 -0.17082880  0.04070681    0.02217844  0.03665017   -0.03115530 -0.05258361
    2    2
  0.24867906  0.00000000   -0.00281092  0.00749863   -0.00313540  0.00000000
 -0.00281092 -0.00749863    0.32457477  0.00000000    0.00281092  0.00749863
 -0.00313540  0.00000000    0.00281092 -0.00749863    0.24867906  0.00000000

     Dynamical  Matrix in cartesian axes

     q = (   -0.833333333  -0.166666667  -0.833333333 ) 

    1    1
  0.24867906 -0.00000000    0.00281092 -0.00749863    0.00313540 -0.00000000
  0.00281092  0.00749863    0.32457477 -0.00000000    0.00281092  0.00749863
  0.00313540 -0.00000000    0.00281092 -0.00749863    0.24867906 -0.00000000
    1    2
  0.03115530  0.05258361   -0.02217844 -0.03665017   -0.17082880  0.04070681
 -0.02217844 -0.03665017    0.04631033  0.05395530   -0.02217844 -0.03665017
 -0.17082880  0.04070681   -0.02217844 -0.03665017    0.03115530  0.05258361
    2    1
  0.03115530 -0.05258361   -0.02217844  0.03665017   -0.17082880 -0.04070681
 -0.02217844  0.03665017    0.04631033 -0.05395530   -0.02217844  0.03665017
 -0.17082880 -0.04070681   -0.02217844  0.03665017    0.03115530 -0.05258361
    2    2
  0.24867906  0.00000000    0.00281092  0.00749863    0.00313540  0.00000000
  0.00281092 -0.00749863    0.32457477  0.00000000    0.00281092 -0.00749863
  0.00313540  0.00000000    0.00281092  0.00749863    0.24867906  0.00000000

     Dynamical  Matrix in cartesian axes

     q = (   -0.166666667   0.833333333  -0.833333333 ) 

    1    1
  0.32457477 -0.00000000   -0.00281092  0.00749863    0.00281092 -0.00749863
 -0.00281092 -0.00749863    0.24867906 -0.00000000   -0.00313540  0.00000000
  0.00281092  0.00749863   -0.00313540  0.00000000    0.24867906 -0.00000000
    1    2
 -0.04631033  0.05395530   -0.02217844  0.03665017    0.02217844 -0.03665017
 -0.02217844  0.03665017   -0.03115530  0.05258361   -0.17082880 -0.04070681
  0.02217844 -0.03665017   -0.17082880 -0.04070681   -0.03115530  0.05258361
    2    1
 -0.04631033 -0.05395530   -0.02217844 -0.03665017    0.02217844  0.03665017
 -0.02217844 -0.03665017   -0.03115530 -0.05258361   -0.17082880  0.04070681
  0.02217844  0.03665017   -0.17082880  0.04070681   -0.03115530 -0.05258361
    2    2
  0.32457477  0.00000000   -0.00281092 -0.00749863    0.00281092  0.00749863
 -0.00281092  0.00749863    0.24867906  0.00000000   -0.00313540 -0.00000000
  0.00281092 -0.00749863   -0.00313540 -0.00000000    0.24867906  0.00000000

     Dynamical  Matrix in cartesian axes

     q = (   -0.833333333   0.833333333  -0.166666667 ) 

    1    1
  0.24867906 -0.00000000   -0.00313540  0.00000000    0.00281092  0.00749863
 -0.00313540  0.00000000    0.24867906 -0.00000000   -0.00281092 -0.00749863
  0.00281092 -0.00749863   -0.00281092  0.00749863    0.32457477 -0.00000000
    1    2
 -0.03115530  0.05258361   -0.17082880 -0.04070681    0.02217844 -0.03665017
 -0.17082880 -0.04070681   -0.03115530  0.05258361   -0.02217844  0.03665017
  0.02217844 -0.03665017   -0.02217844  0.03665017   -0.04631033  0.05395530
    2    1
 -0.03115530 -0.05258361   -0.17082880  0.04070681    0.02217844  0.03665017
 -0.17082880  0.04070681   -0.03115530 -0.05258361   -0.02217844 -0.03665017
  0.02217844  0.03665017   -0.02217844 -0.03665017   -0.04631033 -0.05395530
    2    2
  0.24867906  0.00000000   -0.00313540 -0.00000000    0.00281092 -0.00749863
 -0.00313540 -0.00000000    0.24867906  0.00000000   -0.00281092  0.00749863
  0.00281092  0.00749863   -0.00281092 -0.00749863    0.32457477  0.00000000

     Dynamical  Matrix in cartesian axes

     q = (    0.833333333   0.166666667   0.833333333 ) 

    1    1
  0.24867906  0.00000000    0.00281092  0.00749863    0.00313540  0.00000000
  0.00281092 -0.00749863    0.32457477  0.00000000    0.00281092 -0.00749863
  0.00313540  0.00000000    0.00281092  0.00749863    0.24867906  0.00000000
    1    2
  0.03115530 -0.05258361   -0.02217844  0.03665017   -0.17082880 -0.04070681
 -0.02217844  0.03665017    0.04631033 -0.05395530   -0.02217844  0.03665017
 -0.17082880 -0.04070681   -0.02217844  0.03665017    0.03115530 -0.05258361
    2    1
  0.03115530  0.05258361   -0.02217844 -0.03665017   -0.17082880  0.04070681
 -0.02217844 -0.03665017    0.04631033  0.05395530   -0.02217844 -0.03665017
 -0.17082880  0.04070681   -0.02217844 -0.03665017    0.03115530  0.05258361
    2    2
  0.24867906 -0.00000000    0.00281092 -0.00749863    0.00313540 -0.00000000
  0.00281092  0.00749863    0.32457477 -0.00000000    0.00281092  0.00749863
  0.00313540 -0.00000000    0.00281092 -0.00749863    0.24867906 -0.00000000

     Dynamical  Matrix in cartesian axes

     q = (   -0.833333333   0.166666667   0.833333333 ) 

    1    1
  0.24867906  0.00000000   -0.00281092  0.00749863   -0.00313540  0.00000000
 -0.00281092 -0.00749863    0.32457477  0.00000000    0.00281092  0.00749863
 -0.00313540  0.00000000    0.00281092 -0.00749863    0.24867906  0.00000000
    1    2
 -0.03115530 -0.05258361   -0.02217844 -0.03665017   -0.17082880  0.04070681
 -0.02217844 -0.03665017   -0.04631033 -0.05395530    0.02217844  0.03665017
 -0.17082880  0.04070681    0.02217844  0.03665017   -0.03115530 -0.05258361
    2    1
 -0.03115530  0.05258361   -0.02217844  0.03665017   -0.17082880 -0.04070681
 -0.02217844  0.03665017   -0.04631033  0.05395530    0.02217844 -0.03665017
 -0.17082880 -0.04070681    0.02217844 -0.03665017   -0.03115530  0.05258361
    2    2
  0.24867906  0.00000000   -0.00281092 -0.00749863   -0.00313540  0.00000000
 -0.00281092  0.00749863    0.32457477 -0.00000000    0.00281092 -0.00749863
 -0.00313540  0.00000000    0.00281092  0.00749863    0.24867906  0.00000000

     Dynamical  Matrix in cartesian axes

     q = (    0.833333333   0.166666667  -0.833333333 ) 

    1    1
  0.24867906  0.00000000    0.00281092 -0.00749863   -0.00313540  0.00000000
  0.00281092  0.00749863    0.32457477 -0.00000000   -0.00281092 -0.00749863
 -0.00313540  0.00000000   -0.00281092  0.00749863    0.24867906  0.00000000
    1    2
 -0.03115530 -0.05258361    0.02217844  0.03665017   -0.17082880  0.04070681
  0.02217844  0.03665017   -0.04631033 -0.05395530   -0.02217844 -0.03665017
 -0.17082880  0.04070681   -0.02217844 -0.03665017   -0.03115530 -0.05258361
    2    1
 -0.03115530  0.05258361    0.02217844 -0.03665017   -0.17082880 -0.04070681
  0.02217844 -0.03665017   -0.04631033  0.05395530   -0.02217844  0.03665017
 -0.17082880 -0.04070681   -0.02217844  0.03665017   -0.03115530  0.05258361
    2    2
  0.24867906  0.00000000    0.00281092  0.00749863   -0.00313540  0.00000000
  0.00281092 -0.00749863    0.32457477  0.00000000   -0.00281092  0.00749863
 -0.00313540  0.00000000   -0.00281092 -0.00749863    0.24867906  0.00000000

     Dynamical  Matrix in cartesian axes

     q = (   -0.166666667   0.833333333   0.833333333 ) 

    1    1
  0.32457477  0.00000000   -0.00281092 -0.00749863   -0.00281092 -0.00749863
 -0.00281092  0.00749863    0.24867906  0.00000000    0.00313540 -0.00000000
 -0.00281092  0.00749863    0.00313540 -0.00000000    0.24867906  0.00000000
    1    2
 -0.02357150  0.06708357   -0.02065075  0.03753218   -0.02065075  0.03753218
 -0.02065075  0.03753218   -0.02996109  0.05327309   -0.12066753 -0.12758868
 -0.02065075  0.03753218   -0.12066753 -0.12758868   -0.02996109  0.05327309
    2    1
 -0.02357150 -0.06708357   -0.02065075 -0.03753218   -0.02065075 -0.03753218
 -0.02065075 -0.03753218   -0.02996109 -0.05327309   -0.12066753  0.12758868
 -0.02065075 -0.03753218   -0.12066753  0.12758868   -0.02996109 -0.05327309
    2    2
  0.32457477 -0.00000000   -0.00281092  0.00749863   -0.00281092  0.00749863
 -0.00281092 -0.00749863    0.24867906 -0.00000000    0.00313540  0.00000000
 -0.00281092 -0.00749863    0.00313540  0.00000000    0.24867906 -0.00000000

     Dynamical  Matrix in cartesian axes

     q = (    0.166666667   0.833333333  -0.833333333 ) 

    1    1
  0.32457477 -0.00000000    0.00281092  0.00749863   -0.00281092 -0.00749863
  0.00281092 -0.00749863    0.24867906 -0.00000000   -0.00313540  0.00000000
 -0.00281092  0.00749863   -0.00313540  0.00000000    0.24867906 -0.00000000
    1    2
 -0.04631033 -0.05395530    0.02217844  0.03665017   -0.02217844 -0.03665017
  0.02217844  0.03665017   -0.03115530 -0.05258361   -0.17082880  0.04070681
 -0.02217844 -0.03665017   -0.17082880  0.04070681   -0.03115530 -0.05258361
    2    1
 -0.04631033  0.05395530    0.02217844 -0.03665017   -0.02217844  0.03665017
  0.02217844 -0.03665017   -0.03115530  0.05258361   -0.17082880 -0.04070681
 -0.02217844  0.03665017   -0.17082880 -0.04070681   -0.03115530  0.05258361
    2    2
  0.32457477  0.00000000    0.00281092 -0.00749863   -0.00281092  0.00749863
  0.00281092  0.00749863    0.24867906  0.00000000   -0.00313540 -0.00000000
 -0.00281092 -0.00749863   -0.00313540 -0.00000000    0.24867906  0.00000000

     Dynamical  Matrix in cartesian axes

     q = (   -0.166666667  -0.833333333  -0.833333333 ) 

    1    1
  0.32457477 -0.00000000    0.00281092  0.00749863    0.00281092  0.00749863
  0.00281092 -0.00749863    0.24867906 -0.00000000    0.00313540  0.00000000
  0.00281092 -0.00749863    0.00313540  0.00000000    0.24867906 -0.00000000
    1    2
  0.04631033  0.05395530   -0.02217844 -0.03665017   -0.02217844 -0.03665017
 -0.02217844 -0.03665017    0.03115530  0.05258361   -0.17082880  0.04070681
 -0.02217844 -0.03665017   -0.17082880  0.04070681    0.03115530  0.05258361
    2    1
  0.04631033 -0.05395530   -0.02217844  0.03665017   -0.02217844  0.03665017
 -0.02217844  0.03665017    0.03115530 -0.05258361   -0.17082880 -0.04070681
 -0.02217844  0.03665017   -0.17082880 -0.04070681    0.03115530 -0.05258361
    2    2
  0.32457477  0.00000000    0.00281092 -0.00749863    0.00281092 -0.00749863
  0.00281092  0.00749863    0.24867906  0.00000000    0.00313540 -0.00000000
  0.00281092  0.00749863    0.00313540 -0.00000000    0.24867906  0.00000000

     Dynamical  Matrix in cartesian axes

     q = (    0.833333333  -0.833333333   0.166666667 ) 

    1    1
  0.24867906  0.00000000   -0.00313540 -0.00000000    0.00281092 -0.00749863
 -0.00313540 -0.00000000    0.24867906  0.00000000   -0.00281092  0.00749863
  0.00281092  0.00749863   -0.00281092 -0.00749863    0.32457477  0.00000000
    1    2
 -0.03115530 -0.05258361   -0.17082880  0.04070681    0.02217844  0.03665017
 -0.17082880  0.04070681   -0.03115530 -0.05258361   -0.02217844 -0.03665017
  0.02217844  0.03665017   -0.02217844 -0.03665017   -0.04631033 -0.05395530
    2    1
 -0.03115530  0.05258361   -0.17082880 -0.04070681    0.02217844 -0.03665017
 -0.17082880 -0.04070681   -0.03115530  0.05258361   -0.02217844  0.03665017
  0.02217844 -0.03665017   -0.02217844  0.03665017   -0.04631033  0.05395530
    2    2
  0.24867906 -0.00000000   -0.00313540  0.00000000    0.00281092  0.00749863
 -0.00313540  0.00000000    0.24867906 -0.00000000   -0.00281092 -0.00749863
  0.00281092 -0.00749863   -0.00281092  0.00749863    0.32457477 -0.00000000

     Dynamical  Matrix in cartesian axes

     q = (    0.833333333   0.833333333  -0.166666667 ) 

    1    1
  0.24867906 -0.00000000    0.00313540 -0.00000000   -0.00281092  0.00749863
  0.00313540 -0.00000000    0.24867906 -0.00000000   -0.00281092  0.00749863
 -0.00281092 -0.00749863   -0.00281092 -0.00749863    0.32457477 -0.00000000
    1    2
 -0.02996109  0.05327309   -0.12066753 -0.12758868   -0.02065075  0.03753218
 -0.12066753 -0.12758868   -0.02996109  0.05327309   -0.02065075  0.03753218
 -0.02065075  0.03753218   -0.02065075  0.03753218   -0.02357150  0.06708357
    2    1
 -0.02996109 -0.05327309   -0.12066753  0.12758868   -0.02065075 -0.03753218
 -0.12066753  0.12758868   -0.02996109 -0.05327309   -0.02065075 -0.03753218
 -0.02065075 -0.03753218   -0.02065075 -0.03753218   -0.02357150 -0.06708357
    2    2
  0.24867906  0.00000000    0.00313540  0.00000000   -0.00281092 -0.00749863
  0.00313540  0.00000000    0.24867906  0.00000000   -0.00281092 -0.00749863
 -0.00281092  0.00749863   -0.00281092  0.00749863    0.32457477  0.00000000

     Dynamical  Matrix in cartesian axes

     q = (   -0.833333333  -0.833333333  -0.166666667 ) 

    1    1
  0.24867906  0.00000000    0.00313540  0.00000000    0.00281092 -0.00749863
  0.00313540  0.00000000    0.24867906  0.00000000    0.00281092 -0.00749863
  0.00281092  0.00749863    0.00281092  0.00749863    0.32457477  0.00000000
    1    2
  0.03115530  0.05258361   -0.17082880  0.04070681   -0.02217844 -0.03665017
 -0.17082880  0.04070681    0.03115530  0.05258361   -0.02217844 -0.03665017
 -0.02217844 -0.03665017   -0.02217844 -0.03665017    0.04631033  0.05395530
    2    1
  0.03115530 -0.05258361   -0.17082880 -0.04070681   -0.02217844  0.03665017
 -0.17082880 -0.04070681    0.03115530 -0.05258361   -0.02217844  0.03665017
 -0.02217844  0.03665017   -0.02217844  0.03665017    0.04631033 -0.05395530
    2    2
  0.24867906 -0.00000000    0.00313540 -0.00000000    0.00281092  0.00749863
  0.00313540 -0.00000000    0.24867906 -0.00000000    0.00281092  0.00749863
  0.00281092 -0.00749863    0.00281092 -0.00749863    0.32457477 -0.00000000

     Dynamical  Matrix in cartesian axes

     q = (   -0.833333333   0.833333333   0.166666667 ) 

    1    1
  0.24867906  0.00000000   -0.00313540 -0.00000000   -0.00281092  0.00749863
 -0.00313540 -0.00000000    0.24867906  0.00000000    0.00281092 -0.00749863
 -0.00281092 -0.00749863    0.00281092  0.00749863    0.32457477  0.00000000
    1    2
 -0.03115530 -0.05258361   -0.17082880  0.04070681   -0.02217844 -0.03665017
 -0.17082880  0.04070681   -0.03115530 -0.05258361    0.02217844  0.03665017
 -0.02217844 -0.03665017    0.02217844  0.03665017   -0.04631033 -0.05395530
    2    1
 -0.03115530  0.05258361   -0.17082880 -0.04070681   -0.02217844  0.03665017
 -0.17082880 -0.04070681   -0.03115530  0.05258361    0.02217844 -0.03665017
 -0.02217844  0.03665017    0.02217844 -0.03665017   -0.04631033  0.05395530
    2    2
  0.24867906 -0.00000000   -0.00313540  0.00000000   -0.00281092 -0.00749863
 -0.00313540  0.00000000    0.24867906 -0.00000000    0.00281092  0.00749863
 -0.00281092  0.00749863    0.00281092 -0.00749863    0.32457477 -0.00000000

     Dynamical  Matrix in cartesian axes

     q = (    0.166666667  -0.833333333   0.833333333 ) 

    1    1
  0.32457477  0.00000000   -0.00281092 -0.00749863    0.00281092  0.00749863
 -0.00281092  0.00749863    0.24867906  0.00000000   -0.00313540 -0.00000000
  0.00281092 -0.00749863   -0.00313540 -0.00000000    0.24867906  0.00000000
    1    2
 -0.04631033 -0.05395530   -0.02217844 -0.03665017    0.02217844  0.03665017
 -0.02217844 -0.03665017   -0.03115530 -0.05258361   -0.17082880  0.04070681
  0.02217844  0.03665017   -0.17082880  0.04070681   -0.03115530 -0.05258361
    2    1
 -0.04631033  0.05395530   -0.02217844  0.03665017    0.02217844 -0.03665017
 -0.02217844  0.03665017   -0.03115530  0.05258361   -0.17082880 -0.04070681
  0.02217844 -0.03665017   -0.17082880 -0.04070681   -0.03115530  0.05258361
    2    2
  0.32457477 -0.00000000   -0.00281092  0.00749863    0.00281092 -0.00749863
 -0.00281092 -0.00749863    0.24867906 -0.00000000   -0.00313540  0.00000000
  0.00281092  0.00749863   -0.00313540  0.00000000    0.24867906 -0.00000000

     Dynamical  Matrix in cartesian axes

     q = (    0.166666667   0.833333333   0.833333333 ) 

    1    1
  0.32457477  0.00000000    0.00281092 -0.00749863    0.00281092 -0.00749863
  0.00281092  0.00749863    0.24867906  0.00000000    0.00313540 -0.00000000
  0.00281092  0.00749863    0.00313540 -0.00000000    0.24867906  0.00000000
    1    2
  0.04631033 -0.05395530   -0.02217844  0.03665017   -0.02217844  0.03665017
 -0.02217844  0.03665017    0.03115530 -0.05258361   -0.17082880 -0.04070681
 -0.02217844  0.03665017   -0.17082880 -0.04070681    0.03115530 -0.05258361
    2    1
  0.04631033  0.05395530   -0.02217844 -0.03665017   -0.02217844 -0.03665017
 -0.02217844 -0.03665017    0.03115530  0.05258361   -0.17082880  0.04070681
 -0.02217844 -0.03665017   -0.17082880  0.04070681    0.03115530  0.05258361
    2    2
  0.32457477 -0.00000000    0.00281092  0.00749863    0.00281092  0.00749863
  0.00281092 -0.00749863    0.24867906 -0.00000000    0.00313540  0.00000000
  0.00281092 -0.00749863    0.00313540  0.00000000    0.24867906 -0.00000000

     Dynamical  Matrix in cartesian axes

     q = (   -0.833333333   0.166666667  -0.833333333 ) 

    1    1
  0.24867906 -0.00000000   -0.00281092 -0.00749863    0.00313540 -0.00000000
 -0.00281092  0.00749863    0.32457477 -0.00000000   -0.00281092  0.00749863
  0.00313540 -0.00000000   -0.00281092 -0.00749863    0.24867906 -0.00000000
    1    2
 -0.02996109 -0.05327309   -0.02065075 -0.03753218   -0.12066753  0.12758868
 -0.02065075 -0.03753218   -0.02357150 -0.06708357   -0.02065075 -0.03753218
 -0.12066753  0.12758868   -0.02065075 -0.03753218   -0.02996109 -0.05327309
    2    1
 -0.02996109  0.05327309   -0.02065075  0.03753218   -0.12066753 -0.12758868
 -0.02065075  0.03753218   -0.02357150  0.06708357   -0.02065075  0.03753218
 -0.12066753 -0.12758868   -0.02065075  0.03753218   -0.02996109  0.05327309
    2    2
  0.24867906  0.00000000   -0.00281092  0.00749863    0.00313540  0.00000000
 -0.00281092 -0.00749863    0.32457477  0.00000000   -0.00281092 -0.00749863
  0.00313540  0.00000000   -0.00281092  0.00749863    0.24867906  0.00000000

     Dynamical  Matrix in cartesian axes

     q = (   -0.166666667  -0.833333333   0.833333333 ) 

    1    1
  0.32457477  0.00000000    0.00281092 -0.00749863   -0.00281092  0.00749863
  0.00281092  0.00749863    0.24867906  0.00000000   -0.00313540 -0.00000000
 -0.00281092 -0.00749863   -0.00313540 -0.00000000    0.24867906  0.00000000
    1    2
 -0.04631033  0.05395530    0.02217844 -0.03665017   -0.02217844  0.03665017
  0.02217844 -0.03665017   -0.03115530  0.05258361   -0.17082880 -0.04070681
 -0.02217844  0.03665017   -0.17082880 -0.04070681   -0.03115530  0.05258361
    2    1
 -0.04631033 -0.05395530    0.02217844  0.03665017   -0.02217844 -0.03665017
  0.02217844  0.03665017   -0.03115530 -0.05258361   -0.17082880  0.04070681
 -0.02217844 -0.03665017   -0.17082880  0.04070681   -0.03115530 -0.05258361
    2    2
  0.32457477 -0.00000000    0.00281092  0.00749863   -0.00281092 -0.00749863
  0.00281092 -0.00749863    0.24867906 -0.00000000   -0.00313540  0.00000000
 -0.00281092  0.00749863   -0.00313540  0.00000000    0.24867906 -0.00000000

     Dynamical  Matrix in cartesian axes

     q = (   -0.833333333  -0.833333333   0.166666667 ) 

    1    1
  0.24867906  0.00000000    0.00313540  0.00000000   -0.00281092 -0.00749863
  0.00313540  0.00000000    0.24867906  0.00000000   -0.00281092 -0.00749863
 -0.00281092  0.00749863   -0.00281092  0.00749863    0.32457477  0.00000000
    1    2
 -0.02996109 -0.05327309   -0.12066753  0.12758868   -0.02065075 -0.03753218
 -0.12066753  0.12758868   -0.02996109 -0.05327309   -0.02065075 -0.03753218
 -0.02065075 -0.03753218   -0.02065075 -0.03753218   -0.02357150 -0.06708357
    2    1
 -0.02996109  0.05327309   -0.12066753 -0.12758868   -0.02065075  0.03753218
 -0.12066753 -0.12758868   -0.02996109  0.05327309   -0.02065075  0.03753218
 -0.02065075  0.03753218   -0.02065075  0.03753218   -0.02357150  0.06708357
    2    2
  0.24867906 -0.00000000    0.00313540 -0.00000000   -0.00281092  0.00749863
  0.00313540 -0.00000000    0.24867906 -0.00000000   -0.00281092  0.00749863
 -0.00281092 -0.00749863   -0.00281092 -0.00749863    0.32457477 -0.00000000

     Dynamical  Matrix in cartesian axes

     q = (    0.833333333   0.833333333   0.166666667 ) 

    1    1
  0.24867906 -0.00000000    0.00313540 -0.00000000    0.00281092  0.00749863
  0.00313540 -0.00000000    0.24867906 -0.00000000    0.00281092  0.00749863
  0.00281092 -0.00749863    0.00281092 -0.00749863    0.32457477 -0.00000000
    1    2
  0.03115530 -0.05258361   -0.17082880 -0.04070681   -0.02217844  0.03665017
 -0.17082880 -0.04070681    0.03115530 -0.05258361   -0.02217844  0.03665017
 -0.02217844  0.03665017   -0.02217844  0.03665017    0.04631033 -0.05395530
    2    1
  0.03115530  0.05258361   -0.17082880  0.04070681   -0.02217844 -0.03665017
 -0.17082880  0.04070681    0.03115530  0.05258361   -0.02217844 -0.03665017
 -0.02217844 -0.03665017   -0.02217844 -0.03665017    0.04631033  0.05395530
    2    2
  0.24867906  0.00000000    0.00313540  0.00000000    0.00281092 -0.00749863
  0.00313540  0.00000000    0.24867906  0.00000000    0.00281092 -0.00749863
  0.00281092  0.00749863    0.00281092  0.00749863    0.32457477  0.00000000

     Dynamical  Matrix in cartesian axes

     q = (    0.166666667  -0.833333333  -0.833333333 ) 

    1    1
  0.32457477 -0.00000000   -0.00281092  0.00749863   -0.00281092  0.00749863
 -0.00281092 -0.00749863    0.24867906 -0.00000000    0.00313540  0.00000000
 -0.00281092 -0.00749863    0.00313540  0.00000000    0.24867906 -0.00000000
    1    2
 -0.02357150 -0.06708357   -0.02065075 -0.03753218   -0.02065075 -0.03753218
 -0.02065075 -0.03753218   -0.02996109 -0.05327309   -0.12066753  0.12758868
 -0.02065075 -0.03753218   -0.12066753  0.12758868   -0.02996109 -0.05327309
    2    1
 -0.02357150  0.06708357   -0.02065075  0.03753218   -0.02065075  0.03753218
 -0.02065075  0.03753218   -0.02996109  0.05327309   -0.12066753 -0.12758868
 -0.02065075  0.03753218   -0.12066753 -0.12758868   -0.02996109  0.05327309
    2    2
  0.32457477  0.00000000   -0.00281092 -0.00749863   -0.00281092 -0.00749863
 -0.00281092  0.00749863    0.24867906  0.00000000    0.00313540 -0.00000000
 -0.00281092  0.00749863    0.00313540 -0.00000000    0.24867906  0.00000000

     Dynamical  Matrix in cartesian axes

     q = (    0.833333333  -0.833333333  -0.166666667 ) 

    1    1
  0.24867906 -0.00000000   -0.00313540  0.00000000   -0.00281092 -0.00749863
 -0.00313540  0.00000000    0.24867906 -0.00000000    0.00281092  0.00749863
 -0.00281092  0.00749863    0.00281092 -0.00749863    0.32457477 -0.00000000
    1    2
 -0.03115530  0.05258361   -0.17082880 -0.04070681   -0.02217844  0.03665017
 -0.17082880 -0.04070681   -0.03115530  0.05258361    0.02217844 -0.03665017
 -0.02217844  0.03665017    0.02217844 -0.03665017   -0.04631033  0.05395530
    2    1
 -0.03115530 -0.05258361   -0.17082880  0.04070681   -0.02217844 -0.03665017
 -0.17082880  0.04070681   -0.03115530 -0.05258361    0.02217844  0.03665017
 -0.02217844 -0.03665017    0.02217844  0.03665017   -0.04631033 -0.05395530
    2    2
  0.24867906  0.00000000   -0.00313540 -0.00000000   -0.00281092  0.00749863
 -0.00313540 -0.00000000    0.24867906  0.00000000    0.00281092 -0.00749863
 -0.00281092 -0.00749863    0.00281092  0.00749863    0.32457477  0.00000000

     Diagonalizing the dynamical matrix

     q = (    0.833333333  -0.166666667   0.833333333 ) 

 **************************************************************************
     freq (    1) =       4.274256 [THz] =     142.573846 [cm-1]
 (  0.224151  0.446941 -0.000000  0.000000 -0.224151 -0.446941 ) 
 ( -0.500000 -0.000000 -0.000000 -0.000000  0.500000  0.000000 ) 
     freq (    2) =       5.504951 [THz] =     183.625392 [cm-1]
 ( -0.443271 -0.197133 -0.125413  0.116494 -0.443271 -0.197133 ) 
 ( -0.485129 -0.000000 -0.067254 -0.157404 -0.485129  0.000000 ) 
     freq (    3) =      10.224680 [THz] =     341.058629 [cm-1]
 ( -0.132809  0.126370 -0.489560 -0.439449 -0.132809  0.126370 ) 
 (  0.183324 -0.000000  0.051739 -0.655826  0.183324  0.000000 ) 
     freq (    4) =      12.427589 [THz] =     414.539744 [cm-1]
 ( -0.166516 -0.212482  0.587119  0.097670 -0.166516 -0.212482 ) 
 (  0.269956  0.000000 -0.439027 -0.401874  0.269956  0.000000 ) 
     freq (    5) =      13.760818 [THz] =     459.011475 [cm-1]
 (  0.224151  0.446941 -0.000000  0.000000 -0.224151 -0.446941 ) 
 (  0.500000  0.000000 -0.000000  0.000000 -0.500000  0.000000 ) 
     freq (    6) =      14.074647 [THz] =     469.479699 [cm-1]
 (  0.366468  0.154490  0.325847 -0.278374  0.366468  0.154490 ) 
 ( -0.397701 -0.000000 -0.192120 -0.383091 -0.397701  0.000000 ) 
 **************************************************************************
