Dynamical matrix file
                                                                           
  1    2  2 10.2800000  0.0000000  0.0000000  0.0000000  0.0000000  0.0000000
           1  'Si  '    25598.8229845270     
    1    1      0.0000000000      0.0000000000      0.0000000000
    2    1      0.2500000000      0.2500000000      0.2500000000

     Dynamical  Matrix in cartesian axes

     q = (    0.500000000  -0.166666667   0.833333333 ) 

    1    1
  0.24933373  0.00000000   -0.00534173  0.00095890    0.00534173  0.00095890
 -0.00534173 -0.00095890    0.27868237 -0.00000000   -0.00377010 -0.01500331
  0.00534173 -0.00095890   -0.00377010  0.01500331    0.27868237  0.00000000
    1    2
 -0.03043280  0.05271115   -0.11425118  0.04197554   -0.02077370 -0.11993219
 -0.11425118  0.04197554   -0.03038137  0.06120766   -0.02365043  0.04096374
 -0.02077370 -0.11993219   -0.02365043  0.04096374   -0.03781670  0.05691486
    2    1
 -0.03043280 -0.05271115   -0.11425118 -0.04197554   -0.02077370  0.11993219
 -0.11425118 -0.04197554   -0.03038137 -0.06120766   -0.02365043 -0.04096374
 -0.02077370  0.11993219   -0.02365043 -0.04096374   -0.03781670 -0.05691486
    2    2
  0.24933373  0.00000000   -0.00534173 -0.00095890    0.00534173 -0.00095890
 -0.00534173  0.00095890    0.27868237  0.00000000   -0.00377010  0.01500331
  0.00534173  0.00095890   -0.00377010 -0.01500331    0.27868237  0.00000000

     Dynamical  Matrix in cartesian axes

     q = (    0.833333333   0.166666667   0.500000000 ) 

    1    1
  0.27868237  0.00000000    0.00377010  0.01500331    0.00534173  0.00095890
  0.00377010 -0.01500331    0.27868237  0.00000000    0.00534173 -0.00095890
  0.00534173 -0.00095890    0.00534173  0.00095890    0.24933373  0.00000000
    1    2
  0.06819807 -0.00429279   -0.04730085  0.00000000   -0.09347747 -0.07795665
 -0.04730085  0.00000000    0.06819807  0.00429279   -0.09347747  0.07795665
 -0.09347747 -0.07795665   -0.09347747  0.07795665    0.06086559 -0.00000000
    2    1
  0.06819807  0.00429279   -0.04730085 -0.00000000   -0.09347747  0.07795665
 -0.04730085 -0.00000000    0.06819807 -0.00429279   -0.09347747 -0.07795665
 -0.09347747  0.07795665   -0.09347747 -0.07795665    0.06086559  0.00000000
    2    2
  0.27868237 -0.00000000    0.00377010 -0.01500331    0.00534173 -0.00095890
  0.00377010  0.01500331    0.27868237 -0.00000000    0.00534173  0.00095890
  0.00534173  0.00095890    0.00534173 -0.00095890    0.24933373  0.00000000

     Dynamical  Matrix in cartesian axes

     q = (    0.500000000   0.166666667   0.833333333 ) 

    1    1
  0.24933373 -0.00000000    0.00534173  0.00095890    0.00534173 -0.00095890
  0.00534173 -0.00095890    0.27868237 -0.00000000    0.00377010 -0.01500331
  0.00534173  0.00095890    0.00377010  0.01500331    0.27868237  0.00000000
    1    2
  0.06086559  0.00000000   -0.09347747  0.07795665   -0.09347747 -0.07795665
 -0.09347747  0.07795665    0.06819807  0.00429279   -0.04730085  0.00000000
 -0.09347747 -0.07795665   -0.04730085 -0.00000000    0.06819807 -0.00429279
    2    1
  0.06086559 -0.00000000   -0.09347747 -0.07795665   -0.09347747  0.07795665
 -0.09347747 -0.07795665    0.06819807 -0.00429279   -0.04730085 -0.00000000
 -0.09347747  0.07795665   -0.04730085  0.00000000    0.06819807  0.00429279
    2    2
  0.24933373  0.00000000    0.00534173 -0.00095890    0.00534173  0.00095890
  0.00534173  0.00095890    0.27868237  0.00000000    0.00377010  0.01500331
  0.00534173 -0.00095890    0.00377010 -0.01500331    0.27868237 -0.00000000

     Dynamical  Matrix in cartesian axes

     q = (   -0.833333333  -0.166666667   0.500000000 ) 

    1    1
  0.27868237  0.00000000    0.00377010  0.01500331   -0.00534173 -0.00095890
  0.00377010 -0.01500331    0.27868237  0.00000000   -0.00534173  0.00095890
 -0.00534173  0.00095890   -0.00534173 -0.00095890    0.24933373  0.00000000
    1    2
 -0.06819807  0.00429279    0.04730085  0.00000000   -0.09347747 -0.07795665
  0.04730085  0.00000000   -0.06819807 -0.00429279   -0.09347747  0.07795665
 -0.09347747 -0.07795665   -0.09347747  0.07795665   -0.06086559 -0.00000000
    2    1
 -0.06819807 -0.00429279    0.04730085 -0.00000000   -0.09347747  0.07795665
  0.04730085 -0.00000000   -0.06819807  0.00429279   -0.09347747 -0.07795665
 -0.09347747  0.07795665   -0.09347747 -0.07795665   -0.06086559  0.00000000
    2    2
  0.27868237  0.00000000    0.00377010 -0.01500331   -0.00534173  0.00095890
  0.00377010  0.01500331    0.27868237  0.00000000   -0.00534173 -0.00095890
 -0.00534173 -0.00095890   -0.00534173  0.00095890    0.24933373  0.00000000

     Dynamical  Matrix in cartesian axes

     q = (   -0.833333333  -0.166666667  -0.500000000 ) 

    1    1
  0.27868237 -0.00000000    0.00377010 -0.01500331    0.00534173 -0.00095890
  0.00377010  0.01500331    0.27868237 -0.00000000    0.00534173  0.00095890
  0.00534173  0.00095890    0.00534173 -0.00095890    0.24933373  0.00000000
    1    2
  0.06819807  0.00429279   -0.04730085 -0.00000000   -0.09347747  0.07795665
 -0.04730085 -0.00000000    0.06819807 -0.00429279   -0.09347747 -0.07795665
 -0.09347747  0.07795665   -0.09347747 -0.07795665    0.06086559  0.00000000
    2    1
  0.06819807 -0.00429279   -0.04730085  0.00000000   -0.09347747 -0.07795665
 -0.04730085  0.00000000    0.06819807  0.00429279   -0.09347747  0.07795665
 -0.09347747 -0.07795665   -0.09347747  0.07795665    0.06086559 -0.00000000
    2    2
  0.27868237  0.00000000    0.00377010  0.01500331    0.00534173  0.00095890
  0.00377010 -0.01500331    0.27868237  0.00000000    0.00534173 -0.00095890
  0.00534173 -0.00095890    0.00534173  0.00095890    0.24933373  0.00000000

     Dynamical  Matrix in cartesian axes

     q = (   -0.500000000  -0.166666667  -0.833333333 ) 

    1    1
  0.24933373  0.00000000    0.00534173 -0.00095890    0.00534173  0.00095890
  0.00534173  0.00095890    0.27868237  0.00000000    0.00377010  0.01500331
  0.00534173 -0.00095890    0.00377010 -0.01500331    0.27868237 -0.00000000
    1    2
  0.06086559 -0.00000000   -0.09347747 -0.07795665   -0.09347747  0.07795665
 -0.09347747 -0.07795665    0.06819807 -0.00429279   -0.04730085 -0.00000000
 -0.09347747  0.07795665   -0.04730085  0.00000000    0.06819807  0.00429279
    2    1
  0.06086559  0.00000000   -0.09347747  0.07795665   -0.09347747 -0.07795665
 -0.09347747  0.07795665    0.06819807  0.00429279   -0.04730085  0.00000000
 -0.09347747 -0.07795665   -0.04730085 -0.00000000    0.06819807 -0.00429279
    2    2
  0.24933373 -0.00000000    0.00534173  0.00095890    0.00534173 -0.00095890
  0.00534173 -0.00095890    0.27868237 -0.00000000    0.00377010 -0.01500331
  0.00534173  0.00095890    0.00377010  0.01500331    0.27868237  0.00000000

     Dynamical  Matrix in cartesian axes

     q = (    0.833333333  -0.166666667   0.500000000 ) 

    1    1
  0.27868237 -0.00000000   -0.00377010  0.01500331    0.00534173 -0.00095890
 -0.00377010 -0.01500331    0.27868237  0.00000000   -0.00534173 -0.00095890
  0.00534173  0.00095890   -0.00534173  0.00095890    0.24933373  0.00000000
    1    2
 -0.03781670  0.05691486   -0.02365043  0.04096374   -0.02077370 -0.11993219
 -0.02365043  0.04096374   -0.03038137  0.06120766   -0.11425118  0.04197554
 -0.02077370 -0.11993219   -0.11425118  0.04197554   -0.03043280  0.05271115
    2    1
 -0.03781670 -0.05691486   -0.02365043 -0.04096374   -0.02077370  0.11993219
 -0.02365043 -0.04096374   -0.03038137 -0.06120766   -0.11425118 -0.04197554
 -0.02077370  0.11993219   -0.11425118 -0.04197554   -0.03043280 -0.05271115
    2    2
  0.27868237  0.00000000   -0.00377010 -0.01500331    0.00534173  0.00095890
 -0.00377010  0.01500331    0.27868237 -0.00000000   -0.00534173  0.00095890
  0.00534173 -0.00095890   -0.00534173 -0.00095890    0.24933373  0.00000000

     Dynamical  Matrix in cartesian axes

     q = (   -0.500000000  -0.166666667   0.833333333 ) 

    1    1
  0.24933373  0.00000000    0.00534173  0.00095890   -0.00534173  0.00095890
  0.00534173 -0.00095890    0.27868237 -0.00000000   -0.00377010  0.01500331
 -0.00534173 -0.00095890   -0.00377010 -0.01500331    0.27868237 -0.00000000
    1    2
 -0.03043280  0.05271115   -0.02077370 -0.11993219   -0.11425118  0.04197554
 -0.02077370 -0.11993219   -0.03781670  0.05691486   -0.02365043  0.04096374
 -0.11425118  0.04197554   -0.02365043  0.04096374   -0.03038137  0.06120766
    2    1
 -0.03043280 -0.05271115   -0.02077370  0.11993219   -0.11425118 -0.04197554
 -0.02077370  0.11993219   -0.03781670 -0.05691486   -0.02365043 -0.04096374
 -0.11425118 -0.04197554   -0.02365043 -0.04096374   -0.03038137 -0.06120766
    2    2
  0.24933373 -0.00000000    0.00534173 -0.00095890   -0.00534173 -0.00095890
  0.00534173  0.00095890    0.27868237  0.00000000   -0.00377010 -0.01500331
 -0.00534173  0.00095890   -0.00377010  0.01500331    0.27868237  0.00000000

     Dynamical  Matrix in cartesian axes

     q = (   -0.833333333   0.166666667   0.500000000 ) 

    1    1
  0.27868237 -0.00000000   -0.00377010  0.01500331   -0.00534173  0.00095890
 -0.00377010 -0.01500331    0.27868237  0.00000000    0.00534173  0.00095890
 -0.00534173 -0.00095890    0.00534173 -0.00095890    0.24933373  0.00000000
    1    2
 -0.03038137 -0.06120766   -0.02365043 -0.04096374   -0.11425118 -0.04197554
 -0.02365043 -0.04096374   -0.03781670 -0.05691486   -0.02077370  0.11993219
 -0.11425118 -0.04197554   -0.02077370  0.11993219   -0.03043280 -0.05271115
    2    1
 -0.03038137  0.06120766   -0.02365043  0.04096374   -0.11425118  0.04197554
 -0.02365043  0.04096374   -0.03781670  0.05691486   -0.02077370 -0.11993219
 -0.11425118  0.04197554   -0.02077370 -0.11993219   -0.03043280  0.05271115
    2    2
  0.27868237  0.00000000   -0.00377010 -0.01500331   -0.00534173 -0.00095890
 -0.00377010  0.01500331    0.27868237  0.00000000    0.00534173 -0.00095890
 -0.00534173  0.00095890    0.00534173  0.00095890    0.24933373  0.00000000

     Dynamical  Matrix in cartesian axes

     q = (    0.833333333   0.166666667  -0.500000000 ) 

    1    1
  0.27868237  0.00000000    0.00377010 -0.01500331   -0.00534173  0.00095890
  0.00377010  0.01500331    0.27868237  0.00000000   -0.00534173 -0.00095890
 -0.00534173 -0.00095890   -0.00534173  0.00095890    0.24933373  0.00000000
    1    2
 -0.06819807 -0.00429279    0.04730085 -0.00000000   -0.09347747  0.07795665
  0.04730085 -0.00000000   -0.06819807  0.00429279   -0.09347747 -0.07795665
 -0.09347747  0.07795665   -0.09347747 -0.07795665   -0.06086559  0.00000000
    2    1
 -0.06819807  0.00429279    0.04730085  0.00000000   -0.09347747 -0.07795665
  0.04730085  0.00000000   -0.06819807 -0.00429279   -0.09347747  0.07795665
 -0.09347747 -0.07795665   -0.09347747  0.07795665   -0.06086559 -0.00000000
    2    2
  0.27868237  0.00000000    0.00377010  0.01500331   -0.00534173 -0.00095890
  0.00377010 -0.01500331    0.27868237  0.00000000   -0.00534173  0.00095890
 -0.00534173  0.00095890   -0.00534173 -0.00095890    0.24933373  0.00000000

     Dynamical  Matrix in cartesian axes

     q = (    0.833333333  -0.166666667  -0.500000000 ) 

    1    1
  0.27868237  0.00000000   -0.00377010 -0.01500331   -0.00534173 -0.00095890
 -0.00377010  0.01500331    0.27868237  0.00000000    0.00534173 -0.00095890
 -0.00534173  0.00095890    0.00534173  0.00095890    0.24933373  0.00000000
    1    2
 -0.03038137  0.06120766   -0.02365043  0.04096374   -0.11425118  0.04197554
 -0.02365043  0.04096374   -0.03781670  0.05691486   -0.02077370 -0.11993219
 -0.11425118  0.04197554   -0.02077370 -0.11993219   -0.03043280  0.05271115
    2    1
 -0.03038137 -0.06120766   -0.02365043 -0.04096374   -0.11425118 -0.04197554
 -0.02365043 -0.04096374   -0.03781670 -0.05691486   -0.02077370  0.11993219
 -0.11425118 -0.04197554   -0.02077370  0.11993219   -0.03043280 -0.05271115
    2    2
  0.27868237 -0.00000000   -0.00377010  0.01500331   -0.00534173  0.00095890
 -0.00377010 -0.01500331    0.27868237  0.00000000    0.00534173  0.00095890
 -0.00534173 -0.00095890    0.00534173 -0.00095890    0.24933373  0.00000000

     Dynamical  Matrix in cartesian axes

     q = (    0.500000000   0.166666667  -0.833333333 ) 

    1    1
  0.24933373 -0.00000000    0.00534173 -0.00095890   -0.00534173 -0.00095890
  0.00534173  0.00095890    0.27868237  0.00000000   -0.00377010 -0.01500331
 -0.00534173  0.00095890   -0.00377010  0.01500331    0.27868237  0.00000000
    1    2
 -0.03043280 -0.05271115   -0.02077370  0.11993219   -0.11425118 -0.04197554
 -0.02077370  0.11993219   -0.03781670 -0.05691486   -0.02365043 -0.04096374
 -0.11425118 -0.04197554   -0.02365043 -0.04096374   -0.03038137 -0.06120766
    2    1
 -0.03043280  0.05271115   -0.02077370 -0.11993219   -0.11425118  0.04197554
 -0.02077370 -0.11993219   -0.03781670  0.05691486   -0.02365043  0.04096374
 -0.11425118  0.04197554   -0.02365043  0.04096374   -0.03038137  0.06120766
    2    2
  0.24933373  0.00000000    0.00534173  0.00095890   -0.00534173  0.00095890
  0.00534173 -0.00095890    0.27868237 -0.00000000   -0.00377010  0.01500331
 -0.00534173 -0.00095890   -0.00377010 -0.01500331    0.27868237 -0.00000000

     Dynamical  Matrix in cartesian axes

     q = (   -0.500000000   0.166666667   0.833333333 ) 

    1    1
  0.24933373 -0.00000000   -0.00534173  0.00095890   -0.00534173 -0.00095890
 -0.00534173 -0.00095890    0.27868237  0.00000000    0.00377010  0.01500331
 -0.00534173  0.00095890    0.00377010 -0.01500331    0.27868237 -0.00000000
    1    2
 -0.06086559 -0.00000000   -0.09347747 -0.07795665   -0.09347747  0.07795665
 -0.09347747 -0.07795665   -0.06819807  0.00429279    0.04730085  0.00000000
 -0.09347747  0.07795665    0.04730085  0.00000000   -0.06819807 -0.00429279
    2    1
 -0.06086559  0.00000000   -0.09347747  0.07795665   -0.09347747 -0.07795665
 -0.09347747  0.07795665   -0.06819807 -0.00429279    0.04730085 -0.00000000
 -0.09347747 -0.07795665    0.04730085 -0.00000000   -0.06819807  0.00429279
    2    2
  0.24933373  0.00000000   -0.00534173 -0.00095890   -0.00534173  0.00095890
 -0.00534173  0.00095890    0.27868237 -0.00000000    0.00377010 -0.01500331
 -0.00534173 -0.00095890    0.00377010  0.01500331    0.27868237  0.00000000

     Dynamical  Matrix in cartesian axes

     q = (   -0.500000000   0.166666667  -0.833333333 ) 

    1    1
  0.24933373  0.00000000   -0.00534173 -0.00095890    0.00534173 -0.00095890
 -0.00534173  0.00095890    0.27868237  0.00000000   -0.00377010  0.01500331
  0.00534173  0.00095890   -0.00377010 -0.01500331    0.27868237  0.00000000
    1    2
 -0.03043280 -0.05271115   -0.11425118 -0.04197554   -0.02077370  0.11993219
 -0.11425118 -0.04197554   -0.03038137 -0.06120766   -0.02365043 -0.04096374
 -0.02077370  0.11993219   -0.02365043 -0.04096374   -0.03781670 -0.05691486
    2    1
 -0.03043280  0.05271115   -0.11425118  0.04197554   -0.02077370 -0.11993219
 -0.11425118  0.04197554   -0.03038137  0.06120766   -0.02365043  0.04096374
 -0.02077370 -0.11993219   -0.02365043  0.04096374   -0.03781670  0.05691486
    2    2
  0.24933373  0.00000000   -0.00534173  0.00095890    0.00534173  0.00095890
 -0.00534173 -0.00095890    0.27868237 -0.00000000   -0.00377010 -0.01500331
  0.00534173 -0.00095890   -0.00377010  0.01500331    0.27868237  0.00000000

     Dynamical  Matrix in cartesian axes

     q = (   -0.833333333   0.166666667  -0.500000000 ) 

    1    1
  0.27868237  0.00000000   -0.00377010 -0.01500331    0.00534173  0.00095890
 -0.00377010  0.01500331    0.27868237 -0.00000000   -0.00534173  0.00095890
  0.00534173 -0.00095890   -0.00534173 -0.00095890    0.24933373  0.00000000
    1    2
 -0.03781670 -0.05691486   -0.02365043 -0.04096374   -0.02077370  0.11993219
 -0.02365043 -0.04096374   -0.03038137 -0.06120766   -0.11425118 -0.04197554
 -0.02077370  0.11993219   -0.11425118 -0.04197554   -0.03043280 -0.05271115
    2    1
 -0.03781670  0.05691486   -0.02365043  0.04096374   -0.02077370 -0.11993219
 -0.02365043  0.04096374   -0.03038137  0.06120766   -0.11425118  0.04197554
 -0.02077370 -0.11993219   -0.11425118  0.04197554   -0.03043280  0.05271115
    2    2
  0.27868237 -0.00000000   -0.00377010  0.01500331    0.00534173 -0.00095890
 -0.00377010 -0.01500331    0.27868237  0.00000000   -0.00534173 -0.00095890
  0.00534173  0.00095890   -0.00534173  0.00095890    0.24933373  0.00000000

     Dynamical  Matrix in cartesian axes

     q = (    0.833333333  -0.500000000   0.166666667 ) 

    1    1
  0.27868237  0.00000000   -0.00534173  0.00095890    0.00377010 -0.01500331
 -0.00534173 -0.00095890    0.24933373 -0.00000000   -0.00534173  0.00095890
  0.00377010  0.01500331   -0.00534173 -0.00095890    0.27868237  0.00000000
    1    2
 -0.06819807 -0.00429279   -0.09347747  0.07795665    0.04730085 -0.00000000
 -0.09347747  0.07795665   -0.06086559  0.00000000   -0.09347747 -0.07795665
  0.04730085 -0.00000000   -0.09347747 -0.07795665   -0.06819807  0.00429279
    2    1
 -0.06819807  0.00429279   -0.09347747 -0.07795665    0.04730085  0.00000000
 -0.09347747 -0.07795665   -0.06086559 -0.00000000   -0.09347747  0.07795665
  0.04730085  0.00000000   -0.09347747  0.07795665   -0.06819807 -0.00429279
    2    2
  0.27868237 -0.00000000   -0.00534173 -0.00095890    0.00377010  0.01500331
 -0.00534173  0.00095890    0.24933373  0.00000000   -0.00534173 -0.00095890
  0.00377010 -0.01500331   -0.00534173  0.00095890    0.27868237  0.00000000

     Dynamical  Matrix in cartesian axes

     q = (    0.833333333   0.500000000  -0.166666667 ) 

    1    1
  0.27868237 -0.00000000    0.00534173 -0.00095890   -0.00377010  0.01500331
  0.00534173  0.00095890    0.24933373 -0.00000000   -0.00534173  0.00095890
 -0.00377010 -0.01500331   -0.00534173 -0.00095890    0.27868237  0.00000000
    1    2
 -0.03781670  0.05691486   -0.02077370 -0.11993219   -0.02365043  0.04096374
 -0.02077370 -0.11993219   -0.03043280  0.05271115   -0.11425118  0.04197554
 -0.02365043  0.04096374   -0.11425118  0.04197554   -0.03038137  0.06120766
    2    1
 -0.03781670 -0.05691486   -0.02077370  0.11993219   -0.02365043 -0.04096374
 -0.02077370  0.11993219   -0.03043280 -0.05271115   -0.11425118 -0.04197554
 -0.02365043 -0.04096374   -0.11425118 -0.04197554   -0.03038137 -0.06120766
    2    2
  0.27868237  0.00000000    0.00534173  0.00095890   -0.00377010 -0.01500331
  0.00534173 -0.00095890    0.24933373  0.00000000   -0.00534173 -0.00095890
 -0.00377010  0.01500331   -0.00534173  0.00095890    0.27868237 -0.00000000

     Dynamical  Matrix in cartesian axes

     q = (   -0.833333333  -0.500000000  -0.166666667 ) 

    1    1
  0.27868237 -0.00000000    0.00534173 -0.00095890    0.00377010 -0.01500331
  0.00534173  0.00095890    0.24933373  0.00000000    0.00534173 -0.00095890
  0.00377010  0.01500331    0.00534173  0.00095890    0.27868237 -0.00000000
    1    2
  0.06819807  0.00429279   -0.09347747  0.07795665   -0.04730085  0.00000000
 -0.09347747  0.07795665    0.06086559  0.00000000   -0.09347747 -0.07795665
 -0.04730085  0.00000000   -0.09347747 -0.07795665    0.06819807 -0.00429279
    2    1
  0.06819807 -0.00429279   -0.09347747 -0.07795665   -0.04730085  0.00000000
 -0.09347747 -0.07795665    0.06086559 -0.00000000   -0.09347747  0.07795665
 -0.04730085 -0.00000000   -0.09347747  0.07795665    0.06819807  0.00429279
    2    2
  0.27868237  0.00000000    0.00534173  0.00095890    0.00377010  0.01500331
  0.00534173 -0.00095890    0.24933373 -0.00000000    0.00534173  0.00095890
  0.00377010 -0.01500331    0.00534173 -0.00095890    0.27868237  0.00000000

     Dynamical  Matrix in cartesian axes

     q = (   -0.833333333   0.500000000   0.166666667 ) 

    1    1
  0.27868237 -0.00000000   -0.00534173  0.00095890   -0.00377010  0.01500331
 -0.00534173 -0.00095890    0.24933373  0.00000000    0.00534173 -0.00095890
 -0.00377010 -0.01500331    0.00534173  0.00095890    0.27868237  0.00000000
    1    2
 -0.03038137 -0.06120766   -0.11425118 -0.04197554   -0.02365043 -0.04096374
 -0.11425118 -0.04197554   -0.03043280 -0.05271115   -0.02077370  0.11993219
 -0.02365043 -0.04096374   -0.02077370  0.11993219   -0.03781670 -0.05691486
    2    1
 -0.03038137  0.06120766   -0.11425118  0.04197554   -0.02365043  0.04096374
 -0.11425118  0.04197554   -0.03043280  0.05271115   -0.02077370 -0.11993219
 -0.02365043  0.04096374   -0.02077370 -0.11993219   -0.03781670  0.05691486
    2    2
  0.27868237  0.00000000   -0.00534173 -0.00095890   -0.00377010 -0.01500331
 -0.00534173  0.00095890    0.24933373  0.00000000    0.00534173  0.00095890
 -0.00377010  0.01500331    0.00534173 -0.00095890    0.27868237  0.00000000

     Dynamical  Matrix in cartesian axes

     q = (    0.166666667  -0.500000000   0.833333333 ) 

    1    1
  0.27868237 -0.00000000   -0.00534173 -0.00095890    0.00377010  0.01500331
 -0.00534173  0.00095890    0.24933373  0.00000000   -0.00534173 -0.00095890
  0.00377010 -0.01500331   -0.00534173  0.00095890    0.27868237  0.00000000
    1    2
 -0.06819807  0.00429279   -0.09347747 -0.07795665    0.04730085  0.00000000
 -0.09347747 -0.07795665   -0.06086559  0.00000000   -0.09347747  0.07795665
  0.04730085  0.00000000   -0.09347747  0.07795665   -0.06819807 -0.00429279
    2    1
 -0.06819807 -0.00429279   -0.09347747  0.07795665    0.04730085  0.00000000
 -0.09347747  0.07795665   -0.06086559 -0.00000000   -0.09347747 -0.07795665
  0.04730085  0.00000000   -0.09347747 -0.07795665   -0.06819807  0.00429279
    2    2
  0.27868237  0.00000000   -0.00534173  0.00095890    0.00377010 -0.01500331
 -0.00534173 -0.00095890    0.24933373 -0.00000000   -0.00534173  0.00095890
  0.00377010  0.01500331   -0.00534173 -0.00095890    0.27868237  0.00000000

     Dynamical  Matrix in cartesian axes

     q = (   -0.166666667   0.500000000   0.833333333 ) 

    1    1
  0.27868237  0.00000000   -0.00534173 -0.00095890   -0.00377010 -0.01500331
 -0.00534173  0.00095890    0.24933373  0.00000000    0.00534173  0.00095890
 -0.00377010  0.01500331    0.00534173 -0.00095890    0.27868237  0.00000000
    1    2
 -0.03038137  0.06120766   -0.11425118  0.04197554   -0.02365043  0.04096374
 -0.11425118  0.04197554   -0.03043280  0.05271115   -0.02077370 -0.11993219
 -0.02365043  0.04096374   -0.02077370 -0.11993219   -0.03781670  0.05691486
    2    1
 -0.03038137 -0.06120766   -0.11425118 -0.04197554   -0.02365043 -0.04096374
 -0.11425118 -0.04197554   -0.03043280 -0.05271115   -0.02077370  0.11993219
 -0.02365043 -0.04096374   -0.02077370  0.11993219   -0.03781670 -0.05691486
    2    2
  0.27868237 -0.00000000   -0.00534173  0.00095890   -0.00377010  0.01500331
 -0.00534173 -0.00095890    0.24933373  0.00000000    0.00534173 -0.00095890
 -0.00377010 -0.01500331    0.00534173  0.00095890    0.27868237  0.00000000

     Dynamical  Matrix in cartesian axes

     q = (    0.166666667   0.500000000  -0.833333333 ) 

    1    1
  0.27868237  0.00000000    0.00534173  0.00095890   -0.00377010 -0.01500331
  0.00534173 -0.00095890    0.24933373  0.00000000   -0.00534173 -0.00095890
 -0.00377010  0.01500331   -0.00534173  0.00095890    0.27868237 -0.00000000
    1    2
 -0.03781670 -0.05691486   -0.02077370  0.11993219   -0.02365043 -0.04096374
 -0.02077370  0.11993219   -0.03043280 -0.05271115   -0.11425118 -0.04197554
 -0.02365043 -0.04096374   -0.11425118 -0.04197554   -0.03038137 -0.06120766
    2    1
 -0.03781670  0.05691486   -0.02077370 -0.11993219   -0.02365043  0.04096374
 -0.02077370 -0.11993219   -0.03043280  0.05271115   -0.11425118  0.04197554
 -0.02365043  0.04096374   -0.11425118  0.04197554   -0.03038137  0.06120766
    2    2
  0.27868237 -0.00000000    0.00534173 -0.00095890   -0.00377010  0.01500331
  0.00534173  0.00095890    0.24933373 -0.00000000   -0.00534173  0.00095890
 -0.00377010 -0.01500331   -0.00534173 -0.00095890    0.27868237  0.00000000

     Dynamical  Matrix in cartesian axes

     q = (   -0.166666667  -0.500000000  -0.833333333 ) 

    1    1
  0.27868237  0.00000000    0.00534173  0.00095890    0.00377010  0.01500331
  0.00534173 -0.00095890    0.24933373 -0.00000000    0.00534173  0.00095890
  0.00377010 -0.01500331    0.00534173 -0.00095890    0.27868237  0.00000000
    1    2
  0.06819807 -0.00429279   -0.09347747 -0.07795665   -0.04730085 -0.00000000
 -0.09347747 -0.07795665    0.06086559  0.00000000   -0.09347747  0.07795665
 -0.04730085 -0.00000000   -0.09347747  0.07795665    0.06819807  0.00429279
    2    1
  0.06819807  0.00429279   -0.09347747  0.07795665   -0.04730085  0.00000000
 -0.09347747  0.07795665    0.06086559 -0.00000000   -0.09347747 -0.07795665
 -0.04730085  0.00000000   -0.09347747 -0.07795665    0.06819807 -0.00429279
    2    2
  0.27868237 -0.00000000    0.00534173 -0.00095890    0.00377010 -0.01500331
  0.00534173  0.00095890    0.24933373  0.00000000    0.00534173 -0.00095890
  0.00377010  0.01500331    0.00534173  0.00095890    0.27868237 -0.00000000

     Dynamical  Matrix in cartesian axes

     q = (   -0.500000000   0.833333333   0.166666667 ) 

    1    1
  0.24933373  0.00000000   -0.00534173 -0.00095890   -0.00534173  0.00095890
 -0.00534173  0.00095890    0.27868237 -0.00000000    0.00377010 -0.01500331
 -0.00534173 -0.00095890    0.00377010  0.01500331    0.27868237  0.00000000
    1    2
 -0.06086559 -0.00000000   -0.09347747  0.07795665   -0.09347747 -0.07795665
 -0.09347747  0.07795665   -0.06819807 -0.00429279    0.04730085  0.00000000
 -0.09347747 -0.07795665    0.04730085  0.00000000   -0.06819807  0.00429279
    2    1
 -0.06086559  0.00000000   -0.09347747 -0.07795665   -0.09347747  0.07795665
 -0.09347747 -0.07795665   -0.06819807  0.00429279    0.04730085 -0.00000000
 -0.09347747  0.07795665    0.04730085 -0.00000000   -0.06819807 -0.00429279
    2    2
  0.24933373 -0.00000000   -0.00534173  0.00095890   -0.00534173 -0.00095890
 -0.00534173 -0.00095890    0.27868237  0.00000000    0.00377010  0.01500331
 -0.00534173  0.00095890    0.00377010 -0.01500331    0.27868237 -0.00000000

     Diagonalizing the dynamical matrix

     q = (    0.500000000  -0.166666667   0.833333333 ) 

 **************************************************************************
     freq (    1) =       5.096590 [THz] =     170.003931 [cm-1]
 ( -0.058229  0.567172 -0.147871  0.256119 -0.092745 -0.280822 ) 
 ( -0.520299  0.233158 -0.196827  0.220731  0.295741  0.000000 ) 
     freq (    2) =       6.112794 [THz] =     203.900873 [cm-1]
 (  0.251359  0.291222  0.209764 -0.363322  0.390078 -0.154412 ) 
 (  0.126526 -0.363294  0.328764  0.260612  0.419528  0.000000 ) 
     freq (    3) =       9.798969 [THz] =     326.858427 [cm-1]
 (  0.262380 -0.117042 -0.228434  0.395660  0.447020  0.094353 ) 
 ( -0.232551 -0.168706  0.141797  0.434307 -0.456869  0.000000 ) 
     freq (    4) =      11.378157 [THz] =     379.534470 [cm-1]
 (  0.209607 -0.082069 -0.236994  0.410486  0.452704  0.140442 ) 
 (  0.175877  0.140490 -0.104726 -0.462274  0.473988  0.000000 ) 
     freq (    5) =      13.907507 [THz] =     463.904488 [cm-1]
 ( -0.042475  0.517361 -0.169755  0.294024 -0.119526 -0.317774 ) 
 (  0.469285 -0.221896  0.215437 -0.262400 -0.339510  0.000000 ) 
     freq (    6) =      14.138389 [THz] =     471.605891 [cm-1]
 ( -0.189484 -0.297239 -0.216721  0.375372 -0.431771  0.038028 ) 
 (  0.162675 -0.312718  0.248819  0.354911  0.433442  0.000000 ) 
 **************************************************************************
