Dynamical matrix file
                                                                           
  1    2  2 10.2800000  0.0000000  0.0000000  0.0000000  0.0000000  0.0000000
           1  'Si  '    25598.8229845270     
    1    1      0.0000000000      0.0000000000      0.0000000000
    2    1      0.2500000000      0.2500000000      0.2500000000

     Dynamical  Matrix in cartesian axes

     q = (   -0.166666667   0.166666667  -0.166666667 ) 

    1    1
  0.27696692  0.00000000   -0.00648460  0.00000000    0.00648460  0.00000000
 -0.00648460  0.00000000    0.27696692  0.00000000   -0.00648460  0.00000000
  0.00648460  0.00000000   -0.00648460  0.00000000    0.27696692  0.00000000
    1    2
 -0.23924815 -0.05514994   -0.01881015  0.03475219    0.01881015 -0.03475219
 -0.01881015  0.03475219   -0.23924815 -0.05514994   -0.01881015  0.03475219
  0.01881015 -0.03475219   -0.01881015  0.03475219   -0.23924815 -0.05514994
    2    1
 -0.23924815  0.05514994   -0.01881015 -0.03475219    0.01881015  0.03475219
 -0.01881015 -0.03475219   -0.23924815  0.05514994   -0.01881015 -0.03475219
  0.01881015  0.03475219   -0.01881015 -0.03475219   -0.23924815  0.05514994
    2    2
  0.27696692  0.00000000   -0.00648460  0.00000000    0.00648460  0.00000000
 -0.00648460  0.00000000    0.27696692  0.00000000   -0.00648460  0.00000000
  0.00648460  0.00000000   -0.00648460  0.00000000    0.27696692  0.00000000

     Dynamical  Matrix in cartesian axes

     q = (    0.166666667   0.166666667   0.166666667 ) 

    1    1
  0.27696692  0.00000000    0.00648460  0.00000000    0.00648460  0.00000000
  0.00648460  0.00000000    0.27696692  0.00000000    0.00648460  0.00000000
  0.00648460  0.00000000    0.00648460  0.00000000    0.27696692  0.00000000
    1    2
 -0.16738532  0.17962001   -0.02069121 -0.03366616   -0.02069121 -0.03366616
 -0.02069121 -0.03366616   -0.16738532  0.17962001   -0.02069121 -0.03366616
 -0.02069121 -0.03366616   -0.02069121 -0.03366616   -0.16738532  0.17962001
    2    1
 -0.16738532 -0.17962001   -0.02069121  0.03366616   -0.02069121  0.03366616
 -0.02069121  0.03366616   -0.16738532 -0.17962001   -0.02069121  0.03366616
 -0.02069121  0.03366616   -0.02069121  0.03366616   -0.16738532 -0.17962001
    2    2
  0.27696692  0.00000000    0.00648460  0.00000000    0.00648460  0.00000000
  0.00648460  0.00000000    0.27696692  0.00000000    0.00648460  0.00000000
  0.00648460  0.00000000    0.00648460  0.00000000    0.27696692  0.00000000

     Dynamical  Matrix in cartesian axes

     q = (   -0.166666667  -0.166666667  -0.166666667 ) 

    1    1
  0.27696692  0.00000000    0.00648460  0.00000000    0.00648460  0.00000000
  0.00648460  0.00000000    0.27696692  0.00000000    0.00648460  0.00000000
  0.00648460  0.00000000    0.00648460  0.00000000    0.27696692  0.00000000
    1    2
 -0.16738532 -0.17962001   -0.02069121  0.03366616   -0.02069121  0.03366616
 -0.02069121  0.03366616   -0.16738532 -0.17962001   -0.02069121  0.03366616
 -0.02069121  0.03366616   -0.02069121  0.03366616   -0.16738532 -0.17962001
    2    1
 -0.16738532  0.17962001   -0.02069121 -0.03366616   -0.02069121 -0.03366616
 -0.02069121 -0.03366616   -0.16738532  0.17962001   -0.02069121 -0.03366616
 -0.02069121 -0.03366616   -0.02069121 -0.03366616   -0.16738532  0.17962001
    2    2
  0.27696692  0.00000000    0.00648460  0.00000000    0.00648460  0.00000000
  0.00648460  0.00000000    0.27696692  0.00000000    0.00648460  0.00000000
  0.00648460  0.00000000    0.00648460  0.00000000    0.27696692  0.00000000

     Dynamical  Matrix in cartesian axes

     q = (    0.166666667  -0.166666667   0.166666667 ) 

    1    1
  0.27696692  0.00000000   -0.00648460  0.00000000    0.00648460  0.00000000
 -0.00648460  0.00000000    0.27696692  0.00000000   -0.00648460  0.00000000
  0.00648460  0.00000000   -0.00648460  0.00000000    0.27696692  0.00000000
    1    2
 -0.23924815  0.05514994   -0.01881015 -0.03475219    0.01881015  0.03475219
 -0.01881015 -0.03475219   -0.23924815  0.05514994   -0.01881015 -0.03475219
  0.01881015  0.03475219   -0.01881015 -0.03475219   -0.23924815  0.05514994
    2    1
 -0.23924815 -0.05514994   -0.01881015  0.03475219    0.01881015 -0.03475219
 -0.01881015  0.03475219   -0.23924815 -0.05514994   -0.01881015  0.03475219
  0.01881015 -0.03475219   -0.01881015  0.03475219   -0.23924815 -0.05514994
    2    2
  0.27696692  0.00000000   -0.00648460  0.00000000    0.00648460  0.00000000
 -0.00648460  0.00000000    0.27696692  0.00000000   -0.00648460  0.00000000
  0.00648460  0.00000000   -0.00648460  0.00000000    0.27696692  0.00000000

     Dynamical  Matrix in cartesian axes

     q = (    0.166666667  -0.166666667  -0.166666667 ) 

    1    1
  0.27696692  0.00000000   -0.00648460  0.00000000   -0.00648460  0.00000000
 -0.00648460  0.00000000    0.27696692  0.00000000    0.00648460  0.00000000
 -0.00648460  0.00000000    0.00648460  0.00000000    0.27696692  0.00000000
    1    2
 -0.23924815 -0.05514994   -0.01881015  0.03475219   -0.01881015  0.03475219
 -0.01881015  0.03475219   -0.23924815 -0.05514994    0.01881015 -0.03475219
 -0.01881015  0.03475219    0.01881015 -0.03475219   -0.23924815 -0.05514994
    2    1
 -0.23924815  0.05514994   -0.01881015 -0.03475219   -0.01881015 -0.03475219
 -0.01881015 -0.03475219   -0.23924815  0.05514994    0.01881015  0.03475219
 -0.01881015 -0.03475219    0.01881015  0.03475219   -0.23924815  0.05514994
    2    2
  0.27696692  0.00000000   -0.00648460  0.00000000   -0.00648460  0.00000000
 -0.00648460  0.00000000    0.27696692  0.00000000    0.00648460  0.00000000
 -0.00648460  0.00000000    0.00648460  0.00000000    0.27696692  0.00000000

     Dynamical  Matrix in cartesian axes

     q = (    0.166666667   0.166666667  -0.166666667 ) 

    1    1
  0.27696692  0.00000000    0.00648460  0.00000000   -0.00648460  0.00000000
  0.00648460  0.00000000    0.27696692  0.00000000   -0.00648460  0.00000000
 -0.00648460  0.00000000   -0.00648460  0.00000000    0.27696692  0.00000000
    1    2
 -0.23924815  0.05514994    0.01881015  0.03475219   -0.01881015 -0.03475219
  0.01881015  0.03475219   -0.23924815  0.05514994   -0.01881015 -0.03475219
 -0.01881015 -0.03475219   -0.01881015 -0.03475219   -0.23924815  0.05514994
    2    1
 -0.23924815 -0.05514994    0.01881015 -0.03475219   -0.01881015  0.03475219
  0.01881015 -0.03475219   -0.23924815 -0.05514994   -0.01881015  0.03475219
 -0.01881015  0.03475219   -0.01881015  0.03475219   -0.23924815 -0.05514994
    2    2
  0.27696692  0.00000000    0.00648460  0.00000000   -0.00648460  0.00000000
  0.00648460  0.00000000    0.27696692  0.00000000   -0.00648460  0.00000000
 -0.00648460  0.00000000   -0.00648460  0.00000000    0.27696692  0.00000000

     Dynamical  Matrix in cartesian axes

     q = (   -0.166666667  -0.166666667   0.166666667 ) 

    1    1
  0.27696692  0.00000000    0.00648460  0.00000000   -0.00648460  0.00000000
  0.00648460  0.00000000    0.27696692  0.00000000   -0.00648460  0.00000000
 -0.00648460  0.00000000   -0.00648460  0.00000000    0.27696692  0.00000000
    1    2
 -0.23924815 -0.05514994    0.01881015 -0.03475219   -0.01881015  0.03475219
  0.01881015 -0.03475219   -0.23924815 -0.05514994   -0.01881015  0.03475219
 -0.01881015  0.03475219   -0.01881015  0.03475219   -0.23924815 -0.05514994
    2    1
 -0.23924815  0.05514994    0.01881015  0.03475219   -0.01881015 -0.03475219
  0.01881015  0.03475219   -0.23924815  0.05514994   -0.01881015 -0.03475219
 -0.01881015 -0.03475219   -0.01881015 -0.03475219   -0.23924815  0.05514994
    2    2
  0.27696692  0.00000000    0.00648460  0.00000000   -0.00648460  0.00000000
  0.00648460  0.00000000    0.27696692  0.00000000   -0.00648460  0.00000000
 -0.00648460  0.00000000   -0.00648460  0.00000000    0.27696692  0.00000000

     Dynamical  Matrix in cartesian axes

     q = (   -0.166666667   0.166666667   0.166666667 ) 

    1    1
  0.27696692  0.00000000   -0.00648460  0.00000000   -0.00648460  0.00000000
 -0.00648460  0.00000000    0.27696692  0.00000000    0.00648460  0.00000000
 -0.00648460  0.00000000    0.00648460  0.00000000    0.27696692  0.00000000
    1    2
 -0.23924815  0.05514994   -0.01881015 -0.03475219   -0.01881015 -0.03475219
 -0.01881015 -0.03475219   -0.23924815  0.05514994    0.01881015  0.03475219
 -0.01881015 -0.03475219    0.01881015  0.03475219   -0.23924815  0.05514994
    2    1
 -0.23924815 -0.05514994   -0.01881015  0.03475219   -0.01881015  0.03475219
 -0.01881015  0.03475219   -0.23924815 -0.05514994    0.01881015 -0.03475219
 -0.01881015  0.03475219    0.01881015 -0.03475219   -0.23924815 -0.05514994
    2    2
  0.27696692  0.00000000   -0.00648460  0.00000000   -0.00648460  0.00000000
 -0.00648460  0.00000000    0.27696692  0.00000000    0.00648460  0.00000000
 -0.00648460  0.00000000    0.00648460  0.00000000    0.27696692  0.00000000

     Diagonalizing the dynamical matrix

     q = (   -0.166666667   0.166666667  -0.166666667 ) 

 **************************************************************************
     freq (    1) =       2.216418 [THz] =      73.931761 [cm-1]
 (  0.196433  0.264186  0.478836  0.286508  0.282403  0.022322 ) 
 (  0.216639  0.247886  0.499923  0.247886  0.283283  0.000000 ) 
     freq (    2) =       2.216418 [THz] =      73.931761 [cm-1]
 ( -0.440878 -0.174870  0.060632 -0.135229  0.501510  0.039641 ) 
 ( -0.453287 -0.139586  0.049788 -0.139586  0.503074  0.000000 ) 
     freq (    3) =       4.728656 [THz] =     157.730984 [cm-1]
 (  0.347245  0.214680 -0.347245 -0.214680  0.347245  0.214680 ) 
 (  0.408248  0.000000 -0.408248  0.000000  0.408248  0.000000 ) 
     freq (    4) =      14.926722 [THz] =     497.901848 [cm-1]
 (  0.347245  0.214680 -0.347245 -0.214680  0.347245  0.214680 ) 
 ( -0.408248  0.000000  0.408248  0.000000 -0.408248  0.000000 ) 
     freq (    5) =      14.960105 [THz] =     499.015404 [cm-1]
 (  0.288114  0.214540  0.514931  0.232469  0.226817  0.017928 ) 
 ( -0.304123 -0.191171 -0.531648 -0.191171 -0.227524  0.000000 ) 
     freq (    6) =      14.960105 [THz] =     499.015404 [cm-1]
 ( -0.436655 -0.116741  0.092323 -0.074929  0.528978  0.041812 ) 
 (  0.444496  0.081971 -0.086132  0.081971 -0.530628  0.000000 ) 
 **************************************************************************
