Dynamical matrix file
                                                                           
  1    2  2 10.3040000  0.0000000  0.0000000  0.0000000  0.0000000  0.0000000
           1  'Si  '    25598.8229845270     
    1    1      0.0000000000      0.0000000000      0.0000000000
    2    1      0.2500000000      0.2500000000      0.2500000000

     Dynamical  Matrix in cartesian axes

     q = (   -0.166666667   0.166666667  -0.166666667 ) 

    1    1
  0.27305407  0.00000000   -0.00642748 -0.00000000    0.00642748  0.00000000
 -0.00642748 -0.00000000    0.27305407  0.00000000   -0.00642748 -0.00000000
  0.00642748  0.00000000   -0.00642748 -0.00000000    0.27305407  0.00000000
    1    2
 -0.23594531 -0.05435901   -0.01816946  0.03368129    0.01816946 -0.03368129
 -0.01816946  0.03368129   -0.23594531 -0.05435901   -0.01816946  0.03368129
  0.01816946 -0.03368129   -0.01816946  0.03368129   -0.23594531 -0.05435901
    2    1
 -0.23594531  0.05435901   -0.01816946 -0.03368129    0.01816946  0.03368129
 -0.01816946 -0.03368129   -0.23594531  0.05435901   -0.01816946 -0.03368129
  0.01816946  0.03368129   -0.01816946 -0.03368129   -0.23594531  0.05435901
    2    2
  0.27305407 -0.00000000   -0.00642748  0.00000000    0.00642748 -0.00000000
 -0.00642748  0.00000000    0.27305407 -0.00000000   -0.00642748  0.00000000
  0.00642748  0.00000000   -0.00642748  0.00000000    0.27305407  0.00000000

     Dynamical  Matrix in cartesian axes

     q = (    0.166666667   0.166666667   0.166666667 ) 

    1    1
  0.27305407  0.00000000    0.00642748  0.00000000    0.00642748  0.00000000
  0.00642748  0.00000000    0.27305407  0.00000000    0.00642748  0.00000000
  0.00642748  0.00000000    0.00642748  0.00000000    0.27305407  0.00000000
    1    2
 -0.16504893  0.17715513   -0.02008412 -0.03257586   -0.02008412 -0.03257586
 -0.02008412 -0.03257586   -0.16504893  0.17715513   -0.02008412 -0.03257586
 -0.02008412 -0.03257586   -0.02008412 -0.03257586   -0.16504893  0.17715513
    2    1
 -0.16504893 -0.17715513   -0.02008412  0.03257586   -0.02008412  0.03257586
 -0.02008412  0.03257586   -0.16504893 -0.17715513   -0.02008412  0.03257586
 -0.02008412  0.03257586   -0.02008412  0.03257586   -0.16504893 -0.17715513
    2    2
  0.27305407 -0.00000000    0.00642748 -0.00000000    0.00642748 -0.00000000
  0.00642748 -0.00000000    0.27305407 -0.00000000    0.00642748 -0.00000000
  0.00642748 -0.00000000    0.00642748 -0.00000000    0.27305407 -0.00000000

     Dynamical  Matrix in cartesian axes

     q = (   -0.166666667  -0.166666667  -0.166666667 ) 

    1    1
  0.27305407 -0.00000000    0.00642748 -0.00000000    0.00642748 -0.00000000
  0.00642748 -0.00000000    0.27305407 -0.00000000    0.00642748 -0.00000000
  0.00642748 -0.00000000    0.00642748 -0.00000000    0.27305407 -0.00000000
    1    2
 -0.16504893 -0.17715513   -0.02008412  0.03257586   -0.02008412  0.03257586
 -0.02008412  0.03257586   -0.16504893 -0.17715513   -0.02008412  0.03257586
 -0.02008412  0.03257586   -0.02008412  0.03257586   -0.16504893 -0.17715513
    2    1
 -0.16504893  0.17715513   -0.02008412 -0.03257586   -0.02008412 -0.03257586
 -0.02008412 -0.03257586   -0.16504893  0.17715513   -0.02008412 -0.03257586
 -0.02008412 -0.03257586   -0.02008412 -0.03257586   -0.16504893  0.17715513
    2    2
  0.27305407  0.00000000    0.00642748  0.00000000    0.00642748  0.00000000
  0.00642748  0.00000000    0.27305407  0.00000000    0.00642748  0.00000000
  0.00642748  0.00000000    0.00642748  0.00000000    0.27305407  0.00000000

     Dynamical  Matrix in cartesian axes

     q = (    0.166666667  -0.166666667   0.166666667 ) 

    1    1
  0.27305407 -0.00000000   -0.00642748  0.00000000    0.00642748 -0.00000000
 -0.00642748  0.00000000    0.27305407 -0.00000000   -0.00642748  0.00000000
  0.00642748 -0.00000000   -0.00642748  0.00000000    0.27305407 -0.00000000
    1    2
 -0.23594531  0.05435901   -0.01816946 -0.03368129    0.01816946  0.03368129
 -0.01816946 -0.03368129   -0.23594531  0.05435901   -0.01816946 -0.03368129
  0.01816946  0.03368129   -0.01816946 -0.03368129   -0.23594531  0.05435901
    2    1
 -0.23594531 -0.05435901   -0.01816946  0.03368129    0.01816946 -0.03368129
 -0.01816946  0.03368129   -0.23594531 -0.05435901   -0.01816946  0.03368129
  0.01816946 -0.03368129   -0.01816946  0.03368129   -0.23594531 -0.05435901
    2    2
  0.27305407  0.00000000   -0.00642748 -0.00000000    0.00642748  0.00000000
 -0.00642748 -0.00000000    0.27305407  0.00000000   -0.00642748 -0.00000000
  0.00642748  0.00000000   -0.00642748 -0.00000000    0.27305407  0.00000000

     Dynamical  Matrix in cartesian axes

     q = (    0.166666667  -0.166666667  -0.166666667 ) 

    1    1
  0.27305407  0.00000000   -0.00642748 -0.00000000   -0.00642748 -0.00000000
 -0.00642748 -0.00000000    0.27305407  0.00000000    0.00642748  0.00000000
 -0.00642748 -0.00000000    0.00642748  0.00000000    0.27305407  0.00000000
    1    2
 -0.23594531 -0.05435901   -0.01816946  0.03368129   -0.01816946  0.03368129
 -0.01816946  0.03368129   -0.23594531 -0.05435901    0.01816946 -0.03368129
 -0.01816946  0.03368129    0.01816946 -0.03368129   -0.23594531 -0.05435901
    2    1
 -0.23594531  0.05435901   -0.01816946 -0.03368129   -0.01816946 -0.03368129
 -0.01816946 -0.03368129   -0.23594531  0.05435901    0.01816946  0.03368129
 -0.01816946 -0.03368129    0.01816946  0.03368129   -0.23594531  0.05435901
    2    2
  0.27305407 -0.00000000   -0.00642748  0.00000000   -0.00642748  0.00000000
 -0.00642748  0.00000000    0.27305407 -0.00000000    0.00642748 -0.00000000
 -0.00642748  0.00000000    0.00642748 -0.00000000    0.27305407 -0.00000000

     Dynamical  Matrix in cartesian axes

     q = (    0.166666667   0.166666667  -0.166666667 ) 

    1    1
  0.27305407 -0.00000000    0.00642748 -0.00000000   -0.00642748  0.00000000
  0.00642748 -0.00000000    0.27305407 -0.00000000   -0.00642748  0.00000000
 -0.00642748  0.00000000   -0.00642748  0.00000000    0.27305407 -0.00000000
    1    2
 -0.23594531  0.05435901    0.01816946  0.03368129   -0.01816946 -0.03368129
  0.01816946  0.03368129   -0.23594531  0.05435901   -0.01816946 -0.03368129
 -0.01816946 -0.03368129   -0.01816946 -0.03368129   -0.23594531  0.05435901
    2    1
 -0.23594531 -0.05435901    0.01816946 -0.03368129   -0.01816946  0.03368129
  0.01816946 -0.03368129   -0.23594531 -0.05435901   -0.01816946  0.03368129
 -0.01816946  0.03368129   -0.01816946  0.03368129   -0.23594531 -0.05435901
    2    2
  0.27305407  0.00000000    0.00642748  0.00000000   -0.00642748 -0.00000000
  0.00642748  0.00000000    0.27305407  0.00000000   -0.00642748 -0.00000000
 -0.00642748 -0.00000000   -0.00642748 -0.00000000    0.27305407  0.00000000

     Dynamical  Matrix in cartesian axes

     q = (   -0.166666667  -0.166666667   0.166666667 ) 

    1    1
  0.27305407  0.00000000    0.00642748  0.00000000   -0.00642748 -0.00000000
  0.00642748  0.00000000    0.27305407  0.00000000   -0.00642748 -0.00000000
 -0.00642748 -0.00000000   -0.00642748 -0.00000000    0.27305407  0.00000000
    1    2
 -0.23594531 -0.05435901    0.01816946 -0.03368129   -0.01816946  0.03368129
  0.01816946 -0.03368129   -0.23594531 -0.05435901   -0.01816946  0.03368129
 -0.01816946  0.03368129   -0.01816946  0.03368129   -0.23594531 -0.05435901
    2    1
 -0.23594531  0.05435901    0.01816946  0.03368129   -0.01816946 -0.03368129
  0.01816946  0.03368129   -0.23594531  0.05435901   -0.01816946 -0.03368129
 -0.01816946 -0.03368129   -0.01816946 -0.03368129   -0.23594531  0.05435901
    2    2
  0.27305407 -0.00000000    0.00642748 -0.00000000   -0.00642748  0.00000000
  0.00642748 -0.00000000    0.27305407 -0.00000000   -0.00642748  0.00000000
 -0.00642748  0.00000000   -0.00642748  0.00000000    0.27305407 -0.00000000

     Dynamical  Matrix in cartesian axes

     q = (   -0.166666667   0.166666667   0.166666667 ) 

    1    1
  0.27305407 -0.00000000   -0.00642748  0.00000000   -0.00642748  0.00000000
 -0.00642748  0.00000000    0.27305407 -0.00000000    0.00642748 -0.00000000
 -0.00642748  0.00000000    0.00642748 -0.00000000    0.27305407 -0.00000000
    1    2
 -0.23594531  0.05435901   -0.01816946 -0.03368129   -0.01816946 -0.03368129
 -0.01816946 -0.03368129   -0.23594531  0.05435901    0.01816946  0.03368129
 -0.01816946 -0.03368129    0.01816946  0.03368129   -0.23594531  0.05435901
    2    1
 -0.23594531 -0.05435901   -0.01816946  0.03368129   -0.01816946  0.03368129
 -0.01816946  0.03368129   -0.23594531 -0.05435901    0.01816946 -0.03368129
 -0.01816946  0.03368129    0.01816946 -0.03368129   -0.23594531 -0.05435901
    2    2
  0.27305407  0.00000000   -0.00642748 -0.00000000   -0.00642748 -0.00000000
 -0.00642748 -0.00000000    0.27305407  0.00000000    0.00642748  0.00000000
 -0.00642748 -0.00000000    0.00642748  0.00000000    0.27305407  0.00000000

     Diagonalizing the dynamical matrix

     q = (   -0.166666667   0.166666667  -0.166666667 ) 

 **************************************************************************
     freq (    1) =       2.221448 [THz] =      74.099543 [cm-1]
 ( -0.554867 -0.063111 -0.402879 -0.050744  0.151988  0.012367 ) 
 ( -0.558158 -0.017902 -0.405667 -0.017902  0.152490  0.000000 ) 
     freq (    2) =       2.221448 [THz] =      74.099543 [cm-1]
 (  0.146370  0.006992 -0.408644 -0.038170 -0.555014 -0.045162 ) 
 (  0.146455 -0.004902 -0.410394 -0.004902 -0.556848  0.000000 ) 
     freq (    3) =       4.694113 [THz] =     156.578753 [cm-1]
 ( -0.348553 -0.212550  0.348553  0.212550 -0.348553 -0.212550 ) 
 ( -0.408248 -0.000000  0.408248  0.000000 -0.408248  0.000000 ) 
     freq (    4) =      14.823200 [THz] =     494.448730 [cm-1]
 (  0.348553  0.212550 -0.348553 -0.212550  0.348553  0.212550 ) 
 ( -0.408248 -0.000000  0.408248 -0.000000 -0.408248  0.000000 ) 
     freq (    5) =      14.849985 [THz] =     495.342194 [cm-1]
 (  0.341302 -0.379188  0.303614 -0.382254 -0.037688 -0.003067 ) 
 ( -0.309424  0.405619 -0.271611  0.405619  0.037813  0.000000 ) 
     freq (    6) =      14.849985 [THz] =     495.342194 [cm-1]
 ( -0.265942 -0.048351  0.308271 -0.001626  0.574213  0.046725 ) 
 (  0.268987  0.026623 -0.307123  0.026623 -0.576111  0.000000 ) 
 **************************************************************************
