Dynamical matrix file
                                                                           
  1    2  2 10.3880000  0.0000000  0.0000000  0.0000000  0.0000000  0.0000000
           1  'Si  '    25598.8229845270     
    1    1      0.0000000000      0.0000000000      0.0000000000
    2    1      0.2500000000      0.2500000000      0.2500000000

     Dynamical  Matrix in cartesian axes

     q = (   -0.166666667   0.500000000  -0.166666667 ) 

    1    1
  0.24151266  0.00000000   -0.00635817  0.00527595    0.00412040  0.00000000
 -0.00635817 -0.00527595    0.28125555  0.00000000   -0.00635817 -0.00527595
  0.00412040  0.00000000   -0.00635817  0.00527595    0.24151266  0.00000000
    1    2
 -0.14831868  0.05385756   -0.01880898  0.03333251   -0.01801945 -0.10354885
 -0.01880898  0.03333251   -0.15545679  0.06387826   -0.01880898  0.03333251
 -0.01801945 -0.10354885   -0.01880898  0.03333251   -0.14831868  0.05385756
    2    1
 -0.14831868 -0.05385756   -0.01880898 -0.03333251   -0.01801945  0.10354885
 -0.01880898 -0.03333251   -0.15545679 -0.06387826   -0.01880898 -0.03333251
 -0.01801945  0.10354885   -0.01880898 -0.03333251   -0.14831868 -0.05385756
    2    2
  0.24151266  0.00000000   -0.00635817 -0.00527595    0.00412040  0.00000000
 -0.00635817  0.00527595    0.28125555  0.00000000   -0.00635817  0.00527595
  0.00412040  0.00000000   -0.00635817 -0.00527595    0.24151266  0.00000000

     Dynamical  Matrix in cartesian axes

     q = (    0.166666667   0.500000000   0.166666667 ) 

    1    1
  0.24151266  0.00000000    0.00635817 -0.00527595    0.00412040  0.00000000
  0.00635817  0.00527595    0.28125555  0.00000000    0.00635817  0.00527595
  0.00412040  0.00000000    0.00635817 -0.00527595    0.24151266  0.00000000
    1    2
 -0.02751732  0.15537652   -0.01946231 -0.03295531   -0.09868566 -0.03616912
 -0.01946231 -0.03295531   -0.02240820  0.16656866   -0.01946231 -0.03295531
 -0.09868566 -0.03616912   -0.01946231 -0.03295531   -0.02751732  0.15537652
    2    1
 -0.02751732 -0.15537652   -0.01946231  0.03295531   -0.09868566  0.03616912
 -0.01946231  0.03295531   -0.02240820 -0.16656866   -0.01946231  0.03295531
 -0.09868566  0.03616912   -0.01946231  0.03295531   -0.02751732 -0.15537652
    2    2
  0.24151266  0.00000000    0.00635817  0.00527595    0.00412040  0.00000000
  0.00635817 -0.00527595    0.28125555  0.00000000    0.00635817 -0.00527595
  0.00412040  0.00000000    0.00635817  0.00527595    0.24151266  0.00000000

     Dynamical  Matrix in cartesian axes

     q = (   -0.166666667   0.500000000   0.166666667 ) 

    1    1
  0.24151266  0.00000000   -0.00635817 -0.00527595   -0.00412040  0.00000000
 -0.00635817  0.00527595    0.28125555  0.00000000    0.00635817 -0.00527595
 -0.00412040  0.00000000    0.00635817  0.00527595    0.24151266  0.00000000
    1    2
 -0.12080135  0.10151896   -0.03827129 -0.00037720   -0.08066621 -0.06737972
 -0.03827129 -0.00037720   -0.13304859  0.10269040    0.03827129  0.00037720
 -0.08066621 -0.06737972    0.03827129  0.00037720   -0.12080135  0.10151896
    2    1
 -0.12080135 -0.10151896   -0.03827129  0.00037720   -0.08066621  0.06737972
 -0.03827129  0.00037720   -0.13304859 -0.10269040    0.03827129 -0.00037720
 -0.08066621  0.06737972    0.03827129 -0.00037720   -0.12080135 -0.10151896
    2    2
  0.24151266  0.00000000   -0.00635817  0.00527595   -0.00412040  0.00000000
 -0.00635817 -0.00527595    0.28125555  0.00000000    0.00635817  0.00527595
 -0.00412040  0.00000000    0.00635817 -0.00527595    0.24151266  0.00000000

     Dynamical  Matrix in cartesian axes

     q = (    0.166666667   0.500000000  -0.166666667 ) 

    1    1
  0.24151266  0.00000000    0.00635817  0.00527595   -0.00412040  0.00000000
  0.00635817 -0.00527595    0.28125555  0.00000000   -0.00635817  0.00527595
 -0.00412040  0.00000000   -0.00635817 -0.00527595    0.24151266  0.00000000
    1    2
 -0.12080135  0.10151896    0.03827129  0.00037720   -0.08066621 -0.06737972
  0.03827129  0.00037720   -0.13304859  0.10269040   -0.03827129 -0.00037720
 -0.08066621 -0.06737972   -0.03827129 -0.00037720   -0.12080135  0.10151896
    2    1
 -0.12080135 -0.10151896    0.03827129 -0.00037720   -0.08066621  0.06737972
  0.03827129 -0.00037720   -0.13304859 -0.10269040   -0.03827129  0.00037720
 -0.08066621  0.06737972   -0.03827129  0.00037720   -0.12080135 -0.10151896
    2    2
  0.24151266  0.00000000    0.00635817 -0.00527595   -0.00412040  0.00000000
  0.00635817  0.00527595    0.28125555  0.00000000   -0.00635817 -0.00527595
 -0.00412040  0.00000000   -0.00635817  0.00527595    0.24151266  0.00000000

     Dynamical  Matrix in cartesian axes

     q = (    0.500000000  -0.166666667   0.166666667 ) 

    1    1
  0.28125555  0.00000000   -0.00635817  0.00527595    0.00635817 -0.00527595
 -0.00635817 -0.00527595    0.24151266  0.00000000   -0.00412040  0.00000000
  0.00635817  0.00527595   -0.00412040  0.00000000    0.24151266  0.00000000
    1    2
 -0.13304859  0.10269040   -0.03827129 -0.00037720    0.03827129  0.00037720
 -0.03827129 -0.00037720   -0.12080135  0.10151896   -0.08066621 -0.06737972
  0.03827129  0.00037720   -0.08066621 -0.06737972   -0.12080135  0.10151896
    2    1
 -0.13304859 -0.10269040   -0.03827129  0.00037720    0.03827129 -0.00037720
 -0.03827129  0.00037720   -0.12080135 -0.10151896   -0.08066621  0.06737972
  0.03827129 -0.00037720   -0.08066621  0.06737972   -0.12080135 -0.10151896
    2    2
  0.28125555  0.00000000   -0.00635817 -0.00527595    0.00635817  0.00527595
 -0.00635817  0.00527595    0.24151266  0.00000000   -0.00412040  0.00000000
  0.00635817 -0.00527595   -0.00412040  0.00000000    0.24151266  0.00000000

     Dynamical  Matrix in cartesian axes

     q = (    0.166666667  -0.166666667   0.500000000 ) 

    1    1
  0.24151266  0.00000000   -0.00412040  0.00000000    0.00635817  0.00527595
 -0.00412040  0.00000000    0.24151266  0.00000000   -0.00635817 -0.00527595
  0.00635817 -0.00527595   -0.00635817  0.00527595    0.28125555  0.00000000
    1    2
 -0.12080135  0.10151896   -0.08066621 -0.06737972    0.03827129  0.00037720
 -0.08066621 -0.06737972   -0.12080135  0.10151896   -0.03827129 -0.00037720
  0.03827129  0.00037720   -0.03827129 -0.00037720   -0.13304859  0.10269040
    2    1
 -0.12080135 -0.10151896   -0.08066621  0.06737972    0.03827129 -0.00037720
 -0.08066621  0.06737972   -0.12080135 -0.10151896   -0.03827129  0.00037720
  0.03827129 -0.00037720   -0.03827129  0.00037720   -0.13304859 -0.10269040
    2    2
  0.24151266  0.00000000   -0.00412040  0.00000000    0.00635817 -0.00527595
 -0.00412040  0.00000000    0.24151266  0.00000000   -0.00635817  0.00527595
  0.00635817  0.00527595   -0.00635817 -0.00527595    0.28125555  0.00000000

     Dynamical  Matrix in cartesian axes

     q = (   -0.166666667  -0.500000000  -0.166666667 ) 

    1    1
  0.24151266  0.00000000    0.00635817  0.00527595    0.00412040  0.00000000
  0.00635817 -0.00527595    0.28125555  0.00000000    0.00635817 -0.00527595
  0.00412040  0.00000000    0.00635817  0.00527595    0.24151266  0.00000000
    1    2
 -0.02751732 -0.15537652   -0.01946231  0.03295531   -0.09868566  0.03616912
 -0.01946231  0.03295531   -0.02240820 -0.16656866   -0.01946231  0.03295531
 -0.09868566  0.03616912   -0.01946231  0.03295531   -0.02751732 -0.15537652
    2    1
 -0.02751732  0.15537652   -0.01946231 -0.03295531   -0.09868566 -0.03616912
 -0.01946231 -0.03295531   -0.02240820  0.16656866   -0.01946231 -0.03295531
 -0.09868566 -0.03616912   -0.01946231 -0.03295531   -0.02751732  0.15537652
    2    2
  0.24151266  0.00000000    0.00635817 -0.00527595    0.00412040  0.00000000
  0.00635817  0.00527595    0.28125555  0.00000000    0.00635817  0.00527595
  0.00412040  0.00000000    0.00635817 -0.00527595    0.24151266  0.00000000

     Dynamical  Matrix in cartesian axes

     q = (    0.166666667  -0.500000000  -0.166666667 ) 

    1    1
  0.24151266  0.00000000   -0.00635817  0.00527595   -0.00412040  0.00000000
 -0.00635817 -0.00527595    0.28125555  0.00000000    0.00635817  0.00527595
 -0.00412040  0.00000000    0.00635817 -0.00527595    0.24151266  0.00000000
    1    2
 -0.12080135 -0.10151896   -0.03827129  0.00037720   -0.08066621  0.06737972
 -0.03827129  0.00037720   -0.13304859 -0.10269040    0.03827129 -0.00037720
 -0.08066621  0.06737972    0.03827129 -0.00037720   -0.12080135 -0.10151896
    2    1
 -0.12080135  0.10151896   -0.03827129 -0.00037720   -0.08066621 -0.06737972
 -0.03827129 -0.00037720   -0.13304859  0.10269040    0.03827129  0.00037720
 -0.08066621 -0.06737972    0.03827129  0.00037720   -0.12080135  0.10151896
    2    2
  0.24151266  0.00000000   -0.00635817 -0.00527595   -0.00412040  0.00000000
 -0.00635817  0.00527595    0.28125555  0.00000000    0.00635817 -0.00527595
 -0.00412040  0.00000000    0.00635817  0.00527595    0.24151266  0.00000000

     Dynamical  Matrix in cartesian axes

     q = (   -0.166666667  -0.500000000   0.166666667 ) 

    1    1
  0.24151266  0.00000000    0.00635817 -0.00527595   -0.00412040  0.00000000
  0.00635817  0.00527595    0.28125555  0.00000000   -0.00635817 -0.00527595
 -0.00412040  0.00000000   -0.00635817  0.00527595    0.24151266  0.00000000
    1    2
 -0.12080135 -0.10151896    0.03827129 -0.00037720   -0.08066621  0.06737972
  0.03827129 -0.00037720   -0.13304859 -0.10269040   -0.03827129  0.00037720
 -0.08066621  0.06737972   -0.03827129  0.00037720   -0.12080135 -0.10151896
    2    1
 -0.12080135  0.10151896    0.03827129  0.00037720   -0.08066621 -0.06737972
  0.03827129  0.00037720   -0.13304859  0.10269040   -0.03827129 -0.00037720
 -0.08066621 -0.06737972   -0.03827129 -0.00037720   -0.12080135  0.10151896
    2    2
  0.24151266  0.00000000    0.00635817  0.00527595   -0.00412040  0.00000000
  0.00635817 -0.00527595    0.28125555  0.00000000   -0.00635817  0.00527595
 -0.00412040  0.00000000   -0.00635817 -0.00527595    0.24151266  0.00000000

     Dynamical  Matrix in cartesian axes

     q = (    0.500000000  -0.166666667  -0.166666667 ) 

    1    1
  0.28125555  0.00000000   -0.00635817 -0.00527595   -0.00635817 -0.00527595
 -0.00635817  0.00527595    0.24151266  0.00000000    0.00412040  0.00000000
 -0.00635817  0.00527595    0.00412040  0.00000000    0.24151266  0.00000000
    1    2
 -0.15545679  0.06387826   -0.01880898  0.03333251   -0.01880898  0.03333251
 -0.01880898  0.03333251   -0.14831868  0.05385756   -0.01801945 -0.10354885
 -0.01880898  0.03333251   -0.01801945 -0.10354885   -0.14831868  0.05385756
    2    1
 -0.15545679 -0.06387826   -0.01880898 -0.03333251   -0.01880898 -0.03333251
 -0.01880898 -0.03333251   -0.14831868 -0.05385756   -0.01801945  0.10354885
 -0.01880898 -0.03333251   -0.01801945  0.10354885   -0.14831868 -0.05385756
    2    2
  0.28125555  0.00000000   -0.00635817  0.00527595   -0.00635817  0.00527595
 -0.00635817 -0.00527595    0.24151266  0.00000000    0.00412040  0.00000000
 -0.00635817 -0.00527595    0.00412040  0.00000000    0.24151266  0.00000000

     Dynamical  Matrix in cartesian axes

     q = (   -0.500000000  -0.166666667   0.166666667 ) 

    1    1
  0.28125555  0.00000000    0.00635817  0.00527595   -0.00635817 -0.00527595
  0.00635817 -0.00527595    0.24151266  0.00000000   -0.00412040  0.00000000
 -0.00635817  0.00527595   -0.00412040  0.00000000    0.24151266  0.00000000
    1    2
 -0.13304859 -0.10269040    0.03827129 -0.00037720   -0.03827129  0.00037720
  0.03827129 -0.00037720   -0.12080135 -0.10151896   -0.08066621  0.06737972
 -0.03827129  0.00037720   -0.08066621  0.06737972   -0.12080135 -0.10151896
    2    1
 -0.13304859  0.10269040    0.03827129  0.00037720   -0.03827129 -0.00037720
  0.03827129  0.00037720   -0.12080135  0.10151896   -0.08066621 -0.06737972
 -0.03827129 -0.00037720   -0.08066621 -0.06737972   -0.12080135  0.10151896
    2    2
  0.28125555  0.00000000    0.00635817 -0.00527595   -0.00635817  0.00527595
  0.00635817  0.00527595    0.24151266  0.00000000   -0.00412040  0.00000000
 -0.00635817 -0.00527595   -0.00412040  0.00000000    0.24151266  0.00000000

     Dynamical  Matrix in cartesian axes

     q = (    0.500000000   0.166666667   0.166666667 ) 

    1    1
  0.28125555  0.00000000    0.00635817  0.00527595    0.00635817  0.00527595
  0.00635817 -0.00527595    0.24151266  0.00000000    0.00412040  0.00000000
  0.00635817 -0.00527595    0.00412040  0.00000000    0.24151266  0.00000000
    1    2
 -0.02240820  0.16656866   -0.01946231 -0.03295531   -0.01946231 -0.03295531
 -0.01946231 -0.03295531   -0.02751732  0.15537652   -0.09868566 -0.03616912
 -0.01946231 -0.03295531   -0.09868566 -0.03616912   -0.02751732  0.15537652
    2    1
 -0.02240820 -0.16656866   -0.01946231  0.03295531   -0.01946231  0.03295531
 -0.01946231  0.03295531   -0.02751732 -0.15537652   -0.09868566  0.03616912
 -0.01946231  0.03295531   -0.09868566  0.03616912   -0.02751732 -0.15537652
    2    2
  0.28125555  0.00000000    0.00635817 -0.00527595    0.00635817 -0.00527595
  0.00635817  0.00527595    0.24151266  0.00000000    0.00412040  0.00000000
  0.00635817  0.00527595    0.00412040  0.00000000    0.24151266  0.00000000

     Dynamical  Matrix in cartesian axes

     q = (   -0.166666667   0.166666667  -0.500000000 ) 

    1    1
  0.24151266  0.00000000   -0.00412040  0.00000000    0.00635817 -0.00527595
 -0.00412040  0.00000000    0.24151266  0.00000000   -0.00635817  0.00527595
  0.00635817  0.00527595   -0.00635817 -0.00527595    0.28125555  0.00000000
    1    2
 -0.12080135 -0.10151896   -0.08066621  0.06737972    0.03827129 -0.00037720
 -0.08066621  0.06737972   -0.12080135 -0.10151896   -0.03827129  0.00037720
  0.03827129 -0.00037720   -0.03827129  0.00037720   -0.13304859 -0.10269040
    2    1
 -0.12080135  0.10151896   -0.08066621 -0.06737972    0.03827129  0.00037720
 -0.08066621 -0.06737972   -0.12080135  0.10151896   -0.03827129 -0.00037720
  0.03827129  0.00037720   -0.03827129 -0.00037720   -0.13304859  0.10269040
    2    2
  0.24151266  0.00000000   -0.00412040  0.00000000    0.00635817  0.00527595
 -0.00412040  0.00000000    0.24151266  0.00000000   -0.00635817 -0.00527595
  0.00635817 -0.00527595   -0.00635817  0.00527595    0.28125555  0.00000000

     Dynamical  Matrix in cartesian axes

     q = (   -0.166666667  -0.166666667   0.500000000 ) 

    1    1
  0.24151266  0.00000000    0.00412040  0.00000000   -0.00635817  0.00527595
  0.00412040  0.00000000    0.24151266  0.00000000   -0.00635817  0.00527595
 -0.00635817 -0.00527595   -0.00635817 -0.00527595    0.28125555  0.00000000
    1    2
 -0.14831868  0.05385756   -0.01801945 -0.10354885   -0.01880898  0.03333251
 -0.01801945 -0.10354885   -0.14831868  0.05385756   -0.01880898  0.03333251
 -0.01880898  0.03333251   -0.01880898  0.03333251   -0.15545679  0.06387826
    2    1
 -0.14831868 -0.05385756   -0.01801945  0.10354885   -0.01880898 -0.03333251
 -0.01801945  0.10354885   -0.14831868 -0.05385756   -0.01880898 -0.03333251
 -0.01880898 -0.03333251   -0.01880898 -0.03333251   -0.15545679 -0.06387826
    2    2
  0.24151266  0.00000000    0.00412040  0.00000000   -0.00635817 -0.00527595
  0.00412040  0.00000000    0.24151266  0.00000000   -0.00635817 -0.00527595
 -0.00635817  0.00527595   -0.00635817  0.00527595    0.28125555  0.00000000

     Dynamical  Matrix in cartesian axes

     q = (    0.166666667   0.166666667   0.500000000 ) 

    1    1
  0.24151266  0.00000000    0.00412040  0.00000000    0.00635817 -0.00527595
  0.00412040  0.00000000    0.24151266  0.00000000    0.00635817 -0.00527595
  0.00635817  0.00527595    0.00635817  0.00527595    0.28125555  0.00000000
    1    2
 -0.02751732  0.15537652   -0.09868566 -0.03616912   -0.01946231 -0.03295531
 -0.09868566 -0.03616912   -0.02751732  0.15537652   -0.01946231 -0.03295531
 -0.01946231 -0.03295531   -0.01946231 -0.03295531   -0.02240820  0.16656866
    2    1
 -0.02751732 -0.15537652   -0.09868566  0.03616912   -0.01946231  0.03295531
 -0.09868566  0.03616912   -0.02751732 -0.15537652   -0.01946231  0.03295531
 -0.01946231  0.03295531   -0.01946231  0.03295531   -0.02240820 -0.16656866
    2    2
  0.24151266  0.00000000    0.00412040  0.00000000    0.00635817  0.00527595
  0.00412040  0.00000000    0.24151266  0.00000000    0.00635817  0.00527595
  0.00635817 -0.00527595    0.00635817 -0.00527595    0.28125555  0.00000000

     Dynamical  Matrix in cartesian axes

     q = (    0.166666667  -0.166666667  -0.500000000 ) 

    1    1
  0.24151266  0.00000000   -0.00412040  0.00000000   -0.00635817  0.00527595
 -0.00412040  0.00000000    0.24151266  0.00000000    0.00635817 -0.00527595
 -0.00635817 -0.00527595    0.00635817  0.00527595    0.28125555  0.00000000
    1    2
 -0.12080135 -0.10151896   -0.08066621  0.06737972   -0.03827129  0.00037720
 -0.08066621  0.06737972   -0.12080135 -0.10151896    0.03827129 -0.00037720
 -0.03827129  0.00037720    0.03827129 -0.00037720   -0.13304859 -0.10269040
    2    1
 -0.12080135  0.10151896   -0.08066621 -0.06737972   -0.03827129 -0.00037720
 -0.08066621 -0.06737972   -0.12080135  0.10151896    0.03827129  0.00037720
 -0.03827129 -0.00037720    0.03827129  0.00037720   -0.13304859  0.10269040
    2    2
  0.24151266  0.00000000   -0.00412040  0.00000000   -0.00635817 -0.00527595
 -0.00412040  0.00000000    0.24151266  0.00000000    0.00635817  0.00527595
 -0.00635817  0.00527595    0.00635817 -0.00527595    0.28125555  0.00000000

     Dynamical  Matrix in cartesian axes

     q = (   -0.500000000   0.166666667  -0.166666667 ) 

    1    1
  0.28125555  0.00000000   -0.00635817 -0.00527595    0.00635817  0.00527595
 -0.00635817  0.00527595    0.24151266  0.00000000   -0.00412040  0.00000000
  0.00635817 -0.00527595   -0.00412040  0.00000000    0.24151266  0.00000000
    1    2
 -0.13304859 -0.10269040   -0.03827129  0.00037720    0.03827129 -0.00037720
 -0.03827129  0.00037720   -0.12080135 -0.10151896   -0.08066621  0.06737972
  0.03827129 -0.00037720   -0.08066621  0.06737972   -0.12080135 -0.10151896
    2    1
 -0.13304859  0.10269040   -0.03827129 -0.00037720    0.03827129  0.00037720
 -0.03827129 -0.00037720   -0.12080135  0.10151896   -0.08066621 -0.06737972
  0.03827129  0.00037720   -0.08066621 -0.06737972   -0.12080135  0.10151896
    2    2
  0.28125555  0.00000000   -0.00635817  0.00527595    0.00635817 -0.00527595
 -0.00635817 -0.00527595    0.24151266  0.00000000   -0.00412040  0.00000000
  0.00635817  0.00527595   -0.00412040  0.00000000    0.24151266  0.00000000

     Dynamical  Matrix in cartesian axes

     q = (   -0.500000000  -0.166666667  -0.166666667 ) 

    1    1
  0.28125555  0.00000000    0.00635817 -0.00527595    0.00635817 -0.00527595
  0.00635817  0.00527595    0.24151266  0.00000000    0.00412040  0.00000000
  0.00635817  0.00527595    0.00412040  0.00000000    0.24151266  0.00000000
    1    2
 -0.02240820 -0.16656866   -0.01946231  0.03295531   -0.01946231  0.03295531
 -0.01946231  0.03295531   -0.02751732 -0.15537652   -0.09868566  0.03616912
 -0.01946231  0.03295531   -0.09868566  0.03616912   -0.02751732 -0.15537652
    2    1
 -0.02240820  0.16656866   -0.01946231 -0.03295531   -0.01946231 -0.03295531
 -0.01946231 -0.03295531   -0.02751732  0.15537652   -0.09868566 -0.03616912
 -0.01946231 -0.03295531   -0.09868566 -0.03616912   -0.02751732  0.15537652
    2    2
  0.28125555  0.00000000    0.00635817  0.00527595    0.00635817  0.00527595
  0.00635817 -0.00527595    0.24151266  0.00000000    0.00412040  0.00000000
  0.00635817 -0.00527595    0.00412040  0.00000000    0.24151266  0.00000000

     Dynamical  Matrix in cartesian axes

     q = (    0.166666667  -0.500000000   0.166666667 ) 

    1    1
  0.24151266  0.00000000   -0.00635817 -0.00527595    0.00412040  0.00000000
 -0.00635817  0.00527595    0.28125555  0.00000000   -0.00635817  0.00527595
  0.00412040  0.00000000   -0.00635817 -0.00527595    0.24151266  0.00000000
    1    2
 -0.14831868 -0.05385756   -0.01880898 -0.03333251   -0.01801945  0.10354885
 -0.01880898 -0.03333251   -0.15545679 -0.06387826   -0.01880898 -0.03333251
 -0.01801945  0.10354885   -0.01880898 -0.03333251   -0.14831868 -0.05385756
    2    1
 -0.14831868  0.05385756   -0.01880898  0.03333251   -0.01801945 -0.10354885
 -0.01880898  0.03333251   -0.15545679  0.06387826   -0.01880898  0.03333251
 -0.01801945 -0.10354885   -0.01880898  0.03333251   -0.14831868  0.05385756
    2    2
  0.24151266  0.00000000   -0.00635817  0.00527595    0.00412040  0.00000000
 -0.00635817 -0.00527595    0.28125555  0.00000000   -0.00635817 -0.00527595
  0.00412040  0.00000000   -0.00635817  0.00527595    0.24151266  0.00000000

     Dynamical  Matrix in cartesian axes

     q = (    0.500000000   0.166666667  -0.166666667 ) 

    1    1
  0.28125555  0.00000000    0.00635817 -0.00527595   -0.00635817  0.00527595
  0.00635817  0.00527595    0.24151266  0.00000000   -0.00412040  0.00000000
 -0.00635817 -0.00527595   -0.00412040  0.00000000    0.24151266  0.00000000
    1    2
 -0.13304859  0.10269040    0.03827129  0.00037720   -0.03827129 -0.00037720
  0.03827129  0.00037720   -0.12080135  0.10151896   -0.08066621 -0.06737972
 -0.03827129 -0.00037720   -0.08066621 -0.06737972   -0.12080135  0.10151896
    2    1
 -0.13304859 -0.10269040    0.03827129 -0.00037720   -0.03827129  0.00037720
  0.03827129 -0.00037720   -0.12080135 -0.10151896   -0.08066621  0.06737972
 -0.03827129  0.00037720   -0.08066621  0.06737972   -0.12080135 -0.10151896
    2    2
  0.28125555  0.00000000    0.00635817  0.00527595   -0.00635817 -0.00527595
  0.00635817 -0.00527595    0.24151266  0.00000000   -0.00412040  0.00000000
 -0.00635817  0.00527595   -0.00412040  0.00000000    0.24151266  0.00000000

     Dynamical  Matrix in cartesian axes

     q = (    0.166666667   0.166666667  -0.500000000 ) 

    1    1
  0.24151266  0.00000000    0.00412040  0.00000000   -0.00635817 -0.00527595
  0.00412040  0.00000000    0.24151266  0.00000000   -0.00635817 -0.00527595
 -0.00635817  0.00527595   -0.00635817  0.00527595    0.28125555  0.00000000
    1    2
 -0.14831868 -0.05385756   -0.01801945  0.10354885   -0.01880898 -0.03333251
 -0.01801945  0.10354885   -0.14831868 -0.05385756   -0.01880898 -0.03333251
 -0.01880898 -0.03333251   -0.01880898 -0.03333251   -0.15545679 -0.06387826
    2    1
 -0.14831868  0.05385756   -0.01801945 -0.10354885   -0.01880898  0.03333251
 -0.01801945 -0.10354885   -0.14831868  0.05385756   -0.01880898  0.03333251
 -0.01880898  0.03333251   -0.01880898  0.03333251   -0.15545679  0.06387826
    2    2
  0.24151266  0.00000000    0.00412040  0.00000000   -0.00635817  0.00527595
  0.00412040  0.00000000    0.24151266  0.00000000   -0.00635817  0.00527595
 -0.00635817 -0.00527595   -0.00635817 -0.00527595    0.28125555  0.00000000

     Dynamical  Matrix in cartesian axes

     q = (   -0.166666667  -0.166666667  -0.500000000 ) 

    1    1
  0.24151266  0.00000000    0.00412040  0.00000000    0.00635817  0.00527595
  0.00412040  0.00000000    0.24151266  0.00000000    0.00635817  0.00527595
  0.00635817 -0.00527595    0.00635817 -0.00527595    0.28125555  0.00000000
    1    2
 -0.02751732 -0.15537652   -0.09868566  0.03616912   -0.01946231  0.03295531
 -0.09868566  0.03616912   -0.02751732 -0.15537652   -0.01946231  0.03295531
 -0.01946231  0.03295531   -0.01946231  0.03295531   -0.02240820 -0.16656866
    2    1
 -0.02751732  0.15537652   -0.09868566 -0.03616912   -0.01946231 -0.03295531
 -0.09868566 -0.03616912   -0.02751732  0.15537652   -0.01946231 -0.03295531
 -0.01946231 -0.03295531   -0.01946231 -0.03295531   -0.02240820  0.16656866
    2    2
  0.24151266  0.00000000    0.00412040  0.00000000    0.00635817 -0.00527595
  0.00412040  0.00000000    0.24151266  0.00000000    0.00635817 -0.00527595
  0.00635817  0.00527595    0.00635817  0.00527595    0.28125555  0.00000000

     Dynamical  Matrix in cartesian axes

     q = (   -0.500000000   0.166666667   0.166666667 ) 

    1    1
  0.28125555  0.00000000   -0.00635817  0.00527595   -0.00635817  0.00527595
 -0.00635817 -0.00527595    0.24151266  0.00000000    0.00412040  0.00000000
 -0.00635817 -0.00527595    0.00412040  0.00000000    0.24151266  0.00000000
    1    2
 -0.15545679 -0.06387826   -0.01880898 -0.03333251   -0.01880898 -0.03333251
 -0.01880898 -0.03333251   -0.14831868 -0.05385756   -0.01801945  0.10354885
 -0.01880898 -0.03333251   -0.01801945  0.10354885   -0.14831868 -0.05385756
    2    1
 -0.15545679  0.06387826   -0.01880898  0.03333251   -0.01880898  0.03333251
 -0.01880898  0.03333251   -0.14831868  0.05385756   -0.01801945 -0.10354885
 -0.01880898  0.03333251   -0.01801945 -0.10354885   -0.14831868  0.05385756
    2    2
  0.28125555  0.00000000   -0.00635817 -0.00527595   -0.00635817 -0.00527595
 -0.00635817  0.00527595    0.24151266  0.00000000    0.00412040  0.00000000
 -0.00635817  0.00527595    0.00412040  0.00000000    0.24151266  0.00000000

     Dynamical  Matrix in cartesian axes

     q = (   -0.166666667   0.166666667   0.500000000 ) 

    1    1
  0.24151266  0.00000000   -0.00412040  0.00000000   -0.00635817 -0.00527595
 -0.00412040  0.00000000    0.24151266  0.00000000    0.00635817  0.00527595
 -0.00635817  0.00527595    0.00635817 -0.00527595    0.28125555  0.00000000
    1    2
 -0.12080135  0.10151896   -0.08066621 -0.06737972   -0.03827129 -0.00037720
 -0.08066621 -0.06737972   -0.12080135  0.10151896    0.03827129  0.00037720
 -0.03827129 -0.00037720    0.03827129  0.00037720   -0.13304859  0.10269040
    2    1
 -0.12080135 -0.10151896   -0.08066621  0.06737972   -0.03827129  0.00037720
 -0.08066621  0.06737972   -0.12080135 -0.10151896    0.03827129 -0.00037720
 -0.03827129  0.00037720    0.03827129 -0.00037720   -0.13304859 -0.10269040
    2    2
  0.24151266  0.00000000   -0.00412040  0.00000000   -0.00635817  0.00527595
 -0.00412040  0.00000000    0.24151266  0.00000000    0.00635817 -0.00527595
 -0.00635817 -0.00527595    0.00635817  0.00527595    0.28125555  0.00000000

     Diagonalizing the dynamical matrix

     q = (   -0.166666667   0.500000000  -0.166666667 ) 

 **************************************************************************
     freq (    1) =       3.738250 [THz] =     124.694589 [cm-1]
 (  0.318830 -0.385159 -0.000000  0.000000 -0.318830  0.385159 ) 
 (  0.500000  0.000000 -0.000000  0.000000 -0.500000  0.000000 ) 
     freq (    2) =       4.496811 [THz] =     149.997467 [cm-1]
 ( -0.423668 -0.050485 -0.354996  0.099452 -0.423668 -0.050485 ) 
 ( -0.426666 -0.000000 -0.340734 -0.140758 -0.426666  0.000000 ) 
     freq (    3) =       7.236066 [THz] =     241.369187 [cm-1]
 (  0.167955  0.212841 -0.560553 -0.196876  0.167955  0.212841 ) 
 (  0.271128 -0.000000 -0.501798 -0.318086  0.271128  0.000000 ) 
     freq (    4) =      13.265307 [THz] =     442.483018 [cm-1]
 (  0.379838  0.185573 -0.355623 -0.126897  0.379838  0.185573 ) 
 ( -0.422746 -0.000000  0.375232  0.042091 -0.422746  0.000000 ) 
     freq (    5) =      13.666094 [THz] =     455.851813 [cm-1]
 (  0.318830 -0.385159 -0.000000  0.000000 -0.318830  0.385159 ) 
 ( -0.500000 -0.000000  0.000000 -0.000000  0.500000  0.000000 ) 
     freq (    6) =      14.035015 [THz] =     468.157709 [cm-1]
 (  0.256363  0.003108  0.584370 -0.164465  0.256363  0.003108 ) 
 ( -0.256382 -0.000000 -0.582333 -0.171537 -0.256382  0.000000 ) 
 **************************************************************************
