Dynamical matrix file
                                                                           
  1    2  2 10.3160000  0.0000000  0.0000000  0.0000000  0.0000000  0.0000000
           1  'Si  '    25598.8229845270     
    1    1      0.0000000000      0.0000000000      0.0000000000
    2    1      0.2500000000      0.2500000000      0.2500000000

     Dynamical  Matrix in cartesian axes

     q = (    0.833333333  -0.166666667   0.833333333 ) 

    1    1
  0.24254024  0.00000000   -0.00273393  0.00738350    0.00300479  0.00000000
 -0.00273393 -0.00738350    0.31763531  0.00000000   -0.00273393 -0.00738350
  0.00300479  0.00000000   -0.00273393  0.00738350    0.24254024  0.00000000
    1    2
 -0.02927005  0.05201213   -0.01978975  0.03597219   -0.11587406 -0.12256210
 -0.01978975  0.03597219   -0.02296416  0.06584863   -0.01978975  0.03597219
 -0.11587406 -0.12256210   -0.01978975  0.03597219   -0.02927005  0.05201213
    2    1
 -0.02927005 -0.05201213   -0.01978975 -0.03597219   -0.11587406  0.12256210
 -0.01978975 -0.03597219   -0.02296416 -0.06584863   -0.01978975 -0.03597219
 -0.11587406  0.12256210   -0.01978975 -0.03597219   -0.02927005 -0.05201213
    2    2
  0.24254024  0.00000000   -0.00273393 -0.00738350    0.00300479  0.00000000
 -0.00273393  0.00738350    0.31763531  0.00000000   -0.00273393  0.00738350
  0.00300479  0.00000000   -0.00273393 -0.00738350    0.24254024  0.00000000

     Dynamical  Matrix in cartesian axes

     q = (   -0.833333333  -0.166666667   0.833333333 ) 

    1    1
  0.24254024  0.00000000    0.00273393  0.00738350   -0.00300479  0.00000000
  0.00273393 -0.00738350    0.31763531  0.00000000   -0.00273393  0.00738350
 -0.00300479  0.00000000   -0.00273393 -0.00738350    0.24254024  0.00000000
    1    2
 -0.03040880  0.05135467    0.02125795 -0.03512452   -0.16407892 -0.03906883
  0.02125795 -0.03512452   -0.04554451  0.05281185   -0.02125795  0.03512452
 -0.16407892 -0.03906883   -0.02125795  0.03512452   -0.03040880  0.05135467
    2    1
 -0.03040880 -0.05135467    0.02125795  0.03512452   -0.16407892  0.03906883
  0.02125795  0.03512452   -0.04554451 -0.05281185   -0.02125795 -0.03512452
 -0.16407892  0.03906883   -0.02125795 -0.03512452   -0.03040880 -0.05135467
    2    2
  0.24254024  0.00000000    0.00273393 -0.00738350   -0.00300479  0.00000000
  0.00273393  0.00738350    0.31763531  0.00000000   -0.00273393 -0.00738350
 -0.00300479  0.00000000   -0.00273393  0.00738350    0.24254024  0.00000000

     Dynamical  Matrix in cartesian axes

     q = (    0.833333333  -0.166666667  -0.833333333 ) 

    1    1
  0.24254024  0.00000000   -0.00273393 -0.00738350   -0.00300479  0.00000000
 -0.00273393  0.00738350    0.31763531  0.00000000    0.00273393 -0.00738350
 -0.00300479  0.00000000    0.00273393  0.00738350    0.24254024  0.00000000
    1    2
 -0.03040880  0.05135467   -0.02125795  0.03512452   -0.16407892 -0.03906883
 -0.02125795  0.03512452   -0.04554451  0.05281185    0.02125795 -0.03512452
 -0.16407892 -0.03906883    0.02125795 -0.03512452   -0.03040880  0.05135467
    2    1
 -0.03040880 -0.05135467   -0.02125795 -0.03512452   -0.16407892  0.03906883
 -0.02125795 -0.03512452   -0.04554451 -0.05281185    0.02125795  0.03512452
 -0.16407892  0.03906883    0.02125795  0.03512452   -0.03040880 -0.05135467
    2    2
  0.24254024  0.00000000   -0.00273393  0.00738350   -0.00300479  0.00000000
 -0.00273393 -0.00738350    0.31763531  0.00000000    0.00273393  0.00738350
 -0.00300479  0.00000000    0.00273393 -0.00738350    0.24254024  0.00000000

     Dynamical  Matrix in cartesian axes

     q = (   -0.833333333  -0.166666667  -0.833333333 ) 

    1    1
  0.24254024  0.00000000    0.00273393 -0.00738350    0.00300479  0.00000000
  0.00273393  0.00738350    0.31763531  0.00000000    0.00273393  0.00738350
  0.00300479  0.00000000    0.00273393 -0.00738350    0.24254024  0.00000000
    1    2
  0.03040880  0.05135467   -0.02125795 -0.03512452   -0.16407892  0.03906883
 -0.02125795 -0.03512452    0.04554451  0.05281185   -0.02125795 -0.03512452
 -0.16407892  0.03906883   -0.02125795 -0.03512452    0.03040880  0.05135467
    2    1
  0.03040880 -0.05135467   -0.02125795  0.03512452   -0.16407892 -0.03906883
 -0.02125795  0.03512452    0.04554451 -0.05281185   -0.02125795  0.03512452
 -0.16407892 -0.03906883   -0.02125795  0.03512452    0.03040880 -0.05135467
    2    2
  0.24254024  0.00000000    0.00273393  0.00738350    0.00300479  0.00000000
  0.00273393 -0.00738350    0.31763531  0.00000000    0.00273393 -0.00738350
  0.00300479  0.00000000    0.00273393  0.00738350    0.24254024  0.00000000

     Dynamical  Matrix in cartesian axes

     q = (   -0.166666667   0.833333333  -0.833333333 ) 

    1    1
  0.31763531  0.00000000   -0.00273393  0.00738350    0.00273393 -0.00738350
 -0.00273393 -0.00738350    0.24254024  0.00000000   -0.00300479  0.00000000
  0.00273393  0.00738350   -0.00300479  0.00000000    0.24254024  0.00000000
    1    2
 -0.04554451  0.05281185   -0.02125795  0.03512452    0.02125795 -0.03512452
 -0.02125795  0.03512452   -0.03040880  0.05135467   -0.16407892 -0.03906883
  0.02125795 -0.03512452   -0.16407892 -0.03906883   -0.03040880  0.05135467
    2    1
 -0.04554451 -0.05281185   -0.02125795 -0.03512452    0.02125795  0.03512452
 -0.02125795 -0.03512452   -0.03040880 -0.05135467   -0.16407892  0.03906883
  0.02125795  0.03512452   -0.16407892  0.03906883   -0.03040880 -0.05135467
    2    2
  0.31763531  0.00000000   -0.00273393 -0.00738350    0.00273393  0.00738350
 -0.00273393  0.00738350    0.24254024  0.00000000   -0.00300479  0.00000000
  0.00273393 -0.00738350   -0.00300479  0.00000000    0.24254024  0.00000000

     Dynamical  Matrix in cartesian axes

     q = (   -0.833333333   0.833333333  -0.166666667 ) 

    1    1
  0.24254024  0.00000000   -0.00300479  0.00000000    0.00273393  0.00738350
 -0.00300479  0.00000000    0.24254024  0.00000000   -0.00273393 -0.00738350
  0.00273393 -0.00738350   -0.00273393  0.00738350    0.31763531  0.00000000
    1    2
 -0.03040880  0.05135467   -0.16407892 -0.03906883    0.02125795 -0.03512452
 -0.16407892 -0.03906883   -0.03040880  0.05135467   -0.02125795  0.03512452
  0.02125795 -0.03512452   -0.02125795  0.03512452   -0.04554451  0.05281185
    2    1
 -0.03040880 -0.05135467   -0.16407892  0.03906883    0.02125795  0.03512452
 -0.16407892  0.03906883   -0.03040880 -0.05135467   -0.02125795 -0.03512452
  0.02125795  0.03512452   -0.02125795 -0.03512452   -0.04554451 -0.05281185
    2    2
  0.24254024  0.00000000   -0.00300479  0.00000000    0.00273393 -0.00738350
 -0.00300479  0.00000000    0.24254024  0.00000000   -0.00273393  0.00738350
  0.00273393  0.00738350   -0.00273393 -0.00738350    0.31763531  0.00000000

     Dynamical  Matrix in cartesian axes

     q = (    0.833333333   0.166666667   0.833333333 ) 

    1    1
  0.24254024  0.00000000    0.00273393  0.00738350    0.00300479  0.00000000
  0.00273393 -0.00738350    0.31763531  0.00000000    0.00273393 -0.00738350
  0.00300479  0.00000000    0.00273393  0.00738350    0.24254024  0.00000000
    1    2
  0.03040880 -0.05135467   -0.02125795  0.03512452   -0.16407892 -0.03906883
 -0.02125795  0.03512452    0.04554451 -0.05281185   -0.02125795  0.03512452
 -0.16407892 -0.03906883   -0.02125795  0.03512452    0.03040880 -0.05135467
    2    1
  0.03040880  0.05135467   -0.02125795 -0.03512452   -0.16407892  0.03906883
 -0.02125795 -0.03512452    0.04554451  0.05281185   -0.02125795 -0.03512452
 -0.16407892  0.03906883   -0.02125795 -0.03512452    0.03040880  0.05135467
    2    2
  0.24254024  0.00000000    0.00273393 -0.00738350    0.00300479  0.00000000
  0.00273393  0.00738350    0.31763531  0.00000000    0.00273393  0.00738350
  0.00300479  0.00000000    0.00273393 -0.00738350    0.24254024  0.00000000

     Dynamical  Matrix in cartesian axes

     q = (   -0.833333333   0.166666667   0.833333333 ) 

    1    1
  0.24254024  0.00000000   -0.00273393  0.00738350   -0.00300479  0.00000000
 -0.00273393 -0.00738350    0.31763531  0.00000000    0.00273393  0.00738350
 -0.00300479  0.00000000    0.00273393 -0.00738350    0.24254024  0.00000000
    1    2
 -0.03040880 -0.05135467   -0.02125795 -0.03512452   -0.16407892  0.03906883
 -0.02125795 -0.03512452   -0.04554451 -0.05281185    0.02125795  0.03512452
 -0.16407892  0.03906883    0.02125795  0.03512452   -0.03040880 -0.05135467
    2    1
 -0.03040880  0.05135467   -0.02125795  0.03512452   -0.16407892 -0.03906883
 -0.02125795  0.03512452   -0.04554451  0.05281185    0.02125795 -0.03512452
 -0.16407892 -0.03906883    0.02125795 -0.03512452   -0.03040880  0.05135467
    2    2
  0.24254024  0.00000000   -0.00273393 -0.00738350   -0.00300479  0.00000000
 -0.00273393  0.00738350    0.31763531  0.00000000    0.00273393 -0.00738350
 -0.00300479  0.00000000    0.00273393  0.00738350    0.24254024  0.00000000

     Dynamical  Matrix in cartesian axes

     q = (    0.833333333   0.166666667  -0.833333333 ) 

    1    1
  0.24254024  0.00000000    0.00273393 -0.00738350   -0.00300479  0.00000000
  0.00273393  0.00738350    0.31763531  0.00000000   -0.00273393 -0.00738350
 -0.00300479  0.00000000   -0.00273393  0.00738350    0.24254024  0.00000000
    1    2
 -0.03040880 -0.05135467    0.02125795  0.03512452   -0.16407892  0.03906883
  0.02125795  0.03512452   -0.04554451 -0.05281185   -0.02125795 -0.03512452
 -0.16407892  0.03906883   -0.02125795 -0.03512452   -0.03040880 -0.05135467
    2    1
 -0.03040880  0.05135467    0.02125795 -0.03512452   -0.16407892 -0.03906883
  0.02125795 -0.03512452   -0.04554451  0.05281185   -0.02125795  0.03512452
 -0.16407892 -0.03906883   -0.02125795  0.03512452   -0.03040880  0.05135467
    2    2
  0.24254024  0.00000000    0.00273393  0.00738350   -0.00300479  0.00000000
  0.00273393 -0.00738350    0.31763531  0.00000000   -0.00273393  0.00738350
 -0.00300479  0.00000000   -0.00273393 -0.00738350    0.24254024  0.00000000

     Dynamical  Matrix in cartesian axes

     q = (   -0.166666667   0.833333333   0.833333333 ) 

    1    1
  0.31763531  0.00000000   -0.00273393 -0.00738350   -0.00273393 -0.00738350
 -0.00273393  0.00738350    0.24254024  0.00000000    0.00300479  0.00000000
 -0.00273393  0.00738350    0.00300479  0.00000000    0.24254024  0.00000000
    1    2
 -0.02296416  0.06584863   -0.01978975  0.03597219   -0.01978975  0.03597219
 -0.01978975  0.03597219   -0.02927005  0.05201213   -0.11587406 -0.12256210
 -0.01978975  0.03597219   -0.11587406 -0.12256210   -0.02927005  0.05201213
    2    1
 -0.02296416 -0.06584863   -0.01978975 -0.03597219   -0.01978975 -0.03597219
 -0.01978975 -0.03597219   -0.02927005 -0.05201213   -0.11587406  0.12256210
 -0.01978975 -0.03597219   -0.11587406  0.12256210   -0.02927005 -0.05201213
    2    2
  0.31763531  0.00000000   -0.00273393  0.00738350   -0.00273393  0.00738350
 -0.00273393 -0.00738350    0.24254024  0.00000000    0.00300479  0.00000000
 -0.00273393 -0.00738350    0.00300479  0.00000000    0.24254024  0.00000000

     Dynamical  Matrix in cartesian axes

     q = (    0.166666667   0.833333333  -0.833333333 ) 

    1    1
  0.31763531  0.00000000    0.00273393  0.00738350   -0.00273393 -0.00738350
  0.00273393 -0.00738350    0.24254024  0.00000000   -0.00300479  0.00000000
 -0.00273393  0.00738350   -0.00300479  0.00000000    0.24254024  0.00000000
    1    2
 -0.04554451 -0.05281185    0.02125795  0.03512452   -0.02125795 -0.03512452
  0.02125795  0.03512452   -0.03040880 -0.05135467   -0.16407892  0.03906883
 -0.02125795 -0.03512452   -0.16407892  0.03906883   -0.03040880 -0.05135467
    2    1
 -0.04554451  0.05281185    0.02125795 -0.03512452   -0.02125795  0.03512452
  0.02125795 -0.03512452   -0.03040880  0.05135467   -0.16407892 -0.03906883
 -0.02125795  0.03512452   -0.16407892 -0.03906883   -0.03040880  0.05135467
    2    2
  0.31763531  0.00000000    0.00273393 -0.00738350   -0.00273393  0.00738350
  0.00273393  0.00738350    0.24254024  0.00000000   -0.00300479  0.00000000
 -0.00273393 -0.00738350   -0.00300479  0.00000000    0.24254024  0.00000000

     Dynamical  Matrix in cartesian axes

     q = (   -0.166666667  -0.833333333  -0.833333333 ) 

    1    1
  0.31763531  0.00000000    0.00273393  0.00738350    0.00273393  0.00738350
  0.00273393 -0.00738350    0.24254024  0.00000000    0.00300479  0.00000000
  0.00273393 -0.00738350    0.00300479  0.00000000    0.24254024  0.00000000
    1    2
  0.04554451  0.05281185   -0.02125795 -0.03512452   -0.02125795 -0.03512452
 -0.02125795 -0.03512452    0.03040880  0.05135467   -0.16407892  0.03906883
 -0.02125795 -0.03512452   -0.16407892  0.03906883    0.03040880  0.05135467
    2    1
  0.04554451 -0.05281185   -0.02125795  0.03512452   -0.02125795  0.03512452
 -0.02125795  0.03512452    0.03040880 -0.05135467   -0.16407892 -0.03906883
 -0.02125795  0.03512452   -0.16407892 -0.03906883    0.03040880 -0.05135467
    2    2
  0.31763531  0.00000000    0.00273393 -0.00738350    0.00273393 -0.00738350
  0.00273393  0.00738350    0.24254024  0.00000000    0.00300479  0.00000000
  0.00273393  0.00738350    0.00300479  0.00000000    0.24254024  0.00000000

     Dynamical  Matrix in cartesian axes

     q = (    0.833333333  -0.833333333   0.166666667 ) 

    1    1
  0.24254024  0.00000000   -0.00300479  0.00000000    0.00273393 -0.00738350
 -0.00300479  0.00000000    0.24254024  0.00000000   -0.00273393  0.00738350
  0.00273393  0.00738350   -0.00273393 -0.00738350    0.31763531  0.00000000
    1    2
 -0.03040880 -0.05135467   -0.16407892  0.03906883    0.02125795  0.03512452
 -0.16407892  0.03906883   -0.03040880 -0.05135467   -0.02125795 -0.03512452
  0.02125795  0.03512452   -0.02125795 -0.03512452   -0.04554451 -0.05281185
    2    1
 -0.03040880  0.05135467   -0.16407892 -0.03906883    0.02125795 -0.03512452
 -0.16407892 -0.03906883   -0.03040880  0.05135467   -0.02125795  0.03512452
  0.02125795 -0.03512452   -0.02125795  0.03512452   -0.04554451  0.05281185
    2    2
  0.24254024  0.00000000   -0.00300479  0.00000000    0.00273393  0.00738350
 -0.00300479  0.00000000    0.24254024  0.00000000   -0.00273393 -0.00738350
  0.00273393 -0.00738350   -0.00273393  0.00738350    0.31763531  0.00000000

     Dynamical  Matrix in cartesian axes

     q = (    0.833333333   0.833333333  -0.166666667 ) 

    1    1
  0.24254024  0.00000000    0.00300479  0.00000000   -0.00273393  0.00738350
  0.00300479  0.00000000    0.24254024  0.00000000   -0.00273393  0.00738350
 -0.00273393 -0.00738350   -0.00273393 -0.00738350    0.31763531  0.00000000
    1    2
 -0.02927005  0.05201213   -0.11587406 -0.12256210   -0.01978975  0.03597219
 -0.11587406 -0.12256210   -0.02927005  0.05201213   -0.01978975  0.03597219
 -0.01978975  0.03597219   -0.01978975  0.03597219   -0.02296416  0.06584863
    2    1
 -0.02927005 -0.05201213   -0.11587406  0.12256210   -0.01978975 -0.03597219
 -0.11587406  0.12256210   -0.02927005 -0.05201213   -0.01978975 -0.03597219
 -0.01978975 -0.03597219   -0.01978975 -0.03597219   -0.02296416 -0.06584863
    2    2
  0.24254024  0.00000000    0.00300479  0.00000000   -0.00273393 -0.00738350
  0.00300479  0.00000000    0.24254024  0.00000000   -0.00273393 -0.00738350
 -0.00273393  0.00738350   -0.00273393  0.00738350    0.31763531  0.00000000

     Dynamical  Matrix in cartesian axes

     q = (   -0.833333333  -0.833333333  -0.166666667 ) 

    1    1
  0.24254024  0.00000000    0.00300479  0.00000000    0.00273393 -0.00738350
  0.00300479  0.00000000    0.24254024  0.00000000    0.00273393 -0.00738350
  0.00273393  0.00738350    0.00273393  0.00738350    0.31763531  0.00000000
    1    2
  0.03040880  0.05135467   -0.16407892  0.03906883   -0.02125795 -0.03512452
 -0.16407892  0.03906883    0.03040880  0.05135467   -0.02125795 -0.03512452
 -0.02125795 -0.03512452   -0.02125795 -0.03512452    0.04554451  0.05281185
    2    1
  0.03040880 -0.05135467   -0.16407892 -0.03906883   -0.02125795  0.03512452
 -0.16407892 -0.03906883    0.03040880 -0.05135467   -0.02125795  0.03512452
 -0.02125795  0.03512452   -0.02125795  0.03512452    0.04554451 -0.05281185
    2    2
  0.24254024  0.00000000    0.00300479  0.00000000    0.00273393  0.00738350
  0.00300479  0.00000000    0.24254024  0.00000000    0.00273393  0.00738350
  0.00273393 -0.00738350    0.00273393 -0.00738350    0.31763531  0.00000000

     Dynamical  Matrix in cartesian axes

     q = (   -0.833333333   0.833333333   0.166666667 ) 

    1    1
  0.24254024  0.00000000   -0.00300479  0.00000000   -0.00273393  0.00738350
 -0.00300479  0.00000000    0.24254024  0.00000000    0.00273393 -0.00738350
 -0.00273393 -0.00738350    0.00273393  0.00738350    0.31763531  0.00000000
    1    2
 -0.03040880 -0.05135467   -0.16407892  0.03906883   -0.02125795 -0.03512452
 -0.16407892  0.03906883   -0.03040880 -0.05135467    0.02125795  0.03512452
 -0.02125795 -0.03512452    0.02125795  0.03512452   -0.04554451 -0.05281185
    2    1
 -0.03040880  0.05135467   -0.16407892 -0.03906883   -0.02125795  0.03512452
 -0.16407892 -0.03906883   -0.03040880  0.05135467    0.02125795 -0.03512452
 -0.02125795  0.03512452    0.02125795 -0.03512452   -0.04554451  0.05281185
    2    2
  0.24254024  0.00000000   -0.00300479  0.00000000   -0.00273393 -0.00738350
 -0.00300479  0.00000000    0.24254024  0.00000000    0.00273393  0.00738350
 -0.00273393  0.00738350    0.00273393 -0.00738350    0.31763531  0.00000000

     Dynamical  Matrix in cartesian axes

     q = (    0.166666667  -0.833333333   0.833333333 ) 

    1    1
  0.31763531  0.00000000   -0.00273393 -0.00738350    0.00273393  0.00738350
 -0.00273393  0.00738350    0.24254024  0.00000000   -0.00300479  0.00000000
  0.00273393 -0.00738350   -0.00300479  0.00000000    0.24254024  0.00000000
    1    2
 -0.04554451 -0.05281185   -0.02125795 -0.03512452    0.02125795  0.03512452
 -0.02125795 -0.03512452   -0.03040880 -0.05135467   -0.16407892  0.03906883
  0.02125795  0.03512452   -0.16407892  0.03906883   -0.03040880 -0.05135467
    2    1
 -0.04554451  0.05281185   -0.02125795  0.03512452    0.02125795 -0.03512452
 -0.02125795  0.03512452   -0.03040880  0.05135467   -0.16407892 -0.03906883
  0.02125795 -0.03512452   -0.16407892 -0.03906883   -0.03040880  0.05135467
    2    2
  0.31763531  0.00000000   -0.00273393  0.00738350    0.00273393 -0.00738350
 -0.00273393 -0.00738350    0.24254024  0.00000000   -0.00300479  0.00000000
  0.00273393  0.00738350   -0.00300479  0.00000000    0.24254024  0.00000000

     Dynamical  Matrix in cartesian axes

     q = (    0.166666667   0.833333333   0.833333333 ) 

    1    1
  0.31763531  0.00000000    0.00273393 -0.00738350    0.00273393 -0.00738350
  0.00273393  0.00738350    0.24254024  0.00000000    0.00300479  0.00000000
  0.00273393  0.00738350    0.00300479  0.00000000    0.24254024  0.00000000
    1    2
  0.04554451 -0.05281185   -0.02125795  0.03512452   -0.02125795  0.03512452
 -0.02125795  0.03512452    0.03040880 -0.05135467   -0.16407892 -0.03906883
 -0.02125795  0.03512452   -0.16407892 -0.03906883    0.03040880 -0.05135467
    2    1
  0.04554451  0.05281185   -0.02125795 -0.03512452   -0.02125795 -0.03512452
 -0.02125795 -0.03512452    0.03040880  0.05135467   -0.16407892  0.03906883
 -0.02125795 -0.03512452   -0.16407892  0.03906883    0.03040880  0.05135467
    2    2
  0.31763531  0.00000000    0.00273393  0.00738350    0.00273393  0.00738350
  0.00273393 -0.00738350    0.24254024  0.00000000    0.00300479  0.00000000
  0.00273393 -0.00738350    0.00300479  0.00000000    0.24254024  0.00000000

     Dynamical  Matrix in cartesian axes

     q = (   -0.833333333   0.166666667  -0.833333333 ) 

    1    1
  0.24254024  0.00000000   -0.00273393 -0.00738350    0.00300479  0.00000000
 -0.00273393  0.00738350    0.31763531  0.00000000   -0.00273393  0.00738350
  0.00300479  0.00000000   -0.00273393 -0.00738350    0.24254024  0.00000000
    1    2
 -0.02927005 -0.05201213   -0.01978975 -0.03597219   -0.11587406  0.12256210
 -0.01978975 -0.03597219   -0.02296416 -0.06584863   -0.01978975 -0.03597219
 -0.11587406  0.12256210   -0.01978975 -0.03597219   -0.02927005 -0.05201213
    2    1
 -0.02927005  0.05201213   -0.01978975  0.03597219   -0.11587406 -0.12256210
 -0.01978975  0.03597219   -0.02296416  0.06584863   -0.01978975  0.03597219
 -0.11587406 -0.12256210   -0.01978975  0.03597219   -0.02927005  0.05201213
    2    2
  0.24254024  0.00000000   -0.00273393  0.00738350    0.00300479  0.00000000
 -0.00273393 -0.00738350    0.31763531  0.00000000   -0.00273393 -0.00738350
  0.00300479  0.00000000   -0.00273393  0.00738350    0.24254024  0.00000000

     Dynamical  Matrix in cartesian axes

     q = (   -0.166666667  -0.833333333   0.833333333 ) 

    1    1
  0.31763531  0.00000000    0.00273393 -0.00738350   -0.00273393  0.00738350
  0.00273393  0.00738350    0.24254024  0.00000000   -0.00300479  0.00000000
 -0.00273393 -0.00738350   -0.00300479  0.00000000    0.24254024  0.00000000
    1    2
 -0.04554451  0.05281185    0.02125795 -0.03512452   -0.02125795  0.03512452
  0.02125795 -0.03512452   -0.03040880  0.05135467   -0.16407892 -0.03906883
 -0.02125795  0.03512452   -0.16407892 -0.03906883   -0.03040880  0.05135467
    2    1
 -0.04554451 -0.05281185    0.02125795  0.03512452   -0.02125795 -0.03512452
  0.02125795  0.03512452   -0.03040880 -0.05135467   -0.16407892  0.03906883
 -0.02125795 -0.03512452   -0.16407892  0.03906883   -0.03040880 -0.05135467
    2    2
  0.31763531  0.00000000    0.00273393  0.00738350   -0.00273393 -0.00738350
  0.00273393 -0.00738350    0.24254024  0.00000000   -0.00300479  0.00000000
 -0.00273393  0.00738350   -0.00300479  0.00000000    0.24254024  0.00000000

     Dynamical  Matrix in cartesian axes

     q = (   -0.833333333  -0.833333333   0.166666667 ) 

    1    1
  0.24254024  0.00000000    0.00300479  0.00000000   -0.00273393 -0.00738350
  0.00300479  0.00000000    0.24254024  0.00000000   -0.00273393 -0.00738350
 -0.00273393  0.00738350   -0.00273393  0.00738350    0.31763531  0.00000000
    1    2
 -0.02927005 -0.05201213   -0.11587406  0.12256210   -0.01978975 -0.03597219
 -0.11587406  0.12256210   -0.02927005 -0.05201213   -0.01978975 -0.03597219
 -0.01978975 -0.03597219   -0.01978975 -0.03597219   -0.02296416 -0.06584863
    2    1
 -0.02927005  0.05201213   -0.11587406 -0.12256210   -0.01978975  0.03597219
 -0.11587406 -0.12256210   -0.02927005  0.05201213   -0.01978975  0.03597219
 -0.01978975  0.03597219   -0.01978975  0.03597219   -0.02296416  0.06584863
    2    2
  0.24254024  0.00000000    0.00300479  0.00000000   -0.00273393  0.00738350
  0.00300479  0.00000000    0.24254024  0.00000000   -0.00273393  0.00738350
 -0.00273393 -0.00738350   -0.00273393 -0.00738350    0.31763531  0.00000000

     Dynamical  Matrix in cartesian axes

     q = (    0.833333333   0.833333333   0.166666667 ) 

    1    1
  0.24254024  0.00000000    0.00300479  0.00000000    0.00273393  0.00738350
  0.00300479  0.00000000    0.24254024  0.00000000    0.00273393  0.00738350
  0.00273393 -0.00738350    0.00273393 -0.00738350    0.31763531  0.00000000
    1    2
  0.03040880 -0.05135467   -0.16407892 -0.03906883   -0.02125795  0.03512452
 -0.16407892 -0.03906883    0.03040880 -0.05135467   -0.02125795  0.03512452
 -0.02125795  0.03512452   -0.02125795  0.03512452    0.04554451 -0.05281185
    2    1
  0.03040880  0.05135467   -0.16407892  0.03906883   -0.02125795 -0.03512452
 -0.16407892  0.03906883    0.03040880  0.05135467   -0.02125795 -0.03512452
 -0.02125795 -0.03512452   -0.02125795 -0.03512452    0.04554451  0.05281185
    2    2
  0.24254024  0.00000000    0.00300479  0.00000000    0.00273393 -0.00738350
  0.00300479  0.00000000    0.24254024  0.00000000    0.00273393 -0.00738350
  0.00273393  0.00738350    0.00273393  0.00738350    0.31763531  0.00000000

     Dynamical  Matrix in cartesian axes

     q = (    0.166666667  -0.833333333  -0.833333333 ) 

    1    1
  0.31763531  0.00000000   -0.00273393  0.00738350   -0.00273393  0.00738350
 -0.00273393 -0.00738350    0.24254024  0.00000000    0.00300479  0.00000000
 -0.00273393 -0.00738350    0.00300479  0.00000000    0.24254024  0.00000000
    1    2
 -0.02296416 -0.06584863   -0.01978975 -0.03597219   -0.01978975 -0.03597219
 -0.01978975 -0.03597219   -0.02927005 -0.05201213   -0.11587406  0.12256210
 -0.01978975 -0.03597219   -0.11587406  0.12256210   -0.02927005 -0.05201213
    2    1
 -0.02296416  0.06584863   -0.01978975  0.03597219   -0.01978975  0.03597219
 -0.01978975  0.03597219   -0.02927005  0.05201213   -0.11587406 -0.12256210
 -0.01978975  0.03597219   -0.11587406 -0.12256210   -0.02927005  0.05201213
    2    2
  0.31763531  0.00000000   -0.00273393 -0.00738350   -0.00273393 -0.00738350
 -0.00273393  0.00738350    0.24254024  0.00000000    0.00300479  0.00000000
 -0.00273393  0.00738350    0.00300479  0.00000000    0.24254024  0.00000000

     Dynamical  Matrix in cartesian axes

     q = (    0.833333333  -0.833333333  -0.166666667 ) 

    1    1
  0.24254024  0.00000000   -0.00300479  0.00000000   -0.00273393 -0.00738350
 -0.00300479  0.00000000    0.24254024  0.00000000    0.00273393  0.00738350
 -0.00273393  0.00738350    0.00273393 -0.00738350    0.31763531  0.00000000
    1    2
 -0.03040880  0.05135467   -0.16407892 -0.03906883   -0.02125795  0.03512452
 -0.16407892 -0.03906883   -0.03040880  0.05135467    0.02125795 -0.03512452
 -0.02125795  0.03512452    0.02125795 -0.03512452   -0.04554451  0.05281185
    2    1
 -0.03040880 -0.05135467   -0.16407892  0.03906883   -0.02125795 -0.03512452
 -0.16407892  0.03906883   -0.03040880 -0.05135467    0.02125795  0.03512452
 -0.02125795 -0.03512452    0.02125795  0.03512452   -0.04554451 -0.05281185
    2    2
  0.24254024  0.00000000   -0.00300479  0.00000000   -0.00273393  0.00738350
 -0.00300479  0.00000000    0.24254024  0.00000000    0.00273393 -0.00738350
 -0.00273393 -0.00738350    0.00273393  0.00738350    0.31763531  0.00000000

     Diagonalizing the dynamical matrix

     q = (    0.833333333  -0.166666667   0.833333333 ) 

 **************************************************************************
     freq (    1) =       4.345349 [THz] =     144.945255 [cm-1]
 (  0.222204  0.447912 -0.000000  0.000000 -0.222204 -0.447912 ) 
 ( -0.500000  0.000000 -0.000000 -0.000000  0.500000  0.000000 ) 
     freq (    2) =       5.542273 [THz] =     184.870332 [cm-1]
 ( -0.444686 -0.194516 -0.124809  0.115146 -0.444686 -0.194516 ) 
 ( -0.485368  0.000000 -0.068202 -0.155514 -0.485368  0.000000 ) 
     freq (    3) =      10.113150 [THz] =     337.338368 [cm-1]
 ( -0.132429  0.126747 -0.492248 -0.436448 -0.132429  0.126747 ) 
 (  0.183309  0.000000  0.053842 -0.655665  0.183309  0.000000 ) 
     freq (    4) =      12.279310 [THz] =     409.593687 [cm-1]
 ( -0.176652 -0.212689  0.582153  0.090626 -0.176652 -0.212689 ) 
 (  0.276482 -0.000000 -0.441669 -0.389927  0.276482  0.000000 ) 
     freq (    5) =      13.552373 [THz] =     452.058520 [cm-1]
 (  0.222204  0.447912 -0.000000  0.000000 -0.222204 -0.447912 ) 
 (  0.500000  0.000000  0.000000  0.000000 -0.500000  0.000000 ) 
     freq (    6) =      13.872486 [THz] =     462.736327 [cm-1]
 (  0.363243  0.149760  0.334178 -0.282097  0.363243  0.149760 ) 
 ( -0.392904 -0.000000 -0.201426 -0.388177 -0.392904  0.000000 ) 
 **************************************************************************
