Dynamical matrix file
                                                                           
  1    2  2 10.3520000  0.0000000  0.0000000  0.0000000  0.0000000  0.0000000
           1  'Si  '    25598.8229845270     
    1    1      0.0000000000      0.0000000000      0.0000000000
    2    1      0.2500000000      0.2500000000      0.2500000000

     Dynamical  Matrix in cartesian axes

     q = (    0.666666667  -0.333333333   0.666666667 ) 

    1    1
  0.25245250  0.00000000   -0.01101672  0.00711382    0.00988809  0.00000000
 -0.01101672 -0.00711382    0.28100836  0.00000000   -0.01101672 -0.00711382
  0.00988809  0.00000000   -0.01101672  0.00711382    0.25245250  0.00000000
    1    2
 -0.09475810  0.05596044   -0.06199910  0.03830955    0.02626329 -0.10978365
 -0.06199910  0.03830955   -0.09869013  0.07080574   -0.06199910  0.03830955
  0.02626329 -0.10978365   -0.06199910  0.03830955   -0.09475810  0.05596044
    2    1
 -0.09475810 -0.05596044   -0.06199910 -0.03830955    0.02626329  0.10978365
 -0.06199910 -0.03830955   -0.09869013 -0.07080574   -0.06199910 -0.03830955
  0.02626329  0.10978365   -0.06199910 -0.03830955   -0.09475810 -0.05596044
    2    2
  0.25245250  0.00000000   -0.01101672 -0.00711382    0.00988809  0.00000000
 -0.01101672  0.00711382    0.28100836  0.00000000   -0.01101672  0.00711382
  0.00988809  0.00000000   -0.01101672 -0.00711382    0.25245250  0.00000000

     Dynamical  Matrix in cartesian axes

     q = (   -0.666666667  -0.333333333  -0.666666667 ) 

    1    1
  0.25245250  0.00000000    0.01101672 -0.00711382    0.00988809  0.00000000
  0.01101672  0.00711382    0.28100836  0.00000000    0.01101672  0.00711382
  0.00988809  0.00000000    0.01101672 -0.00711382    0.25245250  0.00000000
    1    2
  0.09584221  0.05408270   -0.06417659 -0.03453802   -0.10820707  0.03214715
 -0.06417659 -0.03453802    0.11066464  0.05006528   -0.06417659 -0.03453802
 -0.10820707  0.03214715   -0.06417659 -0.03453802    0.09584221  0.05408270
    2    1
  0.09584221 -0.05408270   -0.06417659  0.03453802   -0.10820707 -0.03214715
 -0.06417659  0.03453802    0.11066464 -0.05006528   -0.06417659  0.03453802
 -0.10820707 -0.03214715   -0.06417659  0.03453802    0.09584221 -0.05408270
    2    2
  0.25245250  0.00000000    0.01101672  0.00711382    0.00988809  0.00000000
  0.01101672 -0.00711382    0.28100836  0.00000000    0.01101672 -0.00711382
  0.00988809  0.00000000    0.01101672  0.00711382    0.25245250  0.00000000

     Dynamical  Matrix in cartesian axes

     q = (    0.666666667  -0.333333333  -0.666666667 ) 

    1    1
  0.25245250  0.00000000   -0.01101672 -0.00711382   -0.00988809  0.00000000
 -0.01101672  0.00711382    0.28100836  0.00000000    0.01101672 -0.00711382
 -0.00988809  0.00000000    0.01101672  0.00711382    0.25245250  0.00000000
    1    2
 -0.09584221  0.05408270   -0.06417659  0.03453802   -0.10820707 -0.03214715
 -0.06417659  0.03453802   -0.11066464  0.05006528    0.06417659 -0.03453802
 -0.10820707 -0.03214715    0.06417659 -0.03453802   -0.09584221  0.05408270
    2    1
 -0.09584221 -0.05408270   -0.06417659 -0.03453802   -0.10820707  0.03214715
 -0.06417659 -0.03453802   -0.11066464 -0.05006528    0.06417659  0.03453802
 -0.10820707  0.03214715    0.06417659  0.03453802   -0.09584221 -0.05408270
    2    2
  0.25245250  0.00000000   -0.01101672  0.00711382   -0.00988809  0.00000000
 -0.01101672 -0.00711382    0.28100836  0.00000000    0.01101672  0.00711382
 -0.00988809  0.00000000    0.01101672 -0.00711382    0.25245250  0.00000000

     Dynamical  Matrix in cartesian axes

     q = (   -0.666666667  -0.333333333   0.666666667 ) 

    1    1
  0.25245250  0.00000000    0.01101672  0.00711382   -0.00988809  0.00000000
  0.01101672 -0.00711382    0.28100836  0.00000000   -0.01101672  0.00711382
 -0.00988809  0.00000000   -0.01101672 -0.00711382    0.25245250  0.00000000
    1    2
 -0.09584221  0.05408270    0.06417659 -0.03453802   -0.10820707 -0.03214715
  0.06417659 -0.03453802   -0.11066464  0.05006528   -0.06417659  0.03453802
 -0.10820707 -0.03214715   -0.06417659  0.03453802   -0.09584221  0.05408270
    2    1
 -0.09584221 -0.05408270    0.06417659  0.03453802   -0.10820707  0.03214715
  0.06417659  0.03453802   -0.11066464 -0.05006528   -0.06417659 -0.03453802
 -0.10820707  0.03214715   -0.06417659 -0.03453802   -0.09584221 -0.05408270
    2    2
  0.25245250  0.00000000    0.01101672 -0.00711382   -0.00988809  0.00000000
  0.01101672  0.00711382    0.28100836  0.00000000   -0.01101672 -0.00711382
 -0.00988809  0.00000000   -0.01101672  0.00711382    0.25245250  0.00000000

     Dynamical  Matrix in cartesian axes

     q = (   -0.333333333   0.666666667  -0.666666667 ) 

    1    1
  0.28100836  0.00000000   -0.01101672  0.00711382    0.01101672 -0.00711382
 -0.01101672 -0.00711382    0.25245250  0.00000000   -0.00988809  0.00000000
  0.01101672  0.00711382   -0.00988809  0.00000000    0.25245250  0.00000000
    1    2
 -0.11066464  0.05006528   -0.06417659  0.03453802    0.06417659 -0.03453802
 -0.06417659  0.03453802   -0.09584221  0.05408270   -0.10820707 -0.03214715
  0.06417659 -0.03453802   -0.10820707 -0.03214715   -0.09584221  0.05408270
    2    1
 -0.11066464 -0.05006528   -0.06417659 -0.03453802    0.06417659  0.03453802
 -0.06417659 -0.03453802   -0.09584221 -0.05408270   -0.10820707  0.03214715
  0.06417659  0.03453802   -0.10820707  0.03214715   -0.09584221 -0.05408270
    2    2
  0.28100836  0.00000000   -0.01101672 -0.00711382    0.01101672  0.00711382
 -0.01101672  0.00711382    0.25245250  0.00000000   -0.00988809  0.00000000
  0.01101672 -0.00711382   -0.00988809  0.00000000    0.25245250  0.00000000

     Dynamical  Matrix in cartesian axes

     q = (   -0.666666667   0.666666667  -0.333333333 ) 

    1    1
  0.25245250  0.00000000   -0.00988809  0.00000000    0.01101672  0.00711382
 -0.00988809  0.00000000    0.25245250  0.00000000   -0.01101672 -0.00711382
  0.01101672 -0.00711382   -0.01101672  0.00711382    0.28100836  0.00000000
    1    2
 -0.09584221  0.05408270   -0.10820707 -0.03214715    0.06417659 -0.03453802
 -0.10820707 -0.03214715   -0.09584221  0.05408270   -0.06417659  0.03453802
  0.06417659 -0.03453802   -0.06417659  0.03453802   -0.11066464  0.05006528
    2    1
 -0.09584221 -0.05408270   -0.10820707  0.03214715    0.06417659  0.03453802
 -0.10820707  0.03214715   -0.09584221 -0.05408270   -0.06417659 -0.03453802
  0.06417659  0.03453802   -0.06417659 -0.03453802   -0.11066464 -0.05006528
    2    2
  0.25245250  0.00000000   -0.00988809  0.00000000    0.01101672 -0.00711382
 -0.00988809  0.00000000    0.25245250  0.00000000   -0.01101672  0.00711382
  0.01101672  0.00711382   -0.01101672 -0.00711382    0.28100836  0.00000000

     Dynamical  Matrix in cartesian axes

     q = (    0.666666667   0.333333333   0.666666667 ) 

    1    1
  0.25245250  0.00000000    0.01101672  0.00711382    0.00988809  0.00000000
  0.01101672 -0.00711382    0.28100836  0.00000000    0.01101672 -0.00711382
  0.00988809  0.00000000    0.01101672  0.00711382    0.25245250  0.00000000
    1    2
  0.09584221 -0.05408270   -0.06417659  0.03453802   -0.10820707 -0.03214715
 -0.06417659  0.03453802    0.11066464 -0.05006528   -0.06417659  0.03453802
 -0.10820707 -0.03214715   -0.06417659  0.03453802    0.09584221 -0.05408270
    2    1
  0.09584221  0.05408270   -0.06417659 -0.03453802   -0.10820707  0.03214715
 -0.06417659 -0.03453802    0.11066464  0.05006528   -0.06417659 -0.03453802
 -0.10820707  0.03214715   -0.06417659 -0.03453802    0.09584221  0.05408270
    2    2
  0.25245250  0.00000000    0.01101672 -0.00711382    0.00988809  0.00000000
  0.01101672  0.00711382    0.28100836  0.00000000    0.01101672  0.00711382
  0.00988809  0.00000000    0.01101672 -0.00711382    0.25245250  0.00000000

     Dynamical  Matrix in cartesian axes

     q = (   -0.666666667   0.333333333   0.666666667 ) 

    1    1
  0.25245250  0.00000000   -0.01101672  0.00711382   -0.00988809  0.00000000
 -0.01101672 -0.00711382    0.28100836  0.00000000    0.01101672  0.00711382
 -0.00988809  0.00000000    0.01101672 -0.00711382    0.25245250  0.00000000
    1    2
 -0.09584221 -0.05408270   -0.06417659 -0.03453802   -0.10820707  0.03214715
 -0.06417659 -0.03453802   -0.11066464 -0.05006528    0.06417659  0.03453802
 -0.10820707  0.03214715    0.06417659  0.03453802   -0.09584221 -0.05408270
    2    1
 -0.09584221  0.05408270   -0.06417659  0.03453802   -0.10820707 -0.03214715
 -0.06417659  0.03453802   -0.11066464  0.05006528    0.06417659 -0.03453802
 -0.10820707 -0.03214715    0.06417659 -0.03453802   -0.09584221  0.05408270
    2    2
  0.25245250  0.00000000   -0.01101672 -0.00711382   -0.00988809  0.00000000
 -0.01101672  0.00711382    0.28100836  0.00000000    0.01101672 -0.00711382
 -0.00988809  0.00000000    0.01101672  0.00711382    0.25245250  0.00000000

     Dynamical  Matrix in cartesian axes

     q = (    0.666666667   0.333333333  -0.666666667 ) 

    1    1
  0.25245250  0.00000000    0.01101672 -0.00711382   -0.00988809  0.00000000
  0.01101672  0.00711382    0.28100836  0.00000000   -0.01101672 -0.00711382
 -0.00988809  0.00000000   -0.01101672  0.00711382    0.25245250  0.00000000
    1    2
 -0.09584221 -0.05408270    0.06417659  0.03453802   -0.10820707  0.03214715
  0.06417659  0.03453802   -0.11066464 -0.05006528   -0.06417659 -0.03453802
 -0.10820707  0.03214715   -0.06417659 -0.03453802   -0.09584221 -0.05408270
    2    1
 -0.09584221  0.05408270    0.06417659 -0.03453802   -0.10820707 -0.03214715
  0.06417659 -0.03453802   -0.11066464  0.05006528   -0.06417659  0.03453802
 -0.10820707 -0.03214715   -0.06417659  0.03453802   -0.09584221  0.05408270
    2    2
  0.25245250  0.00000000    0.01101672  0.00711382   -0.00988809  0.00000000
  0.01101672 -0.00711382    0.28100836  0.00000000   -0.01101672  0.00711382
 -0.00988809  0.00000000   -0.01101672 -0.00711382    0.25245250  0.00000000

     Dynamical  Matrix in cartesian axes

     q = (   -0.333333333   0.666666667   0.666666667 ) 

    1    1
  0.28100836  0.00000000   -0.01101672 -0.00711382   -0.01101672 -0.00711382
 -0.01101672  0.00711382    0.25245250  0.00000000    0.00988809  0.00000000
 -0.01101672  0.00711382    0.00988809  0.00000000    0.25245250  0.00000000
    1    2
 -0.09869013  0.07080574   -0.06199910  0.03830955   -0.06199910  0.03830955
 -0.06199910  0.03830955   -0.09475810  0.05596044    0.02626329 -0.10978365
 -0.06199910  0.03830955    0.02626329 -0.10978365   -0.09475810  0.05596044
    2    1
 -0.09869013 -0.07080574   -0.06199910 -0.03830955   -0.06199910 -0.03830955
 -0.06199910 -0.03830955   -0.09475810 -0.05596044    0.02626329  0.10978365
 -0.06199910 -0.03830955    0.02626329  0.10978365   -0.09475810 -0.05596044
    2    2
  0.28100836  0.00000000   -0.01101672  0.00711382   -0.01101672  0.00711382
 -0.01101672 -0.00711382    0.25245250  0.00000000    0.00988809  0.00000000
 -0.01101672 -0.00711382    0.00988809  0.00000000    0.25245250  0.00000000

     Dynamical  Matrix in cartesian axes

     q = (    0.333333333   0.666666667  -0.666666667 ) 

    1    1
  0.28100836  0.00000000    0.01101672  0.00711382   -0.01101672 -0.00711382
  0.01101672 -0.00711382    0.25245250  0.00000000   -0.00988809  0.00000000
 -0.01101672  0.00711382   -0.00988809  0.00000000    0.25245250  0.00000000
    1    2
 -0.11066464 -0.05006528    0.06417659  0.03453802   -0.06417659 -0.03453802
  0.06417659  0.03453802   -0.09584221 -0.05408270   -0.10820707  0.03214715
 -0.06417659 -0.03453802   -0.10820707  0.03214715   -0.09584221 -0.05408270
    2    1
 -0.11066464  0.05006528    0.06417659 -0.03453802   -0.06417659  0.03453802
  0.06417659 -0.03453802   -0.09584221  0.05408270   -0.10820707 -0.03214715
 -0.06417659  0.03453802   -0.10820707 -0.03214715   -0.09584221  0.05408270
    2    2
  0.28100836  0.00000000    0.01101672 -0.00711382   -0.01101672  0.00711382
  0.01101672  0.00711382    0.25245250  0.00000000   -0.00988809  0.00000000
 -0.01101672 -0.00711382   -0.00988809  0.00000000    0.25245250  0.00000000

     Dynamical  Matrix in cartesian axes

     q = (   -0.333333333  -0.666666667  -0.666666667 ) 

    1    1
  0.28100836  0.00000000    0.01101672  0.00711382    0.01101672  0.00711382
  0.01101672 -0.00711382    0.25245250  0.00000000    0.00988809  0.00000000
  0.01101672 -0.00711382    0.00988809  0.00000000    0.25245250  0.00000000
    1    2
  0.11066464  0.05006528   -0.06417659 -0.03453802   -0.06417659 -0.03453802
 -0.06417659 -0.03453802    0.09584221  0.05408270   -0.10820707  0.03214715
 -0.06417659 -0.03453802   -0.10820707  0.03214715    0.09584221  0.05408270
    2    1
  0.11066464 -0.05006528   -0.06417659  0.03453802   -0.06417659  0.03453802
 -0.06417659  0.03453802    0.09584221 -0.05408270   -0.10820707 -0.03214715
 -0.06417659  0.03453802   -0.10820707 -0.03214715    0.09584221 -0.05408270
    2    2
  0.28100836  0.00000000    0.01101672 -0.00711382    0.01101672 -0.00711382
  0.01101672  0.00711382    0.25245250  0.00000000    0.00988809  0.00000000
  0.01101672  0.00711382    0.00988809  0.00000000    0.25245250  0.00000000

     Dynamical  Matrix in cartesian axes

     q = (    0.666666667  -0.666666667   0.333333333 ) 

    1    1
  0.25245250  0.00000000   -0.00988809  0.00000000    0.01101672 -0.00711382
 -0.00988809  0.00000000    0.25245250  0.00000000   -0.01101672  0.00711382
  0.01101672  0.00711382   -0.01101672 -0.00711382    0.28100836  0.00000000
    1    2
 -0.09584221 -0.05408270   -0.10820707  0.03214715    0.06417659  0.03453802
 -0.10820707  0.03214715   -0.09584221 -0.05408270   -0.06417659 -0.03453802
  0.06417659  0.03453802   -0.06417659 -0.03453802   -0.11066464 -0.05006528
    2    1
 -0.09584221  0.05408270   -0.10820707 -0.03214715    0.06417659 -0.03453802
 -0.10820707 -0.03214715   -0.09584221  0.05408270   -0.06417659  0.03453802
  0.06417659 -0.03453802   -0.06417659  0.03453802   -0.11066464  0.05006528
    2    2
  0.25245250  0.00000000   -0.00988809  0.00000000    0.01101672  0.00711382
 -0.00988809  0.00000000    0.25245250  0.00000000   -0.01101672 -0.00711382
  0.01101672 -0.00711382   -0.01101672  0.00711382    0.28100836  0.00000000

     Dynamical  Matrix in cartesian axes

     q = (    0.666666667   0.666666667  -0.333333333 ) 

    1    1
  0.25245250  0.00000000    0.00988809  0.00000000   -0.01101672  0.00711382
  0.00988809  0.00000000    0.25245250  0.00000000   -0.01101672  0.00711382
 -0.01101672 -0.00711382   -0.01101672 -0.00711382    0.28100836  0.00000000
    1    2
 -0.09475810  0.05596044    0.02626329 -0.10978365   -0.06199910  0.03830955
  0.02626329 -0.10978365   -0.09475810  0.05596044   -0.06199910  0.03830955
 -0.06199910  0.03830955   -0.06199910  0.03830955   -0.09869013  0.07080574
    2    1
 -0.09475810 -0.05596044    0.02626329  0.10978365   -0.06199910 -0.03830955
  0.02626329  0.10978365   -0.09475810 -0.05596044   -0.06199910 -0.03830955
 -0.06199910 -0.03830955   -0.06199910 -0.03830955   -0.09869013 -0.07080574
    2    2
  0.25245250  0.00000000    0.00988809  0.00000000   -0.01101672 -0.00711382
  0.00988809  0.00000000    0.25245250  0.00000000   -0.01101672 -0.00711382
 -0.01101672  0.00711382   -0.01101672  0.00711382    0.28100836  0.00000000

     Dynamical  Matrix in cartesian axes

     q = (   -0.666666667  -0.666666667  -0.333333333 ) 

    1    1
  0.25245250  0.00000000    0.00988809  0.00000000    0.01101672 -0.00711382
  0.00988809  0.00000000    0.25245250  0.00000000    0.01101672 -0.00711382
  0.01101672  0.00711382    0.01101672  0.00711382    0.28100836  0.00000000
    1    2
  0.09584221  0.05408270   -0.10820707  0.03214715   -0.06417659 -0.03453802
 -0.10820707  0.03214715    0.09584221  0.05408270   -0.06417659 -0.03453802
 -0.06417659 -0.03453802   -0.06417659 -0.03453802    0.11066464  0.05006528
    2    1
  0.09584221 -0.05408270   -0.10820707 -0.03214715   -0.06417659  0.03453802
 -0.10820707 -0.03214715    0.09584221 -0.05408270   -0.06417659  0.03453802
 -0.06417659  0.03453802   -0.06417659  0.03453802    0.11066464 -0.05006528
    2    2
  0.25245250  0.00000000    0.00988809  0.00000000    0.01101672  0.00711382
  0.00988809  0.00000000    0.25245250  0.00000000    0.01101672  0.00711382
  0.01101672 -0.00711382    0.01101672 -0.00711382    0.28100836  0.00000000

     Dynamical  Matrix in cartesian axes

     q = (   -0.666666667   0.666666667   0.333333333 ) 

    1    1
  0.25245250  0.00000000   -0.00988809  0.00000000   -0.01101672  0.00711382
 -0.00988809  0.00000000    0.25245250  0.00000000    0.01101672 -0.00711382
 -0.01101672 -0.00711382    0.01101672  0.00711382    0.28100836  0.00000000
    1    2
 -0.09584221 -0.05408270   -0.10820707  0.03214715   -0.06417659 -0.03453802
 -0.10820707  0.03214715   -0.09584221 -0.05408270    0.06417659  0.03453802
 -0.06417659 -0.03453802    0.06417659  0.03453802   -0.11066464 -0.05006528
    2    1
 -0.09584221  0.05408270   -0.10820707 -0.03214715   -0.06417659  0.03453802
 -0.10820707 -0.03214715   -0.09584221  0.05408270    0.06417659 -0.03453802
 -0.06417659  0.03453802    0.06417659 -0.03453802   -0.11066464  0.05006528
    2    2
  0.25245250  0.00000000   -0.00988809  0.00000000   -0.01101672 -0.00711382
 -0.00988809  0.00000000    0.25245250  0.00000000    0.01101672  0.00711382
 -0.01101672  0.00711382    0.01101672 -0.00711382    0.28100836  0.00000000

     Dynamical  Matrix in cartesian axes

     q = (    0.333333333  -0.666666667   0.666666667 ) 

    1    1
  0.28100836  0.00000000   -0.01101672 -0.00711382    0.01101672  0.00711382
 -0.01101672  0.00711382    0.25245250  0.00000000   -0.00988809  0.00000000
  0.01101672 -0.00711382   -0.00988809  0.00000000    0.25245250  0.00000000
    1    2
 -0.11066464 -0.05006528   -0.06417659 -0.03453802    0.06417659  0.03453802
 -0.06417659 -0.03453802   -0.09584221 -0.05408270   -0.10820707  0.03214715
  0.06417659  0.03453802   -0.10820707  0.03214715   -0.09584221 -0.05408270
    2    1
 -0.11066464  0.05006528   -0.06417659  0.03453802    0.06417659 -0.03453802
 -0.06417659  0.03453802   -0.09584221  0.05408270   -0.10820707 -0.03214715
  0.06417659 -0.03453802   -0.10820707 -0.03214715   -0.09584221  0.05408270
    2    2
  0.28100836  0.00000000   -0.01101672  0.00711382    0.01101672 -0.00711382
 -0.01101672 -0.00711382    0.25245250  0.00000000   -0.00988809  0.00000000
  0.01101672  0.00711382   -0.00988809  0.00000000    0.25245250  0.00000000

     Dynamical  Matrix in cartesian axes

     q = (    0.333333333   0.666666667   0.666666667 ) 

    1    1
  0.28100836  0.00000000    0.01101672 -0.00711382    0.01101672 -0.00711382
  0.01101672  0.00711382    0.25245250  0.00000000    0.00988809  0.00000000
  0.01101672  0.00711382    0.00988809  0.00000000    0.25245250  0.00000000
    1    2
  0.11066464 -0.05006528   -0.06417659  0.03453802   -0.06417659  0.03453802
 -0.06417659  0.03453802    0.09584221 -0.05408270   -0.10820707 -0.03214715
 -0.06417659  0.03453802   -0.10820707 -0.03214715    0.09584221 -0.05408270
    2    1
  0.11066464  0.05006528   -0.06417659 -0.03453802   -0.06417659 -0.03453802
 -0.06417659 -0.03453802    0.09584221  0.05408270   -0.10820707  0.03214715
 -0.06417659 -0.03453802   -0.10820707  0.03214715    0.09584221  0.05408270
    2    2
  0.28100836  0.00000000    0.01101672  0.00711382    0.01101672  0.00711382
  0.01101672 -0.00711382    0.25245250  0.00000000    0.00988809  0.00000000
  0.01101672 -0.00711382    0.00988809  0.00000000    0.25245250  0.00000000

     Dynamical  Matrix in cartesian axes

     q = (   -0.666666667   0.333333333  -0.666666667 ) 

    1    1
  0.25245250  0.00000000   -0.01101672 -0.00711382    0.00988809  0.00000000
 -0.01101672  0.00711382    0.28100836  0.00000000   -0.01101672  0.00711382
  0.00988809  0.00000000   -0.01101672 -0.00711382    0.25245250  0.00000000
    1    2
 -0.09475810 -0.05596044   -0.06199910 -0.03830955    0.02626329  0.10978365
 -0.06199910 -0.03830955   -0.09869013 -0.07080574   -0.06199910 -0.03830955
  0.02626329  0.10978365   -0.06199910 -0.03830955   -0.09475810 -0.05596044
    2    1
 -0.09475810  0.05596044   -0.06199910  0.03830955    0.02626329 -0.10978365
 -0.06199910  0.03830955   -0.09869013  0.07080574   -0.06199910  0.03830955
  0.02626329 -0.10978365   -0.06199910  0.03830955   -0.09475810  0.05596044
    2    2
  0.25245250  0.00000000   -0.01101672  0.00711382    0.00988809  0.00000000
 -0.01101672 -0.00711382    0.28100836  0.00000000   -0.01101672 -0.00711382
  0.00988809  0.00000000   -0.01101672  0.00711382    0.25245250  0.00000000

     Dynamical  Matrix in cartesian axes

     q = (   -0.333333333  -0.666666667   0.666666667 ) 

    1    1
  0.28100836  0.00000000    0.01101672 -0.00711382   -0.01101672  0.00711382
  0.01101672  0.00711382    0.25245250  0.00000000   -0.00988809  0.00000000
 -0.01101672 -0.00711382   -0.00988809  0.00000000    0.25245250  0.00000000
    1    2
 -0.11066464  0.05006528    0.06417659 -0.03453802   -0.06417659  0.03453802
  0.06417659 -0.03453802   -0.09584221  0.05408270   -0.10820707 -0.03214715
 -0.06417659  0.03453802   -0.10820707 -0.03214715   -0.09584221  0.05408270
    2    1
 -0.11066464 -0.05006528    0.06417659  0.03453802   -0.06417659 -0.03453802
  0.06417659  0.03453802   -0.09584221 -0.05408270   -0.10820707  0.03214715
 -0.06417659 -0.03453802   -0.10820707  0.03214715   -0.09584221 -0.05408270
    2    2
  0.28100836  0.00000000    0.01101672  0.00711382   -0.01101672 -0.00711382
  0.01101672 -0.00711382    0.25245250  0.00000000   -0.00988809  0.00000000
 -0.01101672  0.00711382   -0.00988809  0.00000000    0.25245250  0.00000000

     Dynamical  Matrix in cartesian axes

     q = (   -0.666666667  -0.666666667   0.333333333 ) 

    1    1
  0.25245250  0.00000000    0.00988809  0.00000000   -0.01101672 -0.00711382
  0.00988809  0.00000000    0.25245250  0.00000000   -0.01101672 -0.00711382
 -0.01101672  0.00711382   -0.01101672  0.00711382    0.28100836  0.00000000
    1    2
 -0.09475810 -0.05596044    0.02626329  0.10978365   -0.06199910 -0.03830955
  0.02626329  0.10978365   -0.09475810 -0.05596044   -0.06199910 -0.03830955
 -0.06199910 -0.03830955   -0.06199910 -0.03830955   -0.09869013 -0.07080574
    2    1
 -0.09475810  0.05596044    0.02626329 -0.10978365   -0.06199910  0.03830955
  0.02626329 -0.10978365   -0.09475810  0.05596044   -0.06199910  0.03830955
 -0.06199910  0.03830955   -0.06199910  0.03830955   -0.09869013  0.07080574
    2    2
  0.25245250  0.00000000    0.00988809  0.00000000   -0.01101672  0.00711382
  0.00988809  0.00000000    0.25245250  0.00000000   -0.01101672  0.00711382
 -0.01101672 -0.00711382   -0.01101672 -0.00711382    0.28100836  0.00000000

     Dynamical  Matrix in cartesian axes

     q = (    0.666666667   0.666666667   0.333333333 ) 

    1    1
  0.25245250  0.00000000    0.00988809  0.00000000    0.01101672  0.00711382
  0.00988809  0.00000000    0.25245250  0.00000000    0.01101672  0.00711382
  0.01101672 -0.00711382    0.01101672 -0.00711382    0.28100836  0.00000000
    1    2
  0.09584221 -0.05408270   -0.10820707 -0.03214715   -0.06417659  0.03453802
 -0.10820707 -0.03214715    0.09584221 -0.05408270   -0.06417659  0.03453802
 -0.06417659  0.03453802   -0.06417659  0.03453802    0.11066464 -0.05006528
    2    1
  0.09584221  0.05408270   -0.10820707  0.03214715   -0.06417659 -0.03453802
 -0.10820707  0.03214715    0.09584221  0.05408270   -0.06417659 -0.03453802
 -0.06417659 -0.03453802   -0.06417659 -0.03453802    0.11066464  0.05006528
    2    2
  0.25245250  0.00000000    0.00988809  0.00000000    0.01101672 -0.00711382
  0.00988809  0.00000000    0.25245250  0.00000000    0.01101672 -0.00711382
  0.01101672  0.00711382    0.01101672  0.00711382    0.28100836  0.00000000

     Dynamical  Matrix in cartesian axes

     q = (    0.333333333  -0.666666667  -0.666666667 ) 

    1    1
  0.28100836  0.00000000   -0.01101672  0.00711382   -0.01101672  0.00711382
 -0.01101672 -0.00711382    0.25245250  0.00000000    0.00988809  0.00000000
 -0.01101672 -0.00711382    0.00988809  0.00000000    0.25245250  0.00000000
    1    2
 -0.09869013 -0.07080574   -0.06199910 -0.03830955   -0.06199910 -0.03830955
 -0.06199910 -0.03830955   -0.09475810 -0.05596044    0.02626329  0.10978365
 -0.06199910 -0.03830955    0.02626329  0.10978365   -0.09475810 -0.05596044
    2    1
 -0.09869013  0.07080574   -0.06199910  0.03830955   -0.06199910  0.03830955
 -0.06199910  0.03830955   -0.09475810  0.05596044    0.02626329 -0.10978365
 -0.06199910  0.03830955    0.02626329 -0.10978365   -0.09475810  0.05596044
    2    2
  0.28100836  0.00000000   -0.01101672 -0.00711382   -0.01101672 -0.00711382
 -0.01101672  0.00711382    0.25245250  0.00000000    0.00988809  0.00000000
 -0.01101672  0.00711382    0.00988809  0.00000000    0.25245250  0.00000000

     Dynamical  Matrix in cartesian axes

     q = (    0.666666667  -0.666666667  -0.333333333 ) 

    1    1
  0.25245250  0.00000000   -0.00988809  0.00000000   -0.01101672 -0.00711382
 -0.00988809  0.00000000    0.25245250  0.00000000    0.01101672  0.00711382
 -0.01101672  0.00711382    0.01101672 -0.00711382    0.28100836  0.00000000
    1    2
 -0.09584221  0.05408270   -0.10820707 -0.03214715   -0.06417659  0.03453802
 -0.10820707 -0.03214715   -0.09584221  0.05408270    0.06417659 -0.03453802
 -0.06417659  0.03453802    0.06417659 -0.03453802   -0.11066464  0.05006528
    2    1
 -0.09584221 -0.05408270   -0.10820707  0.03214715   -0.06417659 -0.03453802
 -0.10820707  0.03214715   -0.09584221 -0.05408270    0.06417659  0.03453802
 -0.06417659 -0.03453802    0.06417659  0.03453802   -0.11066464 -0.05006528
    2    2
  0.25245250  0.00000000   -0.00988809  0.00000000   -0.01101672  0.00711382
 -0.00988809  0.00000000    0.25245250  0.00000000    0.01101672 -0.00711382
 -0.01101672 -0.00711382    0.01101672  0.00711382    0.28100836  0.00000000

     Diagonalizing the dynamical matrix

     q = (    0.666666667  -0.333333333   0.666666667 ) 

 **************************************************************************
     freq (    1) =       3.973279 [THz] =     132.534331 [cm-1]
 ( -0.294851  0.403811 -0.000000  0.000000  0.294851 -0.403811 ) 
 ( -0.500000  0.000000 -0.000000 -0.000000  0.500000  0.000000 ) 
     freq (    2) =       5.169715 [THz] =     172.443132 [cm-1]
 (  0.328101  0.032114  0.507838 -0.157280  0.328101  0.032114 ) 
 (  0.329669 -0.000000  0.490101  0.206002  0.329669  0.000000 ) 
     freq (    3) =       9.623910 [THz] =     321.019093 [cm-1]
 (  0.130815 -0.387335  0.115309  0.390413  0.130815 -0.387335 ) 
 ( -0.408829  0.000000  0.332991  0.234169 -0.408829  0.000000 ) 
     freq (    4) =      11.930371 [THz] =     397.954353 [cm-1]
 (  0.079845 -0.353035  0.126274  0.471207  0.079845 -0.353035 ) 
 (  0.361952  0.000000 -0.431744 -0.227109  0.361952  0.000000 ) 
     freq (    5) =      13.759477 [THz] =     458.966748 [cm-1]
 (  0.294851 -0.403811  0.000000 -0.000000 -0.294851  0.403811 ) 
 ( -0.500000 -0.000000  0.000000 -0.000000  0.500000  0.000000 ) 
     freq (    6) =      14.063119 [THz] =     469.095153 [cm-1]
 (  0.273835  0.134843  0.543785 -0.134021  0.273835  0.134843 ) 
 ( -0.305235 -0.000000 -0.428639 -0.360461 -0.305235  0.000000 ) 
 **************************************************************************
