Dynamical matrix file
                                                                           
  1    2  2 10.3040000  0.0000000  0.0000000  0.0000000  0.0000000  0.0000000
           1  'Si  '    25598.8229845270     
    1    1      0.0000000000      0.0000000000      0.0000000000
    2    1      0.2500000000      0.2500000000      0.2500000000

     Dynamical  Matrix in cartesian axes

     q = (    0.333333333   0.000000000   0.333333333 ) 

    1    1
  0.26811783  0.00000000    0.00000000  0.00480972    0.00786075  0.00000000
  0.00000000 -0.00480972    0.26950171  0.00000000   -0.00000000 -0.00480972
  0.00786075  0.00000000   -0.00000000  0.00480972    0.26811783  0.00000000
    1    2
 -0.09569973  0.16575679   -0.06283556 -0.03627813    0.02165887 -0.03751427
 -0.06283556 -0.03627813   -0.10059357  0.17423317   -0.06283556 -0.03627813
  0.02165887 -0.03751427   -0.06283556 -0.03627813   -0.09569973  0.16575679
    2    1
 -0.09569973 -0.16575679   -0.06283556  0.03627813    0.02165887  0.03751427
 -0.06283556  0.03627813   -0.10059357 -0.17423317   -0.06283556  0.03627813
  0.02165887  0.03751427   -0.06283556  0.03627813   -0.09569973 -0.16575679
    2    2
  0.26811783  0.00000000    0.00000000 -0.00480972    0.00786075  0.00000000
  0.00000000  0.00480972    0.26950171  0.00000000    0.00000000  0.00480972
  0.00786075  0.00000000    0.00000000 -0.00480972    0.26811783  0.00000000

     Dynamical  Matrix in cartesian axes

     q = (   -0.333333333   0.000000000   0.333333333 ) 

    1    1
  0.26811783  0.00000000    0.00000000  0.00480972   -0.00786075  0.00000000
  0.00000000 -0.00480972    0.26950171  0.00000000    0.00000000  0.00480972
 -0.00786075  0.00000000    0.00000000 -0.00480972    0.26811783  0.00000000
    1    2
 -0.19139945  0.00000000   -0.00000000 -0.07255625   -0.04331775  0.00000000
 -0.00000000 -0.07255625   -0.20118713  0.00000000   -0.00000000  0.07255625
 -0.04331775  0.00000000    0.00000000  0.07255625   -0.19139945  0.00000000
    2    1
 -0.19139945  0.00000000    0.00000000  0.07255625   -0.04331775  0.00000000
  0.00000000  0.07255625   -0.20118713  0.00000000    0.00000000 -0.07255625
 -0.04331775  0.00000000   -0.00000000 -0.07255625   -0.19139945  0.00000000
    2    2
  0.26811783  0.00000000    0.00000000 -0.00480972   -0.00786075  0.00000000
  0.00000000  0.00480972    0.26950171  0.00000000    0.00000000 -0.00480972
 -0.00786075  0.00000000    0.00000000  0.00480972    0.26811783  0.00000000

     Dynamical  Matrix in cartesian axes

     q = (    0.333333333   0.000000000  -0.333333333 ) 

    1    1
  0.26811783  0.00000000    0.00000000 -0.00480972   -0.00786075  0.00000000
  0.00000000  0.00480972    0.26950171  0.00000000    0.00000000 -0.00480972
 -0.00786075  0.00000000    0.00000000  0.00480972    0.26811783  0.00000000
    1    2
 -0.19139945  0.00000000   -0.00000000  0.07255625   -0.04331775  0.00000000
 -0.00000000  0.07255625   -0.20118713 -0.00000000    0.00000000 -0.07255625
 -0.04331775  0.00000000    0.00000000 -0.07255625   -0.19139945  0.00000000
    2    1
 -0.19139945  0.00000000    0.00000000 -0.07255625   -0.04331775  0.00000000
 -0.00000000 -0.07255625   -0.20118713  0.00000000    0.00000000  0.07255625
 -0.04331775  0.00000000    0.00000000  0.07255625   -0.19139945  0.00000000
    2    2
  0.26811783  0.00000000    0.00000000  0.00480972   -0.00786075  0.00000000
  0.00000000 -0.00480972    0.26950171  0.00000000    0.00000000  0.00480972
 -0.00786075  0.00000000    0.00000000 -0.00480972    0.26811783  0.00000000

     Dynamical  Matrix in cartesian axes

     q = (   -0.333333333   0.000000000  -0.333333333 ) 

    1    1
  0.26811783  0.00000000    0.00000000 -0.00480972    0.00786075  0.00000000
  0.00000000  0.00480972    0.26950171  0.00000000   -0.00000000  0.00480972
  0.00786075  0.00000000   -0.00000000 -0.00480972    0.26811783  0.00000000
    1    2
 -0.09569973 -0.16575679   -0.06283556  0.03627813    0.02165887  0.03751427
 -0.06283556  0.03627813   -0.10059357 -0.17423317   -0.06283556  0.03627813
  0.02165887  0.03751427   -0.06283556  0.03627813   -0.09569973 -0.16575679
    2    1
 -0.09569973  0.16575679   -0.06283556 -0.03627813    0.02165887 -0.03751427
 -0.06283556 -0.03627813   -0.10059357  0.17423317   -0.06283556 -0.03627813
  0.02165887 -0.03751427   -0.06283556 -0.03627813   -0.09569973  0.16575679
    2    2
  0.26811783  0.00000000    0.00000000  0.00480972    0.00786075  0.00000000
  0.00000000 -0.00480972    0.26950171  0.00000000    0.00000000 -0.00480972
  0.00786075  0.00000000    0.00000000  0.00480972    0.26811783  0.00000000

     Dynamical  Matrix in cartesian axes

     q = (    0.000000000   0.333333333  -0.333333333 ) 

    1    1
  0.26950171  0.00000000    0.00000000  0.00480972    0.00000000 -0.00480972
  0.00000000 -0.00480972    0.26811783  0.00000000   -0.00786075  0.00000000
  0.00000000  0.00480972   -0.00786075  0.00000000    0.26811783  0.00000000
    1    2
 -0.20118713  0.00000000   -0.00000000  0.07255625    0.00000000 -0.07255625
 -0.00000000  0.07255625   -0.19139945 -0.00000000   -0.04331775  0.00000000
  0.00000000 -0.07255625   -0.04331775  0.00000000   -0.19139945 -0.00000000
    2    1
 -0.20118713  0.00000000    0.00000000 -0.07255625    0.00000000  0.07255625
  0.00000000 -0.07255625   -0.19139945  0.00000000   -0.04331775 -0.00000000
  0.00000000  0.07255625   -0.04331775 -0.00000000   -0.19139945  0.00000000
    2    2
  0.26950171  0.00000000    0.00000000 -0.00480972    0.00000000  0.00480972
  0.00000000  0.00480972    0.26811783  0.00000000   -0.00786075  0.00000000
  0.00000000 -0.00480972   -0.00786075  0.00000000    0.26811783  0.00000000

     Dynamical  Matrix in cartesian axes

     q = (   -0.333333333   0.333333333   0.000000000 ) 

    1    1
  0.26811783  0.00000000   -0.00786075  0.00000000    0.00000000  0.00480972
 -0.00786075  0.00000000    0.26811783  0.00000000    0.00000000 -0.00480972
  0.00000000 -0.00480972    0.00000000  0.00480972    0.26950171  0.00000000
    1    2
 -0.19139945 -0.00000000   -0.04331775  0.00000000   -0.00000000 -0.07255625
 -0.04331775  0.00000000   -0.19139945 -0.00000000    0.00000000  0.07255625
 -0.00000000 -0.07255625   -0.00000000  0.07255625   -0.20118713 -0.00000000
    2    1
 -0.19139945 -0.00000000   -0.04331775  0.00000000    0.00000000  0.07255625
 -0.04331775  0.00000000   -0.19139945 -0.00000000    0.00000000 -0.07255625
 -0.00000000  0.07255625   -0.00000000 -0.07255625   -0.20118713  0.00000000
    2    2
  0.26811783  0.00000000   -0.00786075  0.00000000    0.00000000 -0.00480972
 -0.00786075  0.00000000    0.26811783  0.00000000    0.00000000  0.00480972
  0.00000000  0.00480972    0.00000000 -0.00480972    0.26950171  0.00000000

     Dynamical  Matrix in cartesian axes

     q = (    0.000000000   0.333333333   0.333333333 ) 

    1    1
  0.26950171  0.00000000    0.00000000 -0.00480972    0.00000000 -0.00480972
  0.00000000  0.00480972    0.26811783  0.00000000    0.00786075  0.00000000
  0.00000000  0.00480972    0.00786075  0.00000000    0.26811783  0.00000000
    1    2
 -0.10059357  0.17423317   -0.06283556 -0.03627813   -0.06283556 -0.03627813
 -0.06283556 -0.03627813   -0.09569973  0.16575679    0.02165887 -0.03751427
 -0.06283556 -0.03627813    0.02165887 -0.03751427   -0.09569973  0.16575679
    2    1
 -0.10059357 -0.17423317   -0.06283556  0.03627813   -0.06283556  0.03627813
 -0.06283556  0.03627813   -0.09569973 -0.16575679    0.02165887  0.03751427
 -0.06283556  0.03627813    0.02165887  0.03751427   -0.09569973 -0.16575679
    2    2
  0.26950171  0.00000000    0.00000000  0.00480972    0.00000000  0.00480972
  0.00000000 -0.00480972    0.26811783  0.00000000    0.00786075  0.00000000
  0.00000000 -0.00480972    0.00786075  0.00000000    0.26811783  0.00000000

     Dynamical  Matrix in cartesian axes

     q = (    0.000000000  -0.333333333  -0.333333333 ) 

    1    1
  0.26950171  0.00000000    0.00000000  0.00480972    0.00000000  0.00480972
  0.00000000 -0.00480972    0.26811783  0.00000000    0.00786075  0.00000000
  0.00000000 -0.00480972    0.00786075  0.00000000    0.26811783  0.00000000
    1    2
 -0.10059357 -0.17423317   -0.06283556  0.03627813   -0.06283556  0.03627813
 -0.06283556  0.03627813   -0.09569973 -0.16575679    0.02165887  0.03751427
 -0.06283556  0.03627813    0.02165887  0.03751427   -0.09569973 -0.16575679
    2    1
 -0.10059357  0.17423317   -0.06283556 -0.03627813   -0.06283556 -0.03627813
 -0.06283556 -0.03627813   -0.09569973  0.16575679    0.02165887 -0.03751427
 -0.06283556 -0.03627813    0.02165887 -0.03751427   -0.09569973  0.16575679
    2    2
  0.26950171  0.00000000    0.00000000 -0.00480972    0.00000000 -0.00480972
  0.00000000  0.00480972    0.26811783  0.00000000    0.00786075  0.00000000
  0.00000000  0.00480972    0.00786075  0.00000000    0.26811783  0.00000000

     Dynamical  Matrix in cartesian axes

     q = (    0.333333333  -0.333333333   0.000000000 ) 

    1    1
  0.26811783  0.00000000   -0.00786075  0.00000000    0.00000000 -0.00480972
 -0.00786075  0.00000000    0.26811783  0.00000000    0.00000000  0.00480972
  0.00000000  0.00480972    0.00000000 -0.00480972    0.26950171  0.00000000
    1    2
 -0.19139945 -0.00000000   -0.04331775  0.00000000    0.00000000  0.07255625
 -0.04331775  0.00000000   -0.19139945 -0.00000000    0.00000000 -0.07255625
 -0.00000000  0.07255625   -0.00000000 -0.07255625   -0.20118713  0.00000000
    2    1
 -0.19139945 -0.00000000   -0.04331775  0.00000000    0.00000000 -0.07255625
 -0.04331775  0.00000000   -0.19139945 -0.00000000    0.00000000  0.07255625
  0.00000000 -0.07255625    0.00000000  0.07255625   -0.20118713 -0.00000000
    2    2
  0.26811783  0.00000000   -0.00786075  0.00000000    0.00000000  0.00480972
 -0.00786075  0.00000000    0.26811783  0.00000000    0.00000000 -0.00480972
  0.00000000 -0.00480972    0.00000000  0.00480972    0.26950171  0.00000000

     Dynamical  Matrix in cartesian axes

     q = (    0.333333333   0.333333333   0.000000000 ) 

    1    1
  0.26811783  0.00000000    0.00786075  0.00000000   -0.00000000  0.00480972
  0.00786075  0.00000000    0.26811783  0.00000000    0.00000000  0.00480972
  0.00000000 -0.00480972    0.00000000 -0.00480972    0.26950171  0.00000000
    1    2
 -0.09569973  0.16575679    0.02165887 -0.03751427   -0.06283556 -0.03627813
  0.02165887 -0.03751427   -0.09569973  0.16575679   -0.06283556 -0.03627813
 -0.06283556 -0.03627813   -0.06283556 -0.03627813   -0.10059357  0.17423317
    2    1
 -0.09569973 -0.16575679    0.02165887  0.03751427   -0.06283556  0.03627813
  0.02165887  0.03751427   -0.09569973 -0.16575679   -0.06283556  0.03627813
 -0.06283556  0.03627813   -0.06283556  0.03627813   -0.10059357 -0.17423317
    2    2
  0.26811783  0.00000000    0.00786075  0.00000000   -0.00000000 -0.00480972
  0.00786075  0.00000000    0.26811783  0.00000000    0.00000000 -0.00480972
  0.00000000  0.00480972    0.00000000  0.00480972    0.26950171  0.00000000

     Dynamical  Matrix in cartesian axes

     q = (   -0.333333333  -0.333333333   0.000000000 ) 

    1    1
  0.26811783  0.00000000    0.00786075  0.00000000    0.00000000 -0.00480972
  0.00786075  0.00000000    0.26811783  0.00000000    0.00000000 -0.00480972
  0.00000000  0.00480972    0.00000000  0.00480972    0.26950171  0.00000000
    1    2
 -0.09569973 -0.16575679    0.02165887  0.03751427   -0.06283556  0.03627813
  0.02165887  0.03751427   -0.09569973 -0.16575679   -0.06283556  0.03627813
 -0.06283556  0.03627813   -0.06283556  0.03627813   -0.10059357 -0.17423317
    2    1
 -0.09569973  0.16575679    0.02165887 -0.03751427   -0.06283556 -0.03627813
  0.02165887 -0.03751427   -0.09569973  0.16575679   -0.06283556 -0.03627813
 -0.06283556 -0.03627813   -0.06283556 -0.03627813   -0.10059357  0.17423317
    2    2
  0.26811783  0.00000000    0.00786075  0.00000000   -0.00000000  0.00480972
  0.00786075  0.00000000    0.26811783  0.00000000    0.00000000  0.00480972
  0.00000000 -0.00480972    0.00000000 -0.00480972    0.26950171  0.00000000

     Dynamical  Matrix in cartesian axes

     q = (    0.000000000  -0.333333333   0.333333333 ) 

    1    1
  0.26950171  0.00000000    0.00000000 -0.00480972    0.00000000  0.00480972
  0.00000000  0.00480972    0.26811783  0.00000000   -0.00786075  0.00000000
  0.00000000 -0.00480972   -0.00786075  0.00000000    0.26811783  0.00000000
    1    2
 -0.20118713  0.00000000    0.00000000 -0.07255625    0.00000000  0.07255625
  0.00000000 -0.07255625   -0.19139945  0.00000000   -0.04331775 -0.00000000
  0.00000000  0.07255625   -0.04331775 -0.00000000   -0.19139945  0.00000000
    2    1
 -0.20118713  0.00000000    0.00000000  0.07255625   -0.00000000 -0.07255625
  0.00000000  0.07255625   -0.19139945 -0.00000000   -0.04331775  0.00000000
 -0.00000000 -0.07255625   -0.04331775  0.00000000   -0.19139945 -0.00000000
    2    2
  0.26950171  0.00000000    0.00000000  0.00480972    0.00000000 -0.00480972
 -0.00000000 -0.00480972    0.26811783  0.00000000   -0.00786075  0.00000000
 -0.00000000  0.00480972   -0.00786075  0.00000000    0.26811783  0.00000000

     Diagonalizing the dynamical matrix

     q = (    0.333333333   0.000000000   0.333333333 ) 

 **************************************************************************
     freq (    1) =       3.286052 [THz] =     109.610890 [cm-1]
 ( -0.250000  0.433013 -0.000000  0.000000  0.250000 -0.433013 ) 
 ( -0.500000  0.000000 -0.000000  0.000000  0.500000  0.000000 ) 
     freq (    2) =       4.320608 [THz] =     144.119955 [cm-1]
 ( -0.061133  0.105885  0.593782  0.342820 -0.061133  0.105885 ) 
 (  0.122266 -0.000000  0.000000  0.685640  0.122266  0.000000 ) 
     freq (    3) =       6.369300 [THz] =     212.456969 [cm-1]
 (  0.239980 -0.415658  0.171629  0.099090  0.239980 -0.415658 ) 
 (  0.479961  0.000000 -0.000000 -0.198180  0.479961  0.000000 ) 
     freq (    4) =      13.766121 [THz] =     459.188375 [cm-1]
 (  0.242410 -0.419867  0.149745  0.086455  0.242410 -0.419867 ) 
 ( -0.484821 -0.000000  0.000000  0.172910 -0.484821  0.000000 ) 
     freq (    5) =      14.466263 [THz] =     482.542586 [cm-1]
 (  0.250000 -0.433013 -0.000000 -0.000000 -0.250000  0.433013 ) 
 ( -0.500000  0.000000 -0.000000  0.000000  0.500000  0.000000 ) 
     freq (    6) =      14.577764 [THz] =     486.261867 [cm-1]
 (  0.070067 -0.121360 -0.587830 -0.339384  0.070067 -0.121360 ) 
 (  0.140134 -0.000000  0.000000  0.678767  0.140134  0.000000 ) 
 **************************************************************************
