Dynamical matrix file
                                                                           
  1    2  2 10.3520000  0.0000000  0.0000000  0.0000000  0.0000000  0.0000000
           1  'Si  '    25598.8229845270     
    1    1      0.0000000000      0.0000000000      0.0000000000
    2    1      0.2500000000      0.2500000000      0.2500000000

     Dynamical  Matrix in cartesian axes

     q = (   -0.333333333   0.333333333  -0.333333333 ) 

    1    1
  0.26910420 -0.00000000   -0.01578415  0.00000000    0.01578415 -0.00000000
 -0.01578415  0.00000000    0.26910420 -0.00000000   -0.01578415  0.00000000
  0.01578415  0.00000000   -0.01578415  0.00000000    0.26910420  0.00000000
    1    2
 -0.16982719 -0.04784731   -0.05912281  0.03458404    0.05912281 -0.03458404
 -0.05912281  0.03458404   -0.16982719 -0.04784731   -0.05912281  0.03458404
  0.05912281 -0.03458404   -0.05912281  0.03458404   -0.16982719 -0.04784731
    2    1
 -0.16982719  0.04784731   -0.05912281 -0.03458404    0.05912281  0.03458404
 -0.05912281 -0.03458404   -0.16982719  0.04784731   -0.05912281 -0.03458404
  0.05912281  0.03458404   -0.05912281 -0.03458404   -0.16982719  0.04784731
    2    2
  0.26910420  0.00000000   -0.01578415 -0.00000000    0.01578415  0.00000000
 -0.01578415 -0.00000000    0.26910420  0.00000000   -0.01578415 -0.00000000
  0.01578415  0.00000000   -0.01578415 -0.00000000    0.26910420  0.00000000

     Dynamical  Matrix in cartesian axes

     q = (    0.333333333   0.333333333   0.333333333 ) 

    1    1
  0.26910420 -0.00000000    0.01578415 -0.00000000    0.01578415 -0.00000000
  0.01578415 -0.00000000    0.26910420 -0.00000000    0.01578415 -0.00000000
  0.01578415 -0.00000000    0.01578415 -0.00000000    0.26910420 -0.00000000
    1    2
  0.04347661  0.17099832   -0.05951207 -0.03390983   -0.05951207 -0.03390983
 -0.05951207 -0.03390983    0.04347661  0.17099832   -0.05951207 -0.03390983
 -0.05951207 -0.03390983   -0.05951207 -0.03390983    0.04347661  0.17099832
    2    1
  0.04347661 -0.17099832   -0.05951207  0.03390983   -0.05951207  0.03390983
 -0.05951207  0.03390983    0.04347661 -0.17099832   -0.05951207  0.03390983
 -0.05951207  0.03390983   -0.05951207  0.03390983    0.04347661 -0.17099832
    2    2
  0.26910420  0.00000000    0.01578415  0.00000000    0.01578415  0.00000000
  0.01578415  0.00000000    0.26910420  0.00000000    0.01578415  0.00000000
  0.01578415  0.00000000    0.01578415  0.00000000    0.26910420  0.00000000

     Dynamical  Matrix in cartesian axes

     q = (   -0.333333333  -0.333333333  -0.333333333 ) 

    1    1
  0.26910420  0.00000000    0.01578415  0.00000000    0.01578415  0.00000000
  0.01578415  0.00000000    0.26910420  0.00000000    0.01578415  0.00000000
  0.01578415  0.00000000    0.01578415  0.00000000    0.26910420  0.00000000
    1    2
  0.04347661 -0.17099832   -0.05951207  0.03390983   -0.05951207  0.03390983
 -0.05951207  0.03390983    0.04347661 -0.17099832   -0.05951207  0.03390983
 -0.05951207  0.03390983   -0.05951207  0.03390983    0.04347661 -0.17099832
    2    1
  0.04347661  0.17099832   -0.05951207 -0.03390983   -0.05951207 -0.03390983
 -0.05951207 -0.03390983    0.04347661  0.17099832   -0.05951207 -0.03390983
 -0.05951207 -0.03390983   -0.05951207 -0.03390983    0.04347661  0.17099832
    2    2
  0.26910420 -0.00000000    0.01578415 -0.00000000    0.01578415 -0.00000000
  0.01578415 -0.00000000    0.26910420 -0.00000000    0.01578415 -0.00000000
  0.01578415 -0.00000000    0.01578415 -0.00000000    0.26910420 -0.00000000

     Dynamical  Matrix in cartesian axes

     q = (    0.333333333  -0.333333333   0.333333333 ) 

    1    1
  0.26910420  0.00000000   -0.01578415 -0.00000000    0.01578415  0.00000000
 -0.01578415 -0.00000000    0.26910420  0.00000000   -0.01578415 -0.00000000
  0.01578415  0.00000000   -0.01578415 -0.00000000    0.26910420  0.00000000
    1    2
 -0.16982719  0.04784731   -0.05912281 -0.03458404    0.05912281  0.03458404
 -0.05912281 -0.03458404   -0.16982719  0.04784731   -0.05912281 -0.03458404
  0.05912281  0.03458404   -0.05912281 -0.03458404   -0.16982719  0.04784731
    2    1
 -0.16982719 -0.04784731   -0.05912281  0.03458404    0.05912281 -0.03458404
 -0.05912281  0.03458404   -0.16982719 -0.04784731   -0.05912281  0.03458404
  0.05912281 -0.03458404   -0.05912281  0.03458404   -0.16982719 -0.04784731
    2    2
  0.26910420 -0.00000000   -0.01578415  0.00000000    0.01578415 -0.00000000
 -0.01578415  0.00000000    0.26910420 -0.00000000   -0.01578415  0.00000000
  0.01578415 -0.00000000   -0.01578415  0.00000000    0.26910420 -0.00000000

     Dynamical  Matrix in cartesian axes

     q = (    0.333333333  -0.333333333  -0.333333333 ) 

    1    1
  0.26910420 -0.00000000   -0.01578415  0.00000000   -0.01578415  0.00000000
 -0.01578415  0.00000000    0.26910420 -0.00000000    0.01578415 -0.00000000
 -0.01578415  0.00000000    0.01578415 -0.00000000    0.26910420 -0.00000000
    1    2
 -0.16982719 -0.04784731   -0.05912281  0.03458404   -0.05912281  0.03458404
 -0.05912281  0.03458404   -0.16982719 -0.04784731    0.05912281 -0.03458404
 -0.05912281  0.03458404    0.05912281 -0.03458404   -0.16982719 -0.04784731
    2    1
 -0.16982719  0.04784731   -0.05912281 -0.03458404   -0.05912281 -0.03458404
 -0.05912281 -0.03458404   -0.16982719  0.04784731    0.05912281  0.03458404
 -0.05912281 -0.03458404    0.05912281  0.03458404   -0.16982719  0.04784731
    2    2
  0.26910420  0.00000000   -0.01578415 -0.00000000   -0.01578415 -0.00000000
 -0.01578415 -0.00000000    0.26910420  0.00000000    0.01578415  0.00000000
 -0.01578415 -0.00000000    0.01578415  0.00000000    0.26910420  0.00000000

     Dynamical  Matrix in cartesian axes

     q = (    0.333333333   0.333333333  -0.333333333 ) 

    1    1
  0.26910420  0.00000000    0.01578415  0.00000000   -0.01578415 -0.00000000
  0.01578415  0.00000000    0.26910420  0.00000000   -0.01578415 -0.00000000
 -0.01578415 -0.00000000   -0.01578415 -0.00000000    0.26910420  0.00000000
    1    2
 -0.16982719  0.04784731    0.05912281  0.03458404   -0.05912281 -0.03458404
  0.05912281  0.03458404   -0.16982719  0.04784731   -0.05912281 -0.03458404
 -0.05912281 -0.03458404   -0.05912281 -0.03458404   -0.16982719  0.04784731
    2    1
 -0.16982719 -0.04784731    0.05912281 -0.03458404   -0.05912281  0.03458404
  0.05912281 -0.03458404   -0.16982719 -0.04784731   -0.05912281  0.03458404
 -0.05912281  0.03458404   -0.05912281  0.03458404   -0.16982719 -0.04784731
    2    2
  0.26910420 -0.00000000    0.01578415 -0.00000000   -0.01578415  0.00000000
  0.01578415 -0.00000000    0.26910420 -0.00000000   -0.01578415  0.00000000
 -0.01578415  0.00000000   -0.01578415  0.00000000    0.26910420 -0.00000000

     Dynamical  Matrix in cartesian axes

     q = (   -0.333333333  -0.333333333   0.333333333 ) 

    1    1
  0.26910420 -0.00000000    0.01578415 -0.00000000   -0.01578415  0.00000000
  0.01578415 -0.00000000    0.26910420 -0.00000000   -0.01578415  0.00000000
 -0.01578415  0.00000000   -0.01578415  0.00000000    0.26910420 -0.00000000
    1    2
 -0.16982719 -0.04784731    0.05912281 -0.03458404   -0.05912281  0.03458404
  0.05912281 -0.03458404   -0.16982719 -0.04784731   -0.05912281  0.03458404
 -0.05912281  0.03458404   -0.05912281  0.03458404   -0.16982719 -0.04784731
    2    1
 -0.16982719  0.04784731    0.05912281  0.03458404   -0.05912281 -0.03458404
  0.05912281  0.03458404   -0.16982719  0.04784731   -0.05912281 -0.03458404
 -0.05912281 -0.03458404   -0.05912281 -0.03458404   -0.16982719  0.04784731
    2    2
  0.26910420  0.00000000    0.01578415  0.00000000   -0.01578415 -0.00000000
  0.01578415  0.00000000    0.26910420  0.00000000   -0.01578415 -0.00000000
 -0.01578415 -0.00000000   -0.01578415 -0.00000000    0.26910420  0.00000000

     Dynamical  Matrix in cartesian axes

     q = (   -0.333333333   0.333333333   0.333333333 ) 

    1    1
  0.26910420  0.00000000   -0.01578415 -0.00000000   -0.01578415 -0.00000000
 -0.01578415 -0.00000000    0.26910420  0.00000000    0.01578415  0.00000000
 -0.01578415 -0.00000000    0.01578415  0.00000000    0.26910420  0.00000000
    1    2
 -0.16982719  0.04784731   -0.05912281 -0.03458404   -0.05912281 -0.03458404
 -0.05912281 -0.03458404   -0.16982719  0.04784731    0.05912281  0.03458404
 -0.05912281 -0.03458404    0.05912281  0.03458404   -0.16982719  0.04784731
    2    1
 -0.16982719 -0.04784731   -0.05912281  0.03458404   -0.05912281  0.03458404
 -0.05912281  0.03458404   -0.16982719 -0.04784731    0.05912281 -0.03458404
 -0.05912281  0.03458404    0.05912281 -0.03458404   -0.16982719 -0.04784731
    2    2
  0.26910420 -0.00000000   -0.01578415  0.00000000   -0.01578415  0.00000000
 -0.01578415  0.00000000    0.26910420 -0.00000000    0.01578415 -0.00000000
 -0.01578415  0.00000000    0.01578415 -0.00000000    0.26910420 -0.00000000

     Diagonalizing the dynamical matrix

     q = (   -0.333333333   0.333333333  -0.333333333 ) 

 **************************************************************************
     freq (    1) =       3.184533 [THz] =     106.224579 [cm-1]
 ( -0.150765 -0.082613  0.401846 -0.050600  0.552611  0.032013 ) 
 ( -0.155290 -0.073756  0.398247 -0.073756  0.553538  0.000000 ) 
     freq (    2) =       3.184533 [THz] =     106.224579 [cm-1]
 ( -0.505381  0.219929 -0.341554  0.229419  0.163827  0.009491 ) 
 ( -0.491815  0.248789 -0.327714  0.248789  0.164101  0.000000 ) 
     freq (    3) =       8.547274 [THz] =     285.106388 [cm-1]
 (  0.164671  0.373564 -0.164671 -0.373564  0.164671  0.373564 ) 
 (  0.408248 -0.000000 -0.408248  0.000000  0.408248  0.000000 ) 
     freq (    4) =      13.460680 [THz] =     448.999945 [cm-1]
 (  0.164671  0.373564 -0.164671 -0.373564  0.164671  0.373564 ) 
 ( -0.408248 -0.000000  0.408248  0.000000 -0.408248  0.000000 ) 
     freq (    5) =      14.285089 [THz] =     476.499279 [cm-1]
 (  0.270080  0.275965  0.475209  0.287849  0.205129  0.011883 ) 
 ( -0.285588 -0.259884 -0.491061 -0.259884 -0.205473  0.000000 ) 
     freq (    6) =      14.285089 [THz] =     476.499279 [cm-1]
 ( -0.411235 -0.122959  0.127411 -0.091755  0.538647  0.031204 ) 
 (  0.417658  0.098970 -0.121892  0.098970 -0.539550  0.000000 ) 
 **************************************************************************
