Dynamical matrix file
                                                                           
  1    2  2 10.3040000  0.0000000  0.0000000  0.0000000  0.0000000  0.0000000
           1  'Si  '    25598.8229845270     
    1    1      0.0000000000      0.0000000000      0.0000000000
    2    1      0.2500000000      0.2500000000      0.2500000000

     Dynamical  Matrix in cartesian axes

     q = (    0.666666667  -0.333333333   0.666666667 ) 

    1    1
  0.26063128  0.00000000   -0.01134916  0.00725833    0.01026722  0.00000000
 -0.01134916 -0.00725833    0.28955013  0.00000000   -0.01134916 -0.00725833
  0.01026722  0.00000000   -0.01134916  0.00725833    0.26063128  0.00000000
    1    2
 -0.09756012  0.05762449   -0.06564212  0.04052071    0.02763892 -0.11614659
 -0.06564212  0.04052071   -0.10148082  0.07250732   -0.06564212  0.04052071
  0.02763892 -0.11614659   -0.06564212  0.04052071   -0.09756012  0.05762449
    2    1
 -0.09756012 -0.05762449   -0.06564212 -0.04052071    0.02763892  0.11614659
 -0.06564212 -0.04052071   -0.10148082 -0.07250732   -0.06564212 -0.04052071
  0.02763892  0.11614659   -0.06564212 -0.04052071   -0.09756012 -0.05762449
    2    2
  0.26063128  0.00000000   -0.01134916 -0.00725833    0.01026722  0.00000000
 -0.01134916  0.00725833    0.28955013  0.00000000   -0.01134916  0.00725833
  0.01026722  0.00000000   -0.01134916 -0.00725833    0.26063128  0.00000000

     Dynamical  Matrix in cartesian axes

     q = (   -0.666666667  -0.333333333  -0.666666667 ) 

    1    1
  0.26063128  0.00000000    0.01134916 -0.00725833    0.01026722  0.00000000
  0.01134916  0.00725833    0.28955013  0.00000000    0.01134916  0.00725833
  0.01026722  0.00000000    0.01134916 -0.00725833    0.26063128  0.00000000
    1    2
  0.09868433  0.05567730   -0.06791303 -0.03658739   -0.11440536  0.03413728
 -0.06791303 -0.03658739    0.11353359  0.05163131   -0.06791303 -0.03658739
 -0.11440536  0.03413728   -0.06791303 -0.03658739    0.09868433  0.05567730
    2    1
  0.09868433 -0.05567730   -0.06791303  0.03658739   -0.11440536 -0.03413728
 -0.06791303  0.03658739    0.11353359 -0.05163131   -0.06791303  0.03658739
 -0.11440536 -0.03413728   -0.06791303  0.03658739    0.09868433 -0.05567730
    2    2
  0.26063128  0.00000000    0.01134916  0.00725833    0.01026722  0.00000000
  0.01134916 -0.00725833    0.28955013  0.00000000    0.01134916 -0.00725833
  0.01026722  0.00000000    0.01134916  0.00725833    0.26063128  0.00000000

     Dynamical  Matrix in cartesian axes

     q = (    0.666666667  -0.333333333  -0.666666667 ) 

    1    1
  0.26063128  0.00000000   -0.01134916 -0.00725833   -0.01026722  0.00000000
 -0.01134916  0.00725833    0.28955013  0.00000000    0.01134916 -0.00725833
 -0.01026722  0.00000000    0.01134916  0.00725833    0.26063128  0.00000000
    1    2
 -0.09868433  0.05567730   -0.06791303  0.03658739   -0.11440536 -0.03413728
 -0.06791303  0.03658739   -0.11353359  0.05163131    0.06791303 -0.03658739
 -0.11440536 -0.03413728    0.06791303 -0.03658739   -0.09868433  0.05567730
    2    1
 -0.09868433 -0.05567730   -0.06791303 -0.03658739   -0.11440536  0.03413728
 -0.06791303 -0.03658739   -0.11353359 -0.05163131    0.06791303  0.03658739
 -0.11440536  0.03413728    0.06791303  0.03658739   -0.09868433 -0.05567730
    2    2
  0.26063128  0.00000000   -0.01134916  0.00725833   -0.01026722  0.00000000
 -0.01134916 -0.00725833    0.28955013  0.00000000    0.01134916  0.00725833
 -0.01026722  0.00000000    0.01134916 -0.00725833    0.26063128  0.00000000

     Dynamical  Matrix in cartesian axes

     q = (   -0.666666667  -0.333333333   0.666666667 ) 

    1    1
  0.26063128  0.00000000    0.01134916  0.00725833   -0.01026722  0.00000000
  0.01134916 -0.00725833    0.28955013  0.00000000   -0.01134916  0.00725833
 -0.01026722  0.00000000   -0.01134916 -0.00725833    0.26063128  0.00000000
    1    2
 -0.09868433  0.05567730    0.06791303 -0.03658739   -0.11440536 -0.03413728
  0.06791303 -0.03658739   -0.11353359  0.05163131   -0.06791303  0.03658739
 -0.11440536 -0.03413728   -0.06791303  0.03658739   -0.09868433  0.05567730
    2    1
 -0.09868433 -0.05567730    0.06791303  0.03658739   -0.11440536  0.03413728
  0.06791303  0.03658739   -0.11353359 -0.05163131   -0.06791303 -0.03658739
 -0.11440536  0.03413728   -0.06791303 -0.03658739   -0.09868433 -0.05567730
    2    2
  0.26063128  0.00000000    0.01134916 -0.00725833   -0.01026722  0.00000000
  0.01134916  0.00725833    0.28955013  0.00000000   -0.01134916 -0.00725833
 -0.01026722  0.00000000   -0.01134916  0.00725833    0.26063128  0.00000000

     Dynamical  Matrix in cartesian axes

     q = (   -0.333333333   0.666666667  -0.666666667 ) 

    1    1
  0.28955013  0.00000000   -0.01134916  0.00725833    0.01134916 -0.00725833
 -0.01134916 -0.00725833    0.26063128  0.00000000   -0.01026722  0.00000000
  0.01134916  0.00725833   -0.01026722  0.00000000    0.26063128  0.00000000
    1    2
 -0.11353359  0.05163131   -0.06791303  0.03658739    0.06791303 -0.03658739
 -0.06791303  0.03658739   -0.09868433  0.05567730   -0.11440536 -0.03413728
  0.06791303 -0.03658739   -0.11440536 -0.03413728   -0.09868433  0.05567730
    2    1
 -0.11353359 -0.05163131   -0.06791303 -0.03658739    0.06791303  0.03658739
 -0.06791303 -0.03658739   -0.09868433 -0.05567730   -0.11440536  0.03413728
  0.06791303  0.03658739   -0.11440536  0.03413728   -0.09868433 -0.05567730
    2    2
  0.28955013  0.00000000   -0.01134916 -0.00725833    0.01134916  0.00725833
 -0.01134916  0.00725833    0.26063128  0.00000000   -0.01026722  0.00000000
  0.01134916 -0.00725833   -0.01026722  0.00000000    0.26063128  0.00000000

     Dynamical  Matrix in cartesian axes

     q = (   -0.666666667   0.666666667  -0.333333333 ) 

    1    1
  0.26063128  0.00000000   -0.01026722  0.00000000    0.01134916  0.00725833
 -0.01026722  0.00000000    0.26063128  0.00000000   -0.01134916 -0.00725833
  0.01134916 -0.00725833   -0.01134916  0.00725833    0.28955013  0.00000000
    1    2
 -0.09868433  0.05567730   -0.11440536 -0.03413728    0.06791303 -0.03658739
 -0.11440536 -0.03413728   -0.09868433  0.05567730   -0.06791303  0.03658739
  0.06791303 -0.03658739   -0.06791303  0.03658739   -0.11353359  0.05163131
    2    1
 -0.09868433 -0.05567730   -0.11440536  0.03413728    0.06791303  0.03658739
 -0.11440536  0.03413728   -0.09868433 -0.05567730   -0.06791303 -0.03658739
  0.06791303  0.03658739   -0.06791303 -0.03658739   -0.11353359 -0.05163131
    2    2
  0.26063128  0.00000000   -0.01026722  0.00000000    0.01134916 -0.00725833
 -0.01026722  0.00000000    0.26063128  0.00000000   -0.01134916  0.00725833
  0.01134916  0.00725833   -0.01134916 -0.00725833    0.28955013  0.00000000

     Dynamical  Matrix in cartesian axes

     q = (    0.666666667   0.333333333   0.666666667 ) 

    1    1
  0.26063128  0.00000000    0.01134916  0.00725833    0.01026722  0.00000000
  0.01134916 -0.00725833    0.28955013  0.00000000    0.01134916 -0.00725833
  0.01026722  0.00000000    0.01134916  0.00725833    0.26063128  0.00000000
    1    2
  0.09868433 -0.05567730   -0.06791303  0.03658739   -0.11440536 -0.03413728
 -0.06791303  0.03658739    0.11353359 -0.05163131   -0.06791303  0.03658739
 -0.11440536 -0.03413728   -0.06791303  0.03658739    0.09868433 -0.05567730
    2    1
  0.09868433  0.05567730   -0.06791303 -0.03658739   -0.11440536  0.03413728
 -0.06791303 -0.03658739    0.11353359  0.05163131   -0.06791303 -0.03658739
 -0.11440536  0.03413728   -0.06791303 -0.03658739    0.09868433  0.05567730
    2    2
  0.26063128  0.00000000    0.01134916 -0.00725833    0.01026722  0.00000000
  0.01134916  0.00725833    0.28955013  0.00000000    0.01134916  0.00725833
  0.01026722  0.00000000    0.01134916 -0.00725833    0.26063128  0.00000000

     Dynamical  Matrix in cartesian axes

     q = (   -0.666666667   0.333333333   0.666666667 ) 

    1    1
  0.26063128  0.00000000   -0.01134916  0.00725833   -0.01026722  0.00000000
 -0.01134916 -0.00725833    0.28955013  0.00000000    0.01134916  0.00725833
 -0.01026722  0.00000000    0.01134916 -0.00725833    0.26063128  0.00000000
    1    2
 -0.09868433 -0.05567730   -0.06791303 -0.03658739   -0.11440536  0.03413728
 -0.06791303 -0.03658739   -0.11353359 -0.05163131    0.06791303  0.03658739
 -0.11440536  0.03413728    0.06791303  0.03658739   -0.09868433 -0.05567730
    2    1
 -0.09868433  0.05567730   -0.06791303  0.03658739   -0.11440536 -0.03413728
 -0.06791303  0.03658739   -0.11353359  0.05163131    0.06791303 -0.03658739
 -0.11440536 -0.03413728    0.06791303 -0.03658739   -0.09868433  0.05567730
    2    2
  0.26063128  0.00000000   -0.01134916 -0.00725833   -0.01026722  0.00000000
 -0.01134916  0.00725833    0.28955013  0.00000000    0.01134916 -0.00725833
 -0.01026722  0.00000000    0.01134916  0.00725833    0.26063128  0.00000000

     Dynamical  Matrix in cartesian axes

     q = (    0.666666667   0.333333333  -0.666666667 ) 

    1    1
  0.26063128  0.00000000    0.01134916 -0.00725833   -0.01026722  0.00000000
  0.01134916  0.00725833    0.28955013  0.00000000   -0.01134916 -0.00725833
 -0.01026722  0.00000000   -0.01134916  0.00725833    0.26063128  0.00000000
    1    2
 -0.09868433 -0.05567730    0.06791303  0.03658739   -0.11440536  0.03413728
  0.06791303  0.03658739   -0.11353359 -0.05163131   -0.06791303 -0.03658739
 -0.11440536  0.03413728   -0.06791303 -0.03658739   -0.09868433 -0.05567730
    2    1
 -0.09868433  0.05567730    0.06791303 -0.03658739   -0.11440536 -0.03413728
  0.06791303 -0.03658739   -0.11353359  0.05163131   -0.06791303  0.03658739
 -0.11440536 -0.03413728   -0.06791303  0.03658739   -0.09868433  0.05567730
    2    2
  0.26063128  0.00000000    0.01134916  0.00725833   -0.01026722  0.00000000
  0.01134916 -0.00725833    0.28955013  0.00000000   -0.01134916  0.00725833
 -0.01026722  0.00000000   -0.01134916 -0.00725833    0.26063128  0.00000000

     Dynamical  Matrix in cartesian axes

     q = (   -0.333333333   0.666666667   0.666666667 ) 

    1    1
  0.28955013  0.00000000   -0.01134916 -0.00725833   -0.01134916 -0.00725833
 -0.01134916  0.00725833    0.26063128  0.00000000    0.01026722  0.00000000
 -0.01134916  0.00725833    0.01026722  0.00000000    0.26063128  0.00000000
    1    2
 -0.10148082  0.07250732   -0.06564212  0.04052071   -0.06564212  0.04052071
 -0.06564212  0.04052071   -0.09756012  0.05762449    0.02763892 -0.11614659
 -0.06564212  0.04052071    0.02763892 -0.11614659   -0.09756012  0.05762449
    2    1
 -0.10148082 -0.07250732   -0.06564212 -0.04052071   -0.06564212 -0.04052071
 -0.06564212 -0.04052071   -0.09756012 -0.05762449    0.02763892  0.11614659
 -0.06564212 -0.04052071    0.02763892  0.11614659   -0.09756012 -0.05762449
    2    2
  0.28955013  0.00000000   -0.01134916  0.00725833   -0.01134916  0.00725833
 -0.01134916 -0.00725833    0.26063128  0.00000000    0.01026722  0.00000000
 -0.01134916 -0.00725833    0.01026722  0.00000000    0.26063128  0.00000000

     Dynamical  Matrix in cartesian axes

     q = (    0.333333333   0.666666667  -0.666666667 ) 

    1    1
  0.28955013  0.00000000    0.01134916  0.00725833   -0.01134916 -0.00725833
  0.01134916 -0.00725833    0.26063128  0.00000000   -0.01026722  0.00000000
 -0.01134916  0.00725833   -0.01026722  0.00000000    0.26063128  0.00000000
    1    2
 -0.11353359 -0.05163131    0.06791303  0.03658739   -0.06791303 -0.03658739
  0.06791303  0.03658739   -0.09868433 -0.05567730   -0.11440536  0.03413728
 -0.06791303 -0.03658739   -0.11440536  0.03413728   -0.09868433 -0.05567730
    2    1
 -0.11353359  0.05163131    0.06791303 -0.03658739   -0.06791303  0.03658739
  0.06791303 -0.03658739   -0.09868433  0.05567730   -0.11440536 -0.03413728
 -0.06791303  0.03658739   -0.11440536 -0.03413728   -0.09868433  0.05567730
    2    2
  0.28955013  0.00000000    0.01134916 -0.00725833   -0.01134916  0.00725833
  0.01134916  0.00725833    0.26063128  0.00000000   -0.01026722  0.00000000
 -0.01134916 -0.00725833   -0.01026722  0.00000000    0.26063128  0.00000000

     Dynamical  Matrix in cartesian axes

     q = (   -0.333333333  -0.666666667  -0.666666667 ) 

    1    1
  0.28955013  0.00000000    0.01134916  0.00725833    0.01134916  0.00725833
  0.01134916 -0.00725833    0.26063128  0.00000000    0.01026722  0.00000000
  0.01134916 -0.00725833    0.01026722  0.00000000    0.26063128  0.00000000
    1    2
  0.11353359  0.05163131   -0.06791303 -0.03658739   -0.06791303 -0.03658739
 -0.06791303 -0.03658739    0.09868433  0.05567730   -0.11440536  0.03413728
 -0.06791303 -0.03658739   -0.11440536  0.03413728    0.09868433  0.05567730
    2    1
  0.11353359 -0.05163131   -0.06791303  0.03658739   -0.06791303  0.03658739
 -0.06791303  0.03658739    0.09868433 -0.05567730   -0.11440536 -0.03413728
 -0.06791303  0.03658739   -0.11440536 -0.03413728    0.09868433 -0.05567730
    2    2
  0.28955013  0.00000000    0.01134916 -0.00725833    0.01134916 -0.00725833
  0.01134916  0.00725833    0.26063128  0.00000000    0.01026722  0.00000000
  0.01134916  0.00725833    0.01026722  0.00000000    0.26063128  0.00000000

     Dynamical  Matrix in cartesian axes

     q = (    0.666666667  -0.666666667   0.333333333 ) 

    1    1
  0.26063128  0.00000000   -0.01026722  0.00000000    0.01134916 -0.00725833
 -0.01026722  0.00000000    0.26063128  0.00000000   -0.01134916  0.00725833
  0.01134916  0.00725833   -0.01134916 -0.00725833    0.28955013  0.00000000
    1    2
 -0.09868433 -0.05567730   -0.11440536  0.03413728    0.06791303  0.03658739
 -0.11440536  0.03413728   -0.09868433 -0.05567730   -0.06791303 -0.03658739
  0.06791303  0.03658739   -0.06791303 -0.03658739   -0.11353359 -0.05163131
    2    1
 -0.09868433  0.05567730   -0.11440536 -0.03413728    0.06791303 -0.03658739
 -0.11440536 -0.03413728   -0.09868433  0.05567730   -0.06791303  0.03658739
  0.06791303 -0.03658739   -0.06791303  0.03658739   -0.11353359  0.05163131
    2    2
  0.26063128  0.00000000   -0.01026722  0.00000000    0.01134916  0.00725833
 -0.01026722  0.00000000    0.26063128  0.00000000   -0.01134916 -0.00725833
  0.01134916 -0.00725833   -0.01134916  0.00725833    0.28955013  0.00000000

     Dynamical  Matrix in cartesian axes

     q = (    0.666666667   0.666666667  -0.333333333 ) 

    1    1
  0.26063128  0.00000000    0.01026722  0.00000000   -0.01134916  0.00725833
  0.01026722  0.00000000    0.26063128  0.00000000   -0.01134916  0.00725833
 -0.01134916 -0.00725833   -0.01134916 -0.00725833    0.28955013  0.00000000
    1    2
 -0.09756012  0.05762449    0.02763892 -0.11614659   -0.06564212  0.04052071
  0.02763892 -0.11614659   -0.09756012  0.05762449   -0.06564212  0.04052071
 -0.06564212  0.04052071   -0.06564212  0.04052071   -0.10148082  0.07250732
    2    1
 -0.09756012 -0.05762449    0.02763892  0.11614659   -0.06564212 -0.04052071
  0.02763892  0.11614659   -0.09756012 -0.05762449   -0.06564212 -0.04052071
 -0.06564212 -0.04052071   -0.06564212 -0.04052071   -0.10148082 -0.07250732
    2    2
  0.26063128  0.00000000    0.01026722  0.00000000   -0.01134916 -0.00725833
  0.01026722  0.00000000    0.26063128  0.00000000   -0.01134916 -0.00725833
 -0.01134916  0.00725833   -0.01134916  0.00725833    0.28955013  0.00000000

     Dynamical  Matrix in cartesian axes

     q = (   -0.666666667  -0.666666667  -0.333333333 ) 

    1    1
  0.26063128  0.00000000    0.01026722  0.00000000    0.01134916 -0.00725833
  0.01026722  0.00000000    0.26063128  0.00000000    0.01134916 -0.00725833
  0.01134916  0.00725833    0.01134916  0.00725833    0.28955013  0.00000000
    1    2
  0.09868433  0.05567730   -0.11440536  0.03413728   -0.06791303 -0.03658739
 -0.11440536  0.03413728    0.09868433  0.05567730   -0.06791303 -0.03658739
 -0.06791303 -0.03658739   -0.06791303 -0.03658739    0.11353359  0.05163131
    2    1
  0.09868433 -0.05567730   -0.11440536 -0.03413728   -0.06791303  0.03658739
 -0.11440536 -0.03413728    0.09868433 -0.05567730   -0.06791303  0.03658739
 -0.06791303  0.03658739   -0.06791303  0.03658739    0.11353359 -0.05163131
    2    2
  0.26063128  0.00000000    0.01026722  0.00000000    0.01134916  0.00725833
  0.01026722  0.00000000    0.26063128  0.00000000    0.01134916  0.00725833
  0.01134916 -0.00725833    0.01134916 -0.00725833    0.28955013  0.00000000

     Dynamical  Matrix in cartesian axes

     q = (   -0.666666667   0.666666667   0.333333333 ) 

    1    1
  0.26063128  0.00000000   -0.01026722  0.00000000   -0.01134916  0.00725833
 -0.01026722  0.00000000    0.26063128  0.00000000    0.01134916 -0.00725833
 -0.01134916 -0.00725833    0.01134916  0.00725833    0.28955013  0.00000000
    1    2
 -0.09868433 -0.05567730   -0.11440536  0.03413728   -0.06791303 -0.03658739
 -0.11440536  0.03413728   -0.09868433 -0.05567730    0.06791303  0.03658739
 -0.06791303 -0.03658739    0.06791303  0.03658739   -0.11353359 -0.05163131
    2    1
 -0.09868433  0.05567730   -0.11440536 -0.03413728   -0.06791303  0.03658739
 -0.11440536 -0.03413728   -0.09868433  0.05567730    0.06791303 -0.03658739
 -0.06791303  0.03658739    0.06791303 -0.03658739   -0.11353359  0.05163131
    2    2
  0.26063128  0.00000000   -0.01026722  0.00000000   -0.01134916 -0.00725833
 -0.01026722  0.00000000    0.26063128  0.00000000    0.01134916  0.00725833
 -0.01134916  0.00725833    0.01134916 -0.00725833    0.28955013  0.00000000

     Dynamical  Matrix in cartesian axes

     q = (    0.333333333  -0.666666667   0.666666667 ) 

    1    1
  0.28955013  0.00000000   -0.01134916 -0.00725833    0.01134916  0.00725833
 -0.01134916  0.00725833    0.26063128  0.00000000   -0.01026722  0.00000000
  0.01134916 -0.00725833   -0.01026722  0.00000000    0.26063128  0.00000000
    1    2
 -0.11353359 -0.05163131   -0.06791303 -0.03658739    0.06791303  0.03658739
 -0.06791303 -0.03658739   -0.09868433 -0.05567730   -0.11440536  0.03413728
  0.06791303  0.03658739   -0.11440536  0.03413728   -0.09868433 -0.05567730
    2    1
 -0.11353359  0.05163131   -0.06791303  0.03658739    0.06791303 -0.03658739
 -0.06791303  0.03658739   -0.09868433  0.05567730   -0.11440536 -0.03413728
  0.06791303 -0.03658739   -0.11440536 -0.03413728   -0.09868433  0.05567730
    2    2
  0.28955013  0.00000000   -0.01134916  0.00725833    0.01134916 -0.00725833
 -0.01134916 -0.00725833    0.26063128  0.00000000   -0.01026722  0.00000000
  0.01134916  0.00725833   -0.01026722  0.00000000    0.26063128  0.00000000

     Dynamical  Matrix in cartesian axes

     q = (    0.333333333   0.666666667   0.666666667 ) 

    1    1
  0.28955013  0.00000000    0.01134916 -0.00725833    0.01134916 -0.00725833
  0.01134916  0.00725833    0.26063128  0.00000000    0.01026722  0.00000000
  0.01134916  0.00725833    0.01026722  0.00000000    0.26063128  0.00000000
    1    2
  0.11353359 -0.05163131   -0.06791303  0.03658739   -0.06791303  0.03658739
 -0.06791303  0.03658739    0.09868433 -0.05567730   -0.11440536 -0.03413728
 -0.06791303  0.03658739   -0.11440536 -0.03413728    0.09868433 -0.05567730
    2    1
  0.11353359  0.05163131   -0.06791303 -0.03658739   -0.06791303 -0.03658739
 -0.06791303 -0.03658739    0.09868433  0.05567730   -0.11440536  0.03413728
 -0.06791303 -0.03658739   -0.11440536  0.03413728    0.09868433  0.05567730
    2    2
  0.28955013  0.00000000    0.01134916  0.00725833    0.01134916  0.00725833
  0.01134916 -0.00725833    0.26063128  0.00000000    0.01026722  0.00000000
  0.01134916 -0.00725833    0.01026722  0.00000000    0.26063128  0.00000000

     Dynamical  Matrix in cartesian axes

     q = (   -0.666666667   0.333333333  -0.666666667 ) 

    1    1
  0.26063128  0.00000000   -0.01134916 -0.00725833    0.01026722  0.00000000
 -0.01134916  0.00725833    0.28955013  0.00000000   -0.01134916  0.00725833
  0.01026722  0.00000000   -0.01134916 -0.00725833    0.26063128  0.00000000
    1    2
 -0.09756012 -0.05762449   -0.06564212 -0.04052071    0.02763892  0.11614659
 -0.06564212 -0.04052071   -0.10148082 -0.07250732   -0.06564212 -0.04052071
  0.02763892  0.11614659   -0.06564212 -0.04052071   -0.09756012 -0.05762449
    2    1
 -0.09756012  0.05762449   -0.06564212  0.04052071    0.02763892 -0.11614659
 -0.06564212  0.04052071   -0.10148082  0.07250732   -0.06564212  0.04052071
  0.02763892 -0.11614659   -0.06564212  0.04052071   -0.09756012  0.05762449
    2    2
  0.26063128  0.00000000   -0.01134916  0.00725833    0.01026722  0.00000000
 -0.01134916 -0.00725833    0.28955013  0.00000000   -0.01134916 -0.00725833
  0.01026722  0.00000000   -0.01134916  0.00725833    0.26063128  0.00000000

     Dynamical  Matrix in cartesian axes

     q = (   -0.333333333  -0.666666667   0.666666667 ) 

    1    1
  0.28955013  0.00000000    0.01134916 -0.00725833   -0.01134916  0.00725833
  0.01134916  0.00725833    0.26063128  0.00000000   -0.01026722  0.00000000
 -0.01134916 -0.00725833   -0.01026722  0.00000000    0.26063128  0.00000000
    1    2
 -0.11353359  0.05163131    0.06791303 -0.03658739   -0.06791303  0.03658739
  0.06791303 -0.03658739   -0.09868433  0.05567730   -0.11440536 -0.03413728
 -0.06791303  0.03658739   -0.11440536 -0.03413728   -0.09868433  0.05567730
    2    1
 -0.11353359 -0.05163131    0.06791303  0.03658739   -0.06791303 -0.03658739
  0.06791303  0.03658739   -0.09868433 -0.05567730   -0.11440536  0.03413728
 -0.06791303 -0.03658739   -0.11440536  0.03413728   -0.09868433 -0.05567730
    2    2
  0.28955013  0.00000000    0.01134916  0.00725833   -0.01134916 -0.00725833
  0.01134916 -0.00725833    0.26063128  0.00000000   -0.01026722  0.00000000
 -0.01134916  0.00725833   -0.01026722  0.00000000    0.26063128  0.00000000

     Dynamical  Matrix in cartesian axes

     q = (   -0.666666667  -0.666666667   0.333333333 ) 

    1    1
  0.26063128  0.00000000    0.01026722  0.00000000   -0.01134916 -0.00725833
  0.01026722  0.00000000    0.26063128  0.00000000   -0.01134916 -0.00725833
 -0.01134916  0.00725833   -0.01134916  0.00725833    0.28955013  0.00000000
    1    2
 -0.09756012 -0.05762449    0.02763892  0.11614659   -0.06564212 -0.04052071
  0.02763892  0.11614659   -0.09756012 -0.05762449   -0.06564212 -0.04052071
 -0.06564212 -0.04052071   -0.06564212 -0.04052071   -0.10148082 -0.07250732
    2    1
 -0.09756012  0.05762449    0.02763892 -0.11614659   -0.06564212  0.04052071
  0.02763892 -0.11614659   -0.09756012  0.05762449   -0.06564212  0.04052071
 -0.06564212  0.04052071   -0.06564212  0.04052071   -0.10148082  0.07250732
    2    2
  0.26063128  0.00000000    0.01026722  0.00000000   -0.01134916  0.00725833
  0.01026722  0.00000000    0.26063128  0.00000000   -0.01134916  0.00725833
 -0.01134916 -0.00725833   -0.01134916 -0.00725833    0.28955013  0.00000000

     Dynamical  Matrix in cartesian axes

     q = (    0.666666667   0.666666667   0.333333333 ) 

    1    1
  0.26063128  0.00000000    0.01026722  0.00000000    0.01134916  0.00725833
  0.01026722  0.00000000    0.26063128  0.00000000    0.01134916  0.00725833
  0.01134916 -0.00725833    0.01134916 -0.00725833    0.28955013  0.00000000
    1    2
  0.09868433 -0.05567730   -0.11440536 -0.03413728   -0.06791303  0.03658739
 -0.11440536 -0.03413728    0.09868433 -0.05567730   -0.06791303  0.03658739
 -0.06791303  0.03658739   -0.06791303  0.03658739    0.11353359 -0.05163131
    2    1
  0.09868433  0.05567730   -0.11440536  0.03413728   -0.06791303 -0.03658739
 -0.11440536  0.03413728    0.09868433  0.05567730   -0.06791303 -0.03658739
 -0.06791303 -0.03658739   -0.06791303 -0.03658739    0.11353359  0.05163131
    2    2
  0.26063128  0.00000000    0.01026722  0.00000000    0.01134916 -0.00725833
  0.01026722  0.00000000    0.26063128  0.00000000    0.01134916 -0.00725833
  0.01134916  0.00725833    0.01134916  0.00725833    0.28955013  0.00000000

     Dynamical  Matrix in cartesian axes

     q = (    0.333333333  -0.666666667  -0.666666667 ) 

    1    1
  0.28955013  0.00000000   -0.01134916  0.00725833   -0.01134916  0.00725833
 -0.01134916 -0.00725833    0.26063128  0.00000000    0.01026722  0.00000000
 -0.01134916 -0.00725833    0.01026722  0.00000000    0.26063128  0.00000000
    1    2
 -0.10148082 -0.07250732   -0.06564212 -0.04052071   -0.06564212 -0.04052071
 -0.06564212 -0.04052071   -0.09756012 -0.05762449    0.02763892  0.11614659
 -0.06564212 -0.04052071    0.02763892  0.11614659   -0.09756012 -0.05762449
    2    1
 -0.10148082  0.07250732   -0.06564212  0.04052071   -0.06564212  0.04052071
 -0.06564212  0.04052071   -0.09756012  0.05762449    0.02763892 -0.11614659
 -0.06564212  0.04052071    0.02763892 -0.11614659   -0.09756012  0.05762449
    2    2
  0.28955013  0.00000000   -0.01134916 -0.00725833   -0.01134916 -0.00725833
 -0.01134916  0.00725833    0.26063128  0.00000000    0.01026722  0.00000000
 -0.01134916  0.00725833    0.01026722  0.00000000    0.26063128  0.00000000

     Dynamical  Matrix in cartesian axes

     q = (    0.666666667  -0.666666667  -0.333333333 ) 

    1    1
  0.26063128  0.00000000   -0.01026722  0.00000000   -0.01134916 -0.00725833
 -0.01026722  0.00000000    0.26063128  0.00000000    0.01134916  0.00725833
 -0.01134916  0.00725833    0.01134916 -0.00725833    0.28955013  0.00000000
    1    2
 -0.09868433  0.05567730   -0.11440536 -0.03413728   -0.06791303  0.03658739
 -0.11440536 -0.03413728   -0.09868433  0.05567730    0.06791303 -0.03658739
 -0.06791303  0.03658739    0.06791303 -0.03658739   -0.11353359  0.05163131
    2    1
 -0.09868433 -0.05567730   -0.11440536  0.03413728   -0.06791303 -0.03658739
 -0.11440536  0.03413728   -0.09868433 -0.05567730    0.06791303  0.03658739
 -0.06791303 -0.03658739    0.06791303  0.03658739   -0.11353359 -0.05163131
    2    2
  0.26063128  0.00000000   -0.01026722  0.00000000   -0.01134916  0.00725833
 -0.01026722  0.00000000    0.26063128  0.00000000    0.01134916 -0.00725833
 -0.01134916 -0.00725833    0.01134916  0.00725833    0.28955013  0.00000000

     Diagonalizing the dynamical matrix

     q = (    0.666666667  -0.333333333   0.666666667 ) 

 **************************************************************************
     freq (    1) =       3.911561 [THz] =     130.475630 [cm-1]
 ( -0.292281  0.405674  0.000000 -0.000000  0.292281 -0.405674 ) 
 ( -0.500000 -0.000000  0.000000  0.000000  0.500000  0.000000 ) 
     freq (    2) =       5.159272 [THz] =     172.094792 [cm-1]
 (  0.328379  0.039600  0.507637 -0.153305  0.328379  0.039600 ) 
 (  0.330758  0.000000  0.485632  0.212979  0.330758  0.000000 ) 
     freq (    3) =       9.716972 [THz] =     324.123281 [cm-1]
 (  0.148731 -0.379298  0.098431  0.397914  0.148731 -0.379298 ) 
 ( -0.407416  0.000000  0.334518  0.236900 -0.407416  0.000000 ) 
     freq (    4) =      12.160949 [THz] =     405.645592 [cm-1]
 (  0.102834 -0.343967  0.109210  0.479893  0.102834 -0.343967 ) 
 (  0.359010 -0.000000 -0.428502 -0.242094  0.359010  0.000000 ) 
     freq (    5) =      14.014462 [THz] =     467.472140 [cm-1]
 (  0.292281 -0.405674 -0.000000 -0.000000 -0.292281  0.405674 ) 
 ( -0.500000  0.000000  0.000000  0.000000  0.500000  0.000000 ) 
     freq (    6) =      14.317252 [THz] =     477.572136 [cm-1]
 (  0.274530  0.142676  0.539803 -0.131023  0.274530  0.142676 ) 
 ( -0.309391  0.000000 -0.418558 -0.365190 -0.309391  0.000000 ) 
 **************************************************************************
