Dynamical matrix file
                                                                           
  1    2  2 10.3760000  0.0000000  0.0000000  0.0000000  0.0000000  0.0000000
           1  'Si  '    25598.8229845270     
    1    1      0.0000000000      0.0000000000      0.0000000000
    2    1      0.2500000000      0.2500000000      0.2500000000

     Dynamical  Matrix in cartesian axes

     q = (    0.666666667  -0.333333333   0.666666667 ) 

    1    1
  0.24846926 -0.00000000   -0.01085337  0.00704139    0.00970375 -0.00000000
 -0.01085337 -0.00704139    0.27684064 -0.00000000   -0.01085337 -0.00704139
  0.00970375 -0.00000000   -0.01085337  0.00704139    0.24846926 -0.00000000
    1    2
 -0.09338997  0.05514877   -0.06023589  0.03723837    0.02559609 -0.10670356
 -0.06023589  0.03723837   -0.09732759  0.06997540   -0.06023589  0.03723837
  0.02559609 -0.10670356   -0.06023589  0.03723837   -0.09338997  0.05514877
    2    1
 -0.09338997 -0.05514877   -0.06023589 -0.03723837    0.02559609  0.10670356
 -0.06023589 -0.03723837   -0.09732759 -0.06997540   -0.06023589 -0.03723837
  0.02559609  0.10670356   -0.06023589 -0.03723837   -0.09338997 -0.05514877
    2    2
  0.24846926  0.00000000   -0.01085337 -0.00704139    0.00970375  0.00000000
 -0.01085337  0.00704139    0.27684064  0.00000000   -0.01085337  0.00704139
  0.00970375  0.00000000   -0.01085337 -0.00704139    0.24846926  0.00000000

     Dynamical  Matrix in cartesian axes

     q = (   -0.666666667  -0.333333333  -0.666666667 ) 

    1    1
  0.24846926  0.00000000    0.01085337 -0.00704139    0.00970375  0.00000000
  0.01085337  0.00704139    0.27684064  0.00000000    0.01085337  0.00704139
  0.00970375  0.00000000    0.01085337 -0.00704139    0.24846926  0.00000000
    1    2
  0.09445522  0.05330370   -0.06236732 -0.03354663   -0.10520604  0.03118492
 -0.06236732 -0.03354663    0.10926427  0.04930047   -0.06236732 -0.03354663
 -0.10520604  0.03118492   -0.06236732 -0.03354663    0.09445522  0.05330370
    2    1
  0.09445522 -0.05330370   -0.06236732  0.03354663   -0.10520604 -0.03118492
 -0.06236732  0.03354663    0.10926427 -0.04930047   -0.06236732  0.03354663
 -0.10520604 -0.03118492   -0.06236732  0.03354663    0.09445522 -0.05330370
    2    2
  0.24846926 -0.00000000    0.01085337  0.00704139    0.00970375 -0.00000000
  0.01085337 -0.00704139    0.27684064 -0.00000000    0.01085337 -0.00704139
  0.00970375 -0.00000000    0.01085337  0.00704139    0.24846926 -0.00000000

     Dynamical  Matrix in cartesian axes

     q = (    0.666666667  -0.333333333  -0.666666667 ) 

    1    1
  0.24846926  0.00000000   -0.01085337 -0.00704139   -0.00970375  0.00000000
 -0.01085337  0.00704139    0.27684064  0.00000000    0.01085337 -0.00704139
 -0.00970375  0.00000000    0.01085337  0.00704139    0.24846926  0.00000000
    1    2
 -0.09445522  0.05330370   -0.06236732  0.03354663   -0.10520604 -0.03118492
 -0.06236732  0.03354663   -0.10926427  0.04930047    0.06236732 -0.03354663
 -0.10520604 -0.03118492    0.06236732 -0.03354663   -0.09445522  0.05330370
    2    1
 -0.09445522 -0.05330370   -0.06236732 -0.03354663   -0.10520604  0.03118492
 -0.06236732 -0.03354663   -0.10926427 -0.04930047    0.06236732  0.03354663
 -0.10520604  0.03118492    0.06236732  0.03354663   -0.09445522 -0.05330370
    2    2
  0.24846926  0.00000000   -0.01085337  0.00704139   -0.00970375  0.00000000
 -0.01085337 -0.00704139    0.27684064 -0.00000000    0.01085337  0.00704139
 -0.00970375  0.00000000    0.01085337 -0.00704139    0.24846926  0.00000000

     Dynamical  Matrix in cartesian axes

     q = (   -0.666666667  -0.333333333   0.666666667 ) 

    1    1
  0.24846926  0.00000000    0.01085337  0.00704139   -0.00970375  0.00000000
  0.01085337 -0.00704139    0.27684064 -0.00000000   -0.01085337  0.00704139
 -0.00970375  0.00000000   -0.01085337 -0.00704139    0.24846926  0.00000000
    1    2
 -0.09445522  0.05330370    0.06236732 -0.03354663   -0.10520604 -0.03118492
  0.06236732 -0.03354663   -0.10926427  0.04930047   -0.06236732  0.03354663
 -0.10520604 -0.03118492   -0.06236732  0.03354663   -0.09445522  0.05330370
    2    1
 -0.09445522 -0.05330370    0.06236732  0.03354663   -0.10520604  0.03118492
  0.06236732  0.03354663   -0.10926427 -0.04930047   -0.06236732 -0.03354663
 -0.10520604  0.03118492   -0.06236732 -0.03354663   -0.09445522 -0.05330370
    2    2
  0.24846926  0.00000000    0.01085337 -0.00704139   -0.00970375  0.00000000
  0.01085337  0.00704139    0.27684064  0.00000000   -0.01085337 -0.00704139
 -0.00970375  0.00000000   -0.01085337  0.00704139    0.24846926  0.00000000

     Dynamical  Matrix in cartesian axes

     q = (   -0.333333333   0.666666667  -0.666666667 ) 

    1    1
  0.27684064  0.00000000   -0.01085337  0.00704139    0.01085337 -0.00704139
 -0.01085337 -0.00704139    0.24846926  0.00000000   -0.00970375 -0.00000000
  0.01085337  0.00704139   -0.00970375 -0.00000000    0.24846926  0.00000000
    1    2
 -0.10926427  0.04930047   -0.06236732  0.03354663    0.06236732 -0.03354663
 -0.06236732  0.03354663   -0.09445522  0.05330370   -0.10520604 -0.03118492
  0.06236732 -0.03354663   -0.10520604 -0.03118492   -0.09445522  0.05330370
    2    1
 -0.10926427 -0.04930047   -0.06236732 -0.03354663    0.06236732  0.03354663
 -0.06236732 -0.03354663   -0.09445522 -0.05330370   -0.10520604  0.03118492
  0.06236732  0.03354663   -0.10520604  0.03118492   -0.09445522 -0.05330370
    2    2
  0.27684064 -0.00000000   -0.01085337 -0.00704139    0.01085337  0.00704139
 -0.01085337  0.00704139    0.24846926 -0.00000000   -0.00970375  0.00000000
  0.01085337 -0.00704139   -0.00970375  0.00000000    0.24846926 -0.00000000

     Dynamical  Matrix in cartesian axes

     q = (   -0.666666667   0.666666667  -0.333333333 ) 

    1    1
  0.24846926  0.00000000   -0.00970375 -0.00000000    0.01085337  0.00704139
 -0.00970375 -0.00000000    0.24846926  0.00000000   -0.01085337 -0.00704139
  0.01085337 -0.00704139   -0.01085337  0.00704139    0.27684064  0.00000000
    1    2
 -0.09445522  0.05330370   -0.10520604 -0.03118492    0.06236732 -0.03354663
 -0.10520604 -0.03118492   -0.09445522  0.05330370   -0.06236732  0.03354663
  0.06236732 -0.03354663   -0.06236732  0.03354663   -0.10926427  0.04930047
    2    1
 -0.09445522 -0.05330370   -0.10520604  0.03118492    0.06236732  0.03354663
 -0.10520604  0.03118492   -0.09445522 -0.05330370   -0.06236732 -0.03354663
  0.06236732  0.03354663   -0.06236732 -0.03354663   -0.10926427 -0.04930047
    2    2
  0.24846926 -0.00000000   -0.00970375  0.00000000    0.01085337 -0.00704139
 -0.00970375  0.00000000    0.24846926 -0.00000000   -0.01085337  0.00704139
  0.01085337  0.00704139   -0.01085337 -0.00704139    0.27684064 -0.00000000

     Dynamical  Matrix in cartesian axes

     q = (    0.666666667   0.333333333   0.666666667 ) 

    1    1
  0.24846926 -0.00000000    0.01085337  0.00704139    0.00970375 -0.00000000
  0.01085337 -0.00704139    0.27684064 -0.00000000    0.01085337 -0.00704139
  0.00970375 -0.00000000    0.01085337  0.00704139    0.24846926 -0.00000000
    1    2
  0.09445522 -0.05330370   -0.06236732  0.03354663   -0.10520604 -0.03118492
 -0.06236732  0.03354663    0.10926427 -0.04930047   -0.06236732  0.03354663
 -0.10520604 -0.03118492   -0.06236732  0.03354663    0.09445522 -0.05330370
    2    1
  0.09445522  0.05330370   -0.06236732 -0.03354663   -0.10520604  0.03118492
 -0.06236732 -0.03354663    0.10926427  0.04930047   -0.06236732 -0.03354663
 -0.10520604  0.03118492   -0.06236732 -0.03354663    0.09445522  0.05330370
    2    2
  0.24846926  0.00000000    0.01085337 -0.00704139    0.00970375  0.00000000
  0.01085337  0.00704139    0.27684064  0.00000000    0.01085337  0.00704139
  0.00970375  0.00000000    0.01085337 -0.00704139    0.24846926  0.00000000

     Dynamical  Matrix in cartesian axes

     q = (   -0.666666667   0.333333333   0.666666667 ) 

    1    1
  0.24846926  0.00000000   -0.01085337  0.00704139   -0.00970375  0.00000000
 -0.01085337 -0.00704139    0.27684064 -0.00000000    0.01085337  0.00704139
 -0.00970375  0.00000000    0.01085337 -0.00704139    0.24846926  0.00000000
    1    2
 -0.09445522 -0.05330370   -0.06236732 -0.03354663   -0.10520604  0.03118492
 -0.06236732 -0.03354663   -0.10926427 -0.04930047    0.06236732  0.03354663
 -0.10520604  0.03118492    0.06236732  0.03354663   -0.09445522 -0.05330370
    2    1
 -0.09445522  0.05330370   -0.06236732  0.03354663   -0.10520604 -0.03118492
 -0.06236732  0.03354663   -0.10926427  0.04930047    0.06236732 -0.03354663
 -0.10520604 -0.03118492    0.06236732 -0.03354663   -0.09445522  0.05330370
    2    2
  0.24846926  0.00000000   -0.01085337 -0.00704139   -0.00970375  0.00000000
 -0.01085337  0.00704139    0.27684064  0.00000000    0.01085337 -0.00704139
 -0.00970375  0.00000000    0.01085337  0.00704139    0.24846926  0.00000000

     Dynamical  Matrix in cartesian axes

     q = (    0.666666667   0.333333333  -0.666666667 ) 

    1    1
  0.24846926  0.00000000    0.01085337 -0.00704139   -0.00970375  0.00000000
  0.01085337  0.00704139    0.27684064  0.00000000   -0.01085337 -0.00704139
 -0.00970375  0.00000000   -0.01085337  0.00704139    0.24846926  0.00000000
    1    2
 -0.09445522 -0.05330370    0.06236732  0.03354663   -0.10520604  0.03118492
  0.06236732  0.03354663   -0.10926427 -0.04930047   -0.06236732 -0.03354663
 -0.10520604  0.03118492   -0.06236732 -0.03354663   -0.09445522 -0.05330370
    2    1
 -0.09445522  0.05330370    0.06236732 -0.03354663   -0.10520604 -0.03118492
  0.06236732 -0.03354663   -0.10926427  0.04930047   -0.06236732  0.03354663
 -0.10520604 -0.03118492   -0.06236732  0.03354663   -0.09445522  0.05330370
    2    2
  0.24846926  0.00000000    0.01085337  0.00704139   -0.00970375  0.00000000
  0.01085337 -0.00704139    0.27684064 -0.00000000   -0.01085337  0.00704139
 -0.00970375  0.00000000   -0.01085337 -0.00704139    0.24846926  0.00000000

     Dynamical  Matrix in cartesian axes

     q = (   -0.333333333   0.666666667   0.666666667 ) 

    1    1
  0.27684064 -0.00000000   -0.01085337 -0.00704139   -0.01085337 -0.00704139
 -0.01085337  0.00704139    0.24846926 -0.00000000    0.00970375  0.00000000
 -0.01085337  0.00704139    0.00970375  0.00000000    0.24846926 -0.00000000
    1    2
 -0.09732759  0.06997540   -0.06023589  0.03723837   -0.06023589  0.03723837
 -0.06023589  0.03723837   -0.09338997  0.05514877    0.02559609 -0.10670356
 -0.06023589  0.03723837    0.02559609 -0.10670356   -0.09338997  0.05514877
    2    1
 -0.09732759 -0.06997540   -0.06023589 -0.03723837   -0.06023589 -0.03723837
 -0.06023589 -0.03723837   -0.09338997 -0.05514877    0.02559609  0.10670356
 -0.06023589 -0.03723837    0.02559609  0.10670356   -0.09338997 -0.05514877
    2    2
  0.27684064  0.00000000   -0.01085337  0.00704139   -0.01085337  0.00704139
 -0.01085337 -0.00704139    0.24846926  0.00000000    0.00970375 -0.00000000
 -0.01085337 -0.00704139    0.00970375 -0.00000000    0.24846926  0.00000000

     Dynamical  Matrix in cartesian axes

     q = (    0.333333333   0.666666667  -0.666666667 ) 

    1    1
  0.27684064  0.00000000    0.01085337  0.00704139   -0.01085337 -0.00704139
  0.01085337 -0.00704139    0.24846926  0.00000000   -0.00970375 -0.00000000
 -0.01085337  0.00704139   -0.00970375 -0.00000000    0.24846926  0.00000000
    1    2
 -0.10926427 -0.04930047    0.06236732  0.03354663   -0.06236732 -0.03354663
  0.06236732  0.03354663   -0.09445522 -0.05330370   -0.10520604  0.03118492
 -0.06236732 -0.03354663   -0.10520604  0.03118492   -0.09445522 -0.05330370
    2    1
 -0.10926427  0.04930047    0.06236732 -0.03354663   -0.06236732  0.03354663
  0.06236732 -0.03354663   -0.09445522  0.05330370   -0.10520604 -0.03118492
 -0.06236732  0.03354663   -0.10520604 -0.03118492   -0.09445522  0.05330370
    2    2
  0.27684064 -0.00000000    0.01085337 -0.00704139   -0.01085337  0.00704139
  0.01085337  0.00704139    0.24846926 -0.00000000   -0.00970375  0.00000000
 -0.01085337 -0.00704139   -0.00970375  0.00000000    0.24846926 -0.00000000

     Dynamical  Matrix in cartesian axes

     q = (   -0.333333333  -0.666666667  -0.666666667 ) 

    1    1
  0.27684064  0.00000000    0.01085337  0.00704139    0.01085337  0.00704139
  0.01085337 -0.00704139    0.24846926  0.00000000    0.00970375 -0.00000000
  0.01085337 -0.00704139    0.00970375 -0.00000000    0.24846926  0.00000000
    1    2
  0.10926427  0.04930047   -0.06236732 -0.03354663   -0.06236732 -0.03354663
 -0.06236732 -0.03354663    0.09445522  0.05330370   -0.10520604  0.03118492
 -0.06236732 -0.03354663   -0.10520604  0.03118492    0.09445522  0.05330370
    2    1
  0.10926427 -0.04930047   -0.06236732  0.03354663   -0.06236732  0.03354663
 -0.06236732  0.03354663    0.09445522 -0.05330370   -0.10520604 -0.03118492
 -0.06236732  0.03354663   -0.10520604 -0.03118492    0.09445522 -0.05330370
    2    2
  0.27684064 -0.00000000    0.01085337 -0.00704139    0.01085337 -0.00704139
  0.01085337  0.00704139    0.24846926 -0.00000000    0.00970375  0.00000000
  0.01085337  0.00704139    0.00970375  0.00000000    0.24846926 -0.00000000

     Dynamical  Matrix in cartesian axes

     q = (    0.666666667  -0.666666667   0.333333333 ) 

    1    1
  0.24846926 -0.00000000   -0.00970375  0.00000000    0.01085337 -0.00704139
 -0.00970375  0.00000000    0.24846926 -0.00000000   -0.01085337  0.00704139
  0.01085337  0.00704139   -0.01085337 -0.00704139    0.27684064 -0.00000000
    1    2
 -0.09445522 -0.05330370   -0.10520604  0.03118492    0.06236732  0.03354663
 -0.10520604  0.03118492   -0.09445522 -0.05330370   -0.06236732 -0.03354663
  0.06236732  0.03354663   -0.06236732 -0.03354663   -0.10926427 -0.04930047
    2    1
 -0.09445522  0.05330370   -0.10520604 -0.03118492    0.06236732 -0.03354663
 -0.10520604 -0.03118492   -0.09445522  0.05330370   -0.06236732  0.03354663
  0.06236732 -0.03354663   -0.06236732  0.03354663   -0.10926427  0.04930047
    2    2
  0.24846926  0.00000000   -0.00970375 -0.00000000    0.01085337  0.00704139
 -0.00970375 -0.00000000    0.24846926  0.00000000   -0.01085337 -0.00704139
  0.01085337 -0.00704139   -0.01085337  0.00704139    0.27684064  0.00000000

     Dynamical  Matrix in cartesian axes

     q = (    0.666666667   0.666666667  -0.333333333 ) 

    1    1
  0.24846926  0.00000000    0.00970375  0.00000000   -0.01085337  0.00704139
  0.00970375  0.00000000    0.24846926  0.00000000   -0.01085337  0.00704139
 -0.01085337 -0.00704139   -0.01085337 -0.00704139    0.27684064  0.00000000
    1    2
 -0.09338997  0.05514877    0.02559609 -0.10670356   -0.06023589  0.03723837
  0.02559609 -0.10670356   -0.09338997  0.05514877   -0.06023589  0.03723837
 -0.06023589  0.03723837   -0.06023589  0.03723837   -0.09732759  0.06997540
    2    1
 -0.09338997 -0.05514877    0.02559609  0.10670356   -0.06023589 -0.03723837
  0.02559609  0.10670356   -0.09338997 -0.05514877   -0.06023589 -0.03723837
 -0.06023589 -0.03723837   -0.06023589 -0.03723837   -0.09732759 -0.06997540
    2    2
  0.24846926 -0.00000000    0.00970375 -0.00000000   -0.01085337 -0.00704139
  0.00970375 -0.00000000    0.24846926 -0.00000000   -0.01085337 -0.00704139
 -0.01085337  0.00704139   -0.01085337  0.00704139    0.27684064 -0.00000000

     Dynamical  Matrix in cartesian axes

     q = (   -0.666666667  -0.666666667  -0.333333333 ) 

    1    1
  0.24846926 -0.00000000    0.00970375 -0.00000000    0.01085337 -0.00704139
  0.00970375 -0.00000000    0.24846926 -0.00000000    0.01085337 -0.00704139
  0.01085337  0.00704139    0.01085337  0.00704139    0.27684064 -0.00000000
    1    2
  0.09445522  0.05330370   -0.10520604  0.03118492   -0.06236732 -0.03354663
 -0.10520604  0.03118492    0.09445522  0.05330370   -0.06236732 -0.03354663
 -0.06236732 -0.03354663   -0.06236732 -0.03354663    0.10926427  0.04930047
    2    1
  0.09445522 -0.05330370   -0.10520604 -0.03118492   -0.06236732  0.03354663
 -0.10520604 -0.03118492    0.09445522 -0.05330370   -0.06236732  0.03354663
 -0.06236732  0.03354663   -0.06236732  0.03354663    0.10926427 -0.04930047
    2    2
  0.24846926  0.00000000    0.00970375  0.00000000    0.01085337  0.00704139
  0.00970375  0.00000000    0.24846926  0.00000000    0.01085337  0.00704139
  0.01085337 -0.00704139    0.01085337 -0.00704139    0.27684064  0.00000000

     Dynamical  Matrix in cartesian axes

     q = (   -0.666666667   0.666666667   0.333333333 ) 

    1    1
  0.24846926 -0.00000000   -0.00970375  0.00000000   -0.01085337  0.00704139
 -0.00970375  0.00000000    0.24846926 -0.00000000    0.01085337 -0.00704139
 -0.01085337 -0.00704139    0.01085337  0.00704139    0.27684064 -0.00000000
    1    2
 -0.09445522 -0.05330370   -0.10520604  0.03118492   -0.06236732 -0.03354663
 -0.10520604  0.03118492   -0.09445522 -0.05330370    0.06236732  0.03354663
 -0.06236732 -0.03354663    0.06236732  0.03354663   -0.10926427 -0.04930047
    2    1
 -0.09445522  0.05330370   -0.10520604 -0.03118492   -0.06236732  0.03354663
 -0.10520604 -0.03118492   -0.09445522  0.05330370    0.06236732 -0.03354663
 -0.06236732  0.03354663    0.06236732 -0.03354663   -0.10926427  0.04930047
    2    2
  0.24846926  0.00000000   -0.00970375 -0.00000000   -0.01085337 -0.00704139
 -0.00970375 -0.00000000    0.24846926  0.00000000    0.01085337  0.00704139
 -0.01085337  0.00704139    0.01085337 -0.00704139    0.27684064  0.00000000

     Dynamical  Matrix in cartesian axes

     q = (    0.333333333  -0.666666667   0.666666667 ) 

    1    1
  0.27684064 -0.00000000   -0.01085337 -0.00704139    0.01085337  0.00704139
 -0.01085337  0.00704139    0.24846926 -0.00000000   -0.00970375  0.00000000
  0.01085337 -0.00704139   -0.00970375  0.00000000    0.24846926 -0.00000000
    1    2
 -0.10926427 -0.04930047   -0.06236732 -0.03354663    0.06236732  0.03354663
 -0.06236732 -0.03354663   -0.09445522 -0.05330370   -0.10520604  0.03118492
  0.06236732  0.03354663   -0.10520604  0.03118492   -0.09445522 -0.05330370
    2    1
 -0.10926427  0.04930047   -0.06236732  0.03354663    0.06236732 -0.03354663
 -0.06236732  0.03354663   -0.09445522  0.05330370   -0.10520604 -0.03118492
  0.06236732 -0.03354663   -0.10520604 -0.03118492   -0.09445522  0.05330370
    2    2
  0.27684064  0.00000000   -0.01085337  0.00704139    0.01085337 -0.00704139
 -0.01085337 -0.00704139    0.24846926  0.00000000   -0.00970375 -0.00000000
  0.01085337  0.00704139   -0.00970375 -0.00000000    0.24846926  0.00000000

     Dynamical  Matrix in cartesian axes

     q = (    0.333333333   0.666666667   0.666666667 ) 

    1    1
  0.27684064 -0.00000000    0.01085337 -0.00704139    0.01085337 -0.00704139
  0.01085337  0.00704139    0.24846926 -0.00000000    0.00970375  0.00000000
  0.01085337  0.00704139    0.00970375  0.00000000    0.24846926 -0.00000000
    1    2
  0.10926427 -0.04930047   -0.06236732  0.03354663   -0.06236732  0.03354663
 -0.06236732  0.03354663    0.09445522 -0.05330370   -0.10520604 -0.03118492
 -0.06236732  0.03354663   -0.10520604 -0.03118492    0.09445522 -0.05330370
    2    1
  0.10926427  0.04930047   -0.06236732 -0.03354663   -0.06236732 -0.03354663
 -0.06236732 -0.03354663    0.09445522  0.05330370   -0.10520604  0.03118492
 -0.06236732 -0.03354663   -0.10520604  0.03118492    0.09445522  0.05330370
    2    2
  0.27684064  0.00000000    0.01085337  0.00704139    0.01085337  0.00704139
  0.01085337 -0.00704139    0.24846926  0.00000000    0.00970375 -0.00000000
  0.01085337 -0.00704139    0.00970375 -0.00000000    0.24846926  0.00000000

     Dynamical  Matrix in cartesian axes

     q = (   -0.666666667   0.333333333  -0.666666667 ) 

    1    1
  0.24846926  0.00000000   -0.01085337 -0.00704139    0.00970375  0.00000000
 -0.01085337  0.00704139    0.27684064  0.00000000   -0.01085337  0.00704139
  0.00970375  0.00000000   -0.01085337 -0.00704139    0.24846926  0.00000000
    1    2
 -0.09338997 -0.05514877   -0.06023589 -0.03723837    0.02559609  0.10670356
 -0.06023589 -0.03723837   -0.09732759 -0.06997540   -0.06023589 -0.03723837
  0.02559609  0.10670356   -0.06023589 -0.03723837   -0.09338997 -0.05514877
    2    1
 -0.09338997  0.05514877   -0.06023589  0.03723837    0.02559609 -0.10670356
 -0.06023589  0.03723837   -0.09732759  0.06997540   -0.06023589  0.03723837
  0.02559609 -0.10670356   -0.06023589  0.03723837   -0.09338997  0.05514877
    2    2
  0.24846926 -0.00000000   -0.01085337  0.00704139    0.00970375 -0.00000000
 -0.01085337 -0.00704139    0.27684064 -0.00000000   -0.01085337 -0.00704139
  0.00970375 -0.00000000   -0.01085337  0.00704139    0.24846926 -0.00000000

     Dynamical  Matrix in cartesian axes

     q = (   -0.333333333  -0.666666667   0.666666667 ) 

    1    1
  0.27684064 -0.00000000    0.01085337 -0.00704139   -0.01085337  0.00704139
  0.01085337  0.00704139    0.24846926 -0.00000000   -0.00970375  0.00000000
 -0.01085337 -0.00704139   -0.00970375  0.00000000    0.24846926 -0.00000000
    1    2
 -0.10926427  0.04930047    0.06236732 -0.03354663   -0.06236732  0.03354663
  0.06236732 -0.03354663   -0.09445522  0.05330370   -0.10520604 -0.03118492
 -0.06236732  0.03354663   -0.10520604 -0.03118492   -0.09445522  0.05330370
    2    1
 -0.10926427 -0.04930047    0.06236732  0.03354663   -0.06236732 -0.03354663
  0.06236732  0.03354663   -0.09445522 -0.05330370   -0.10520604  0.03118492
 -0.06236732 -0.03354663   -0.10520604  0.03118492   -0.09445522 -0.05330370
    2    2
  0.27684064  0.00000000    0.01085337  0.00704139   -0.01085337 -0.00704139
  0.01085337 -0.00704139    0.24846926  0.00000000   -0.00970375 -0.00000000
 -0.01085337  0.00704139   -0.00970375 -0.00000000    0.24846926  0.00000000

     Dynamical  Matrix in cartesian axes

     q = (   -0.666666667  -0.666666667   0.333333333 ) 

    1    1
  0.24846926 -0.00000000    0.00970375 -0.00000000   -0.01085337 -0.00704139
  0.00970375 -0.00000000    0.24846926 -0.00000000   -0.01085337 -0.00704139
 -0.01085337  0.00704139   -0.01085337  0.00704139    0.27684064 -0.00000000
    1    2
 -0.09338997 -0.05514877    0.02559609  0.10670356   -0.06023589 -0.03723837
  0.02559609  0.10670356   -0.09338997 -0.05514877   -0.06023589 -0.03723837
 -0.06023589 -0.03723837   -0.06023589 -0.03723837   -0.09732759 -0.06997540
    2    1
 -0.09338997  0.05514877    0.02559609 -0.10670356   -0.06023589  0.03723837
  0.02559609 -0.10670356   -0.09338997  0.05514877   -0.06023589  0.03723837
 -0.06023589  0.03723837   -0.06023589  0.03723837   -0.09732759  0.06997540
    2    2
  0.24846926  0.00000000    0.00970375  0.00000000   -0.01085337  0.00704139
  0.00970375  0.00000000    0.24846926  0.00000000   -0.01085337  0.00704139
 -0.01085337 -0.00704139   -0.01085337 -0.00704139    0.27684064  0.00000000

     Dynamical  Matrix in cartesian axes

     q = (    0.666666667   0.666666667   0.333333333 ) 

    1    1
  0.24846926  0.00000000    0.00970375  0.00000000    0.01085337  0.00704139
  0.00970375  0.00000000    0.24846926  0.00000000    0.01085337  0.00704139
  0.01085337 -0.00704139    0.01085337 -0.00704139    0.27684064  0.00000000
    1    2
  0.09445522 -0.05330370   -0.10520604 -0.03118492   -0.06236732  0.03354663
 -0.10520604 -0.03118492    0.09445522 -0.05330370   -0.06236732  0.03354663
 -0.06236732  0.03354663   -0.06236732  0.03354663    0.10926427 -0.04930047
    2    1
  0.09445522  0.05330370   -0.10520604  0.03118492   -0.06236732 -0.03354663
 -0.10520604  0.03118492    0.09445522  0.05330370   -0.06236732 -0.03354663
 -0.06236732 -0.03354663   -0.06236732 -0.03354663    0.10926427  0.04930047
    2    2
  0.24846926 -0.00000000    0.00970375 -0.00000000    0.01085337 -0.00704139
  0.00970375 -0.00000000    0.24846926 -0.00000000    0.01085337 -0.00704139
  0.01085337  0.00704139    0.01085337  0.00704139    0.27684064 -0.00000000

     Dynamical  Matrix in cartesian axes

     q = (    0.333333333  -0.666666667  -0.666666667 ) 

    1    1
  0.27684064  0.00000000   -0.01085337  0.00704139   -0.01085337  0.00704139
 -0.01085337 -0.00704139    0.24846926  0.00000000    0.00970375 -0.00000000
 -0.01085337 -0.00704139    0.00970375 -0.00000000    0.24846926  0.00000000
    1    2
 -0.09732759 -0.06997540   -0.06023589 -0.03723837   -0.06023589 -0.03723837
 -0.06023589 -0.03723837   -0.09338997 -0.05514877    0.02559609  0.10670356
 -0.06023589 -0.03723837    0.02559609  0.10670356   -0.09338997 -0.05514877
    2    1
 -0.09732759  0.06997540   -0.06023589  0.03723837   -0.06023589  0.03723837
 -0.06023589  0.03723837   -0.09338997  0.05514877    0.02559609 -0.10670356
 -0.06023589  0.03723837    0.02559609 -0.10670356   -0.09338997  0.05514877
    2    2
  0.27684064 -0.00000000   -0.01085337 -0.00704139   -0.01085337 -0.00704139
 -0.01085337  0.00704139    0.24846926 -0.00000000    0.00970375  0.00000000
 -0.01085337  0.00704139    0.00970375  0.00000000    0.24846926 -0.00000000

     Dynamical  Matrix in cartesian axes

     q = (    0.666666667  -0.666666667  -0.333333333 ) 

    1    1
  0.24846926  0.00000000   -0.00970375 -0.00000000   -0.01085337 -0.00704139
 -0.00970375 -0.00000000    0.24846926  0.00000000    0.01085337  0.00704139
 -0.01085337  0.00704139    0.01085337 -0.00704139    0.27684064  0.00000000
    1    2
 -0.09445522  0.05330370   -0.10520604 -0.03118492   -0.06236732  0.03354663
 -0.10520604 -0.03118492   -0.09445522  0.05330370    0.06236732 -0.03354663
 -0.06236732  0.03354663    0.06236732 -0.03354663   -0.10926427  0.04930047
    2    1
 -0.09445522 -0.05330370   -0.10520604  0.03118492   -0.06236732 -0.03354663
 -0.10520604  0.03118492   -0.09445522 -0.05330370    0.06236732  0.03354663
 -0.06236732 -0.03354663    0.06236732  0.03354663   -0.10926427 -0.04930047
    2    2
  0.24846926 -0.00000000   -0.00970375  0.00000000   -0.01085337  0.00704139
 -0.00970375  0.00000000    0.24846926 -0.00000000    0.01085337 -0.00704139
 -0.01085337 -0.00704139    0.01085337  0.00704139    0.27684064 -0.00000000

     Diagonalizing the dynamical matrix

     q = (    0.666666667  -0.333333333   0.666666667 ) 

 **************************************************************************
     freq (    1) =       4.002084 [THz] =     133.495142 [cm-1]
 ( -0.296158  0.402853 -0.000000  0.000000  0.296158 -0.402853 ) 
 ( -0.500000 -0.000000 -0.000000 -0.000000  0.500000  0.000000 ) 
     freq (    2) =       5.173714 [THz] =     172.576533 [cm-1]
 (  0.327910  0.028378  0.507899 -0.159306  0.327910  0.028378 ) 
 (  0.329136  0.000000  0.492272  0.202504  0.329136  0.000000 ) 
     freq (    3) =       9.576981 [THz] =     319.453686 [cm-1]
 (  0.121143 -0.391151  0.124268  0.386275  0.121143 -0.391151 ) 
 ( -0.409481  0.000000  0.332220  0.232982 -0.409481  0.000000 ) 
     freq (    4) =      11.817157 [THz] =     394.177933 [cm-1]
 (  0.067510 -0.357161  0.135206  0.466344  0.067510 -0.357161 ) 
 (  0.363485 -0.000000 -0.433118 -0.219468  0.363485  0.000000 ) 
     freq (    5) =      13.633824 [THz] =     454.775431 [cm-1]
 (  0.296158 -0.402853  0.000000 -0.000000 -0.296158  0.402853 ) 
 ( -0.500000  0.000000 -0.000000 -0.000000  0.500000  0.000000 ) 
     freq (    6) =      13.938126 [THz] =     464.925836 [cm-1]
 (  0.273369  0.130932  0.545774 -0.135585  0.273369  0.130932 ) 
 ( -0.303107  0.000000 -0.433660 -0.358038 -0.303107  0.000000 ) 
 **************************************************************************
