Dynamical matrix file
                                                                           
  1    2  2 10.2920000  0.0000000  0.0000000  0.0000000  0.0000000  0.0000000
           1  'Si  '    25598.8229845270     
    1    1      0.0000000000      0.0000000000      0.0000000000
    2    1      0.2500000000      0.2500000000      0.2500000000

     Dynamical  Matrix in cartesian axes

     q = (   -0.166666667   0.166666667  -0.166666667 ) 

    1    1
  0.27499669  0.00000000   -0.00645613  0.00000000    0.00645613  0.00000000
 -0.00645613  0.00000000    0.27499669  0.00000000   -0.00645613  0.00000000
  0.00645613  0.00000000   -0.00645613  0.00000000    0.27499669  0.00000000
    1    2
 -0.23758327 -0.05475099   -0.01848812  0.03421370    0.01848812 -0.03421370
 -0.01848812  0.03421370   -0.23758327 -0.05475099   -0.01848812  0.03421370
  0.01848812 -0.03421370   -0.01848812  0.03421370   -0.23758327 -0.05475099
    2    1
 -0.23758327  0.05475099   -0.01848812 -0.03421370    0.01848812  0.03421370
 -0.01848812 -0.03421370   -0.23758327  0.05475099   -0.01848812 -0.03421370
  0.01848812  0.03421370   -0.01848812 -0.03421370   -0.23758327  0.05475099
    2    2
  0.27499669  0.00000000   -0.00645613  0.00000000    0.00645613  0.00000000
 -0.00645613  0.00000000    0.27499669  0.00000000   -0.00645613  0.00000000
  0.00645613  0.00000000   -0.00645613  0.00000000    0.27499669  0.00000000

     Dynamical  Matrix in cartesian axes

     q = (    0.166666667   0.166666667   0.166666667 ) 

    1    1
  0.27499669  0.00000000    0.00645613  0.00000000    0.00645613  0.00000000
  0.00645613  0.00000000    0.27499669  0.00000000    0.00645613  0.00000000
  0.00645613  0.00000000    0.00645613  0.00000000    0.27499669  0.00000000
    1    2
 -0.16620738  0.17837765   -0.02038587 -0.03311803   -0.02038587 -0.03311803
 -0.02038587 -0.03311803   -0.16620738  0.17837765   -0.02038587 -0.03311803
 -0.02038587 -0.03311803   -0.02038587 -0.03311803   -0.16620738  0.17837765
    2    1
 -0.16620738 -0.17837765   -0.02038587  0.03311803   -0.02038587  0.03311803
 -0.02038587  0.03311803   -0.16620738 -0.17837765   -0.02038587  0.03311803
 -0.02038587  0.03311803   -0.02038587  0.03311803   -0.16620738 -0.17837765
    2    2
  0.27499669  0.00000000    0.00645613  0.00000000    0.00645613  0.00000000
  0.00645613  0.00000000    0.27499669  0.00000000    0.00645613  0.00000000
  0.00645613  0.00000000    0.00645613  0.00000000    0.27499669  0.00000000

     Dynamical  Matrix in cartesian axes

     q = (   -0.166666667  -0.166666667  -0.166666667 ) 

    1    1
  0.27499669  0.00000000    0.00645613  0.00000000    0.00645613  0.00000000
  0.00645613  0.00000000    0.27499669  0.00000000    0.00645613  0.00000000
  0.00645613  0.00000000    0.00645613  0.00000000    0.27499669  0.00000000
    1    2
 -0.16620738 -0.17837765   -0.02038587  0.03311803   -0.02038587  0.03311803
 -0.02038587  0.03311803   -0.16620738 -0.17837765   -0.02038587  0.03311803
 -0.02038587  0.03311803   -0.02038587  0.03311803   -0.16620738 -0.17837765
    2    1
 -0.16620738  0.17837765   -0.02038587 -0.03311803   -0.02038587 -0.03311803
 -0.02038587 -0.03311803   -0.16620738  0.17837765   -0.02038587 -0.03311803
 -0.02038587 -0.03311803   -0.02038587 -0.03311803   -0.16620738  0.17837765
    2    2
  0.27499669  0.00000000    0.00645613  0.00000000    0.00645613  0.00000000
  0.00645613  0.00000000    0.27499669  0.00000000    0.00645613  0.00000000
  0.00645613  0.00000000    0.00645613  0.00000000    0.27499669  0.00000000

     Dynamical  Matrix in cartesian axes

     q = (    0.166666667  -0.166666667   0.166666667 ) 

    1    1
  0.27499669  0.00000000   -0.00645613  0.00000000    0.00645613  0.00000000
 -0.00645613  0.00000000    0.27499669  0.00000000   -0.00645613  0.00000000
  0.00645613  0.00000000   -0.00645613  0.00000000    0.27499669  0.00000000
    1    2
 -0.23758327  0.05475099   -0.01848812 -0.03421370    0.01848812  0.03421370
 -0.01848812 -0.03421370   -0.23758327  0.05475099   -0.01848812 -0.03421370
  0.01848812  0.03421370   -0.01848812 -0.03421370   -0.23758327  0.05475099
    2    1
 -0.23758327 -0.05475099   -0.01848812  0.03421370    0.01848812 -0.03421370
 -0.01848812  0.03421370   -0.23758327 -0.05475099   -0.01848812  0.03421370
  0.01848812 -0.03421370   -0.01848812  0.03421370   -0.23758327 -0.05475099
    2    2
  0.27499669  0.00000000   -0.00645613  0.00000000    0.00645613  0.00000000
 -0.00645613  0.00000000    0.27499669  0.00000000   -0.00645613  0.00000000
  0.00645613  0.00000000   -0.00645613  0.00000000    0.27499669  0.00000000

     Dynamical  Matrix in cartesian axes

     q = (    0.166666667  -0.166666667  -0.166666667 ) 

    1    1
  0.27499669  0.00000000   -0.00645613  0.00000000   -0.00645613  0.00000000
 -0.00645613  0.00000000    0.27499669  0.00000000    0.00645613  0.00000000
 -0.00645613  0.00000000    0.00645613  0.00000000    0.27499669  0.00000000
    1    2
 -0.23758327 -0.05475099   -0.01848812  0.03421370   -0.01848812  0.03421370
 -0.01848812  0.03421370   -0.23758327 -0.05475099    0.01848812 -0.03421370
 -0.01848812  0.03421370    0.01848812 -0.03421370   -0.23758327 -0.05475099
    2    1
 -0.23758327  0.05475099   -0.01848812 -0.03421370   -0.01848812 -0.03421370
 -0.01848812 -0.03421370   -0.23758327  0.05475099    0.01848812  0.03421370
 -0.01848812 -0.03421370    0.01848812  0.03421370   -0.23758327  0.05475099
    2    2
  0.27499669  0.00000000   -0.00645613  0.00000000   -0.00645613  0.00000000
 -0.00645613  0.00000000    0.27499669  0.00000000    0.00645613  0.00000000
 -0.00645613  0.00000000    0.00645613  0.00000000    0.27499669  0.00000000

     Dynamical  Matrix in cartesian axes

     q = (    0.166666667   0.166666667  -0.166666667 ) 

    1    1
  0.27499669  0.00000000    0.00645613  0.00000000   -0.00645613  0.00000000
  0.00645613  0.00000000    0.27499669  0.00000000   -0.00645613  0.00000000
 -0.00645613  0.00000000   -0.00645613  0.00000000    0.27499669  0.00000000
    1    2
 -0.23758327  0.05475099    0.01848812  0.03421370   -0.01848812 -0.03421370
  0.01848812  0.03421370   -0.23758327  0.05475099   -0.01848812 -0.03421370
 -0.01848812 -0.03421370   -0.01848812 -0.03421370   -0.23758327  0.05475099
    2    1
 -0.23758327 -0.05475099    0.01848812 -0.03421370   -0.01848812  0.03421370
  0.01848812 -0.03421370   -0.23758327 -0.05475099   -0.01848812  0.03421370
 -0.01848812  0.03421370   -0.01848812  0.03421370   -0.23758327 -0.05475099
    2    2
  0.27499669  0.00000000    0.00645613  0.00000000   -0.00645613  0.00000000
  0.00645613  0.00000000    0.27499669  0.00000000   -0.00645613  0.00000000
 -0.00645613  0.00000000   -0.00645613  0.00000000    0.27499669  0.00000000

     Dynamical  Matrix in cartesian axes

     q = (   -0.166666667  -0.166666667   0.166666667 ) 

    1    1
  0.27499669  0.00000000    0.00645613  0.00000000   -0.00645613  0.00000000
  0.00645613  0.00000000    0.27499669  0.00000000   -0.00645613  0.00000000
 -0.00645613  0.00000000   -0.00645613  0.00000000    0.27499669  0.00000000
    1    2
 -0.23758327 -0.05475099    0.01848812 -0.03421370   -0.01848812  0.03421370
  0.01848812 -0.03421370   -0.23758327 -0.05475099   -0.01848812  0.03421370
 -0.01848812  0.03421370   -0.01848812  0.03421370   -0.23758327 -0.05475099
    2    1
 -0.23758327  0.05475099    0.01848812  0.03421370   -0.01848812 -0.03421370
  0.01848812  0.03421370   -0.23758327  0.05475099   -0.01848812 -0.03421370
 -0.01848812 -0.03421370   -0.01848812 -0.03421370   -0.23758327  0.05475099
    2    2
  0.27499669  0.00000000    0.00645613  0.00000000   -0.00645613  0.00000000
  0.00645613  0.00000000    0.27499669  0.00000000   -0.00645613  0.00000000
 -0.00645613  0.00000000   -0.00645613  0.00000000    0.27499669  0.00000000

     Dynamical  Matrix in cartesian axes

     q = (   -0.166666667   0.166666667   0.166666667 ) 

    1    1
  0.27499669  0.00000000   -0.00645613  0.00000000   -0.00645613  0.00000000
 -0.00645613  0.00000000    0.27499669  0.00000000    0.00645613  0.00000000
 -0.00645613  0.00000000    0.00645613  0.00000000    0.27499669  0.00000000
    1    2
 -0.23758327  0.05475099   -0.01848812 -0.03421370   -0.01848812 -0.03421370
 -0.01848812 -0.03421370   -0.23758327  0.05475099    0.01848812  0.03421370
 -0.01848812 -0.03421370    0.01848812  0.03421370   -0.23758327  0.05475099
    2    1
 -0.23758327 -0.05475099   -0.01848812  0.03421370   -0.01848812  0.03421370
 -0.01848812  0.03421370   -0.23758327 -0.05475099    0.01848812 -0.03421370
 -0.01848812  0.03421370    0.01848812 -0.03421370   -0.23758327 -0.05475099
    2    2
  0.27499669  0.00000000   -0.00645613  0.00000000   -0.00645613  0.00000000
 -0.00645613  0.00000000    0.27499669  0.00000000    0.00645613  0.00000000
 -0.00645613  0.00000000    0.00645613  0.00000000    0.27499669  0.00000000

     Diagonalizing the dynamical matrix

     q = (   -0.166666667   0.166666667  -0.166666667 ) 

 **************************************************************************
     freq (    1) =       2.219069 [THz] =      74.020175 [cm-1]
 ( -0.557916 -0.129283 -0.322730 -0.110420  0.235186  0.018862 ) 
 ( -0.566466 -0.084266 -0.330525 -0.084266  0.235941  0.000000 ) 
     freq (    2) =       2.219069 [THz] =      74.020175 [cm-1]
 (  0.065468 -0.032601 -0.459785 -0.074727 -0.525253 -0.042126 ) 
 (  0.062652 -0.037731 -0.464287 -0.037731 -0.526939  0.000000 ) 
     freq (    3) =       4.711465 [THz] =     157.157557 [cm-1]
 (  0.347898  0.213620 -0.347898 -0.213620  0.347898  0.213620 ) 
 (  0.408248 -0.000000 -0.408248  0.000000  0.408248  0.000000 ) 
     freq (    4) =      14.874648 [THz] =     496.164855 [cm-1]
 ( -0.347898 -0.213620  0.347898  0.213620 -0.347898 -0.213620 ) 
 (  0.408248 -0.000000 -0.408248 -0.000000  0.408248  0.000000 ) 
     freq (    5) =      14.904733 [THz] =     497.168379 [cm-1]
 (  0.429722 -0.080609 -0.100992 -0.123173 -0.530715 -0.042564 ) 
 ( -0.421903  0.114705  0.110516  0.114705  0.532419  0.000000 ) 
     freq (    6) =      14.904733 [THz] =     497.168379 [cm-1]
 (  0.280604 -0.251865  0.503190 -0.234013  0.222586  0.017852 ) 
 ( -0.259570  0.273491 -0.482871  0.273491 -0.223301  0.000000 ) 
 **************************************************************************
