Dynamical matrix file
                                                                           
  1    1  3  7.2000000  0.0000000  0.0000000  0.0000000  0.0000000  0.0000000
           1  'Na  '    20954.103126620943     
    1    1      0.0000000000      0.0000000000      0.0000000000

     Dynamical  Matrix in cartesian axes

     q = (   -0.166666667   0.666666667  -0.500000000 ) 

    1    1
  0.02492614  0.00000000   -0.00080724  0.00000000   -0.00783148  0.00000000
 -0.00080724  0.00000000    0.03200812  0.00000000   -0.02353373  0.00000000
 -0.00783148  0.00000000   -0.02353373  0.00000000    0.03468340  0.00000000

     Dynamical  Matrix in cartesian axes

     q = (    0.666666667  -0.166666667  -0.500000000 ) 

    1    1
  0.03200812  0.00000000   -0.00080724  0.00000000   -0.02353373  0.00000000
 -0.00080724  0.00000000    0.02492614  0.00000000   -0.00783148  0.00000000
 -0.02353373  0.00000000   -0.00783148  0.00000000    0.03468340  0.00000000

     Dynamical  Matrix in cartesian axes

     q = (   -0.166666667   0.500000000  -0.666666667 ) 

    1    1
  0.02492614  0.00000000    0.00783148  0.00000000    0.00080724  0.00000000
  0.00783148  0.00000000    0.03468340  0.00000000   -0.02353373  0.00000000
  0.00080724  0.00000000   -0.02353373  0.00000000    0.03200812  0.00000000

     Dynamical  Matrix in cartesian axes

     q = (    0.166666667   0.500000000  -0.666666667 ) 

    1    1
  0.02492614  0.00000000   -0.00783148  0.00000000   -0.00080724  0.00000000
 -0.00783148  0.00000000    0.03468340  0.00000000   -0.02353373  0.00000000
 -0.00080724  0.00000000   -0.02353373  0.00000000    0.03200812  0.00000000

     Dynamical  Matrix in cartesian axes

     q = (   -0.166666667  -0.500000000   0.666666667 ) 

    1    1
  0.02492614  0.00000000   -0.00783148  0.00000000   -0.00080724  0.00000000
 -0.00783148  0.00000000    0.03468340  0.00000000   -0.02353373  0.00000000
 -0.00080724  0.00000000   -0.02353373  0.00000000    0.03200812  0.00000000

     Dynamical  Matrix in cartesian axes

     q = (    0.166666667  -0.500000000   0.666666667 ) 

    1    1
  0.02492614  0.00000000    0.00783148  0.00000000    0.00080724  0.00000000
  0.00783148  0.00000000    0.03468340  0.00000000   -0.02353373  0.00000000
  0.00080724  0.00000000   -0.02353373  0.00000000    0.03200812  0.00000000

     Dynamical  Matrix in cartesian axes

     q = (    0.166666667  -0.666666667   0.500000000 ) 

    1    1
  0.02492614  0.00000000   -0.00080724  0.00000000   -0.00783148  0.00000000
 -0.00080724  0.00000000    0.03200812  0.00000000   -0.02353373  0.00000000
 -0.00783148  0.00000000   -0.02353373  0.00000000    0.03468340  0.00000000

     Dynamical  Matrix in cartesian axes

     q = (   -0.166666667  -0.666666667   0.500000000 ) 

    1    1
  0.02492614  0.00000000    0.00080724  0.00000000    0.00783148  0.00000000
  0.00080724  0.00000000    0.03200812  0.00000000   -0.02353373  0.00000000
  0.00783148  0.00000000   -0.02353373  0.00000000    0.03468340  0.00000000

     Dynamical  Matrix in cartesian axes

     q = (   -0.500000000  -0.666666667  -0.166666667 ) 

    1    1
  0.03468340  0.00000000    0.02353373  0.00000000   -0.00783148  0.00000000
  0.02353373  0.00000000    0.03200812  0.00000000    0.00080724  0.00000000
 -0.00783148  0.00000000    0.00080724  0.00000000    0.02492614  0.00000000

     Dynamical  Matrix in cartesian axes

     q = (    0.500000000  -0.666666667   0.166666667 ) 

    1    1
  0.03468340  0.00000000   -0.02353373  0.00000000   -0.00783148  0.00000000
 -0.02353373  0.00000000    0.03200812  0.00000000   -0.00080724  0.00000000
 -0.00783148  0.00000000   -0.00080724  0.00000000    0.02492614  0.00000000

     Dynamical  Matrix in cartesian axes

     q = (   -0.500000000   0.666666667   0.166666667 ) 

    1    1
  0.03468340  0.00000000   -0.02353373  0.00000000    0.00783148  0.00000000
 -0.02353373  0.00000000    0.03200812  0.00000000    0.00080724  0.00000000
  0.00783148  0.00000000    0.00080724  0.00000000    0.02492614  0.00000000

     Dynamical  Matrix in cartesian axes

     q = (    0.500000000   0.666666667  -0.166666667 ) 

    1    1
  0.03468340  0.00000000    0.02353373  0.00000000    0.00783148  0.00000000
  0.02353373  0.00000000    0.03200812  0.00000000   -0.00080724  0.00000000
  0.00783148  0.00000000   -0.00080724  0.00000000    0.02492614  0.00000000

     Dynamical  Matrix in cartesian axes

     q = (    0.666666667  -0.166666667   0.500000000 ) 

    1    1
  0.03200812  0.00000000   -0.00080724  0.00000000    0.02353373  0.00000000
 -0.00080724  0.00000000    0.02492614  0.00000000    0.00783148  0.00000000
  0.02353373  0.00000000    0.00783148  0.00000000    0.03468340  0.00000000

     Dynamical  Matrix in cartesian axes

     q = (    0.666666667  -0.500000000  -0.166666667 ) 

    1    1
  0.03200812  0.00000000   -0.02353373  0.00000000   -0.00080724  0.00000000
 -0.02353373  0.00000000    0.03468340  0.00000000   -0.00783148  0.00000000
 -0.00080724  0.00000000   -0.00783148  0.00000000    0.02492614  0.00000000

     Dynamical  Matrix in cartesian axes

     q = (   -0.166666667  -0.500000000  -0.666666667 ) 

    1    1
  0.02492614  0.00000000   -0.00783148  0.00000000    0.00080724  0.00000000
 -0.00783148  0.00000000    0.03468340  0.00000000    0.02353373  0.00000000
  0.00080724  0.00000000    0.02353373  0.00000000    0.03200812  0.00000000

     Dynamical  Matrix in cartesian axes

     q = (   -0.166666667   0.500000000   0.666666667 ) 

    1    1
  0.02492614  0.00000000    0.00783148  0.00000000   -0.00080724  0.00000000
  0.00783148  0.00000000    0.03468340  0.00000000    0.02353373  0.00000000
 -0.00080724  0.00000000    0.02353373  0.00000000    0.03200812  0.00000000

     Dynamical  Matrix in cartesian axes

     q = (    0.666666667   0.166666667  -0.500000000 ) 

    1    1
  0.03200812  0.00000000    0.00080724  0.00000000   -0.02353373  0.00000000
  0.00080724  0.00000000    0.02492614  0.00000000    0.00783148  0.00000000
 -0.02353373  0.00000000    0.00783148  0.00000000    0.03468340  0.00000000

     Dynamical  Matrix in cartesian axes

     q = (    0.166666667   0.666666667  -0.500000000 ) 

    1    1
  0.02492614  0.00000000    0.00080724  0.00000000    0.00783148  0.00000000
  0.00080724  0.00000000    0.03200812  0.00000000   -0.02353373  0.00000000
  0.00783148  0.00000000   -0.02353373  0.00000000    0.03468340  0.00000000

     Dynamical  Matrix in cartesian axes

     q = (    0.666666667   0.500000000   0.166666667 ) 

    1    1
  0.03200812  0.00000000    0.02353373  0.00000000    0.00080724  0.00000000
  0.02353373  0.00000000    0.03468340  0.00000000   -0.00783148  0.00000000
  0.00080724  0.00000000   -0.00783148  0.00000000    0.02492614  0.00000000

     Dynamical  Matrix in cartesian axes

     q = (   -0.666666667   0.500000000  -0.166666667 ) 

    1    1
  0.03200812  0.00000000   -0.02353373  0.00000000    0.00080724  0.00000000
 -0.02353373  0.00000000    0.03468340  0.00000000    0.00783148  0.00000000
  0.00080724  0.00000000    0.00783148  0.00000000    0.02492614  0.00000000

     Dynamical  Matrix in cartesian axes

     q = (    0.500000000   0.166666667   0.666666667 ) 

    1    1
  0.03468340  0.00000000   -0.00783148  0.00000000    0.02353373  0.00000000
 -0.00783148  0.00000000    0.02492614  0.00000000    0.00080724  0.00000000
  0.02353373  0.00000000    0.00080724  0.00000000    0.03200812  0.00000000

     Dynamical  Matrix in cartesian axes

     q = (   -0.500000000   0.166666667  -0.666666667 ) 

    1    1
  0.03468340  0.00000000    0.00783148  0.00000000    0.02353373  0.00000000
  0.00783148  0.00000000    0.02492614  0.00000000   -0.00080724  0.00000000
  0.02353373  0.00000000   -0.00080724  0.00000000    0.03200812  0.00000000

     Dynamical  Matrix in cartesian axes

     q = (    0.500000000   0.666666667   0.166666667 ) 

    1    1
  0.03468340  0.00000000    0.02353373  0.00000000   -0.00783148  0.00000000
  0.02353373  0.00000000    0.03200812  0.00000000    0.00080724  0.00000000
 -0.00783148  0.00000000    0.00080724  0.00000000    0.02492614  0.00000000

     Dynamical  Matrix in cartesian axes

     q = (    0.500000000  -0.166666667  -0.666666667 ) 

    1    1
  0.03468340  0.00000000    0.00783148  0.00000000   -0.02353373  0.00000000
  0.00783148  0.00000000    0.02492614  0.00000000    0.00080724  0.00000000
 -0.02353373  0.00000000    0.00080724  0.00000000    0.03200812  0.00000000

     Dynamical  Matrix in cartesian axes

     q = (   -0.666666667   0.166666667   0.500000000 ) 

    1    1
  0.03200812  0.00000000   -0.00080724  0.00000000   -0.02353373  0.00000000
 -0.00080724  0.00000000    0.02492614  0.00000000   -0.00783148  0.00000000
 -0.02353373  0.00000000   -0.00783148  0.00000000    0.03468340  0.00000000

     Dynamical  Matrix in cartesian axes

     q = (   -0.166666667   0.666666667   0.500000000 ) 

    1    1
  0.02492614  0.00000000   -0.00080724  0.00000000    0.00783148  0.00000000
 -0.00080724  0.00000000    0.03200812  0.00000000    0.02353373  0.00000000
  0.00783148  0.00000000    0.02353373  0.00000000    0.03468340  0.00000000

     Dynamical  Matrix in cartesian axes

     q = (   -0.500000000  -0.166666667   0.666666667 ) 

    1    1
  0.03468340  0.00000000   -0.00783148  0.00000000   -0.02353373  0.00000000
 -0.00783148  0.00000000    0.02492614  0.00000000   -0.00080724  0.00000000
 -0.02353373  0.00000000   -0.00080724  0.00000000    0.03200812  0.00000000

     Dynamical  Matrix in cartesian axes

     q = (    0.166666667   0.666666667   0.500000000 ) 

    1    1
  0.02492614  0.00000000    0.00080724  0.00000000   -0.00783148  0.00000000
  0.00080724  0.00000000    0.03200812  0.00000000    0.02353373  0.00000000
 -0.00783148  0.00000000    0.02353373  0.00000000    0.03468340  0.00000000

     Dynamical  Matrix in cartesian axes

     q = (   -0.500000000   0.666666667  -0.166666667 ) 

    1    1
  0.03468340  0.00000000   -0.02353373  0.00000000   -0.00783148  0.00000000
 -0.02353373  0.00000000    0.03200812  0.00000000   -0.00080724  0.00000000
 -0.00783148  0.00000000   -0.00080724  0.00000000    0.02492614  0.00000000

     Dynamical  Matrix in cartesian axes

     q = (   -0.666666667  -0.166666667  -0.500000000 ) 

    1    1
  0.03200812  0.00000000    0.00080724  0.00000000    0.02353373  0.00000000
  0.00080724  0.00000000    0.02492614  0.00000000   -0.00783148  0.00000000
  0.02353373  0.00000000   -0.00783148  0.00000000    0.03468340  0.00000000

     Dynamical  Matrix in cartesian axes

     q = (   -0.666666667  -0.166666667   0.500000000 ) 

    1    1
  0.03200812  0.00000000    0.00080724  0.00000000   -0.02353373  0.00000000
  0.00080724  0.00000000    0.02492614  0.00000000    0.00783148  0.00000000
 -0.02353373  0.00000000    0.00783148  0.00000000    0.03468340  0.00000000

     Dynamical  Matrix in cartesian axes

     q = (    0.666666667   0.166666667   0.500000000 ) 

    1    1
  0.03200812  0.00000000    0.00080724  0.00000000    0.02353373  0.00000000
  0.00080724  0.00000000    0.02492614  0.00000000   -0.00783148  0.00000000
  0.02353373  0.00000000   -0.00783148  0.00000000    0.03468340  0.00000000

     Dynamical  Matrix in cartesian axes

     q = (    0.166666667  -0.666666667  -0.500000000 ) 

    1    1
  0.02492614  0.00000000   -0.00080724  0.00000000    0.00783148  0.00000000
 -0.00080724  0.00000000    0.03200812  0.00000000    0.02353373  0.00000000
  0.00783148  0.00000000    0.02353373  0.00000000    0.03468340  0.00000000

     Dynamical  Matrix in cartesian axes

     q = (   -0.666666667   0.166666667  -0.500000000 ) 

    1    1
  0.03200812  0.00000000   -0.00080724  0.00000000    0.02353373  0.00000000
 -0.00080724  0.00000000    0.02492614  0.00000000    0.00783148  0.00000000
  0.02353373  0.00000000    0.00783148  0.00000000    0.03468340  0.00000000

     Dynamical  Matrix in cartesian axes

     q = (    0.500000000  -0.666666667  -0.166666667 ) 

    1    1
  0.03468340  0.00000000   -0.02353373  0.00000000    0.00783148  0.00000000
 -0.02353373  0.00000000    0.03200812  0.00000000    0.00080724  0.00000000
  0.00783148  0.00000000    0.00080724  0.00000000    0.02492614  0.00000000

     Dynamical  Matrix in cartesian axes

     q = (   -0.500000000  -0.666666667   0.166666667 ) 

    1    1
  0.03468340  0.00000000    0.02353373  0.00000000    0.00783148  0.00000000
  0.02353373  0.00000000    0.03200812  0.00000000   -0.00080724  0.00000000
  0.00783148  0.00000000   -0.00080724  0.00000000    0.02492614  0.00000000

     Dynamical  Matrix in cartesian axes

     q = (   -0.166666667  -0.666666667  -0.500000000 ) 

    1    1
  0.02492614  0.00000000    0.00080724  0.00000000   -0.00783148  0.00000000
  0.00080724  0.00000000    0.03200812  0.00000000    0.02353373  0.00000000
 -0.00783148  0.00000000    0.02353373  0.00000000    0.03468340  0.00000000

     Dynamical  Matrix in cartesian axes

     q = (   -0.666666667  -0.500000000   0.166666667 ) 

    1    1
  0.03200812  0.00000000    0.02353373  0.00000000   -0.00080724  0.00000000
  0.02353373  0.00000000    0.03468340  0.00000000    0.00783148  0.00000000
 -0.00080724  0.00000000    0.00783148  0.00000000    0.02492614  0.00000000

     Dynamical  Matrix in cartesian axes

     q = (    0.166666667   0.500000000   0.666666667 ) 

    1    1
  0.02492614  0.00000000   -0.00783148  0.00000000    0.00080724  0.00000000
 -0.00783148  0.00000000    0.03468340  0.00000000    0.02353373  0.00000000
  0.00080724  0.00000000    0.02353373  0.00000000    0.03200812  0.00000000

     Dynamical  Matrix in cartesian axes

     q = (    0.166666667  -0.500000000  -0.666666667 ) 

    1    1
  0.02492614  0.00000000    0.00783148  0.00000000   -0.00080724  0.00000000
  0.00783148  0.00000000    0.03468340  0.00000000    0.02353373  0.00000000
 -0.00080724  0.00000000    0.02353373  0.00000000    0.03200812  0.00000000

     Dynamical  Matrix in cartesian axes

     q = (   -0.666666667   0.500000000   0.166666667 ) 

    1    1
  0.03200812  0.00000000   -0.02353373  0.00000000   -0.00080724  0.00000000
 -0.02353373  0.00000000    0.03468340  0.00000000   -0.00783148  0.00000000
 -0.00080724  0.00000000   -0.00783148  0.00000000    0.02492614  0.00000000

     Dynamical  Matrix in cartesian axes

     q = (    0.666666667   0.500000000  -0.166666667 ) 

    1    1
  0.03200812  0.00000000    0.02353373  0.00000000   -0.00080724  0.00000000
  0.02353373  0.00000000    0.03468340  0.00000000    0.00783148  0.00000000
 -0.00080724  0.00000000    0.00783148  0.00000000    0.02492614  0.00000000

     Dynamical  Matrix in cartesian axes

     q = (   -0.666666667  -0.500000000  -0.166666667 ) 

    1    1
  0.03200812  0.00000000    0.02353373  0.00000000    0.00080724  0.00000000
  0.02353373  0.00000000    0.03468340  0.00000000   -0.00783148  0.00000000
  0.00080724  0.00000000   -0.00783148  0.00000000    0.02492614  0.00000000

     Dynamical  Matrix in cartesian axes

     q = (    0.666666667  -0.500000000   0.166666667 ) 

    1    1
  0.03200812  0.00000000   -0.02353373  0.00000000    0.00080724  0.00000000
 -0.02353373  0.00000000    0.03468340  0.00000000    0.00783148  0.00000000
  0.00080724  0.00000000    0.00783148  0.00000000    0.02492614  0.00000000

     Dynamical  Matrix in cartesian axes

     q = (    0.500000000   0.166666667  -0.666666667 ) 

    1    1
  0.03468340  0.00000000   -0.00783148  0.00000000   -0.02353373  0.00000000
 -0.00783148  0.00000000    0.02492614  0.00000000   -0.00080724  0.00000000
 -0.02353373  0.00000000   -0.00080724  0.00000000    0.03200812  0.00000000

     Dynamical  Matrix in cartesian axes

     q = (    0.500000000  -0.166666667   0.666666667 ) 

    1    1
  0.03468340  0.00000000    0.00783148  0.00000000    0.02353373  0.00000000
  0.00783148  0.00000000    0.02492614  0.00000000   -0.00080724  0.00000000
  0.02353373  0.00000000   -0.00080724  0.00000000    0.03200812  0.00000000

     Dynamical  Matrix in cartesian axes

     q = (   -0.500000000  -0.166666667  -0.666666667 ) 

    1    1
  0.03468340  0.00000000   -0.00783148  0.00000000    0.02353373  0.00000000
 -0.00783148  0.00000000    0.02492614  0.00000000    0.00080724  0.00000000
  0.02353373  0.00000000    0.00080724  0.00000000    0.03200812  0.00000000

     Dynamical  Matrix in cartesian axes

     q = (   -0.500000000   0.166666667   0.666666667 ) 

    1    1
  0.03468340  0.00000000    0.00783148  0.00000000   -0.02353373  0.00000000
  0.00783148  0.00000000    0.02492614  0.00000000    0.00080724  0.00000000
 -0.02353373  0.00000000    0.00080724  0.00000000    0.03200812  0.00000000

     Diagonalizing the dynamical matrix

     q = (   -0.166666667   0.666666667  -0.500000000 ) 

 **************************************************************************
     freq (    1) =       1.987623 [THz] =      66.299976 [cm-1]
 (  0.335428 -0.000000  0.660285 -0.000000  0.671946  0.000000 ) 
     freq (    2) =       3.680659 [THz] =     122.773581 [cm-1]
 (  0.928695  0.000000 -0.351509  0.000000 -0.118185  0.000000 ) 
     freq (    3) =       5.461116 [THz] =     182.163205 [cm-1]
 ( -0.158159  0.000000 -0.663675  0.000000  0.731109  0.000000 ) 
 **************************************************************************
