Dynamical matrix file
                                                                           
  1    1  3  7.4108965  0.0000000  0.0000000  0.0000000  0.0000000  0.0000000
           1  'Na  '    20954.103126620943     
    1    1      0.0000000000      0.0000000000      0.0000000000

     Dynamical  Matrix in cartesian axes

     q = (   -0.125000000   0.625000000  -0.500000000 ) 

    1    1
  0.02570142  0.00000000    0.00111650  0.00000000   -0.00559656  0.00000000
  0.00111650  0.00000000    0.03307731  0.00000000   -0.02112527  0.00000000
 -0.00559656  0.00000000   -0.02112527  0.00000000    0.03392070  0.00000000

     Dynamical  Matrix in cartesian axes

     q = (    0.625000000  -0.125000000  -0.500000000 ) 

    1    1
  0.03307731  0.00000000    0.00111650  0.00000000   -0.02112527  0.00000000
  0.00111650  0.00000000    0.02570142  0.00000000   -0.00559656  0.00000000
 -0.02112527  0.00000000   -0.00559656  0.00000000    0.03392070  0.00000000

     Dynamical  Matrix in cartesian axes

     q = (   -0.125000000   0.500000000  -0.625000000 ) 

    1    1
  0.02570142  0.00000000    0.00559656  0.00000000   -0.00111650  0.00000000
  0.00559656  0.00000000    0.03392070  0.00000000   -0.02112527  0.00000000
 -0.00111650  0.00000000   -0.02112527  0.00000000    0.03307731  0.00000000

     Dynamical  Matrix in cartesian axes

     q = (    0.125000000   0.500000000  -0.625000000 ) 

    1    1
  0.02570142  0.00000000   -0.00559656  0.00000000    0.00111650  0.00000000
 -0.00559656  0.00000000    0.03392070  0.00000000   -0.02112527  0.00000000
  0.00111650  0.00000000   -0.02112527  0.00000000    0.03307731  0.00000000

     Dynamical  Matrix in cartesian axes

     q = (   -0.125000000  -0.625000000   0.500000000 ) 

    1    1
  0.02570142  0.00000000   -0.00111650  0.00000000    0.00559656  0.00000000
 -0.00111650  0.00000000    0.03307731  0.00000000   -0.02112527  0.00000000
  0.00559656  0.00000000   -0.02112527  0.00000000    0.03392070  0.00000000

     Dynamical  Matrix in cartesian axes

     q = (   -0.125000000  -0.500000000   0.625000000 ) 

    1    1
  0.02570142  0.00000000   -0.00559656  0.00000000    0.00111650  0.00000000
 -0.00559656  0.00000000    0.03392070  0.00000000   -0.02112527  0.00000000
  0.00111650  0.00000000   -0.02112527  0.00000000    0.03307731  0.00000000

     Dynamical  Matrix in cartesian axes

     q = (    0.125000000  -0.625000000   0.500000000 ) 

    1    1
  0.02570142  0.00000000    0.00111650  0.00000000   -0.00559656  0.00000000
  0.00111650  0.00000000    0.03307731  0.00000000   -0.02112527  0.00000000
 -0.00559656  0.00000000   -0.02112527  0.00000000    0.03392070  0.00000000

     Dynamical  Matrix in cartesian axes

     q = (    0.125000000  -0.500000000   0.625000000 ) 

    1    1
  0.02570142  0.00000000    0.00559656  0.00000000   -0.00111650  0.00000000
  0.00559656  0.00000000    0.03392070  0.00000000   -0.02112527  0.00000000
 -0.00111650  0.00000000   -0.02112527  0.00000000    0.03307731  0.00000000

     Dynamical  Matrix in cartesian axes

     q = (   -0.625000000   0.500000000  -0.125000000 ) 

    1    1
  0.03307731  0.00000000   -0.02112527  0.00000000   -0.00111650  0.00000000
 -0.02112527  0.00000000    0.03392070  0.00000000    0.00559656  0.00000000
 -0.00111650  0.00000000    0.00559656  0.00000000    0.02570142  0.00000000

     Dynamical  Matrix in cartesian axes

     q = (    0.500000000   0.125000000   0.625000000 ) 

    1    1
  0.03392070  0.00000000   -0.00559656  0.00000000    0.02112527  0.00000000
 -0.00559656  0.00000000    0.02570142  0.00000000   -0.00111650  0.00000000
  0.02112527  0.00000000   -0.00111650  0.00000000    0.03307731  0.00000000

     Dynamical  Matrix in cartesian axes

     q = (   -0.500000000   0.125000000  -0.625000000 ) 

    1    1
  0.03392070  0.00000000    0.00559656  0.00000000    0.02112527  0.00000000
  0.00559656  0.00000000    0.02570142  0.00000000    0.00111650  0.00000000
  0.02112527  0.00000000    0.00111650  0.00000000    0.03307731  0.00000000

     Dynamical  Matrix in cartesian axes

     q = (   -0.625000000   0.125000000  -0.500000000 ) 

    1    1
  0.03307731  0.00000000    0.00111650  0.00000000    0.02112527  0.00000000
  0.00111650  0.00000000    0.02570142  0.00000000    0.00559656  0.00000000
  0.02112527  0.00000000    0.00559656  0.00000000    0.03392070  0.00000000

     Dynamical  Matrix in cartesian axes

     q = (    0.500000000  -0.125000000  -0.625000000 ) 

    1    1
  0.03392070  0.00000000    0.00559656  0.00000000   -0.02112527  0.00000000
  0.00559656  0.00000000    0.02570142  0.00000000   -0.00111650  0.00000000
 -0.02112527  0.00000000   -0.00111650  0.00000000    0.03307731  0.00000000

     Dynamical  Matrix in cartesian axes

     q = (   -0.500000000  -0.125000000   0.625000000 ) 

    1    1
  0.03392070  0.00000000   -0.00559656  0.00000000   -0.02112527  0.00000000
 -0.00559656  0.00000000    0.02570142  0.00000000    0.00111650  0.00000000
 -0.02112527  0.00000000    0.00111650  0.00000000    0.03307731  0.00000000

     Dynamical  Matrix in cartesian axes

     q = (    0.125000000   0.625000000   0.500000000 ) 

    1    1
  0.02570142  0.00000000   -0.00111650  0.00000000   -0.00559656  0.00000000
 -0.00111650  0.00000000    0.03307731  0.00000000    0.02112527  0.00000000
 -0.00559656  0.00000000    0.02112527  0.00000000    0.03392070  0.00000000

     Dynamical  Matrix in cartesian axes

     q = (   -0.625000000  -0.125000000   0.500000000 ) 

    1    1
  0.03307731  0.00000000   -0.00111650  0.00000000   -0.02112527  0.00000000
 -0.00111650  0.00000000    0.02570142  0.00000000    0.00559656  0.00000000
 -0.02112527  0.00000000    0.00559656  0.00000000    0.03392070  0.00000000

     Dynamical  Matrix in cartesian axes

     q = (    0.625000000   0.125000000   0.500000000 ) 

    1    1
  0.03307731  0.00000000   -0.00111650  0.00000000    0.02112527  0.00000000
 -0.00111650  0.00000000    0.02570142  0.00000000   -0.00559656  0.00000000
  0.02112527  0.00000000   -0.00559656  0.00000000    0.03392070  0.00000000

     Dynamical  Matrix in cartesian axes

     q = (    0.500000000   0.625000000   0.125000000 ) 

    1    1
  0.03392070  0.00000000    0.02112527  0.00000000   -0.00559656  0.00000000
  0.02112527  0.00000000    0.03307731  0.00000000   -0.00111650  0.00000000
 -0.00559656  0.00000000   -0.00111650  0.00000000    0.02570142  0.00000000

     Dynamical  Matrix in cartesian axes

     q = (    0.500000000  -0.625000000  -0.125000000 ) 

    1    1
  0.03392070  0.00000000   -0.02112527  0.00000000    0.00559656  0.00000000
 -0.02112527  0.00000000    0.03307731  0.00000000   -0.00111650  0.00000000
  0.00559656  0.00000000   -0.00111650  0.00000000    0.02570142  0.00000000

     Dynamical  Matrix in cartesian axes

     q = (   -0.500000000  -0.625000000   0.125000000 ) 

    1    1
  0.03392070  0.00000000    0.02112527  0.00000000    0.00559656  0.00000000
  0.02112527  0.00000000    0.03307731  0.00000000    0.00111650  0.00000000
  0.00559656  0.00000000    0.00111650  0.00000000    0.02570142  0.00000000

     Dynamical  Matrix in cartesian axes

     q = (   -0.625000000  -0.125000000  -0.500000000 ) 

    1    1
  0.03307731  0.00000000   -0.00111650  0.00000000    0.02112527  0.00000000
 -0.00111650  0.00000000    0.02570142  0.00000000   -0.00559656  0.00000000
  0.02112527  0.00000000   -0.00559656  0.00000000    0.03392070  0.00000000

     Dynamical  Matrix in cartesian axes

     q = (    0.625000000  -0.500000000  -0.125000000 ) 

    1    1
  0.03307731  0.00000000   -0.02112527  0.00000000    0.00111650  0.00000000
 -0.02112527  0.00000000    0.03392070  0.00000000   -0.00559656  0.00000000
  0.00111650  0.00000000   -0.00559656  0.00000000    0.02570142  0.00000000

     Dynamical  Matrix in cartesian axes

     q = (    0.125000000   0.500000000   0.625000000 ) 

    1    1
  0.02570142  0.00000000   -0.00559656  0.00000000   -0.00111650  0.00000000
 -0.00559656  0.00000000    0.03392070  0.00000000    0.02112527  0.00000000
 -0.00111650  0.00000000    0.02112527  0.00000000    0.03307731  0.00000000

     Dynamical  Matrix in cartesian axes

     q = (    0.125000000  -0.500000000  -0.625000000 ) 

    1    1
  0.02570142  0.00000000    0.00559656  0.00000000    0.00111650  0.00000000
  0.00559656  0.00000000    0.03392070  0.00000000    0.02112527  0.00000000
  0.00111650  0.00000000    0.02112527  0.00000000    0.03307731  0.00000000

     Dynamical  Matrix in cartesian axes

     q = (   -0.625000000   0.125000000   0.500000000 ) 

    1    1
  0.03307731  0.00000000    0.00111650  0.00000000   -0.02112527  0.00000000
  0.00111650  0.00000000    0.02570142  0.00000000   -0.00559656  0.00000000
 -0.02112527  0.00000000   -0.00559656  0.00000000    0.03392070  0.00000000

     Dynamical  Matrix in cartesian axes

     q = (   -0.125000000   0.625000000   0.500000000 ) 

    1    1
  0.02570142  0.00000000    0.00111650  0.00000000    0.00559656  0.00000000
  0.00111650  0.00000000    0.03307731  0.00000000    0.02112527  0.00000000
  0.00559656  0.00000000    0.02112527  0.00000000    0.03392070  0.00000000

     Dynamical  Matrix in cartesian axes

     q = (    0.625000000   0.125000000  -0.500000000 ) 

    1    1
  0.03307731  0.00000000   -0.00111650  0.00000000   -0.02112527  0.00000000
 -0.00111650  0.00000000    0.02570142  0.00000000    0.00559656  0.00000000
 -0.02112527  0.00000000    0.00559656  0.00000000    0.03392070  0.00000000

     Dynamical  Matrix in cartesian axes

     q = (   -0.125000000  -0.500000000  -0.625000000 ) 

    1    1
  0.02570142  0.00000000   -0.00559656  0.00000000   -0.00111650  0.00000000
 -0.00559656  0.00000000    0.03392070  0.00000000    0.02112527  0.00000000
 -0.00111650  0.00000000    0.02112527  0.00000000    0.03307731  0.00000000

     Dynamical  Matrix in cartesian axes

     q = (   -0.125000000  -0.625000000  -0.500000000 ) 

    1    1
  0.02570142  0.00000000   -0.00111650  0.00000000   -0.00559656  0.00000000
 -0.00111650  0.00000000    0.03307731  0.00000000    0.02112527  0.00000000
 -0.00559656  0.00000000    0.02112527  0.00000000    0.03392070  0.00000000

     Dynamical  Matrix in cartesian axes

     q = (    0.125000000   0.625000000  -0.500000000 ) 

    1    1
  0.02570142  0.00000000   -0.00111650  0.00000000    0.00559656  0.00000000
 -0.00111650  0.00000000    0.03307731  0.00000000   -0.02112527  0.00000000
  0.00559656  0.00000000   -0.02112527  0.00000000    0.03392070  0.00000000

     Dynamical  Matrix in cartesian axes

     q = (   -0.125000000   0.500000000   0.625000000 ) 

    1    1
  0.02570142  0.00000000    0.00559656  0.00000000    0.00111650  0.00000000
  0.00559656  0.00000000    0.03392070  0.00000000    0.02112527  0.00000000
  0.00111650  0.00000000    0.02112527  0.00000000    0.03307731  0.00000000

     Dynamical  Matrix in cartesian axes

     q = (    0.125000000  -0.625000000  -0.500000000 ) 

    1    1
  0.02570142  0.00000000    0.00111650  0.00000000    0.00559656  0.00000000
  0.00111650  0.00000000    0.03307731  0.00000000    0.02112527  0.00000000
  0.00559656  0.00000000    0.02112527  0.00000000    0.03392070  0.00000000

     Dynamical  Matrix in cartesian axes

     q = (   -0.500000000   0.625000000  -0.125000000 ) 

    1    1
  0.03392070  0.00000000   -0.02112527  0.00000000   -0.00559656  0.00000000
 -0.02112527  0.00000000    0.03307731  0.00000000    0.00111650  0.00000000
 -0.00559656  0.00000000    0.00111650  0.00000000    0.02570142  0.00000000

     Dynamical  Matrix in cartesian axes

     q = (   -0.625000000  -0.500000000   0.125000000 ) 

    1    1
  0.03307731  0.00000000    0.02112527  0.00000000    0.00111650  0.00000000
  0.02112527  0.00000000    0.03392070  0.00000000    0.00559656  0.00000000
  0.00111650  0.00000000    0.00559656  0.00000000    0.02570142  0.00000000

     Dynamical  Matrix in cartesian axes

     q = (    0.625000000   0.500000000   0.125000000 ) 

    1    1
  0.03307731  0.00000000    0.02112527  0.00000000   -0.00111650  0.00000000
  0.02112527  0.00000000    0.03392070  0.00000000   -0.00559656  0.00000000
 -0.00111650  0.00000000   -0.00559656  0.00000000    0.02570142  0.00000000

     Dynamical  Matrix in cartesian axes

     q = (   -0.500000000  -0.625000000  -0.125000000 ) 

    1    1
  0.03392070  0.00000000    0.02112527  0.00000000   -0.00559656  0.00000000
  0.02112527  0.00000000    0.03307731  0.00000000   -0.00111650  0.00000000
 -0.00559656  0.00000000   -0.00111650  0.00000000    0.02570142  0.00000000

     Dynamical  Matrix in cartesian axes

     q = (    0.500000000  -0.625000000   0.125000000 ) 

    1    1
  0.03392070  0.00000000   -0.02112527  0.00000000   -0.00559656  0.00000000
 -0.02112527  0.00000000    0.03307731  0.00000000    0.00111650  0.00000000
 -0.00559656  0.00000000    0.00111650  0.00000000    0.02570142  0.00000000

     Dynamical  Matrix in cartesian axes

     q = (   -0.500000000   0.625000000   0.125000000 ) 

    1    1
  0.03392070  0.00000000   -0.02112527  0.00000000    0.00559656  0.00000000
 -0.02112527  0.00000000    0.03307731  0.00000000   -0.00111650  0.00000000
  0.00559656  0.00000000   -0.00111650  0.00000000    0.02570142  0.00000000

     Dynamical  Matrix in cartesian axes

     q = (    0.500000000   0.625000000  -0.125000000 ) 

    1    1
  0.03392070  0.00000000    0.02112527  0.00000000    0.00559656  0.00000000
  0.02112527  0.00000000    0.03307731  0.00000000    0.00111650  0.00000000
  0.00559656  0.00000000    0.00111650  0.00000000    0.02570142  0.00000000

     Dynamical  Matrix in cartesian axes

     q = (    0.625000000  -0.125000000   0.500000000 ) 

    1    1
  0.03307731  0.00000000    0.00111650  0.00000000    0.02112527  0.00000000
  0.00111650  0.00000000    0.02570142  0.00000000    0.00559656  0.00000000
  0.02112527  0.00000000    0.00559656  0.00000000    0.03392070  0.00000000

     Dynamical  Matrix in cartesian axes

     q = (   -0.625000000   0.500000000   0.125000000 ) 

    1    1
  0.03307731  0.00000000   -0.02112527  0.00000000    0.00111650  0.00000000
 -0.02112527  0.00000000    0.03392070  0.00000000   -0.00559656  0.00000000
  0.00111650  0.00000000   -0.00559656  0.00000000    0.02570142  0.00000000

     Dynamical  Matrix in cartesian axes

     q = (    0.625000000   0.500000000  -0.125000000 ) 

    1    1
  0.03307731  0.00000000    0.02112527  0.00000000    0.00111650  0.00000000
  0.02112527  0.00000000    0.03392070  0.00000000    0.00559656  0.00000000
  0.00111650  0.00000000    0.00559656  0.00000000    0.02570142  0.00000000

     Dynamical  Matrix in cartesian axes

     q = (   -0.625000000  -0.500000000  -0.125000000 ) 

    1    1
  0.03307731  0.00000000    0.02112527  0.00000000   -0.00111650  0.00000000
  0.02112527  0.00000000    0.03392070  0.00000000   -0.00559656  0.00000000
 -0.00111650  0.00000000   -0.00559656  0.00000000    0.02570142  0.00000000

     Dynamical  Matrix in cartesian axes

     q = (    0.625000000  -0.500000000   0.125000000 ) 

    1    1
  0.03307731  0.00000000   -0.02112527  0.00000000   -0.00111650  0.00000000
 -0.02112527  0.00000000    0.03392070  0.00000000    0.00559656  0.00000000
 -0.00111650  0.00000000    0.00559656  0.00000000    0.02570142  0.00000000

     Dynamical  Matrix in cartesian axes

     q = (    0.500000000   0.125000000  -0.625000000 ) 

    1    1
  0.03392070  0.00000000   -0.00559656  0.00000000   -0.02112527  0.00000000
 -0.00559656  0.00000000    0.02570142  0.00000000    0.00111650  0.00000000
 -0.02112527  0.00000000    0.00111650  0.00000000    0.03307731  0.00000000

     Dynamical  Matrix in cartesian axes

     q = (    0.500000000  -0.125000000   0.625000000 ) 

    1    1
  0.03392070  0.00000000    0.00559656  0.00000000    0.02112527  0.00000000
  0.00559656  0.00000000    0.02570142  0.00000000    0.00111650  0.00000000
  0.02112527  0.00000000    0.00111650  0.00000000    0.03307731  0.00000000

     Dynamical  Matrix in cartesian axes

     q = (   -0.500000000  -0.125000000  -0.625000000 ) 

    1    1
  0.03392070  0.00000000   -0.00559656  0.00000000    0.02112527  0.00000000
 -0.00559656  0.00000000    0.02570142  0.00000000   -0.00111650  0.00000000
  0.02112527  0.00000000   -0.00111650  0.00000000    0.03307731  0.00000000

     Dynamical  Matrix in cartesian axes

     q = (   -0.500000000   0.125000000   0.625000000 ) 

    1    1
  0.03392070  0.00000000    0.00559656  0.00000000   -0.02112527  0.00000000
  0.00559656  0.00000000    0.02570142  0.00000000   -0.00111650  0.00000000
 -0.02112527  0.00000000   -0.00111650  0.00000000    0.03307731  0.00000000

     Diagonalizing the dynamical matrix

     q = (   -0.125000000   0.625000000  -0.500000000 ) 

 **************************************************************************
     freq (    1) =       2.452970 [THz] =      81.822281 [cm-1]
 (  0.224801 -0.000000  0.678126 -0.000000  0.699721  0.000000 ) 
     freq (    2) =       3.639639 [THz] =     121.405300 [cm-1]
 (  0.961177  0.000000 -0.272245  0.000000 -0.044957  0.000000 ) 
     freq (    3) =       5.349429 [THz] =     178.437758 [cm-1]
 ( -0.160009  0.000000 -0.682663  0.000000  0.713000  0.000000 ) 
 **************************************************************************
