Dynamical matrix file
                                                                           
  1    1  3  6.8050906  0.0000000  0.0000000  0.0000000  0.0000000  0.0000000
           1  'Na  '    20954.103126620943     
    1    1      0.0000000000      0.0000000000      0.0000000000

     Dynamical  Matrix in cartesian axes

     q = (   -0.125000000  -0.250000000   0.375000000 ) 

    1    1
  0.02507878  0.00000000    0.00471371  0.00000000   -0.01062736  0.00000000
  0.00471371  0.00000000    0.03630191  0.00000000   -0.02600612  0.00000000
 -0.01062736  0.00000000   -0.02600612  0.00000000    0.04161185  0.00000000

     Dynamical  Matrix in cartesian axes

     q = (   -0.250000000  -0.125000000   0.375000000 ) 

    1    1
  0.03630191  0.00000000    0.00471371  0.00000000   -0.02600612  0.00000000
  0.00471371  0.00000000    0.02507878  0.00000000   -0.01062736  0.00000000
 -0.02600612  0.00000000   -0.01062736  0.00000000    0.04161185  0.00000000

     Dynamical  Matrix in cartesian axes

     q = (   -0.125000000  -0.375000000   0.250000000 ) 

    1    1
  0.02507878  0.00000000    0.01062736  0.00000000   -0.00471371  0.00000000
  0.01062736  0.00000000    0.04161185  0.00000000   -0.02600612  0.00000000
 -0.00471371  0.00000000   -0.02600612  0.00000000    0.03630191  0.00000000

     Dynamical  Matrix in cartesian axes

     q = (    0.125000000  -0.375000000   0.250000000 ) 

    1    1
  0.02507878  0.00000000   -0.01062736  0.00000000    0.00471371  0.00000000
 -0.01062736  0.00000000    0.04161185  0.00000000   -0.02600612  0.00000000
  0.00471371  0.00000000   -0.02600612  0.00000000    0.03630191  0.00000000

     Dynamical  Matrix in cartesian axes

     q = (   -0.125000000   0.250000000  -0.375000000 ) 

    1    1
  0.02507878  0.00000000   -0.00471371  0.00000000    0.01062736  0.00000000
 -0.00471371  0.00000000    0.03630191  0.00000000   -0.02600612  0.00000000
  0.01062736  0.00000000   -0.02600612  0.00000000    0.04161185  0.00000000

     Dynamical  Matrix in cartesian axes

     q = (   -0.125000000   0.375000000  -0.250000000 ) 

    1    1
  0.02507878  0.00000000   -0.01062736  0.00000000    0.00471371  0.00000000
 -0.01062736  0.00000000    0.04161185  0.00000000   -0.02600612  0.00000000
  0.00471371  0.00000000   -0.02600612  0.00000000    0.03630191  0.00000000

     Dynamical  Matrix in cartesian axes

     q = (    0.125000000   0.250000000  -0.375000000 ) 

    1    1
  0.02507878  0.00000000    0.00471371  0.00000000   -0.01062736  0.00000000
  0.00471371  0.00000000    0.03630191  0.00000000   -0.02600612  0.00000000
 -0.01062736  0.00000000   -0.02600612  0.00000000    0.04161185  0.00000000

     Dynamical  Matrix in cartesian axes

     q = (    0.125000000   0.375000000  -0.250000000 ) 

    1    1
  0.02507878  0.00000000    0.01062736  0.00000000   -0.00471371  0.00000000
  0.01062736  0.00000000    0.04161185  0.00000000   -0.02600612  0.00000000
 -0.00471371  0.00000000   -0.02600612  0.00000000    0.03630191  0.00000000

     Dynamical  Matrix in cartesian axes

     q = (    0.250000000  -0.375000000  -0.125000000 ) 

    1    1
  0.03630191  0.00000000   -0.02600612  0.00000000   -0.00471371  0.00000000
 -0.02600612  0.00000000    0.04161185  0.00000000    0.01062736  0.00000000
 -0.00471371  0.00000000    0.01062736  0.00000000    0.02507878  0.00000000

     Dynamical  Matrix in cartesian axes

     q = (   -0.375000000   0.125000000  -0.250000000 ) 

    1    1
  0.04161185  0.00000000   -0.01062736  0.00000000    0.02600612  0.00000000
 -0.01062736  0.00000000    0.02507878  0.00000000   -0.00471371  0.00000000
  0.02600612  0.00000000   -0.00471371  0.00000000    0.03630191  0.00000000

     Dynamical  Matrix in cartesian axes

     q = (    0.375000000   0.125000000   0.250000000 ) 

    1    1
  0.04161185  0.00000000    0.01062736  0.00000000    0.02600612  0.00000000
  0.01062736  0.00000000    0.02507878  0.00000000    0.00471371  0.00000000
  0.02600612  0.00000000    0.00471371  0.00000000    0.03630191  0.00000000

     Dynamical  Matrix in cartesian axes

     q = (    0.250000000   0.125000000   0.375000000 ) 

    1    1
  0.03630191  0.00000000    0.00471371  0.00000000    0.02600612  0.00000000
  0.00471371  0.00000000    0.02507878  0.00000000    0.01062736  0.00000000
  0.02600612  0.00000000    0.01062736  0.00000000    0.04161185  0.00000000

     Dynamical  Matrix in cartesian axes

     q = (   -0.375000000  -0.125000000   0.250000000 ) 

    1    1
  0.04161185  0.00000000    0.01062736  0.00000000   -0.02600612  0.00000000
  0.01062736  0.00000000    0.02507878  0.00000000   -0.00471371  0.00000000
 -0.02600612  0.00000000   -0.00471371  0.00000000    0.03630191  0.00000000

     Dynamical  Matrix in cartesian axes

     q = (    0.375000000  -0.125000000  -0.250000000 ) 

    1    1
  0.04161185  0.00000000   -0.01062736  0.00000000   -0.02600612  0.00000000
 -0.01062736  0.00000000    0.02507878  0.00000000    0.00471371  0.00000000
 -0.02600612  0.00000000    0.00471371  0.00000000    0.03630191  0.00000000

     Dynamical  Matrix in cartesian axes

     q = (    0.125000000  -0.250000000  -0.375000000 ) 

    1    1
  0.02507878  0.00000000   -0.00471371  0.00000000   -0.01062736  0.00000000
 -0.00471371  0.00000000    0.03630191  0.00000000    0.02600612  0.00000000
 -0.01062736  0.00000000    0.02600612  0.00000000    0.04161185  0.00000000

     Dynamical  Matrix in cartesian axes

     q = (    0.250000000  -0.125000000  -0.375000000 ) 

    1    1
  0.03630191  0.00000000   -0.00471371  0.00000000   -0.02600612  0.00000000
 -0.00471371  0.00000000    0.02507878  0.00000000    0.01062736  0.00000000
 -0.02600612  0.00000000    0.01062736  0.00000000    0.04161185  0.00000000

     Dynamical  Matrix in cartesian axes

     q = (   -0.250000000   0.125000000  -0.375000000 ) 

    1    1
  0.03630191  0.00000000   -0.00471371  0.00000000    0.02600612  0.00000000
 -0.00471371  0.00000000    0.02507878  0.00000000   -0.01062736  0.00000000
  0.02600612  0.00000000   -0.01062736  0.00000000    0.04161185  0.00000000

     Dynamical  Matrix in cartesian axes

     q = (   -0.375000000  -0.250000000   0.125000000 ) 

    1    1
  0.04161185  0.00000000    0.02600612  0.00000000   -0.01062736  0.00000000
  0.02600612  0.00000000    0.03630191  0.00000000   -0.00471371  0.00000000
 -0.01062736  0.00000000   -0.00471371  0.00000000    0.02507878  0.00000000

     Dynamical  Matrix in cartesian axes

     q = (   -0.375000000   0.250000000  -0.125000000 ) 

    1    1
  0.04161185  0.00000000   -0.02600612  0.00000000    0.01062736  0.00000000
 -0.02600612  0.00000000    0.03630191  0.00000000   -0.00471371  0.00000000
  0.01062736  0.00000000   -0.00471371  0.00000000    0.02507878  0.00000000

     Dynamical  Matrix in cartesian axes

     q = (    0.375000000   0.250000000   0.125000000 ) 

    1    1
  0.04161185  0.00000000    0.02600612  0.00000000    0.01062736  0.00000000
  0.02600612  0.00000000    0.03630191  0.00000000    0.00471371  0.00000000
  0.01062736  0.00000000    0.00471371  0.00000000    0.02507878  0.00000000

     Dynamical  Matrix in cartesian axes

     q = (    0.250000000  -0.125000000   0.375000000 ) 

    1    1
  0.03630191  0.00000000   -0.00471371  0.00000000    0.02600612  0.00000000
 -0.00471371  0.00000000    0.02507878  0.00000000   -0.01062736  0.00000000
  0.02600612  0.00000000   -0.01062736  0.00000000    0.04161185  0.00000000

     Dynamical  Matrix in cartesian axes

     q = (   -0.250000000   0.375000000  -0.125000000 ) 

    1    1
  0.03630191  0.00000000   -0.02600612  0.00000000    0.00471371  0.00000000
 -0.02600612  0.00000000    0.04161185  0.00000000   -0.01062736  0.00000000
  0.00471371  0.00000000   -0.01062736  0.00000000    0.02507878  0.00000000

     Dynamical  Matrix in cartesian axes

     q = (    0.125000000  -0.375000000  -0.250000000 ) 

    1    1
  0.02507878  0.00000000   -0.01062736  0.00000000   -0.00471371  0.00000000
 -0.01062736  0.00000000    0.04161185  0.00000000    0.02600612  0.00000000
 -0.00471371  0.00000000    0.02600612  0.00000000    0.03630191  0.00000000

     Dynamical  Matrix in cartesian axes

     q = (    0.125000000   0.375000000   0.250000000 ) 

    1    1
  0.02507878  0.00000000    0.01062736  0.00000000    0.00471371  0.00000000
  0.01062736  0.00000000    0.04161185  0.00000000    0.02600612  0.00000000
  0.00471371  0.00000000    0.02600612  0.00000000    0.03630191  0.00000000

     Dynamical  Matrix in cartesian axes

     q = (    0.250000000   0.125000000  -0.375000000 ) 

    1    1
  0.03630191  0.00000000    0.00471371  0.00000000   -0.02600612  0.00000000
  0.00471371  0.00000000    0.02507878  0.00000000   -0.01062736  0.00000000
 -0.02600612  0.00000000   -0.01062736  0.00000000    0.04161185  0.00000000

     Dynamical  Matrix in cartesian axes

     q = (   -0.125000000  -0.250000000  -0.375000000 ) 

    1    1
  0.02507878  0.00000000    0.00471371  0.00000000    0.01062736  0.00000000
  0.00471371  0.00000000    0.03630191  0.00000000    0.02600612  0.00000000
  0.01062736  0.00000000    0.02600612  0.00000000    0.04161185  0.00000000

     Dynamical  Matrix in cartesian axes

     q = (   -0.250000000   0.125000000   0.375000000 ) 

    1    1
  0.03630191  0.00000000   -0.00471371  0.00000000   -0.02600612  0.00000000
 -0.00471371  0.00000000    0.02507878  0.00000000    0.01062736  0.00000000
 -0.02600612  0.00000000    0.01062736  0.00000000    0.04161185  0.00000000

     Dynamical  Matrix in cartesian axes

     q = (   -0.125000000   0.375000000   0.250000000 ) 

    1    1
  0.02507878  0.00000000   -0.01062736  0.00000000   -0.00471371  0.00000000
 -0.01062736  0.00000000    0.04161185  0.00000000    0.02600612  0.00000000
 -0.00471371  0.00000000    0.02600612  0.00000000    0.03630191  0.00000000

     Dynamical  Matrix in cartesian axes

     q = (   -0.125000000   0.250000000   0.375000000 ) 

    1    1
  0.02507878  0.00000000   -0.00471371  0.00000000   -0.01062736  0.00000000
 -0.00471371  0.00000000    0.03630191  0.00000000    0.02600612  0.00000000
 -0.01062736  0.00000000    0.02600612  0.00000000    0.04161185  0.00000000

     Dynamical  Matrix in cartesian axes

     q = (    0.125000000  -0.250000000   0.375000000 ) 

    1    1
  0.02507878  0.00000000   -0.00471371  0.00000000    0.01062736  0.00000000
 -0.00471371  0.00000000    0.03630191  0.00000000   -0.02600612  0.00000000
  0.01062736  0.00000000   -0.02600612  0.00000000    0.04161185  0.00000000

     Dynamical  Matrix in cartesian axes

     q = (   -0.125000000  -0.375000000  -0.250000000 ) 

    1    1
  0.02507878  0.00000000    0.01062736  0.00000000    0.00471371  0.00000000
  0.01062736  0.00000000    0.04161185  0.00000000    0.02600612  0.00000000
  0.00471371  0.00000000    0.02600612  0.00000000    0.03630191  0.00000000

     Dynamical  Matrix in cartesian axes

     q = (    0.125000000   0.250000000   0.375000000 ) 

    1    1
  0.02507878  0.00000000    0.00471371  0.00000000    0.01062736  0.00000000
  0.00471371  0.00000000    0.03630191  0.00000000    0.02600612  0.00000000
  0.01062736  0.00000000    0.02600612  0.00000000    0.04161185  0.00000000

     Dynamical  Matrix in cartesian axes

     q = (    0.375000000  -0.250000000  -0.125000000 ) 

    1    1
  0.04161185  0.00000000   -0.02600612  0.00000000   -0.01062736  0.00000000
 -0.02600612  0.00000000    0.03630191  0.00000000    0.00471371  0.00000000
 -0.01062736  0.00000000    0.00471371  0.00000000    0.02507878  0.00000000

     Dynamical  Matrix in cartesian axes

     q = (    0.250000000   0.375000000   0.125000000 ) 

    1    1
  0.03630191  0.00000000    0.02600612  0.00000000    0.00471371  0.00000000
  0.02600612  0.00000000    0.04161185  0.00000000    0.01062736  0.00000000
  0.00471371  0.00000000    0.01062736  0.00000000    0.02507878  0.00000000

     Dynamical  Matrix in cartesian axes

     q = (   -0.250000000  -0.375000000   0.125000000 ) 

    1    1
  0.03630191  0.00000000    0.02600612  0.00000000   -0.00471371  0.00000000
  0.02600612  0.00000000    0.04161185  0.00000000   -0.01062736  0.00000000
 -0.00471371  0.00000000   -0.01062736  0.00000000    0.02507878  0.00000000

     Dynamical  Matrix in cartesian axes

     q = (    0.375000000   0.250000000  -0.125000000 ) 

    1    1
  0.04161185  0.00000000    0.02600612  0.00000000   -0.01062736  0.00000000
  0.02600612  0.00000000    0.03630191  0.00000000   -0.00471371  0.00000000
 -0.01062736  0.00000000   -0.00471371  0.00000000    0.02507878  0.00000000

     Dynamical  Matrix in cartesian axes

     q = (   -0.375000000   0.250000000   0.125000000 ) 

    1    1
  0.04161185  0.00000000   -0.02600612  0.00000000   -0.01062736  0.00000000
 -0.02600612  0.00000000    0.03630191  0.00000000    0.00471371  0.00000000
 -0.01062736  0.00000000    0.00471371  0.00000000    0.02507878  0.00000000

     Dynamical  Matrix in cartesian axes

     q = (    0.375000000  -0.250000000   0.125000000 ) 

    1    1
  0.04161185  0.00000000   -0.02600612  0.00000000    0.01062736  0.00000000
 -0.02600612  0.00000000    0.03630191  0.00000000   -0.00471371  0.00000000
  0.01062736  0.00000000   -0.00471371  0.00000000    0.02507878  0.00000000

     Dynamical  Matrix in cartesian axes

     q = (   -0.375000000  -0.250000000  -0.125000000 ) 

    1    1
  0.04161185  0.00000000    0.02600612  0.00000000    0.01062736  0.00000000
  0.02600612  0.00000000    0.03630191  0.00000000    0.00471371  0.00000000
  0.01062736  0.00000000    0.00471371  0.00000000    0.02507878  0.00000000

     Dynamical  Matrix in cartesian axes

     q = (   -0.250000000  -0.125000000  -0.375000000 ) 

    1    1
  0.03630191  0.00000000    0.00471371  0.00000000    0.02600612  0.00000000
  0.00471371  0.00000000    0.02507878  0.00000000    0.01062736  0.00000000
  0.02600612  0.00000000    0.01062736  0.00000000    0.04161185  0.00000000

     Dynamical  Matrix in cartesian axes

     q = (    0.250000000  -0.375000000   0.125000000 ) 

    1    1
  0.03630191  0.00000000   -0.02600612  0.00000000    0.00471371  0.00000000
 -0.02600612  0.00000000    0.04161185  0.00000000   -0.01062736  0.00000000
  0.00471371  0.00000000   -0.01062736  0.00000000    0.02507878  0.00000000

     Dynamical  Matrix in cartesian axes

     q = (   -0.250000000  -0.375000000  -0.125000000 ) 

    1    1
  0.03630191  0.00000000    0.02600612  0.00000000    0.00471371  0.00000000
  0.02600612  0.00000000    0.04161185  0.00000000    0.01062736  0.00000000
  0.00471371  0.00000000    0.01062736  0.00000000    0.02507878  0.00000000

     Dynamical  Matrix in cartesian axes

     q = (    0.250000000   0.375000000  -0.125000000 ) 

    1    1
  0.03630191  0.00000000    0.02600612  0.00000000   -0.00471371  0.00000000
  0.02600612  0.00000000    0.04161185  0.00000000   -0.01062736  0.00000000
 -0.00471371  0.00000000   -0.01062736  0.00000000    0.02507878  0.00000000

     Dynamical  Matrix in cartesian axes

     q = (   -0.250000000   0.375000000   0.125000000 ) 

    1    1
  0.03630191  0.00000000   -0.02600612  0.00000000   -0.00471371  0.00000000
 -0.02600612  0.00000000    0.04161185  0.00000000    0.01062736  0.00000000
 -0.00471371  0.00000000    0.01062736  0.00000000    0.02507878  0.00000000

     Dynamical  Matrix in cartesian axes

     q = (   -0.375000000   0.125000000   0.250000000 ) 

    1    1
  0.04161185  0.00000000   -0.01062736  0.00000000   -0.02600612  0.00000000
 -0.01062736  0.00000000    0.02507878  0.00000000    0.00471371  0.00000000
 -0.02600612  0.00000000    0.00471371  0.00000000    0.03630191  0.00000000

     Dynamical  Matrix in cartesian axes

     q = (   -0.375000000  -0.125000000  -0.250000000 ) 

    1    1
  0.04161185  0.00000000    0.01062736  0.00000000    0.02600612  0.00000000
  0.01062736  0.00000000    0.02507878  0.00000000    0.00471371  0.00000000
  0.02600612  0.00000000    0.00471371  0.00000000    0.03630191  0.00000000

     Dynamical  Matrix in cartesian axes

     q = (    0.375000000  -0.125000000   0.250000000 ) 

    1    1
  0.04161185  0.00000000   -0.01062736  0.00000000    0.02600612  0.00000000
 -0.01062736  0.00000000    0.02507878  0.00000000   -0.00471371  0.00000000
  0.02600612  0.00000000   -0.00471371  0.00000000    0.03630191  0.00000000

     Dynamical  Matrix in cartesian axes

     q = (    0.375000000   0.125000000  -0.250000000 ) 

    1    1
  0.04161185  0.00000000    0.01062736  0.00000000   -0.02600612  0.00000000
  0.01062736  0.00000000    0.02507878  0.00000000   -0.00471371  0.00000000
 -0.02600612  0.00000000   -0.00471371  0.00000000    0.03630191  0.00000000

     Diagonalizing the dynamical matrix

     q = (   -0.125000000  -0.250000000   0.375000000 ) 

 **************************************************************************
     freq (    1) =       2.451788 [THz] =      81.782848 [cm-1]
 (  0.308320 -0.000000  0.661707 -0.000000  0.683435  0.000000 ) 
     freq (    2) =       3.476155 [THz] =     115.952055 [cm-1]
 (  0.917644  0.000000 -0.396243  0.000000 -0.030335  0.000000 ) 
     freq (    3) =       5.924697 [THz] =     197.626625 [cm-1]
 ( -0.250734  0.000000 -0.636503  0.000000  0.729381  0.000000 ) 
 **************************************************************************
