Dynamical matrix file
                                                                           
  1    1  3  6.8050906  0.0000000  0.0000000  0.0000000  0.0000000  0.0000000
           1  'Na  '    20954.103126620943     
    1    1      0.0000000000      0.0000000000      0.0000000000

     Dynamical  Matrix in cartesian axes

     q = (   -0.125000000   0.625000000  -0.500000000 ) 

    1    1
  0.03374497  0.00000000    0.00083266  0.00000000   -0.00870273  0.00000000
  0.00083266  0.00000000    0.05327366  0.00000000   -0.03978098  0.00000000
 -0.00870273  0.00000000   -0.03978098  0.00000000    0.05626903  0.00000000

     Dynamical  Matrix in cartesian axes

     q = (    0.625000000  -0.125000000  -0.500000000 ) 

    1    1
  0.05327366  0.00000000    0.00083266  0.00000000   -0.03978098  0.00000000
  0.00083266  0.00000000    0.03374497  0.00000000   -0.00870273  0.00000000
 -0.03978098  0.00000000   -0.00870273  0.00000000    0.05626903  0.00000000

     Dynamical  Matrix in cartesian axes

     q = (   -0.125000000   0.500000000  -0.625000000 ) 

    1    1
  0.03374497  0.00000000    0.00870273  0.00000000   -0.00083266  0.00000000
  0.00870273  0.00000000    0.05626903  0.00000000   -0.03978098  0.00000000
 -0.00083266  0.00000000   -0.03978098  0.00000000    0.05327366  0.00000000

     Dynamical  Matrix in cartesian axes

     q = (    0.125000000   0.500000000  -0.625000000 ) 

    1    1
  0.03374497  0.00000000   -0.00870273  0.00000000    0.00083266  0.00000000
 -0.00870273  0.00000000    0.05626903  0.00000000   -0.03978098  0.00000000
  0.00083266  0.00000000   -0.03978098  0.00000000    0.05327366  0.00000000

     Dynamical  Matrix in cartesian axes

     q = (   -0.125000000  -0.625000000   0.500000000 ) 

    1    1
  0.03374497  0.00000000   -0.00083266  0.00000000    0.00870273  0.00000000
 -0.00083266  0.00000000    0.05327366  0.00000000   -0.03978098  0.00000000
  0.00870273  0.00000000   -0.03978098  0.00000000    0.05626903  0.00000000

     Dynamical  Matrix in cartesian axes

     q = (   -0.125000000  -0.500000000   0.625000000 ) 

    1    1
  0.03374497  0.00000000   -0.00870273  0.00000000    0.00083266  0.00000000
 -0.00870273  0.00000000    0.05626903  0.00000000   -0.03978098  0.00000000
  0.00083266  0.00000000   -0.03978098  0.00000000    0.05327366  0.00000000

     Dynamical  Matrix in cartesian axes

     q = (    0.125000000  -0.625000000   0.500000000 ) 

    1    1
  0.03374497  0.00000000    0.00083266  0.00000000   -0.00870273  0.00000000
  0.00083266  0.00000000    0.05327366  0.00000000   -0.03978098  0.00000000
 -0.00870273  0.00000000   -0.03978098  0.00000000    0.05626903  0.00000000

     Dynamical  Matrix in cartesian axes

     q = (    0.125000000  -0.500000000   0.625000000 ) 

    1    1
  0.03374497  0.00000000    0.00870273  0.00000000   -0.00083266  0.00000000
  0.00870273  0.00000000    0.05626903  0.00000000   -0.03978098  0.00000000
 -0.00083266  0.00000000   -0.03978098  0.00000000    0.05327366  0.00000000

     Dynamical  Matrix in cartesian axes

     q = (   -0.625000000   0.500000000  -0.125000000 ) 

    1    1
  0.05327366  0.00000000   -0.03978098  0.00000000   -0.00083266  0.00000000
 -0.03978098  0.00000000    0.05626903  0.00000000    0.00870273  0.00000000
 -0.00083266  0.00000000    0.00870273  0.00000000    0.03374497  0.00000000

     Dynamical  Matrix in cartesian axes

     q = (    0.500000000   0.125000000   0.625000000 ) 

    1    1
  0.05626903  0.00000000   -0.00870273  0.00000000    0.03978098  0.00000000
 -0.00870273  0.00000000    0.03374497  0.00000000   -0.00083266  0.00000000
  0.03978098  0.00000000   -0.00083266  0.00000000    0.05327366  0.00000000

     Dynamical  Matrix in cartesian axes

     q = (   -0.500000000   0.125000000  -0.625000000 ) 

    1    1
  0.05626903  0.00000000    0.00870273  0.00000000    0.03978098  0.00000000
  0.00870273  0.00000000    0.03374497  0.00000000    0.00083266  0.00000000
  0.03978098  0.00000000    0.00083266  0.00000000    0.05327366  0.00000000

     Dynamical  Matrix in cartesian axes

     q = (   -0.625000000   0.125000000  -0.500000000 ) 

    1    1
  0.05327366  0.00000000    0.00083266  0.00000000    0.03978098  0.00000000
  0.00083266  0.00000000    0.03374497  0.00000000    0.00870273  0.00000000
  0.03978098  0.00000000    0.00870273  0.00000000    0.05626903  0.00000000

     Dynamical  Matrix in cartesian axes

     q = (    0.500000000  -0.125000000  -0.625000000 ) 

    1    1
  0.05626903  0.00000000    0.00870273  0.00000000   -0.03978098  0.00000000
  0.00870273  0.00000000    0.03374497  0.00000000   -0.00083266  0.00000000
 -0.03978098  0.00000000   -0.00083266  0.00000000    0.05327366  0.00000000

     Dynamical  Matrix in cartesian axes

     q = (   -0.500000000  -0.125000000   0.625000000 ) 

    1    1
  0.05626903  0.00000000   -0.00870273  0.00000000   -0.03978098  0.00000000
 -0.00870273  0.00000000    0.03374497  0.00000000    0.00083266  0.00000000
 -0.03978098  0.00000000    0.00083266  0.00000000    0.05327366  0.00000000

     Dynamical  Matrix in cartesian axes

     q = (    0.125000000   0.625000000   0.500000000 ) 

    1    1
  0.03374497  0.00000000   -0.00083266  0.00000000   -0.00870273  0.00000000
 -0.00083266  0.00000000    0.05327366  0.00000000    0.03978098  0.00000000
 -0.00870273  0.00000000    0.03978098  0.00000000    0.05626903  0.00000000

     Dynamical  Matrix in cartesian axes

     q = (   -0.625000000  -0.125000000   0.500000000 ) 

    1    1
  0.05327366  0.00000000   -0.00083266  0.00000000   -0.03978098  0.00000000
 -0.00083266  0.00000000    0.03374497  0.00000000    0.00870273  0.00000000
 -0.03978098  0.00000000    0.00870273  0.00000000    0.05626903  0.00000000

     Dynamical  Matrix in cartesian axes

     q = (    0.625000000   0.125000000   0.500000000 ) 

    1    1
  0.05327366  0.00000000   -0.00083266  0.00000000    0.03978098  0.00000000
 -0.00083266  0.00000000    0.03374497  0.00000000   -0.00870273  0.00000000
  0.03978098  0.00000000   -0.00870273  0.00000000    0.05626903  0.00000000

     Dynamical  Matrix in cartesian axes

     q = (    0.500000000   0.625000000   0.125000000 ) 

    1    1
  0.05626903  0.00000000    0.03978098  0.00000000   -0.00870273  0.00000000
  0.03978098  0.00000000    0.05327366  0.00000000   -0.00083266  0.00000000
 -0.00870273  0.00000000   -0.00083266  0.00000000    0.03374497  0.00000000

     Dynamical  Matrix in cartesian axes

     q = (    0.500000000  -0.625000000  -0.125000000 ) 

    1    1
  0.05626903  0.00000000   -0.03978098  0.00000000    0.00870273  0.00000000
 -0.03978098  0.00000000    0.05327366  0.00000000   -0.00083266  0.00000000
  0.00870273  0.00000000   -0.00083266  0.00000000    0.03374497  0.00000000

     Dynamical  Matrix in cartesian axes

     q = (   -0.500000000  -0.625000000   0.125000000 ) 

    1    1
  0.05626903  0.00000000    0.03978098  0.00000000    0.00870273  0.00000000
  0.03978098  0.00000000    0.05327366  0.00000000    0.00083266  0.00000000
  0.00870273  0.00000000    0.00083266  0.00000000    0.03374497  0.00000000

     Dynamical  Matrix in cartesian axes

     q = (   -0.625000000  -0.125000000  -0.500000000 ) 

    1    1
  0.05327366  0.00000000   -0.00083266  0.00000000    0.03978098  0.00000000
 -0.00083266  0.00000000    0.03374497  0.00000000   -0.00870273  0.00000000
  0.03978098  0.00000000   -0.00870273  0.00000000    0.05626903  0.00000000

     Dynamical  Matrix in cartesian axes

     q = (    0.625000000  -0.500000000  -0.125000000 ) 

    1    1
  0.05327366  0.00000000   -0.03978098  0.00000000    0.00083266  0.00000000
 -0.03978098  0.00000000    0.05626903  0.00000000   -0.00870273  0.00000000
  0.00083266  0.00000000   -0.00870273  0.00000000    0.03374497  0.00000000

     Dynamical  Matrix in cartesian axes

     q = (    0.125000000   0.500000000   0.625000000 ) 

    1    1
  0.03374497  0.00000000   -0.00870273  0.00000000   -0.00083266  0.00000000
 -0.00870273  0.00000000    0.05626903  0.00000000    0.03978098  0.00000000
 -0.00083266  0.00000000    0.03978098  0.00000000    0.05327366  0.00000000

     Dynamical  Matrix in cartesian axes

     q = (    0.125000000  -0.500000000  -0.625000000 ) 

    1    1
  0.03374497  0.00000000    0.00870273  0.00000000    0.00083266  0.00000000
  0.00870273  0.00000000    0.05626903  0.00000000    0.03978098  0.00000000
  0.00083266  0.00000000    0.03978098  0.00000000    0.05327366  0.00000000

     Dynamical  Matrix in cartesian axes

     q = (   -0.625000000   0.125000000   0.500000000 ) 

    1    1
  0.05327366  0.00000000    0.00083266  0.00000000   -0.03978098  0.00000000
  0.00083266  0.00000000    0.03374497  0.00000000   -0.00870273  0.00000000
 -0.03978098  0.00000000   -0.00870273  0.00000000    0.05626903  0.00000000

     Dynamical  Matrix in cartesian axes

     q = (   -0.125000000   0.625000000   0.500000000 ) 

    1    1
  0.03374497  0.00000000    0.00083266  0.00000000    0.00870273  0.00000000
  0.00083266  0.00000000    0.05327366  0.00000000    0.03978098  0.00000000
  0.00870273  0.00000000    0.03978098  0.00000000    0.05626903  0.00000000

     Dynamical  Matrix in cartesian axes

     q = (    0.625000000   0.125000000  -0.500000000 ) 

    1    1
  0.05327366  0.00000000   -0.00083266  0.00000000   -0.03978098  0.00000000
 -0.00083266  0.00000000    0.03374497  0.00000000    0.00870273  0.00000000
 -0.03978098  0.00000000    0.00870273  0.00000000    0.05626903  0.00000000

     Dynamical  Matrix in cartesian axes

     q = (   -0.125000000  -0.500000000  -0.625000000 ) 

    1    1
  0.03374497  0.00000000   -0.00870273  0.00000000   -0.00083266  0.00000000
 -0.00870273  0.00000000    0.05626903  0.00000000    0.03978098  0.00000000
 -0.00083266  0.00000000    0.03978098  0.00000000    0.05327366  0.00000000

     Dynamical  Matrix in cartesian axes

     q = (   -0.125000000  -0.625000000  -0.500000000 ) 

    1    1
  0.03374497  0.00000000   -0.00083266  0.00000000   -0.00870273  0.00000000
 -0.00083266  0.00000000    0.05327366  0.00000000    0.03978098  0.00000000
 -0.00870273  0.00000000    0.03978098  0.00000000    0.05626903  0.00000000

     Dynamical  Matrix in cartesian axes

     q = (    0.125000000   0.625000000  -0.500000000 ) 

    1    1
  0.03374497  0.00000000   -0.00083266  0.00000000    0.00870273  0.00000000
 -0.00083266  0.00000000    0.05327366  0.00000000   -0.03978098  0.00000000
  0.00870273  0.00000000   -0.03978098  0.00000000    0.05626903  0.00000000

     Dynamical  Matrix in cartesian axes

     q = (   -0.125000000   0.500000000   0.625000000 ) 

    1    1
  0.03374497  0.00000000    0.00870273  0.00000000    0.00083266  0.00000000
  0.00870273  0.00000000    0.05626903  0.00000000    0.03978098  0.00000000
  0.00083266  0.00000000    0.03978098  0.00000000    0.05327366  0.00000000

     Dynamical  Matrix in cartesian axes

     q = (    0.125000000  -0.625000000  -0.500000000 ) 

    1    1
  0.03374497  0.00000000    0.00083266  0.00000000    0.00870273  0.00000000
  0.00083266  0.00000000    0.05327366  0.00000000    0.03978098  0.00000000
  0.00870273  0.00000000    0.03978098  0.00000000    0.05626903  0.00000000

     Dynamical  Matrix in cartesian axes

     q = (   -0.500000000   0.625000000  -0.125000000 ) 

    1    1
  0.05626903  0.00000000   -0.03978098  0.00000000   -0.00870273  0.00000000
 -0.03978098  0.00000000    0.05327366  0.00000000    0.00083266  0.00000000
 -0.00870273  0.00000000    0.00083266  0.00000000    0.03374497  0.00000000

     Dynamical  Matrix in cartesian axes

     q = (   -0.625000000  -0.500000000   0.125000000 ) 

    1    1
  0.05327366  0.00000000    0.03978098  0.00000000    0.00083266  0.00000000
  0.03978098  0.00000000    0.05626903  0.00000000    0.00870273  0.00000000
  0.00083266  0.00000000    0.00870273  0.00000000    0.03374497  0.00000000

     Dynamical  Matrix in cartesian axes

     q = (    0.625000000   0.500000000   0.125000000 ) 

    1    1
  0.05327366  0.00000000    0.03978098  0.00000000   -0.00083266  0.00000000
  0.03978098  0.00000000    0.05626903  0.00000000   -0.00870273  0.00000000
 -0.00083266  0.00000000   -0.00870273  0.00000000    0.03374497  0.00000000

     Dynamical  Matrix in cartesian axes

     q = (   -0.500000000  -0.625000000  -0.125000000 ) 

    1    1
  0.05626903  0.00000000    0.03978098  0.00000000   -0.00870273  0.00000000
  0.03978098  0.00000000    0.05327366  0.00000000   -0.00083266  0.00000000
 -0.00870273  0.00000000   -0.00083266  0.00000000    0.03374497  0.00000000

     Dynamical  Matrix in cartesian axes

     q = (    0.500000000  -0.625000000   0.125000000 ) 

    1    1
  0.05626903  0.00000000   -0.03978098  0.00000000   -0.00870273  0.00000000
 -0.03978098  0.00000000    0.05327366  0.00000000    0.00083266  0.00000000
 -0.00870273  0.00000000    0.00083266  0.00000000    0.03374497  0.00000000

     Dynamical  Matrix in cartesian axes

     q = (   -0.500000000   0.625000000   0.125000000 ) 

    1    1
  0.05626903  0.00000000   -0.03978098  0.00000000    0.00870273  0.00000000
 -0.03978098  0.00000000    0.05327366  0.00000000   -0.00083266  0.00000000
  0.00870273  0.00000000   -0.00083266  0.00000000    0.03374497  0.00000000

     Dynamical  Matrix in cartesian axes

     q = (    0.500000000   0.625000000  -0.125000000 ) 

    1    1
  0.05626903  0.00000000    0.03978098  0.00000000    0.00870273  0.00000000
  0.03978098  0.00000000    0.05327366  0.00000000    0.00083266  0.00000000
  0.00870273  0.00000000    0.00083266  0.00000000    0.03374497  0.00000000

     Dynamical  Matrix in cartesian axes

     q = (    0.625000000  -0.125000000   0.500000000 ) 

    1    1
  0.05327366  0.00000000    0.00083266  0.00000000    0.03978098  0.00000000
  0.00083266  0.00000000    0.03374497  0.00000000    0.00870273  0.00000000
  0.03978098  0.00000000    0.00870273  0.00000000    0.05626903  0.00000000

     Dynamical  Matrix in cartesian axes

     q = (   -0.625000000   0.500000000   0.125000000 ) 

    1    1
  0.05327366  0.00000000   -0.03978098  0.00000000    0.00083266  0.00000000
 -0.03978098  0.00000000    0.05626903  0.00000000   -0.00870273  0.00000000
  0.00083266  0.00000000   -0.00870273  0.00000000    0.03374497  0.00000000

     Dynamical  Matrix in cartesian axes

     q = (    0.625000000   0.500000000  -0.125000000 ) 

    1    1
  0.05327366  0.00000000    0.03978098  0.00000000    0.00083266  0.00000000
  0.03978098  0.00000000    0.05626903  0.00000000    0.00870273  0.00000000
  0.00083266  0.00000000    0.00870273  0.00000000    0.03374497  0.00000000

     Dynamical  Matrix in cartesian axes

     q = (   -0.625000000  -0.500000000  -0.125000000 ) 

    1    1
  0.05327366  0.00000000    0.03978098  0.00000000   -0.00083266  0.00000000
  0.03978098  0.00000000    0.05626903  0.00000000   -0.00870273  0.00000000
 -0.00083266  0.00000000   -0.00870273  0.00000000    0.03374497  0.00000000

     Dynamical  Matrix in cartesian axes

     q = (    0.625000000  -0.500000000   0.125000000 ) 

    1    1
  0.05327366  0.00000000   -0.03978098  0.00000000   -0.00083266  0.00000000
 -0.03978098  0.00000000    0.05626903  0.00000000    0.00870273  0.00000000
 -0.00083266  0.00000000    0.00870273  0.00000000    0.03374497  0.00000000

     Dynamical  Matrix in cartesian axes

     q = (    0.500000000   0.125000000  -0.625000000 ) 

    1    1
  0.05626903  0.00000000   -0.00870273  0.00000000   -0.03978098  0.00000000
 -0.00870273  0.00000000    0.03374497  0.00000000    0.00083266  0.00000000
 -0.03978098  0.00000000    0.00083266  0.00000000    0.05327366  0.00000000

     Dynamical  Matrix in cartesian axes

     q = (    0.500000000  -0.125000000   0.625000000 ) 

    1    1
  0.05626903  0.00000000    0.00870273  0.00000000    0.03978098  0.00000000
  0.00870273  0.00000000    0.03374497  0.00000000    0.00083266  0.00000000
  0.03978098  0.00000000    0.00083266  0.00000000    0.05327366  0.00000000

     Dynamical  Matrix in cartesian axes

     q = (   -0.500000000  -0.125000000  -0.625000000 ) 

    1    1
  0.05626903  0.00000000   -0.00870273  0.00000000    0.03978098  0.00000000
 -0.00870273  0.00000000    0.03374497  0.00000000   -0.00083266  0.00000000
  0.03978098  0.00000000   -0.00083266  0.00000000    0.05327366  0.00000000

     Dynamical  Matrix in cartesian axes

     q = (   -0.500000000   0.125000000   0.625000000 ) 

    1    1
  0.05626903  0.00000000    0.00870273  0.00000000   -0.03978098  0.00000000
  0.00870273  0.00000000    0.03374497  0.00000000   -0.00083266  0.00000000
 -0.03978098  0.00000000   -0.00083266  0.00000000    0.05327366  0.00000000

     Diagonalizing the dynamical matrix

     q = (   -0.125000000   0.625000000  -0.500000000 ) 

 **************************************************************************
     freq (    1) =       2.636905 [THz] =      87.957680 [cm-1]
 (  0.265917 -0.000000  0.678596 -0.000000  0.684686  0.000000 ) 
     freq (    2) =       4.220101 [THz] =     140.767413 [cm-1]
 (  0.957572  0.000000 -0.267805  0.000000 -0.106477  0.000000 ) 
     freq (    3) =       7.017647 [THz] =     234.083512 [cm-1]
 ( -0.111107  0.000000 -0.683950  0.000000  0.721018  0.000000 ) 
 **************************************************************************
